1393198259363	291.0	139.0	83.0	46.0
1393198259371	291.0	140.0	83.0	45.0
1393198259383	291.0	140.0	83.0	45.0
1393198259391	291.0	139.0	83.0	46.0
1393198259403	291.0	137.0	83.0	48.0
1393198259411	290.0	136.0	83.0	49.0
1393198259421	290.0	136.0	83.0	49.0
1393198259431	290.0	136.0	83.0	49.0
1393198259443	290.0	135.0	82.0	50.0
1393198259451	290.0	134.0	82.0	51.0
1393198259461	290.0	134.0	82.0	51.0
1393198259471	290.0	135.0	82.0	50.0
1393198259481	290.0	137.0	82.0	48.0
1393198259491	291.0	139.0	81.0	46.0
1393198259503	291.0	140.0	81.0	45.0
1393198259511	291.0	140.0	82.0	45.0
1393198259521	291.0	141.0	82.0	44.0
1393198259531	291.0	143.0	82.0	42.0
1393198259541	291.0	146.0	82.0	39.0
1393198259550	291.0	149.0	82.0	36.0
1393198259563	291.0	152.0	82.0	33.0
1393198259571	291.0	154.0	82.0	31.0
1393198259581	291.0	155.0	82.0	31.0
1393198259591	291.0	153.0	83.0	32.0
1393198259601	292.0	151.0	83.0	34.0
1393198259611	292.0	149.0	83.0	36.0
1393198259624	292.0	146.0	82.0	39.0
1393198259632	292.0	143.0	82.0	42.0
1393198259642	293.0	142.0	82.0	43.0
1393198259651	293.0	141.0	82.0	44.0
1393198259662	293.0	140.0	81.0	45.0
1393198259675	294.0	139.0	81.0	46.0
1393198259684	294.0	138.0	82.0	47.0
1393198259692	294.0	137.0	82.0	48.0
1393198259702	294.0	137.0	82.0	48.0
1393198259725	296.0	145.0	83.0	40.0
1393198259736	296.0	145.0	82.0	40.0
1393198259745	296.0	146.0	82.0	40.0
1393198259752	298.0	146.0	82.0	40.0
1393198259763	298.0	146.0	82.0	39.0
1393198259773	298.0	146.0	82.0	39.0
1393198259782	298.0	146.0	82.0	39.0
1393198259794	297.0	146.0	82.0	39.0
1393198259804	297.0	146.0	83.0	39.0
1393198259865	297.0	146.0	83.0	39.0
1393198259867	297.0	147.0	83.0	39.0
1393198259869	297.0	147.0	83.0	39.0
1393198259870	297.0	147.0	83.0	38.0
1393198259872	297.0	147.0	83.0	38.0
1393198259874	298.0	147.0	83.0	38.0
1393198259923	298.0	148.0	83.0	37.0
1393198259924	298.0	148.0	83.0	37.0
1393198259925	298.0	148.0	83.0	37.0
1393198259926	300.0	148.0	83.0	37.0
1393198259927	300.0	149.0	83.0	37.0
1393198259928	300.0	149.0	82.0	36.0
1393198259931	302.0	149.0	82.0	36.0
1393198259941	302.0	149.0	82.0	36.0
1393198259951	302.0	149.0	82.0	36.0
1393198259962	302.0	149.0	82.0	36.0
1393198259975	303.0	149.0	82.0	36.0
1393198259984	303.0	149.0	82.0	37.0
1393198259994	303.0	149.0	82.0	37.0
1393198260002	303.0	149.0	82.0	37.0
1393198260012	303.0	149.0	82.0	37.0
1393198260027	303.0	148.0	82.0	37.0
1393198260032	303.0	148.0	82.0	37.0
1393198260045	303.0	148.0	82.0	37.0
1393198260052	303.0	148.0	82.0	37.0
1393198260072	303.0	148.0	82.0	37.0
1393198260077	303.0	149.0	82.0	37.0
1393198260081	304.0	149.0	82.0	37.0
1393198260098	304.0	149.0	82.0	37.0
1393198260104	304.0	149.0	82.0	37.0
1393198260111	304.0	149.0	82.0	37.0
1393198260124	304.0	149.0	82.0	37.0
1393198260131	304.0	148.0	82.0	37.0
1393198260142	304.0	148.0	82.0	37.0
1393198260151	304.0	148.0	82.0	37.0
1393198260164	304.0	96.0	84.0	90.0
1393198260175	304.0	149.0	82.0	37.0
1393198260182	304.0	149.0	82.0	37.0
1393198260192	304.0	149.0	82.0	36.0
1393198260201	304.0	149.0	82.0	36.0
1393198260212	304.0	150.0	82.0	36.0
1393198260226	304.0	150.0	82.0	36.0
1393198260232	303.0	150.0	82.0	36.0
1393198260242	303.0	150.0	82.0	35.0
1393198260252	303.0	150.0	82.0	35.0
1393198260262	303.0	151.0	82.0	34.0
1393198260276	302.0	151.0	82.0	34.0
1393198260284	302.0	152.0	83.0	33.0
1393198260292	302.0	152.0	83.0	33.0
1393198260303	302.0	153.0	83.0	32.0
1393198260314	301.0	154.0	83.0	31.0
1393198260327	301.0	155.0	83.0	30.0
1393198260333	301.0	157.0	83.0	28.0
1393198260343	301.0	160.0	84.0	25.0
1393198260364	298.0	166.0	84.0	19.0
1393198260391	298.0	168.0	84.0	17.0
1393198260394	296.0	168.0	85.0	17.0
1393198260398	296.0	166.0	85.0	19.0
1393198260414	296.0	161.0	85.0	24.0
1393198260419	296.0	161.0	85.0	24.0
1393198260425	293.0	159.0	85.0	26.0
1393198260434	293.0	157.0	85.0	28.0
1393198260447	293.0	153.0	85.0	32.0
1393198260454	293.0	147.0	85.0	38.0
1393198260467	284.0	139.0	84.0	45.0
1393198260480	284.0	132.0	84.0	53.0
1393198260486	284.0	125.0	83.0	59.0
1393198260494	284.0	119.0	81.0	64.0
1393198260505	278.0	116.0	80.0	67.0
1393198260516	278.0	113.0	80.0	70.0
1393198260525	278.0	110.0	79.0	73.0
1393198260536	268.0	107.0	79.0	76.0
1393198260547	268.0	104.0	79.0	78.0
1393198260558	268.0	96.0	47.0	87.0
1393198260565	268.0	96.0	47.0	87.0
1393198260574	266.0	97.0	46.0	86.0
1393198260583	266.0	97.0	46.0	85.0
1393198260592	266.0	98.0	45.0	84.0
1393198260603	266.0	98.0	45.0	84.0
1393198260614	272.0	98.0	45.0	84.0
1393198260624	272.0	99.0	45.0	83.0
1393198260632	272.0	100.0	47.0	82.0
1393198260643	290.0	102.0	49.0	79.0
1393198260652	290.0	105.0	52.0	77.0
1393198260662	290.0	108.0	56.0	74.0
1393198260673	290.0	112.0	60.0	71.0
1393198260682	299.0	116.0	65.0	67.0
1393198260692	299.0	123.0	72.0	61.0
1393198260706	299.0	138.0	78.0	47.0
1393198260713	299.0	178.0	83.0	8.0
1393198260723	298.0	126.0	81.0	49.0
1393198260733	298.0	101.0	76.0	73.0
1393198260743	298.0	90.0	70.0	85.0
1393198260758	298.0	85.0	65.0	90.0
1393198260765	303.0	84.0	59.0	92.0
1393198260782	303.0	85.0	54.0	92.0
1393198260785	303.0	86.0	49.0	91.0
1393198260794	309.0	86.0	46.0	91.0
1393198260809	309.0	86.0	43.0	92.0
1393198260816	309.0	86.0	42.0	93.0
1393198260834	309.0	92.0	7.0	96.0
1393198260838	305.0	86.0	40.0	93.0
1393198260845	305.0	87.0	38.0	92.0
1393198260867	305.0	88.0	38.0	91.0
1393198260874	305.0	88.0	39.0	91.0
1393198260877	297.0	87.0	40.0	92.0
1393198260886	297.0	86.0	43.0	93.0
1393198260896	297.0	83.0	47.0	97.0
1393198260912	297.0	78.0	54.0	102.0
1393198260917	292.0	70.0	63.0	110.0
1393198260923	292.0	51.0	78.0	127.0
1393198260933	292.0	70.0	82.0	114.0
1393198260944	281.0	91.0	68.0	92.0
1393198260957	281.0	90.0	67.0	93.0
1393198260964	281.0	89.0	67.0	95.0
1393198260973	281.0	87.0	66.0	96.0
1393198260983	267.0	86.0	66.0	98.0
1393198261015	267.0	95.0	39.0	87.0
1393198261020	267.0	96.0	38.0	85.0
1393198261025	267.0	97.0	38.0	84.0
1393198261032	267.0	97.0	37.0	84.0
1393198261042	267.0	97.0	37.0	84.0
1393198261056	267.0	98.0	38.0	84.0
1393198261064	275.0	99.0	39.0	83.0
1393198261075	275.0	100.0	40.0	81.0
1393198261082	275.0	101.0	42.0	80.0
1393198261094	287.0	102.0	45.0	80.0
1393198261106	287.0	102.0	49.0	81.0
1393198261125	287.0	99.0	60.0	87.0
1393198261132	292.0	96.0	85.0	90.0
1393198261143	292.0	96.0	85.0	90.0
1393198261156	292.0	99.0	83.0	88.0
1393198261164	292.0	97.0	85.0	90.0
1393198261172	295.0	97.0	85.0	90.0
1393198261183	295.0	98.0	85.0	90.0
1393198261205	295.0	79.0	58.0	97.0
1393198261223	294.0	82.0	46.0	96.0
1393198261244	294.0	85.0	38.0	95.0
1393198261258	294.0	86.0	35.0	94.0
1393198261264	294.0	87.0	33.0	92.0
1393198261275	294.0	88.0	31.0	91.0
1393198261283	289.0	89.0	30.0	91.0
1393198261293	289.0	89.0	29.0	91.0
1393198261309	289.0	89.0	28.0	92.0
1393198261314	289.0	89.0	29.0	93.0
1393198261323	276.0	88.0	30.0	93.0
1393198261332	276.0	88.0	31.0	94.0
1393198261347	276.0	88.0	34.0	95.0
1393198261353	276.0	86.0	37.0	97.0
1393198261363	260.0	80.0	44.0	103.0
1393198261373	260.0	68.0	54.0	115.0
1393198261382	260.0	36.0	67.0	144.0
1393198261394	236.0	35.0	67.0	145.0
1393198261405	236.0	33.0	67.0	147.0
1393198261413	236.0	31.0	67.0	149.0
1393198261424	236.0	28.0	68.0	152.0
1393198261435	236.0	25.0	69.0	154.0
1393198261446	236.0	23.0	70.0	157.0
1393198261459	236.0	22.0	71.0	157.0
1393198261464	236.0	91.0	40.0	96.0
1393198261477	259.0	93.0	39.0	92.0
1393198261484	259.0	94.0	39.0	91.0
1393198261493	259.0	94.0	85.0	90.0
1393198261505	260.0	94.0	42.0	92.0
1393198261515	260.0	94.0	45.0	92.0
1393198261531	260.0	96.0	48.0	90.0
1393198261540	260.0	98.0	51.0	86.0
1393198261546	273.0	102.0	55.0	82.0
1393198261564	273.0	92.0	8.0	92.0
1393198261565	273.0	107.0	67.0	78.0
1393198261573	273.0	110.0	75.0	76.0
1393198261585	276.0	111.0	84.0	76.0
1393198261593	276.0	75.0	87.0	99.0
1393198261604	276.0	75.0	77.0	99.0
1393198261614	276.0	77.0	67.0	99.0
1393198261624	274.0	80.0	59.0	97.0
1393198261635	274.0	83.0	52.0	95.0
1393198261644	274.0	84.0	47.0	94.0
1393198261656	273.0	85.0	43.0	94.0
1393198261667	273.0	85.0	39.0	95.0
1393198261683	273.0	86.0	37.0	95.0
1393198261686	273.0	87.0	35.0	94.0
1393198261694	270.0	88.0	34.0	93.0
1393198261706	270.0	89.0	33.0	91.0
1393198261714	270.0	90.0	33.0	90.0
1393198261725	270.0	91.0	33.0	89.0
1393198261738	263.0	91.0	34.0	89.0
1393198261744	263.0	90.0	36.0	89.0
1393198261755	263.0	90.0	39.0	90.0
1393198261765	263.0	90.0	44.0	90.0
1393198261774	253.0	89.0	50.0	90.0
1393198261788	253.0	87.0	59.0	92.0
1393198261795	253.0	80.0	70.0	99.0
1393198261805	243.0	50.0	82.0	128.0
1393198261814	243.0	59.0	79.0	125.0
1393198261824	243.0	60.0	78.0	124.0
1393198261838	243.0	62.0	77.0	122.0
1393198261845	237.0	63.0	76.0	120.0
1393198261856	237.0	65.0	75.0	119.0
1393198261865	237.0	65.0	75.0	119.0
1393198261875	237.0	87.0	42.0	101.0
1393198261888	240.0	89.0	41.0	99.0
1393198261894	240.0	90.0	40.0	98.0
1393198261905	240.0	90.0	40.0	97.0
1393198261917	240.0	91.0	40.0	96.0
1393198261925	255.0	91.0	40.0	96.0
1393198261937	255.0	91.0	40.0	95.0
1393198261944	255.0	92.0	42.0	94.0
1393198261956	271.0	93.0	44.0	93.0
1393198261965	271.0	94.0	47.0	92.0
1393198261974	271.0	94.0	52.0	92.0
1393198261987	271.0	94.0	56.0	92.0
1393198261994	282.0	93.0	61.0	94.0
1393198262005	282.0	90.0	67.0	97.0
1393198262014	282.0	84.0	75.0	104.0
1393198262028	282.0	63.0	83.0	124.0
1393198262039	285.0	39.0	84.0	135.0
1393198262044	285.0	68.0	76.0	106.0
1393198262063	285.0	74.0	68.0	101.0
1393198262069	285.0	77.0	61.0	99.0
1393198262073	290.0	80.0	55.0	97.0
1393198262086	290.0	82.0	51.0	95.0
1393198262093	290.0	85.0	47.0	93.0
1393198262109	294.0	87.0	44.0	91.0
1393198262119	294.0	94.0	2.0	79.0
1393198262124	294.0	89.0	37.0	89.0
1393198262135	294.0	89.0	35.0	89.0
1393198262144	289.0	89.0	32.0	90.0
1393198262153	289.0	90.0	31.0	90.0
1393198262165	289.0	91.0	29.0	89.0
1393198262174	289.0	91.0	28.0	88.0
1393198262188	278.0	91.0	28.0	88.0
1393198262201	278.0	91.0	29.0	89.0
1393198262214	278.0	94.0	2.0	103.0
1393198262217	268.0	90.0	32.0	91.0
1393198262225	268.0	89.0	36.0	93.0
1393198262249	268.0	87.0	40.0	95.0
1393198262252	268.0	84.0	47.0	98.0
1393198262255	255.0	78.0	56.0	103.0
1393198262266	255.0	65.0	68.0	115.0
1393198262289	255.0	6.0	79.0	172.0
1393198262295	246.0	0.0	79.0	177.0
1393198262314	246.0	2.0	4.0	3.0
1393198262316	246.0	10.0	78.0	173.0
1393198262326	246.0	13.0	79.0	170.0
1393198262336	251.0	15.0	79.0	169.0
1393198262345	251.0	93.0	85.0	90.0
1393198262355	251.0	93.0	45.0	93.0
1393198262382	264.0	94.0	46.0	92.0
1393198262389	264.0	94.0	46.0	91.0
1393198262394	264.0	95.0	47.0	91.0
1393198262397	264.0	95.0	49.0	90.0
1393198262411	272.0	97.0	51.0	88.0
1393198262416	272.0	98.0	54.0	87.0
1393198262426	272.0	96.0	85.0	90.0
1393198262438	272.0	98.0	64.0	88.0
1393198262445	283.0	97.0	85.0	90.0
1393198262455	283.0	90.0	78.0	97.0
1393198262468	283.0	63.0	86.0	124.0
1393198262477	283.0	50.0	84.0	123.0
1393198262485	285.0	67.0	75.0	107.0
1393198262495	285.0	73.0	67.0	101.0
1393198262506	285.0	78.0	60.0	98.0
1393198262515	292.0	81.0	54.0	96.0
1393198262525	292.0	81.0	50.0	96.0
1393198262535	292.0	81.0	46.0	97.0
1393198262545	292.0	82.0	43.0	98.0
1393198262555	292.0	83.0	40.0	98.0
1393198262571	292.0	84.0	36.0	97.0
1393198262575	292.0	85.0	33.0	96.0
1393198262589	292.0	87.0	31.0	95.0
1393198262595	289.0	87.0	29.0	95.0
1393198262605	289.0	88.0	28.0	95.0
1393198262621	289.0	88.0	28.0	94.0
1393198262626	289.0	88.0	28.0	94.0
1393198262639	280.0	89.0	28.0	93.0
1393198262645	280.0	89.0	29.0	93.0
1393198262656	280.0	89.0	31.0	93.0
1393198262672	261.0	88.0	34.0	95.0
1393198262675	261.0	86.0	40.0	98.0
1393198262688	261.0	80.0	48.0	103.0
1393198262695	261.0	68.0	60.0	114.0
1393198262706	243.0	30.0	73.0	149.0
1393198262721	243.0	41.0	72.0	144.0
1393198262725	243.0	43.0	71.0	142.0
1393198262739	243.0	44.0	71.0	140.0
1393198262746	235.0	46.0	70.0	138.0
1393198262756	235.0	48.0	69.0	137.0
1393198262770	235.0	48.0	69.0	136.0
1393198262776	235.0	49.0	69.0	136.0
1393198262788	241.0	88.0	40.0	100.0
1393198262795	241.0	90.0	40.0	97.0
1393198262806	241.0	91.0	41.0	95.0
1393198262822	253.0	91.0	42.0	95.0
1393198262827	253.0	91.0	43.0	95.0
1393198262837	253.0	90.0	45.0	96.0
1393198262845	253.0	90.0	47.0	97.0
1393198262882	263.0	89.0	50.0	98.0
1393198262884	263.0	93.0	8.0	87.0
1393198262885	263.0	88.0	58.0	99.0
1393198262886	263.0	87.0	64.0	101.0
1393198262894	279.0	82.0	70.0	106.0
1393198262904	279.0	69.0	77.0	119.0
1393198262925	279.0	29.0	80.0	144.0
1393198262951	285.0	54.0	74.0	121.0
1393198262954	285.0	67.0	66.0	109.0
1393198262956	285.0	75.0	58.0	101.0
1393198262969	291.0	81.0	52.0	96.0
1393198262975	291.0	85.0	46.0	93.0
1393198262987	291.0	87.0	41.0	91.0
1393198262995	291.0	88.0	37.0	91.0
1393198263005	292.0	89.0	34.0	91.0
1393198263017	292.0	89.0	32.0	90.0
1393198263025	292.0	90.0	30.0	89.0
1393198263037	292.0	91.0	30.0	88.0
1393198263047	285.0	92.0	29.0	86.0
1393198263055	285.0	93.0	29.0	85.0
1393198263071	285.0	93.0	30.0	85.0
1393198263076	271.0	93.0	30.0	85.0
1393198263091	271.0	94.0	32.0	84.0
1393198263095	271.0	95.0	35.0	83.0
1393198263106	271.0	94.0	39.0	84.0
1393198263116	246.0	91.0	46.0	88.0
1393198263126	246.0	82.0	55.0	99.0
1393198263137	246.0	65.0	63.0	115.0
1393198263147	246.0	35.0	73.0	143.0
1393198263156	231.0	38.0	75.0	146.0
1393198263166	231.0	41.0	75.0	144.0
1393198263175	231.0	92.0	86.0	90.0
1393198263188	231.0	47.0	73.0	138.0
1393198263198	227.0	48.0	72.0	136.0
1393198263205	227.0	80.0	45.0	110.0
1393198263223	227.0	84.0	44.0	105.0
1393198263229	241.0	87.0	45.0	102.0
1393198263236	241.0	88.0	46.0	99.0
1393198263250	241.0	94.0	85.0	90.0
1393198263255	241.0	94.0	85.0	90.0
1393198263276	253.0	89.0	45.0	98.0
1393198263279	253.0	90.0	46.0	97.0
1393198263287	253.0	90.0	48.0	96.0
1393198263299	253.0	92.0	50.0	94.0
1393198263305	268.0	96.0	8.0	71.0
1393198263322	268.0	95.0	59.0	91.0
1393198263325	268.0	95.0	85.0	90.0
1393198263335	268.0	96.0	85.0	90.0
1393198263358	279.0	82.0	88.0	104.0
1393198263363	279.0	82.0	88.0	104.0
1393198263366	279.0	73.0	84.0	101.0
1393198263375	284.0	97.0	85.0	90.0
1393198263385	284.0	81.0	69.0	94.0
1393198263407	284.0	35.0	4.0	7.0
1393198263410	284.0	84.0	55.0	92.0
1393198263417	289.0	86.0	49.0	91.0
1393198263427	289.0	88.0	45.0	89.0
1393198263439	289.0	89.0	41.0	88.0
1393198263451	289.0	89.0	38.0	89.0
1393198263456	284.0	89.0	36.0	90.0
1393198263468	284.0	89.0	34.0	91.0
1393198263475	284.0	89.0	33.0	91.0
1393198263486	284.0	90.0	32.0	91.0
1393198263509	273.0	89.0	32.0	92.0
1393198263519	273.0	88.0	34.0	94.0
1393198263522	273.0	87.0	36.0	95.0
1393198263528	271.0	86.0	41.0	95.0
1393198263555	271.0	33.0	4.0	5.0
1393198263557	271.0	84.0	57.0	95.0
1393198263558	271.0	82.0	68.0	96.0
1393198263566	255.0	72.0	81.0	105.0
1393198263575	255.0	74.0	82.0	110.0
1393198263585	255.0	73.0	81.0	111.0
1393198263595	255.0	73.0	80.0	111.0
1393198263608	245.0	73.0	79.0	111.0
1393198263619	245.0	73.0	79.0	111.0
1393198263625	245.0	75.0	78.0	110.0
1393198263636	245.0	92.0	43.0	94.0
1393198263651	253.0	94.0	41.0	91.0
1393198263656	253.0	95.0	41.0	91.0
1393198263676	253.0	95.0	41.0	90.0
1393198263681	262.0	96.0	41.0	90.0
1393198263685	262.0	96.0	42.0	90.0
1393198263699	262.0	96.0	44.0	90.0
1393198263707	262.0	96.0	47.0	90.0
1393198263720	273.0	97.0	50.0	90.0
1393198263728	273.0	97.0	53.0	90.0
1393198263736	273.0	96.0	58.0	92.0
1393198263753	273.0	92.0	63.0	96.0
1393198263755	281.0	86.0	69.0	103.0
1393198263766	281.0	72.0	75.0	117.0
1393198263775	281.0	40.0	80.0	149.0
1393198263785	286.0	6.0	79.0	166.0
1393198263797	286.0	34.0	73.0	138.0
1393198263805	286.0	50.0	67.0	124.0
1393198263817	286.0	60.0	60.0	116.0
1393198263826	290.0	67.0	54.0	111.0
1393198263836	290.0	72.0	48.0	108.0
1393198263848	290.0	76.0	44.0	104.0
1393198263855	290.0	80.0	39.0	102.0
1393198263866	291.0	82.0	36.0	99.0
1393198263875	291.0	85.0	32.0	97.0
1393198263887	291.0	87.0	29.0	96.0
1393198263901	291.0	88.0	27.0	94.0
1393198263906	288.0	89.0	26.0	94.0
1393198263916	288.0	89.0	25.0	93.0
1393198263926	288.0	89.0	26.0	94.0
1393198263936	279.0	89.0	27.0	94.0
1393198263952	279.0	88.0	29.0	95.0
1393198263956	279.0	86.0	33.0	98.0
1393198263966	279.0	81.0	38.0	104.0
1393198263976	272.0	73.0	46.0	112.0
1393198263986	272.0	56.0	60.0	125.0
1393198263996	272.0	55.0	61.0	126.0
1393198264006	272.0	55.0	63.0	126.0
1393198264016	265.0	54.0	63.0	126.0
1393198264029	265.0	54.0	64.0	127.0
1393198264039	265.0	53.0	64.0	128.0
1393198264047	265.0	52.0	64.0	129.0
1393198264057	260.0	52.0	64.0	129.0
1393198264070	260.0	94.0	44.0	92.0
1393198264081	260.0	97.0	43.0	87.0
1393198264088	275.0	99.0	43.0	84.0
1393198264120	275.0	100.0	43.0	84.0
1393198264126	275.0	100.0	44.0	84.0
1393198264129	275.0	100.0	46.0	84.0
1393198264132	280.0	101.0	48.0	84.0
1393198264137	280.0	102.0	51.0	84.0
1393198264151	280.0	103.0	56.0	83.0
1393198264159	280.0	104.0	61.0	82.0
1393198264165	288.0	103.0	68.0	84.0
1393198264175	288.0	96.0	76.0	92.0
1393198264186	288.0	58.0	84.0	130.0
1393198264205	284.0	52.0	71.0	122.0
1393198264222	284.0	53.0	70.0	121.0
1393198264226	284.0	67.0	55.0	110.0
1393198264237	282.0	72.0	49.0	107.0
1393198264248	282.0	76.0	44.0	104.0
1393198264256	282.0	79.0	40.0	102.0
1393198264266	282.0	81.0	36.0	101.0
1393198264278	286.0	82.0	34.0	101.0
1393198264286	286.0	84.0	32.0	99.0
1393198264298	286.0	85.0	30.0	98.0
1393198264306	286.0	87.0	29.0	96.0
1393198264316	281.0	88.0	29.0	94.0
1393198264327	281.0	89.0	28.0	93.0
1393198264337	281.0	89.0	29.0	94.0
1393198264357	281.0	87.0	30.0	96.0
1393198264363	264.0	85.0	32.0	101.0
1393198264370	264.0	82.0	35.0	105.0
1393198264380	264.0	94.0	8.0	96.0
1393198264386	255.0	73.0	45.0	113.0
1393198264400	255.0	65.0	58.0	117.0
1393198264406	255.0	40.0	76.0	138.0
1393198264417	255.0	57.0	75.0	129.0
1393198264429	251.0	58.0	74.0	127.0
1393198264436	251.0	60.0	73.0	125.0
1393198264446	251.0	62.0	72.0	123.0
1393198264456	251.0	65.0	72.0	121.0
1393198264466	255.0	66.0	72.0	119.0
1393198264480	255.0	66.0	72.0	119.0
1393198264487	255.0	97.0	39.0	88.0
1393198264496	255.0	97.0	39.0	88.0
1393198264506	257.0	96.0	39.0	89.0
1393198264516	257.0	95.0	40.0	92.0
1393198264534	257.0	93.0	41.0	94.0
1393198264537	266.0	93.0	43.0	94.0
1393198264549	266.0	94.0	45.0	94.0
1393198264556	266.0	94.0	49.0	93.0
1393198264566	266.0	95.0	55.0	93.0
1393198264583	285.0	94.0	62.0	95.0
1393198264586	285.0	98.0	85.0	90.0
1393198264601	285.0	71.0	78.0	118.0
1393198264608	285.0	32.0	82.0	157.0
1393198264617	291.0	15.0	80.0	156.0
1393198264633	291.0	43.0	74.0	130.0
1393198264637	291.0	57.0	66.0	118.0
1393198264650	296.0	65.0	58.0	111.0
1393198264657	296.0	71.0	52.0	106.0
1393198264668	296.0	76.0	46.0	103.0
1393198264682	296.0	80.0	41.0	99.0
1393198264687	300.0	84.0	37.0	96.0
1393198264700	300.0	86.0	33.0	94.0
1393198264707	300.0	87.0	30.0	93.0
1393198264718	300.0	88.0	29.0	92.0
1393198264732	292.0	89.0	28.0	93.0
1393198264737	292.0	88.0	28.0	93.0
1393198264749	292.0	88.0	28.0	94.0
1393198264757	292.0	88.0	30.0	94.0
1393198264778	286.0	94.0	2.0	86.0
1393198264785	286.0	87.0	35.0	94.0
1393198264788	286.0	86.0	40.0	95.0
1393198264797	283.0	84.0	46.0	97.0
1393198264807	283.0	80.0	54.0	100.0
1393198264816	283.0	74.0	63.0	105.0
1393198264828	283.0	62.0	73.0	115.0
1393198264848	279.0	74.0	71.0	113.0
1393198264856	279.0	74.0	71.0	112.0
1393198264870	279.0	75.0	70.0	112.0
1393198264878	272.0	75.0	69.0	112.0
1393198264886	272.0	74.0	68.0	112.0
1393198264896	272.0	94.0	44.0	92.0
1393198264907	272.0	97.0	43.0	88.0
1393198264916	275.0	98.0	43.0	86.0
1393198264928	275.0	99.0	44.0	85.0
1393198264936	275.0	99.0	44.0	85.0
1393198264947	279.0	99.0	44.0	85.0
1393198264956	279.0	100.0	45.0	84.0
1393198264968	279.0	101.0	46.0	83.0
1393198264978	279.0	102.0	47.0	82.0
1393198264988	287.0	96.0	85.0	90.0
1393198264998	287.0	103.0	53.0	81.0
1393198265007	287.0	104.0	57.0	82.0
1393198265017	287.0	103.0	63.0	84.0
1393198265028	292.0	99.0	70.0	89.0
1393198265037	292.0	88.0	78.0	100.0
1393198265047	292.0	46.0	85.0	143.0
1393198265057	292.0	38.0	82.0	134.0
1393198265068	289.0	99.0	85.0	90.0
1393198265080	289.0	65.0	65.0	110.0
1393198265088	289.0	99.0	85.0	90.0
1393198265101	288.0	75.0	52.0	103.0
1393198265118	288.0	81.0	43.0	98.0
1393198265128	288.0	83.0	39.0	96.0
1393198265137	281.0	99.0	85.0	90.0
1393198265149	281.0	98.0	85.0	90.0
1393198265167	281.0	98.0	85.0	90.0
1393198265178	270.0	87.0	32.0	95.0
1393198265187	270.0	87.0	33.0	95.0
1393198265198	270.0	98.0	85.0	90.0
1393198265211	270.0	88.0	35.0	93.0
1393198265217	260.0	97.0	85.0	90.0
1393198265227	260.0	87.0	41.0	93.0
1393198265237	260.0	96.0	85.0	90.0
1393198265248	247.0	96.0	85.0	90.0
1393198265261	247.0	95.0	85.0	90.0
1393198265268	247.0	15.0	69.0	162.0
1393198265279	247.0	13.0	69.0	164.0
1393198265287	246.0	10.0	70.0	167.0
1393198265314	246.0	7.0	70.0	170.0
1393198265317	246.0	50.0	70.0	172.0
1393198265320	246.0	4.0	71.0	172.0
1393198265331	253.0	91.0	49.0	97.0
1393198265337	253.0	94.0	49.0	94.0
1393198265347	253.0	96.0	50.0	91.0
1393198265367	257.0	97.0	52.0	90.0
1393198265369	257.0	97.0	52.0	90.0
1393198265377	257.0	96.0	52.0	91.0
1393198265388	257.0	96.0	85.0	90.0
1393198265398	268.0	98.0	54.0	89.0
1393198265411	268.0	100.0	56.0	87.0
1393198265417	268.0	97.0	85.0	90.0
1393198265427	268.0	103.0	62.0	85.0
1393198265437	284.0	98.0	85.0	90.0
1393198265460	284.0	101.0	80.0	88.0
1393198265467	284.0	99.0	85.0	90.0
1393198265487	287.0	100.0	85.0	90.0
1393198265498	287.0	62.0	67.0	111.0
1393198265510	289.0	69.0	59.0	107.0
1393198265518	289.0	74.0	52.0	104.0
1393198265529	289.0	76.0	46.0	103.0
1393198265538	289.0	78.0	42.0	102.0
1393198265548	292.0	80.0	38.0	101.0
1393198265568	292.0	83.0	34.0	99.0
1393198265571	292.0	85.0	32.0	98.0
1393198265582	292.0	87.0	30.0	96.0
1393198265591	289.0	88.0	28.0	94.0
1393198265603	289.0	89.0	27.0	93.0
1393198265609	289.0	89.0	27.0	93.0
1393198265619	289.0	88.0	28.0	94.0
1393198265636	278.0	88.0	30.0	95.0
1393198265638	278.0	87.0	32.0	96.0
1393198265661	278.0	85.0	36.0	98.0
1393198265667	262.0	83.0	41.0	100.0
1393198265669	262.0	76.0	50.0	106.0
1393198265677	262.0	58.0	64.0	122.0
1393198265690	262.0	9.0	73.0	167.0
1393198265697	256.0	42.0	69.0	145.0
1393198265708	256.0	69.0	62.0	119.0
1393198265718	256.0	71.0	62.0	118.0
1393198265728	256.0	72.0	61.0	117.0
1393198265737	261.0	73.0	60.0	116.0
1393198265749	261.0	74.0	60.0	115.0
1393198265758	261.0	74.0	60.0	115.0
1393198265768	261.0	96.0	44.0	90.0
1393198265777	261.0	96.0	45.0	89.0
1393198265787	261.0	97.0	46.0	89.0
1393198265798	261.0	97.0	46.0	88.0
1393198265811	267.0	99.0	47.0	86.0
1393198265818	267.0	101.0	48.0	84.0
1393198265831	267.0	102.0	50.0	82.0
1393198265838	267.0	104.0	52.0	81.0
1393198265848	280.0	105.0	55.0	80.0
1393198265859	280.0	106.0	60.0	80.0
1393198265868	280.0	106.0	66.0	81.0
1393198265881	280.0	105.0	73.0	83.0
1393198265889	282.0	98.0	81.0	90.0
1393198265898	282.0	26.0	87.0	162.0
1393198265913	282.0	50.0	80.0	123.0
1393198265918	282.0	60.0	71.0	114.0
1393198265928	279.0	66.0	62.0	110.0
1393198265938	279.0	71.0	55.0	107.0
1393198265948	279.0	75.0	49.0	104.0
1393198265960	280.0	78.0	44.0	103.0
1393198265968	280.0	81.0	39.0	101.0
1393198265978	280.0	83.0	36.0	99.0
1393198265989	280.0	85.0	33.0	98.0
1393198265998	277.0	86.0	31.0	97.0
1393198266011	277.0	87.0	30.0	96.0
1393198266018	277.0	87.0	30.0	96.0
1393198266028	277.0	86.0	31.0	97.0
1393198266038	266.0	86.0	32.0	98.0
1393198266049	266.0	85.0	34.0	98.0
1393198266059	266.0	85.0	37.0	99.0
1393198266068	254.0	82.0	42.0	101.0
1393198266086	254.0	77.0	49.0	105.0
1393198266089	254.0	70.0	58.0	111.0
1393198266105	254.0	53.0	70.0	126.0
1393198266109	247.0	5.0	79.0	179.0
1393198266117	247.0	9.0	79.0	175.0
1393198266133	247.0	13.0	79.0	171.0
1393198266140	247.0	16.0	78.0	168.0
1393198266150	244.0	19.0	78.0	165.0
1393198266158	244.0	20.0	78.0	165.0
1393198266168	244.0	93.0	47.0	93.0
1393198266177	244.0	95.0	46.0	91.0
1393198266189	250.0	96.0	46.0	89.0
1393198266197	250.0	97.0	46.0	88.0
1393198266207	250.0	98.0	47.0	87.0
1393198266218	260.0	99.0	47.0	87.0
1393198266229	260.0	99.0	48.0	86.0
1393198266242	260.0	100.0	50.0	85.0
1393198266248	260.0	101.0	52.0	85.0
1393198266262	269.0	102.0	55.0	85.0
1393198266268	269.0	101.0	59.0	86.0
1393198266278	269.0	100.0	65.0	88.0
1393198266293	269.0	95.0	71.0	94.0
1393198266298	273.0	82.0	79.0	106.0
1393198266309	273.0	31.0	85.0	158.0
1393198266318	273.0	35.0	81.0	138.0
1393198266328	273.0	53.0	73.0	121.0
1393198266343	271.0	61.0	65.0	114.0
1393198266348	271.0	67.0	57.0	111.0
1393198266361	271.0	71.0	51.0	108.0
1393198266369	271.0	75.0	46.0	106.0
1393198266378	271.0	78.0	41.0	104.0
1393198266390	271.0	80.0	37.0	103.0
1393198266398	271.0	82.0	34.0	102.0
1393198266408	272.0	83.0	32.0	101.0
1393198266418	272.0	84.0	31.0	100.0
1393198266428	272.0	86.0	30.0	98.0
1393198266442	272.0	86.0	30.0	97.0
1393198266448	264.0	86.0	31.0	97.0
1393198266459	264.0	86.0	32.0	98.0
1393198266469	264.0	84.0	35.0	100.0
1393198266478	264.0	81.0	39.0	103.0
1393198266488	253.0	76.0	45.0	108.0
1393198266498	253.0	67.0	53.0	116.0
1393198266509	253.0	53.0	63.0	127.0
1393198266518	246.0	95.0	85.0	90.0
1393198266529	246.0	55.0	74.0	131.0
1393198266540	246.0	56.0	73.0	130.0
1393198266548	246.0	58.0	73.0	128.0
1393198266558	244.0	60.0	72.0	126.0
1393198266571	244.0	62.0	71.0	125.0
1393198266578	244.0	94.0	85.0	90.0
1393198266589	244.0	95.0	42.0	92.0
1393198266598	251.0	95.0	85.0	90.0
1393198266612	251.0	97.0	42.0	89.0
1393198266620	251.0	97.0	43.0	89.0
1393198266630	251.0	97.0	44.0	89.0
1393198266645	259.0	98.0	46.0	88.0
1393198266652	259.0	99.0	47.0	86.0
1393198266659	259.0	101.0	49.0	84.0
1393198266668	273.0	102.0	52.0	83.0
1393198266678	273.0	103.0	56.0	83.0
1393198266690	273.0	103.0	60.0	83.0
1393198266698	273.0	103.0	66.0	85.0
1393198266709	280.0	99.0	73.0	89.0
1393198266718	280.0	87.0	80.0	101.0
1393198266728	280.0	26.0	86.0	162.0
1393198266740	280.0	40.0	81.0	132.0
1393198266748	276.0	55.0	74.0	118.0
1393198266769	276.0	68.0	59.0	109.0
1393198266782	276.0	72.0	53.0	106.0
1393198266790	272.0	75.0	47.0	104.0
1393198266798	272.0	77.0	42.0	103.0
1393198266810	272.0	79.0	39.0	104.0
1393198266818	273.0	80.0	35.0	104.0
1393198266829	273.0	82.0	33.0	103.0
1393198266839	273.0	84.0	31.0	101.0
1393198266848	273.0	85.0	30.0	99.0
1393198266859	268.0	86.0	29.0	98.0
1393198266870	268.0	87.0	29.0	96.0
1393198266878	268.0	88.0	29.0	95.0
1393198266891	268.0	88.0	30.0	96.0
1393198266898	256.0	86.0	33.0	98.0
1393198266909	256.0	84.0	37.0	101.0
1393198266918	256.0	80.0	42.0	104.0
1393198266929	242.0	75.0	49.0	108.0
1393198266940	242.0	68.0	57.0	113.0
1393198266949	242.0	56.0	66.0	124.0
1393198266958	242.0	18.0	75.0	159.0
1393198266971	233.0	48.0	71.0	138.0
1393198266979	233.0	51.0	70.0	136.0
1393198266989	233.0	54.0	69.0	132.0
1393198266999	233.0	58.0	68.0	129.0
1393198267010	239.0	60.0	68.0	127.0
1393198267019	239.0	61.0	68.0	126.0
1393198267029	239.0	94.0	46.0	93.0
1393198267039	239.0	95.0	46.0	92.0
1393198267049	246.0	95.0	47.0	92.0
1393198267059	246.0	95.0	48.0	93.0
1393198267069	246.0	95.0	49.0	93.0
1393198267079	257.0	96.0	50.0	91.0
1393198267109	257.0	98.0	55.0	88.0
1393198267112	257.0	99.0	55.0	88.0
1393198267114	257.0	100.0	60.0	88.0
1393198267124	269.0	99.0	66.0	89.0
1393198267129	269.0	95.0	73.0	93.0
1393198267140	269.0	80.0	80.0	108.0
1393198267150	269.0	31.0	84.0	157.0
1393198267159	269.0	23.0	81.0	149.0
1393198267174	269.0	44.0	75.0	129.0
1393198267179	269.0	54.0	69.0	121.0
1393198267191	269.0	60.0	63.0	116.0
1393198267199	269.0	66.0	57.0	112.0
1393198267209	269.0	70.0	51.0	108.0
1393198267223	269.0	74.0	46.0	106.0
1393198267229	273.0	100.0	85.0	90.0
1393198267242	273.0	80.0	38.0	102.0
1393198267250	273.0	82.0	35.0	101.0
1393198267260	273.0	84.0	33.0	99.0
1393198267273	268.0	86.0	30.0	97.0
1393198267279	268.0	87.0	29.0	96.0
1393198267290	268.0	88.0	27.0	95.0
1393198267299	268.0	88.0	27.0	96.0
1393198267310	257.0	87.0	27.0	97.0
1393198267322	257.0	86.0	28.0	99.0
1393198267329	257.0	85.0	30.0	101.0
1393198267339	257.0	83.0	34.0	103.0
1393198267349	251.0	79.0	40.0	107.0
1393198267359	251.0	71.0	49.0	113.0
1393198267382	251.0	54.0	63.0	126.0
1393198267385	249.0	2.0	76.0	173.0
1393198267389	249.0	1.0	76.0	177.0
1393198267400	249.0	4.0	76.0	180.0
1393198267410	249.0	7.0	75.0	178.0
1393198267423	240.0	8.0	75.0	176.0
1393198267429	240.0	8.0	75.0	176.0
1393198267438	240.0	91.0	46.0	98.0
1393198267449	240.0	93.0	45.0	95.0
1393198267460	248.0	95.0	45.0	93.0
1393198267473	248.0	96.0	46.0	91.0
1393198267479	248.0	97.0	46.0	90.0
1393198267490	248.0	98.0	48.0	88.0
1393198267499	262.0	99.0	49.0	87.0
1393198267509	262.0	100.0	51.0	86.0
1393198267521	262.0	101.0	54.0	86.0
1393198267529	275.0	101.0	58.0	86.0
1393198267539	275.0	101.0	63.0	86.0
1393198267549	275.0	101.0	70.0	88.0
1393198267559	275.0	95.0	78.0	93.0
1393198267572	279.0	55.0	86.0	133.0
1393198267580	279.0	40.0	83.0	133.0
1393198267590	279.0	55.0	76.0	118.0
1393198267599	279.0	62.0	68.0	113.0
1393198267610	276.0	67.0	61.0	109.0
1393198267621	276.0	72.0	55.0	106.0
1393198267630	276.0	75.0	49.0	104.0
1393198267641	279.0	77.0	44.0	103.0
1393198267652	279.0	79.0	40.0	103.0
1393198267661	279.0	80.0	37.0	103.0
1393198267672	279.0	82.0	34.0	101.0
1393198267680	279.0	84.0	32.0	100.0
1393198267691	279.0	86.0	31.0	98.0
1393198267702	279.0	87.0	30.0	96.0
1393198267710	279.0	88.0	30.0	94.0
1393198267720	272.0	89.0	30.0	93.0
1393198267730	272.0	88.0	32.0	93.0
1393198267739	272.0	86.0	35.0	96.0
1393198267749	272.0	83.0	39.0	100.0
1393198267759	260.0	77.0	45.0	106.0
1393198267775	260.0	70.0	51.0	113.0
1393198267780	260.0	59.0	59.0	122.0
1393198267791	258.0	37.0	72.0	140.0
1393198267802	258.0	36.0	72.0	141.0
1393198267810	258.0	34.0	73.0	143.0
1393198267822	258.0	31.0	74.0	146.0
1393198267829	258.0	28.0	74.0	149.0
1393198267839	258.0	26.0	75.0	151.0
1393198267850	258.0	26.0	75.0	150.0
1393198267859	258.0	96.0	46.0	91.0
1393198267877	265.0	97.0	45.0	89.0
1393198267879	265.0	98.0	45.0	88.0
1393198267889	265.0	98.0	45.0	88.0
1393198267900	265.0	99.0	46.0	87.0
1393198267910	273.0	99.0	47.0	86.0
1393198267923	273.0	100.0	50.0	85.0
1393198267929	273.0	101.0	53.0	85.0
1393198267940	288.0	101.0	57.0	86.0
1393198267949	288.0	100.0	62.0	87.0
1393198267960	288.0	100.0	68.0	88.0
1393198267970	288.0	101.0	75.0	87.0
1393198267980	296.0	101.0	82.0	87.0
1393198267990	296.0	30.0	89.0	158.0
1393198268004	296.0	56.0	82.0	116.0
1393198268010	296.0	61.0	74.0	112.0
1393198268020	289.0	64.0	67.0	110.0
1393198268030	289.0	100.0	85.0	90.0
1393198268059	289.0	95.0	2.0	96.0
1393198268062	279.0	76.0	44.0	105.0
1393198268070	279.0	100.0	85.0	90.0
1393198268081	279.0	99.0	85.0	90.0
1393198268093	274.0	81.0	35.0	103.0
1393198268104	274.0	82.0	34.0	102.0
1393198268110	274.0	83.0	33.0	101.0
1393198268120	274.0	84.0	32.0	100.0
1393198268130	269.0	85.0	32.0	98.0
1393198268140	269.0	86.0	32.0	97.0
1393198268155	269.0	85.0	33.0	97.0
1393198268160	269.0	83.0	35.0	100.0
1393198268170	263.0	80.0	39.0	104.0
1393198268181	263.0	77.0	43.0	107.0
1393198268190	263.0	74.0	48.0	108.0
1393198268205	263.0	71.0	56.0	110.0
1393198268212	260.0	58.0	71.0	120.0
1393198268220	260.0	58.0	71.0	120.0
1393198268230	260.0	56.0	72.0	122.0
1393198268240	255.0	55.0	73.0	123.0
1393198268253	255.0	53.0	74.0	125.0
1393198268260	255.0	52.0	75.0	126.0
1393198268273	255.0	52.0	76.0	126.0
1393198268280	264.0	99.0	46.0	86.0
1393198268290	264.0	101.0	46.0	84.0
1393198268304	264.0	101.0	46.0	83.0
1393198268310	264.0	102.0	47.0	83.0
1393198268321	270.0	101.0	49.0	84.0
1393198268332	270.0	101.0	50.0	84.0
1393198268340	270.0	102.0	52.0	83.0
1393198268354	283.0	104.0	55.0	82.0
1393198268360	283.0	106.0	58.0	80.0
1393198268371	283.0	107.0	62.0	79.0
1393198268380	283.0	108.0	66.0	79.0
1393198268391	294.0	106.0	72.0	81.0
1393198268405	294.0	101.0	79.0	87.0
1393198268410	294.0	75.0	86.0	113.0
1393198268420	294.0	46.0	85.0	126.0
1393198268430	293.0	61.0	78.0	111.0
1393198268440	293.0	65.0	71.0	108.0
1393198268453	293.0	68.0	64.0	107.0
1393198268460	293.0	71.0	58.0	105.0
1393198268471	289.0	74.0	53.0	103.0
1393198268480	289.0	76.0	48.0	102.0
1393198268490	289.0	78.0	44.0	101.0
1393198268504	290.0	80.0	40.0	101.0
1393198268511	290.0	81.0	37.0	100.0
1393198268520	290.0	83.0	35.0	99.0
1393198268530	290.0	83.0	33.0	99.0
1393198268540	285.0	84.0	32.0	99.0
1393198268552	285.0	84.0	32.0	99.0
1393198268560	285.0	85.0	31.0	98.0
1393198268571	285.0	85.0	31.0	98.0
1393198268580	280.0	85.0	32.0	99.0
1393198268590	280.0	83.0	34.0	102.0
1393198268602	280.0	80.0	37.0	105.0
1393198268610	280.0	77.0	43.0	107.0
1393198268622	281.0	70.0	53.0	111.0
1393198268633	281.0	56.0	69.0	123.0
1393198268640	281.0	12.0	82.0	173.0
1393198268660	273.0	17.0	82.0	168.0
1393198268661	273.0	20.0	82.0	165.0
1393198268673	273.0	22.0	82.0	163.0
1393198268683	273.0	23.0	81.0	162.0
1393198268697	266.0	22.0	81.0	162.0
1393198268707	266.0	101.0	45.0	83.0
1393198268711	266.0	102.0	45.0	82.0
1393198268724	266.0	102.0	45.0	81.0
1393198268732	271.0	103.0	45.0	81.0
1393198268740	271.0	104.0	46.0	80.0
1393198268752	271.0	105.0	47.0	79.0
1393198268760	271.0	106.0	48.0	78.0
1393198268772	283.0	107.0	50.0	77.0
1393198268781	283.0	108.0	53.0	77.0
1393198268791	283.0	108.0	57.0	77.0
1393198268802	291.0	110.0	62.0	77.0
1393198268812	291.0	111.0	69.0	77.0
1393198268821	291.0	110.0	78.0	78.0
1393198268832	291.0	95.0	87.0	94.0
1393198268841	290.0	62.0	82.0	110.0
1393198268853	290.0	68.0	71.0	106.0
1393198268861	290.0	71.0	61.0	105.0
1393198268872	290.0	74.0	53.0	103.0
1393198268885	288.0	78.0	47.0	101.0
1393198268891	288.0	81.0	41.0	99.0
1393198268901	288.0	83.0	37.0	97.0
1393198268912	288.0	84.0	34.0	97.0
1393198268922	295.0	85.0	32.0	97.0
1393198268937	295.0	86.0	30.0	96.0
1393198268941	295.0	86.0	29.0	96.0
1393198268952	293.0	87.0	29.0	96.0
1393198268962	293.0	88.0	28.0	95.0
1393198268971	293.0	89.0	27.0	93.0
1393198268984	293.0	89.0	27.0	92.0
1393198268992	283.0	89.0	28.0	93.0
1393198269004	283.0	88.0	30.0	95.0
1393198269011	283.0	85.0	34.0	99.0
1393198269021	283.0	80.0	40.0	104.0
1393198269035	276.0	73.0	49.0	110.0
1393198269041	276.0	60.0	66.0	119.0
1393198269055	276.0	25.0	84.0	160.0
1393198269061	268.0	34.0	84.0	150.0
1393198269071	268.0	41.0	83.0	143.0
1393198269090	268.0	45.0	82.0	139.0
1393198269091	268.0	48.0	81.0	137.0
1393198269101	266.0	49.0	81.0	135.0
1393198269112	266.0	98.0	46.0	87.0
1393198269123	266.0	100.0	45.0	84.0
1393198269137	266.0	101.0	45.0	83.0
1393198269141	275.0	101.0	46.0	83.0
1393198269151	275.0	100.0	48.0	85.0
1393198269161	275.0	99.0	49.0	86.0
1393198269172	275.0	98.0	51.0	87.0
1393198269183	281.0	99.0	53.0	87.0
1393198269191	281.0	100.0	56.0	86.0
1393198269201	281.0	100.0	59.0	86.0
1393198269211	295.0	102.0	63.0	85.0
1393198269221	295.0	103.0	67.0	84.0
1393198269233	295.0	104.0	72.0	83.0
1393198269241	295.0	105.0	78.0	83.0
1393198269252	300.0	104.0	85.0	84.0
1393198269261	300.0	56.0	88.0	116.0
1393198269271	300.0	67.0	79.0	105.0
1393198269285	300.0	71.0	71.0	102.0
1393198269292	298.0	74.0	63.0	99.0
1393198269302	298.0	77.0	56.0	97.0
1393198269311	298.0	80.0	50.0	96.0
1393198269337	295.0	82.0	42.0	95.0
1393198269341	295.0	83.0	38.0	96.0
1393198269357	295.0	84.0	35.0	96.0
1393198269363	290.0	100.0	85.0	90.0
1393198269371	290.0	87.0	30.0	94.0
1393198269384	290.0	88.0	28.0	93.0
1393198269391	290.0	89.0	27.0	92.0
1393198269404	282.0	89.0	26.0	92.0
1393198269414	282.0	90.0	25.0	92.0
1393198269421	282.0	89.0	25.0	93.0
1393198269436	282.0	89.0	25.0	94.0
1393198269441	272.0	88.0	27.0	95.0
1393198269452	272.0	88.0	28.0	96.0
1393198269464	272.0	87.0	32.0	97.0
1393198269472	272.0	83.0	44.0	99.0
1393198269481	265.0	73.0	64.0	106.0
1393198269491	265.0	72.0	66.0	107.0
1393198269500	265.0	71.0	67.0	108.0
1393198269510	252.0	70.0	68.0	110.0
1393198269521	252.0	68.0	69.0	111.0
1393198269542	252.0	68.0	69.0	111.0
1393198269544	252.0	67.0	69.0	112.0
1393198269552	250.0	95.0	47.0	91.0
1393198269561	250.0	95.0	47.0	91.0
1393198269571	250.0	95.0	48.0	91.0
1393198269582	250.0	95.0	48.0	91.0
1393198269591	257.0	96.0	49.0	91.0
1393198269601	257.0	96.0	49.0	90.0
1393198269611	257.0	97.0	51.0	90.0
1393198269624	257.0	98.0	52.0	89.0
1393198269631	272.0	99.0	55.0	87.0
1393198269641	272.0	101.0	59.0	86.0
1393198269652	272.0	102.0	64.0	84.0
1393198269662	283.0	103.0	70.0	84.0
1393198269671	283.0	103.0	77.0	85.0
1393198269681	283.0	89.0	86.0	99.0
1393198269690	283.0	53.0	84.0	120.0
1393198269701	282.0	63.0	74.0	111.0
1393198269718	282.0	67.0	66.0	109.0
1393198269721	282.0	69.0	58.0	107.0
1393198269735	282.0	72.0	53.0	106.0
1393198269743	286.0	75.0	48.0	104.0
1393198269752	286.0	77.0	45.0	103.0
1393198269762	286.0	80.0	41.0	101.0
1393198269772	293.0	82.0	38.0	99.0
1393198269784	293.0	84.0	35.0	97.0
1393198269791	293.0	86.0	32.0	95.0
1393198269801	293.0	87.0	30.0	94.0
1393198269811	289.0	89.0	28.0	92.0
1393198269821	289.0	89.0	27.0	92.0
1393198269832	289.0	89.0	26.0	93.0
1393198269841	289.0	89.0	26.0	95.0
1393198269852	277.0	88.0	26.0	96.0
1393198269863	277.0	87.0	26.0	98.0
1393198269872	277.0	87.0	28.0	98.0
1393198269882	277.0	87.0	32.0	97.0
1393198269892	269.0	86.0	39.0	96.0
1393198269902	269.0	81.0	55.0	99.0
1393198269913	269.0	48.0	77.0	129.0
1393198269922	251.0	44.0	77.0	133.0
1393198269936	251.0	40.0	78.0	138.0
1393198269942	251.0	35.0	78.0	142.0
1393198269953	251.0	31.0	78.0	146.0
1393198269972	245.0	25.0	79.0	152.0
1393198269997	245.0	97.0	43.0	88.0
1393198269999	245.0	99.0	43.0	85.0
1393198270006	256.0	100.0	44.0	83.0
1393198270016	256.0	100.0	45.0	83.0
1393198270021	256.0	100.0	47.0	84.0
1393198270031	256.0	101.0	49.0	84.0
1393198270041	262.0	101.0	50.0	84.0
1393198270051	262.0	101.0	53.0	84.0
1393198270067	262.0	102.0	56.0	83.0
1393198270072	274.0	103.0	61.0	83.0
1393198270084	274.0	103.0	66.0	83.0
1393198270091	274.0	101.0	72.0	86.0
1393198270106	274.0	92.0	79.0	95.0
1393198270114	275.0	61.0	84.0	126.0
1393198270121	275.0	8.0	84.0	165.0
1393198270132	275.0	36.0	78.0	137.0
1393198270141	275.0	47.0	71.0	127.0
1393198270152	273.0	54.0	64.0	122.0
1393198270164	273.0	59.0	58.0	119.0
1393198270172	273.0	64.0	52.0	116.0
1393198270182	273.0	69.0	47.0	113.0
1393198270193	279.0	73.0	42.0	110.0
1393198270202	279.0	77.0	38.0	107.0
1393198270215	279.0	80.0	35.0	104.0
1393198270222	285.0	83.0	33.0	102.0
1393198270232	285.0	84.0	31.0	101.0
1393198270242	285.0	84.0	31.0	100.0
1393198270253	285.0	84.0	31.0	101.0
1393198270266	282.0	84.0	33.0	101.0
1393198270272	282.0	83.0	36.0	101.0
1393198270283	282.0	83.0	41.0	99.0
1393198270292	282.0	84.0	48.0	96.0
1393198270310	275.0	84.0	57.0	94.0
1393198270318	275.0	81.0	69.0	96.0
1393198270322	275.0	50.0	82.0	126.0
1393198270332	275.0	55.0	77.0	131.0
1393198270342	252.0	54.0	76.0	132.0
1393198270352	252.0	55.0	75.0	131.0
1393198270364	252.0	57.0	75.0	128.0
1393198270373	253.0	60.0	74.0	126.0
1393198270382	253.0	63.0	74.0	123.0
1393198270391	253.0	101.0	44.0	82.0
1393198270403	253.0	104.0	43.0	79.0
1393198270416	258.0	105.0	44.0	77.0
1393198270422	258.0	105.0	45.0	77.0
1393198270433	258.0	105.0	46.0	78.0
1393198270441	258.0	105.0	48.0	79.0
1393198270452	255.0	104.0	51.0	80.0
1393198270461	255.0	104.0	54.0	81.0
1393198270472	255.0	103.0	59.0	83.0
1393198270483	255.0	101.0	64.0	85.0
1393198270492	257.0	98.0	71.0	89.0
1393198270501	257.0	84.0	78.0	103.0
1393198270512	257.0	37.0	83.0	151.0
1393198270522	257.0	13.0	79.0	161.0
1393198270532	257.0	31.0	72.0	143.0
1393198270542	257.0	41.0	67.0	135.0
1393198270553	257.0	49.0	62.0	128.0
1393198270564	258.0	55.0	58.0	124.0
1393198270572	258.0	60.0	55.0	119.0
1393198270582	258.0	98.0	85.0	90.0
1393198270592	258.0	98.0	85.0	90.0
1393198270622	269.0	82.0	39.0	100.0
1393198270625	269.0	82.0	39.0	100.0
1393198270633	273.0	84.0	36.0	98.0
1393198270643	273.0	86.0	34.0	96.0
1393198270654	273.0	87.0	33.0	95.0
1393198270664	273.0	88.0	32.0	94.0
1393198270673	264.0	98.0	85.0	90.0
1393198270682	264.0	97.0	85.0	90.0
1393198270694	264.0	87.0	35.0	95.0
1393198270703	264.0	86.0	39.0	96.0
1393198270722	256.0	32.0	5.0	5.0
1393198270726	256.0	79.0	58.0	101.0
1393198270734	256.0	69.0	74.0	108.0
1393198270743	256.0	68.0	75.0	109.0
1393198270753	251.0	67.0	76.0	111.0
1393198270764	251.0	65.0	77.0	113.0
1393198270772	251.0	63.0	77.0	115.0
1393198270782	244.0	60.0	77.0	117.0
1393198270796	244.0	60.0	77.0	118.0
1393198270802	244.0	96.0	47.0	90.0
1393198270813	244.0	98.0	46.0	87.0
1393198270822	254.0	100.0	46.0	85.0
1393198270832	254.0	101.0	47.0	84.0
1393198270846	254.0	102.0	48.0	83.0
1393198270853	254.0	102.0	49.0	83.0
1393198270863	261.0	103.0	50.0	82.0
1393198270872	261.0	104.0	53.0	81.0
1393198270882	261.0	106.0	57.0	80.0
1393198270896	261.0	107.0	62.0	79.0
1393198270902	269.0	107.0	69.0	80.0
1393198270915	269.0	104.0	76.0	84.0
1393198270922	269.0	94.0	84.0	94.0
1393198270933	269.0	12.0	88.0	160.0
1393198270948	269.0	51.0	82.0	122.0
1393198270953	269.0	52.0	74.0	121.0
1393198270965	269.0	55.0	67.0	120.0
1393198270974	265.0	59.0	60.0	118.0
1393198270983	265.0	63.0	53.0	116.0
1393198270994	265.0	67.0	47.0	114.0
1393198271003	265.0	71.0	43.0	112.0
1393198271024	269.0	77.0	36.0	108.0
1393198271035	269.0	80.0	33.0	106.0
1393198271044	269.0	82.0	31.0	104.0
1393198271056	274.0	83.0	30.0	102.0
1393198271067	274.0	85.0	29.0	101.0
1393198271076	274.0	86.0	28.0	100.0
1393198271084	267.0	86.0	28.0	100.0
1393198271112	267.0	85.0	28.0	101.0
1393198271115	267.0	95.0	6.0	101.0
1393198271117	267.0	81.0	33.0	108.0
1393198271123	257.0	96.0	85.0	90.0
1393198271133	257.0	68.0	45.0	119.0
1393198271146	257.0	55.0	59.0	128.0
1393198271154	257.0	94.0	85.0	90.0
1393198271164	252.0	96.0	4.0	76.0
1393198271173	252.0	2.0	78.0	179.0
1393198271183	252.0	6.0	77.0	177.0
1393198271206	252.0	10.0	77.0	174.0
1393198271208	239.0	12.0	76.0	172.0
1393198271220	239.0	98.0	7.0	67.0
1393198271223	239.0	95.0	47.0	90.0
1393198271233	254.0	100.0	48.0	84.0
1393198271267	254.0	102.0	49.0	82.0
1393198271269	254.0	100.0	50.0	84.0
1393198271276	260.0	100.0	51.0	85.0
1393198271297	260.0	101.0	53.0	85.0
1393198271299	260.0	102.0	56.0	84.0
1393198271304	260.0	102.0	60.0	84.0
1393198271315	273.0	102.0	65.0	85.0
1393198271322	273.0	97.0	71.0	90.0
1393198271333	273.0	86.0	77.0	102.0
1393198271344	280.0	54.0	83.0	135.0
1393198271352	280.0	8.0	82.0	164.0
1393198271364	280.0	41.0	76.0	132.0
1393198271373	280.0	54.0	68.0	120.0
1393198271383	279.0	61.0	60.0	116.0
1393198271396	279.0	65.0	53.0	114.0
1393198271403	279.0	69.0	46.0	112.0
1393198271415	279.0	72.0	41.0	111.0
1393198271425	282.0	76.0	36.0	109.0
1393198271433	282.0	80.0	33.0	106.0
1393198271446	282.0	83.0	29.0	102.0
1393198271454	282.0	86.0	27.0	99.0
1393198271465	286.0	86.0	17.0	55.0
1393198271473	286.0	89.0	24.0	94.0
1393198271483	286.0	90.0	23.0	94.0
1393198271495	274.0	90.0	23.0	94.0
1393198271503	274.0	89.0	23.0	96.0
1393198271514	274.0	88.0	24.0	97.0
1393198271525	274.0	88.0	25.0	99.0
1393198271533	259.0	87.0	28.0	99.0
1393198271545	259.0	85.0	33.0	101.0
1393198271553	259.0	80.0	42.0	105.0
1393198271564	259.0	66.0	60.0	116.0
1393198271577	252.0	65.0	61.0	117.0
1393198271583	252.0	63.0	62.0	118.0
1393198271596	252.0	62.0	63.0	119.0
1393198271604	252.0	61.0	64.0	120.0
1393198271614	243.0	60.0	65.0	121.0
1393198271626	243.0	60.0	65.0	120.0
1393198271635	243.0	97.0	49.0	88.0
1393198271645	256.0	100.0	50.0	84.0
1393198271654	256.0	103.0	51.0	80.0
1393198271665	256.0	105.0	52.0	78.0
1393198271675	256.0	105.0	53.0	79.0
1393198271684	262.0	104.0	53.0	80.0
1393198271694	262.0	105.0	54.0	80.0
1393198271703	262.0	105.0	56.0	80.0
1393198271715	262.0	106.0	59.0	80.0
1393198271725	273.0	105.0	62.0	81.0
1393198271734	273.0	104.0	66.0	82.0
1393198271745	273.0	102.0	72.0	86.0
1393198271756	273.0	96.0	78.0	92.0
1393198271764	283.0	79.0	84.0	109.0
1393198271774	283.0	3.0	86.0	169.0
1393198271785	283.0	45.0	80.0	127.0
1393198271794	282.0	56.0	73.0	117.0
1393198271806	282.0	62.0	66.0	113.0
1393198271816	282.0	66.0	60.0	111.0
1393198271827	282.0	69.0	54.0	109.0
1393198271833	278.0	71.0	49.0	108.0
1393198271844	278.0	74.0	45.0	107.0
1393198271853	278.0	76.0	41.0	106.0
1393198271871	278.0	79.0	39.0	104.0
1393198271876	278.0	81.0	36.0	102.0
1393198271883	278.0	83.0	34.0	100.0
1393198271896	278.0	85.0	33.0	98.0
1393198271904	278.0	86.0	32.0	96.0
1393198271919	273.0	87.0	31.0	96.0
1393198271927	273.0	86.0	32.0	97.0
1393198271934	273.0	85.0	33.0	99.0
1393198271943	259.0	84.0	35.0	100.0
1393198271953	259.0	83.0	38.0	101.0
1393198271964	259.0	82.0	43.0	101.0
1393198271976	259.0	79.0	50.0	102.0
1393198271983	252.0	71.0	62.0	109.0
1393198271994	252.0	43.0	75.0	134.0
1393198272003	252.0	43.0	77.0	143.0
1393198272014	252.0	46.0	76.0	140.0
1393198272026	243.0	48.0	76.0	137.0
1393198272033	243.0	50.0	75.0	136.0
1393198272043	243.0	51.0	74.0	134.0
1393198272053	238.0	51.0	74.0	134.0
1393198272064	238.0	91.0	47.0	96.0
1393198272079	238.0	94.0	47.0	93.0
1393198272083	238.0	96.0	48.0	90.0
1393198272099	250.0	98.0	49.0	87.0
1393198272103	250.0	99.0	50.0	86.0
1393198272114	250.0	100.0	51.0	85.0
1393198272125	250.0	100.0	52.0	84.0
1393198272133	264.0	102.0	54.0	83.0
1393198272144	264.0	103.0	56.0	81.0
1393198272153	264.0	106.0	58.0	79.0
1393198272165	264.0	109.0	62.0	77.0
1393198272180	279.0	111.0	67.0	76.0
1393198272184	279.0	112.0	73.0	76.0
1393198272208	279.0	95.0	2.0	106.0
1393198272215	282.0	92.0	88.0	96.0
1393198272216	282.0	56.0	83.0	116.0
1393198272271	282.0	60.0	75.0	114.0
1393198272275	282.0	62.0	67.0	113.0
1393198272276	273.0	64.0	60.0	112.0
1393198272277	273.0	68.0	54.0	111.0
1393198272278	273.0	70.0	49.0	109.0
1393198272278	273.0	73.0	45.0	108.0
1393198272289	271.0	75.0	41.0	108.0
1393198272294	271.0	77.0	38.0	106.0
1393198272303	271.0	79.0	35.0	105.0
1393198272315	271.0	81.0	33.0	103.0
1393198272327	272.0	83.0	31.0	101.0
1393198272334	272.0	85.0	29.0	99.0
1393198272343	272.0	87.0	27.0	97.0
1393198272359	268.0	87.0	26.0	97.0
1393198272363	268.0	87.0	26.0	98.0
1393198272373	268.0	86.0	27.0	100.0
1393198272383	268.0	85.0	29.0	102.0
1393198272395	260.0	83.0	33.0	104.0
1393198272408	260.0	79.0	42.0	106.0
1393198272415	260.0	69.0	59.0	112.0
1393198272429	260.0	68.0	61.0	113.0
1393198272434	249.0	68.0	62.0	113.0
1393198272444	249.0	67.0	63.0	114.0
1393198272455	249.0	67.0	63.0	114.0
1393198272465	249.0	66.0	64.0	115.0
1393198272485	243.0	66.0	63.0	114.0
1393198272494	243.0	97.0	47.0	89.0
1393198272497	243.0	97.0	47.0	89.0
1393198272510	256.0	97.0	3.0	4.0
1393198272514	256.0	1.0	48.0	84.0
1393198272533	256.0	102.0	49.0	83.0
1393198272535	256.0	102.0	50.0	83.0
1393198272543	266.0	102.0	52.0	83.0
1393198272563	266.0	103.0	57.0	84.0
1393198272573	266.0	103.0	61.0	84.0
1393198272583	273.0	103.0	66.0	84.0
1393198272594	273.0	102.0	72.0	86.0
1393198272605	273.0	97.0	79.0	92.0
1393198272615	273.0	64.0	85.0	125.0
1393198272626	273.0	26.0	84.0	146.0
1393198272634	273.0	52.0	77.0	121.0
1393198272644	273.0	62.0	69.0	113.0
1393198272657	266.0	67.0	59.0	110.0
1393198272665	266.0	70.0	52.0	109.0
1393198272675	266.0	73.0	46.0	107.0
1393198272683	266.0	76.0	41.0	106.0
1393198272693	262.0	79.0	37.0	105.0
1393198272707	262.0	81.0	34.0	104.0
1393198272715	262.0	83.0	32.0	102.0
1393198272724	262.0	84.0	30.0	101.0
1393198272734	259.0	85.0	29.0	101.0
1393198272744	259.0	86.0	29.0	100.0
1393198272759	259.0	86.0	29.0	100.0
1393198272764	256.0	86.0	29.0	100.0
1393198272775	256.0	85.0	31.0	101.0
1393198272784	256.0	83.0	35.0	103.0
1393198272794	256.0	79.0	41.0	106.0
1393198272808	258.0	73.0	51.0	110.0
1393198272815	258.0	62.0	63.0	118.0
1393198272824	258.0	37.0	76.0	140.0
1393198272835	258.0	49.0	79.0	136.0
1393198272845	269.0	55.0	78.0	130.0
1393198272858	269.0	60.0	78.0	125.0
1393198272864	269.0	64.0	77.0	120.0
1393198272878	269.0	66.0	76.0	118.0
1393198272884	271.0	67.0	76.0	118.0
1393198272895	271.0	67.0	76.0	118.0
1393198272908	271.0	103.0	45.0	79.0
1393198272914	277.0	104.0	45.0	78.0
1393198272925	277.0	105.0	46.0	77.0
1393198272934	277.0	106.0	46.0	77.0
1393198272944	277.0	106.0	47.0	76.0
1393198272959	287.0	107.0	48.0	75.0
1393198272964	287.0	108.0	50.0	75.0
1393198272974	287.0	108.0	53.0	76.0
1393198272984	287.0	109.0	57.0	76.0
1393198272994	296.0	109.0	62.0	77.0
1393198273008	296.0	108.0	69.0	79.0
1393198273015	296.0	104.0	76.0	84.0
1393198273025	296.0	88.0	83.0	100.0
1393198273034	295.0	8.0	86.0	164.0
1393198273045	295.0	48.0	79.0	124.0
1393198273054	295.0	58.0	72.0	115.0
1393198273065	294.0	64.0	64.0	111.0
1393198273075	294.0	69.0	58.0	107.0
1393198273084	294.0	73.0	51.0	105.0
1393198273095	294.0	76.0	46.0	103.0
1393198273113	295.0	79.0	41.0	102.0
1393198273115	295.0	80.0	38.0	101.0
1393198273125	295.0	82.0	35.0	100.0
1393198273136	295.0	83.0	33.0	99.0
1393198273145	294.0	85.0	31.0	98.0
1393198273158	294.0	86.0	30.0	96.0
1393198273166	294.0	87.0	30.0	94.0
1393198273182	294.0	88.0	29.0	94.0
1393198273195	290.0	58.0	4.0	7.0
1393198273222	290.0	87.0	32.0	94.0
1393198273224	290.0	84.0	50.0	95.0
1393198273226	277.0	87.0	41.0	94.0
1393198273228	277.0	85.0	50.0	95.0
1393198273235	277.0	95.0	85.0	90.0
1393198273245	277.0	59.0	81.0	118.0
1393198273256	260.0	78.0	77.0	107.0
1393198273264	260.0	94.0	85.0	90.0
1393198273275	260.0	78.0	75.0	107.0
1393198273286	260.0	94.0	85.0	90.0
1393198273295	255.0	94.0	85.0	90.0
1393198273310	255.0	96.0	45.0	89.0
1393198273316	255.0	97.0	44.0	88.0
1393198273325	255.0	95.0	85.0	90.0
1393198273336	255.0	98.0	47.0	87.0
1393198273346	255.0	97.0	49.0	88.0
1393198273357	255.0	97.0	50.0	89.0
1393198273366	264.0	97.0	52.0	88.0
1393198273376	264.0	98.0	54.0	88.0
1393198273386	264.0	99.0	56.0	87.0
1393198273399	264.0	99.0	59.0	87.0
1393198273413	278.0	98.0	63.0	88.0
1393198273420	278.0	96.0	67.0	91.0
1393198273430	278.0	92.0	72.0	96.0
1393198273445	278.0	92.0	8.0	98.0
1393198273448	286.0	61.0	83.0	126.0
1393198273461	286.0	8.0	85.0	164.0
1393198273464	286.0	48.0	80.0	125.0
1393198273474	289.0	62.0	73.0	112.0
1393198273484	289.0	70.0	66.0	106.0
1393198273495	289.0	74.0	59.0	102.0
1393198273504	289.0	77.0	53.0	101.0
1393198273514	290.0	79.0	48.0	100.0
1393198273524	290.0	80.0	44.0	99.0
1393198273537	290.0	82.0	41.0	98.0
1393198273544	290.0	84.0	38.0	97.0
1393198273555	289.0	86.0	36.0	94.0
1393198273567	289.0	88.0	33.0	92.0
1393198273575	289.0	90.0	31.0	90.0
1393198273588	289.0	91.0	30.0	89.0
1393198273596	280.0	95.0	41.0	100.0
1393198273605	280.0	90.0	31.0	91.0
1393198273616	280.0	88.0	33.0	93.0
1393198273625	268.0	86.0	38.0	95.0
1393198273639	268.0	85.0	45.0	96.0
1393198273646	268.0	85.0	56.0	94.0
1393198273655	268.0	84.0	74.0	93.0
1393198273665	259.0	82.0	84.0	103.0
1393198273678	259.0	81.0	83.0	103.0
1393198273689	259.0	80.0	82.0	105.0
1393198273695	259.0	79.0	81.0	105.0
1393198273706	252.0	79.0	80.0	105.0
1393198273715	252.0	81.0	79.0	103.0
1393198273725	252.0	84.0	79.0	101.0
1393198273740	252.0	97.0	43.0	88.0
1393198273746	265.0	98.0	43.0	86.0
1393198273761	265.0	99.0	44.0	85.0
1393198273766	265.0	100.0	45.0	85.0
1393198273777	274.0	100.0	47.0	85.0
1393198273786	274.0	100.0	49.0	85.0
1393198273798	274.0	101.0	52.0	84.0
1393198273818	274.0	101.0	55.0	84.0
1393198273819	283.0	101.0	59.0	85.0
1393198273825	283.0	101.0	63.0	86.0
1393198273838	283.0	99.0	68.0	88.0
1393198273845	283.0	96.0	74.0	91.0
1393198273860	289.0	88.0	80.0	100.0
1393198273865	289.0	54.0	85.0	134.0
1393198273876	289.0	32.0	84.0	140.0
1393198273888	289.0	55.0	79.0	118.0
1393198273895	290.0	63.0	73.0	110.0
1393198273906	290.0	69.0	67.0	106.0
1393198273916	290.0	73.0	60.0	102.0
1393198273926	290.0	77.0	54.0	99.0
1393198273939	290.0	80.0	48.0	98.0
1393198273946	290.0	82.0	43.0	97.0
1393198273956	290.0	83.0	39.0	97.0
1393198273966	288.0	84.0	36.0	96.0
1393198273977	288.0	85.0	34.0	96.0
1393198273990	288.0	87.0	32.0	95.0
1393198273996	288.0	88.0	30.0	94.0
1393198274006	280.0	89.0	29.0	93.0
1393198274016	280.0	89.0	28.0	92.0
1393198274026	280.0	89.0	28.0	92.0
1393198274039	280.0	89.0	28.0	93.0
1393198274046	268.0	88.0	29.0	95.0
1393198274057	268.0	87.0	30.0	97.0
1393198274067	268.0	85.0	33.0	100.0
1393198274078	258.0	81.0	38.0	105.0
1393198274098	258.0	69.0	50.0	116.0
1393198274102	258.0	27.0	68.0	152.0
1393198274107	258.0	23.0	68.0	156.0
1393198274116	251.0	18.0	69.0	160.0
1393198274126	251.0	14.0	70.0	164.0
1393198274140	251.0	11.0	70.0	167.0
1393198274159	251.0	9.0	71.0	168.0
1393198274160	268.0	97.0	47.0	88.0
1393198274165	268.0	100.0	47.0	84.0
1393198274176	268.0	102.0	49.0	82.0
1393198274187	268.0	102.0	51.0	81.0
1393198274196	275.0	102.0	52.0	82.0
1393198274206	275.0	102.0	54.0	82.0
1393198274223	275.0	102.0	56.0	82.0
1393198274226	279.0	103.0	59.0	82.0
1393198274237	279.0	104.0	62.0	82.0
1393198274246	279.0	105.0	67.0	81.0
1393198274256	279.0	107.0	74.0	79.0
1393198274270	289.0	113.0	81.0	74.0
1393198274277	289.0	128.0	88.0	59.0
1393198274292	289.0	78.0	86.0	95.0
1393198274296	289.0	74.0	80.0	100.0
1393198274306	288.0	73.0	74.0	101.0
1393198274317	288.0	73.0	69.0	102.0
1393198274326	288.0	73.0	64.0	103.0
1393198274337	286.0	73.0	59.0	104.0
1393198274346	286.0	75.0	53.0	103.0
1393198274356	286.0	78.0	48.0	101.0
1393198274366	286.0	81.0	43.0	99.0
1393198274376	284.0	84.0	39.0	97.0
1393198274386	284.0	86.0	36.0	95.0
1393198274399	284.0	87.0	33.0	94.0
1393198274408	284.0	87.0	32.0	94.0
1393198274418	279.0	88.0	30.0	94.0
1393198274426	279.0	87.0	30.0	95.0
1393198274436	279.0	87.0	31.0	96.0
1393198274447	279.0	86.0	32.0	98.0
1393198274457	272.0	85.0	34.0	99.0
1393198274470	272.0	83.0	38.0	101.0
1393198274476	272.0	79.0	45.0	104.0
1393198274487	266.0	71.0	57.0	110.0
1393198274496	266.0	44.0	76.0	133.0
1393198274508	266.0	70.0	75.0	116.0
1393198274518	266.0	70.0	74.0	115.0
1393198274526	255.0	70.0	72.0	115.0
1393198274537	255.0	71.0	71.0	115.0
1393198274546	255.0	71.0	70.0	114.0
1393198274556	255.0	72.0	70.0	114.0
1393198274570	259.0	96.0	45.0	88.0
1393198274577	259.0	99.0	47.0	85.0
1393198274587	259.0	100.0	49.0	83.0
1393198274596	259.0	101.0	51.0	83.0
1393198274606	271.0	101.0	53.0	83.0
1393198274619	271.0	101.0	55.0	83.0
1393198274626	271.0	102.0	57.0	82.0
1393198274650	277.0	104.0	60.0	80.0
1393198274652	277.0	106.0	63.0	78.0
1393198274656	277.0	109.0	67.0	75.0
1393198274668	277.0	112.0	71.0	72.0
1393198274675	283.0	117.0	76.0	68.0
1393198274685	283.0	125.0	82.0	60.0
1393198274696	283.0	161.0	87.0	25.0
1393198274706	283.0	108.0	85.0	66.0
1393198274723	283.0	88.0	80.0	87.0
1393198274726	283.0	82.0	75.0	93.0
1393198274737	283.0	81.0	69.0	95.0
1393198274749	283.0	80.0	64.0	96.0
1393198274759	279.0	80.0	58.0	97.0
1393198274777	279.0	80.0	53.0	98.0
1393198274779	279.0	80.0	50.0	99.0
1393198274786	278.0	81.0	46.0	99.0
1393198274795	278.0	82.0	44.0	99.0
1393198274806	278.0	83.0	42.0	98.0
1393198274817	278.0	84.0	41.0	97.0
1393198274825	277.0	86.0	40.0	95.0
1393198274835	277.0	87.0	41.0	93.0
1393198274845	277.0	87.0	42.0	93.0
1393198274856	277.0	85.0	46.0	94.0
1393198274868	274.0	83.0	51.0	97.0
1393198274877	274.0	80.0	58.0	99.0
1393198274886	274.0	76.0	67.0	102.0
1393198274896	274.0	65.0	82.0	112.0
1393198274906	263.0	87.0	79.0	98.0
1393198274923	263.0	84.0	78.0	101.0
1393198274927	263.0	82.0	78.0	103.0
1393198274938	253.0	81.0	77.0	104.0
1393198274948	253.0	81.0	76.0	103.0
1393198274956	253.0	93.0	48.0	93.0
1393198274969	253.0	95.0	47.0	90.0
1393198274976	266.0	97.0	47.0	89.0
1393198274988	266.0	97.0	48.0	88.0
1393198274999	266.0	97.0	49.0	88.0
1393198275007	266.0	98.0	51.0	87.0
1393198275017	274.0	98.0	53.0	87.0
1393198275033	274.0	99.0	56.0	86.0
1393198275039	274.0	100.0	59.0	85.0
1393198275047	284.0	101.0	64.0	84.0
1393198275057	284.0	104.0	69.0	82.0
1393198275077	284.0	107.0	75.0	79.0
1393198275078	284.0	114.0	82.0	73.0
1393198275096	289.0	90.0	85.0	83.0
1393198275106	289.0	81.0	78.0	92.0
1393198275125	289.0	79.0	71.0	95.0
1393198275127	285.0	79.0	64.0	96.0
1393198275137	285.0	79.0	57.0	96.0
1393198275146	285.0	80.0	51.0	97.0
1393198275157	285.0	81.0	45.0	97.0
1393198275169	284.0	83.0	40.0	96.0
1393198275177	284.0	85.0	36.0	95.0
1393198275187	284.0	87.0	33.0	93.0
1393198275197	284.0	88.0	30.0	92.0
1393198275207	284.0	90.0	28.0	90.0
1393198275221	284.0	91.0	27.0	89.0
1393198275227	284.0	91.0	26.0	88.0
1393198275237	278.0	92.0	25.0	88.0
1393198275248	278.0	91.0	24.0	89.0
1393198275256	278.0	91.0	24.0	91.0
1393198275267	278.0	90.0	25.0	94.0
1393198275276	268.0	88.0	28.0	97.0
1393198275287	268.0	85.0	34.0	101.0
1393198275299	268.0	94.0	4.0	89.0
1393198275341	268.0	71.0	54.0	112.0
1393198275348	260.0	70.0	56.0	112.0
1393198275350	260.0	69.0	58.0	113.0
1393198275351	260.0	67.0	60.0	114.0
1393198275353	267.0	66.0	61.0	115.0
1393198275357	267.0	66.0	61.0	115.0
1393198275369	267.0	99.0	46.0	83.0
1393198275376	267.0	101.0	46.0	82.0
1393198275386	272.0	100.0	47.0	83.0
1393198275396	272.0	99.0	49.0	85.0
1393198275406	272.0	98.0	50.0	86.0
1393198275424	272.0	99.0	51.0	86.0
1393198275427	278.0	100.0	53.0	85.0
1393198275437	278.0	101.0	56.0	83.0
1393198275454	278.0	103.0	60.0	83.0
1393198275457	278.0	103.0	66.0	83.0
1393198275468	293.0	102.0	72.0	84.0
1393198275477	293.0	101.0	78.0	85.0
1393198275487	293.0	98.0	85.0	89.0
1393198275502	296.0	64.0	88.0	109.0
1393198275507	296.0	72.0	81.0	102.0
1393198275518	296.0	73.0	75.0	101.0
1393198275527	296.0	75.0	69.0	100.0
1393198275539	295.0	78.0	63.0	98.0
1393198275550	295.0	80.0	57.0	96.0
1393198275557	295.0	82.0	51.0	95.0
1393198275568	295.0	84.0	47.0	94.0
1393198275577	292.0	85.0	42.0	94.0
1393198275587	292.0	86.0	40.0	94.0
1393198275600	292.0	86.0	37.0	94.0
1393198275607	292.0	86.0	36.0	94.0
1393198275618	282.0	86.0	35.0	95.0
1393198275627	282.0	86.0	35.0	95.0
1393198275638	282.0	86.0	35.0	96.0
1393198275650	273.0	85.0	36.0	97.0
1393198275657	273.0	85.0	37.0	98.0
1393198275669	273.0	84.0	39.0	98.0
1393198275677	273.0	83.0	43.0	100.0
1393198275687	269.0	79.0	48.0	103.0
1393198275702	269.0	72.0	56.0	110.0
1393198275707	269.0	58.0	65.0	122.0
1393198275720	269.0	15.0	76.0	162.0
1393198275727	261.0	11.0	77.0	166.0
1393198275737	261.0	6.0	77.0	171.0
1393198275758	261.0	0.0	77.0	177.0
1393198275760	264.0	4.0	77.0	179.0
1393198275767	264.0	6.0	77.0	178.0
1393198275778	264.0	96.0	49.0	89.0
1393198275787	264.0	98.0	49.0	87.0
1393198275799	268.0	99.0	50.0	85.0
1393198275807	268.0	99.0	51.0	85.0
1393198275819	268.0	100.0	52.0	85.0
1393198275828	268.0	100.0	53.0	84.0
1393198275839	274.0	101.0	54.0	83.0
1393198275850	274.0	104.0	57.0	81.0
1393198275857	274.0	107.0	61.0	78.0
1393198275867	274.0	112.0	66.0	74.0
1393198275878	284.0	118.0	72.0	68.0
1393198275887	284.0	127.0	79.0	59.0
1393198275899	284.0	156.0	85.0	31.0
1393198275907	283.0	103.0	85.0	70.0
1393198275919	283.0	82.0	78.0	92.0
1393198275928	283.0	77.0	70.0	97.0
1393198275938	283.0	77.0	64.0	98.0
1393198275950	279.0	78.0	58.0	98.0
1393198275958	279.0	80.0	52.0	97.0
1393198275968	279.0	82.0	47.0	97.0
1393198275979	279.0	83.0	43.0	96.0
1393198275988	276.0	84.0	40.0	96.0
1393198275997	276.0	85.0	37.0	96.0
1393198276007	276.0	86.0	35.0	95.0
1393198276018	276.0	86.0	34.0	95.0
1393198276028	269.0	87.0	33.0	95.0
1393198276038	269.0	87.0	32.0	95.0
1393198276052	269.0	88.0	32.0	94.0
1393198276058	262.0	88.0	32.0	94.0
1393198276083	262.0	88.0	33.0	94.0
1393198276085	262.0	88.0	36.0	94.0
1393198276093	262.0	86.0	40.0	95.0
1393198276113	254.0	83.0	48.0	98.0
1393198276115	254.0	77.0	60.0	103.0
1393198276118	254.0	53.0	76.0	125.0
1393198276129	254.0	50.0	77.0	128.0
1393198276138	241.0	47.0	77.0	131.0
1393198276150	241.0	44.0	78.0	134.0
1393198276158	241.0	40.0	78.0	137.0
1393198276167	241.0	38.0	79.0	140.0
1393198276178	239.0	36.0	79.0	141.0
1393198276188	239.0	93.0	46.0	93.0
1393198276199	239.0	95.0	46.0	91.0
1393198276208	248.0	96.0	46.0	89.0
1393198276217	248.0	96.0	48.0	90.0
1393198276227	248.0	96.0	49.0	90.0
1393198276237	248.0	96.0	51.0	90.0
1393198276248	253.0	96.0	53.0	90.0
1393198276258	253.0	96.0	55.0	90.0
1393198276268	253.0	96.0	58.0	90.0
1393198276277	253.0	96.0	62.0	90.0
1393198276292	265.0	97.0	67.0	89.0
1393198276299	265.0	97.0	73.0	90.0
1393198276307	265.0	93.0	80.0	94.0
1393198276320	265.0	67.0	85.0	119.0
1393198276341	270.0	23.0	85.0	150.0
1393198276343	270.0	52.0	79.0	123.0
1393198276351	270.0	60.0	73.0	115.0
1393198276358	272.0	66.0	67.0	110.0
1393198276381	272.0	72.0	57.0	106.0
1393198276387	272.0	75.0	53.0	104.0
1393198276402	278.0	78.0	50.0	102.0
1393198276407	278.0	80.0	46.0	100.0
1393198276418	278.0	82.0	43.0	98.0
1393198276432	278.0	84.0	40.0	97.0
1393198276438	280.0	86.0	37.0	95.0
1393198276449	280.0	87.0	36.0	95.0
1393198276457	280.0	87.0	35.0	95.0
1393198276468	271.0	86.0	34.0	96.0
1393198276482	271.0	85.0	35.0	97.0
1393198276487	271.0	84.0	37.0	100.0
1393198276499	271.0	82.0	40.0	102.0
1393198276507	275.0	78.0	45.0	105.0
1393198276518	275.0	73.0	51.0	109.0
1393198276531	275.0	66.0	60.0	114.0
1393198276538	275.0	54.0	71.0	124.0
1393198276550	295.0	5.0	84.0	179.0
1393198276558	295.0	17.0	84.0	167.0
1393198276568	295.0	29.0	84.0	155.0
1393198276580	295.0	36.0	84.0	148.0
1393198276588	294.0	37.0	84.0	147.0
1393198276598	294.0	35.0	83.0	149.0
1393198276608	294.0	103.0	45.0	78.0
1393198276619	293.0	105.0	44.0	76.0
1393198276628	293.0	107.0	43.0	72.0
1393198276638	293.0	110.0	44.0	69.0
1393198276648	293.0	112.0	44.0	67.0
1393198276658	299.0	114.0	45.0	65.0
1393198276668	299.0	115.0	47.0	64.0
1393198276680	299.0	116.0	50.0	64.0
1393198276688	299.0	95.0	84.0	90.0
1393198276698	299.0	95.0	85.0	90.0
1393198276708	299.0	96.0	85.0	90.0
1393198276719	299.0	125.0	71.0	60.0
1393198276732	299.0	129.0	77.0	57.0
1393198276740	296.0	97.0	85.0	90.0
1393198276749	296.0	118.0	88.0	55.0
1393198276758	296.0	97.0	85.0	90.0
1393198276768	289.0	68.0	76.0	106.0
1393198276780	289.0	68.0	70.0	107.0
1393198276789	289.0	98.0	85.0	90.0
1393198276800	289.0	73.0	59.0	105.0
1393198276808	283.0	98.0	85.0	90.0
1393198276818	283.0	76.0	49.0	104.0
1393198276834	283.0	78.0	46.0	103.0
1393198276838	283.0	80.0	43.0	101.0
1393198276848	279.0	82.0	40.0	100.0
1393198276860	279.0	84.0	38.0	98.0
1393198276868	279.0	85.0	37.0	97.0
1393198276878	279.0	86.0	36.0	95.0
1393198276888	272.0	86.0	36.0	95.0
1393198276898	272.0	86.0	38.0	96.0
1393198276908	272.0	84.0	41.0	97.0
1393198276919	263.0	82.0	45.0	100.0
1393198276931	263.0	79.0	52.0	103.0
1393198276938	263.0	74.0	63.0	105.0
1393198276950	263.0	64.0	80.0	113.0
1393198276964	257.0	63.0	81.0	115.0
1393198276978	257.0	61.0	82.0	117.0
1393198276982	257.0	57.0	82.0	120.0
1393198276989	257.0	53.0	83.0	124.0
1393198277002	251.0	51.0	83.0	126.0
1393198277019	251.0	100.0	46.0	84.0
1393198277036	251.0	101.0	46.0	82.0
1393198277039	257.0	102.0	47.0	81.0
1393198277055	257.0	102.0	49.0	81.0
1393198277060	257.0	102.0	50.0	82.0
1393198277068	262.0	100.0	52.0	84.0
1393198277082	262.0	99.0	54.0	86.0
1393198277088	262.0	99.0	57.0	87.0
1393198277116	262.0	98.0	67.0	88.0
1393198277118	274.0	2.0	4.0	96.0
1393198277119	274.0	97.0	73.0	90.0
1393198277131	274.0	91.0	80.0	97.0
1393198277138	274.0	41.0	87.0	146.0
1393198277148	282.0	46.0	83.0	127.0
1393198277164	282.0	58.0	75.0	116.0
1393198277168	282.0	63.0	68.0	112.0
1393198277180	281.0	67.0	62.0	109.0
1393198277190	281.0	70.0	56.0	107.0
1393198277198	281.0	73.0	52.0	106.0
1393198277212	281.0	75.0	49.0	105.0
1393198277219	283.0	77.0	46.0	103.0
1393198277231	283.0	80.0	43.0	101.0
1393198277239	283.0	81.0	41.0	100.0
1393198277249	283.0	83.0	40.0	98.0
1393198277264	283.0	84.0	38.0	97.0
1393198277270	283.0	85.0	37.0	96.0
1393198277279	283.0	87.0	36.0	94.0
1393198277288	283.0	88.0	36.0	92.0
1393198277299	276.0	89.0	35.0	91.0
1393198277309	276.0	89.0	36.0	90.0
1393198277318	276.0	89.0	38.0	91.0
1393198277329	268.0	88.0	41.0	92.0
1393198277338	268.0	87.0	45.0	93.0
1393198277348	268.0	85.0	51.0	94.0
1393198277361	268.0	85.0	58.0	94.0
1393198277369	264.0	84.0	66.0	93.0
1393198277379	264.0	81.0	77.0	96.0
1393198277388	264.0	30.0	87.0	154.0
1393198277400	264.0	79.0	72.0	107.0
1393198277412	252.0	78.0	71.0	108.0
1393198277418	252.0	78.0	70.0	108.0
1393198277428	252.0	79.0	70.0	107.0
1393198277439	252.0	90.0	46.0	97.0
1393198277449	254.0	93.0	45.0	94.0
1393198277462	254.0	94.0	44.0	92.0
1393198277469	254.0	95.0	44.0	91.0
1393198277480	262.0	95.0	45.0	91.0
1393198277489	262.0	95.0	45.0	91.0
1393198277499	262.0	94.0	46.0	91.0
1393198277515	262.0	95.0	48.0	91.0
1393198277520	272.0	96.0	49.0	90.0
1393198277532	272.0	97.0	51.0	88.0
1393198277539	272.0	98.0	53.0	87.0
1393198277550	272.0	98.0	56.0	87.0
1393198277578	284.0	100.0	60.0	85.0
1393198277581	284.0	102.0	66.0	84.0
1393198277583	284.0	104.0	73.0	82.0
1393198277590	284.0	108.0	81.0	79.0
1393198277600	292.0	152.0	89.0	35.0
1393198277614	292.0	82.0	83.0	92.0
1393198277619	292.0	77.0	76.0	97.0
1393198277634	292.0	77.0	70.0	98.0
1393198277639	292.0	78.0	65.0	98.0
1393198277660	292.0	81.0	54.0	96.0
1393198277669	293.0	82.0	50.0	96.0
1393198277683	293.0	82.0	46.0	97.0
1393198277689	293.0	82.0	42.0	97.0
1393198277700	293.0	83.0	40.0	97.0
1393198277711	288.0	85.0	37.0	97.0
1393198277719	288.0	86.0	35.0	96.0
1393198277730	288.0	87.0	34.0	95.0
1393198277741	288.0	87.0	33.0	95.0
1393198277750	278.0	87.0	32.0	96.0
1393198277762	278.0	86.0	33.0	98.0
1393198277769	278.0	83.0	35.0	101.0
1393198277779	270.0	80.0	40.0	105.0
1393198277791	270.0	76.0	48.0	108.0
1393198277799	270.0	68.0	62.0	113.0
1393198277812	270.0	27.0	81.0	150.0
1393198277820	261.0	21.0	81.0	156.0
1393198277829	261.0	15.0	81.0	163.0
1393198277843	261.0	9.0	81.0	168.0
1393198277849	261.0	6.0	81.0	172.0
1393198277863	252.0	4.0	81.0	173.0
1393198277871	252.0	93.0	85.0	90.0
1393198277880	252.0	99.0	47.0	84.0
1393198277891	252.0	101.0	47.0	82.0
1393198277901	265.0	102.0	47.0	81.0
1393198277915	265.0	102.0	49.0	81.0
1393198277922	265.0	103.0	50.0	81.0
1393198277931	271.0	104.0	52.0	80.0
1393198277953	271.0	105.0	54.0	79.0
1393198277957	271.0	107.0	57.0	77.0
1393198277963	271.0	110.0	61.0	75.0
1393198277970	282.0	115.0	66.0	71.0
1393198277980	282.0	122.0	71.0	65.0
1393198277995	282.0	133.0	78.0	54.0
1393198278001	282.0	164.0	85.0	24.0
1393198278011	283.0	107.0	84.0	65.0
1393198278020	283.0	83.0	77.0	89.0
1393198278030	283.0	80.0	68.0	94.0
1393198278044	279.0	79.0	61.0	96.0
1393198278051	279.0	80.0	54.0	96.0
1393198278064	279.0	81.0	48.0	97.0
1393198278069	279.0	81.0	43.0	98.0
1393198278080	277.0	82.0	39.0	99.0
1393198278101	277.0	85.0	32.0	98.0
1393198278102	277.0	85.0	32.0	98.0
1393198278110	277.0	86.0	30.0	97.0
1393198278121	278.0	88.0	28.0	95.0
1393198278130	278.0	89.0	27.0	94.0
1393198278143	278.0	89.0	27.0	93.0
1393198278150	278.0	90.0	27.0	92.0
1393198278162	275.0	90.0	27.0	91.0
1393198278170	275.0	91.0	28.0	90.0
1393198278180	275.0	91.0	31.0	89.0
1393198278193	262.0	92.0	34.0	88.0
1393198278200	262.0	91.0	39.0	89.0
1393198278213	262.0	88.0	45.0	92.0
1393198278220	262.0	84.0	54.0	96.0
1393198278230	244.0	65.0	74.0	113.0
1393198278245	244.0	63.0	75.0	115.0
1393198278250	244.0	60.0	77.0	118.0
1393198278263	244.0	56.0	78.0	122.0
1393198278270	243.0	52.0	79.0	126.0
1393198278282	243.0	49.0	80.0	129.0
1393198278295	243.0	93.0	51.0	93.0
1393198278301	243.0	96.0	52.0	90.0
1393198278314	259.0	97.0	53.0	88.0
1393198278320	259.0	98.0	55.0	87.0
1393198278335	259.0	98.0	57.0	88.0
1393198278340	268.0	97.0	58.0	89.0
1393198278350	268.0	96.0	60.0	90.0
1393198278361	268.0	96.0	62.0	91.0
1393198278370	268.0	96.0	65.0	90.0
1393198278380	281.0	97.0	69.0	90.0
1393198278394	281.0	99.0	74.0	89.0
1393198278400	281.0	99.0	80.0	89.0
1393198278410	281.0	101.0	87.0	86.0
1393198278420	292.0	91.0	86.0	82.0
1393198278430	292.0	95.0	9.0	89.0
1393198278440	292.0	81.0	74.0	92.0
1393198278450	292.0	79.0	67.0	95.0
1393198278460	289.0	78.0	61.0	97.0
1393198278473	289.0	99.0	85.0	90.0
1393198278482	289.0	96.0	8.0	96.0
1393198278491	287.0	82.0	45.0	97.0
1393198278504	287.0	83.0	42.0	97.0
1393198278516	287.0	83.0	38.0	97.0
1393198278524	287.0	98.0	85.0	90.0
1393198278531	283.0	86.0	32.0	96.0
1393198278545	283.0	87.0	29.0	95.0
1393198278550	283.0	98.0	85.0	90.0
1393198278561	283.0	89.0	26.0	94.0
1393198278570	274.0	88.0	26.0	95.0
1393198278580	274.0	97.0	85.0	90.0
1393198278596	274.0	87.0	27.0	99.0
1393198278601	274.0	96.0	85.0	90.0
1393198278612	265.0	83.0	37.0	103.0
1393198278620	265.0	94.0	85.0	90.0
1393198278632	265.0	73.0	54.0	110.0
1393198278647	262.0	72.0	56.0	111.0
1393198278652	262.0	71.0	58.0	111.0
1393198278663	262.0	70.0	59.0	112.0
1393198278670	262.0	70.0	60.0	112.0
1393198278680	267.0	70.0	60.0	112.0
1393198278692	267.0	99.0	52.0	84.0
1393198278700	267.0	100.0	51.0	83.0
1393198278710	267.0	101.0	51.0	83.0
1393198278722	278.0	101.0	51.0	83.0
1393198278730	278.0	101.0	52.0	83.0
1393198278743	278.0	101.0	52.0	83.0
1393198278750	284.0	102.0	53.0	83.0
1393198278760	284.0	102.0	55.0	83.0
1393198278770	284.0	103.0	57.0	82.0
1393198278781	284.0	103.0	61.0	83.0
1393198278791	292.0	104.0	67.0	83.0
1393198278800	292.0	107.0	73.0	81.0
1393198278810	292.0	116.0	80.0	72.0
1393198278822	292.0	162.0	86.0	25.0
1393198278830	294.0	106.0	83.0	66.0
1393198278843	294.0	91.0	75.0	82.0
1393198278850	294.0	85.0	67.0	88.0
1393198278867	294.0	83.0	59.0	91.0
1393198278872	291.0	83.0	52.0	93.0
1393198278880	291.0	83.0	46.0	94.0
1393198278892	291.0	85.0	40.0	94.0
1393198278906	290.0	86.0	35.0	93.0
1393198278913	290.0	88.0	31.0	92.0
1393198278921	290.0	89.0	27.0	91.0
1393198278929	290.0	90.0	25.0	89.0
1393198278942	286.0	91.0	23.0	88.0
1393198278949	286.0	92.0	21.0	88.0
1393198278964	286.0	92.0	20.0	89.0
1393198278972	286.0	91.0	20.0	90.0
1393198278981	272.0	91.0	20.0	92.0
1393198278990	272.0	91.0	21.0	93.0
1393198279000	272.0	90.0	22.0	94.0
1393198279010	272.0	91.0	24.0	93.0
1393198279026	264.0	91.0	27.0	91.0
1393198279030	264.0	90.0	36.0	91.0
1393198279042	264.0	82.0	56.0	99.0
1393198279050	248.0	81.0	58.0	100.0
1393198279060	248.0	80.0	59.0	101.0
1393198279079	248.0	79.0	61.0	102.0
1393198279083	248.0	78.0	62.0	103.0
1393198279101	240.0	78.0	63.0	103.0
1393198279105	240.0	79.0	64.0	102.0
1393198279112	240.0	90.0	49.0	95.0
1393198279122	240.0	93.0	49.0	91.0
1393198279130	260.0	94.0	49.0	90.0
1393198279141	260.0	95.0	50.0	90.0
1393198279150	260.0	95.0	50.0	90.0
1393198279160	260.0	95.0	51.0	90.0
1393198279175	270.0	95.0	52.0	90.0
1393198279181	270.0	96.0	53.0	89.0
1393198279193	270.0	98.0	55.0	88.0
1393198279203	287.0	99.0	59.0	86.0
1393198279210	287.0	96.0	85.0	90.0
1393198279226	287.0	102.0	68.0	84.0
1393198279231	287.0	103.0	73.0	84.0
1393198279243	294.0	103.0	80.0	84.0
1393198279254	294.0	86.0	88.0	102.0
1393198279262	294.0	68.0	83.0	105.0
1393198279277	294.0	72.0	74.0	101.0
1393198279281	290.0	76.0	64.0	99.0
1393198279295	290.0	79.0	54.0	97.0
1393198279304	290.0	81.0	46.0	96.0
1393198279312	290.0	83.0	39.0	96.0
1393198279326	290.0	86.0	33.0	95.0
1393198279331	290.0	87.0	28.0	93.0
1393198279342	290.0	89.0	24.0	92.0
1393198279351	290.0	90.0	22.0	91.0
1393198279361	290.0	91.0	20.0	90.0
1393198279373	290.0	91.0	19.0	90.0
1393198279382	290.0	91.0	19.0	90.0
1393198279390	281.0	98.0	85.0	90.0
1393198279400	281.0	97.0	85.0	90.0
1393198279412	281.0	91.0	20.0	94.0
1393198279422	281.0	90.0	22.0	95.0
1393198279430	272.0	95.0	85.0	90.0
1393198279441	272.0	95.0	85.0	90.0
1393198279452	272.0	85.0	47.0	98.0
1393198279462	264.0	85.0	48.0	98.0
1393198279473	264.0	84.0	50.0	98.0
1393198279480	264.0	93.0	85.0	90.0
1393198279490	264.0	93.0	85.0	90.0
1393198279501	267.0	93.0	85.0	90.0
1393198279511	267.0	84.0	56.0	97.0
1393198279523	267.0	84.0	56.0	96.0
1393198279531	267.0	84.0	55.0	96.0
1393198279548	277.0	97.0	50.0	87.0
1393198279552	277.0	99.0	50.0	85.0
1393198279566	277.0	101.0	51.0	83.0
1393198279573	277.0	102.0	52.0	82.0
1393198279580	285.0	103.0	52.0	81.0
1393198279591	285.0	104.0	53.0	80.0
1393198279601	285.0	105.0	55.0	80.0
1393198279611	293.0	108.0	58.0	78.0
1393198279622	293.0	111.0	62.0	75.0
1393198279631	293.0	117.0	69.0	70.0
1393198279641	293.0	129.0	77.0	60.0
1393198279654	292.0	174.0	85.0	3.0
1393198279661	292.0	94.0	77.0	77.0
1393198279672	292.0	85.0	63.0	88.0
1393198279681	292.0	85.0	51.0	90.0
1393198279692	284.0	87.0	40.0	89.0
1393198279701	284.0	89.0	31.0	89.0
1393198279711	284.0	91.0	24.0	89.0
1393198279726	284.0	91.0	19.0	89.0
1393198279731	282.0	92.0	15.0	89.0
1393198279743	282.0	93.0	12.0	89.0
1393198279751	282.0	93.0	10.0	88.0
1393198279761	281.0	94.0	8.0	87.0
1393198279774	281.0	94.0	7.0	86.0
1393198279781	281.0	94.0	6.0	85.0
1393198279793	281.0	94.0	5.0	85.0
1393198279804	265.0	94.0	5.0	85.0
1393198279811	265.0	94.0	5.0	88.0
1393198279823	265.0	94.0	7.0	91.0
1393198279831	265.0	93.0	9.0	94.0
1393198279843	243.0	92.0	14.0	98.0
1393198279852	243.0	87.0	24.0	104.0
1393198279863	243.0	87.0	26.0	104.0
1393198279874	243.0	86.0	28.0	104.0
1393198279881	230.0	85.0	30.0	104.0
1393198279895	230.0	84.0	32.0	104.0
1393198279901	230.0	84.0	33.0	104.0
1393198279911	228.0	83.0	35.0	104.0
1393198279922	228.0	83.0	36.0	104.0
1393198279930	228.0	83.0	36.0	103.0
1393198279941	228.0	83.0	36.0	103.0
1393198279950	239.0	89.0	45.0	95.0
1393198279960	239.0	90.0	45.0	94.0
1393198279974	239.0	92.0	45.0	92.0
1393198279982	239.0	93.0	85.0	90.0
1393198279992	253.0	95.0	45.0	89.0
1393198280005	253.0	96.0	46.0	87.0
1393198280012	253.0	98.0	46.0	85.0
1393198280021	253.0	99.0	48.0	85.0
1393198280031	270.0	99.0	50.0	85.0
1393198280042	270.0	98.0	54.0	87.0
1393198280055	270.0	98.0	59.0	89.0
1393198280061	276.0	96.0	66.0	91.0
1393198280073	276.0	91.0	75.0	96.0
1393198280082	276.0	71.0	85.0	116.0
1393198280095	276.0	54.0	83.0	119.0
1393198280106	273.0	67.0	71.0	108.0
1393198280117	273.0	72.0	59.0	105.0
1393198280121	273.0	77.0	49.0	103.0
1393198280131	273.0	81.0	40.0	100.0
1393198280142	274.0	85.0	32.0	97.0
1393198280165	274.0	93.0	24.0	79.0
1393198280168	274.0	90.0	22.0	93.0
1393198280171	279.0	91.0	18.0	92.0
1393198280181	279.0	92.0	16.0	91.0
1393198280191	279.0	92.0	14.0	91.0
1393198280203	279.0	93.0	13.0	90.0
1393198280213	273.0	93.0	12.0	89.0
1393198280223	273.0	93.0	11.0	89.0
1393198280231	273.0	93.0	11.0	90.0
1393198280244	273.0	93.0	12.0	93.0
1393198280254	260.0	92.0	13.0	97.0
1393198280263	260.0	91.0	15.0	99.0
1393198280271	260.0	89.0	20.0	101.0
1393198280282	260.0	84.0	33.0	104.0
1393198280291	259.0	83.0	35.0	104.0
1393198280312	259.0	82.0	38.0	105.0
1393198280314	259.0	81.0	39.0	105.0
1393198280323	247.0	81.0	41.0	105.0
1393198280331	247.0	81.0	41.0	105.0
1393198280343	247.0	81.0	41.0	104.0
1393198280354	247.0	82.0	41.0	103.0
1393198280362	254.0	88.0	50.0	97.0
1393198280372	254.0	91.0	50.0	94.0
1393198280382	254.0	92.0	50.0	92.0
1393198280392	254.0	93.0	50.0	92.0
1393198280405	266.0	94.0	50.0	91.0
1393198280412	266.0	95.0	50.0	90.0
1393198280422	266.0	96.0	51.0	89.0
1393198280432	266.0	97.0	52.0	88.0
1393198280442	282.0	99.0	53.0	86.0
1393198280454	282.0	101.0	55.0	84.0
1393198280463	282.0	104.0	58.0	83.0
1393198280472	289.0	105.0	62.0	82.0
1393198280482	289.0	106.0	68.0	82.0
1393198280492	289.0	105.0	76.0	84.0
1393198280505	289.0	103.0	85.0	86.0
1393198280515	281.0	77.0	85.0	94.0
1393198280523	281.0	80.0	73.0	93.0
1393198280532	281.0	82.0	60.0	91.0
1393198280542	281.0	85.0	47.0	91.0
1393198280554	272.0	87.0	37.0	90.0
1393198280562	272.0	89.0	29.0	90.0
1393198280572	272.0	90.0	24.0	91.0
1393198280582	272.0	90.0	20.0	91.0
1393198280592	271.0	91.0	16.0	90.0
1393198280604	271.0	92.0	13.0	88.0
1393198280613	271.0	93.0	11.0	86.0
1393198280622	276.0	94.0	9.0	85.0
1393198280634	276.0	94.0	8.0	84.0
1393198280643	276.0	94.0	7.0	85.0
1393198280652	276.0	94.0	6.0	86.0
1393198280662	266.0	94.0	6.0	88.0
1393198280675	266.0	94.0	7.0	91.0
1393198280683	266.0	93.0	7.0	93.0
1393198280692	266.0	96.0	85.0	90.0
1393198280705	252.0	93.0	10.0	96.0
1393198280715	252.0	92.0	12.0	99.0
1393198280722	252.0	94.0	85.0	90.0
1393198280736	252.0	93.0	85.0	90.0
1393198280742	251.0	92.0	85.0	90.0
1393198280753	251.0	66.0	40.0	126.0
1393198280767	251.0	65.0	42.0	126.0
1393198280774	231.0	64.0	43.0	126.0
1393198280788	231.0	65.0	43.0	125.0
1393198280793	231.0	65.0	44.0	125.0
1393198280808	231.0	65.0	44.0	124.0
1393198280814	238.0	65.0	44.0	123.0
1393198280824	238.0	65.0	44.0	124.0
1393198280838	238.0	65.0	44.0	124.0
1393198280844	238.0	93.0	43.0	90.0
1393198280866	252.0	94.0	44.0	90.0
1393198280873	252.0	94.0	45.0	91.0
1393198280894	252.0	94.0	47.0	91.0
1393198280895	263.0	94.0	50.0	92.0
1393198280909	263.0	93.0	54.0	93.0
1393198280922	275.0	97.0	85.0	90.0
1393198280940	275.0	83.0	73.0	105.0
1393198280945	275.0	59.0	81.0	129.0
1393198280956	275.0	25.0	82.0	148.0
1393198280965	276.0	60.0	72.0	115.0
1393198280972	276.0	71.0	60.0	105.0
1393198280987	276.0	78.0	48.0	101.0
1393198280993	276.0	83.0	38.0	98.0
1393198281004	277.0	86.0	29.0	96.0
1393198281014	277.0	89.0	23.0	94.0
1393198281023	277.0	91.0	17.0	92.0
1393198281037	280.0	92.0	14.0	89.0
1393198281043	280.0	93.0	11.0	87.0
1393198281053	280.0	94.0	9.0	86.0
1393198281065	280.0	0.0	8.0	85.0
1393198281073	270.0	94.0	7.0	84.0
1393198281087	270.0	94.0	6.0	85.0
1393198281092	270.0	94.0	6.0	87.0
1393198281110	270.0	94.0	7.0	90.0
1393198281113	252.0	93.0	9.0	94.0
1393198281123	252.0	92.0	13.0	97.0
1393198281135	252.0	88.0	22.0	101.0
1393198281142	252.0	88.0	24.0	102.0
1393198281152	246.0	87.0	27.0	102.0
1393198281162	246.0	86.0	29.0	102.0
1393198281172	246.0	85.0	30.0	102.0
1393198281188	246.0	85.0	32.0	102.0
1393198281193	246.0	85.0	32.0	102.0
1393198281204	246.0	85.0	32.0	102.0
1393198281212	246.0	85.0	31.0	101.0
1393198281222	264.0	95.0	52.0	90.0
1393198281236	264.0	97.0	53.0	88.0
1393198281243	264.0	95.0	85.0	90.0
1393198281253	264.0	97.0	56.0	89.0
1393198281265	266.0	0.0	57.0	89.0
1393198281273	266.0	96.0	85.0	90.0
1393198281294	266.0	100.0	62.0	86.0
1393198281295	266.0	105.0	65.0	83.0
1393198281304	277.0	98.0	85.0	90.0
1393198281318	277.0	98.0	85.0	90.0
1393198281323	277.0	143.0	81.0	46.0
1393198281337	278.0	139.0	83.0	32.0
1393198281343	278.0	101.0	73.0	71.0
1393198281354	278.0	92.0	60.0	80.0
1393198281373	278.0	100.0	31.0	91.0
1393198281376	271.0	90.0	37.0	85.0
1393198281384	271.0	91.0	28.0	85.0
1393198281396	271.0	92.0	21.0	85.0
1393198281405	271.0	93.0	16.0	85.0
1393198281424	269.0	94.0	12.0	84.0
1393198281425	269.0	94.0	9.0	84.0
1393198281433	269.0	94.0	7.0	83.0
1393198281450	269.0	95.0	5.0	83.0
1393198281456	266.0	95.0	3.0	83.0
1393198281463	266.0	95.0	3.0	83.0
1393198281473	266.0	95.0	2.0	85.0
1393198281485	252.0	95.0	2.0	87.0
1393198281492	252.0	95.0	3.0	90.0
1393198281503	252.0	95.0	85.0	90.0
1393198281514	252.0	94.0	5.0	97.0
1393198281525	241.0	93.0	8.0	101.0
1393198281536	241.0	88.0	17.0	108.0
1393198281543	241.0	87.0	19.0	108.0
1393198281554	241.0	85.0	22.0	108.0
1393198281567	229.0	85.0	24.0	108.0
1393198281573	229.0	84.0	26.0	108.0
1393198281585	229.0	83.0	27.0	107.0
1393198281593	229.0	83.0	28.0	107.0
1393198281604	224.0	83.0	28.0	107.0
1393198281618	224.0	83.0	28.0	107.0
1393198281623	224.0	83.0	27.0	107.0
1393198281635	243.0	88.0	47.0	98.0
1393198281643	243.0	88.0	47.0	98.0
1393198281653	243.0	87.0	47.0	99.0
1393198281667	243.0	87.0	48.0	100.0
1393198281673	256.0	88.0	49.0	100.0
1393198281683	256.0	89.0	51.0	99.0
1393198281693	256.0	90.0	53.0	98.0
1393198281703	256.0	90.0	56.0	98.0
1393198281720	278.0	90.0	59.0	98.0
1393198281724	278.0	88.0	64.0	100.0
1393198281735	278.0	85.0	72.0	103.0
1393198281743	286.0	76.0	82.0	113.0
1393198281754	286.0	51.0	85.0	120.0
1393198281770	286.0	73.0	71.0	100.0
1393198281773	286.0	78.0	56.0	97.0
1393198281787	282.0	82.0	43.0	96.0
1393198281794	282.0	86.0	33.0	94.0
1393198281804	282.0	89.0	25.0	92.0
1393198281820	282.0	91.0	18.0	90.0
1393198281823	280.0	92.0	13.0	88.0
1393198281838	280.0	93.0	9.0	86.0
1393198281844	280.0	94.0	6.0	85.0
1393198281855	280.0	94.0	4.0	84.0
1393198281872	280.0	94.0	3.0	83.0
1393198281875	280.0	94.0	2.0	83.0
1393198281888	280.0	94.0	1.0	83.0
1393198281894	268.0	95.0	1.0	83.0
1393198281905	268.0	95.0	1.0	84.0
1393198281924	268.0	95.0	1.0	85.0
1393198281926	268.0	95.0	1.0	87.0
1393198281935	251.0	95.0	1.0	89.0
1393198281945	251.0	95.0	2.0	92.0
1393198281955	251.0	94.0	4.0	95.0
1393198281969	251.0	92.0	10.0	100.0
1393198281974	239.0	93.0	85.0	90.0
1393198281985	239.0	90.0	15.0	101.0
1393198281995	239.0	90.0	17.0	101.0
1393198282007	239.0	90.0	18.0	100.0
1393198282015	218.0	90.0	19.0	99.0
1393198282024	218.0	92.0	86.0	90.0
1393198282034	218.0	90.0	18.0	98.0
1393198282044	231.0	93.0	85.0	90.0
1393198282054	231.0	88.0	51.0	100.0
1393198282065	231.0	89.0	52.0	98.0
1393198282074	231.0	95.0	85.0	90.0
1393198282086	239.0	86.0	54.0	104.0
1393198282093	239.0	96.0	85.0	90.0
1393198282108	239.0	82.0	58.0	108.0
1393198282118	239.0	80.0	60.0	110.0
1393198282124	257.0	97.0	85.0	90.0
1393198282138	257.0	74.0	66.0	117.0
1393198282146	257.0	67.0	70.0	123.0
1393198282155	257.0	57.0	74.0	134.0
1393198282178	274.0	34.0	78.0	156.0
1393198282181	274.0	10.0	80.0	160.0
1393198282184	274.0	48.0	74.0	124.0
1393198282194	277.0	65.0	64.0	109.0
1393198282205	277.0	74.0	51.0	103.0
1393198282214	277.0	81.0	39.0	99.0
1393198282223	277.0	85.0	30.0	96.0
1393198282234	275.0	89.0	22.0	93.0
1393198282245	275.0	92.0	15.0	90.0
1393198282254	275.0	93.0	11.0	88.0
1393198282267	275.0	94.0	8.0	86.0
1393198282274	282.0	94.0	6.0	85.0
1393198282283	282.0	94.0	5.0	85.0
1393198282294	282.0	94.0	5.0	84.0
1393198282304	282.0	94.0	5.0	85.0
1393198282317	282.0	94.0	5.0	85.0
1393198282324	282.0	99.0	85.0	90.0
1393198282333	282.0	99.0	85.0	90.0
1393198282343	270.0	98.0	85.0	90.0
1393198282353	270.0	98.0	85.0	90.0
1393198282367	270.0	94.0	8.0	89.0
1393198282374	270.0	96.0	85.0	90.0
1393198282385	261.0	95.0	85.0	90.0
1393198282394	261.0	86.0	28.0	102.0
1393198282404	261.0	86.0	31.0	102.0
1393198282417	261.0	84.0	34.0	103.0
1393198282425	259.0	83.0	36.0	104.0
1393198282439	259.0	82.0	38.0	104.0
1393198282448	259.0	81.0	40.0	105.0
1393198282455	264.0	81.0	41.0	105.0
1393198282467	264.0	80.0	41.0	105.0
1393198282474	264.0	94.0	85.0	90.0
1393198282484	264.0	96.0	49.0	88.0
1393198282498	274.0	98.0	49.0	86.0
1393198282505	274.0	95.0	85.0	90.0
1393198282521	274.0	100.0	50.0	85.0
1393198282525	274.0	100.0	51.0	85.0
1393198282537	283.0	102.0	53.0	84.0
1393198282554	283.0	95.0	8.0	93.0
1393198282557	283.0	104.0	57.0	82.0
1393198282567	283.0	105.0	61.0	82.0
1393198282574	290.0	105.0	65.0	82.0
1393198282584	290.0	107.0	71.0	81.0
1393198282599	290.0	112.0	79.0	77.0
1393198282604	287.0	157.0	88.0	32.0
1393198282617	287.0	86.0	79.0	85.0
1393198282625	287.0	82.0	67.0	90.0
1393198282634	287.0	82.0	55.0	92.0
1393198282649	282.0	83.0	45.0	93.0
1393198282661	282.0	85.0	37.0	93.0
1393198282667	282.0	87.0	30.0	93.0
1393198282674	282.0	88.0	24.0	92.0
1393198282684	281.0	90.0	19.0	91.0
1393198282701	281.0	91.0	15.0	90.0
1393198282706	281.0	92.0	12.0	89.0
1393198282715	281.0	93.0	10.0	89.0
1393198282724	279.0	93.0	8.0	89.0
1393198282734	279.0	93.0	7.0	88.0
1393198282747	279.0	94.0	6.0	88.0
1393198282754	265.0	94.0	6.0	89.0
1393198282766	265.0	94.0	6.0	90.0
1393198282774	265.0	94.0	7.0	92.0
1393198282787	265.0	93.0	8.0	95.0
1393198282806	245.0	93.0	9.0	96.0
1393198282807	245.0	92.0	11.0	98.0
1393198282815	245.0	90.0	16.0	102.0
1393198282824	245.0	81.0	29.0	113.0
1393198282834	236.0	80.0	32.0	113.0
1393198282848	236.0	79.0	33.0	114.0
1393198282854	236.0	78.0	35.0	114.0
1393198282865	236.0	77.0	36.0	113.0
1393198282874	222.0	77.0	37.0	113.0
1393198282885	222.0	76.0	37.0	113.0
1393198282898	222.0	76.0	37.0	113.0
1393198282905	235.0	77.0	37.0	113.0
1393198282918	235.0	92.0	49.0	94.0
1393198282927	235.0	92.0	49.0	94.0
1393198282935	235.0	91.0	50.0	96.0
1393198282947	235.0	90.0	51.0	98.0
1393198282955	235.0	88.0	52.0	100.0
1393198282966	235.0	87.0	53.0	102.0
1393198282976	235.0	86.0	56.0	103.0
1393198282985	251.0	85.0	59.0	104.0
1393198282997	251.0	83.0	62.0	106.0
1393198283004	251.0	81.0	67.0	109.0
1393198283015	251.0	77.0	73.0	112.0
1393198283026	266.0	67.0	79.0	122.0
1393198283034	266.0	20.0	84.0	169.0
1393198283046	266.0	44.0	79.0	128.0
1393198283055	263.0	59.0	68.0	115.0
1393198283065	263.0	67.0	55.0	110.0
1393198283076	263.0	74.0	44.0	107.0
1393198283087	263.0	81.0	33.0	103.0
1393198283104	258.0	86.0	25.0	98.0
1393198283106	258.0	90.0	17.0	93.0
1393198283115	258.0	92.0	12.0	90.0
1393198283126	258.0	93.0	9.0	88.0
1393198283135	264.0	94.0	7.0	86.0
1393198283148	264.0	94.0	5.0	85.0
1393198283155	264.0	95.0	5.0	85.0
1393198283166	257.0	95.0	4.0	86.0
1393198283175	257.0	95.0	4.0	86.0
1393198283185	257.0	95.0	4.0	87.0
1393198283197	257.0	95.0	4.0	88.0
1393198283205	237.0	95.0	5.0	89.0
1393198283216	237.0	94.0	6.0	91.0
1393198283225	237.0	93.0	10.0	95.0
1393198283234	237.0	89.0	18.0	104.0
1393198283245	226.0	88.0	20.0	105.0
1393198283254	226.0	87.0	23.0	105.0
1393198283266	226.0	86.0	25.0	106.0
1393198283276	226.0	85.0	27.0	106.0
1393198283285	225.0	84.0	29.0	107.0
1393198283296	225.0	83.0	29.0	107.0
1393198283305	225.0	83.0	30.0	107.0
1393198283315	239.0	83.0	29.0	108.0
1393198283326	239.0	88.0	50.0	100.0
1393198283335	239.0	90.0	51.0	98.0
1393198283346	239.0	91.0	52.0	98.0
1393198283355	248.0	91.0	53.0	98.0
1393198283365	248.0	91.0	54.0	98.0
1393198283377	248.0	91.0	55.0	98.0
1393198283385	248.0	91.0	56.0	98.0
1393198283398	263.0	92.0	59.0	98.0
1393198283405	263.0	92.0	64.0	98.0
1393198283415	263.0	91.0	70.0	99.0
1393198283431	263.0	87.0	78.0	103.0
1393198283435	277.0	46.0	86.0	144.0
1393198283454	277.0	22.0	4.0	11.0
1393198283456	277.0	73.0	67.0	100.0
1393198283466	276.0	79.0	54.0	96.0
1393198283479	276.0	83.0	43.0	93.0
1393198283485	276.0	86.0	34.0	92.0
1393198283496	276.0	89.0	27.0	91.0
1393198283505	276.0	90.0	21.0	90.0
1393198283516	276.0	92.0	16.0	89.0
1393198283533	276.0	93.0	13.0	88.0
1393198283535	276.0	93.0	10.0	87.0
1393198283545	278.0	94.0	7.0	86.0
1393198283554	278.0	94.0	5.0	85.0
1393198283568	278.0	94.0	4.0	85.0
1393198283576	278.0	95.0	3.0	84.0
1393198283587	269.0	95.0	2.0	84.0
1393198283600	269.0	95.0	1.0	85.0
1393198283606	269.0	95.0	1.0	86.0
1393198283616	249.0	95.0	1.0	87.0
1393198283629	249.0	95.0	1.0	89.0
1393198283642	249.0	95.0	3.0	91.0
1393198283658	249.0	92.0	12.0	98.0
1393198283660	239.0	92.0	12.0	98.0
1393198283668	239.0	76.0	36.0	115.0
1393198283679	239.0	74.0	38.0	117.0
1393198283685	239.0	73.0	40.0	118.0
1393198283696	229.0	72.0	41.0	118.0
1393198283706	229.0	72.0	42.0	118.0
1393198283715	229.0	72.0	42.0	118.0
1393198283729	229.0	72.0	42.0	118.0
1393198283735	219.0	72.0	42.0	117.0
1393198283747	219.0	72.0	41.0	117.0
1393198283755	219.0	86.0	46.0	102.0
1393198283766	236.0	88.0	48.0	99.0
1393198283780	236.0	89.0	49.0	98.0
1393198283786	236.0	94.0	85.0	90.0
1393198283796	236.0	87.0	53.0	100.0
1393198283805	241.0	86.0	56.0	102.0
1393198283815	241.0	85.0	59.0	103.0
1393198283832	241.0	83.0	63.0	105.0
1393198283835	241.0	80.0	69.0	108.0
1393198283846	257.0	74.0	76.0	114.0
1393198283855	257.0	97.0	85.0	90.0
1393198283867	257.0	27.0	85.0	146.0
1393198283880	257.0	63.0	78.0	111.0
1393198283886	269.0	73.0	69.0	102.0
1393198283901	269.0	79.0	59.0	97.0
1393198283906	269.0	83.0	49.0	94.0
1393198283918	275.0	86.0	41.0	91.0
1393198283939	275.0	89.0	35.0	89.0
1393198283944	275.0	90.0	29.0	88.0
1393198283949	275.0	92.0	25.0	87.0
1393198283957	280.0	92.0	22.0	86.0
1393198283968	280.0	93.0	19.0	86.0
1393198283982	280.0	93.0	17.0	85.0
1393198283996	280.0	94.0	16.0	85.0
1393198283999	273.0	94.0	15.0	85.0
1393198284006	273.0	94.0	15.0	85.0
1393198284015	273.0	94.0	15.0	86.0
1393198284028	259.0	93.0	16.0	88.0
1393198284035	259.0	93.0	19.0	90.0
1393198284045	259.0	91.0	23.0	93.0
1393198284066	248.0	76.0	55.0	106.0
1393198284084	248.0	94.0	8.0	100.0
1393198284087	248.0	9.0	77.0	175.0
1393198284103	248.0	13.0	76.0	171.0
1393198284105	236.0	17.0	76.0	167.0
1393198284115	236.0	20.0	75.0	163.0
1393198284127	236.0	24.0	75.0	160.0
1393198284135	236.0	27.0	75.0	158.0
1393198284145	246.0	28.0	76.0	156.0
1393198284155	246.0	93.0	44.0	93.0
1393198284166	246.0	94.0	45.0	92.0
1393198284178	259.0	94.0	46.0	92.0
1393198284186	259.0	94.0	47.0	93.0
1393198284197	259.0	94.0	49.0	93.0
1393198284205	259.0	94.0	50.0	93.0
1393198284215	270.0	95.0	53.0	92.0
1393198284227	270.0	95.0	56.0	92.0
1393198284235	270.0	96.0	61.0	92.0
1393198284246	270.0	96.0	66.0	93.0
1393198284255	284.0	93.0	72.0	96.0
1393198284266	284.0	82.0	79.0	107.0
1393198284278	284.0	42.0	84.0	147.0
1393198284285	284.0	27.0	82.0	144.0
1393198284295	288.0	51.0	74.0	121.0
1393198284310	288.0	62.0	65.0	112.0
1393198284315	288.0	69.0	56.0	106.0
1393198284327	291.0	76.0	46.0	102.0
1393198284336	291.0	81.0	38.0	98.0
1393198284346	291.0	85.0	30.0	95.0
1393198284355	291.0	89.0	23.0	92.0
1393198284366	296.0	91.0	18.0	89.0
1393198284376	296.0	92.0	13.0	88.0
1393198284385	296.0	93.0	10.0	87.0
1393198284395	296.0	93.0	8.0	87.0
1393198284406	291.0	94.0	6.0	86.0
1393198284418	291.0	94.0	5.0	85.0
1393198284428	291.0	94.0	4.0	85.0
1393198284436	291.0	94.0	3.0	86.0
1393198284446	274.0	94.0	3.0	88.0
1393198284456	274.0	94.0	3.0	91.0
1393198284467	274.0	94.0	3.0	95.0
1393198284477	265.0	94.0	4.0	98.0
1393198284486	265.0	92.0	8.0	103.0
1393198284496	265.0	86.0	22.0	109.0
1393198284506	265.0	84.0	25.0	109.0
1393198284516	255.0	83.0	27.0	109.0
1393198284526	255.0	82.0	29.0	108.0
1393198284536	255.0	81.0	30.0	109.0
1393198284548	255.0	81.0	31.0	109.0
1393198284556	261.0	80.0	32.0	109.0
1393198284566	261.0	80.0	32.0	110.0
1393198284577	261.0	80.0	32.0	110.0
1393198284586	271.0	91.0	48.0	94.0
1393198284597	271.0	92.0	49.0	94.0
1393198284612	271.0	92.0	50.0	93.0
1393198284617	271.0	93.0	52.0	92.0
1393198284627	283.0	94.0	54.0	92.0
1393198284638	283.0	95.0	56.0	91.0
1393198284652	283.0	95.0	60.0	91.0
1393198284657	283.0	96.0	64.0	90.0
1393198284666	295.0	97.0	70.0	90.0
1393198284677	295.0	96.0	77.0	91.0
1393198284686	295.0	93.0	85.0	94.0
1393198284711	296.0	80.0	75.0	94.0
1393198284716	296.0	83.0	63.0	92.0
1393198284733	296.0	86.0	51.0	90.0
1393198284736	299.0	88.0	41.0	88.0
1393198284746	299.0	90.0	33.0	87.0
1393198284759	299.0	92.0	27.0	86.0
1393198284766	299.0	92.0	22.0	85.0
1393198284777	299.0	93.0	17.0	84.0
1393198284788	299.0	93.0	14.0	83.0
1393198284796	299.0	94.0	11.0	84.0
1393198284806	299.0	94.0	10.0	84.0
1393198284816	287.0	94.0	9.0	85.0
1393198284827	287.0	94.0	9.0	87.0
1393198284836	287.0	93.0	9.0	88.0
1393198284847	287.0	93.0	10.0	91.0
1393198284858	271.0	92.0	12.0	93.0
1393198284867	271.0	91.0	17.0	98.0
1393198284881	271.0	83.0	29.0	107.0
1393198284888	262.0	51.0	54.0	134.0
1393198284901	262.0	49.0	55.0	136.0
1393198284918	262.0	47.0	56.0	137.0
1393198284925	262.0	45.0	57.0	139.0
1393198284928	259.0	43.0	58.0	140.0
1393198284937	259.0	42.0	59.0	141.0
1393198284947	259.0	40.0	59.0	142.0
1393198284964	259.0	40.0	59.0	142.0
1393198284968	277.0	95.0	46.0	88.0
1393198284981	277.0	98.0	47.0	85.0
1393198284990	277.0	100.0	49.0	84.0
1393198285000	277.0	99.0	50.0	85.0
1393198285007	287.0	99.0	52.0	86.0
1393198285017	287.0	98.0	54.0	86.0
1393198285028	287.0	98.0	56.0	87.0
1393198285039	299.0	98.0	60.0	88.0
1393198285046	299.0	98.0	64.0	89.0
1393198285058	299.0	99.0	69.0	89.0
1393198285067	299.0	101.0	75.0	87.0
1393198285077	312.0	111.0	81.0	77.0
1393198285090	312.0	171.0	87.0	18.0
1393198285106	312.0	93.0	70.0	79.0
1393198285108	312.0	93.0	70.0	79.0
1393198285117	310.0	88.0	59.0	84.0
1393198285127	310.0	86.0	50.0	88.0
1393198285151	310.0	86.0	42.0	91.0
1393198285181	310.0	86.0	35.0	92.0
1393198285186	307.0	87.0	29.0	92.0
1393198285188	307.0	89.0	24.0	90.0
1393198285190	307.0	91.0	20.0	88.0
1393198285205	310.0	92.0	17.0	86.0
1393198285206	310.0	93.0	14.0	85.0
1393198285228	310.0	93.0	12.0	84.0
1393198285229	310.0	93.0	12.0	85.0
1393198285230	300.0	93.0	11.0	85.0
1393198285236	300.0	93.0	11.0	86.0
1393198285249	300.0	93.0	11.0	87.0
1393198285257	300.0	93.0	11.0	87.0
1393198285266	284.0	94.0	13.0	86.0
1393198285276	284.0	93.0	15.0	89.0
1393198285288	284.0	91.0	22.0	94.0
1393198285296	284.0	82.0	38.0	104.0
1393198285307	276.0	51.0	65.0	130.0
1393198285338	276.0	48.0	67.0	132.0
1393198285343	276.0	45.0	68.0	134.0
1393198285349	278.0	41.0	70.0	138.0
1393198285366	278.0	99.0	22.0	78.0
1393198285368	278.0	39.0	69.0	140.0
1393198285377	273.0	98.0	50.0	85.0
1393198285419	273.0	99.0	51.0	86.0
1393198285422	273.0	99.0	53.0	86.0
1393198285424	273.0	99.0	56.0	87.0
1393198285428	276.0	99.0	58.0	87.0
1393198285431	276.0	99.0	61.0	87.0
1393198285437	276.0	99.0	64.0	87.0
1393198285448	288.0	100.0	68.0	86.0
1393198285458	288.0	101.0	72.0	85.0
1393198285467	288.0	104.0	77.0	83.0
1393198285477	288.0	110.0	83.0	78.0
1393198285488	296.0	149.0	88.0	38.0
1393198285497	296.0	93.0	84.0	79.0
1393198285508	296.0	83.0	77.0	90.0
1393198285516	296.0	79.0	70.0	95.0
1393198285527	295.0	79.0	63.0	96.0
1393198285540	295.0	81.0	56.0	95.0
1393198285558	295.0	87.0	42.0	90.0
1393198285567	297.0	89.0	36.0	88.0
1393198285576	297.0	90.0	30.0	87.0
1393198285588	297.0	91.0	26.0	86.0
1393198285596	298.0	92.0	22.0	86.0
1393198285606	298.0	92.0	19.0	86.0
1393198285617	298.0	93.0	16.0	86.0
1393198285627	298.0	93.0	14.0	86.0
1393198285640	291.0	93.0	13.0	85.0
1393198285647	291.0	94.0	12.0	85.0
1393198285657	291.0	94.0	14.0	85.0
1393198285666	291.0	94.0	13.0	86.0
1393198285676	279.0	93.0	15.0	88.0
1393198285689	279.0	92.0	19.0	90.0
1393198285696	279.0	90.0	28.0	94.0
1393198285707	279.0	77.0	51.0	106.0
1393198285716	262.0	18.0	76.0	166.0
1393198285726	262.0	25.0	75.0	159.0
1393198285739	262.0	31.0	75.0	152.0
1393198285746	265.0	38.0	74.0	146.0
1393198285756	265.0	44.0	73.0	140.0
1393198285766	265.0	49.0	73.0	136.0
1393198285777	265.0	51.0	72.0	134.0
1393198285790	268.0	51.0	72.0	134.0
1393198285797	268.0	100.0	47.0	81.0
1393198285807	268.0	100.0	49.0	82.0
1393198285819	268.0	99.0	50.0	83.0
1393198285827	269.0	99.0	52.0	83.0
1393198285840	269.0	100.0	54.0	83.0
1393198285847	269.0	101.0	56.0	82.0
1393198285861	269.0	101.0	59.0	82.0
1393198285870	275.0	101.0	61.0	83.0
1393198285877	275.0	100.0	64.0	85.0
1393198285889	275.0	98.0	68.0	87.0
1393198285897	280.0	95.0	72.0	90.0
1393198285907	280.0	90.0	76.0	96.0
1393198285919	280.0	84.0	79.0	103.0
1393198285928	280.0	70.0	83.0	117.0
1393198285939	285.0	37.0	85.0	150.0
1393198285947	285.0	17.0	85.0	156.0
1393198285957	285.0	46.0	80.0	127.0
1393198285971	285.0	60.0	75.0	114.0
1393198285997	289.0	163.0	59.0	101.0
1393198286000	289.0	81.0	51.0	96.0
1393198286025	289.0	85.0	43.0	93.0
1393198286027	293.0	95.0	44.0	85.0
1393198286031	293.0	89.0	31.0	91.0
1393198286038	293.0	90.0	26.0	91.0
1393198286047	291.0	90.0	23.0	91.0
1393198286057	291.0	91.0	21.0	91.0
1393198286071	291.0	91.0	19.0	91.0
1393198286082	291.0	92.0	18.0	89.0
1393198286087	284.0	93.0	17.0	88.0
1393198286097	284.0	93.0	18.0	87.0
1393198286115	284.0	92.0	19.0	90.0
1393198286121	284.0	90.0	24.0	94.0
1393198286127	273.0	85.0	32.0	102.0
1393198286139	273.0	69.0	52.0	115.0
1393198286147	273.0	30.0	77.0	155.0
1393198286158	264.0	36.0	76.0	149.0
1393198286173	264.0	41.0	75.0	144.0
1393198286178	264.0	44.0	74.0	140.0
1393198286190	264.0	47.0	73.0	138.0
1393198286197	264.0	49.0	73.0	136.0
1393198286208	264.0	98.0	45.0	84.0
1393198286217	264.0	98.0	46.0	85.0
1393198286228	264.0	97.0	47.0	86.0
1393198286239	269.0	96.0	49.0	88.0
1393198286247	269.0	96.0	51.0	88.0
1393198286266	269.0	96.0	54.0	89.0
1393198286273	269.0	96.0	57.0	89.0
1393198286289	275.0	85.0	40.0	96.0
1393198286300	275.0	89.0	34.0	91.0
1393198286304	275.0	95.0	69.0	90.0
1393198286307	283.0	95.0	73.0	90.0
1393198286318	283.0	97.0	78.0	89.0
1393198286327	283.0	97.0	82.0	89.0
1393198286338	283.0	89.0	87.0	97.0
1393198286348	283.0	57.0	88.0	116.0
1393198286357	283.0	70.0	82.0	103.0
1393198286368	283.0	73.0	76.0	100.0
1393198286380	283.0	75.0	70.0	99.0
1393198286390	283.0	77.0	64.0	98.0
1393198286398	283.0	80.0	57.0	96.0
1393198286409	283.0	83.0	50.0	94.0
1393198286422	283.0	86.0	42.0	92.0
1393198286427	288.0	99.0	85.0	90.0
1393198286441	288.0	90.0	29.0	89.0
1393198286448	288.0	91.0	25.0	89.0
1393198286459	291.0	91.0	21.0	89.0
1393198286469	291.0	91.0	19.0	90.0
1393198286477	291.0	92.0	17.0	90.0
1393198286490	291.0	92.0	16.0	91.0
1393198286497	285.0	92.0	15.0	91.0
1393198286508	285.0	92.0	16.0	91.0
1393198286523	285.0	92.0	15.0	92.0
1393198286528	285.0	90.0	20.0	96.0
1393198286538	279.0	81.0	35.0	106.0
1393198286547	279.0	28.0	66.0	150.0
1393198286558	279.0	24.0	67.0	154.0
1393198286568	279.0	20.0	68.0	158.0
1393198286578	275.0	17.0	68.0	161.0
1393198286589	275.0	14.0	69.0	163.0
1393198286600	275.0	12.0	69.0	165.0
1393198286608	287.0	95.0	42.0	89.0
1393198286623	287.0	98.0	44.0	86.0
1393198286628	287.0	100.0	46.0	83.0
1393198286639	287.0	100.0	49.0	83.0
1393198286650	295.0	100.0	52.0	83.0
1393198286671	295.0	100.0	55.0	83.0
1393198286675	295.0	101.0	58.0	83.0
1393198286679	295.0	102.0	61.0	82.0
1393198286692	302.0	105.0	64.0	79.0
1393198286700	302.0	107.0	67.0	77.0
1393198286711	302.0	109.0	69.0	75.0
1393198286720	302.0	112.0	72.0	72.0
1393198286728	308.0	116.0	74.0	68.0
1393198286738	308.0	122.0	76.0	62.0
1393198286750	308.0	128.0	77.0	56.0
1393198286758	314.0	134.0	78.0	50.0
1393198286770	314.0	138.0	79.0	46.0
1393198286778	314.0	144.0	79.0	40.0
1393198286788	314.0	151.0	79.0	34.0
1393198286797	319.0	156.0	79.0	28.0
1393198286809	319.0	159.0	78.0	25.0
1393198286820	319.0	160.0	78.0	24.0
1393198286830	319.0	161.0	78.0	23.0
1393198286841	318.0	164.0	78.0	21.0
1393198286850	318.0	169.0	79.0	16.0
1393198286858	318.0	176.0	79.0	9.0
1393198286869	313.0	175.0	79.0	1.0
1393198286878	313.0	168.0	79.0	7.0
1393198286890	313.0	164.0	79.0	11.0
1393198286898	313.0	162.0	79.0	12.0
1393198286908	312.0	162.0	80.0	12.0
1393198286922	312.0	163.0	81.0	12.0
1393198286928	312.0	163.0	81.0	11.0
1393198286939	312.0	164.0	81.0	10.0
1393198286954	313.0	165.0	81.0	10.0
1393198286958	313.0	166.0	81.0	9.0
1393198286970	313.0	167.0	81.0	7.0
1393198286978	313.0	170.0	81.0	4.0
1393198286988	314.0	174.0	81.0	1.0
1393198286998	314.0	179.0	81.0	4.0
1393198287010	314.0	177.0	81.0	9.0
1393198287019	315.0	173.0	81.0	13.0
1393198287028	315.0	170.0	81.0	16.0
1393198287038	315.0	169.0	81.0	17.0
1393198287048	315.0	170.0	80.0	16.0
1393198287058	317.0	171.0	79.0	15.0
1393198287071	317.0	172.0	78.0	14.0
1393198287078	317.0	174.0	78.0	12.0
1393198287088	317.0	175.0	78.0	11.0
1393198287101	317.0	177.0	78.0	9.0
1393198287123	317.0	178.0	80.0	8.0
1393198287124	317.0	178.0	80.0	8.0
1393198287133	317.0	179.0	80.0	7.0
1393198287139	313.0	179.0	81.0	5.0
1393198287148	313.0	177.0	81.0	4.0
1393198287158	313.0	178.0	81.0	4.0
1393198287169	311.0	180.0	81.0	6.0
1393198287178	311.0	177.0	81.0	9.0
1393198287190	311.0	173.0	81.0	13.0
1393198287198	311.0	169.0	81.0	17.0
1393198287208	312.0	165.0	81.0	21.0
1393198287218	312.0	163.0	80.0	23.0
1393198287228	312.0	163.0	80.0	23.0
1393198287238	312.0	163.0	80.0	23.0
1393198287252	312.0	163.0	79.0	23.0
1393198287270	312.0	166.0	80.0	20.0
1393198287278	312.0	167.0	80.0	19.0
1393198287291	309.0	168.0	80.0	18.0
1393198287298	309.0	169.0	80.0	18.0
1393198287311	309.0	167.0	81.0	19.0
1393198287321	308.0	164.0	81.0	22.0
1393198287328	308.0	161.0	81.0	25.0
1393198287339	308.0	162.0	81.0	25.0
1393198287368	308.0	163.0	82.0	23.0
1393198287370	308.0	161.0	82.0	26.0
1393198287387	308.0	160.0	82.0	26.0
1393198287388	308.0	160.0	81.0	26.0
1393198287390	308.0	160.0	81.0	26.0
1393198287404	309.0	159.0	80.0	27.0
1393198287442	309.0	158.0	80.0	29.0
1393198287471	309.0	155.0	80.0	31.0
1393198287472	309.0	153.0	80.0	33.0
1393198287473	309.0	154.0	80.0	32.0
