1392870897642	3575.0	2.0	86.0	68.0
1392870897651	3575.0	2.0	86.0	68.0
1392870897662	3575.0	1.0	86.0	69.0
1392870897671	3576.0	1.0	86.0	69.0
1392870897681	3576.0	1.0	86.0	69.0
1392870897691	3576.0	1.0	86.0	69.0
1392870897701	3576.0	1.0	86.0	69.0
1392870897711	3578.0	1.0	86.0	69.0
1392870897721	3578.0	2.0	86.0	68.0
1392870897735	3578.0	2.0	86.0	68.0
1392870897741	3573.0	1.0	86.0	68.0
1392870897751	3573.0	1.0	86.0	69.0
1392870897762	3573.0	1.0	86.0	69.0
1392870897771	3573.0	1.0	86.0	69.0
1392870897781	3572.0	1.0	86.0	69.0
1392870897792	3572.0	1.0	86.0	69.0
1392870897802	3572.0	1.0	86.0	69.0
1392870897818	3578.0	1.0	86.0	69.0
1392870897823	3578.0	1.0	86.0	68.0
1392870897832	3578.0	2.0	86.0	68.0
1392870897842	3578.0	2.0	86.0	67.0
1392870897852	3579.0	2.0	86.0	67.0
1392870897862	3579.0	3.0	86.0	67.0
1392870897872	3579.0	3.0	86.0	66.0
1392870897883	3579.0	4.0	86.0	66.0
1392870897894	3578.0	4.0	86.0	65.0
1392870897902	3578.0	5.0	86.0	65.0
1392870897913	3578.0	5.0	86.0	65.0
1392870897922	3576.0	5.0	86.0	65.0
1392870897933	3576.0	4.0	86.0	65.0
1392870897945	3576.0	4.0	86.0	65.0
1392870897953	3576.0	4.0	86.0	66.0
1392870897964	3580.0	3.0	86.0	66.0
1392870897973	3580.0	2.0	86.0	67.0
1392870897983	3580.0	2.0	86.0	67.0
1392870897999	3581.0	2.0	86.0	67.0
1392870898004	3581.0	2.0	86.0	67.0
1392870898015	3581.0	2.0	86.0	67.0
1392870898023	3581.0	2.0	86.0	67.0
1392870898033	3585.0	3.0	86.0	67.0
1392870898045	3585.0	3.0	86.0	66.0
1392870898053	3585.0	3.0	86.0	66.0
1392870898146	3589.0	31.0	69.0	98.0
1392870898149	3589.0	4.0	86.0	66.0
1392870898150	3589.0	4.0	86.0	65.0
1392870898151	3589.0	4.0	86.0	65.0
1392870898153	3587.0	4.0	86.0	65.0
1392870898155	3587.0	4.0	86.0	65.0
1392870898157	3587.0	5.0	86.0	65.0
1392870898162	3587.0	160.0	86.0	64.0
1392870898163	3586.0	5.0	86.0	64.0
1392870898165	3586.0	6.0	86.0	64.0
1392870898221	3586.0	5.0	86.0	64.0
1392870898223	3590.0	5.0	86.0	64.0
1392870898228	3590.0	5.0	86.0	64.0
1392870898229	3590.0	5.0	86.0	64.0
1392870898232	3590.0	5.0	86.0	64.0
1392870898233	3585.0	5.0	86.0	64.0
1392870898235	3585.0	5.0	86.0	64.0
1392870898236	3585.0	5.0	86.0	64.0
1392870898247	3589.0	5.0	86.0	64.0
1392870898265	3589.0	5.0	86.0	64.0
1392870898266	3589.0	5.0	86.0	64.0
1392870898272	3589.0	5.0	86.0	64.0
1392870898282	3587.0	5.0	86.0	64.0
1392870898295	3587.0	5.0	86.0	65.0
1392870898303	3587.0	5.0	86.0	65.0
1392870898315	3587.0	4.0	86.0	65.0
1392870898323	3587.0	4.0	86.0	65.0
1392870898333	3587.0	4.0	86.0	66.0
1392870898343	3587.0	4.0	86.0	66.0
1392870898352	3588.0	4.0	86.0	66.0
1392870898368	3588.0	4.0	86.0	66.0
1392870898374	3588.0	3.0	86.0	66.0
1392870898384	3588.0	3.0	86.0	66.0
1392870898395	3589.0	3.0	86.0	66.0
1392870898403	3589.0	3.0	86.0	66.0
1392870898413	3589.0	3.0	86.0	66.0
1392870898426	3586.0	3.0	86.0	67.0
1392870898435	3586.0	2.0	86.0	67.0
1392870898446	3586.0	2.0	86.0	67.0
1392870898453	3586.0	2.0	86.0	67.0
1392870898463	3582.0	2.0	86.0	67.0
1392870898475	3582.0	2.0	86.0	67.0
1392870898483	3582.0	2.0	86.0	67.0
1392870898498	3582.0	2.0	86.0	67.0
1392870898503	3580.0	2.0	86.0	67.0
1392870898513	3580.0	2.0	86.0	67.0
1392870898526	3580.0	2.0	86.0	67.0
1392870898532	3582.0	2.0	86.0	67.0
1392870898546	3582.0	2.0	86.0	67.0
1392870898576	3582.0	34.0	67.0	38.0
1392870898577	3582.0	3.0	86.0	67.0
1392870898580	3576.0	3.0	86.0	66.0
1392870898584	3576.0	3.0	86.0	66.0
1392870898596	3576.0	3.0	86.0	66.0
1392870898603	3580.0	3.0	86.0	66.0
1392870898613	3580.0	4.0	86.0	66.0
1392870898633	3580.0	5.0	86.0	65.0
1392870898658	3583.0	5.0	86.0	65.0
1392870898662	3583.0	5.0	86.0	65.0
1392870898665	3583.0	5.0	86.0	65.0
1392870898684	3582.0	5.0	86.0	65.0
1392870898688	3582.0	5.0	86.0	64.0
1392870898693	3582.0	5.0	86.0	64.0
1392870898702	3582.0	5.0	86.0	64.0
1392870898712	3574.0	6.0	86.0	64.0
1392870898723	3574.0	6.0	86.0	63.0
1392870898732	3574.0	6.0	86.0	63.0
1392870898743	3574.0	6.0	86.0	63.0
1392870898752	3575.0	7.0	86.0	63.0
1392870898763	3575.0	7.0	86.0	63.0
1392870898775	3575.0	7.0	86.0	63.0
1392870898783	3579.0	7.0	86.0	63.0
1392870898794	3579.0	7.0	86.0	63.0
1392870898804	3579.0	7.0	86.0	62.0
1392870898813	3579.0	7.0	87.0	62.0
1392870898825	3575.0	8.0	87.0	62.0
1392870898832	3575.0	8.0	87.0	62.0
1392870898843	3575.0	8.0	87.0	62.0
1392870898853	3577.0	8.0	87.0	62.0
1392870898863	3577.0	7.0	87.0	62.0
1392870898875	3577.0	7.0	87.0	63.0
1392870898883	3577.0	7.0	87.0	63.0
1392870898893	3582.0	7.0	87.0	63.0
1392870898907	3582.0	7.0	87.0	63.0
1392870898913	3582.0	7.0	87.0	63.0
1392870898924	3582.0	8.0	87.0	62.0
1392870898933	3582.0	8.0	87.0	62.0
1392870898943	3582.0	9.0	87.0	61.0
1392870898955	3582.0	9.0	87.0	61.0
1392870898963	3584.0	9.0	87.0	61.0
1392870898973	3584.0	9.0	87.0	61.0
1392870898982	3584.0	8.0	87.0	62.0
1392870898993	3584.0	8.0	87.0	62.0
1392870899008	3583.0	7.0	87.0	62.0
1392870899013	3583.0	7.0	87.0	63.0
1392870899025	3583.0	7.0	87.0	63.0
1392870899033	3586.0	7.0	87.0	63.0
1392870899043	3586.0	7.0	87.0	63.0
1392870899060	3586.0	7.0	87.0	63.0
1392870899063	3586.0	7.0	87.0	63.0
1392870899073	3581.0	7.0	87.0	63.0
1392870899086	3581.0	6.0	87.0	63.0
1392870899100	3581.0	6.0	87.0	64.0
1392870899105	3585.0	6.0	87.0	64.0
1392870899113	3585.0	5.0	87.0	64.0
1392870899123	3585.0	5.0	87.0	65.0
1392870899135	3585.0	4.0	87.0	65.0
1392870899144	3583.0	4.0	87.0	66.0
1392870899154	3583.0	3.0	87.0	66.0
1392870899163	3583.0	3.0	87.0	67.0
1392870899174	3583.0	2.0	87.0	67.0
1392870899183	3583.0	2.0	87.0	68.0
1392870899193	3583.0	2.0	87.0	68.0
1392870899205	3583.0	1.0	87.0	68.0
1392870899213	3582.0	1.0	87.0	69.0
1392870899223	3582.0	0.0	87.0	69.0
1392870899237	3582.0	0.0	87.0	70.0
1392870899248	3582.0	1.0	87.0	71.0
1392870899254	3583.0	2.0	87.0	72.0
1392870899292	3583.0	4.0	87.0	73.0
1392870899293	3578.0	4.0	87.0	74.0
1392870899295	3578.0	4.0	87.0	73.0
1392870899306	3578.0	3.0	87.0	73.0
1392870899313	3578.0	2.0	87.0	72.0
1392870899330	3584.0	1.0	87.0	71.0
1392870899343	3584.0	0.0	87.0	70.0
1392870899345	3584.0	1.0	87.0	69.0
1392870899360	3594.0	3.0	87.0	67.0
1392870899379	3594.0	5.0	87.0	64.0
1392870899381	3594.0	8.0	87.0	62.0
1392870899393	3594.0	10.0	87.0	60.0
1392870899394	3602.0	13.0	87.0	57.0
1392870899405	3602.0	16.0	87.0	54.0
1392870899413	3602.0	19.0	87.0	50.0
1392870899435	3602.0	25.0	87.0	46.0
1392870899437	3607.0	29.0	87.0	41.0
1392870899461	3607.0	34.0	87.0	36.0
1392870899471	3607.0	39.0	87.0	32.0
1392870899473	3615.0	101.0	87.0	22.0
1392870899475	3615.0	48.0	87.0	22.0
1392870899488	3615.0	53.0	87.0	17.0
1392870899493	3615.0	57.0	86.0	13.0
1392870899504	3619.0	61.0	86.0	10.0
1392870899514	3619.0	64.0	86.0	7.0
1392870899523	3619.0	65.0	85.0	5.0
1392870899536	3609.0	67.0	85.0	4.0
1392870899543	3609.0	68.0	85.0	3.0
1392870899553	3609.0	69.0	84.0	2.0
1392870899563	3609.0	71.0	84.0	1.0
1392870899573	3610.0	72.0	84.0	0.0
1392870899584	3610.0	72.0	83.0	1.0
1392870899593	3610.0	27.0	48.0	90.0
1392870899603	3610.0	73.0	83.0	1.0
1392870899620	3595.0	73.0	82.0	1.0
1392870899629	3595.0	72.0	82.0	1.0
1392870899633	3595.0	73.0	82.0	1.0
1392870899643	3568.0	73.0	82.0	1.0
1392870899653	3568.0	74.0	81.0	2.0
1392870899664	3568.0	75.0	81.0	3.0
1392870899673	3568.0	76.0	81.0	4.0
1392870899685	3527.0	77.0	80.0	5.0
1392870899694	3527.0	79.0	80.0	6.0
1392870899704	3527.0	79.0	80.0	7.0
1392870899724	3452.0	11.0	5.0	109.0
1392870899726	3452.0	80.0	79.0	7.0
1392870899737	3452.0	80.0	78.0	7.0
1392870899744	3452.0	80.0	78.0	7.0
1392870899753	3331.0	80.0	77.0	7.0
1392870899764	3331.0	81.0	77.0	7.0
1392870899773	3331.0	81.0	76.0	8.0
1392870899785	3189.0	83.0	76.0	9.0
1392870899793	3189.0	83.0	75.0	9.0
1392870899804	3189.0	84.0	75.0	10.0
1392870899818	3189.0	85.0	74.0	10.0
1392870899823	3057.0	85.0	74.0	11.0
1392870899835	3057.0	86.0	73.0	11.0
1392870899843	3057.0	86.0	73.0	11.0
1392870899853	3057.0	86.0	73.0	11.0
1392870899867	2951.0	86.0	73.0	11.0
1392870899873	2951.0	86.0	73.0	11.0
1392870899887	2951.0	86.0	72.0	11.0
1392870899893	2880.0	86.0	72.0	10.0
1392870899904	2880.0	86.0	72.0	10.0
1392870899924	2880.0	87.0	72.0	10.0
1392870899926	2880.0	87.0	72.0	11.0
1392870899935	2860.0	87.0	72.0	11.0
1392870899944	2860.0	87.0	72.0	10.0
1392870899954	2860.0	86.0	72.0	10.0
1392870899969	2896.0	86.0	72.0	10.0
1392870899974	2896.0	86.0	72.0	9.0
1392870899985	2896.0	85.0	72.0	9.0
1392870899995	2896.0	85.0	72.0	9.0
1392870900005	3007.0	85.0	72.0	9.0
1392870900015	3007.0	85.0	73.0	9.0
1392870900024	3007.0	85.0	73.0	9.0
1392870900034	3007.0	86.0	74.0	10.0
1392870900047	3170.0	86.0	74.0	10.0
1392870900054	3170.0	86.0	75.0	10.0
1392870900068	3170.0	86.0	76.0	10.0
1392870900075	3353.0	85.0	76.0	10.0
1392870900084	3353.0	85.0	77.0	10.0
1392870900094	3353.0	85.0	78.0	11.0
1392870900104	3353.0	86.0	79.0	12.0
1392870900115	3511.0	87.0	79.0	12.0
1392870900124	3511.0	87.0	80.0	13.0
1392870900134	3511.0	88.0	81.0	14.0
1392870900149	3615.0	88.0	81.0	14.0
1392870900161	3615.0	88.0	82.0	15.0
1392870900167	3615.0	88.0	83.0	15.0
1392870900174	3615.0	88.0	84.0	16.0
1392870900184	3667.0	89.0	84.0	17.0
1392870900195	3667.0	91.0	85.0	19.0
1392870900204	3667.0	93.0	86.0	21.0
1392870900214	3690.0	95.0	87.0	23.0
1392870900224	3690.0	99.0	87.0	27.0
1392870900234	3690.0	105.0	88.0	33.0
1392870900244	3690.0	124.0	89.0	53.0
1392870900255	3651.0	170.0	89.0	119.0
1392870900265	3651.0	127.0	89.0	162.0
1392870900274	3651.0	114.0	88.0	175.0
1392870900286	3651.0	108.0	87.0	178.0
1392870900298	3596.0	104.0	87.0	174.0
1392870900304	3596.0	101.0	86.0	172.0
1392870900316	3596.0	101.0	85.0	171.0
1392870900324	3529.0	102.0	84.0	171.0
1392870900336	3529.0	102.0	84.0	172.0
1392870900352	3529.0	103.0	83.0	173.0
1392870900354	3529.0	104.0	83.0	174.0
1392870900378	3472.0	105.0	82.0	175.0
1392870900382	3472.0	106.0	82.0	176.0
1392870900385	3472.0	108.0	82.0	177.0
1392870900398	3469.0	109.0	81.0	178.0
1392870900405	3469.0	110.0	81.0	180.0
1392870900415	3469.0	111.0	81.0	179.0
1392870900425	3469.0	112.0	81.0	179.0
1392870900435	3518.0	113.0	82.0	178.0
1392870900451	3518.0	113.0	82.0	178.0
1392870900454	3518.0	113.0	82.0	178.0
1392870900466	3599.0	114.0	83.0	177.0
1392870900476	3599.0	115.0	83.0	176.0
1392870900485	3599.0	117.0	84.0	174.0
1392870900497	3599.0	120.0	84.0	171.0
1392870900504	3693.0	122.0	85.0	168.0
1392870900514	3693.0	126.0	86.0	165.0
1392870900525	3693.0	130.0	87.0	161.0
1392870900534	3693.0	135.0	87.0	155.0
1392870900545	3761.0	146.0	88.0	145.0
1392870900554	3761.0	171.0	89.0	120.0
1392870900565	3761.0	147.0	89.0	78.0
1392870900574	3753.0	118.0	88.0	48.0
1392870900587	3753.0	103.0	88.0	34.0
1392870900594	3753.0	95.0	87.0	26.0
1392870900604	3753.0	90.0	86.0	20.0
1392870900615	3708.0	86.0	85.0	16.0
1392870900625	3708.0	83.0	85.0	13.0
1392870900634	3708.0	81.0	84.0	11.0
1392870900649	3608.0	80.0	83.0	10.0
1392870900657	3608.0	79.0	83.0	9.0
1392870900669	3608.0	79.0	82.0	9.0
1392870900676	3608.0	79.0	81.0	9.0
1392870900686	3450.0	79.0	81.0	9.0
1392870900700	3450.0	79.0	80.0	9.0
1392870900709	3450.0	79.0	80.0	8.0
1392870900716	3450.0	78.0	79.0	7.0
1392870900734	3250.0	77.0	79.0	6.0
1392870900739	3250.0	75.0	78.0	5.0
1392870900746	3250.0	74.0	78.0	3.0
1392870900763	3072.0	73.0	77.0	2.0
1392870900778	3072.0	72.0	77.0	1.0
1392870900782	3072.0	71.0	77.0	0.0
1392870900786	3072.0	70.0	77.0	1.0
1392870900803	2938.0	69.0	77.0	1.0
1392870900807	2938.0	69.0	78.0	1.0
1392870900816	2938.0	68.0	78.0	2.0
1392870900833	2806.0	68.0	78.0	2.0
1392870900836	2806.0	69.0	78.0	1.0
1392870900849	2806.0	69.0	78.0	1.0
1392870900859	2806.0	70.0	77.0	0.0
1392870900865	2675.0	71.0	77.0	0.0
1392870900880	2675.0	71.0	77.0	1.0
1392870900886	2675.0	71.0	77.0	1.0
1392870900896	2580.0	71.0	77.0	1.0
1392870900908	2580.0	71.0	77.0	1.0
1392870900920	2580.0	71.0	77.0	2.0
1392870900927	2580.0	72.0	76.0	2.0
1392870900940	2521.0	72.0	76.0	3.0
1392870900950	2521.0	73.0	76.0	3.0
1392870900959	2521.0	73.0	76.0	3.0
1392870900969	2521.0	74.0	76.0	4.0
1392870900975	2511.0	74.0	75.0	4.0
1392870900985	2511.0	75.0	75.0	5.0
1392870900995	2511.0	76.0	75.0	6.0
1392870901005	2584.0	78.0	75.0	7.0
1392870901016	2584.0	79.0	75.0	8.0
1392870901027	2584.0	80.0	75.0	10.0
1392870901035	2584.0	81.0	75.0	10.0
1392870901045	2743.0	82.0	75.0	11.0
1392870901060	2743.0	82.0	76.0	11.0
1392870901067	2743.0	82.0	76.0	12.0
1392870901075	2942.0	83.0	77.0	12.0
1392870901085	2942.0	83.0	77.0	12.0
1392870901097	2942.0	83.0	77.0	12.0
1392870901109	2942.0	83.0	78.0	12.0
1392870901116	3156.0	84.0	78.0	12.0
1392870901126	3156.0	84.0	78.0	13.0
1392870901135	3156.0	85.0	79.0	13.0
1392870901146	3156.0	86.0	79.0	14.0
1392870901161	3358.0	86.0	80.0	14.0
1392870901166	3358.0	86.0	81.0	14.0
1392870901185	3358.0	8.0	7.0	110.0
1392870901196	3526.0	86.0	83.0	14.0
1392870901212	3526.0	86.0	84.0	14.0
1392870901216	3526.0	86.0	85.0	15.0
1392870901238	3630.0	87.0	86.0	16.0
1392870901240	3630.0	90.0	87.0	19.0
1392870901246	3630.0	96.0	88.0	25.0
1392870901257	3666.0	109.0	89.0	38.0
1392870901265	3666.0	165.0	90.0	94.0
1392870901281	3666.0	118.0	89.0	171.0
1392870901287	3666.0	103.0	88.0	174.0
1392870901308	3638.0	152.0	85.0	137.0
1392870901311	3638.0	98.0	87.0	169.0
1392870901330	3638.0	176.0	85.0	113.0
1392870901333	3574.0	98.0	85.0	169.0
1392870901339	3574.0	99.0	84.0	169.0
1392870901346	3574.0	99.0	84.0	169.0
1392870901361	3574.0	99.0	83.0	170.0
1392870901366	3501.0	99.0	82.0	170.0
1392870901379	3501.0	100.0	82.0	170.0
1392870901386	3501.0	100.0	81.0	170.0
1392870901397	3501.0	101.0	80.0	171.0
1392870901411	3449.0	102.0	80.0	171.0
1392870901415	3449.0	103.0	80.0	172.0
1392870901428	3449.0	103.0	79.0	173.0
1392870901442	3434.0	104.0	79.0	173.0
1392870901446	3434.0	104.0	79.0	173.0
1392870901458	3434.0	104.0	79.0	173.0
1392870901466	3434.0	103.0	79.0	173.0
1392870901477	3466.0	103.0	79.0	172.0
1392870901487	3466.0	102.0	79.0	171.0
1392870901495	3466.0	102.0	80.0	171.0
1392870901506	3524.0	101.0	80.0	171.0
1392870901515	3524.0	101.0	81.0	171.0
1392870901525	3524.0	101.0	81.0	171.0
1392870901536	3524.0	101.0	82.0	170.0
1392870901546	3599.0	100.0	82.0	169.0
1392870901556	3599.0	99.0	83.0	168.0
1392870901565	3599.0	98.0	84.0	167.0
1392870901575	3599.0	96.0	84.0	166.0
1392870901594	3668.0	93.0	85.0	163.0
1392870901602	3668.0	89.0	86.0	159.0
1392870901607	3668.0	83.0	87.0	153.0
1392870901616	3695.0	75.0	87.0	144.0
1392870901626	3695.0	62.0	88.0	132.0
1392870901639	3695.0	44.0	88.0	114.0
1392870901646	3695.0	20.0	88.0	90.0
1392870901657	3677.0	4.0	88.0	66.0
1392870901667	3677.0	22.0	88.0	47.0
1392870901676	3677.0	34.0	87.0	35.0
1392870901689	3629.0	42.0	87.0	28.0
1392870901696	3629.0	30.0	48.0	90.0
1392870901706	3629.0	30.0	48.0	90.0
1392870901716	3629.0	30.0	48.0	90.0
1392870901727	3536.0	29.0	49.0	90.0
1392870901737	3536.0	47.0	83.0	23.0
1392870901746	3536.0	29.0	49.0	90.0
1392870901756	3405.0	29.0	50.0	90.0
1392870901770	3405.0	39.0	81.0	30.0
1392870901776	3405.0	29.0	50.0	90.0
1392870901787	3405.0	35.0	81.0	34.0
1392870901796	3271.0	34.0	81.0	35.0
1392870901806	3271.0	34.0	80.0	35.0
1392870901821	3271.0	37.0	80.0	33.0
1392870901826	3271.0	40.0	80.0	30.0
1392870901839	3092.0	43.0	79.0	26.0
1392870901847	3092.0	46.0	79.0	24.0
1392870901863	3092.0	48.0	78.0	21.0
1392870901871	2902.0	50.0	78.0	19.0
1392870901877	2902.0	52.0	77.0	18.0
1392870901887	2902.0	52.0	77.0	17.0
1392870901897	2902.0	53.0	77.0	17.0
1392870901914	2769.0	53.0	77.0	17.0
1392870901926	2769.0	53.0	77.0	17.0
1392870901928	2769.0	52.0	77.0	17.0
1392870901944	2689.0	53.0	77.0	17.0
1392870901951	2689.0	53.0	77.0	17.0
1392870901956	2689.0	54.0	77.0	16.0
1392870901968	2689.0	54.0	77.0	15.0
1392870901976	2604.0	54.0	77.0	15.0
1392870901986	2604.0	57.0	77.0	13.0
1392870901996	2604.0	58.0	77.0	12.0
1392870902006	2551.0	59.0	77.0	11.0
1392870902019	2551.0	60.0	76.0	10.0
1392870902026	2551.0	61.0	76.0	9.0
1392870902036	2551.0	63.0	76.0	8.0
1392870902048	2568.0	64.0	76.0	7.0
1392870902056	2568.0	65.0	76.0	6.0
1392870902069	2568.0	66.0	76.0	6.0
1392870902076	2568.0	66.0	76.0	5.0
1392870902087	2666.0	67.0	76.0	5.0
1392870902096	2666.0	67.0	76.0	4.0
1392870902107	2666.0	68.0	77.0	3.0
1392870902119	2819.0	70.0	77.0	2.0
1392870902127	2819.0	70.0	78.0	1.0
1392870902146	2819.0	71.0	78.0	1.0
1392870902150	2819.0	71.0	78.0	0.0
1392870902157	2998.0	71.0	79.0	0.0
1392870902173	2998.0	71.0	79.0	1.0
1392870902176	2998.0	70.0	80.0	2.0
1392870902186	3175.0	69.0	80.0	3.0
1392870902199	3175.0	69.0	81.0	3.0
1392870902208	3175.0	70.0	81.0	2.0
1392870902216	3175.0	71.0	81.0	0.0
1392870902226	3343.0	73.0	82.0	2.0
1392870902237	3343.0	74.0	82.0	3.0
1392870902256	3343.0	6.0	6.0	109.0
1392870902259	3343.0	73.0	83.0	1.0
1392870902267	3473.0	70.0	84.0	1.0
1392870902277	3473.0	68.0	85.0	4.0
1392870902300	3473.0	65.0	85.0	6.0
1392870902303	3561.0	63.0	86.0	8.0
1392870902308	3561.0	60.0	86.0	11.0
1392870902321	3561.0	54.0	87.0	17.0
1392870902330	3561.0	45.0	88.0	26.0
1392870902341	3596.0	29.0	88.0	42.0
1392870902347	3596.0	2.0	89.0	68.0
1392870902367	3596.0	27.0	89.0	97.0
1392870902370	3592.0	46.0	88.0	116.0
1392870902377	3592.0	57.0	87.0	127.0
1392870902387	3592.0	64.0	87.0	133.0
1392870902397	3592.0	70.0	86.0	139.0
1392870902406	3553.0	29.0	49.0	90.0
1392870902418	3553.0	79.0	85.0	148.0
1392870902429	3553.0	83.0	84.0	152.0
1392870902439	3487.0	85.0	83.0	154.0
1392870902454	3487.0	87.0	83.0	155.0
1392870902459	3487.0	87.0	82.0	155.0
1392870902476	3487.0	88.0	82.0	156.0
1392870902480	3410.0	89.0	81.0	156.0
1392870902487	3410.0	90.0	81.0	157.0
1392870902503	3410.0	91.0	80.0	158.0
1392870902507	3410.0	93.0	80.0	160.0
1392870902522	3371.0	94.0	80.0	161.0
1392870902527	3371.0	95.0	80.0	163.0
1392870902537	3371.0	97.0	80.0	164.0
1392870902552	3371.0	99.0	79.0	166.0
1392870902557	3371.0	100.0	79.0	167.0
1392870902569	3371.0	101.0	79.0	168.0
1392870902577	3371.0	30.0	51.0	90.0
1392870902587	3409.0	101.0	80.0	168.0
1392870902599	3409.0	100.0	80.0	167.0
1392870902607	3409.0	99.0	80.0	167.0
1392870902617	3484.0	98.0	81.0	166.0
1392870902627	3484.0	97.0	82.0	165.0
1392870902637	3484.0	97.0	82.0	164.0
1392870902648	3484.0	96.0	83.0	164.0
1392870902656	3560.0	95.0	84.0	163.0
1392870902667	3560.0	95.0	85.0	163.0
1392870902677	3560.0	93.0	86.0	161.0
1392870902688	3560.0	90.0	87.0	158.0
1392870902697	3582.0	83.0	88.0	151.0
1392870902706	3582.0	66.0	89.0	134.0
1392870902716	3582.0	26.0	89.0	95.0
1392870902730	3579.0	17.0	89.0	51.0
1392870902736	3579.0	39.0	88.0	30.0
1392870902747	3579.0	50.0	88.0	19.0
1392870902756	3579.0	57.0	87.0	12.0
1392870902768	3550.0	62.0	87.0	7.0
1392870902780	3550.0	67.0	86.0	2.0
1392870902786	3550.0	71.0	85.0	1.0
1392870902797	3466.0	73.0	84.0	3.0
1392870902807	3466.0	75.0	83.0	5.0
1392870902818	3466.0	77.0	82.0	6.0
1392870902830	3466.0	77.0	81.0	6.0
1392870902836	3330.0	77.0	81.0	7.0
1392870902848	3330.0	77.0	80.0	6.0
1392870902858	3330.0	77.0	79.0	6.0
1392870902869	3192.0	77.0	79.0	5.0
1392870902881	3192.0	76.0	79.0	5.0
1392870902888	3192.0	27.0	51.0	90.0
1392870902897	3192.0	78.0	78.0	6.0
1392870902907	3042.0	26.0	52.0	90.0
1392870902917	3042.0	80.0	77.0	7.0
1392870902930	3042.0	81.0	77.0	8.0
1392870902948	2859.0	81.0	76.0	8.0
1392870902958	2859.0	23.0	54.0	90.0
1392870902967	2859.0	81.0	75.0	7.0
1392870902980	2695.0	81.0	75.0	7.0
1392870902997	2695.0	80.0	75.0	6.0
1392870903007	2695.0	22.0	55.0	90.0
1392870903017	2551.0	80.0	75.0	6.0
1392870903030	2551.0	81.0	74.0	6.0
1392870903037	2551.0	21.0	56.0	90.0
1392870903048	2412.0	81.0	74.0	6.0
1392870903061	2412.0	82.0	74.0	6.0
1392870903068	2412.0	82.0	73.0	7.0
1392870903080	2412.0	83.0	73.0	7.0
1392870903087	2303.0	83.0	73.0	7.0
1392870903097	2303.0	83.0	73.0	6.0
1392870903109	2303.0	83.0	72.0	6.0
1392870903117	2303.0	83.0	72.0	6.0
1392870903130	2260.0	83.0	72.0	6.0
1392870903137	2260.0	83.0	72.0	6.0
1392870903165	2260.0	83.0	72.0	6.0
1392870903172	2294.0	83.0	72.0	6.0
1392870903176	2294.0	83.0	72.0	6.0
1392870903179	2294.0	83.0	72.0	6.0
1392870903189	2294.0	84.0	73.0	7.0
1392870903206	2403.0	85.0	73.0	7.0
1392870903208	2403.0	86.0	73.0	8.0
1392870903217	2403.0	86.0	73.0	9.0
1392870903228	2565.0	87.0	74.0	9.0
1392870903236	2565.0	87.0	74.0	10.0
1392870903247	2565.0	87.0	75.0	10.0
1392870903261	2565.0	86.0	75.0	9.0
1392870903267	2759.0	86.0	75.0	9.0
1392870903277	2759.0	85.0	76.0	8.0
1392870903287	2759.0	85.0	76.0	8.0
1392870903297	2968.0	85.0	77.0	8.0
1392870903310	2968.0	86.0	77.0	9.0
1392870903317	2968.0	87.0	77.0	10.0
1392870903327	2968.0	87.0	78.0	11.0
1392870903340	3167.0	88.0	78.0	12.0
1392870903349	3167.0	87.0	78.0	11.0
1392870903375	3167.0	87.0	79.0	11.0
1392870903377	3167.0	85.0	80.0	10.0
1392870903379	3363.0	84.0	81.0	9.0
1392870903389	3363.0	82.0	81.0	7.0
1392870903398	3363.0	80.0	82.0	6.0
1392870903410	3509.0	79.0	83.0	5.0
1392870903417	3509.0	78.0	84.0	4.0
1392870903429	3509.0	76.0	85.0	3.0
1392870903438	3509.0	72.0	86.0	1.0
1392870903447	3589.0	67.0	86.0	7.0
1392870903458	3589.0	58.0	87.0	15.0
1392870903467	3589.0	43.0	88.0	30.0
1392870903480	3614.0	16.0	89.0	56.0
1392870903487	3614.0	19.0	89.0	92.0
1392870903497	3614.0	46.0	88.0	118.0
1392870903508	3614.0	60.0	87.0	132.0
1392870903517	3587.0	68.0	87.0	140.0
1392870903527	3587.0	74.0	86.0	146.0
1392870903538	3587.0	79.0	85.0	150.0
1392870903547	3516.0	83.0	84.0	154.0
1392870903558	3516.0	86.0	84.0	157.0
1392870903567	3516.0	88.0	83.0	158.0
1392870903577	3516.0	89.0	82.0	160.0
1392870903592	3454.0	90.0	82.0	161.0
1392870903597	3454.0	92.0	81.0	162.0
1392870903608	3454.0	92.0	81.0	162.0
1392870903617	3454.0	93.0	80.0	163.0
1392870903627	3408.0	93.0	80.0	163.0
1392870903642	3408.0	92.0	80.0	162.0
1392870903647	3408.0	92.0	80.0	162.0
1392870903657	3403.0	92.0	80.0	161.0
1392870903667	3403.0	92.0	80.0	161.0
1392870903677	3403.0	91.0	80.0	161.0
1392870903691	3403.0	91.0	80.0	160.0
1392870903698	3432.0	90.0	80.0	160.0
1392870903709	3432.0	90.0	80.0	159.0
1392870903717	3432.0	89.0	81.0	159.0
1392870903728	3489.0	89.0	81.0	158.0
1392870903741	3489.0	89.0	81.0	158.0
1392870903748	3489.0	89.0	82.0	158.0
1392870903770	3561.0	88.0	83.0	157.0
1392870903780	3561.0	86.0	83.0	155.0
1392870903798	3561.0	82.0	85.0	151.0
1392870903799	3561.0	82.0	85.0	151.0
1392870903808	3629.0	78.0	85.0	147.0
1392870903819	3629.0	73.0	86.0	143.0
1392870903830	3629.0	67.0	86.0	136.0
1392870903838	3659.0	58.0	87.0	128.0
1392870903849	3659.0	47.0	87.0	117.0
1392870903861	3659.0	34.0	88.0	103.0
1392870903869	3659.0	17.0	88.0	86.0
1392870903879	3647.0	2.0	88.0	68.0
1392870903895	3647.0	20.0	87.0	50.0
1392870903901	3647.0	33.0	87.0	37.0
1392870903913	3589.0	41.0	86.0	29.0
1392870903931	3589.0	4.0	5.0	110.0
1392870903937	3589.0	50.0	84.0	20.0
1392870903946	3589.0	53.0	84.0	17.0
1392870903949	3491.0	57.0	83.0	14.0
1392870903959	3491.0	59.0	83.0	11.0
1392870903968	3491.0	61.0	82.0	9.0
1392870903979	3313.0	63.0	81.0	8.0
1392870903990	3313.0	64.0	81.0	7.0
1392870903998	3313.0	65.0	80.0	6.0
1392870904010	3313.0	64.0	79.0	6.0
1392870904021	3075.0	64.0	79.0	6.0
1392870904028	3075.0	63.0	79.0	7.0
1392870904038	3075.0	62.0	78.0	8.0
1392870904048	3075.0	61.0	78.0	9.0
1392870904057	2808.0	60.0	77.0	10.0
1392870904068	2808.0	60.0	77.0	10.0
1392870904079	2808.0	60.0	77.0	10.0
1392870904090	2559.0	61.0	77.0	9.0
1392870904098	2559.0	63.0	76.0	7.0
1392870904109	2559.0	66.0	76.0	4.0
1392870904122	2559.0	68.0	76.0	2.0
1392870904129	2326.0	70.0	75.0	0.0
1392870904140	2326.0	71.0	75.0	2.0
1392870904148	2326.0	72.0	74.0	3.0
1392870904159	2128.0	73.0	74.0	3.0
1392870904172	2128.0	73.0	73.0	4.0
1392870904178	2128.0	73.0	73.0	3.0
1392870904189	2128.0	72.0	73.0	3.0
1392870904202	2008.0	72.0	72.0	2.0
1392870904211	2008.0	72.0	72.0	2.0
1392870904218	2008.0	72.0	72.0	2.0
1392870904229	2008.0	73.0	72.0	3.0
1392870904238	1964.0	74.0	72.0	3.0
1392870904250	1964.0	75.0	72.0	4.0
1392870904260	1964.0	76.0	71.0	5.0
1392870904274	1994.0	76.0	71.0	6.0
1392870904279	1994.0	77.0	71.0	6.0
1392870904290	1994.0	78.0	71.0	7.0
1392870904299	1994.0	78.0	71.0	7.0
1392870904310	2107.0	79.0	71.0	8.0
1392870904320	2107.0	80.0	71.0	9.0
1392870904328	2107.0	80.0	72.0	9.0
1392870904340	2304.0	81.0	72.0	10.0
1392870904351	2304.0	82.0	72.0	11.0
1392870904362	2304.0	82.0	73.0	11.0
1392870904375	2304.0	83.0	73.0	12.0
1392870904390	2544.0	27.0	57.0	90.0
1392870904412	2818.0	84.0	75.0	14.0
1392870904419	2818.0	28.0	54.0	90.0
1392870904435	2818.0	28.0	54.0	90.0
1392870904452	2818.0	86.0	76.0	16.0
1392870904454	3087.0	87.0	77.0	16.0
1392870904459	3087.0	88.0	77.0	17.0
1392870904471	3087.0	89.0	78.0	18.0
1392870904479	3087.0	90.0	79.0	19.0
1392870904492	3333.0	91.0	79.0	20.0
1392870904499	3333.0	92.0	80.0	21.0
1392870904509	3333.0	93.0	81.0	22.0
1392870904519	3537.0	93.0	81.0	22.0
1392870904529	3537.0	93.0	82.0	22.0
1392870904539	3537.0	93.0	83.0	22.0
1392870904549	3537.0	93.0	84.0	23.0
1392870904559	3670.0	93.0	85.0	24.0
1392870904569	3670.0	94.0	86.0	24.0
1392870904581	3670.0	96.0	87.0	26.0
1392870904592	3753.0	97.0	87.0	27.0
1392870904600	3753.0	96.0	88.0	26.0
1392870904623	3753.0	75.0	72.0	141.0
1392870904626	3753.0	7.0	90.0	77.0
1392870904634	3790.0	53.0	89.0	123.0
1392870904639	3790.0	62.0	88.0	131.0
1392870904652	3790.0	66.0	88.0	135.0
1392870904659	3790.0	69.0	87.0	138.0
1392870904672	3790.0	71.0	87.0	140.0
1392870904679	3790.0	73.0	86.0	142.0
1392870904689	3790.0	74.0	86.0	143.0
1392870904701	3769.0	76.0	85.0	144.0
1392870904709	3769.0	76.0	85.0	145.0
1392870904719	3769.0	77.0	84.0	145.0
1392870904729	3769.0	76.0	84.0	145.0
1392870904739	3757.0	76.0	84.0	144.0
1392870904750	3757.0	76.0	83.0	144.0
1392870904759	3757.0	76.0	83.0	144.0
1392870904768	3750.0	76.0	83.0	144.0
1392870904779	3750.0	75.0	83.0	144.0
1392870904790	3750.0	75.0	83.0	144.0
1392870904799	3750.0	75.0	83.0	143.0
1392870904809	3748.0	75.0	83.0	143.0
1392870904819	3748.0	75.0	83.0	143.0
1392870904829	3748.0	75.0	83.0	143.0
1392870904839	3755.0	74.0	83.0	143.0
1392870904850	3755.0	73.0	84.0	142.0
1392870904859	3755.0	73.0	84.0	142.0
1392870904870	3755.0	72.0	84.0	141.0
1392870904882	3762.0	72.0	84.0	141.0
1392870904889	3762.0	71.0	84.0	140.0
1392870904899	3762.0	70.0	85.0	139.0
1392870904910	3762.0	69.0	85.0	138.0
1392870904919	3759.0	69.0	85.0	138.0
1392870904934	3759.0	68.0	85.0	137.0
1392870904939	3759.0	67.0	85.0	136.0
1392870904952	3743.0	66.0	85.0	135.0
1392870904959	3743.0	65.0	86.0	134.0
1392870904969	3743.0	64.0	86.0	133.0
1392870904981	3743.0	63.0	86.0	132.0
1392870904989	3732.0	62.0	86.0	131.0
1392870905000	3732.0	61.0	86.0	130.0
1392870905010	3732.0	60.0	86.0	129.0
1392870905019	3724.0	58.0	87.0	127.0
1392870905032	3724.0	56.0	87.0	126.0
1392870905050	3724.0	53.0	87.0	122.0
1392870905064	3705.0	50.0	87.0	120.0
1392870905079	3705.0	2.0	6.0	110.0
1392870905082	3705.0	46.0	87.0	115.0
1392870905089	3687.0	44.0	87.0	113.0
1392870905111	3687.0	42.0	87.0	111.0
1392870905112	3687.0	39.0	87.0	109.0
1392870905119	3687.0	37.0	87.0	106.0
1392870905131	3674.0	35.0	87.0	104.0
1392870905139	3674.0	32.0	87.0	102.0
1392870905150	3674.0	30.0	87.0	99.0
1392870905160	3674.0	28.0	87.0	97.0
1392870905169	3645.0	26.0	87.0	95.0
1392870905182	3645.0	25.0	87.0	94.0
1392870905189	3645.0	24.0	87.0	92.0
1392870905199	3620.0	22.0	88.0	91.0
1392870905214	3620.0	19.0	88.0	88.0
1392870905219	3620.0	16.0	88.0	85.0
1392870905232	3620.0	13.0	88.0	82.0
1392870905239	3591.0	10.0	88.0	79.0
1392870905249	3591.0	8.0	88.0	77.0
1392870905260	3591.0	7.0	88.0	76.0
1392870905270	3560.0	7.0	88.0	76.0
1392870905279	3560.0	8.0	88.0	77.0
1392870905289	3560.0	8.0	88.0	77.0
1392870905300	3560.0	9.0	88.0	78.0
1392870905310	3520.0	10.0	88.0	79.0
1392870905319	3520.0	11.0	88.0	79.0
1392870905330	3520.0	12.0	88.0	80.0
1392870905340	3520.0	12.0	88.0	81.0
1392870905351	3481.0	12.0	88.0	81.0
1392870905379	3481.0	12.0	88.0	81.0
1392870905382	3481.0	12.0	88.0	81.0
1392870905386	3434.0	12.0	88.0	81.0
1392870905399	3434.0	12.0	88.0	81.0
1392870905411	3434.0	12.0	88.0	81.0
1392870905419	3379.0	30.0	50.0	90.0
1392870905430	3379.0	14.0	88.0	82.0
1392870905442	3379.0	30.0	50.0	90.0
1392870905451	3326.0	16.0	88.0	84.0
1392870905462	3326.0	17.0	88.0	85.0
1392870905470	3326.0	18.0	88.0	86.0
1392870905482	3326.0	18.0	88.0	87.0
1392870905490	3270.0	18.0	88.0	86.0
1392870905500	3270.0	29.0	51.0	90.0
1392870905512	3270.0	13.0	89.0	82.0
1392870905520	3203.0	7.0	89.0	76.0
1392870905530	3203.0	3.0	89.0	66.0
1392870905540	3203.0	29.0	51.0	90.0
1392870905551	3203.0	38.0	89.0	31.0
1392870905562	3127.0	51.0	89.0	18.0
1392870905574	3127.0	60.0	89.0	10.0
1392870905585	3127.0	61.0	89.0	9.0
1392870905591	3127.0	56.0	89.0	14.0
1392870905601	3046.0	48.0	89.0	22.0
1392870905611	3046.0	41.0	89.0	30.0
1392870905620	3046.0	35.0	89.0	36.0
1392870905631	2956.0	31.0	89.0	39.0
1392870905640	2956.0	28.0	89.0	42.0
1392870905650	2956.0	24.0	89.0	46.0
1392870905661	2956.0	18.0	89.0	52.0
1392870905670	2861.0	12.0	89.0	59.0
1392870905695	2861.0	1.0	89.0	69.0
1392870905700	2769.0	2.0	89.0	72.0
1392870905716	2769.0	4.0	89.0	74.0
1392870905720	2769.0	4.0	89.0	75.0
1392870905730	2769.0	4.0	89.0	75.0
1392870905743	2669.0	3.0	89.0	74.0
1392870905751	2669.0	3.0	89.0	74.0
1392870905760	2669.0	3.0	89.0	74.0
1392870905770	2669.0	3.0	89.0	74.0
1392870905784	2566.0	3.0	89.0	74.0
1392870905790	2566.0	4.0	89.0	75.0
1392870905800	2566.0	5.0	89.0	76.0
1392870905812	2463.0	6.0	89.0	77.0
1392870905820	2463.0	8.0	89.0	79.0
1392870905830	2463.0	11.0	89.0	82.0
1392870905844	2463.0	13.0	89.0	84.0
1392870905850	2360.0	14.0	89.0	85.0
1392870905861	2360.0	13.0	89.0	84.0
1392870905871	2360.0	12.0	89.0	83.0
1392870905880	2258.0	10.0	89.0	82.0
1392870905893	2258.0	8.0	89.0	79.0
1392870905899	2258.0	4.0	89.0	75.0
1392870905910	2258.0	0.0	89.0	71.0
1392870905920	2169.0	4.0	89.0	67.0
1392870905932	2169.0	9.0	89.0	63.0
1392870905947	2169.0	13.0	89.0	59.0
1392870905950	2083.0	16.0	89.0	55.0
1392870905960	2083.0	19.0	89.0	52.0
1392870905970	2083.0	22.0	89.0	49.0
1392870905984	2083.0	24.0	89.0	47.0
1392870905992	2005.0	25.0	89.0	47.0
1392870906000	2005.0	25.0	89.0	46.0
1392870906010	2005.0	25.0	88.0	47.0
1392870906019	2005.0	24.0	88.0	48.0
1392870906030	1931.0	23.0	88.0	48.0
1392870906042	1931.0	22.0	88.0	49.0
1392870906050	1931.0	22.0	88.0	49.0
1392870906060	1867.0	22.0	88.0	49.0
1392870906070	1867.0	23.0	88.0	48.0
1392870906080	1867.0	24.0	88.0	47.0
1392870906095	1867.0	25.0	88.0	46.0
1392870906100	1806.0	26.0	88.0	45.0
1392870906111	1806.0	27.0	88.0	45.0
1392870906124	1806.0	27.0	88.0	45.0
1392870906130	1745.0	27.0	88.0	45.0
1392870906143	1745.0	27.0	88.0	44.0
1392870906151	1745.0	28.0	88.0	44.0
1392870906162	1745.0	29.0	88.0	43.0
1392870906172	1692.0	31.0	89.0	41.0
1392870906180	1692.0	34.0	89.0	38.0
1392870906198	1692.0	37.0	89.0	34.0
1392870906200	1644.0	41.0	89.0	31.0
1392870906210	1644.0	44.0	89.0	27.0
1392870906220	1644.0	48.0	89.0	23.0
1392870906230	1644.0	51.0	89.0	20.0
1392870906241	1600.0	54.0	89.0	18.0
1392870906250	1600.0	57.0	89.0	15.0
1392870906260	1600.0	61.0	89.0	11.0
1392870906273	1600.0	65.0	89.0	6.0
1392870906280	1556.0	69.0	89.0	2.0
1392870906292	1556.0	73.0	88.0	1.0
1392870906303	1556.0	76.0	88.0	4.0
1392870906310	1521.0	77.0	88.0	6.0
1392870906323	1521.0	79.0	88.0	7.0
1392870906330	1521.0	81.0	88.0	9.0
1392870906343	1521.0	82.0	88.0	11.0
1392870906352	1481.0	84.0	88.0	12.0
1392870906376	1481.0	84.0	88.0	13.0
1392870906379	1481.0	86.0	88.0	13.0
1392870906383	1444.0	86.0	88.0	14.0
1392870906411	1444.0	87.0	88.0	15.0
1392870906415	1444.0	88.0	88.0	17.0
1392870906421	1444.0	91.0	88.0	20.0
1392870906423	1409.0	91.0	88.0	20.0
1392870906431	1409.0	92.0	88.0	21.0
1392870906442	1409.0	94.0	88.0	22.0
1392870906452	1409.0	94.0	88.0	23.0
1392870906460	1370.0	95.0	88.0	24.0
1392870906472	1370.0	95.0	88.0	24.0
1392870906480	1370.0	96.0	88.0	25.0
1392870906492	1335.0	97.0	88.0	26.0
1392870906500	1335.0	98.0	88.0	26.0
1392870906511	1335.0	98.0	88.0	27.0
1392870906521	1335.0	99.0	88.0	27.0
1392870906531	1301.0	99.0	88.0	28.0
1392870906540	1301.0	99.0	88.0	28.0
1392870906550	1301.0	100.0	88.0	29.0
1392870906561	1264.0	100.0	88.0	29.0
1392870906572	1264.0	100.0	88.0	29.0
1392870906580	1264.0	100.0	88.0	29.0
1392870906592	1264.0	100.0	88.0	29.0
1392870906606	1228.0	100.0	88.0	29.0
1392870906616	1228.0	101.0	88.0	30.0
1392870906625	1228.0	101.0	88.0	31.0
1392870906631	1195.0	102.0	88.0	31.0
1392870906641	1195.0	102.0	88.0	32.0
1392870906654	1195.0	102.0	88.0	32.0
1392870906660	1195.0	102.0	88.0	31.0
1392870906673	1160.0	101.0	88.0	31.0
1392870906680	1160.0	102.0	88.0	31.0
1392870906690	1160.0	102.0	88.0	32.0
1392870906705	1160.0	102.0	88.0	32.0
1392870906711	1124.0	102.0	88.0	32.0
1392870906721	1124.0	102.0	88.0	33.0
1392870906731	1124.0	102.0	88.0	33.0
1392870906741	1088.0	103.0	88.0	33.0
1392870906754	1088.0	103.0	88.0	34.0
1392870906760	1088.0	103.0	88.0	34.0
1392870906772	1088.0	103.0	88.0	33.0
1392870906787	1054.0	102.0	88.0	33.0
1392870906792	1054.0	102.0	88.0	32.0
1392870906803	1054.0	103.0	88.0	33.0
1392870906812	1017.0	103.0	88.0	34.0
1392870906826	1017.0	104.0	88.0	35.0
1392870906833	1017.0	104.0	88.0	35.0
1392870906843	1017.0	103.0	88.0	34.0
1392870906853	982.0	101.0	88.0	32.0
1392870906861	982.0	99.0	88.0	29.0
1392870906871	982.0	98.0	88.0	28.0
1392870906881	982.0	97.0	88.0	28.0
1392870906892	949.0	98.0	88.0	29.0
1392870906907	949.0	99.0	88.0	30.0
1392870906911	949.0	99.0	88.0	30.0
1392870906922	915.0	97.0	88.0	28.0
1392870906937	915.0	95.0	88.0	25.0
1392870906949	915.0	90.0	88.0	21.0
1392870906961	915.0	85.0	88.0	16.0
1392870906964	883.0	80.0	88.0	11.0
1392870906972	883.0	75.0	88.0	7.0
1392870906984	883.0	72.0	88.0	3.0
1392870906991	854.0	70.0	88.0	1.0
1392870907001	854.0	68.0	88.0	1.0
1392870907017	854.0	66.0	88.0	3.0
1392870907023	854.0	64.0	88.0	5.0
1392870907033	826.0	62.0	88.0	8.0
1392870907042	826.0	59.0	88.0	10.0
1392870907053	826.0	57.0	88.0	12.0
1392870907063	801.0	54.0	88.0	14.0
1392870907073	801.0	52.0	88.0	17.0
1392870907086	801.0	49.0	88.0	20.0
1392870907094	801.0	47.0	88.0	21.0
1392870907103	778.0	46.0	88.0	22.0
1392870907114	778.0	45.0	88.0	23.0
1392870907123	778.0	43.0	88.0	25.0
1392870907133	778.0	40.0	88.0	28.0
1392870907143	760.0	37.0	88.0	31.0
1392870907153	760.0	33.0	88.0	35.0
1392870907166	760.0	29.0	88.0	38.0
1392870907171	740.0	26.0	88.0	41.0
1392870907184	740.0	25.0	88.0	43.0
1392870907192	740.0	24.0	88.0	43.0
1392870907211	740.0	25.0	88.0	43.0
1392870907213	725.0	25.0	88.0	42.0
1392870907223	725.0	26.0	88.0	42.0
1392870907236	725.0	26.0	88.0	42.0
1392870907242	709.0	27.0	88.0	41.0
1392870907255	709.0	28.0	88.0	40.0
1392870907261	709.0	30.0	88.0	38.0
1392870907272	709.0	32.0	88.0	35.0
1392870907291	695.0	34.0	88.0	33.0
1392870907295	695.0	36.0	88.0	30.0
1392870907315	695.0	39.0	88.0	28.0
1392870907322	680.0	41.0	88.0	26.0
1392870907324	680.0	43.0	88.0	24.0
1392870907332	680.0	45.0	88.0	22.0
1392870907342	680.0	46.0	88.0	21.0
1392870907362	668.0	47.0	88.0	20.0
1392870907365	668.0	47.0	88.0	19.0
1392870907381	668.0	48.0	88.0	18.0
1392870907383	668.0	48.0	88.0	18.0
1392870907391	656.0	49.0	88.0	18.0
1392870907401	656.0	49.0	88.0	17.0
1392870907411	656.0	50.0	88.0	16.0
1392870907421	643.0	52.0	88.0	15.0
1392870907431	643.0	53.0	88.0	14.0
1392870907442	643.0	53.0	88.0	13.0
1392870907454	643.0	54.0	88.0	13.0
1392870907472	632.0	54.0	88.0	12.0
1392870907475	632.0	54.0	88.0	12.0
1392870907491	632.0	54.0	88.0	12.0
1392870907495	619.0	120.0	8.0	122.0
1392870907504	619.0	55.0	88.0	13.0
1392870907516	619.0	55.0	88.0	13.0
1392870907521	619.0	54.0	88.0	14.0
1392870907535	607.0	54.0	88.0	14.0
1392870907543	607.0	54.0	88.0	13.0
1392870907552	607.0	55.0	87.0	13.0
1392870907562	607.0	56.0	87.0	12.0
1392870907571	594.0	56.0	87.0	12.0
1392870907581	594.0	56.0	87.0	12.0
1392870907591	594.0	56.0	87.0	13.0
1392870907601	583.0	54.0	87.0	14.0
1392870907621	583.0	51.0	87.0	17.0
1392870907631	583.0	51.0	87.0	18.0
1392870907662	570.0	51.0	87.0	18.0
1392870907664	570.0	51.0	87.0	18.0
1392870907666	570.0	51.0	87.0	18.0
1392870907671	558.0	50.0	87.0	19.0
1392870907681	558.0	49.0	87.0	21.0
1392870907692	558.0	48.0	87.0	22.0
1392870907701	558.0	46.0	87.0	23.0
1392870907714	547.0	46.0	87.0	24.0
1392870907721	547.0	45.0	87.0	25.0
1392870907732	547.0	45.0	87.0	25.0
1392870907742	547.0	45.0	87.0	25.0
1392870907752	535.0	46.0	87.0	25.0
1392870907764	535.0	46.0	87.0	24.0
1392870907772	535.0	46.0	87.0	24.0
1392870907782	524.0	46.0	87.0	24.0
1392870907795	524.0	47.0	87.0	24.0
1392870907801	524.0	48.0	87.0	23.0
1392870907813	524.0	50.0	87.0	21.0
1392870907821	513.0	51.0	87.0	20.0
1392870907832	513.0	51.0	87.0	20.0
1392870907845	513.0	52.0	87.0	19.0
1392870907852	503.0	53.0	87.0	19.0
1392870907862	503.0	53.0	87.0	18.0
1392870907871	503.0	53.0	87.0	18.0
1392870907882	503.0	53.0	87.0	19.0
1392870907894	493.0	53.0	86.0	19.0
1392870907901	493.0	52.0	86.0	20.0
1392870907914	493.0	51.0	86.0	21.0
1392870907921	483.0	50.0	86.0	22.0
1392870907932	483.0	50.0	86.0	23.0
1392870907944	483.0	50.0	87.0	23.0
1392870907952	483.0	50.0	87.0	22.0
1392870907962	474.0	51.0	87.0	22.0
1392870907972	474.0	52.0	87.0	20.0
1392870907982	474.0	54.0	87.0	19.0
1392870907994	474.0	55.0	87.0	17.0
1392870908002	465.0	58.0	87.0	15.0
1392870908012	465.0	60.0	87.0	13.0
1392870908021	465.0	62.0	87.0	11.0
1392870908032	458.0	63.0	88.0	9.0
1392870908044	458.0	65.0	88.0	8.0
1392870908052	458.0	66.0	87.0	7.0
1392870908063	458.0	67.0	87.0	6.0
1392870908072	452.0	68.0	87.0	5.0
1392870908082	452.0	68.0	87.0	5.0
1392870908094	452.0	69.0	87.0	4.0
1392870908101	446.0	69.0	87.0	4.0
1392870908112	446.0	69.0	87.0	4.0
1392870908122	446.0	69.0	87.0	4.0
1392870908132	446.0	69.0	87.0	5.0
1392870908143	440.0	68.0	87.0	5.0
1392870908152	440.0	68.0	87.0	6.0
1392870908162	440.0	69.0	87.0	5.0
1392870908172	437.0	71.0	87.0	3.0
1392870908182	437.0	73.0	87.0	1.0
1392870908195	437.0	75.0	87.0	2.0
1392870908202	437.0	77.0	87.0	3.0
1392870908213	433.0	77.0	87.0	3.0
1392870908223	433.0	76.0	87.0	2.0
1392870908232	433.0	74.0	87.0	0.0
1392870908243	433.0	73.0	87.0	1.0
1392870908252	429.0	73.0	87.0	1.0
1392870908264	429.0	73.0	87.0	0.0
1392870908287	429.0	75.0	87.0	2.0
1392870908291	427.0	76.0	87.0	3.0
1392870908293	427.0	77.0	87.0	4.0
1392870908302	427.0	79.0	87.0	6.0
1392870908312	427.0	80.0	87.0	7.0
1392870908326	426.0	82.0	87.0	9.0
1392870908332	426.0	84.0	87.0	11.0
1392870908346	426.0	86.0	87.0	13.0
1392870908352	424.0	88.0	87.0	15.0
1392870908366	424.0	89.0	87.0	16.0
1392870908372	424.0	89.0	87.0	17.0
1392870908382	424.0	89.0	87.0	16.0
1392870908394	424.0	88.0	88.0	15.0
1392870908406	424.0	88.0	88.0	15.0
1392870908416	424.0	87.0	88.0	15.0
1392870908423	424.0	87.0	87.0	14.0
1392870908433	424.0	86.0	87.0	13.0
1392870908443	424.0	84.0	87.0	11.0
1392870908454	424.0	83.0	88.0	10.0
1392870908462	422.0	82.0	88.0	9.0
1392870908475	422.0	82.0	88.0	9.0
1392870908484	422.0	82.0	88.0	9.0
1392870908492	422.0	84.0	88.0	11.0
1392870908503	420.0	86.0	88.0	13.0
1392870908513	420.0	88.0	88.0	15.0
1392870908525	420.0	90.0	88.0	17.0
1392870908533	419.0	91.0	88.0	18.0
1392870908542	419.0	92.0	88.0	19.0
1392870908553	419.0	93.0	88.0	20.0
1392870908562	419.0	94.0	88.0	21.0
1392870908573	417.0	95.0	88.0	22.0
1392870908582	417.0	95.0	88.0	23.0
1392870908592	417.0	96.0	88.0	23.0
1392870908602	417.0	96.0	88.0	23.0
1392870908613	417.0	96.0	88.0	23.0
1392870908623	417.0	96.0	88.0	23.0
1392870908633	417.0	96.0	88.0	23.0
1392870908642	417.0	96.0	88.0	22.0
1392870908656	417.0	95.0	88.0	21.0
1392870908663	417.0	94.0	88.0	20.0
1392870908673	417.0	92.0	88.0	19.0
1392870908682	416.0	92.0	88.0	18.0
1392870908695	416.0	92.0	88.0	18.0
1392870908709	416.0	92.0	88.0	19.0
1392870908712	416.0	93.0	88.0	20.0
1392870908722	416.0	95.0	88.0	21.0
1392870908732	416.0	95.0	88.0	22.0
1392870908743	416.0	96.0	88.0	22.0
1392870908754	415.0	96.0	88.0	22.0
1392870908762	415.0	97.0	88.0	23.0
1392870908772	415.0	98.0	88.0	23.0
1392870908782	415.0	98.0	88.0	24.0
1392870908796	415.0	100.0	88.0	26.0
1392870908805	415.0	101.0	88.0	26.0
1392870908813	415.0	102.0	88.0	28.0
1392870908824	414.0	103.0	87.0	29.0
1392870908840	414.0	104.0	87.0	30.0
1392870908845	414.0	105.0	87.0	30.0
1392870908852	414.0	105.0	87.0	31.0
1392870908862	415.0	106.0	87.0	31.0
1392870908873	415.0	106.0	87.0	32.0
1392870908882	415.0	106.0	87.0	32.0
1392870908893	415.0	106.0	87.0	32.0
1392870908907	415.0	106.0	87.0	31.0
1392870908912	415.0	105.0	86.0	30.0
1392870908927	415.0	104.0	86.0	29.0
1392870908933	414.0	102.0	86.0	28.0
1392870908943	414.0	100.0	86.0	25.0
1392870908961	414.0	98.0	86.0	23.0
1392870908963	414.0	95.0	86.0	20.0
1392870908973	414.0	92.0	86.0	17.0
1392870908983	414.0	89.0	86.0	14.0
1392870908993	414.0	87.0	86.0	12.0
1392870909005	413.0	85.0	85.0	10.0
1392870909012	413.0	84.0	85.0	9.0
1392870909023	413.0	82.0	85.0	7.0
1392870909034	411.0	81.0	85.0	6.0
1392870909043	411.0	80.0	84.0	5.0
1392870909053	411.0	79.0	84.0	4.0
1392870909062	411.0	78.0	84.0	2.0
1392870909073	410.0	77.0	84.0	1.0
1392870909084	410.0	75.0	83.0	0.0
1392870909093	410.0	74.0	83.0	1.0
1392870909104	410.0	71.0	83.0	3.0
1392870909115	408.0	70.0	83.0	5.0
1392870909123	408.0	69.0	83.0	6.0
1392870909137	408.0	70.0	83.0	5.0
1392870909144	408.0	72.0	83.0	2.0
1392870909156	408.0	76.0	83.0	1.0
1392870909165	408.0	80.0	82.0	5.0
1392870909175	408.0	83.0	82.0	8.0
1392870909192	408.0	85.0	81.0	10.0
1392870909199	408.0	86.0	81.0	11.0
1392870909205	408.0	86.0	81.0	12.0
1392870909216	404.0	86.0	80.0	11.0
1392870909228	404.0	86.0	80.0	11.0
1392870909245	404.0	85.0	80.0	10.0
1392870909250	404.0	85.0	80.0	9.0
1392870909256	400.0	84.0	79.0	9.0
1392870909287	400.0	85.0	79.0	10.0
1392870909294	400.0	86.0	79.0	11.0
1392870909298	393.0	88.0	78.0	13.0
1392870909301	393.0	90.0	77.0	15.0
1392870909310	393.0	92.0	77.0	16.0
1392870909316	393.0	93.0	76.0	17.0
1392870909325	382.0	94.0	75.0	18.0
1392870909338	382.0	94.0	75.0	18.0
1392870909344	382.0	94.0	74.0	17.0
1392870909358	382.0	93.0	74.0	16.0
1392870909364	370.0	92.0	73.0	15.0
1392870909374	370.0	92.0	73.0	15.0
1392870909386	370.0	91.0	73.0	14.0
1392870909394	360.0	91.0	72.0	14.0
1392870909406	360.0	91.0	72.0	14.0
1392870909418	360.0	92.0	72.0	14.0
1392870909423	360.0	92.0	72.0	15.0
1392870909434	350.0	93.0	71.0	15.0
1392870909443	350.0	93.0	71.0	15.0
1392870909453	350.0	94.0	70.0	15.0
1392870909467	343.0	94.0	70.0	15.0
1392870909474	343.0	94.0	70.0	15.0
1392870909484	343.0	94.0	70.0	15.0
1392870909493	343.0	94.0	69.0	15.0
1392870909504	339.0	94.0	69.0	15.0
1392870909516	339.0	94.0	69.0	15.0
1392870909523	339.0	94.0	69.0	15.0
1392870909533	339.0	93.0	69.0	15.0
1392870909542	340.0	94.0	69.0	15.0
1392870909553	340.0	94.0	69.0	15.0
1392870909570	340.0	94.0	69.0	16.0
1392870909572	345.0	95.0	69.0	16.0
1392870909583	345.0	95.0	70.0	16.0
1392870909593	345.0	95.0	70.0	16.0
1392870909603	345.0	95.0	70.0	16.0
1392870909616	356.0	95.0	70.0	16.0
1392870909623	356.0	94.0	71.0	16.0
1392870909633	356.0	94.0	71.0	16.0
1392870909650	369.0	94.0	72.0	16.0
1392870909653	369.0	94.0	72.0	16.0
1392870909666	369.0	94.0	73.0	17.0
1392870909673	369.0	94.0	73.0	17.0
1392870909683	384.0	94.0	74.0	18.0
1392870909693	384.0	95.0	75.0	18.0
1392870909703	384.0	95.0	75.0	19.0
1392870909716	397.0	95.0	76.0	20.0
1392870909723	397.0	95.0	76.0	20.0
1392870909733	397.0	95.0	77.0	20.0
1392870909746	397.0	95.0	77.0	20.0
1392870909753	405.0	95.0	78.0	20.0
1392870909764	405.0	95.0	79.0	21.0
1392870909774	405.0	96.0	79.0	22.0
1392870909784	405.0	98.0	80.0	24.0
1392870909796	410.0	98.0	81.0	25.0
1392870909803	410.0	99.0	82.0	26.0
1392870909816	410.0	99.0	83.0	26.0
1392870909823	412.0	99.0	83.0	27.0
1392870909834	412.0	101.0	84.0	29.0
1392870909845	412.0	104.0	85.0	32.0
1392870909854	412.0	109.0	86.0	38.0
1392870909864	411.0	115.0	87.0	44.0
1392870909877	411.0	124.0	88.0	53.0
1392870909885	411.0	142.0	88.0	72.0
1392870909905	407.0	176.0	89.0	106.0
1392870909906	407.0	150.0	88.0	140.0
1392870909919	407.0	133.0	88.0	158.0
1392870909928	407.0	123.0	87.0	168.0
1392870909934	403.0	118.0	86.0	174.0
1392870909948	403.0	116.0	86.0	176.0
1392870909954	403.0	116.0	85.0	176.0
1392870909966	403.0	116.0	85.0	176.0
1392870909974	399.0	116.0	84.0	176.0
1392870909984	399.0	117.0	84.0	175.0
1392870909996	399.0	117.0	83.0	175.0
1392870910003	397.0	117.0	83.0	175.0
1392870910014	397.0	118.0	83.0	174.0
1392870910023	397.0	118.0	82.0	174.0
1392870910033	397.0	119.0	82.0	173.0
1392870910046	397.0	120.0	82.0	172.0
1392870910054	397.0	120.0	82.0	172.0
1392870910063	397.0	121.0	82.0	171.0
1392870910075	400.0	122.0	82.0	170.0
1392870910083	400.0	123.0	82.0	169.0
1392870910096	400.0	124.0	83.0	167.0
1392870910103	400.0	125.0	83.0	166.0
1392870910113	404.0	127.0	84.0	164.0
1392870910123	404.0	129.0	84.0	162.0
1392870910134	404.0	132.0	85.0	158.0
1392870910145	408.0	136.0	85.0	154.0
1392870910153	408.0	142.0	86.0	148.0
1392870910163	408.0	151.0	86.0	139.0
1392870910173	408.0	163.0	87.0	127.0
1392870910184	409.0	177.0	87.0	112.0
1392870910196	409.0	167.0	87.0	96.0
1392870910203	409.0	151.0	87.0	80.0
1392870910218	409.0	138.0	87.0	66.0
1392870910224	406.0	127.0	87.0	55.0
1392870910233	406.0	118.0	86.0	46.0
1392870910245	406.0	111.0	86.0	39.0
1392870910254	402.0	106.0	85.0	34.0
1392870910264	402.0	102.0	84.0	30.0
1392870910274	402.0	100.0	83.0	27.0
1392870910283	402.0	99.0	83.0	26.0
1392870910295	395.0	97.0	82.0	24.0
1392870910303	395.0	96.0	81.0	23.0
1392870910314	395.0	95.0	81.0	22.0
1392870910328	385.0	95.0	80.0	21.0
1392870910333	385.0	94.0	79.0	20.0
1392870910349	385.0	93.0	79.0	20.0
1392870910353	385.0	93.0	78.0	19.0
1392870910368	372.0	93.0	78.0	19.0
1392870910380	372.0	93.0	77.0	18.0
1392870910384	372.0	92.0	77.0	18.0
1392870910395	372.0	92.0	76.0	18.0
1392870910403	360.0	92.0	76.0	17.0
1392870910414	360.0	91.0	75.0	17.0
1392870910428	360.0	91.0	75.0	16.0
1392870910435	347.0	90.0	74.0	16.0
1392870910446	347.0	90.0	74.0	16.0
1392870910453	347.0	90.0	73.0	15.0
1392870910463	347.0	90.0	73.0	15.0
1392870910478	337.0	90.0	72.0	15.0
1392870910484	337.0	90.0	72.0	15.0
1392870910495	337.0	90.0	72.0	15.0
1392870910503	332.0	90.0	71.0	14.0
1392870910514	332.0	90.0	71.0	14.0
1392870910528	332.0	90.0	71.0	14.0
1392870910533	332.0	90.0	71.0	14.0
1392870910544	332.0	90.0	71.0	13.0
1392870910554	332.0	89.0	71.0	13.0
1392870910564	332.0	89.0	71.0	13.0
1392870910578	338.0	88.0	72.0	13.0
1392870910584	338.0	88.0	72.0	13.0
1392870910594	338.0	89.0	72.0	13.0
1392870910605	338.0	89.0	72.0	14.0
1392870910615	347.0	89.0	73.0	14.0
1392870910625	347.0	90.0	73.0	14.0
1392870910634	347.0	90.0	73.0	15.0
1392870910644	347.0	90.0	74.0	15.0
1392870910673	362.0	89.0	75.0	15.0
1392870910691	362.0	89.0	75.0	15.0
1392870910699	362.0	91.0	77.0	17.0
1392870910700	377.0	90.0	77.0	16.0
1392870910701	377.0	91.0	77.0	17.0
1392870910705	377.0	92.0	78.0	19.0
1392870910714	377.0	93.0	79.0	20.0
1392870910724	390.0	94.0	79.0	22.0
1392870910734	390.0	96.0	80.0	23.0
1392870910744	390.0	97.0	81.0	26.0
1392870910755	401.0	100.0	81.0	28.0
1392870910764	401.0	103.0	82.0	32.0
1392870910774	401.0	107.0	82.0	36.0
1392870910784	401.0	111.0	83.0	40.0
1392870910795	407.0	116.0	84.0	45.0
1392870910805	407.0	121.0	84.0	51.0
1392870910814	407.0	128.0	85.0	58.0
1392870910824	407.0	138.0	86.0	69.0
1392870910835	410.0	153.0	86.0	83.0
1392870910845	410.0	171.0	86.0	102.0
1392870910857	410.0	172.0	86.0	119.0
1392870910864	409.0	160.0	86.0	131.0
1392870910874	409.0	152.0	85.0	140.0
1392870910884	409.0	146.0	84.0	146.0
1392870910894	409.0	142.0	83.0	151.0
1392870910907	405.0	138.0	83.0	155.0
1392870910915	405.0	135.0	82.0	159.0
1392870910924	405.0	132.0	81.0	162.0
1392870910934	399.0	129.0	81.0	164.0
1392870910947	399.0	128.0	80.0	166.0
1392870910964	399.0	125.0	76.0	170.0
1392870910965	399.0	127.0	79.0	167.0
1392870910975	395.0	127.0	78.0	167.0
1392870910984	395.0	127.0	78.0	167.0
1392870910994	395.0	127.0	77.0	167.0
1392870911006	394.0	127.0	77.0	167.0
1392870911014	394.0	127.0	77.0	167.0
1392870911024	394.0	126.0	77.0	168.0
1392870911035	394.0	126.0	77.0	168.0
1392870911044	396.0	127.0	77.0	168.0
1392870911055	396.0	126.0	77.0	167.0
1392870911064	396.0	127.0	77.0	166.0
1392870911074	396.0	128.0	77.0	166.0
1392870911085	400.0	128.0	78.0	165.0
1392870911095	400.0	129.0	78.0	164.0
1392870911105	400.0	129.0	79.0	163.0
1392870911114	409.0	130.0	79.0	162.0
1392870911125	409.0	131.0	80.0	160.0
1392870911135	409.0	133.0	81.0	158.0
1392870911144	409.0	135.0	82.0	155.0
1392870911156	414.0	139.0	83.0	151.0
1392870911164	414.0	143.0	83.0	147.0
1392870911174	414.0	149.0	84.0	141.0
1392870911189	415.0	155.0	85.0	134.0
1392870911194	415.0	162.0	85.0	127.0
1392870911206	415.0	171.0	86.0	118.0
1392870911215	415.0	179.0	86.0	107.0
1392870911225	411.0	167.0	87.0	95.0
1392870911240	411.0	153.0	87.0	81.0
1392870911245	411.0	139.0	87.0	67.0
1392870911258	405.0	125.0	87.0	53.0
1392870911265	405.0	113.0	87.0	42.0
1392870911275	405.0	106.0	86.0	34.0
1392870911292	405.0	101.0	86.0	29.0
1392870911294	397.0	98.0	85.0	26.0
1392870911304	397.0	97.0	84.0	25.0
1392870911314	397.0	97.0	84.0	24.0
1392870911325	397.0	95.0	83.0	23.0
1392870911345	388.0	94.0	82.0	21.0
1392870911348	388.0	92.0	82.0	20.0
1392870911365	388.0	147.0	77.0	33.0
1392870911369	376.0	89.0	81.0	16.0
1392870911375	376.0	87.0	80.0	14.0
1392870911394	376.0	86.0	80.0	13.0
1392870911395	376.0	85.0	79.0	12.0
1392870911406	366.0	85.0	79.0	12.0
1392870911414	366.0	85.0	78.0	12.0
1392870911425	366.0	86.0	78.0	12.0
1392870911438	358.0	86.0	78.0	12.0
1392870911445	358.0	86.0	77.0	13.0
1392870911455	358.0	86.0	77.0	12.0
1392870911466	358.0	86.0	77.0	12.0
1392870911475	352.0	86.0	77.0	12.0
1392870911488	352.0	86.0	76.0	11.0
1392870911494	352.0	85.0	76.0	11.0
1392870911507	352.0	85.0	76.0	11.0
1392870911524	348.0	85.0	76.0	10.0
1392870911526	348.0	84.0	76.0	10.0
1392870911536	348.0	84.0	76.0	9.0
1392870911544	350.0	84.0	76.0	9.0
1392870911554	350.0	84.0	76.0	10.0
1392870911566	350.0	84.0	76.0	10.0
1392870911575	350.0	85.0	76.0	10.0
1392870911585	356.0	85.0	76.0	11.0
1392870911595	356.0	86.0	77.0	11.0
1392870911605	356.0	86.0	77.0	12.0
1392870911627	365.0	87.0	77.0	13.0
1392870911628	365.0	89.0	78.0	14.0
1392870911635	365.0	89.0	78.0	15.0
1392870911645	365.0	90.0	78.0	16.0
1392870911655	376.0	91.0	79.0	17.0
1392870911668	376.0	91.0	79.0	17.0
1392870911675	376.0	91.0	80.0	17.0
1392870911687	387.0	91.0	80.0	18.0
1392870911699	387.0	92.0	81.0	19.0
1392870911705	387.0	93.0	81.0	20.0
1392870911719	387.0	95.0	82.0	23.0
1392870911725	397.0	98.0	82.0	25.0
1392870911737	397.0	101.0	82.0	28.0
1392870911748	397.0	105.0	83.0	32.0
1392870911756	397.0	108.0	83.0	36.0
1392870911769	405.0	112.0	83.0	40.0
1392870911775	405.0	116.0	84.0	44.0
1392870911787	405.0	120.0	84.0	49.0
1392870911797	410.0	126.0	85.0	54.0
1392870911806	410.0	133.0	86.0	62.0
1392870911819	410.0	144.0	86.0	73.0
1392870911826	410.0	158.0	87.0	88.0
1392870911836	412.0	175.0	87.0	105.0
1392870911845	412.0	169.0	87.0	121.0
1392870911855	412.0	156.0	86.0	134.0
1392870911867	412.0	148.0	86.0	143.0
1392870911876	412.0	142.0	85.0	150.0
1392870911888	412.0	137.0	84.0	155.0
1392870911896	412.0	132.0	84.0	159.0
1392870911905	408.0	129.0	83.0	163.0
1392870911916	408.0	127.0	82.0	166.0
1392870911925	408.0	124.0	82.0	168.0
1392870911935	404.0	122.0	81.0	170.0
1392870911948	404.0	121.0	81.0	171.0
1392870911956	404.0	121.0	80.0	172.0
1392870911973	404.0	120.0	79.0	173.0
1392870911975	399.0	120.0	79.0	173.0
1392870911985	399.0	120.0	78.0	173.0
1392870911996	399.0	120.0	78.0	173.0
1392870912005	399.0	121.0	77.0	173.0
1392870912015	396.0	121.0	77.0	173.0
1392870912025	396.0	121.0	77.0	172.0
1392870912036	396.0	121.0	77.0	172.0
1392870912048	397.0	121.0	76.0	172.0
1392870912056	397.0	121.0	77.0	172.0
1392870912065	397.0	121.0	77.0	172.0
1392870912075	397.0	121.0	77.0	172.0
1392870912085	401.0	121.0	77.0	172.0
1392870912098	401.0	121.0	78.0	171.0
1392870912105	401.0	122.0	78.0	170.0
1392870912117	406.0	122.0	79.0	169.0
1392870912125	406.0	123.0	79.0	168.0
1392870912138	406.0	124.0	80.0	167.0
1392870912145	406.0	125.0	81.0	166.0
1392870912155	410.0	126.0	81.0	165.0
1392870912165	410.0	127.0	82.0	163.0
1392870912175	410.0	128.0	83.0	162.0
1392870912185	410.0	130.0	83.0	160.0
1392870912199	412.0	132.0	84.0	157.0
1392870912205	412.0	135.0	84.0	154.0
1392870912216	412.0	138.0	85.0	151.0
1392870912225	411.0	141.0	85.0	148.0
1392870912236	411.0	146.0	86.0	143.0
1392870912251	411.0	153.0	86.0	136.0
1392870912256	411.0	162.0	87.0	127.0
1392870912266	409.0	175.0	87.0	114.0
1392870912276	409.0	171.0	87.0	99.0
1392870912297	409.0	156.0	87.0	84.0
1392870912299	406.0	144.0	87.0	72.0
1392870912306	406.0	135.0	86.0	63.0
1392870912317	406.0	129.0	85.0	56.0
1392870912329	406.0	123.0	85.0	51.0
1392870912336	399.0	119.0	84.0	46.0
1392870912351	399.0	115.0	84.0	42.0
1392870912356	399.0	111.0	83.0	38.0
1392870912387	399.0	109.0	83.0	35.0
1392870912390	389.0	107.0	82.0	33.0
1392870912398	389.0	105.0	82.0	31.0
1392870912399	389.0	104.0	81.0	30.0
1392870912405	378.0	102.0	81.0	28.0
1392870912417	378.0	101.0	80.0	27.0
1392870912431	378.0	100.0	80.0	26.0
1392870912436	378.0	100.0	80.0	25.0
1392870912447	366.0	99.0	79.0	24.0
1392870912456	366.0	131.0	78.0	16.0
1392870912471	366.0	97.0	79.0	22.0
1392870912476	354.0	96.0	78.0	21.0
1392870912486	354.0	96.0	78.0	20.0
1392870912495	354.0	95.0	78.0	20.0
1392870912505	354.0	95.0	77.0	19.0
1392870912515	345.0	95.0	77.0	19.0
1392870912529	345.0	95.0	77.0	19.0
1392870912536	345.0	95.0	76.0	18.0
1392870912546	339.0	95.0	76.0	18.0
1392870912555	339.0	94.0	76.0	18.0
1392870912565	339.0	94.0	76.0	18.0
1392870912585	339.0	94.0	76.0	17.0
1392870912589	336.0	93.0	75.0	17.0
1392870912606	336.0	93.0	75.0	17.0
1392870912608	336.0	93.0	75.0	16.0
1392870912616	336.0	93.0	75.0	16.0
1392870912628	335.0	93.0	75.0	17.0
1392870912638	335.0	94.0	75.0	17.0
1392870912646	335.0	94.0	74.0	18.0
1392870912656	341.0	95.0	74.0	19.0
1392870912666	341.0	95.0	75.0	19.0
1392870912678	341.0	96.0	75.0	20.0
1392870912685	341.0	97.0	75.0	21.0
1392870912696	353.0	97.0	76.0	22.0
1392870912706	353.0	98.0	76.0	23.0
1392870912716	353.0	99.0	77.0	25.0
1392870912726	366.0	100.0	78.0	26.0
1392870912736	366.0	101.0	78.0	28.0
1392870912747	366.0	103.0	79.0	29.0
1392870912758	366.0	104.0	80.0	31.0
1392870912775	379.0	106.0	81.0	33.0
1392870912781	379.0	108.0	81.0	36.0
1392870912786	379.0	110.0	82.0	39.0
1392870912796	390.0	114.0	82.0	42.0
1392870912806	390.0	118.0	83.0	47.0
1392870912816	390.0	124.0	83.0	54.0
1392870912827	390.0	131.0	84.0	61.0
1392870912836	397.0	141.0	85.0	71.0
1392870912846	397.0	152.0	85.0	83.0
1392870912857	397.0	164.0	85.0	96.0
1392870912866	397.0	176.0	85.0	107.0
1392870912880	401.0	174.0	84.0	118.0
1392870912887	401.0	167.0	84.0	126.0
1392870912896	401.0	160.0	83.0	133.0
1392870912907	398.0	155.0	82.0	139.0
1392870912916	398.0	151.0	81.0	143.0
1392870912926	398.0	147.0	80.0	148.0
1392870912936	398.0	143.0	80.0	151.0
1392870912946	391.0	141.0	79.0	154.0
1392870912960	391.0	139.0	78.0	156.0
1392870912967	391.0	138.0	77.0	157.0
1392870912976	386.0	136.0	76.0	159.0
1392870912986	386.0	136.0	75.0	159.0
1392870912996	386.0	136.0	75.0	160.0
1392870913010	386.0	135.0	74.0	160.0
1392870913016	384.0	135.0	74.0	161.0
1392870913026	384.0	135.0	74.0	161.0
1392870913036	384.0	135.0	74.0	160.0
1392870913047	384.0	135.0	74.0	160.0
1392870913059	387.0	135.0	74.0	160.0
1392870913066	387.0	135.0	74.0	160.0
1392870913077	387.0	135.0	75.0	160.0
1392870913086	393.0	135.0	75.0	159.0
1392870913097	393.0	136.0	76.0	158.0
1392870913109	393.0	137.0	76.0	157.0
1392870913116	393.0	138.0	77.0	155.0
1392870913127	401.0	140.0	78.0	153.0
1392870913140	401.0	142.0	79.0	150.0
1392870913148	401.0	145.0	80.0	147.0
1392870913161	404.0	149.0	80.0	143.0
1392870913167	404.0	152.0	81.0	139.0
1392870913178	404.0	157.0	82.0	134.0
1392870913193	404.0	161.0	83.0	129.0
1392870913197	401.0	166.0	83.0	123.0
1392870913209	401.0	172.0	84.0	117.0
1392870913217	401.0	179.0	84.0	110.0
1392870913227	395.0	173.0	85.0	102.0
1392870913241	395.0	165.0	85.0	94.0
1392870913247	395.0	155.0	85.0	84.0
1392870913259	395.0	146.0	85.0	75.0
1392870913267	385.0	137.0	85.0	66.0
1392870913277	385.0	130.0	84.0	58.0
1392870913305	385.0	7.0	30.0	111.0
1392870913308	385.0	119.0	83.0	46.0
1392870913311	372.0	115.0	82.0	42.0
1392870913319	372.0	112.0	82.0	39.0
1392870913328	372.0	109.0	81.0	36.0
1392870913342	358.0	107.0	80.0	34.0
1392870913348	358.0	105.0	80.0	32.0
1392870913362	358.0	104.0	79.0	30.0
1392870913367	358.0	103.0	79.0	30.0
1392870913377	342.0	100.0	78.0	26.0
1392870913392	342.0	99.0	77.0	25.0
1392870913397	342.0	98.0	77.0	24.0
1392870913414	327.0	98.0	76.0	23.0
1392870913417	327.0	97.0	76.0	22.0
1392870913426	327.0	97.0	75.0	22.0
1392870913441	327.0	97.0	75.0	22.0
1392870913446	318.0	97.0	74.0	21.0
1392870913458	318.0	97.0	74.0	21.0
1392870913466	318.0	96.0	74.0	21.0
1392870913477	318.0	96.0	74.0	21.0
1392870913490	315.0	95.0	74.0	20.0
1392870913497	315.0	95.0	74.0	20.0
1392870913506	315.0	94.0	74.0	20.0
1392870913516	317.0	94.0	74.0	20.0
1392870913538	317.0	94.0	74.0	20.0
1392870913540	317.0	95.0	75.0	20.0
1392870913561	317.0	95.0	75.0	21.0
1392870913565	324.0	95.0	75.0	21.0
1392870913566	324.0	96.0	75.0	22.0
1392870913577	324.0	96.0	76.0	22.0
1392870913587	336.0	97.0	76.0	23.0
1392870913596	336.0	97.0	77.0	24.0
1392870913606	336.0	98.0	77.0	25.0
1392870913618	336.0	99.0	78.0	27.0
1392870913626	349.0	101.0	79.0	29.0
1392870913638	349.0	103.0	79.0	31.0
1392870913646	349.0	104.0	80.0	33.0
1392870913657	360.0	107.0	81.0	35.0
1392870913668	360.0	109.0	81.0	38.0
1392870913678	360.0	110.0	82.0	40.0
1392870913687	360.0	112.0	83.0	41.0
1392870913720	371.0	25.0	83.0	43.0
1392870913722	371.0	116.0	84.0	46.0
1392870913724	371.0	119.0	84.0	49.0
1392870913727	371.0	123.0	85.0	54.0
1392870913737	380.0	128.0	85.0	59.0
1392870913747	380.0	134.0	85.0	66.0
1392870913757	380.0	142.0	86.0	73.0
1392870913767	386.0	150.0	86.0	82.0
1392870913777	386.0	159.0	86.0	91.0
1392870913787	386.0	169.0	86.0	100.0
1392870913797	386.0	177.0	86.0	109.0
1392870913807	391.0	175.0	86.0	117.0
1392870913821	391.0	167.0	86.0	125.0
1392870913827	391.0	159.0	86.0	133.0
1392870913838	392.0	151.0	86.0	142.0
1392870913847	392.0	143.0	85.0	150.0
1392870913858	392.0	136.0	85.0	157.0
1392870913875	392.0	130.0	85.0	163.0
1392870913877	391.0	125.0	84.0	168.0
1392870913888	391.0	122.0	84.0	172.0
1392870913897	391.0	119.0	83.0	174.0
1392870913907	391.0	118.0	83.0	176.0
1392870913924	390.0	116.0	83.0	177.0
1392870913927	390.0	115.0	82.0	178.0
1392870913937	390.0	114.0	82.0	178.0
1392870913948	390.0	114.0	82.0	179.0
1392870913958	390.0	113.0	82.0	179.0
1392870913969	390.0	111.0	81.0	178.0
1392870913978	390.0	110.0	81.0	176.0
1392870913989	387.0	109.0	81.0	175.0
1392870914000	387.0	108.0	81.0	174.0
1392870914008	387.0	107.0	80.0	174.0
1392870914019	384.0	106.0	80.0	173.0
1392870914028	384.0	106.0	80.0	172.0
1392870914039	384.0	105.0	80.0	172.0
1392870914048	384.0	105.0	80.0	171.0
1392870914060	384.0	105.0	80.0	172.0
1392870914081	384.0	105.0	80.0	172.0
1392870914087	384.0	106.0	80.0	172.0
1392870914088	384.0	106.0	80.0	173.0
1392870914100	384.0	107.0	80.0	173.0
1392870914108	384.0	107.0	80.0	174.0
1392870914118	384.0	107.0	80.0	174.0
1392870914127	385.0	107.0	80.0	174.0
1392870914138	385.0	107.0	80.0	173.0
1392870914150	385.0	106.0	81.0	173.0
1392870914159	385.0	105.0	81.0	172.0
1392870914170	387.0	105.0	81.0	171.0
1392870914178	387.0	104.0	81.0	171.0
1392870914188	387.0	103.0	82.0	170.0
1392870914202	388.0	103.0	82.0	170.0
1392870914208	388.0	102.0	82.0	169.0
1392870914221	388.0	102.0	83.0	169.0
1392870914239	388.0	102.0	83.0	169.0
1392870914242	389.0	102.0	83.0	169.0
1392870914252	389.0	101.0	84.0	169.0
1392870914257	389.0	101.0	84.0	169.0
1392870914267	390.0	101.0	84.0	168.0
1392870914278	390.0	100.0	85.0	168.0
1392870914287	390.0	100.0	85.0	168.0
1392870914301	390.0	99.0	85.0	167.0
1392870914308	391.0	97.0	86.0	165.0
1392870914318	391.0	96.0	86.0	164.0
1392870914330	391.0	94.0	86.0	162.0
1392870914338	387.0	93.0	86.0	161.0
1392870914350	387.0	92.0	87.0	160.0
1392870914359	387.0	92.0	87.0	160.0
1392870914373	387.0	92.0	87.0	160.0
1392870914377	384.0	93.0	88.0	161.0
1392870914388	384.0	93.0	88.0	161.0
1392870914400	384.0	93.0	88.0	161.0
1392870914407	384.0	91.0	88.0	160.0
1392870914418	385.0	89.0	88.0	158.0
1392870914429	385.0	87.0	88.0	156.0
1392870914438	385.0	85.0	89.0	153.0
1392870914455	389.0	82.0	89.0	151.0
1392870914462	389.0	80.0	89.0	149.0
1392870914468	389.0	79.0	89.0	147.0
1392870914479	389.0	78.0	89.0	147.0
1392870914489	392.0	78.0	89.0	147.0
1392870914504	392.0	78.0	89.0	146.0
1392870914507	392.0	76.0	89.0	144.0
1392870914518	392.0	72.0	89.0	141.0
1392870914529	392.0	68.0	89.0	136.0
1392870914538	392.0	64.0	89.0	132.0
1392870914548	392.0	61.0	89.0	129.0
1392870914557	390.0	59.0	89.0	128.0
1392870914568	390.0	60.0	89.0	128.0
1392870914581	390.0	60.0	89.0	129.0
1392870914587	390.0	60.0	89.0	129.0
1392870914600	387.0	61.0	89.0	129.0
1392870914609	387.0	61.0	89.0	130.0
1392870914618	387.0	62.0	89.0	131.0
1392870914633	388.0	64.0	89.0	132.0
1392870914639	388.0	67.0	89.0	135.0
1392870914649	388.0	72.0	89.0	140.0
1392870914658	388.0	77.0	89.0	145.0
1392870914668	385.0	81.0	89.0	149.0
1392870914688	385.0	84.0	89.0	152.0
1392870914701	382.0	83.0	89.0	151.0
1392870914708	382.0	81.0	89.0	149.0
1392870914722	382.0	77.0	89.0	146.0
1392870914728	382.0	75.0	89.0	143.0
1392870914738	382.0	73.0	89.0	141.0
1392870914748	382.0	71.0	89.0	139.0
1392870914760	382.0	70.0	89.0	138.0
1392870914768	385.0	70.0	89.0	138.0
1392870914779	385.0	71.0	89.0	139.0
1392870914788	385.0	73.0	89.0	141.0
1392870914799	385.0	74.0	89.0	143.0
1392870914811	390.0	75.0	89.0	144.0
1392870914819	390.0	76.0	89.0	145.0
1392870914829	390.0	76.0	89.0	145.0
1392870914839	390.0	75.0	89.0	144.0
1392870914849	393.0	73.0	89.0	142.0
1392870914863	393.0	72.0	89.0	140.0
1392870914869	393.0	71.0	89.0	139.0
1392870914879	395.0	71.0	89.0	140.0
1392870914890	395.0	72.0	89.0	141.0
1392870914899	395.0	73.0	89.0	141.0
1392870914911	395.0	73.0	89.0	142.0
1392870914919	393.0	74.0	89.0	142.0
1392870914933	393.0	73.0	89.0	142.0
1392870914942	393.0	73.0	89.0	141.0
1392870914949	388.0	72.0	89.0	141.0
1392870914965	388.0	73.0	89.0	141.0
1392870914969	388.0	74.0	89.0	143.0
1392870914985	388.0	76.0	89.0	144.0
1392870914989	385.0	76.0	89.0	144.0
1392870914999	385.0	76.0	89.0	144.0
1392870915014	385.0	75.0	89.0	143.0
1392870915019	385.0	73.0	89.0	141.0
1392870915031	386.0	72.0	89.0	141.0
1392870915039	386.0	72.0	89.0	141.0
1392870915049	386.0	73.0	89.0	141.0
1392870915064	387.0	74.0	89.0	141.0
1392870915070	387.0	74.0	89.0	142.0
1392870915079	387.0	74.0	89.0	142.0
1392870915089	387.0	74.0	89.0	142.0
1392870915099	388.0	74.0	89.0	142.0
1392870915112	388.0	73.0	89.0	141.0
1392870915121	388.0	23.0	84.0	90.0
1392870915129	388.0	71.0	89.0	139.0
1392870915139	388.0	71.0	89.0	139.0
1392870915149	388.0	70.0	89.0	138.0
1392870915161	388.0	68.0	89.0	136.0
1392870915169	389.0	66.0	89.0	134.0
1392870915179	389.0	63.0	89.0	131.0
1392870915189	389.0	60.0	89.0	128.0
1392870915199	391.0	58.0	89.0	126.0
1392870915210	391.0	56.0	89.0	125.0
1392870915219	391.0	56.0	89.0	124.0
1392870915229	391.0	55.0	89.0	123.0
1392870915239	391.0	55.0	89.0	123.0
1392870915249	391.0	54.0	89.0	122.0
1392870915261	391.0	52.0	89.0	121.0
1392870915269	391.0	22.0	84.0	90.0
1392870915279	390.0	48.0	89.0	116.0
1392870915290	390.0	22.0	84.0	90.0
1392870915301	390.0	41.0	89.0	109.0
1392870915311	389.0	36.0	89.0	105.0
1392870915319	389.0	32.0	89.0	101.0
1392870915330	389.0	28.0	89.0	97.0
1392870915341	389.0	25.0	89.0	93.0
1392870915353	389.0	22.0	89.0	90.0
1392870915367	389.0	19.0	89.0	88.0
1392870915370	389.0	17.0	89.0	85.0
1392870915379	389.0	15.0	89.0	83.0
1392870915393	389.0	12.0	89.0	81.0
1392870915398	389.0	118.0	4.0	4.0
1392870915408	389.0	5.0	89.0	74.0
1392870915419	388.0	1.0	89.0	70.0
1392870915429	388.0	2.0	89.0	67.0
1392870915443	388.0	3.0	89.0	65.0
1392870915450	388.0	4.0	89.0	65.0
1392870915459	389.0	4.0	89.0	65.0
1392870915469	389.0	4.0	89.0	64.0
1392870915480	389.0	5.0	89.0	63.0
1392870915492	391.0	7.0	89.0	61.0
1392870915499	391.0	9.0	89.0	59.0
1392870915509	391.0	11.0	90.0	58.0
1392870915519	391.0	12.0	90.0	57.0
1392870915530	391.0	13.0	90.0	56.0
1392870915543	391.0	14.0	89.0	55.0
1392870915549	391.0	14.0	89.0	54.0
1392870915559	393.0	15.0	89.0	54.0
1392870915569	393.0	17.0	89.0	51.0
1392870915579	393.0	20.0	89.0	49.0
1392870915591	393.0	23.0	89.0	45.0
1392870915601	394.0	26.0	89.0	42.0
1392870915614	394.0	29.0	89.0	39.0
1392870915622	394.0	32.0	89.0	37.0
1392870915630	395.0	35.0	89.0	34.0
1392870915642	395.0	37.0	89.0	32.0
1392870915649	395.0	39.0	89.0	30.0
1392870915660	395.0	39.0	89.0	30.0
1392870915670	395.0	38.0	89.0	31.0
1392870915679	395.0	38.0	89.0	31.0
1392870915690	395.0	39.0	89.0	30.0
1392870915710	395.0	40.0	89.0	29.0
1392870915712	395.0	41.0	89.0	28.0
1392870915721	395.0	43.0	89.0	26.0
1392870915729	395.0	44.0	89.0	25.0
1392870915742	395.0	43.0	89.0	25.0
1392870915749	395.0	43.0	89.0	25.0
1392870915759	395.0	43.0	89.0	26.0
1392870915777	395.0	43.0	89.0	26.0
1392870915781	396.0	44.0	89.0	25.0
1392870915793	396.0	45.0	89.0	24.0
1392870915803	396.0	46.0	89.0	22.0
1392870915810	397.0	48.0	89.0	21.0
1392870915823	397.0	50.0	89.0	19.0
1392870915829	397.0	52.0	89.0	17.0
1392870915841	397.0	55.0	89.0	14.0
1392870915855	398.0	141.0	55.0	67.0
1392870915866	398.0	61.0	89.0	8.0
1392870915877	398.0	62.0	89.0	7.0
1392870915880	398.0	61.0	89.0	8.0
1392870915893	398.0	59.0	89.0	10.0
1392870915900	398.0	57.0	89.0	12.0
1392870915915	398.0	57.0	89.0	12.0
1392870915923	399.0	59.0	89.0	10.0
1392870915930	399.0	63.0	89.0	6.0
1392870915941	399.0	67.0	89.0	2.0
1392870915949	399.0	70.0	89.0	1.0
1392870915979	399.0	71.0	89.0	2.0
1392870915981	399.0	71.0	89.0	2.0
1392870915990	399.0	70.0	89.0	1.0
1392870915999	399.0	68.0	89.0	0.0
1392870916014	399.0	68.0	89.0	0.0
1392870916023	399.0	69.0	89.0	0.0
1392870916029	399.0	70.0	89.0	1.0
1392870916040	399.0	72.0	89.0	3.0
1392870916049	399.0	74.0	89.0	5.0
1392870916060	400.0	75.0	89.0	6.0
1392870916072	400.0	76.0	89.0	7.0
1392870916080	400.0	77.0	89.0	8.0
1392870916090	400.0	77.0	89.0	8.0
1392870916100	400.0	23.0	84.0	90.0
1392870916110	400.0	78.0	89.0	9.0
1392870916126	400.0	78.0	89.0	9.0
1392870916130	400.0	79.0	89.0	10.0
1392870916141	400.0	80.0	89.0	11.0
1392870916150	400.0	81.0	89.0	12.0
1392870916160	400.0	82.0	89.0	13.0
1392870916173	400.0	82.0	89.0	14.0
1392870916180	400.0	83.0	89.0	14.0
1392870916190	400.0	83.0	89.0	14.0
1392870916203	400.0	82.0	89.0	13.0
1392870916210	401.0	82.0	89.0	13.0
1392870916221	401.0	83.0	89.0	13.0
1392870916230	401.0	84.0	89.0	14.0
1392870916240	401.0	85.0	89.0	16.0
1392870916255	401.0	86.0	89.0	17.0
1392870916260	401.0	86.0	89.0	17.0
1392870916272	401.0	86.0	89.0	17.0
1392870916280	402.0	85.0	89.0	16.0
1392870916290	402.0	84.0	89.0	14.0
1392870916304	402.0	82.0	89.0	13.0
1392870916310	402.0	82.0	89.0	12.0
1392870916322	402.0	82.0	89.0	13.0
1392870916335	402.0	83.0	89.0	14.0
1392870916345	402.0	84.0	89.0	14.0
1392870916379	403.0	84.0	89.0	15.0
1392870916383	403.0	85.0	89.0	15.0
1392870916389	403.0	85.0	89.0	15.0
1392870916390	403.0	84.0	89.0	15.0
1392870916391	403.0	84.0	89.0	14.0
1392870916401	403.0	83.0	89.0	14.0
1392870916409	403.0	83.0	89.0	14.0
1392870916420	403.0	84.0	89.0	14.0
1392870916429	403.0	85.0	89.0	16.0
1392870916441	403.0	86.0	89.0	17.0
1392870916453	403.0	88.0	89.0	18.0
1392870916460	404.0	88.0	89.0	19.0
1392870916471	404.0	89.0	89.0	19.0
1392870916480	404.0	89.0	89.0	19.0
1392870916491	404.0	88.0	89.0	18.0
1392870916502	404.0	87.0	89.0	17.0
1392870916510	404.0	85.0	89.0	15.0
1392870916520	404.0	84.0	89.0	14.0
1392870916530	404.0	83.0	89.0	14.0
1392870916540	404.0	83.0	89.0	14.0
1392870916552	404.0	84.0	89.0	14.0
1392870916561	404.0	85.0	89.0	15.0
1392870916570	405.0	85.0	89.0	15.0
1392870916580	405.0	85.0	89.0	15.0
1392870916591	405.0	84.0	89.0	14.0
1392870916611	405.0	80.0	89.0	11.0
1392870916624	405.0	79.0	89.0	9.0
1392870916631	405.0	78.0	89.0	8.0
1392870916646	406.0	77.0	89.0	7.0
1392870916655	406.0	77.0	89.0	7.0
1392870916661	406.0	77.0	89.0	7.0
1392870916673	406.0	77.0	89.0	8.0
1392870916682	406.0	78.0	89.0	9.0
1392870916690	406.0	79.0	89.0	10.0
1392870916701	406.0	80.0	89.0	10.0
1392870916710	405.0	80.0	89.0	10.0
1392870916720	405.0	79.0	89.0	10.0
1392870916734	405.0	78.0	89.0	8.0
1392870916745	406.0	77.0	89.0	7.0
1392870916752	406.0	76.0	89.0	7.0
1392870916760	406.0	76.0	89.0	7.0
1392870916771	406.0	77.0	89.0	7.0
1392870916784	407.0	77.0	89.0	8.0
1392870916790	407.0	77.0	89.0	8.0
1392870916801	407.0	77.0	89.0	8.0
1392870916810	407.0	77.0	89.0	8.0
1392870916821	407.0	77.0	89.0	7.0
1392870916834	407.0	76.0	89.0	7.0
1392870916841	407.0	76.0	89.0	7.0
1392870916853	407.0	76.0	89.0	6.0
1392870916864	407.0	75.0	89.0	6.0
1392870916871	407.0	75.0	89.0	5.0
1392870916883	407.0	74.0	89.0	4.0
1392870916891	408.0	73.0	89.0	3.0
1392870916901	408.0	73.0	89.0	3.0
1392870916911	408.0	73.0	89.0	3.0
1392870916922	408.0	73.0	89.0	3.0
1392870916932	408.0	73.0	88.0	4.0
1392870916941	408.0	74.0	88.0	4.0
1392870916951	408.0	74.0	88.0	4.0
1392870916965	407.0	74.0	88.0	4.0
1392870916972	407.0	74.0	88.0	4.0
1392870916982	407.0	74.0	88.0	4.0
1392870916991	409.0	74.0	88.0	4.0
1392870917001	409.0	74.0	88.0	4.0
1392870917012	409.0	74.0	88.0	4.0
1392870917022	409.0	74.0	88.0	4.0
1392870917031	409.0	74.0	88.0	4.0
1392870917042	409.0	74.0	88.0	5.0
1392870917052	409.0	74.0	88.0	5.0
1392870917062	409.0	74.0	88.0	5.0
1392870917071	409.0	75.0	88.0	5.0
1392870917082	409.0	75.0	88.0	5.0
1392870917092	409.0	75.0	88.0	5.0
1392870917102	410.0	74.0	88.0	4.0
1392870917114	410.0	73.0	88.0	4.0
1392870917121	410.0	73.0	88.0	3.0
1392870917131	410.0	72.0	88.0	3.0
1392870917145	411.0	72.0	88.0	2.0
1392870917151	411.0	71.0	88.0	2.0
1392870917165	411.0	70.0	88.0	1.0
1392870917171	411.0	69.0	88.0	0.0
1392870917183	411.0	68.0	88.0	1.0
1392870917194	411.0	67.0	88.0	2.0
1392870917202	411.0	67.0	88.0	2.0
1392870917224	413.0	2.0	28.0	112.0
1392870917244	413.0	2.0	28.0	112.0
1392870917246	413.0	67.0	88.0	3.0
1392870917248	413.0	66.0	88.0	3.0
1392870917251	414.0	65.0	88.0	4.0
1392870917279	414.0	64.0	88.0	5.0
1392870917292	414.0	64.0	88.0	6.0
1392870917293	415.0	63.0	88.0	6.0
1392870917294	415.0	63.0	88.0	7.0
1392870917304	415.0	63.0	88.0	7.0
1392870917314	415.0	62.0	88.0	7.0
1392870917322	417.0	62.0	88.0	8.0
1392870917330	417.0	61.0	88.0	9.0
1392870917347	417.0	61.0	88.0	9.0
1392870917353	419.0	60.0	88.0	10.0
1392870917375	419.0	59.0	88.0	11.0
1392870917376	419.0	59.0	88.0	11.0
1392870917380	419.0	58.0	88.0	12.0
1392870917391	421.0	58.0	88.0	12.0
1392870917401	421.0	58.0	88.0	12.0
1392870917413	421.0	58.0	88.0	12.0
1392870917420	424.0	58.0	88.0	13.0
1392870917430	424.0	57.0	88.0	13.0
1392870917442	424.0	56.0	88.0	14.0
1392870917450	424.0	56.0	88.0	15.0
1392870917462	427.0	56.0	88.0	14.0
1392870917470	427.0	57.0	88.0	13.0
1392870917481	427.0	59.0	88.0	12.0
1392870917494	427.0	80.0	88.0	11.0
1392870917501	430.0	62.0	88.0	9.0
1392870917511	430.0	64.0	88.0	8.0
1392870917521	430.0	64.0	88.0	7.0
1392870917530	433.0	64.0	88.0	7.0
1392870917541	433.0	64.0	88.0	7.0
1392870917550	433.0	63.0	88.0	8.0
1392870917561	433.0	62.0	87.0	9.0
1392870917570	437.0	62.0	87.0	10.0
1392870917581	437.0	62.0	87.0	10.0
1392870917593	437.0	62.0	87.0	10.0
1392870917600	441.0	62.0	87.0	9.0
1392870917611	441.0	62.0	87.0	9.0
1392870917620	441.0	62.0	87.0	9.0
1392870917631	441.0	62.0	87.0	10.0
1392870917644	446.0	61.0	87.0	10.0
1392870917651	446.0	61.0	87.0	11.0
1392870917661	446.0	61.0	87.0	11.0
1392870917670	446.0	62.0	87.0	10.0
1392870917681	452.0	62.0	87.0	10.0
1392870917694	452.0	62.0	87.0	9.0
1392870917701	452.0	62.0	87.0	9.0
1392870917712	459.0	62.0	87.0	10.0
1392870917721	459.0	62.0	87.0	9.0
1392870917731	459.0	62.0	87.0	9.0
1392870917748	459.0	63.0	87.0	9.0
1392870917751	466.0	63.0	87.0	9.0
1392870917762	466.0	62.0	87.0	10.0
1392870917771	466.0	62.0	87.0	10.0
1392870917781	473.0	61.0	87.0	11.0
1392870917797	473.0	61.0	87.0	11.0
1392870917801	473.0	61.0	87.0	11.0
1392870917811	473.0	61.0	87.0	11.0
1392870917829	483.0	61.0	87.0	11.0
1392870917831	483.0	61.0	87.0	11.0
1392870917847	483.0	61.0	87.0	11.0
1392870917852	494.0	61.0	87.0	11.0
1392870917864	494.0	61.0	86.0	11.0
1392870917875	494.0	62.0	86.0	10.0
1392870917882	494.0	62.0	86.0	10.0
1392870917894	504.0	63.0	86.0	9.0
1392870917901	504.0	63.0	86.0	9.0
1392870917914	504.0	63.0	86.0	8.0
1392870917934	504.0	64.0	86.0	8.0
1392870917936	519.0	64.0	86.0	8.0
1392870917942	519.0	64.0	86.0	8.0
1392870917951	519.0	64.0	86.0	7.0
1392870917961	534.0	65.0	86.0	7.0
1392870917976	534.0	66.0	86.0	6.0
1392870917981	534.0	66.0	86.0	5.0
1392870917992	534.0	67.0	86.0	5.0
1392870918002	549.0	67.0	86.0	4.0
1392870918011	549.0	68.0	86.0	4.0
1392870918023	549.0	68.0	86.0	4.0
1392870918031	568.0	68.0	86.0	3.0
1392870918043	568.0	69.0	85.0	3.0
1392870918054	568.0	69.0	85.0	2.0
1392870918062	568.0	70.0	85.0	2.0
1392870918075	590.0	70.0	85.0	2.0
1392870918082	590.0	70.0	85.0	1.0
1392870918093	590.0	71.0	85.0	0.0
1392870918112	590.0	73.0	85.0	2.0
1392870918115	613.0	73.0	85.0	2.0
1392870918126	613.0	74.0	85.0	3.0
1392870918132	613.0	75.0	85.0	4.0
1392870918144	638.0	76.0	85.0	5.0
1392870918151	638.0	77.0	85.0	5.0
1392870918162	638.0	77.0	85.0	5.0
1392870918188	638.0	76.0	84.0	5.0
1392870918199	665.0	75.0	84.0	4.0
1392870918201	665.0	127.0	7.0	91.0
1392870918202	665.0	74.0	84.0	3.0
1392870918211	691.0	74.0	84.0	3.0
1392870918221	691.0	74.0	84.0	3.0
1392870918231	691.0	74.0	84.0	3.0
1392870918242	691.0	74.0	84.0	4.0
1392870918253	717.0	74.0	84.0	4.0
1392870918261	717.0	74.0	84.0	4.0
1392870918273	717.0	74.0	84.0	4.0
1392870918281	747.0	74.0	85.0	4.0
1392870918291	747.0	74.0	85.0	4.0
1392870918302	747.0	74.0	85.0	5.0
1392870918311	747.0	75.0	85.0	5.0
1392870918321	777.0	76.0	85.0	6.0
1392870918331	777.0	76.0	85.0	7.0
1392870918350	777.0	76.0	85.0	7.0
1392870918357	777.0	76.0	85.0	7.0
1392870918363	806.0	76.0	85.0	7.0
1392870918386	806.0	106.0	24.0	163.0
1392870918390	806.0	75.0	85.0	6.0
1392870918392	836.0	75.0	85.0	6.0
1392870918405	836.0	74.0	85.0	6.0
1392870918411	836.0	74.0	85.0	5.0
1392870918422	836.0	73.0	85.0	4.0
1392870918431	866.0	72.0	85.0	4.0
1392870918442	866.0	71.0	85.0	3.0
1392870918454	866.0	70.0	85.0	2.0
1392870918461	893.0	70.0	85.0	2.0
1392870918471	893.0	69.0	85.0	1.0
1392870918482	893.0	69.0	85.0	1.0
1392870918491	893.0	69.0	85.0	1.0
1392870918504	921.0	70.0	86.0	2.0
1392870918519	921.0	70.0	86.0	2.0
1392870918521	921.0	71.0	86.0	3.0
1392870918531	921.0	72.0	86.0	4.0
1392870918542	949.0	73.0	86.0	5.0
1392870918557	949.0	74.0	86.0	6.0
1392870918561	949.0	75.0	86.0	7.0
1392870918571	974.0	75.0	86.0	8.0
1392870918581	974.0	76.0	86.0	8.0
1392870918592	974.0	76.0	86.0	9.0
1392870918603	974.0	77.0	86.0	10.0
1392870918611	1005.0	78.0	86.0	10.0
1392870918627	1005.0	78.0	86.0	11.0
1392870918631	1005.0	79.0	86.0	11.0
1392870918642	1040.0	79.0	86.0	11.0
1392870918653	1040.0	79.0	86.0	11.0
1392870918662	1040.0	79.0	86.0	11.0
1392870918671	1040.0	79.0	86.0	11.0
1392870918682	1076.0	78.0	86.0	11.0
1392870918692	1076.0	78.0	86.0	11.0
1392870918703	1076.0	78.0	86.0	11.0
1392870918711	1112.0	78.0	86.0	11.0
1392870918729	1112.0	79.0	87.0	11.0
1392870918733	1112.0	79.0	87.0	11.0
1392870918742	1112.0	80.0	87.0	12.0
1392870918752	1150.0	80.0	87.0	12.0
1392870918761	1150.0	80.0	87.0	12.0
1392870918772	1150.0	81.0	87.0	12.0
1392870918786	1150.0	81.0	87.0	13.0
1392870918792	1191.0	82.0	87.0	13.0
1392870918803	1191.0	83.0	87.0	14.0
1392870918812	1191.0	85.0	87.0	16.0
1392870918822	1231.0	86.0	87.0	17.0
1392870918836	1231.0	87.0	87.0	18.0
1392870918842	1231.0	88.0	87.0	19.0
1392870918852	1231.0	88.0	87.0	19.0
1392870918862	1280.0	88.0	87.0	19.0
1392870918872	1280.0	87.0	87.0	18.0
1392870918887	1280.0	86.0	87.0	17.0
1392870918892	1332.0	85.0	86.0	16.0
1392870918905	1332.0	85.0	86.0	15.0
1392870918912	1332.0	85.0	86.0	15.0
1392870918922	1332.0	85.0	86.0	15.0
1392870918934	1387.0	85.0	86.0	15.0
1392870918942	1387.0	85.0	86.0	15.0
1392870918954	1387.0	84.0	86.0	14.0
1392870918969	1450.0	83.0	86.0	13.0
1392870918973	1450.0	82.0	86.0	12.0
1392870918994	1450.0	82.0	86.0	12.0
1392870919006	1450.0	82.0	85.0	12.0
1392870919007	1517.0	82.0	85.0	12.0
1392870919016	1517.0	82.0	85.0	12.0
1392870919023	1517.0	83.0	85.0	12.0
1392870919034	1517.0	83.0	85.0	13.0
1392870919042	1591.0	83.0	85.0	13.0
1392870919052	1591.0	84.0	85.0	13.0
1392870919065	1591.0	84.0	85.0	13.0
1392870919075	1674.0	83.0	85.0	12.0
1392870919086	1674.0	83.0	85.0	12.0
1392870919094	1674.0	82.0	85.0	11.0
1392870919102	1674.0	81.0	85.0	10.0
1392870919113	1766.0	81.0	85.0	9.0
1392870919122	1766.0	80.0	84.0	9.0
1392870919133	1766.0	79.0	84.0	8.0
1392870919143	1866.0	79.0	84.0	7.0
1392870919152	1866.0	79.0	84.0	6.0
1392870919163	1866.0	78.0	84.0	6.0
1392870919172	1866.0	78.0	84.0	6.0
1392870919185	1969.0	78.0	84.0	5.0
1392870919192	1969.0	78.0	84.0	5.0
1392870919204	1969.0	77.0	84.0	5.0
1392870919216	1969.0	77.0	85.0	5.0
1392870919223	2082.0	78.0	85.0	5.0
1392870919233	2082.0	79.0	85.0	6.0
1392870919242	2082.0	80.0	85.0	7.0
1392870919252	2200.0	81.0	86.0	8.0
1392870919266	2200.0	82.0	86.0	9.0
1392870919272	2200.0	82.0	86.0	10.0
1392870919282	2200.0	82.0	86.0	10.0
1392870919292	2313.0	82.0	87.0	10.0
1392870919303	2313.0	83.0	87.0	10.0
1392870919315	2313.0	82.0	87.0	9.0
1392870919323	2427.0	81.0	87.0	8.0
1392870919337	2427.0	81.0	87.0	8.0
1392870919345	2427.0	81.0	87.0	9.0
1392870919353	2427.0	82.0	87.0	9.0
1392870919369	2530.0	83.0	87.0	10.0
1392870919372	2530.0	84.0	87.0	10.0
1392870919383	2530.0	85.0	87.0	11.0
1392870919393	2626.0	86.0	88.0	12.0
1392870919402	2626.0	88.0	88.0	14.0
1392870919414	2626.0	89.0	88.0	15.0
1392870919422	2626.0	90.0	88.0	16.0
1392870919434	2716.0	91.0	88.0	18.0
1392870919444	2716.0	94.0	88.0	19.0
1392870919453	2716.0	96.0	88.0	22.0
1392870919465	2716.0	98.0	88.0	24.0
1392870919473	2806.0	100.0	88.0	25.0
1392870919483	2806.0	101.0	88.0	27.0
1392870919494	2806.0	102.0	88.0	27.0
1392870919503	2888.0	102.0	88.0	27.0
1392870919515	2888.0	102.0	88.0	27.0
1392870919522	2888.0	102.0	88.0	27.0
1392870919532	2888.0	102.0	88.0	27.0
1392870919543	2963.0	101.0	88.0	27.0
1392870919553	2963.0	101.0	88.0	26.0
1392870919565	2963.0	101.0	88.0	26.0
1392870919572	3037.0	101.0	88.0	26.0
1392870919583	3037.0	101.0	88.0	26.0
1392870919598	3037.0	101.0	88.0	25.0
1392870919603	3037.0	100.0	88.0	24.0
1392870919613	3111.0	99.0	88.0	24.0
1392870919623	3111.0	99.0	88.0	24.0
1392870919633	3111.0	100.0	88.0	24.0
1392870919646	3111.0	101.0	88.0	26.0
1392870919653	3172.0	103.0	88.0	27.0
1392870919666	3172.0	104.0	88.0	29.0
1392870919673	3172.0	105.0	88.0	29.0
1392870919684	3241.0	104.0	88.0	29.0
1392870919698	3241.0	103.0	88.0	28.0
1392870919703	3241.0	102.0	88.0	26.0
1392870919717	3241.0	100.0	88.0	24.0
1392870919727	3309.0	99.0	88.0	23.0
1392870919733	3309.0	99.0	88.0	23.0
1392870919757	3309.0	100.0	88.0	24.0
1392870919777	3375.0	100.0	88.0	24.0
1392870919779	3375.0	100.0	88.0	25.0
1392870919781	3375.0	101.0	88.0	25.0
1392870919783	3375.0	102.0	88.0	26.0
1392870919801	3444.0	103.0	88.0	27.0
1392870919804	3444.0	102.0	88.0	26.0
1392870919813	3444.0	100.0	88.0	24.0
1392870919823	3518.0	99.0	88.0	23.0
1392870919837	3518.0	97.0	88.0	21.0
1392870919845	3518.0	95.0	88.0	19.0
1392870919853	3518.0	95.0	88.0	19.0
1392870919863	3576.0	94.0	88.0	18.0
1392870919872	3576.0	93.0	88.0	17.0
1392870919883	3576.0	91.0	88.0	15.0
1392870919894	3576.0	89.0	88.0	13.0
1392870919903	3634.0	88.0	88.0	12.0
1392870919913	3634.0	89.0	89.0	13.0
1392870919924	3634.0	93.0	89.0	17.0
1392870919933	3686.0	99.0	89.0	23.0
1392870919944	3686.0	107.0	89.0	31.0
1392870919953	3686.0	114.0	89.0	39.0
1392870919963	3686.0	119.0	89.0	43.0
1392870919980	3740.0	119.0	89.0	43.0
1392870919986	3740.0	113.0	89.0	37.0
1392870919994	3740.0	103.0	89.0	27.0
1392870920003	3781.0	93.0	89.0	17.0
1392870920013	3781.0	85.0	89.0	9.0
1392870920027	3781.0	80.0	89.0	4.0
1392870920033	3781.0	77.0	88.0	1.0
1392870920056	3824.0	74.0	88.0	2.0
1392870920058	3824.0	72.0	88.0	4.0
1392870920063	3824.0	69.0	88.0	7.0
1392870920073	3824.0	65.0	88.0	11.0
1392870920084	3860.0	61.0	88.0	15.0
1392870920094	3860.0	55.0	88.0	21.0
1392870920103	3860.0	50.0	89.0	26.0
1392870920113	3888.0	45.0	89.0	31.0
1392870920123	3888.0	41.0	89.0	35.0
1392870920133	3888.0	39.0	89.0	37.0
1392870920143	3888.0	38.0	89.0	38.0
1392870920153	3925.0	38.0	89.0	38.0
1392870920165	3925.0	39.0	89.0	37.0
1392870920176	3925.0	40.0	89.0	36.0
1392870920183	3957.0	40.0	89.0	36.0
1392870920193	3957.0	39.0	89.0	37.0
1392870920203	3957.0	36.0	89.0	40.0
1392870920214	3957.0	33.0	89.0	43.0
1392870920225	3979.0	30.0	89.0	47.0
1392870920233	3979.0	27.0	89.0	49.0
1392870920243	3979.0	24.0	89.0	52.0
1392870920253	4002.0	22.0	89.0	53.0
1392870920263	4002.0	21.0	88.0	55.0
1392870920275	4002.0	21.0	88.0	55.0
1392870920283	4002.0	21.0	88.0	55.0
1392870920294	4021.0	22.0	88.0	54.0
1392870920303	4021.0	23.0	88.0	53.0
1392870920313	4021.0	24.0	88.0	52.0
1392870920331	4021.0	25.0	88.0	51.0
1392870920333	4025.0	26.0	88.0	50.0
1392870920345	4025.0	26.0	88.0	50.0
1392870920353	4025.0	27.0	88.0	49.0
1392870920364	4044.0	28.0	88.0	49.0
1392870920374	4044.0	28.0	88.0	48.0
1392870920383	4044.0	28.0	88.0	48.0
1392870920408	4044.0	29.0	88.0	47.0
1392870920416	4055.0	1.0	6.0	104.0
1392870920418	4055.0	28.0	88.0	48.0
1392870920425	4055.0	28.0	88.0	48.0
1392870920434	4061.0	28.0	88.0	48.0
1392870920444	4061.0	29.0	88.0	47.0
1392870920459	4061.0	29.0	88.0	47.0
1392870920464	4061.0	29.0	88.0	47.0
1392870920476	4067.0	29.0	88.0	47.0
1392870920483	4067.0	28.0	88.0	47.0
1392870920504	4067.0	28.0	88.0	48.0
1392870920506	4076.0	27.0	88.0	49.0
1392870920513	4076.0	26.0	88.0	50.0
1392870920524	4076.0	25.0	88.0	51.0
1392870920533	4076.0	24.0	88.0	52.0
1392870920543	4078.0	23.0	88.0	53.0
1392870920557	4078.0	23.0	87.0	53.0
1392870920564	4078.0	23.0	87.0	53.0
1392870920574	4078.0	23.0	87.0	53.0
1392870920584	4080.0	23.0	87.0	53.0
1392870920593	4080.0	22.0	87.0	54.0
1392870920604	4080.0	21.0	87.0	55.0
1392870920613	4077.0	20.0	87.0	56.0
1392870920623	4077.0	18.0	87.0	57.0
1392870920633	4077.0	17.0	87.0	58.0
1392870920645	4077.0	17.0	87.0	59.0
1392870920660	4090.0	16.0	87.0	60.0
1392870920664	4090.0	15.0	87.0	60.0
1392870920677	4090.0	15.0	87.0	61.0
1392870920687	4091.0	15.0	87.0	61.0
1392870920695	4091.0	14.0	87.0	61.0
1392870920706	4091.0	14.0	87.0	61.0
1392870920714	4091.0	14.0	87.0	61.0
1392870920724	4096.0	15.0	87.0	61.0
1392870920736	4096.0	14.0	87.0	61.0
1392870920745	4096.0	14.0	87.0	62.0
1392870920755	4096.0	13.0	87.0	62.0
1392870920765	4095.0	13.0	87.0	63.0
1392870920775	4095.0	12.0	87.0	64.0
1392870920787	4095.0	12.0	87.0	64.0
1392870920795	4091.0	11.0	87.0	64.0
1392870920805	4091.0	12.0	88.0	63.0
1392870920837	4091.0	13.0	88.0	63.0
1392870920840	4091.0	14.0	88.0	62.0
1392870920841	4084.0	14.0	88.0	61.0
1392870920844	4084.0	14.0	88.0	61.0
1392870920855	4084.0	14.0	88.0	62.0
1392870920864	4082.0	13.0	88.0	63.0
1392870920874	4082.0	12.0	88.0	64.0
1392870920892	4082.0	10.0	88.0	65.0
1392870920895	4082.0	10.0	88.0	65.0
1392870920905	4081.0	10.0	88.0	65.0
1392870920915	4081.0	10.0	88.0	65.0
1392870920926	4081.0	11.0	88.0	64.0
1392870920941	4077.0	11.0	88.0	64.0
1392870920946	4077.0	12.0	88.0	63.0
1392870920955	4077.0	12.0	88.0	63.0
1392870920964	4077.0	12.0	88.0	63.0
1392870920976	4068.0	10.0	88.0	65.0
1392870920992	4068.0	9.0	88.0	66.0
1392870921000	4068.0	8.0	88.0	67.0
1392870921008	4068.0	8.0	88.0	67.0
1392870921014	4067.0	8.0	88.0	67.0
1392870921024	4067.0	8.0	88.0	66.0
1392870921040	4067.0	9.0	88.0	65.0
1392870921044	4072.0	10.0	88.0	65.0
1392870921054	4072.0	11.0	88.0	64.0
1392870921066	4072.0	11.0	88.0	64.0
1392870921074	4072.0	11.0	88.0	63.0
1392870921084	4063.0	11.0	88.0	63.0
1392870921095	4063.0	12.0	88.0	63.0
1392870921105	4063.0	12.0	88.0	62.0
1392870921127	4056.0	13.0	88.0	61.0
1392870921131	4056.0	13.0	88.0	61.0
1392870921144	4056.0	11.0	88.0	63.0
1392870921147	4056.0	6.0	88.0	68.0
1392870921154	4045.0	1.0	88.0	74.0
1392870921164	4045.0	3.0	87.0	77.0
1392870921174	4045.0	4.0	87.0	78.0
1392870921187	4035.0	3.0	87.0	78.0
1392870921195	4035.0	1.0	87.0	76.0
1392870921390	4035.0	1.0	87.0	74.0
1392870921437	4035.0	5.0	87.0	70.0
1392870921438	4032.0	9.0	87.0	65.0
1392870921441	4032.0	14.0	87.0	61.0
1392870921443	4032.0	17.0	87.0	57.0
1392870921444	4032.0	19.0	87.0	55.0
1392870921445	4026.0	20.0	87.0	55.0
1392870921447	4026.0	20.0	87.0	55.0
1392870921449	4026.0	19.0	87.0	56.0
1392870921450	4015.0	17.0	87.0	57.0
1392870921451	4015.0	16.0	87.0	58.0
1392870921453	4015.0	16.0	87.0	59.0
1392870921454	4015.0	16.0	87.0	59.0
1392870921455	4006.0	16.0	87.0	59.0
1392870921458	4006.0	17.0	87.0	57.0
1392870921459	4006.0	18.0	87.0	56.0
1392870921461	4003.0	20.0	87.0	55.0
1392870921462	4003.0	21.0	87.0	54.0
1392870921486	4003.0	21.0	87.0	54.0
1392870921487	4003.0	21.0	87.0	54.0
