1392870475362	4486.0	12.0	39.0	90.0
1392870475374	4486.0	93.0	72.0	10.0
1392870475382	4486.0	93.0	72.0	10.0
1392870475401	4480.0	93.0	72.0	10.0
1392870475411	4480.0	93.0	72.0	10.0
1392870475421	4487.0	93.0	72.0	10.0
1392870475431	4487.0	93.0	72.0	10.0
1392870475440	4487.0	93.0	72.0	10.0
1392870475453	4487.0	93.0	72.0	10.0
1392870475460	4478.0	93.0	72.0	10.0
1392870475471	4478.0	93.0	72.0	10.0
1392870475481	4478.0	93.0	72.0	10.0
1392870475491	4478.0	93.0	72.0	10.0
1392870475500	4476.0	93.0	72.0	10.0
1392870475511	4476.0	93.0	72.0	10.0
1392870475521	4476.0	93.0	72.0	10.0
1392870475531	4481.0	93.0	72.0	10.0
1392870475542	4481.0	93.0	72.0	10.0
1392870475552	4481.0	93.0	72.0	10.0
1392870475560	4481.0	93.0	72.0	10.0
1392870475571	4477.0	93.0	72.0	10.0
1392870475581	4477.0	93.0	72.0	10.0
1392870475593	4477.0	93.0	72.0	10.0
1392870475603	4473.0	93.0	72.0	9.0
1392870475611	4473.0	93.0	72.0	10.0
1392870475622	4473.0	93.0	72.0	10.0
1392870475639	4473.0	93.0	72.0	10.0
1392870475643	4476.0	93.0	72.0	10.0
1392870475655	4476.0	93.0	72.0	10.0
1392870475663	4476.0	93.0	72.0	10.0
1392870475672	4476.0	12.0	39.0	90.0
1392870475684	4479.0	12.0	39.0	90.0
1392870475693	4479.0	93.0	72.0	10.0
1392870475703	4479.0	93.0	72.0	10.0
1392870475712	4470.0	93.0	72.0	10.0
1392870475724	4470.0	93.0	72.0	10.0
1392870475737	4470.0	93.0	72.0	10.0
1392870475741	4470.0	12.0	39.0	90.0
1392870475752	4479.0	93.0	72.0	10.0
1392870475768	4479.0	93.0	72.0	10.0
1392870475772	4479.0	93.0	72.0	10.0
1392870475782	4478.0	93.0	72.0	10.0
1392870475806	4478.0	93.0	72.0	10.0
1392870475809	4478.0	93.0	72.0	10.0
1392870475822	4478.0	93.0	72.0	10.0
1392870475835	4473.0	12.0	39.0	90.0
1392870475837	4473.0	93.0	72.0	10.0
1392870475843	4473.0	93.0	72.0	10.0
1392870475853	4471.0	93.0	72.0	10.0
1392870475861	4471.0	12.0	39.0	90.0
1392870475959	4471.0	93.0	72.0	10.0
1392870475961	4471.0	93.0	72.0	10.0
1392870475964	4474.0	93.0	72.0	10.0
1392870475968	4474.0	93.0	72.0	10.0
1392870475970	4474.0	93.0	72.0	10.0
1392870475972	4474.0	93.0	72.0	9.0
1392870475975	4472.0	92.0	72.0	9.0
1392870475976	4472.0	92.0	72.0	9.0
1392870475978	4472.0	92.0	72.0	9.0
1392870475981	4463.0	92.0	72.0	9.0
1392870476011	4463.0	92.0	72.0	9.0
1392870476014	4463.0	92.0	72.0	9.0
1392870476015	4463.0	92.0	72.0	9.0
1392870476016	4461.0	92.0	72.0	9.0
1392870476017	4461.0	92.0	72.0	9.0
1392870476022	4461.0	92.0	72.0	9.0
1392870476034	4463.0	92.0	72.0	9.0
1392870476043	4463.0	92.0	72.0	9.0
1392870476053	4463.0	92.0	72.0	9.0
1392870476063	4463.0	92.0	72.0	9.0
1392870476072	4451.0	92.0	72.0	9.0
1392870476087	4451.0	92.0	71.0	9.0
1392870476103	4451.0	92.0	71.0	9.0
1392870476105	4451.0	92.0	71.0	9.0
1392870476113	4449.0	92.0	71.0	9.0
1392870476132	4449.0	77.0	71.0	7.0
1392870476133	4449.0	92.0	71.0	9.0
1392870476143	4444.0	92.0	71.0	9.0
1392870476152	4444.0	92.0	71.0	9.0
1392870476163	4444.0	92.0	71.0	9.0
1392870476172	4444.0	92.0	71.0	9.0
1392870476182	4435.0	92.0	71.0	9.0
1392870476191	4435.0	92.0	71.0	9.0
1392870476203	4435.0	92.0	71.0	9.0
1392870476214	4438.0	92.0	71.0	9.0
1392870476222	4438.0	92.0	71.0	9.0
1392870476233	4438.0	92.0	71.0	9.0
1392870476242	4438.0	92.0	71.0	9.0
1392870476254	4433.0	92.0	70.0	9.0
1392870476263	4433.0	92.0	70.0	9.0
1392870476272	4433.0	92.0	70.0	9.0
1392870476283	4433.0	92.0	70.0	9.0
1392870476292	4429.0	92.0	70.0	9.0
1392870476305	4429.0	91.0	70.0	9.0
1392870476314	4429.0	91.0	70.0	9.0
1392870476323	4433.0	91.0	71.0	9.0
1392870476336	4433.0	91.0	71.0	9.0
1392870476349	4433.0	91.0	71.0	9.0
1392870476366	4433.0	91.0	71.0	9.0
1392870476369	4441.0	91.0	71.0	9.0
1392870476392	4441.0	146.0	79.0	65.0
1392870476395	4441.0	91.0	71.0	9.0
1392870476397	4435.0	91.0	71.0	9.0
1392870476401	4435.0	91.0	71.0	9.0
1392870476416	4435.0	91.0	71.0	9.0
1392870476424	4435.0	91.0	71.0	9.0
1392870476439	4438.0	91.0	71.0	9.0
1392870476442	4438.0	91.0	71.0	9.0
1392870476452	4438.0	91.0	71.0	9.0
1392870476465	4436.0	91.0	71.0	9.0
1392870476472	4436.0	91.0	71.0	9.0
1392870476484	4436.0	91.0	71.0	9.0
1392870476494	4436.0	91.0	71.0	9.0
1392870476502	4444.0	91.0	71.0	9.0
1392870476514	4444.0	91.0	71.0	9.0
1392870476523	4444.0	91.0	71.0	10.0
1392870476533	4444.0	91.0	71.0	10.0
1392870476542	4437.0	91.0	71.0	10.0
1392870476552	4437.0	91.0	71.0	10.0
1392870476565	4437.0	91.0	71.0	10.0
1392870476572	4443.0	91.0	71.0	10.0
1392870476582	4443.0	91.0	71.0	10.0
1392870476593	4443.0	92.0	71.0	10.0
1392870476602	4443.0	92.0	71.0	10.0
1392870476612	4450.0	92.0	71.0	10.0
1392870476623	4450.0	92.0	72.0	10.0
1392870476634	4450.0	92.0	72.0	10.0
1392870476644	4447.0	92.0	72.0	10.0
1392870476652	4447.0	92.0	72.0	10.0
1392870476665	4447.0	92.0	72.0	10.0
1392870476677	4447.0	92.0	72.0	10.0
1392870476683	4455.0	91.0	72.0	10.0
1392870476693	4455.0	92.0	72.0	10.0
1392870476702	4455.0	92.0	72.0	10.0
1392870476712	4455.0	92.0	72.0	10.0
1392870476723	4457.0	92.0	72.0	10.0
1392870476734	4457.0	92.0	72.0	10.0
1392870476750	4457.0	92.0	73.0	10.0
1392870476753	4459.0	92.0	73.0	10.0
1392870476765	4459.0	92.0	73.0	10.0
1392870476773	4459.0	92.0	73.0	11.0
1392870476783	4459.0	92.0	73.0	11.0
1392870476797	4453.0	92.0	73.0	11.0
1392870476802	4453.0	92.0	73.0	11.0
1392870476813	4453.0	92.0	73.0	11.0
1392870476823	4455.0	92.0	73.0	11.0
1392870476833	4455.0	92.0	73.0	11.0
1392870476845	4455.0	92.0	73.0	11.0
1392870476853	4455.0	92.0	73.0	11.0
1392870476863	4446.0	92.0	73.0	11.0
1392870476872	4446.0	92.0	72.0	11.0
1392870476883	4446.0	92.0	72.0	11.0
1392870476894	4445.0	92.0	72.0	11.0
1392870476902	4445.0	92.0	72.0	11.0
1392870476912	4445.0	92.0	72.0	11.0
1392870476923	4445.0	92.0	72.0	11.0
1392870476932	4446.0	92.0	72.0	11.0
1392870476945	4446.0	92.0	72.0	11.0
1392870476953	4446.0	92.0	72.0	11.0
1392870476962	4446.0	92.0	72.0	11.0
1392870476972	4448.0	92.0	73.0	11.0
1392870476984	4448.0	92.0	73.0	11.0
1392870476994	4448.0	92.0	73.0	11.0
1392870477002	4448.0	92.0	73.0	11.0
1392870477012	4448.0	92.0	73.0	11.0
1392870477023	4448.0	92.0	73.0	11.0
1392870477033	4448.0	92.0	73.0	11.0
1392870477054	4452.0	92.0	73.0	11.0
1392870477075	4452.0	92.0	73.0	11.0
1392870477077	4457.0	92.0	73.0	11.0
1392870477086	4457.0	92.0	73.0	11.0
1392870477097	4457.0	92.0	73.0	11.0
1392870477103	4457.0	92.0	73.0	11.0
1392870477128	4453.0	92.0	73.0	11.0
1392870477130	4453.0	92.0	73.0	11.0
1392870477132	4453.0	92.0	73.0	11.0
1392870477147	4453.0	92.0	73.0	11.0
1392870477152	4451.0	92.0	73.0	11.0
1392870477162	4451.0	92.0	73.0	11.0
1392870477173	4451.0	92.0	73.0	11.0
1392870477182	4456.0	92.0	73.0	11.0
1392870477193	4456.0	92.0	73.0	11.0
1392870477202	4456.0	92.0	73.0	11.0
1392870477212	4456.0	92.0	73.0	11.0
1392870477225	4461.0	92.0	73.0	11.0
1392870477232	4461.0	92.0	73.0	11.0
1392870477242	4461.0	93.0	73.0	11.0
1392870477252	4457.0	93.0	73.0	11.0
1392870477262	4457.0	93.0	73.0	11.0
1392870477275	4457.0	93.0	73.0	11.0
1392870477283	4457.0	93.0	73.0	11.0
1392870477292	4473.0	93.0	73.0	12.0
1392870477302	4473.0	93.0	73.0	12.0
1392870477312	4473.0	93.0	73.0	12.0
1392870477324	4476.0	94.0	73.0	12.0
1392870477332	4476.0	94.0	73.0	12.0
1392870477343	4476.0	94.0	73.0	12.0
1392870477352	4476.0	94.0	73.0	12.0
1392870477362	4473.0	94.0	73.0	12.0
1392870477374	4473.0	94.0	73.0	12.0
1392870477383	4473.0	94.0	73.0	13.0
1392870477393	4473.0	94.0	73.0	13.0
1392870477404	4482.0	94.0	73.0	13.0
1392870477414	4482.0	95.0	73.0	12.0
1392870477423	4482.0	94.0	73.0	12.0
1392870477432	4492.0	94.0	73.0	12.0
1392870477447	4492.0	94.0	73.0	12.0
1392870477452	4492.0	94.0	73.0	12.0
1392870477463	4492.0	94.0	74.0	12.0
1392870477474	4501.0	94.0	74.0	12.0
1392870477483	4501.0	94.0	74.0	12.0
1392870477494	4501.0	93.0	74.0	11.0
1392870477506	4507.0	93.0	74.0	11.0
1392870477513	4507.0	93.0	74.0	11.0
1392870477526	4507.0	93.0	74.0	11.0
1392870477533	4507.0	93.0	74.0	11.0
1392870477543	4517.0	93.0	74.0	11.0
1392870477564	4517.0	92.0	45.0	8.0
1392870477566	4517.0	93.0	74.0	11.0
1392870477573	4517.0	93.0	74.0	11.0
1392870477583	4527.0	93.0	74.0	11.0
1392870477598	4527.0	93.0	74.0	11.0
1392870477606	4527.0	93.0	74.0	11.0
1392870477613	4529.0	93.0	74.0	11.0
1392870477634	4529.0	93.0	75.0	11.0
1392870477640	4529.0	93.0	75.0	11.0
1392870477648	4529.0	93.0	75.0	11.0
1392870477657	4543.0	93.0	75.0	11.0
1392870477662	4543.0	93.0	75.0	11.0
1392870477672	4543.0	93.0	75.0	11.0
1392870477694	4543.0	93.0	75.0	11.0
1392870477721	4543.0	93.0	75.0	11.0
1392870477722	4543.0	59.0	34.0	7.0
1392870477725	4555.0	93.0	75.0	11.0
1392870477733	4555.0	93.0	75.0	11.0
1392870477743	4555.0	92.0	75.0	11.0
1392870477754	4565.0	92.0	75.0	11.0
1392870477763	4565.0	92.0	75.0	11.0
1392870477773	4565.0	92.0	75.0	11.0
1392870477785	4565.0	92.0	75.0	11.0
1392870477794	4577.0	92.0	75.0	11.0
1392870477809	4577.0	92.0	75.0	11.0
1392870477819	4577.0	92.0	75.0	11.0
1392870477825	4577.0	92.0	75.0	11.0
1392870477835	4580.0	92.0	75.0	11.0
1392870477845	4580.0	92.0	75.0	11.0
1392870477860	4580.0	92.0	75.0	11.0
1392870477865	4583.0	92.0	75.0	11.0
1392870477875	4583.0	92.0	75.0	11.0
1392870477886	4583.0	92.0	75.0	10.0
1392870477897	4583.0	92.0	75.0	10.0
1392870477907	4589.0	92.0	75.0	10.0
1392870477933	4589.0	92.0	75.0	10.0
1392870477936	4589.0	92.0	75.0	10.0
1392870477939	4588.0	92.0	75.0	10.0
1392870477943	4588.0	92.0	75.0	10.0
1392870477954	4588.0	92.0	75.0	10.0
1392870477963	4588.0	92.0	75.0	10.0
1392870477973	4601.0	92.0	75.0	10.0
1392870477987	4601.0	92.0	75.0	10.0
1392870477993	4601.0	92.0	75.0	10.0
1392870478006	4601.0	92.0	75.0	10.0
1392870478013	4607.0	92.0	75.0	10.0
1392870478023	4607.0	92.0	75.0	10.0
1392870478034	4607.0	92.0	75.0	10.0
1392870478043	4615.0	92.0	75.0	10.0
1392870478055	4615.0	92.0	75.0	10.0
1392870478064	4615.0	92.0	75.0	10.0
1392870478073	4615.0	92.0	75.0	10.0
1392870478087	4615.0	92.0	75.0	10.0
1392870478094	4615.0	92.0	75.0	10.0
1392870478116	4615.0	92.0	75.0	10.0
1392870478119	4620.0	92.0	75.0	10.0
1392870478125	4620.0	92.0	75.0	10.0
1392870478136	4620.0	92.0	75.0	10.0
1392870478143	4620.0	92.0	75.0	10.0
1392870478153	4625.0	92.0	75.0	10.0
1392870478163	4625.0	92.0	75.0	10.0
1392870478174	4625.0	92.0	75.0	10.0
1392870478187	4630.0	92.0	75.0	10.0
1392870478194	4630.0	92.0	75.0	10.0
1392870478206	4630.0	92.0	75.0	10.0
1392870478213	4630.0	92.0	75.0	10.0
1392870478224	4639.0	92.0	75.0	10.0
1392870478236	4639.0	92.0	75.0	10.0
1392870478244	4639.0	92.0	75.0	10.0
1392870478254	4639.0	92.0	75.0	10.0
1392870478263	4641.0	92.0	75.0	10.0
1392870478273	4641.0	92.0	75.0	10.0
1392870478284	4641.0	92.0	75.0	10.0
1392870478293	4640.0	92.0	75.0	10.0
1392870478304	4640.0	92.0	75.0	10.0
1392870478315	4640.0	92.0	75.0	10.0
1392870478324	4640.0	92.0	75.0	10.0
1392870478337	4647.0	92.0	75.0	10.0
1392870478344	4647.0	92.0	75.0	10.0
1392870478364	4647.0	92.0	75.0	10.0
1392870478365	4649.0	93.0	75.0	11.0
1392870478374	4649.0	93.0	75.0	11.0
1392870478385	4649.0	93.0	75.0	11.0
1392870478394	4649.0	93.0	75.0	11.0
1392870478404	4645.0	93.0	75.0	11.0
1392870478414	4645.0	93.0	75.0	11.0
1392870478426	4645.0	93.0	75.0	11.0
1392870478444	4645.0	93.0	75.0	11.0
1392870478446	4651.0	92.0	75.0	11.0
1392870478454	4651.0	93.0	75.0	11.0
1392870478474	4651.0	93.0	75.0	11.0
1392870478476	4658.0	93.0	75.0	11.0
1392870478485	4658.0	93.0	75.0	12.0
1392870478505	4658.0	93.0	75.0	12.0
1392870478509	4658.0	93.0	75.0	12.0
1392870478513	4656.0	93.0	75.0	12.0
1392870478523	4656.0	94.0	75.0	12.0
1392870478535	4656.0	94.0	75.0	12.0
1392870478544	4647.0	94.0	75.0	12.0
1392870478553	4647.0	94.0	75.0	12.0
1392870478566	4647.0	94.0	75.0	13.0
1392870478573	4647.0	94.0	75.0	13.0
1392870478583	4656.0	94.0	75.0	13.0
1392870478594	4656.0	94.0	75.0	13.0
1392870478604	4656.0	94.0	75.0	13.0
1392870478616	4651.0	94.0	75.0	14.0
1392870478624	4651.0	94.0	75.0	14.0
1392870478634	4651.0	94.0	75.0	14.0
1392870478644	4651.0	94.0	76.0	14.0
1392870478654	4645.0	94.0	76.0	14.0
1392870478666	4645.0	95.0	76.0	15.0
1392870478674	4645.0	95.0	76.0	15.0
1392870478690	4645.0	95.0	76.0	15.0
1392870478704	4647.0	94.0	76.0	15.0
1392870478708	4647.0	94.0	76.0	15.0
1392870478716	4647.0	94.0	76.0	15.0
1392870478726	4641.0	94.0	76.0	15.0
1392870478734	4641.0	94.0	76.0	15.0
1392870478746	4641.0	94.0	76.0	15.0
1392870478755	4641.0	94.0	76.0	15.0
1392870478765	4636.0	94.0	76.0	15.0
1392870478774	4636.0	94.0	76.0	15.0
1392870478786	4636.0	94.0	76.0	15.0
1392870478796	4636.0	93.0	76.0	15.0
1392870478805	4636.0	93.0	76.0	15.0
1392870478819	4636.0	93.0	76.0	15.0
1392870478825	4636.0	93.0	76.0	15.0
1392870478835	4629.0	92.0	76.0	15.0
1392870478851	4629.0	92.0	76.0	15.0
1392870478854	4629.0	21.0	39.0	90.0
1392870478868	4629.0	92.0	76.0	15.0
1392870478874	4618.0	92.0	76.0	15.0
1392870478885	4618.0	92.0	76.0	15.0
1392870478903	4618.0	92.0	76.0	15.0
1392870478907	4615.0	92.0	76.0	15.0
1392870478920	4615.0	91.0	76.0	15.0
1392870478925	4615.0	91.0	76.0	15.0
1392870478936	4615.0	91.0	76.0	15.0
1392870478953	4606.0	145.0	69.0	67.0
1392870478956	4606.0	91.0	76.0	15.0
1392870478967	4606.0	91.0	76.0	15.0
1392870478974	4591.0	91.0	76.0	15.0
1392870478985	4591.0	91.0	76.0	15.0
1392870479006	4591.0	90.0	76.0	15.0
1392870479008	4591.0	90.0	76.0	15.0
1392870479014	4576.0	90.0	76.0	15.0
1392870479025	4576.0	90.0	75.0	15.0
1392870479034	4576.0	89.0	75.0	14.0
1392870479048	4574.0	89.0	75.0	14.0
1392870479054	4574.0	89.0	75.0	14.0
1392870479066	4574.0	89.0	76.0	14.0
1392870479074	4574.0	89.0	76.0	14.0
1392870479085	4570.0	89.0	76.0	14.0
1392870479100	4570.0	89.0	76.0	14.0
1392870479104	4570.0	89.0	76.0	14.0
1392870479114	4570.0	89.0	76.0	14.0
1392870479124	4559.0	89.0	76.0	14.0
1392870479135	4559.0	88.0	76.0	14.0
1392870479144	4559.0	88.0	76.0	14.0
1392870479153	4553.0	88.0	76.0	14.0
1392870479164	4553.0	88.0	76.0	14.0
1392870479173	4553.0	87.0	76.0	14.0
1392870479184	4553.0	87.0	76.0	14.0
1392870479196	4545.0	87.0	76.0	14.0
1392870479204	4545.0	86.0	76.0	14.0
1392870479214	4545.0	86.0	76.0	14.0
1392870479224	4540.0	85.0	77.0	13.0
1392870479234	4540.0	85.0	77.0	13.0
1392870479244	4540.0	84.0	77.0	13.0
1392870479254	4540.0	83.0	77.0	13.0
1392870479266	4527.0	82.0	78.0	13.0
1392870479277	4527.0	82.0	78.0	12.0
1392870479284	4527.0	81.0	78.0	12.0
1392870479297	4527.0	81.0	78.0	12.0
1392870479304	4514.0	81.0	78.0	12.0
1392870479315	4514.0	81.0	78.0	12.0
1392870479330	4514.0	81.0	78.0	12.0
1392870479334	4491.0	80.0	78.0	12.0
1392870479344	4491.0	80.0	78.0	12.0
1392870479354	4491.0	80.0	78.0	12.0
1392870479364	4491.0	80.0	78.0	12.0
1392870479375	4469.0	79.0	79.0	12.0
1392870479385	4469.0	79.0	79.0	13.0
1392870479395	4469.0	79.0	79.0	13.0
1392870479405	4449.0	79.0	79.0	13.0
1392870479415	4449.0	78.0	79.0	13.0
1392870479428	4449.0	78.0	79.0	13.0
1392870479435	4449.0	78.0	79.0	13.0
1392870479446	4431.0	78.0	79.0	13.0
1392870479456	4431.0	77.0	79.0	13.0
1392870479465	4431.0	77.0	79.0	13.0
1392870479478	4410.0	76.0	79.0	12.0
1392870479485	4410.0	76.0	79.0	12.0
1392870479495	4410.0	75.0	79.0	12.0
1392870479506	4410.0	74.0	79.0	12.0
1392870479515	4387.0	74.0	79.0	11.0
1392870479527	4387.0	74.0	79.0	11.0
1392870479536	4387.0	73.0	79.0	11.0
1392870479545	4387.0	73.0	80.0	11.0
1392870479555	4361.0	73.0	80.0	11.0
1392870479565	4361.0	72.0	80.0	11.0
1392870479576	4361.0	72.0	80.0	11.0
1392870479585	4328.0	72.0	80.0	11.0
1392870479596	4328.0	72.0	80.0	11.0
1392870479606	4328.0	72.0	80.0	11.0
1392870479620	4328.0	71.0	80.0	11.0
1392870479637	4305.0	72.0	80.0	11.0
1392870479640	4305.0	71.0	80.0	12.0
1392870479645	4305.0	71.0	80.0	12.0
1392870479655	4277.0	71.0	80.0	12.0
1392870479665	4277.0	71.0	80.0	12.0
1392870479676	4277.0	71.0	80.0	12.0
1392870479685	4277.0	71.0	80.0	12.0
1392870479698	4254.0	71.0	80.0	12.0
1392870479705	4254.0	71.0	80.0	12.0
1392870479716	4254.0	71.0	80.0	12.0
1392870479726	4254.0	71.0	80.0	13.0
1392870479735	4230.0	71.0	80.0	13.0
1392870479746	4230.0	71.0	81.0	13.0
1392870479759	4230.0	70.0	81.0	13.0
1392870479765	4198.0	70.0	81.0	13.0
1392870479775	4198.0	70.0	81.0	13.0
1392870479785	4198.0	70.0	81.0	13.0
1392870479795	4198.0	69.0	81.0	13.0
1392870479808	4150.0	68.0	81.0	13.0
1392870479815	4150.0	66.0	81.0	13.0
1392870479826	4150.0	66.0	81.0	12.0
1392870479835	4105.0	65.0	81.0	12.0
1392870479845	4105.0	64.0	81.0	12.0
1392870479859	4105.0	64.0	81.0	12.0
1392870479865	4105.0	63.0	82.0	11.0
1392870479876	4055.0	63.0	82.0	11.0
1392870479887	4055.0	63.0	82.0	11.0
1392870479895	4055.0	62.0	82.0	11.0
1392870479908	4016.0	63.0	82.0	11.0
1392870479915	4016.0	63.0	82.0	11.0
1392870479926	4016.0	62.0	82.0	11.0
1392870479935	4016.0	62.0	82.0	11.0
1392870479946	3978.0	62.0	82.0	11.0
1392870479960	3978.0	62.0	82.0	11.0
1392870479966	3978.0	62.0	82.0	11.0
1392870479977	3978.0	61.0	82.0	11.0
1392870479991	3931.0	60.0	82.0	10.0
1392870479996	3931.0	59.0	82.0	10.0
1392870480012	3931.0	58.0	82.0	9.0
1392870480016	3856.0	58.0	82.0	9.0
1392870480026	3856.0	57.0	83.0	8.0
1392870480038	3856.0	57.0	83.0	8.0
1392870480046	3856.0	56.0	83.0	8.0
1392870480055	3768.0	55.0	83.0	7.0
1392870480065	3768.0	55.0	83.0	7.0
1392870480075	3768.0	54.0	83.0	7.0
1392870480086	3683.0	53.0	83.0	7.0
1392870480096	3683.0	53.0	83.0	6.0
1392870480106	3683.0	53.0	83.0	6.0
1392870480115	3683.0	52.0	83.0	7.0
1392870480129	3597.0	52.0	83.0	7.0
1392870480136	3597.0	52.0	83.0	7.0
1392870480146	3597.0	52.0	83.0	7.0
1392870480156	3597.0	52.0	83.0	7.0
1392870480166	3508.0	52.0	83.0	8.0
1392870480175	3508.0	51.0	83.0	8.0
1392870480185	3508.0	52.0	83.0	9.0
1392870480195	3422.0	52.0	83.0	9.0
1392870480212	3422.0	52.0	83.0	9.0
1392870480215	3422.0	51.0	82.0	9.0
1392870480232	3422.0	51.0	82.0	9.0
1392870480239	3316.0	50.0	82.0	9.0
1392870480246	3316.0	48.0	82.0	8.0
1392870480257	3316.0	47.0	82.0	7.0
1392870480293	3167.0	47.0	83.0	6.0
1392870480294	3167.0	45.0	83.0	5.0
1392870480295	3167.0	44.0	83.0	4.0
1392870480297	3167.0	42.0	83.0	3.0
1392870480309	3013.0	41.0	84.0	3.0
1392870480315	3013.0	39.0	84.0	2.0
1392870480325	3013.0	38.0	84.0	2.0
1392870480337	3013.0	37.0	84.0	1.0
1392870480347	2864.0	37.0	84.0	1.0
1392870480357	2864.0	36.0	84.0	1.0
1392870480367	2864.0	37.0	84.0	2.0
1392870480375	2735.0	37.0	84.0	3.0
1392870480389	2735.0	38.0	84.0	5.0
1392870480400	2735.0	38.0	84.0	6.0
1392870480408	2735.0	39.0	84.0	7.0
1392870480417	2612.0	40.0	84.0	8.0
1392870480428	2612.0	40.0	84.0	9.0
1392870480437	2612.0	40.0	84.0	9.0
1392870480463	2506.0	40.0	84.0	10.0
1392870480471	2506.0	41.0	84.0	11.0
1392870480478	2506.0	41.0	84.0	11.0
1392870480499	2414.0	41.0	83.0	12.0
1392870480503	2414.0	42.0	83.0	12.0
1392870480506	2414.0	41.0	83.0	12.0
1392870480516	2308.0	42.0	83.0	13.0
1392870480526	2308.0	43.0	83.0	14.0
1392870480535	2308.0	42.0	83.0	14.0
1392870480547	2308.0	42.0	83.0	14.0
1392870480556	2195.0	43.0	83.0	15.0
1392870480569	2195.0	42.0	83.0	15.0
1392870480575	2195.0	42.0	83.0	15.0
1392870480587	2195.0	42.0	83.0	15.0
1392870480596	2101.0	42.0	83.0	15.0
1392870480606	2101.0	41.0	83.0	15.0
1392870480620	2101.0	40.0	83.0	15.0
1392870480626	2022.0	40.0	83.0	14.0
1392870480637	2022.0	39.0	83.0	14.0
1392870480647	2022.0	38.0	83.0	13.0
1392870480659	2022.0	38.0	83.0	12.0
1392870480672	1943.0	37.0	83.0	12.0
1392870480677	1943.0	36.0	83.0	11.0
1392870480692	1943.0	36.0	84.0	11.0
1392870480696	1844.0	35.0	84.0	10.0
1392870480709	1844.0	35.0	84.0	10.0
1392870480720	1844.0	34.0	84.0	11.0
1392870480727	1844.0	35.0	84.0	11.0
1392870480736	1718.0	34.0	84.0	11.0
1392870480750	1718.0	34.0	84.0	11.0
1392870480760	1718.0	33.0	84.0	11.0
1392870480772	1587.0	31.0	84.0	10.0
1392870480777	1587.0	30.0	84.0	10.0
1392870480788	1587.0	30.0	84.0	10.0
1392870480796	1587.0	27.0	84.0	10.0
1392870480806	1447.0	28.0	84.0	10.0
1392870480818	1447.0	27.0	84.0	9.0
1392870480827	1447.0	26.0	84.0	9.0
1392870480836	1447.0	26.0	84.0	10.0
1392870480846	1309.0	25.0	84.0	10.0
1392870480856	1309.0	25.0	84.0	10.0
1392870480867	1309.0	25.0	84.0	9.0
1392870480876	1192.0	23.0	84.0	9.0
1392870480887	1192.0	23.0	84.0	9.0
1392870480897	1192.0	22.0	84.0	9.0
1392870480906	1192.0	21.0	84.0	9.0
1392870480926	1092.0	23.0	84.0	10.0
1392870480927	1092.0	22.0	84.0	10.0
1392870480936	1092.0	23.0	84.0	10.0
1392870480950	999.0	23.0	84.0	10.0
1392870480956	999.0	22.0	84.0	10.0
1392870480967	999.0	21.0	84.0	9.0
1392870480976	999.0	20.0	84.0	9.0
1392870480986	924.0	20.0	84.0	9.0
1392870481002	924.0	20.0	84.0	9.0
1392870481007	924.0	20.0	84.0	9.0
1392870481019	924.0	20.0	84.0	9.0
1392870481026	847.0	19.0	84.0	9.0
1392870481036	847.0	19.0	84.0	9.0
1392870481048	847.0	19.0	84.0	9.0
1392870481056	779.0	18.0	83.0	8.0
1392870481068	779.0	18.0	83.0	8.0
1392870481076	779.0	18.0	83.0	9.0
1392870481087	779.0	18.0	83.0	9.0
1392870481103	688.0	18.0	83.0	9.0
1392870481109	688.0	18.0	83.0	10.0
1392870481135	688.0	19.0	83.0	10.0
1392870481138	603.0	19.0	83.0	11.0
1392870481140	603.0	19.0	83.0	11.0
1392870481149	603.0	19.0	83.0	12.0
1392870481156	603.0	19.0	83.0	12.0
1392870481166	536.0	18.0	83.0	12.0
1392870481178	536.0	18.0	83.0	12.0
1392870481187	536.0	17.0	83.0	12.0
1392870481200	536.0	17.0	83.0	12.0
1392870481206	486.0	17.0	83.0	12.0
1392870481216	486.0	16.0	83.0	12.0
1392870481226	486.0	15.0	83.0	12.0
1392870481237	444.0	14.0	83.0	12.0
1392870481249	444.0	14.0	83.0	11.0
1392870481256	444.0	14.0	83.0	11.0
1392870481266	444.0	14.0	83.0	11.0
1392870481276	401.0	14.0	83.0	12.0
1392870481287	401.0	14.0	83.0	12.0
1392870481298	401.0	14.0	83.0	11.0
1392870481307	360.0	14.0	82.0	11.0
1392870481316	360.0	14.0	82.0	11.0
1392870481327	360.0	13.0	82.0	11.0
1392870481337	360.0	13.0	82.0	12.0
1392870481347	320.0	13.0	82.0	12.0
1392870481356	320.0	13.0	82.0	12.0
1392870481367	320.0	14.0	82.0	12.0
1392870481381	289.0	14.0	82.0	12.0
1392870481387	289.0	13.0	82.0	12.0
1392870481399	289.0	13.0	82.0	12.0
1392870481407	289.0	13.0	82.0	12.0
1392870481416	259.0	13.0	82.0	12.0
1392870481432	259.0	13.0	82.0	12.0
1392870481437	259.0	12.0	82.0	12.0
1392870481449	259.0	12.0	82.0	12.0
1392870481456	223.0	12.0	82.0	12.0
1392870481468	223.0	11.0	82.0	12.0
1392870481481	223.0	11.0	82.0	11.0
1392870481487	178.0	9.0	82.0	11.0
1392870481496	178.0	9.0	82.0	11.0
1392870481507	178.0	10.0	82.0	12.0
1392870481516	178.0	8.0	82.0	12.0
1392870481528	138.0	8.0	82.0	12.0
1392870481547	138.0	7.0	82.0	13.0
1392870481556	107.0	6.0	82.0	13.0
1392870481567	107.0	6.0	82.0	13.0
1392870481579	107.0	8.0	82.0	14.0
1392870481586	107.0	7.0	82.0	15.0
1392870481597	84.0	7.0	82.0	15.0
1392870481608	84.0	8.0	82.0	15.0
1392870481617	84.0	7.0	81.0	16.0
1392870481629	84.0	7.0	81.0	16.0
1392870481637	69.0	7.0	81.0	16.0
1392870481647	69.0	8.0	82.0	17.0
1392870481657	69.0	8.0	82.0	17.0
1392870481668	58.0	9.0	82.0	18.0
1392870481682	58.0	9.0	82.0	18.0
1392870481687	58.0	9.0	82.0	19.0
1392870481699	58.0	9.0	82.0	19.0
1392870481709	52.0	9.0	82.0	19.0
1392870481717	52.0	9.0	82.0	19.0
1392870481730	52.0	9.0	82.0	20.0
1392870481737	50.0	9.0	82.0	20.0
1392870481747	50.0	9.0	82.0	20.0
1392870481759	50.0	9.0	82.0	20.0
1392870481767	50.0	9.0	82.0	19.0
1392870481777	48.0	8.0	82.0	19.0
1392870481788	48.0	8.0	82.0	19.0
1392870481799	48.0	8.0	82.0	19.0
1392870481811	46.0	7.0	82.0	19.0
1392870481817	46.0	7.0	82.0	19.0
1392870481832	46.0	7.0	82.0	18.0
1392870481837	46.0	7.0	82.0	18.0
1392870481847	44.0	7.0	82.0	18.0
1392870481857	44.0	6.0	82.0	18.0
1392870481867	44.0	5.0	82.0	17.0
1392870481877	44.0	5.0	82.0	17.0
1392870481888	42.0	5.0	82.0	17.0
1392870481897	42.0	6.0	82.0	18.0
1392870481911	42.0	6.0	82.0	18.0
1392870481917	41.0	6.0	82.0	18.0
1392870481930	41.0	7.0	82.0	18.0
1392870481937	41.0	7.0	82.0	18.0
1392870481949	41.0	8.0	82.0	19.0
1392870481974	40.0	9.0	82.0	19.0
1392870481976	40.0	9.0	82.0	19.0
1392870481980	40.0	9.0	82.0	19.0
1392870481990	38.0	9.0	82.0	19.0
1392870481997	38.0	9.0	82.0	19.0
1392870482011	38.0	9.0	82.0	20.0
1392870482031	38.0	10.0	82.0	20.0
1392870482041	37.0	10.0	82.0	20.0
1392870482042	37.0	10.0	82.0	20.0
1392870482048	37.0	10.0	83.0	20.0
1392870482058	37.0	10.0	83.0	20.0
1392870482067	36.0	10.0	83.0	20.0
1392870482077	36.0	10.0	83.0	20.0
1392870482087	36.0	9.0	83.0	21.0
1392870482097	35.0	9.0	83.0	21.0
1392870482117	35.0	101.0	90.0	90.0
1392870482121	35.0	10.0	83.0	21.0
1392870482127	35.0	9.0	83.0	21.0
1392870482137	35.0	9.0	83.0	21.0
1392870482148	35.0	9.0	83.0	21.0
1392870482158	35.0	9.0	83.0	21.0
1392870482167	34.0	9.0	83.0	21.0
1392870482177	34.0	9.0	83.0	21.0
1392870482197	34.0	9.0	83.0	21.0
1392870482216	34.0	9.0	83.0	21.0
1392870482217	34.0	9.0	83.0	22.0
1392870482227	34.0	9.0	83.0	21.0
1392870482242	34.0	8.0	83.0	21.0
1392870482247	34.0	8.0	83.0	21.0
1392870482257	34.0	7.0	83.0	21.0
1392870482267	34.0	7.0	83.0	20.0
1392870482278	34.0	6.0	83.0	20.0
1392870482288	34.0	6.0	83.0	20.0
1392870482297	34.0	6.0	82.0	19.0
1392870482308	34.0	6.0	82.0	19.0
1392870482317	35.0	6.0	82.0	19.0
1392870482329	35.0	5.0	82.0	19.0
1392870482342	35.0	5.0	82.0	19.0
1392870482348	35.0	4.0	82.0	18.0
1392870482357	35.0	4.0	82.0	18.0
1392870482367	35.0	4.0	82.0	18.0
1392870482377	35.0	4.0	82.0	18.0
1392870482390	34.0	3.0	82.0	17.0
1392870482397	34.0	3.0	82.0	17.0
1392870482408	34.0	3.0	82.0	17.0
1392870482417	34.0	2.0	83.0	17.0
1392870482429	34.0	3.0	83.0	17.0
1392870482441	34.0	3.0	83.0	17.0
1392870482448	34.0	2.0	82.0	17.0
1392870482457	34.0	2.0	82.0	17.0
1392870482468	34.0	2.0	82.0	17.0
1392870482477	34.0	2.0	82.0	17.0
1392870482492	34.0	2.0	82.0	17.0
1392870482498	34.0	2.0	82.0	17.0
1392870482511	34.0	2.0	83.0	17.0
1392870482520	34.0	2.0	83.0	17.0
1392870482528	34.0	2.0	83.0	17.0
1392870482539	34.0	2.0	83.0	17.0
1392870482548	34.0	2.0	83.0	17.0
1392870482558	34.0	2.0	83.0	16.0
1392870482569	34.0	1.0	83.0	16.0
1392870482578	34.0	1.0	83.0	16.0
1392870482588	34.0	2.0	83.0	16.0
1392870482598	34.0	2.0	83.0	16.0
1392870482608	34.0	2.0	83.0	16.0
1392870482619	34.0	2.0	83.0	16.0
1392870482628	34.0	1.0	83.0	16.0
1392870482640	34.0	1.0	83.0	16.0
1392870482650	34.0	1.0	83.0	15.0
1392870482659	34.0	1.0	83.0	15.0
1392870482675	34.0	1.0	83.0	15.0
1392870482679	34.0	2.0	83.0	15.0
1392870482690	34.0	2.0	83.0	15.0
1392870482702	34.0	2.0	83.0	15.0
1392870482709	34.0	2.0	83.0	15.0
1392870482724	34.0	2.0	83.0	16.0
1392870482730	34.0	2.0	83.0	16.0
1392870482742	34.0	2.0	83.0	16.0
1392870482752	34.0	2.0	83.0	15.0
1392870482761	34.0	2.0	83.0	15.0
1392870482791	34.0	2.0	83.0	16.0
1392870482800	34.0	37.0	40.0	41.0
1392870482803	34.0	3.0	82.0	16.0
1392870482805	34.0	3.0	82.0	16.0
1392870482809	34.0	3.0	82.0	16.0
1392870482830	34.0	3.0	82.0	16.0
1392870482847	34.0	3.0	82.0	16.0
1392870482848	34.0	3.0	82.0	16.0
1392870482858	34.0	4.0	82.0	16.0
1392870482870	34.0	4.0	82.0	17.0
1392870482878	34.0	4.0	82.0	17.0
1392870482888	34.0	4.0	82.0	17.0
1392870482897	34.0	103.0	90.0	90.0
1392870482908	34.0	103.0	90.0	90.0
1392870482918	34.0	5.0	82.0	18.0
1392870482928	34.0	103.0	90.0	90.0
1392870482938	34.0	5.0	82.0	18.0
1392870482948	34.0	5.0	82.0	18.0
1392870482959	34.0	103.0	90.0	90.0
1392870482970	34.0	5.0	82.0	19.0
1392870482978	34.0	5.0	82.0	19.0
1392870482991	34.0	5.0	82.0	19.0
1392870483006	34.0	5.0	82.0	19.0
1392870483011	34.0	4.0	82.0	19.0
1392870483025	34.0	4.0	82.0	19.0
1392870483031	34.0	4.0	82.0	18.0
1392870483041	34.0	4.0	82.0	18.0
1392870483054	34.0	3.0	82.0	18.0
1392870483059	34.0	3.0	82.0	18.0
1392870483073	34.0	3.0	82.0	18.0
1392870483079	34.0	3.0	82.0	18.0
1392870483089	34.0	3.0	82.0	18.0
1392870483105	34.0	3.0	82.0	18.0
1392870483109	34.0	3.0	82.0	18.0
1392870483131	34.0	3.0	82.0	18.0
1392870483132	34.0	3.0	82.0	18.0
1392870483138	34.0	4.0	82.0	18.0
1392870483152	34.0	3.0	82.0	17.0
1392870483159	34.0	3.0	82.0	17.0
1392870483169	34.0	4.0	82.0	17.0
1392870483178	34.0	4.0	82.0	17.0
1392870483189	34.0	4.0	82.0	17.0
1392870483202	34.0	4.0	82.0	17.0
1392870483208	35.0	4.0	82.0	17.0
1392870483219	35.0	4.0	82.0	17.0
1392870483229	35.0	4.0	82.0	17.0
1392870483239	35.0	4.0	82.0	17.0
1392870483251	35.0	3.0	82.0	16.0
1392870483258	35.0	3.0	82.0	16.0
1392870483268	35.0	3.0	82.0	16.0
1392870483279	35.0	3.0	82.0	16.0
1392870483289	35.0	103.0	90.0	90.0
1392870483302	35.0	3.0	82.0	16.0
1392870483309	35.0	3.0	82.0	16.0
1392870483322	36.0	3.0	82.0	16.0
1392870483329	36.0	3.0	82.0	16.0
1392870483339	36.0	3.0	82.0	16.0
1392870483353	36.0	3.0	82.0	16.0
1392870483358	36.0	3.0	82.0	16.0
1392870483368	36.0	3.0	82.0	16.0
1392870483379	36.0	3.0	82.0	15.0
1392870483389	37.0	2.0	83.0	15.0
1392870483399	37.0	2.0	83.0	15.0
1392870483409	37.0	2.0	83.0	15.0
1392870483419	37.0	2.0	83.0	15.0
1392870483430	38.0	2.0	83.0	15.0
1392870483439	38.0	2.0	83.0	15.0
1392870483452	38.0	2.0	83.0	14.0
1392870483469	39.0	1.0	83.0	14.0
1392870483496	39.0	1.0	83.0	14.0
1392870483499	39.0	1.0	83.0	14.0
1392870483501	41.0	1.0	83.0	14.0
1392870483511	41.0	1.0	83.0	14.0
1392870483519	41.0	1.0	83.0	13.0
1392870483534	44.0	1.0	83.0	13.0
1392870483539	44.0	1.0	83.0	13.0
1392870483553	44.0	1.0	83.0	13.0
1392870483559	44.0	1.0	83.0	13.0
1392870483570	50.0	1.0	83.0	13.0
1392870483587	50.0	1.0	83.0	13.0
1392870483591	50.0	1.0	83.0	13.0
1392870483599	50.0	2.0	83.0	13.0
1392870483609	59.0	2.0	83.0	13.0
1392870483619	59.0	2.0	83.0	13.0
1392870483632	59.0	4.0	83.0	13.0
1392870483639	73.0	5.0	83.0	13.0
1392870483650	73.0	6.0	83.0	13.0
1392870483659	73.0	6.0	83.0	13.0
1392870483669	73.0	7.0	83.0	12.0
1392870483683	92.0	8.0	83.0	12.0
1392870483690	92.0	9.0	83.0	12.0
1392870483699	92.0	10.0	83.0	12.0
1392870483709	121.0	10.0	83.0	11.0
1392870483720	121.0	9.0	83.0	11.0
1392870483736	121.0	9.0	83.0	10.0
1392870483739	121.0	7.0	83.0	9.0
1392870483752	163.0	8.0	83.0	8.0
1392870483761	163.0	7.0	83.0	6.0
1392870483774	163.0	8.0	83.0	5.0
1392870483781	163.0	6.0	83.0	4.0
1392870483789	198.0	5.0	83.0	3.0
1392870483798	198.0	3.0	84.0	2.0
1392870483808	198.0	2.0	84.0	2.0
1392870483818	225.0	2.0	84.0	2.0
1392870483829	225.0	2.0	84.0	2.0
1392870483838	225.0	2.0	83.0	1.0
1392870483849	225.0	2.0	83.0	1.0
1392870483860	249.0	2.0	83.0	1.0
1392870483869	249.0	2.0	83.0	2.0
1392870483879	249.0	3.0	83.0	2.0
1392870483890	273.0	3.0	83.0	2.0
1392870483900	273.0	3.0	83.0	2.0
1392870483914	273.0	3.0	83.0	2.0
1392870483920	273.0	3.0	83.0	2.0
1392870483931	304.0	3.0	83.0	2.0
1392870483943	304.0	3.0	83.0	3.0
1392870483953	304.0	4.0	83.0	3.0
1392870483976	348.0	4.0	83.0	3.0
1392870483981	348.0	4.0	83.0	3.0
1392870483987	348.0	4.0	83.0	3.0
1392870483993	348.0	4.0	83.0	3.0
1392870484001	395.0	5.0	83.0	4.0
1392870484014	395.0	5.0	83.0	4.0
1392870484020	395.0	88.0	85.0	90.0
1392870484030	395.0	6.0	83.0	4.0
1392870484041	453.0	7.0	83.0	5.0
1392870484050	453.0	7.0	83.0	5.0
1392870484065	453.0	9.0	83.0	5.0
1392870484070	519.0	8.0	83.0	4.0
1392870484080	519.0	9.0	83.0	4.0
1392870484090	519.0	85.0	83.0	90.0
1392870484118	583.0	10.0	83.0	3.0
1392870484120	583.0	10.0	83.0	3.0
1392870484138	583.0	9.0	83.0	3.0
1392870484141	643.0	9.0	83.0	2.0
1392870484151	643.0	9.0	83.0	2.0
1392870484164	643.0	10.0	83.0	3.0
1392870484171	643.0	10.0	83.0	3.0
1392870484181	705.0	11.0	83.0	3.0
1392870484193	705.0	12.0	83.0	4.0
1392870484201	705.0	12.0	83.0	4.0
1392870484215	705.0	13.0	83.0	5.0
1392870484220	769.0	14.0	83.0	5.0
1392870484231	769.0	14.0	83.0	5.0
1392870484242	769.0	14.0	83.0	6.0
1392870484252	833.0	14.0	83.0	6.0
1392870484261	833.0	15.0	83.0	6.0
1392870484270	833.0	16.0	83.0	6.0
1392870484284	833.0	16.0	83.0	7.0
1392870484299	902.0	2.0	3.0	170.0
1392870484303	902.0	17.0	83.0	7.0
1392870484316	902.0	17.0	83.0	7.0
1392870484320	976.0	17.0	83.0	7.0
1392870484331	976.0	18.0	83.0	7.0
1392870484347	976.0	19.0	83.0	7.0
1392870484350	976.0	19.0	83.0	7.0
1392870484360	1055.0	21.0	83.0	7.0
1392870484370	1055.0	21.0	83.0	7.0
1392870484380	1055.0	21.0	83.0	8.0
1392870484391	1141.0	21.0	83.0	7.0
1392870484400	1141.0	21.0	83.0	7.0
1392870484411	1141.0	21.0	83.0	7.0
1392870484420	1141.0	20.0	83.0	6.0
1392870484431	1249.0	19.0	83.0	6.0
1392870484441	1249.0	19.0	83.0	6.0
1392870484450	1249.0	20.0	84.0	6.0
1392870484461	1249.0	21.0	84.0	6.0
1392870484469	1373.0	21.0	84.0	6.0
1392870484480	1373.0	20.0	84.0	6.0
1392870484494	1373.0	21.0	84.0	6.0
1392870484500	1496.0	21.0	84.0	5.0
1392870484510	1496.0	20.0	84.0	5.0
1392870484523	1496.0	21.0	84.0	5.0
1392870484530	1496.0	20.0	84.0	4.0
1392870484543	1608.0	20.0	84.0	4.0
1392870484550	1608.0	20.0	84.0	4.0
1392870484560	1608.0	22.0	84.0	4.0
1392870484570	1715.0	21.0	84.0	3.0
1392870484580	1715.0	22.0	84.0	3.0
1392870484592	1715.0	23.0	84.0	2.0
1392870484601	1715.0	23.0	84.0	2.0
1392870484611	1827.0	23.0	85.0	1.0
1392870484620	1827.0	22.0	85.0	1.0
1392870484630	1827.0	21.0	85.0	2.0
1392870484642	1827.0	21.0	85.0	2.0
1392870484651	1936.0	19.0	85.0	3.0
1392870484661	1936.0	20.0	85.0	3.0
1392870484675	1936.0	19.0	85.0	4.0
1392870484681	2061.0	20.0	85.0	4.0
1392870484691	2061.0	20.0	85.0	4.0
1392870484700	2061.0	19.0	85.0	5.0
1392870484710	2061.0	18.0	85.0	5.0
1392870484720	2197.0	17.0	85.0	6.0
1392870484732	2197.0	17.0	85.0	7.0
1392870484749	2197.0	16.0	85.0	8.0
1392870484763	2342.0	16.0	85.0	9.0
1392870484770	2342.0	16.0	85.0	10.0
1392870484791	2342.0	16.0	85.0	9.0
1392870484793	2474.0	17.0	85.0	9.0
1392870484801	2474.0	18.0	85.0	8.0
1392870484811	2474.0	18.0	86.0	8.0
1392870484823	2590.0	18.0	86.0	9.0
1392870484830	2590.0	17.0	86.0	10.0
1392870484841	2590.0	16.0	86.0	11.0
1392870484854	2590.0	15.0	86.0	13.0
1392870484863	2720.0	15.0	86.0	13.0
1392870484873	2720.0	15.0	86.0	14.0
1392870484880	2720.0	15.0	86.0	14.0
1392870484891	2720.0	16.0	86.0	14.0
1392870484900	2856.0	65.0	57.0	90.0
1392870484910	2856.0	17.0	86.0	13.0
1392870484923	2856.0	18.0	86.0	13.0
1392870484930	3003.0	19.0	86.0	12.0
1392870484940	3003.0	19.0	85.0	12.0
1392870484950	3003.0	20.0	85.0	12.0
1392870484960	3003.0	20.0	85.0	12.0
1392870484972	3134.0	21.0	85.0	12.0
1392870484980	3134.0	21.0	85.0	12.0
1392870484992	3134.0	22.0	85.0	11.0
1392870485000	3254.0	23.0	85.0	11.0
1392870485011	3254.0	24.0	85.0	11.0
1392870485036	3254.0	25.0	85.0	11.0
1392870485041	3254.0	26.0	85.0	11.0
1392870485044	3374.0	26.0	84.0	10.0
1392870485050	3374.0	27.0	84.0	10.0
1392870485061	3374.0	28.0	84.0	10.0
1392870485075	3374.0	28.0	84.0	10.0
1392870485080	3496.0	29.0	84.0	10.0
1392870485090	3496.0	30.0	84.0	9.0
1392870485100	3496.0	30.0	84.0	9.0
1392870485111	3610.0	30.0	84.0	10.0
1392870485130	3610.0	31.0	84.0	10.0
1392870485132	3610.0	31.0	84.0	10.0
1392870485140	3610.0	31.0	84.0	10.0
1392870485157	3714.0	32.0	83.0	10.0
1392870485160	3714.0	32.0	83.0	10.0
1392870485173	3714.0	32.0	84.0	11.0
1392870485180	3808.0	31.0	84.0	11.0
1392870485190	3808.0	31.0	84.0	12.0
1392870485205	3808.0	31.0	84.0	13.0
1392870485211	3808.0	31.0	84.0	13.0
1392870485223	3912.0	30.0	84.0	14.0
1392870485230	3912.0	30.0	84.0	14.0
1392870485240	3912.0	30.0	84.0	14.0
1392870485258	3912.0	30.0	84.0	15.0
1392870485260	3999.0	30.0	84.0	15.0
1392870485271	3999.0	31.0	84.0	15.0
1392870485280	3999.0	30.0	84.0	16.0
1392870485294	4074.0	30.0	84.0	16.0
1392870485301	4074.0	30.0	84.0	17.0
1392870485311	4074.0	30.0	84.0	17.0
1392870485322	4074.0	30.0	84.0	18.0
1392870485333	4145.0	30.0	84.0	18.0
1392870485341	4145.0	30.0	84.0	18.0
1392870485356	4145.0	31.0	84.0	18.0
1392870485362	4196.0	31.0	84.0	18.0
1392870485373	4196.0	31.0	84.0	18.0
1392870485383	4196.0	31.0	84.0	18.0
1392870485394	4196.0	31.0	84.0	18.0
1392870485416	4242.0	32.0	84.0	18.0
1392870485425	4242.0	33.0	84.0	17.0
1392870485433	4242.0	34.0	84.0	17.0
1392870485438	4293.0	34.0	84.0	17.0
1392870485457	4293.0	34.0	84.0	17.0
1392870485459	4293.0	35.0	84.0	16.0
1392870485466	4293.0	50.0	42.0	90.0
1392870485472	4355.0	36.0	84.0	16.0
1392870485483	4355.0	36.0	84.0	16.0
1392870485502	4355.0	4.0	0.0	127.0
1392870485505	4355.0	39.0	84.0	15.0
1392870485515	4412.0	39.0	83.0	14.0
1392870485520	4412.0	48.0	41.0	90.0
1392870485541	4453.0	42.0	83.0	12.0
1392870485557	4453.0	44.0	84.0	12.0
1392870485561	4453.0	45.0	84.0	11.0
1392870485573	4453.0	46.0	83.0	11.0
1392870485581	4493.0	47.0	83.0	11.0
1392870485591	4493.0	48.0	83.0	10.0
1392870485606	4493.0	48.0	83.0	9.0
1392870485612	4530.0	45.0	41.0	90.0
1392870485621	4530.0	51.0	83.0	8.0
1392870485635	4530.0	51.0	83.0	7.0
1392870485641	4530.0	52.0	82.0	7.0
1392870485658	4566.0	52.0	82.0	6.0
1392870485664	4566.0	53.0	82.0	6.0
1392870485672	4566.0	54.0	82.0	6.0
1392870485684	4566.0	55.0	82.0	5.0
1392870485692	4605.0	56.0	82.0	5.0
1392870485703	4605.0	56.0	82.0	5.0
1392870485715	4605.0	56.0	82.0	5.0
1392870485725	4636.0	57.0	82.0	5.0
1392870485742	4636.0	91.0	19.0	30.0
1392870485745	4636.0	58.0	82.0	5.0
1392870485753	4636.0	58.0	82.0	5.0
1392870485776	4659.0	58.0	82.0	5.0
1392870485785	4659.0	89.0	82.0	5.0
1392870485788	4659.0	58.0	82.0	5.0
1392870485791	4694.0	58.0	83.0	6.0
1392870485802	4694.0	59.0	83.0	6.0
1392870485818	4694.0	91.0	83.0	7.0
1392870485827	4694.0	59.0	83.0	7.0
1392870485831	4723.0	58.0	83.0	8.0
1392870485840	4723.0	58.0	83.0	8.0
1392870485852	4723.0	58.0	84.0	9.0
1392870485860	4736.0	58.0	84.0	9.0
1392870485871	4736.0	59.0	84.0	10.0
1392870485882	4736.0	59.0	84.0	10.0
1392870485891	4736.0	58.0	84.0	10.0
1392870485901	4747.0	59.0	84.0	11.0
1392870485911	4747.0	58.0	85.0	11.0
1392870485921	4747.0	58.0	85.0	12.0
1392870485932	4747.0	57.0	85.0	13.0
1392870485941	4762.0	56.0	85.0	13.0
1392870485951	4762.0	56.0	85.0	14.0
1392870485963	4762.0	56.0	85.0	15.0
1392870485971	4769.0	56.0	85.0	15.0
1392870485984	4769.0	56.0	86.0	16.0
1392870485992	4769.0	56.0	86.0	16.0
1392870486001	4769.0	56.0	86.0	16.0
1392870486011	4777.0	56.0	86.0	17.0
1392870486021	4777.0	56.0	86.0	17.0
1392870486041	4792.0	57.0	86.0	17.0
1392870486056	4792.0	58.0	86.0	17.0
1392870486065	4792.0	57.0	86.0	17.0
1392870486071	4792.0	58.0	86.0	17.0
1392870486082	4794.0	59.0	86.0	17.0
1392870486091	4794.0	60.0	86.0	17.0
1392870486101	4794.0	59.0	86.0	17.0
1392870486124	4794.0	60.0	87.0	17.0
1392870486126	4797.0	60.0	87.0	17.0
1392870486135	4797.0	61.0	87.0	16.0
1392870486142	4797.0	62.0	87.0	16.0
1392870486151	4804.0	63.0	87.0	15.0
1392870486165	4804.0	65.0	87.0	15.0
1392870486173	4804.0	65.0	87.0	15.0
1392870486182	4804.0	66.0	87.0	15.0
1392870486191	4799.0	67.0	87.0	15.0
1392870486201	4799.0	67.0	87.0	15.0
1392870486214	4799.0	68.0	87.0	16.0
1392870486222	4795.0	67.0	87.0	16.0
1392870486232	4795.0	68.0	87.0	16.0
1392870486242	4795.0	68.0	87.0	16.0
1392870486253	4795.0	68.0	87.0	16.0
1392870486264	4791.0	69.0	87.0	16.0
1392870486271	4791.0	69.0	87.0	17.0
1392870486283	4791.0	69.0	88.0	17.0
1392870486293	4788.0	69.0	88.0	17.0
1392870486303	4788.0	69.0	88.0	17.0
1392870486315	4788.0	70.0	88.0	16.0
1392870486322	4788.0	70.0	88.0	16.0
1392870486332	4777.0	71.0	88.0	15.0
1392870486342	4777.0	72.0	88.0	14.0
1392870486352	4777.0	73.0	88.0	13.0
1392870486364	4777.0	75.0	88.0	12.0
1392870486371	4773.0	76.0	88.0	11.0
1392870486382	4773.0	77.0	88.0	10.0
1392870486392	4773.0	78.0	88.0	9.0
1392870486402	4768.0	79.0	88.0	9.0
1392870486415	4768.0	79.0	88.0	8.0
1392870486421	4768.0	81.0	88.0	7.0
1392870486432	4768.0	82.0	88.0	6.0
1392870486446	4765.0	83.0	88.0	5.0
1392870486452	4765.0	84.0	88.0	4.0
1392870486464	4765.0	85.0	88.0	3.0
1392870486472	4750.0	86.0	88.0	2.0
1392870486482	4750.0	87.0	88.0	1.0
1392870486496	4750.0	88.0	88.0	0.0
1392870486502	4750.0	90.0	88.0	1.0
1392870486512	4755.0	91.0	88.0	2.0
1392870486521	4755.0	92.0	88.0	3.0
1392870486532	4755.0	93.0	88.0	4.0
1392870486546	4755.0	94.0	88.0	5.0
1392870486552	4760.0	96.0	88.0	6.0
1392870486562	4760.0	97.0	88.0	7.0
1392870486574	4760.0	98.0	88.0	8.0
1392870486591	4759.0	99.0	88.0	9.0
1392870486593	4759.0	100.0	88.0	10.0
1392870486601	4759.0	101.0	88.0	12.0
1392870486611	4759.0	102.0	88.0	13.0
1392870486621	4762.0	103.0	88.0	14.0
1392870486632	4762.0	104.0	88.0	15.0
1392870486645	4762.0	105.0	88.0	15.0
1392870486652	4770.0	106.0	88.0	16.0
1392870486662	4770.0	108.0	88.0	18.0
1392870486682	4770.0	113.0	89.0	23.0
1392870486703	4764.0	116.0	89.0	27.0
1392870486705	4764.0	121.0	89.0	32.0
1392870486712	4764.0	128.0	89.0	38.0
1392870486722	4775.0	135.0	89.0	46.0
1392870486732	4775.0	144.0	89.0	55.0
1392870486742	4775.0	154.0	89.0	65.0
1392870486752	4775.0	164.0	89.0	75.0
1392870486763	4778.0	173.0	89.0	84.0
1392870486778	4778.0	180.0	89.0	91.0
1392870486783	4778.0	175.0	89.0	96.0
1392870486803	4778.0	147.0	35.0	69.0
1392870486810	4779.0	168.0	89.0	103.0
1392870486815	4779.0	166.0	89.0	106.0
1392870486833	4779.0	164.0	89.0	108.0
1392870486839	4774.0	162.0	89.0	110.0
1392870486846	4774.0	161.0	89.0	112.0
1392870486856	4774.0	160.0	89.0	113.0
1392870486868	4774.0	159.0	89.0	113.0
1392870486876	4778.0	160.0	89.0	113.0
1392870486884	4778.0	161.0	89.0	112.0
1392870486899	4778.0	161.0	89.0	111.0
1392870486907	4772.0	163.0	89.0	110.0
1392870486914	4772.0	163.0	88.0	109.0
1392870486935	4772.0	164.0	88.0	109.0
1392870486941	4772.0	165.0	88.0	108.0
1392870486945	4774.0	165.0	88.0	108.0
1392870486954	4774.0	165.0	88.0	108.0
1392870486963	4774.0	165.0	88.0	107.0
1392870486977	4774.0	166.0	88.0	107.0
1392870486982	4781.0	166.0	88.0	106.0
1392870486994	4781.0	166.0	88.0	106.0
1392870487002	4781.0	166.0	88.0	106.0
1392870487013	4778.0	166.0	88.0	107.0
1392870487026	4778.0	165.0	88.0	107.0
1392870487032	4778.0	165.0	88.0	107.0
1392870487043	4778.0	166.0	88.0	107.0
1392870487053	4777.0	167.0	88.0	106.0
1392870487062	4777.0	168.0	88.0	105.0
1392870487079	4777.0	169.0	88.0	103.0
1392870487082	4782.0	170.0	88.0	102.0
1392870487095	4782.0	171.0	88.0	101.0
1392870487105	4782.0	172.0	88.0	100.0
1392870487119	4782.0	173.0	88.0	99.0
1392870487144	4779.0	175.0	88.0	97.0
1392870487145	4779.0	175.0	88.0	97.0
1392870487147	4779.0	176.0	88.0	97.0
1392870487152	4781.0	176.0	88.0	97.0
1392870487162	4781.0	176.0	88.0	97.0
1392870487177	4781.0	176.0	88.0	97.0
1392870487182	4781.0	176.0	88.0	96.0
1392870487194	4786.0	177.0	88.0	96.0
1392870487203	4786.0	178.0	88.0	95.0
1392870487222	4786.0	179.0	88.0	94.0
1392870487224	4786.0	180.0	88.0	93.0
1392870487232	4786.0	179.0	88.0	92.0
1392870487243	4786.0	178.0	88.0	90.0
1392870487255	4786.0	177.0	88.0	90.0
1392870487262	4784.0	177.0	88.0	89.0
1392870487272	4784.0	176.0	88.0	89.0
1392870487282	4784.0	176.0	88.0	88.0
1392870487293	4784.0	175.0	88.0	88.0
1392870487302	4779.0	174.0	88.0	87.0
1392870487325	4779.0	173.0	88.0	85.0
1392870487332	4790.0	172.0	88.0	85.0
1392870487347	4790.0	171.0	88.0	84.0
1392870487358	4790.0	170.0	88.0	83.0
1392870487363	4790.0	170.0	88.0	82.0
1392870487377	4790.0	169.0	88.0	82.0
1392870487383	4790.0	168.0	88.0	81.0
1392870487393	4790.0	168.0	88.0	80.0
1392870487406	4790.0	167.0	88.0	79.0
1392870487412	4793.0	166.0	88.0	79.0
1392870487425	4793.0	166.0	88.0	78.0
1392870487433	4793.0	165.0	88.0	77.0
1392870487444	4793.0	164.0	88.0	76.0
1392870487456	4793.0	162.0	88.0	74.0
1392870487463	4793.0	161.0	88.0	73.0
1392870487473	4793.0	160.0	88.0	72.0
1392870487483	4799.0	160.0	88.0	72.0
1392870487493	4799.0	159.0	88.0	71.0
1392870487505	4799.0	159.0	88.0	71.0
1392870487512	4799.0	158.0	88.0	71.0
1392870487523	4799.0	158.0	87.0	70.0
1392870487532	4799.0	157.0	87.0	69.0
1392870487543	4799.0	156.0	87.0	68.0
1392870487555	4803.0	155.0	87.0	67.0
1392870487562	4803.0	155.0	87.0	67.0
1392870487573	4803.0	154.0	87.0	67.0
1392870487583	4799.0	155.0	87.0	67.0
1392870487593	4799.0	155.0	87.0	67.0
1392870487604	4799.0	155.0	87.0	67.0
1392870487613	4799.0	155.0	87.0	67.0
1392870487623	4802.0	155.0	87.0	67.0
1392870487636	4802.0	155.0	87.0	67.0
1392870487644	4802.0	154.0	87.0	66.0
1392870487653	4802.0	154.0	87.0	66.0
1392870487663	4805.0	153.0	87.0	65.0
1392870487673	4805.0	153.0	87.0	65.0
1392870487684	4805.0	153.0	87.0	65.0
1392870487693	4808.0	152.0	87.0	64.0
1392870487707	4808.0	152.0	87.0	64.0
1392870487713	4808.0	151.0	87.0	64.0
1392870487723	4808.0	151.0	87.0	63.0
1392870487737	4806.0	151.0	87.0	63.0
1392870487743	4806.0	150.0	87.0	62.0
1392870487753	4806.0	150.0	87.0	62.0
1392870487764	4806.0	150.0	87.0	62.0
1392870487773	4806.0	150.0	87.0	62.0
1392870487786	4806.0	149.0	87.0	61.0
1392870487793	4806.0	149.0	87.0	61.0
1392870487804	4809.0	149.0	87.0	61.0
1392870487817	4809.0	149.0	87.0	61.0
1392870487824	4809.0	148.0	87.0	60.0
1392870487839	4809.0	148.0	87.0	60.0
1392870487845	4807.0	148.0	87.0	60.0
1392870487861	4807.0	148.0	87.0	60.0
1392870487866	4807.0	148.0	86.0	60.0
1392870487880	4806.0	148.0	86.0	60.0
1392870487884	4806.0	149.0	86.0	61.0
1392870487894	4806.0	149.0	86.0	61.0
1392870487904	4806.0	149.0	86.0	61.0
1392870487916	4809.0	149.0	87.0	61.0
1392870487924	4809.0	149.0	86.0	61.0
1392870487941	4809.0	149.0	86.0	61.0
1392870487945	4808.0	149.0	86.0	61.0
1392870487964	4808.0	148.0	86.0	61.0
1392870487988	4808.0	148.0	86.0	61.0
1392870487992	4803.0	149.0	86.0	61.0
1392870487993	4803.0	149.0	86.0	61.0
1392870488002	4803.0	149.0	86.0	62.0
1392870488012	4808.0	150.0	86.0	62.0
1392870488023	4808.0	150.0	86.0	62.0
1392870488033	4808.0	150.0	86.0	63.0
1392870488043	4808.0	150.0	86.0	63.0
1392870488053	4801.0	151.0	86.0	63.0
1392870488064	4801.0	151.0	86.0	64.0
1392870488073	4801.0	151.0	86.0	64.0
1392870488085	4801.0	152.0	86.0	64.0
1392870488094	4795.0	152.0	86.0	64.0
1392870488105	4795.0	152.0	86.0	64.0
1392870488125	4795.0	152.0	86.0	64.0
1392870488127	4794.0	152.0	86.0	64.0
1392870488138	4794.0	153.0	86.0	64.0
1392870488143	4794.0	153.0	86.0	65.0
1392870488153	4794.0	154.0	86.0	65.0
1392870488165	4787.0	155.0	86.0	65.0
1392870488173	4787.0	154.0	86.0	65.0
1392870488184	4787.0	154.0	86.0	65.0
1392870488194	4778.0	153.0	86.0	64.0
1392870488204	4778.0	153.0	86.0	64.0
1392870488216	4778.0	153.0	86.0	64.0
1392870488223	4778.0	153.0	86.0	63.0
1392870488234	4770.0	153.0	86.0	63.0
1392870488244	4770.0	153.0	86.0	63.0
1392870488254	4770.0	154.0	86.0	64.0
1392870488266	4766.0	154.0	86.0	64.0
1392870488275	4766.0	155.0	86.0	64.0
1392870488284	4766.0	155.0	86.0	65.0
1392870488294	4766.0	156.0	86.0	65.0
1392870488304	4763.0	156.0	86.0	65.0
1392870488315	4763.0	155.0	86.0	64.0
1392870488324	4763.0	155.0	86.0	64.0
1392870488334	4763.0	155.0	86.0	64.0
1392870488344	4755.0	156.0	86.0	64.0
1392870488354	4755.0	156.0	86.0	64.0
1392870488365	4755.0	156.0	86.0	65.0
1392870488374	4750.0	156.0	86.0	65.0
1392870488384	4750.0	157.0	86.0	65.0
1392870488401	4750.0	157.0	86.0	64.0
1392870488404	4750.0	157.0	86.0	64.0
1392870488416	4734.0	156.0	85.0	64.0
1392870488424	4734.0	156.0	85.0	63.0
1392870488435	4734.0	156.0	85.0	63.0
1392870488445	4722.0	156.0	85.0	63.0
1392870488454	4722.0	156.0	85.0	63.0
1392870488463	4722.0	157.0	85.0	64.0
1392870488473	4722.0	157.0	85.0	64.0
1392870488484	4718.0	157.0	85.0	64.0
1392870488495	4718.0	158.0	85.0	64.0
1392870488503	4718.0	158.0	85.0	65.0
1392870488515	4718.0	158.0	85.0	65.0
1392870488524	4708.0	159.0	85.0	65.0
1392870488534	4708.0	159.0	85.0	65.0
1392870488550	4708.0	159.0	85.0	65.0
1392870488554	4705.0	159.0	85.0	66.0
1392870488567	4705.0	160.0	85.0	66.0
1392870488575	4705.0	161.0	85.0	67.0
1392870488585	4705.0	162.0	85.0	68.0
1392870488604	4691.0	125.0	85.0	69.0
1392870488607	4691.0	165.0	85.0	70.0
1392870488615	4691.0	165.0	85.0	71.0
1392870488626	4692.0	166.0	85.0	72.0
1392870488647	4692.0	168.0	85.0	73.0
1392870488649	4692.0	170.0	85.0	75.0
1392870488654	4692.0	171.0	85.0	76.0
1392870488673	4676.0	157.0	71.0	62.0
1392870488676	4676.0	172.0	85.0	77.0
1392870488684	4676.0	172.0	85.0	77.0
1392870488697	4676.0	172.0	85.0	77.0
1392870488704	4660.0	172.0	85.0	77.0
1392870488714	4660.0	173.0	85.0	77.0
1392870488723	4660.0	173.0	84.0	77.0
1392870488734	4649.0	174.0	84.0	78.0
1392870488747	4649.0	174.0	84.0	78.0
1392870488754	4649.0	174.0	84.0	78.0
1392870488764	4649.0	174.0	84.0	78.0
1392870488774	4631.0	174.0	84.0	78.0
1392870488784	4631.0	174.0	84.0	77.0
1392870488797	4631.0	174.0	84.0	77.0
1392870488804	4621.0	173.0	84.0	76.0
1392870488815	4621.0	173.0	84.0	76.0
1392870488824	4621.0	173.0	84.0	75.0
1392870488834	4621.0	172.0	84.0	75.0
1392870488846	4596.0	172.0	84.0	74.0
1392870488854	4596.0	172.0	84.0	74.0
1392870488865	4596.0	172.0	84.0	74.0
1392870488874	4573.0	172.0	84.0	73.0
1392870488885	4573.0	171.0	84.0	73.0
1392870488909	4573.0	171.0	84.0	73.0
1392870488914	4573.0	1.0	5.0	81.0
1392870488917	4543.0	171.0	84.0	72.0
1392870488933	4543.0	171.0	84.0	72.0
1392870488936	4543.0	171.0	84.0	71.0
1392870488956	4543.0	170.0	84.0	71.0
1392870488958	4520.0	170.0	84.0	70.0
1392870488965	4520.0	170.0	84.0	69.0
1392870488976	4520.0	169.0	84.0	69.0
1392870488984	4482.0	170.0	84.0	68.0
1392870488996	4482.0	169.0	84.0	68.0
1392870489004	4482.0	169.0	84.0	68.0
1392870489014	4482.0	169.0	84.0	67.0
1392870489028	4439.0	169.0	84.0	67.0
1392870489034	4439.0	169.0	84.0	67.0
1392870489045	4439.0	170.0	84.0	66.0
1392870489054	4400.0	169.0	84.0	65.0
1392870489064	4400.0	169.0	84.0	64.0
1392870489078	4400.0	168.0	84.0	64.0
1392870489084	4400.0	168.0	84.0	63.0
1392870489097	4348.0	168.0	84.0	62.0
1392870489104	4348.0	167.0	84.0	61.0
1392870489116	4348.0	166.0	84.0	60.0
1392870489138	4348.0	165.0	84.0	59.0
1392870489142	4296.0	164.0	84.0	57.0
1392870489144	4296.0	163.0	84.0	56.0
1392870489154	4296.0	163.0	84.0	55.0
1392870489168	4223.0	162.0	84.0	54.0
1392870489175	4223.0	162.0	84.0	53.0
1392870489184	4223.0	161.0	84.0	52.0
1392870489194	4223.0	161.0	84.0	52.0
1392870489206	4158.0	161.0	84.0	51.0
1392870489214	4158.0	161.0	84.0	51.0
1392870489229	4158.0	161.0	84.0	50.0
1392870489235	4087.0	160.0	84.0	50.0
1392870489257	4087.0	160.0	84.0	49.0
1392870489273	4087.0	160.0	84.0	48.0
1392870489283	4032.0	159.0	84.0	48.0
1392870489285	4032.0	160.0	84.0	47.0
1392870489294	4032.0	159.0	84.0	47.0
1392870489304	4032.0	160.0	84.0	47.0
1392870489314	3976.0	160.0	84.0	47.0
1392870489326	3976.0	161.0	84.0	47.0
1392870489335	3976.0	161.0	84.0	47.0
1392870489344	3921.0	162.0	84.0	47.0
1392870489360	3921.0	162.0	84.0	47.0
1392870489365	3921.0	162.0	84.0	47.0
1392870489375	3921.0	162.0	84.0	47.0
1392870489384	3858.0	162.0	84.0	47.0
1392870489396	3858.0	163.0	84.0	47.0
1392870489409	3858.0	164.0	84.0	48.0
1392870489415	3797.0	164.0	84.0	48.0
1392870489425	3797.0	166.0	84.0	49.0
1392870489435	3797.0	167.0	84.0	50.0
1392870489444	3797.0	169.0	84.0	51.0
1392870489459	3739.0	170.0	84.0	52.0
1392870489465	3739.0	171.0	84.0	53.0
1392870489477	3739.0	172.0	84.0	53.0
1392870489485	3679.0	173.0	84.0	54.0
1392870489495	3679.0	174.0	84.0	55.0
1392870489508	3679.0	175.0	84.0	55.0
1392870489514	3679.0	176.0	84.0	56.0
1392870489525	3610.0	177.0	84.0	57.0
1392870489536	3610.0	178.0	84.0	57.0
1392870489545	3610.0	178.0	84.0	57.0
1392870489557	3610.0	178.0	84.0	57.0
1392870489565	3550.0	179.0	84.0	57.0
1392870489576	3550.0	179.0	84.0	57.0
1392870489585	3550.0	180.0	84.0	58.0
1392870489595	3473.0	179.0	84.0	58.0
1392870489608	3473.0	178.0	84.0	59.0
1392870489615	3473.0	177.0	84.0	60.0
1392870489625	3473.0	176.0	84.0	61.0
1392870489635	3412.0	175.0	84.0	61.0
1392870489646	3412.0	175.0	84.0	62.0
1392870489658	3412.0	174.0	84.0	62.0
1392870489665	3328.0	174.0	84.0	62.0
1392870489675	3328.0	173.0	84.0	63.0
1392870489685	3328.0	171.0	84.0	64.0
1392870489695	3328.0	171.0	84.0	64.0
1392870489707	3233.0	170.0	84.0	65.0
1392870489715	3233.0	169.0	84.0	65.0
1392870489725	3233.0	169.0	84.0	65.0
1392870489735	3233.0	47.0	52.0	90.0
1392870489745	3132.0	169.0	84.0	65.0
1392870489756	3132.0	169.0	84.0	65.0
1392870489765	3132.0	169.0	84.0	64.0
1392870489775	3043.0	170.0	84.0	63.0
1392870489789	3043.0	48.0	53.0	90.0
1392870489798	3043.0	170.0	84.0	62.0
1392870489806	3043.0	169.0	84.0	62.0
1392870489816	2910.0	169.0	84.0	62.0
1392870489826	2910.0	168.0	84.0	63.0
1392870489836	2910.0	167.0	84.0	64.0
1392870489846	2781.0	166.0	84.0	64.0
1392870489864	2781.0	165.0	84.0	65.0
1392870489869	2781.0	165.0	84.0	65.0
1392870489877	2781.0	164.0	84.0	65.0
1392870489902	2688.0	164.0	84.0	64.0
1392870489910	2688.0	165.0	84.0	64.0
1392870489917	2593.0	165.0	84.0	63.0
1392870489945	2593.0	164.0	84.0	63.0
1392870489949	2593.0	164.0	84.0	63.0
1392870489951	2593.0	164.0	84.0	63.0
1392870489956	2494.0	50.0	59.0	90.0
1392870489967	2494.0	162.0	84.0	65.0
1392870489975	2494.0	161.0	84.0	66.0
1392870489988	2494.0	160.0	84.0	66.0
1392870490001	2418.0	159.0	84.0	66.0
1392870490007	2418.0	159.0	84.0	66.0
1392870490026	2418.0	159.0	84.0	66.0
1392870490038	2341.0	159.0	84.0	66.0
1392870490043	2341.0	159.0	84.0	66.0
1392870490050	2341.0	159.0	84.0	65.0
1392870490057	2341.0	159.0	84.0	65.0
1392870490066	2261.0	159.0	84.0	64.0
1392870490077	2261.0	160.0	84.0	64.0
1392870490089	2261.0	160.0	84.0	64.0
1392870490095	2191.0	160.0	84.0	63.0
1392870490105	2191.0	160.0	84.0	63.0
1392870490117	2191.0	160.0	84.0	62.0
1392870490133	2191.0	161.0	84.0	61.0
1392870490142	2113.0	162.0	84.0	60.0
1392870490145	2113.0	162.0	84.0	59.0
1392870490155	2113.0	163.0	84.0	58.0
1392870490166	2113.0	164.0	84.0	58.0
1392870490175	2041.0	164.0	84.0	57.0
1392870490186	2041.0	164.0	84.0	57.0
1392870490199	2041.0	164.0	84.0	56.0
1392870490206	1979.0	165.0	84.0	55.0
1392870490216	1979.0	165.0	84.0	55.0
1392870490226	1979.0	165.0	84.0	54.0
1392870490238	1979.0	166.0	84.0	54.0
1392870490246	1932.0	166.0	84.0	54.0
1392870490256	1932.0	166.0	84.0	54.0
1392870490267	1932.0	166.0	84.0	53.0
1392870490275	1885.0	166.0	83.0	53.0
1392870490285	1885.0	165.0	83.0	54.0
1392870490295	1885.0	165.0	83.0	54.0
1392870490306	1885.0	164.0	83.0	54.0
1392870490319	1838.0	164.0	83.0	54.0
1392870490325	1838.0	163.0	83.0	54.0
1392870490335	1838.0	163.0	83.0	54.0
1392870490345	1790.0	162.0	83.0	54.0
1392870490356	1790.0	162.0	83.0	54.0
1392870490368	1790.0	162.0	83.0	54.0
1392870490376	1790.0	161.0	83.0	54.0
1392870490385	1732.0	161.0	83.0	54.0
1392870490397	1732.0	159.0	83.0	55.0
1392870490405	1732.0	159.0	83.0	55.0
1392870490419	1732.0	159.0	83.0	55.0
1392870490425	1675.0	159.0	83.0	55.0
1392870490437	1675.0	158.0	83.0	55.0
1392870490458	1675.0	27.0	83.0	55.0
1392870490462	1617.0	117.0	44.0	91.0
1392870490482	1617.0	157.0	83.0	56.0
1392870490485	1617.0	157.0	83.0	56.0
1392870490489	1617.0	157.0	83.0	56.0
1392870490496	1546.0	157.0	83.0	56.0
1392870490505	1546.0	156.0	83.0	56.0
1392870490517	1546.0	155.0	83.0	56.0
1392870490525	1480.0	154.0	83.0	57.0
1392870490536	1480.0	152.0	83.0	59.0
1392870490546	1480.0	151.0	83.0	59.0
1392870490558	1480.0	151.0	83.0	60.0
1392870490567	1404.0	150.0	83.0	60.0
1392870490575	1404.0	150.0	83.0	60.0
1392870490586	1404.0	150.0	83.0	60.0
1392870490596	1404.0	150.0	84.0	60.0
1392870490606	1332.0	150.0	84.0	60.0
1392870490620	1332.0	149.0	84.0	60.0
1392870490625	1332.0	148.0	84.0	60.0
1392870490636	1260.0	148.0	84.0	61.0
1392870490651	1260.0	147.0	84.0	61.0
1392870490656	1260.0	65.0	75.0	90.0
1392870490672	1260.0	146.0	84.0	62.0
1392870490681	1190.0	145.0	84.0	62.0
1392870490692	1190.0	145.0	84.0	62.0
1392870490705	1190.0	146.0	84.0	61.0
1392870490709	1126.0	145.0	84.0	61.0
1392870490730	1126.0	145.0	84.0	61.0
1392870490736	1126.0	144.0	84.0	61.0
1392870490739	1126.0	145.0	84.0	60.0
1392870490749	1048.0	145.0	84.0	60.0
1392870490755	1048.0	145.0	84.0	59.0
1392870490765	1048.0	146.0	84.0	59.0
1392870490775	976.0	146.0	84.0	58.0
1392870490785	976.0	146.0	84.0	58.0
1392870490800	976.0	146.0	84.0	58.0
1392870490806	976.0	147.0	84.0	57.0
1392870490816	913.0	147.0	84.0	57.0
1392870490826	913.0	146.0	84.0	57.0
1392870490836	913.0	146.0	84.0	57.0
1392870490849	913.0	145.0	84.0	58.0
1392870490856	851.0	144.0	84.0	58.0
1392870490866	851.0	143.0	84.0	59.0
1392870490878	851.0	142.0	85.0	61.0
1392870490886	802.0	139.0	85.0	63.0
1392870490897	802.0	136.0	85.0	65.0
1392870490905	802.0	134.0	85.0	68.0
1392870490916	802.0	131.0	85.0	70.0
1392870490925	780.0	130.0	85.0	71.0
1392870490935	780.0	129.0	85.0	72.0
1392870490949	780.0	128.0	85.0	72.0
1392870490956	761.0	127.0	84.0	73.0
1392870490966	761.0	126.0	84.0	74.0
1392870490982	761.0	125.0	84.0	75.0
1392870490986	761.0	123.0	84.0	76.0
1392870490999	755.0	122.0	84.0	77.0
1392870491006	755.0	121.0	84.0	78.0
1392870491016	755.0	120.0	84.0	78.0
1392870491027	755.0	120.0	84.0	78.0
1392870491036	754.0	120.0	84.0	78.0
1392870491049	754.0	120.0	84.0	78.0
1392870491056	754.0	120.0	84.0	78.0
1392870491066	751.0	120.0	84.0	78.0
1392870491077	751.0	121.0	48.0	70.0
1392870491086	751.0	120.0	84.0	78.0
1392870491102	751.0	120.0	84.0	78.0
1392870491120	748.0	120.0	84.0	78.0
1392870491123	748.0	120.0	84.0	78.0
1392870491145	748.0	120.0	84.0	78.0
1392870491147	748.0	120.0	84.0	78.0
1392870491149	748.0	120.0	84.0	78.0
1392870491159	748.0	121.0	84.0	77.0
1392870491166	748.0	121.0	84.0	77.0
1392870491184	749.0	121.0	84.0	77.0
1392870491186	749.0	121.0	84.0	77.0
1392870491197	749.0	121.0	83.0	77.0
1392870491207	751.0	121.0	83.0	77.0
1392870491218	751.0	122.0	83.0	77.0
1392870491227	751.0	122.0	83.0	77.0
1392870491237	751.0	122.0	83.0	77.0
1392870491247	751.0	121.0	83.0	77.0
1392870491257	751.0	121.0	83.0	77.0
1392870491267	751.0	122.0	83.0	77.0
1392870491280	751.0	122.0	83.0	77.0
1392870491289	758.0	122.0	83.0	77.0
1392870491300	758.0	122.0	83.0	76.0
1392870491309	758.0	122.0	83.0	76.0
1392870491317	760.0	121.0	83.0	76.0
1392870491329	760.0	121.0	83.0	76.0
1392870491338	760.0	122.0	83.0	76.0
1392870491347	760.0	122.0	83.0	76.0
1392870491357	758.0	122.0	83.0	76.0
1392870491368	758.0	122.0	83.0	76.0
1392870491379	758.0	122.0	83.0	76.0
1392870491387	754.0	122.0	83.0	76.0
1392870491397	754.0	122.0	83.0	76.0
1392870491412	754.0	122.0	83.0	76.0
1392870491417	754.0	122.0	83.0	76.0
1392870491429	753.0	122.0	83.0	76.0
1392870491436	753.0	122.0	83.0	76.0
1392870491447	753.0	122.0	83.0	75.0
1392870491460	753.0	122.0	83.0	75.0
1392870491468	748.0	122.0	83.0	75.0
1392870491477	748.0	122.0	83.0	76.0
1392870491487	748.0	121.0	83.0	76.0
1392870491498	744.0	121.0	83.0	76.0
1392870491510	744.0	121.0	83.0	76.0
1392870491518	744.0	121.0	83.0	76.0
1392870491539	744.0	121.0	83.0	76.0
1392870491542	743.0	121.0	83.0	76.0
1392870491548	743.0	121.0	83.0	76.0
1392870491560	743.0	121.0	83.0	76.0
1392870491567	739.0	74.0	81.0	90.0
1392870491578	739.0	121.0	83.0	76.0
1392870491588	739.0	121.0	83.0	76.0
1392870491599	739.0	121.0	83.0	76.0
1392870491614	738.0	121.0	83.0	76.0
1392870491619	738.0	120.0	83.0	76.0
1392870491631	738.0	120.0	83.0	76.0
1392870491639	738.0	120.0	83.0	76.0
1392870491647	738.0	121.0	83.0	76.0
1392870491660	738.0	121.0	83.0	76.0
1392870491667	738.0	121.0	83.0	76.0
1392870491677	737.0	121.0	83.0	76.0
1392870491686	737.0	122.0	83.0	76.0
1392870491699	737.0	122.0	83.0	75.0
1392870491710	737.0	122.0	83.0	75.0
1392870491716	738.0	122.0	83.0	75.0
1392870491727	738.0	123.0	83.0	75.0
1392870491743	738.0	123.0	83.0	75.0
1392870491746	739.0	123.0	83.0	75.0
1392870491758	739.0	124.0	83.0	75.0
1392870491766	739.0	124.0	83.0	75.0
1392870491776	739.0	125.0	83.0	75.0
1392870491786	743.0	125.0	83.0	75.0
1392870491797	743.0	124.0	83.0	75.0
1392870491817	744.0	125.0	83.0	75.0
1392870491832	744.0	125.0	83.0	75.0
1392870491837	744.0	125.0	83.0	75.0
1392870491846	744.0	125.0	83.0	75.0
1392870491856	747.0	125.0	83.0	75.0
1392870491866	747.0	125.0	83.0	75.0
1392870491877	747.0	125.0	83.0	75.0
1392870491887	747.0	125.0	83.0	75.0
1392870491897	752.0	125.0	83.0	75.0
1392870491909	752.0	125.0	83.0	75.0
1392870491917	752.0	124.0	83.0	74.0
1392870491927	757.0	125.0	82.0	74.0
1392870491941	757.0	125.0	82.0	74.0
1392870491947	757.0	124.0	82.0	74.0
1392870491958	757.0	124.0	82.0	74.0
1392870491967	762.0	124.0	82.0	74.0
1392870491977	762.0	124.0	82.0	74.0
1392870491992	762.0	124.0	82.0	74.0
1392870491997	774.0	124.0	82.0	74.0
1392870492008	774.0	124.0	82.0	74.0
1392870492017	774.0	123.0	82.0	74.0
1392870492027	774.0	123.0	82.0	74.0
1392870492041	790.0	124.0	82.0	74.0
1392870492054	790.0	124.0	82.0	74.0
1392870492061	790.0	124.0	82.0	74.0
1392870492067	815.0	124.0	82.0	74.0
1392870492077	815.0	124.0	82.0	74.0
1392870492093	815.0	125.0	82.0	74.0
1392870492098	815.0	125.0	82.0	73.0
1392870492115	855.0	126.0	82.0	73.0
1392870492120	855.0	127.0	82.0	72.0
1392870492132	855.0	127.0	82.0	72.0
1392870492141	855.0	127.0	82.0	72.0
1392870492147	897.0	128.0	82.0	72.0
1392870492157	897.0	128.0	82.0	72.0
1392870492167	897.0	128.0	82.0	72.0
1392870492178	948.0	128.0	82.0	72.0
1392870492193	948.0	129.0	82.0	72.0
1392870492197	948.0	102.0	44.0	54.0
1392870492215	948.0	129.0	82.0	71.0
1392870492217	1006.0	129.0	82.0	71.0
1392870492227	1006.0	129.0	82.0	71.0
1392870492239	1006.0	129.0	82.0	71.0
1392870492246	1070.0	130.0	82.0	71.0
1392870492257	1070.0	130.0	82.0	71.0
1392870492266	1070.0	130.0	82.0	71.0
1392870492277	1070.0	130.0	82.0	71.0
1392870492287	1124.0	131.0	82.0	71.0
1392870492297	1124.0	131.0	82.0	70.0
1392870492307	1124.0	131.0	82.0	70.0
1392870492317	1124.0	132.0	82.0	70.0
1392870492327	1191.0	132.0	82.0	70.0
1392870492339	1191.0	132.0	82.0	70.0
1392870492347	1191.0	132.0	82.0	70.0
1392870492358	1261.0	132.0	82.0	70.0
1392870492367	1261.0	133.0	82.0	70.0
1392870492377	1261.0	134.0	82.0	69.0
1392870492388	1261.0	135.0	82.0	69.0
1392870492398	1337.0	135.0	82.0	69.0
1392870492408	1337.0	136.0	82.0	68.0
1392870492425	1337.0	139.0	82.0	68.0
1392870492429	1413.0	140.0	82.0	68.0
1392870492441	1413.0	141.0	82.0	67.0
1392870492458	1413.0	142.0	82.0	67.0
1392870492475	1489.0	142.0	82.0	67.0
1392870492479	1489.0	142.0	82.0	67.0
1392870492494	1489.0	143.0	82.0	68.0
1392870492497	1562.0	143.0	82.0	68.0
1392870492507	1562.0	142.0	82.0	68.0
1392870492524	1562.0	142.0	82.0	67.0
1392870492527	1562.0	142.0	82.0	68.0
1392870492541	1625.0	142.0	82.0	68.0
1392870492557	1625.0	142.0	82.0	68.0
1392870492561	1625.0	142.0	82.0	69.0
1392870492570	1625.0	142.0	82.0	69.0
1392870492578	1715.0	143.0	82.0	69.0
1392870492588	1715.0	143.0	82.0	69.0
1392870492600	1715.0	144.0	82.0	68.0
1392870492608	1807.0	144.0	82.0	68.0
1392870492618	1807.0	144.0	82.0	68.0
1392870492627	1807.0	145.0	81.0	68.0
1392870492639	1807.0	145.0	81.0	68.0
1392870492649	1893.0	145.0	81.0	68.0
1392870492659	1893.0	145.0	81.0	68.0
1392870492669	1893.0	146.0	81.0	67.0
1392870492679	1980.0	146.0	81.0	67.0
1392870492690	1980.0	147.0	81.0	67.0
1392870492700	1980.0	146.0	81.0	68.0
1392870492710	1980.0	146.0	81.0	68.0
1392870492721	2090.0	146.0	81.0	69.0
1392870492729	2090.0	145.0	81.0	70.0
1392870492739	2090.0	145.0	82.0	70.0
1392870492754	2200.0	145.0	82.0	71.0
1392870492759	2200.0	145.0	82.0	71.0
1392870492769	2200.0	145.0	82.0	71.0
1392870492781	2200.0	145.0	82.0	72.0
1392870492788	2326.0	145.0	82.0	72.0
1392870492806	2326.0	145.0	82.0	73.0
1392870492810	2326.0	145.0	82.0	73.0
1392870492821	2326.0	145.0	82.0	74.0
1392870492830	2453.0	146.0	82.0	74.0
1392870492839	2453.0	147.0	82.0	74.0
1392870492854	2453.0	147.0	82.0	73.0
1392870492859	2563.0	148.0	83.0	73.0
1392870492871	2563.0	149.0	83.0	73.0
1392870492881	2563.0	150.0	83.0	72.0
1392870492890	2563.0	150.0	83.0	72.0
1392870492904	2669.0	151.0	83.0	72.0
1392870492909	2669.0	152.0	83.0	71.0
1392870492920	2669.0	152.0	83.0	71.0
1392870492930	2669.0	154.0	83.0	70.0
1392870492939	2739.0	155.0	83.0	69.0
1392870492951	2739.0	156.0	83.0	69.0
1392870492959	2739.0	157.0	83.0	68.0
1392870492968	2803.0	157.0	83.0	67.0
1392870492979	2803.0	158.0	83.0	67.0
1392870492989	2803.0	158.0	83.0	67.0
1392870493000	2803.0	158.0	83.0	67.0
1392870493008	2871.0	159.0	83.0	67.0
1392870493018	2871.0	159.0	83.0	67.0
1392870493029	2871.0	159.0	83.0	67.0
1392870493038	2945.0	159.0	83.0	67.0
1392870493050	2945.0	159.0	83.0	67.0
1392870493058	2945.0	159.0	83.0	67.0
1392870493068	2945.0	160.0	83.0	67.0
1392870493079	3020.0	160.0	83.0	67.0
1392870493088	3020.0	160.0	83.0	67.0
1392870493110	3113.0	160.0	83.0	67.0
1392870493129	3113.0	84.0	23.0	66.0
1392870493131	3113.0	161.0	83.0	67.0
1392870493139	3113.0	161.0	83.0	67.0
1392870493148	3228.0	161.0	83.0	67.0
1392870493158	3228.0	162.0	83.0	66.0
1392870493168	3228.0	162.0	83.0	66.0
1392870493178	3228.0	163.0	83.0	66.0
1392870493188	3314.0	164.0	83.0	65.0
1392870493203	3314.0	165.0	83.0	65.0
1392870493208	3314.0	166.0	83.0	65.0
1392870493218	3414.0	166.0	83.0	65.0
1392870493229	3414.0	166.0	83.0	66.0
1392870493238	3414.0	166.0	83.0	66.0
1392870493250	3414.0	166.0	83.0	67.0
1392870493259	3502.0	167.0	83.0	67.0
1392870493268	3502.0	167.0	83.0	67.0
1392870493282	3502.0	167.0	83.0	67.0
1392870493289	3564.0	167.0	83.0	67.0
1392870493299	3564.0	167.0	83.0	67.0
1392870493308	3564.0	167.0	83.0	68.0
1392870493319	3564.0	167.0	83.0	68.0
1392870493333	3629.0	167.0	83.0	69.0
1392870493338	3629.0	166.0	83.0	69.0
1392870493349	3629.0	166.0	83.0	70.0
1392870493358	3629.0	166.0	83.0	70.0
1392870493368	3694.0	166.0	83.0	70.0
1392870493379	3694.0	166.0	83.0	71.0
1392870493388	3694.0	166.0	83.0	71.0
1392870493400	3760.0	165.0	83.0	72.0
1392870493411	3760.0	165.0	83.0	73.0
1392870493420	3760.0	164.0	83.0	74.0
1392870493430	3760.0	164.0	83.0	74.0
1392870493439	3819.0	165.0	83.0	75.0
1392870493449	3819.0	165.0	83.0	75.0
1392870493462	3819.0	165.0	83.0	75.0
1392870493469	3873.0	165.0	83.0	76.0
1392870493486	3873.0	164.0	83.0	76.0
1392870493489	3873.0	164.0	83.0	76.0
1392870493499	3873.0	165.0	83.0	76.0
1392870493515	3931.0	165.0	84.0	76.0
1392870493523	3931.0	164.0	84.0	77.0
1392870493529	3931.0	165.0	84.0	77.0
1392870493539	3982.0	165.0	84.0	77.0
1392870493548	3982.0	165.0	84.0	78.0
1392870493559	3982.0	164.0	84.0	78.0
1392870493569	3982.0	165.0	84.0	78.0
1392870493580	4028.0	165.0	84.0	79.0
1392870493589	4028.0	164.0	84.0	79.0
1392870493599	4028.0	165.0	84.0	79.0
1392870493620	4028.0	69.0	25.0	75.0
1392870493622	4080.0	164.0	84.0	80.0
1392870493630	4080.0	164.0	84.0	80.0
1392870493639	4080.0	164.0	84.0	81.0
1392870493649	4138.0	165.0	84.0	81.0
1392870493662	4138.0	166.0	84.0	81.0
1392870493669	4138.0	167.0	84.0	81.0
1392870493680	4138.0	167.0	85.0	82.0
1392870493689	4192.0	166.0	85.0	82.0
1392870493700	4192.0	165.0	85.0	83.0
1392870493712	4192.0	165.0	85.0	84.0
1392870493725	4239.0	166.0	85.0	84.0
1392870493731	4239.0	166.0	85.0	84.0
1392870493749	4239.0	167.0	85.0	83.0
1392870493769	4286.0	29.0	44.0	90.0
1392870493779	4286.0	166.0	85.0	84.0
1392870493789	4286.0	167.0	85.0	84.0
1392870493799	4335.0	166.0	85.0	85.0
1392870493810	4335.0	167.0	85.0	85.0
1392870493818	4335.0	166.0	85.0	85.0
1392870493829	4384.0	167.0	85.0	86.0
1392870493839	4384.0	166.0	85.0	86.0
1392870493849	4384.0	165.0	85.0	87.0
1392870493861	4384.0	164.0	85.0	89.0
1392870493869	4431.0	164.0	85.0	90.0
1392870493879	4431.0	164.0	85.0	90.0
1392870493889	4431.0	165.0	85.0	90.0
1392870493899	4465.0	166.0	86.0	89.0
1392870493910	4465.0	168.0	86.0	88.0
1392870493919	4465.0	170.0	86.0	87.0
1392870493929	4465.0	171.0	86.0	86.0
1392870493939	4504.0	172.0	86.0	86.0
1392870493949	4504.0	173.0	86.0	86.0
1392870493960	4504.0	172.0	85.0	86.0
1392870493969	4549.0	173.0	86.0	86.0
1392870493981	4549.0	172.0	86.0	86.0
1392870493989	4549.0	173.0	86.0	86.0
1392870493999	4549.0	173.0	85.0	86.0
1392870494010	4580.0	174.0	85.0	86.0
1392870494019	4580.0	174.0	85.0	86.0
1392870494030	4580.0	174.0	85.0	86.0
1392870494043	4580.0	174.0	85.0	86.0
1392870494049	4607.0	175.0	86.0	87.0
1392870494060	4607.0	174.0	86.0	87.0
1392870494069	4607.0	174.0	86.0	88.0
1392870494080	4650.0	172.0	85.0	90.0
1392870494100	4650.0	170.0	85.0	92.0
1392870494102	4650.0	170.0	85.0	93.0
1392870494119	4650.0	169.0	85.0	95.0
1392870494123	4671.0	169.0	85.0	95.0
1392870494129	4671.0	168.0	85.0	96.0
1392870494146	4671.0	169.0	85.0	97.0
1392870494148	4689.0	169.0	85.0	97.0
1392870494159	4689.0	169.0	85.0	97.0
1392870494168	4689.0	169.0	85.0	98.0
1392870494179	4689.0	169.0	85.0	99.0
1392870494191	4709.0	168.0	85.0	100.0
1392870494199	4709.0	167.0	85.0	101.0
1392870494209	4709.0	166.0	85.0	102.0
1392870494220	4709.0	165.0	85.0	104.0
1392870494230	4728.0	164.0	85.0	105.0
1392870494242	4728.0	163.0	85.0	106.0
1392870494249	4728.0	162.0	85.0	107.0
1392870494259	4735.0	161.0	85.0	108.0
1392870494269	4735.0	160.0	85.0	109.0
1392870494280	4735.0	161.0	85.0	109.0
1392870494292	4735.0	161.0	86.0	109.0
1392870494299	4744.0	161.0	86.0	109.0
1392870494309	4744.0	162.0	86.0	108.0
1392870494320	4744.0	163.0	86.0	108.0
1392870494330	4751.0	164.0	86.0	106.0
1392870494342	4751.0	165.0	86.0	105.0
1392870494354	4751.0	167.0	86.0	104.0
1392870494372	4751.0	168.0	86.0	103.0
1392870494374	4748.0	168.0	86.0	103.0
1392870494396	4748.0	170.0	86.0	101.0
1392870494400	4752.0	171.0	86.0	100.0
1392870494409	4752.0	173.0	86.0	99.0
1392870494419	4752.0	175.0	86.0	97.0
1392870494429	4752.0	177.0	86.0	94.0
1392870494439	4761.0	179.0	87.0	92.0
1392870494449	4761.0	178.0	87.0	90.0
1392870494461	4761.0	176.0	87.0	88.0
1392870494469	4761.0	174.0	87.0	86.0
1392870494480	4766.0	173.0	87.0	85.0
1392870494491	4766.0	172.0	87.0	84.0
1392870494501	4766.0	171.0	87.0	83.0
1392870494510	4767.0	170.0	87.0	82.0
1392870494524	4767.0	170.0	87.0	82.0
1392870494530	4767.0	170.0	87.0	82.0
1392870494540	4767.0	170.0	87.0	82.0
1392870494549	4771.0	169.0	87.0	82.0
1392870494560	4771.0	4.0	40.0	90.0
1392870494573	4771.0	168.0	87.0	80.0
1392870494582	4774.0	167.0	87.0	80.0
1392870494593	4774.0	167.0	87.0	80.0
1392870494600	4774.0	167.0	87.0	79.0
1392870494610	4774.0	166.0	87.0	79.0
1392870494623	4775.0	167.0	87.0	79.0
1392870494631	4775.0	167.0	87.0	79.0
1392870494640	4775.0	167.0	87.0	79.0
1392870494649	4775.0	167.0	87.0	79.0
1392870494660	4775.0	167.0	87.0	79.0
1392870494671	4775.0	166.0	87.0	79.0
1392870494680	4775.0	166.0	87.0	79.0
1392870494690	4779.0	166.0	87.0	78.0
1392870494701	4779.0	165.0	87.0	78.0
1392870494710	4779.0	164.0	87.0	77.0
1392870494721	4779.0	164.0	87.0	76.0
1392870494730	4776.0	4.0	40.0	90.0
1392870494740	4776.0	163.0	87.0	76.0
1392870494750	4776.0	163.0	87.0	76.0
1392870494761	4781.0	164.0	87.0	76.0
1392870494772	4781.0	164.0	87.0	77.0
1392870494780	4781.0	164.0	87.0	77.0
1392870494790	4781.0	164.0	87.0	77.0
1392870494800	4784.0	165.0	87.0	77.0
1392870494810	4784.0	165.0	87.0	78.0
1392870494821	4784.0	165.0	87.0	78.0
1392870494830	4785.0	166.0	87.0	78.0
1392870494840	4785.0	166.0	87.0	78.0
1392870494850	4785.0	165.0	87.0	78.0
1392870494860	4785.0	164.0	87.0	77.0
1392870494871	4783.0	163.0	87.0	75.0
1392870494880	4783.0	161.0	87.0	73.0
1392870494890	4783.0	159.0	87.0	72.0
1392870494903	4783.0	157.0	87.0	70.0
1392870494910	4780.0	156.0	87.0	68.0
1392870494920	4780.0	154.0	86.0	66.0
1392870494930	4780.0	152.0	86.0	64.0
1392870494941	4784.0	150.0	86.0	62.0
1392870494954	4784.0	148.0	86.0	60.0
1392870494960	4784.0	146.0	86.0	59.0
1392870494970	4784.0	145.0	86.0	58.0
1392870494980	4786.0	145.0	86.0	57.0
1392870494990	4786.0	144.0	86.0	57.0
1392870495004	4786.0	144.0	86.0	57.0
1392870495019	4791.0	145.0	86.0	57.0
1392870495036	4791.0	145.0	86.0	56.0
1392870495040	4791.0	144.0	86.0	56.0
1392870495062	4792.0	143.0	86.0	55.0
1392870495065	4792.0	142.0	86.0	54.0
1392870495070	4792.0	141.0	86.0	53.0
1392870495080	4792.0	139.0	86.0	51.0
1392870495090	4789.0	138.0	86.0	50.0
1392870495102	4789.0	136.0	86.0	48.0
1392870495110	4789.0	135.0	86.0	47.0
1392870495126	4791.0	134.0	86.0	45.0
1392870495130	4791.0	133.0	86.0	44.0
1392870495140	4791.0	133.0	86.0	44.0
1392870495153	4791.0	132.0	86.0	44.0
1392870495160	4793.0	132.0	86.0	43.0
1392870495171	4793.0	132.0	86.0	43.0
1392870495182	4793.0	130.0	86.0	42.0
1392870495190	4788.0	129.0	86.0	40.0
1392870495204	4788.0	127.0	86.0	39.0
1392870495211	4788.0	126.0	86.0	37.0
1392870495222	4788.0	124.0	86.0	35.0
1392870495232	4803.0	123.0	86.0	34.0
1392870495241	4803.0	122.0	86.0	33.0
1392870495251	4803.0	121.0	85.0	32.0
1392870495262	4812.0	121.0	85.0	32.0
1392870495272	4812.0	121.0	85.0	32.0
1392870495293	4812.0	122.0	85.0	33.0
1392870495294	4812.0	122.0	86.0	33.0
1392870495301	4833.0	123.0	86.0	34.0
1392870495310	4833.0	2.0	40.0	90.0
1392870495320	4833.0	123.0	86.0	34.0
1392870495333	4833.0	122.0	86.0	34.0
1392870495342	4848.0	121.0	85.0	33.0
1392870495350	4848.0	120.0	85.0	31.0
1392870495361	4848.0	2.0	40.0	90.0
1392870495371	4873.0	118.0	85.0	30.0
1392870495384	4873.0	118.0	85.0	29.0
1392870495391	4873.0	117.0	85.0	29.0
1392870495404	4873.0	117.0	85.0	28.0
1392870495412	4890.0	117.0	85.0	28.0
1392870495423	4890.0	117.0	85.0	29.0
1392870495433	4890.0	117.0	85.0	29.0
1392870495444	4906.0	117.0	85.0	29.0
1392870495451	4906.0	117.0	85.0	28.0
1392870495460	4906.0	117.0	85.0	28.0
1392870495472	4906.0	117.0	85.0	28.0
1392870495485	4922.0	116.0	85.0	27.0
1392870495491	4922.0	116.0	84.0	27.0
1392870495500	4922.0	115.0	84.0	27.0
1392870495510	4922.0	115.0	84.0	26.0
1392870495522	4924.0	115.0	84.0	26.0
1392870495533	4924.0	115.0	84.0	26.0
1392870495540	4924.0	114.0	84.0	26.0
1392870495550	4920.0	114.0	84.0	25.0
1392870495560	4920.0	114.0	84.0	25.0
1392870495570	4920.0	113.0	84.0	25.0
1392870495583	4920.0	113.0	84.0	24.0
1392870495591	4910.0	113.0	84.0	24.0
1392870495601	4910.0	112.0	84.0	24.0
1392870495611	4910.0	113.0	84.0	23.0
1392870495621	4906.0	113.0	84.0	23.0
1392870495632	4906.0	112.0	84.0	23.0
1392870495640	4906.0	112.0	84.0	22.0
1392870495651	4906.0	111.0	84.0	22.0
1392870495665	4897.0	111.0	84.0	21.0
1392870495670	4897.0	110.0	84.0	21.0
1392870495684	4897.0	109.0	84.0	20.0
1392870495699	4882.0	109.0	83.0	19.0
1392870495717	4882.0	108.0	83.0	19.0
1392870495719	4882.0	108.0	83.0	18.0
1392870495722	4882.0	108.0	83.0	18.0
1392870495734	4881.0	108.0	83.0	18.0
1392870495741	4881.0	109.0	83.0	19.0
1392870495750	4881.0	109.0	84.0	19.0
1392870495764	4881.0	109.0	84.0	19.0
1392870495770	4879.0	109.0	84.0	19.0
1392870495782	4879.0	108.0	84.0	19.0
1392870495791	4879.0	108.0	83.0	18.0
1392870495801	4863.0	108.0	83.0	18.0
1392870495815	4863.0	108.0	83.0	18.0
1392870495821	4863.0	108.0	83.0	18.0
1392870495832	4863.0	108.0	83.0	18.0
1392870495842	4866.0	108.0	83.0	18.0
1392870495851	4866.0	108.0	83.0	18.0
1392870495863	4866.0	107.0	83.0	17.0
1392870495871	4838.0	107.0	83.0	17.0
1392870495881	4838.0	106.0	83.0	16.0
1392870495891	4838.0	106.0	83.0	16.0
1392870495902	4838.0	106.0	83.0	16.0
1392870495914	4828.0	105.0	83.0	15.0
1392870495921	4828.0	105.0	82.0	15.0
1392870495932	4828.0	105.0	82.0	15.0
1392870495941	4828.0	105.0	82.0	15.0
1392870495951	4823.0	105.0	82.0	15.0
1392870495962	4823.0	105.0	82.0	15.0
1392870495971	4823.0	105.0	83.0	15.0
1392870495981	4824.0	105.0	83.0	15.0
1392870495991	4824.0	105.0	83.0	15.0
1392870496001	4824.0	105.0	83.0	15.0
1392870496013	4824.0	105.0	83.0	15.0
1392870496022	4819.0	104.0	83.0	15.0
1392870496031	4819.0	104.0	83.0	15.0
1392870496041	4819.0	104.0	83.0	15.0
1392870496051	4809.0	104.0	83.0	14.0
1392870496063	4809.0	104.0	83.0	14.0
1392870496072	4809.0	104.0	83.0	14.0
1392870496082	4809.0	103.0	83.0	13.0
1392870496093	4793.0	103.0	82.0	13.0
1392870496101	4793.0	102.0	82.0	12.0
1392870496116	4793.0	101.0	82.0	11.0
1392870496121	4793.0	101.0	82.0	11.0
1392870496136	4764.0	100.0	82.0	10.0
1392870496151	4764.0	98.0	81.0	8.0
1392870496163	4739.0	97.0	81.0	7.0
1392870496176	4739.0	96.0	80.0	6.0
1392870496181	4739.0	96.0	80.0	5.0
1392870496196	4739.0	95.0	80.0	4.0
1392870496202	4713.0	94.0	79.0	4.0
1392870496218	4713.0	94.0	79.0	3.0
1392870496221	4713.0	93.0	79.0	3.0
1392870496231	4691.0	93.0	79.0	2.0
1392870496247	4691.0	93.0	79.0	2.0
1392870496251	4691.0	93.0	79.0	2.0
1392870496261	4691.0	93.0	79.0	2.0
1392870496270	4676.0	93.0	79.0	2.0
1392870496281	4676.0	93.0	79.0	2.0
1392870496296	4676.0	93.0	79.0	1.0
1392870496313	4674.0	92.0	78.0	1.0
1392870496323	4674.0	92.0	78.0	1.0
1392870496337	4674.0	92.0	78.0	1.0
1392870496342	4670.0	92.0	78.0	0.0
1392870496351	4670.0	91.0	78.0	0.0
1392870496361	4670.0	91.0	78.0	0.0
1392870496370	4670.0	91.0	78.0	0.0
1392870496382	4657.0	91.0	78.0	0.0
1392870496396	4657.0	91.0	78.0	0.0
1392870496401	4657.0	91.0	78.0	0.0
1392870496413	4653.0	91.0	78.0	0.0
1392870496421	4653.0	91.0	78.0	0.0
1392870496433	4653.0	91.0	78.0	0.0
1392870496445	4653.0	91.0	78.0	0.0
1392870496452	4634.0	91.0	78.0	0.0
1392870496461	4634.0	91.0	78.0	0.0
1392870496472	4634.0	91.0	78.0	0.0
1392870496482	4631.0	91.0	78.0	0.0
1392870496492	4631.0	91.0	78.0	1.0
1392870496501	4631.0	91.0	78.0	1.0
1392870496511	4631.0	91.0	78.0	1.0
1392870496523	4626.0	91.0	78.0	1.0
1392870496531	4626.0	91.0	78.0	1.0
1392870496548	4626.0	91.0	78.0	1.0
1392870496551	4626.0	91.0	78.0	1.0
1392870496563	4620.0	91.0	78.0	1.0
1392870496579	4620.0	91.0	78.0	1.0
1392870496582	4620.0	91.0	78.0	0.0
1392870496597	4624.0	91.0	78.0	0.0
1392870496602	4624.0	91.0	78.0	0.0
1392870496613	4624.0	92.0	78.0	0.0
1392870496629	4624.0	92.0	78.0	0.0
1392870496633	4632.0	92.0	78.0	0.0
1392870496651	4632.0	92.0	78.0	1.0
1392870496653	4632.0	93.0	78.0	1.0
1392870496662	4635.0	93.0	78.0	1.0
1392870496675	4635.0	93.0	78.0	1.0
1392870496682	4635.0	93.0	79.0	2.0
1392870496692	4635.0	93.0	78.0	2.0
1392870496702	4634.0	92.0	78.0	1.0
1392870496712	4634.0	92.0	78.0	1.0
1392870496722	4634.0	92.0	78.0	1.0
1392870496732	4626.0	92.0	78.0	2.0
1392870496750	4626.0	93.0	78.0	2.0
1392870496754	4626.0	93.0	79.0	2.0
1392870496764	4626.0	93.0	79.0	2.0
1392870496777	4637.0	93.0	79.0	2.0
1392870496782	4637.0	0.0	40.0	90.0
1392870496794	4637.0	94.0	80.0	3.0
1392870496803	4637.0	94.0	80.0	4.0
1392870496813	4636.0	1.0	40.0	90.0
1392870496824	4636.0	95.0	80.0	5.0
1392870496835	4636.0	96.0	81.0	6.0
1392870496846	4640.0	96.0	81.0	7.0
1392870496855	4640.0	97.0	81.0	7.0
1392870496865	4640.0	96.0	81.0	7.0
1392870496879	4640.0	96.0	81.0	7.0
1392870496885	4631.0	96.0	81.0	7.0
1392870496895	4631.0	96.0	81.0	7.0
1392870496913	4631.0	95.0	81.0	6.0
1392870496917	4617.0	95.0	80.0	6.0
1392870496926	4617.0	94.0	80.0	6.0
1392870496935	4617.0	94.0	80.0	5.0
1392870496972	4596.0	10.0	1.0	92.0
1392870496997	4596.0	92.0	80.0	3.0
1392870496999	4584.0	91.0	80.0	3.0
1392870497003	4584.0	91.0	80.0	2.0
1392870497005	4584.0	90.0	79.0	2.0
1392870497013	4584.0	90.0	79.0	1.0
1392870497023	4563.0	90.0	79.0	1.0
1392870497033	4563.0	89.0	79.0	1.0
1392870497043	4563.0	89.0	79.0	1.0
1392870497059	4563.0	89.0	79.0	0.0
1392870497063	4548.0	89.0	79.0	0.0
1392870497075	4548.0	89.0	79.0	0.0
1392870497082	4548.0	88.0	79.0	0.0
1392870497095	4537.0	88.0	79.0	0.0
1392870497116	4537.0	88.0	78.0	1.0
1392870497119	4537.0	88.0	78.0	1.0
1392870497135	4537.0	88.0	78.0	1.0
1392870497137	4537.0	88.0	78.0	1.0
1392870497143	4537.0	88.0	78.0	1.0
1392870497157	4537.0	88.0	78.0	1.0
1392870497163	4528.0	3.0	40.0	90.0
1392870497176	4528.0	87.0	78.0	1.0
1392870497186	4528.0	87.0	78.0	1.0
1392870497201	4528.0	87.0	78.0	1.0
1392870497207	4523.0	87.0	78.0	1.0
1392870497212	4523.0	87.0	78.0	1.0
1392870497224	4523.0	87.0	78.0	1.0
1392870497233	4523.0	87.0	79.0	1.0
1392870497242	4515.0	87.0	79.0	1.0
1392870497252	4515.0	87.0	79.0	1.0
1392870497261	4515.0	87.0	79.0	1.0
1392870497272	4513.0	87.0	78.0	1.0
1392870497283	4513.0	87.0	78.0	1.0
1392870497292	4513.0	87.0	78.0	1.0
1392870497304	4513.0	87.0	79.0	1.0
1392870497312	4507.0	87.0	79.0	1.0
1392870497324	4507.0	87.0	79.0	1.0
1392870497332	4507.0	87.0	79.0	1.0
1392870497342	4515.0	87.0	79.0	1.0
1392870497354	4515.0	87.0	79.0	1.0
1392870497362	4515.0	87.0	79.0	1.0
1392870497372	4515.0	87.0	79.0	1.0
1392870497383	4511.0	87.0	79.0	1.0
1392870497392	4511.0	87.0	79.0	1.0
1392870497404	4511.0	87.0	79.0	1.0
1392870497412	4511.0	87.0	79.0	1.0
1392870497423	4502.0	86.0	79.0	1.0
1392870497437	4502.0	86.0	79.0	1.0
1392870497443	4502.0	86.0	79.0	1.0
1392870497454	4500.0	86.0	79.0	1.0
1392870497463	4500.0	86.0	79.0	1.0
1392870497472	4500.0	86.0	79.0	2.0
1392870497488	4500.0	86.0	79.0	2.0
1392870497492	4492.0	86.0	79.0	2.0
1392870497504	4492.0	86.0	79.0	2.0
1392870497512	4492.0	86.0	79.0	2.0
1392870497523	4481.0	86.0	79.0	2.0
1392870497533	4481.0	85.0	79.0	2.0
1392870497543	4481.0	85.0	78.0	2.0
1392870497554	4481.0	85.0	78.0	2.0
1392870497564	4476.0	85.0	78.0	2.0
1392870497573	4476.0	85.0	78.0	2.0
1392870497587	4476.0	85.0	78.0	2.0
1392870497593	4467.0	85.0	78.0	2.0
1392870497606	4467.0	85.0	78.0	2.0
1392870497614	4467.0	85.0	78.0	2.0
1392870497631	4467.0	85.0	78.0	2.0
1392870497638	4466.0	85.0	78.0	2.0
1392870497643	4466.0	85.0	78.0	2.0
1392870497652	4466.0	85.0	78.0	2.0
1392870497663	4466.0	85.0	78.0	2.0
1392870497672	4484.0	85.0	78.0	2.0
1392870497684	4484.0	86.0	79.0	1.0
1392870497693	4484.0	86.0	79.0	1.0
1392870497703	4486.0	86.0	79.0	1.0
1392870497713	4486.0	86.0	79.0	1.0
1392870497723	4486.0	86.0	79.0	1.0
1392870497734	4486.0	86.0	79.0	1.0
1392870497743	4486.0	86.0	79.0	1.0
1392870497753	4486.0	86.0	79.0	1.0
1392870497763	4486.0	86.0	79.0	1.0
1392870497773	4490.0	86.0	79.0	1.0
1392870497785	4490.0	86.0	79.0	1.0
1392870497793	4490.0	86.0	79.0	1.0
1392870497803	4490.0	85.0	79.0	2.0
1392870497813	4485.0	85.0	79.0	2.0
1392870497824	4485.0	85.0	78.0	2.0
1392870497834	4485.0	85.0	78.0	2.0
1392870497843	4485.0	85.0	78.0	2.0
1392870497854	4485.0	85.0	78.0	2.0
1392870497867	4485.0	85.0	78.0	2.0
1392870497873	4485.0	85.0	78.0	2.0
1392870497884	4477.0	85.0	78.0	2.0
1392870497892	4477.0	85.0	78.0	2.0
1392870497903	4477.0	85.0	78.0	2.0
1392870497916	4477.0	85.0	78.0	2.0
1392870497922	4479.0	85.0	78.0	2.0
1392870497933	4479.0	85.0	78.0	2.0
1392870497943	4479.0	86.0	78.0	1.0
1392870497953	4477.0	86.0	78.0	1.0
1392870497965	4477.0	86.0	78.0	1.0
1392870497973	4477.0	6.0	39.0	90.0
1392870497984	4477.0	85.0	78.0	1.0
1392870497993	4467.0	6.0	39.0	90.0
1392870498004	4467.0	86.0	78.0	1.0
1392870498016	4467.0	86.0	78.0	1.0
1392870498034	4475.0	6.0	39.0	90.0
1392870498041	4475.0	86.0	78.0	1.0
1392870498044	4475.0	6.0	39.0	90.0
1392870498053	4475.0	85.0	78.0	1.0
1392870498071	4483.0	86.0	78.0	1.0
1392870498074	4483.0	85.0	78.0	1.0
1392870498085	4483.0	85.0	78.0	1.0
1392870498101	4483.0	85.0	78.0	1.0
1392870498108	4488.0	85.0	78.0	1.0
1392870498120	4488.0	85.0	78.0	1.0
1392870498123	4488.0	85.0	78.0	1.0
1392870498133	4491.0	85.0	78.0	0.0
1392870498144	4491.0	85.0	78.0	0.0
1392870498153	4491.0	85.0	78.0	0.0
1392870498165	4491.0	85.0	78.0	0.0
1392870498173	4500.0	85.0	79.0	0.0
1392870498184	4500.0	85.0	79.0	0.0
1392870498194	4500.0	85.0	79.0	1.0
1392870498203	4496.0	84.0	79.0	1.0
1392870498216	4496.0	84.0	79.0	1.0
1392870498223	4496.0	84.0	79.0	1.0
1392870498248	4504.0	84.0	79.0	2.0
1392870498253	4504.0	83.0	79.0	2.0
1392870498272	4504.0	83.0	79.0	2.0
1392870498274	4504.0	83.0	79.0	2.0
1392870498283	4512.0	83.0	79.0	3.0
1392870498293	4512.0	82.0	79.0	3.0
1392870498304	4512.0	82.0	79.0	3.0
1392870498317	4524.0	82.0	79.0	3.0
1392870498323	4524.0	82.0	79.0	3.0
1392870498334	4524.0	81.0	79.0	3.0
1392870498347	4524.0	81.0	79.0	3.0
1392870498353	4524.0	81.0	78.0	4.0
1392870498364	4524.0	81.0	78.0	4.0
1392870498373	4524.0	81.0	78.0	4.0
1392870498384	4535.0	81.0	78.0	4.0
1392870498399	4535.0	81.0	78.0	4.0
1392870498404	4535.0	80.0	78.0	4.0
1392870498416	4535.0	80.0	78.0	4.0
1392870498424	4560.0	80.0	78.0	4.0
1392870498433	4560.0	80.0	78.0	4.0
1392870498448	4560.0	80.0	79.0	4.0
1392870498453	4571.0	80.0	79.0	4.0
1392870498476	4571.0	80.0	79.0	5.0
1392870498483	4571.0	80.0	79.0	5.0
1392870498485	4571.0	80.0	79.0	4.0
1392870498495	4582.0	80.0	79.0	5.0
1392870498503	4582.0	80.0	79.0	5.0
1392870498513	4582.0	80.0	79.0	5.0
1392870498523	4582.0	80.0	79.0	5.0
1392870498533	4596.0	80.0	79.0	5.0
1392870498547	4596.0	80.0	79.0	5.0
1392870498553	4596.0	80.0	79.0	5.0
1392870498564	4598.0	80.0	79.0	5.0
1392870498575	4598.0	80.0	79.0	5.0
1392870498584	4598.0	80.0	80.0	5.0
1392870498595	4598.0	80.0	80.0	5.0
1392870498604	4607.0	80.0	80.0	5.0
1392870498614	4607.0	80.0	80.0	5.0
1392870498624	4607.0	79.0	80.0	5.0
1392870498634	4619.0	79.0	80.0	5.0
1392870498646	4619.0	79.0	80.0	5.0
1392870498655	4619.0	79.0	80.0	5.0
1392870498666	4619.0	79.0	80.0	6.0
1392870498682	4623.0	79.0	80.0	6.0
1392870498685	4623.0	79.0	80.0	6.0
1392870498696	4623.0	79.0	80.0	6.0
1392870498707	4623.0	79.0	80.0	6.0
1392870498719	4635.0	79.0	80.0	6.0
1392870498727	4635.0	79.0	80.0	6.0
1392870498736	4635.0	79.0	80.0	5.0
1392870498749	4639.0	79.0	80.0	5.0
1392870498756	4639.0	79.0	80.0	5.0
1392870498769	4639.0	79.0	80.0	5.0
1392870498777	4639.0	80.0	80.0	5.0
1392870498783	4646.0	80.0	80.0	5.0
1392870498794	4646.0	80.0	80.0	5.0
1392870498803	4646.0	80.0	80.0	5.0
1392870498813	4650.0	80.0	81.0	5.0
1392870498826	4650.0	80.0	81.0	5.0
1392870498862	4650.0	80.0	81.0	5.0
1392870498918	4650.0	80.0	81.0	5.0
1392870498920	4646.0	80.0	80.0	5.0
1392870498945	4646.0	80.0	80.0	5.0
