1392870557064	5253.0	64.0	81.0	24.0
1392870557074	5253.0	63.0	81.0	25.0
1392870557084	5253.0	64.0	81.0	25.0
1392870557094	5246.0	63.0	81.0	25.0
1392870557105	5246.0	63.0	81.0	25.0
1392870557114	5246.0	63.0	81.0	25.0
1392870557127	5246.0	63.0	81.0	25.0
1392870557134	5249.0	63.0	81.0	25.0
1392870557144	5249.0	62.0	81.0	26.0
1392870557154	5249.0	62.0	81.0	26.0
1392870557165	5252.0	62.0	81.0	26.0
1392870557174	5252.0	62.0	81.0	26.0
1392870557185	5252.0	62.0	81.0	26.0
1392870557196	5252.0	62.0	81.0	26.0
1392870557206	5250.0	62.0	81.0	26.0
1392870557215	5250.0	62.0	81.0	26.0
1392870557229	5250.0	62.0	81.0	26.0
1392870557237	5253.0	62.0	81.0	26.0
1392870557245	5253.0	63.0	81.0	25.0
1392870557255	5253.0	63.0	81.0	25.0
1392870557265	5253.0	64.0	81.0	24.0
1392870557275	5259.0	63.0	81.0	25.0
1392870557286	5259.0	63.0	81.0	25.0
1392870557295	5259.0	63.0	81.0	25.0
1392870557305	5259.0	63.0	81.0	26.0
1392870557315	5254.0	62.0	81.0	26.0
1392870557325	5254.0	62.0	81.0	26.0
1392870557337	5254.0	62.0	81.0	26.0
1392870557346	5264.0	61.0	81.0	26.0
1392870557355	5264.0	61.0	81.0	26.0
1392870557365	5264.0	62.0	81.0	26.0
1392870557375	5264.0	62.0	81.0	26.0
1392870557387	5258.0	62.0	81.0	26.0
1392870557396	5258.0	63.0	81.0	25.0
1392870557408	5258.0	63.0	81.0	25.0
1392870557431	5264.0	63.0	81.0	25.0
1392870557440	5264.0	63.0	81.0	25.0
1392870557446	5264.0	63.0	81.0	25.0
1392870557455	5258.0	63.0	81.0	25.0
1392870557466	5258.0	63.0	81.0	25.0
1392870557520	5258.0	63.0	81.0	25.0
1392870557522	5258.0	63.0	81.0	25.0
1392870557524	5262.0	63.0	81.0	24.0
1392870557526	5262.0	63.0	81.0	24.0
1392870557527	5262.0	63.0	81.0	24.0
1392870557529	5251.0	63.0	81.0	24.0
1392870557560	5251.0	63.0	81.0	24.0
1392870557562	5251.0	63.0	81.0	24.0
1392870557563	5251.0	63.0	81.0	24.0
1392870557565	5243.0	63.0	81.0	24.0
1392870557576	5243.0	64.0	81.0	24.0
1392870557585	5243.0	64.0	81.0	24.0
1392870557596	5239.0	64.0	81.0	23.0
1392870557606	5239.0	64.0	81.0	23.0
1392870557616	5239.0	65.0	81.0	23.0
1392870557626	5239.0	65.0	81.0	22.0
1392870557635	5228.0	65.0	81.0	22.0
1392870557647	5228.0	65.0	81.0	22.0
1392870557657	5228.0	65.0	81.0	22.0
1392870557669	5218.0	66.0	81.0	22.0
1392870557676	5218.0	66.0	81.0	22.0
1392870557687	5218.0	66.0	81.0	22.0
1392870557699	5218.0	66.0	81.0	21.0
1392870557707	5221.0	66.0	81.0	22.0
1392870557721	5221.0	66.0	81.0	22.0
1392870557726	5221.0	66.0	81.0	22.0
1392870557740	5221.0	66.0	81.0	22.0
1392870557746	5211.0	66.0	81.0	22.0
1392870557756	5211.0	66.0	81.0	22.0
1392870557767	5211.0	66.0	81.0	22.0
1392870557776	5213.0	3.0	40.0	90.0
1392870557793	5213.0	66.0	81.0	22.0
1392870557796	5213.0	3.0	40.0	90.0
1392870557806	5213.0	65.0	81.0	23.0
1392870557818	5224.0	65.0	81.0	23.0
1392870557827	5224.0	65.0	81.0	23.0
1392870557836	5224.0	64.0	81.0	24.0
1392870557846	5237.0	3.0	40.0	90.0
1392870557860	5237.0	64.0	81.0	24.0
1392870557866	5237.0	63.0	81.0	25.0
1392870557875	5237.0	3.0	40.0	90.0
1392870557886	5244.0	3.0	40.0	90.0
1392870557895	5244.0	3.0	40.0	90.0
1392870557905	5244.0	3.0	40.0	90.0
1392870557916	5244.0	62.0	82.0	26.0
1392870557925	5253.0	3.0	40.0	90.0
1392870557936	5253.0	3.0	40.0	90.0
1392870557955	5253.0	60.0	82.0	27.0
1392870557957	5271.0	60.0	82.0	28.0
1392870557973	5271.0	60.0	82.0	28.0
1392870557977	5271.0	59.0	82.0	29.0
1392870557989	5271.0	59.0	83.0	29.0
1392870557996	5283.0	58.0	83.0	29.0
1392870558007	5283.0	58.0	83.0	29.0
1392870558017	5283.0	58.0	83.0	29.0
1392870558026	5277.0	57.0	83.0	30.0
1392870558037	5277.0	57.0	83.0	30.0
1392870558046	5277.0	57.0	83.0	30.0
1392870558056	5277.0	57.0	83.0	30.0
1392870558074	5281.0	56.0	83.0	30.0
1392870558076	5281.0	56.0	83.0	30.0
1392870558091	5281.0	56.0	83.0	30.0
1392870558101	5280.0	56.0	83.0	30.0
1392870558110	5280.0	56.0	83.0	30.0
1392870558122	5280.0	56.0	83.0	30.0
1392870558144	5280.0	57.0	83.0	30.0
1392870558150	5280.0	57.0	83.0	29.0
1392870558156	5280.0	57.0	83.0	29.0
1392870558167	5280.0	57.0	83.0	29.0
1392870558176	5281.0	58.0	83.0	29.0
1392870558186	5281.0	58.0	83.0	28.0
1392870558200	5281.0	58.0	83.0	28.0
1392870558206	5278.0	58.0	83.0	28.0
1392870558216	5278.0	58.0	84.0	28.0
1392870558226	5278.0	59.0	84.0	28.0
1392870558236	5278.0	59.0	84.0	27.0
1392870558248	5268.0	59.0	84.0	27.0
1392870558257	5268.0	59.0	84.0	27.0
1392870558268	5268.0	59.0	84.0	27.0
1392870558279	5261.0	59.0	84.0	27.0
1392870558287	5261.0	59.0	84.0	27.0
1392870558297	5261.0	59.0	84.0	26.0
1392870558307	5261.0	60.0	84.0	26.0
1392870558316	5265.0	60.0	84.0	26.0
1392870558325	5265.0	60.0	84.0	26.0
1392870558335	5265.0	60.0	84.0	25.0
1392870558348	5265.0	61.0	84.0	25.0
1392870558356	5262.0	61.0	84.0	25.0
1392870558367	5262.0	61.0	84.0	24.0
1392870558376	5262.0	62.0	84.0	24.0
1392870558387	5254.0	63.0	84.0	23.0
1392870558400	5254.0	63.0	84.0	23.0
1392870558406	5254.0	64.0	84.0	22.0
1392870558417	5254.0	64.0	84.0	22.0
1392870558436	5252.0	64.0	84.0	21.0
1392870558440	5252.0	64.0	84.0	21.0
1392870558450	5252.0	64.0	84.0	21.0
1392870558456	5252.0	65.0	84.0	21.0
1392870558469	5252.0	65.0	84.0	20.0
1392870558483	5252.0	65.0	84.0	20.0
1392870558487	5252.0	65.0	84.0	20.0
1392870558498	5251.0	65.0	84.0	20.0
1392870558506	5251.0	65.0	84.0	20.0
1392870558519	5251.0	66.0	84.0	19.0
1392870558526	5268.0	66.0	84.0	19.0
1392870558536	5268.0	67.0	84.0	19.0
1392870558547	5268.0	67.0	84.0	19.0
1392870558556	5268.0	67.0	84.0	19.0
1392870558566	5275.0	68.0	84.0	19.0
1392870558580	5275.0	68.0	84.0	18.0
1392870558586	5275.0	69.0	85.0	18.0
1392870558597	5275.0	69.0	85.0	17.0
1392870558606	5283.0	69.0	85.0	17.0
1392870558616	5283.0	70.0	85.0	17.0
1392870558629	5283.0	70.0	84.0	17.0
1392870558636	5294.0	70.0	84.0	17.0
1392870558647	5294.0	71.0	84.0	16.0
1392870558656	5294.0	71.0	84.0	16.0
1392870558667	5294.0	71.0	84.0	17.0
1392870558679	5313.0	71.0	84.0	17.0
1392870558693	5313.0	71.0	84.0	17.0
1392870558702	5313.0	70.0	84.0	17.0
1392870558706	5325.0	70.0	84.0	17.0
1392870558718	5325.0	70.0	84.0	17.0
1392870558733	5325.0	70.0	84.0	17.0
1392870558736	5325.0	70.0	84.0	17.0
1392870558755	5343.0	70.0	84.0	17.0
1392870558758	5343.0	71.0	84.0	17.0
1392870558766	5343.0	71.0	84.0	17.0
1392870558780	5343.0	71.0	84.0	18.0
1392870558787	5380.0	70.0	84.0	18.0
1392870558803	5380.0	70.0	84.0	18.0
1392870558810	5380.0	70.0	84.0	18.0
1392870558816	5398.0	70.0	84.0	19.0
1392870558836	5398.0	69.0	84.0	19.0
1392870558838	5398.0	69.0	84.0	19.0
1392870558846	5398.0	69.0	84.0	19.0
1392870558856	5432.0	69.0	85.0	19.0
1392870558866	5432.0	69.0	85.0	20.0
1392870558884	5432.0	68.0	85.0	20.0
1392870558886	5471.0	68.0	85.0	20.0
1392870558899	5471.0	68.0	85.0	21.0
1392870558913	5471.0	67.0	85.0	21.0
1392870558916	5471.0	67.0	85.0	21.0
1392870558930	5524.0	67.0	85.0	21.0
1392870558936	5524.0	67.0	85.0	21.0
1392870558946	5524.0	66.0	85.0	22.0
1392870558960	5557.0	66.0	85.0	23.0
1392870558966	5557.0	65.0	85.0	24.0
1392870558977	5557.0	64.0	85.0	24.0
1392870558986	5557.0	64.0	85.0	24.0
1392870559001	5612.0	64.0	85.0	24.0
1392870559010	5612.0	65.0	85.0	24.0
1392870559016	5612.0	65.0	85.0	23.0
1392870559027	5612.0	66.0	85.0	23.0
1392870559036	5669.0	66.0	85.0	23.0
1392870559046	5669.0	66.0	85.0	23.0
1392870559059	5669.0	66.0	85.0	23.0
1392870559066	5726.0	66.0	85.0	23.0
1392870559076	5726.0	68.0	85.0	22.0
1392870559087	5726.0	68.0	85.0	21.0
1392870559096	5726.0	69.0	85.0	20.0
1392870559109	5784.0	70.0	85.0	19.0
1392870559116	5784.0	71.0	85.0	19.0
1392870559127	5784.0	71.0	85.0	18.0
1392870559136	5859.0	72.0	85.0	18.0
1392870559151	5859.0	72.0	85.0	18.0
1392870559159	5859.0	73.0	85.0	18.0
1392870559167	5859.0	74.0	85.0	17.0
1392870559178	5927.0	74.0	85.0	16.0
1392870559189	5927.0	75.0	85.0	15.0
1392870559200	5927.0	77.0	85.0	14.0
1392870559216	5986.0	155.0	41.0	108.0
1392870559218	5986.0	78.0	85.0	13.0
1392870559227	5986.0	78.0	85.0	13.0
1392870559238	5986.0	78.0	85.0	12.0
1392870559246	6050.0	79.0	85.0	12.0
1392870559257	6050.0	79.0	85.0	12.0
1392870559267	6050.0	80.0	85.0	11.0
1392870559277	6050.0	81.0	85.0	10.0
1392870559287	6110.0	82.0	85.0	10.0
1392870559301	6110.0	82.0	85.0	9.0
1392870559307	6110.0	83.0	85.0	9.0
1392870559317	6174.0	83.0	85.0	8.0
1392870559337	6174.0	84.0	86.0	8.0
1392870559349	6174.0	84.0	86.0	7.0
1392870559357	6241.0	84.0	86.0	7.0
1392870559366	6241.0	84.0	86.0	7.0
1392870559377	6241.0	85.0	86.0	7.0
1392870559392	6312.0	85.0	87.0	6.0
1392870559397	6312.0	85.0	87.0	6.0
1392870559408	6312.0	86.0	87.0	5.0
1392870559425	6312.0	86.0	87.0	5.0
1392870559427	6374.0	86.0	87.0	4.0
1392870559440	6374.0	86.0	87.0	5.0
1392870559448	6374.0	85.0	88.0	5.0
1392870559459	6374.0	85.0	88.0	5.0
1392870559469	0.0	86.0	88.0	4.0
1392870559477	0.0	87.0	88.0	4.0
1392870559491	0.0	88.0	88.0	3.0
1392870559498	6500.0	89.0	88.0	1.0
1392870559509	6500.0	90.0	88.0	0.0
1392870559517	6500.0	92.0	88.0	2.0
1392870559527	6500.0	94.0	88.0	5.0
1392870559541	6553.0	97.0	88.0	8.0
1392870559547	6553.0	100.0	88.0	11.0
1392870559558	6553.0	103.0	88.0	14.0
1392870559568	0.0	105.0	88.0	16.0
1392870559577	0.0	106.0	87.0	17.0
1392870559590	0.0	107.0	87.0	18.0
1392870559597	6652.0	2.0	37.0	90.0
1392870559608	6652.0	109.0	87.0	21.0
1392870559618	6652.0	3.0	37.0	90.0
1392870559630	6652.0	112.0	87.0	23.0
1392870559640	6713.0	113.0	87.0	25.0
1392870559649	6713.0	115.0	87.0	27.0
1392870559662	6713.0	117.0	87.0	29.0
1392870559671	0.0	119.0	87.0	31.0
1392870559682	0.0	120.0	87.0	32.0
1392870559690	0.0	122.0	87.0	34.0
1392870559697	6820.0	124.0	87.0	36.0
1392870559709	6820.0	125.0	87.0	37.0
1392870559725	6820.0	127.0	87.0	39.0
1392870559729	6820.0	129.0	87.0	41.0
1392870559744	6877.0	131.0	87.0	43.0
1392870559749	6877.0	132.0	87.0	44.0
1392870559761	6877.0	134.0	87.0	46.0
1392870559772	0.0	134.0	86.0	47.0
1392870559779	0.0	135.0	86.0	48.0
1392870559796	0.0	135.0	86.0	48.0
1392870559799	7560.0	135.0	86.0	48.0
1392870559810	7560.0	135.0	86.0	48.0
1392870559825	7560.0	136.0	86.0	48.0
1392870559828	7560.0	136.0	86.0	49.0
1392870559838	7927.0	137.0	87.0	50.0
1392870559848	7927.0	138.0	87.0	51.0
1392870559859	7927.0	139.0	87.0	52.0
1392870559870	0.0	140.0	87.0	53.0
1392870559878	0.0	141.0	87.0	54.0
1392870559891	0.0	142.0	87.0	55.0
1392870559899	8491.0	144.0	87.0	56.0
1392870559914	8491.0	146.0	87.0	58.0
1392870559918	8491.0	148.0	87.0	61.0
1392870559929	8491.0	150.0	87.0	63.0
1392870559941	8681.0	152.0	87.0	65.0
1392870559952	8681.0	154.0	87.0	67.0
1392870559960	8681.0	156.0	87.0	68.0
1392870559970	0.0	157.0	87.0	70.0
1392870559978	0.0	159.0	87.0	72.0
1392870559990	0.0	161.0	87.0	73.0
1392870560005	9049.0	162.0	87.0	75.0
1392870560019	9049.0	164.0	87.0	77.0
1392870560021	9049.0	166.0	87.0	78.0
1392870560027	9049.0	167.0	87.0	80.0
1392870560038	9142.0	168.0	87.0	81.0
1392870560054	9142.0	169.0	87.0	81.0
1392870560057	9142.0	170.0	87.0	82.0
1392870560069	9304.0	171.0	87.0	83.0
1392870560078	9304.0	172.0	87.0	85.0
1392870560088	9304.0	174.0	87.0	86.0
1392870560098	9304.0	175.0	87.0	88.0
1392870560108	9332.0	176.0	87.0	89.0
1392870560119	9332.0	177.0	87.0	90.0
1392870560128	9332.0	177.0	87.0	90.0
1392870560138	9316.0	177.0	87.0	90.0
1392870560158	9324.0	6.0	29.0	90.0
1392870560159	9324.0	178.0	87.0	90.0
1392870560169	9324.0	178.0	87.0	91.0
1392870560178	9242.0	179.0	87.0	92.0
1392870560188	9242.0	180.0	87.0	93.0
1392870560202	9242.0	179.0	87.0	93.0
1392870560208	9242.0	179.0	87.0	94.0
1392870560219	9240.0	178.0	87.0	94.0
1392870560228	9240.0	178.0	87.0	95.0
1392870560239	9240.0	177.0	87.0	96.0
1392870560260	9106.0	176.0	87.0	97.0
1392870560263	9106.0	174.0	87.0	98.0
1392870560270	9106.0	173.0	87.0	100.0
1392870560278	9106.0	172.0	87.0	101.0
1392870560289	9151.0	171.0	87.0	101.0
1392870560301	9151.0	171.0	87.0	101.0
1392870560308	9151.0	172.0	87.0	101.0
1392870560318	8937.0	173.0	87.0	100.0
1392870560328	8937.0	174.0	87.0	98.0
1392870560339	8937.0	176.0	87.0	97.0
1392870560351	8937.0	177.0	87.0	96.0
1392870560361	8672.0	177.0	87.0	95.0
1392870560370	8672.0	178.0	87.0	95.0
1392870560378	8672.0	178.0	87.0	95.0
1392870560388	8672.0	177.0	87.0	95.0
1392870560401	8372.0	177.0	87.0	96.0
1392870560409	8372.0	176.0	87.0	97.0
1392870560421	8372.0	176.0	87.0	97.0
1392870560431	7997.0	176.0	87.0	97.0
1392870560439	7997.0	176.0	87.0	97.0
1392870560448	7997.0	177.0	87.0	96.0
1392870560458	7997.0	178.0	87.0	95.0
1392870560469	7586.0	179.0	87.0	94.0
1392870560479	7586.0	180.0	87.0	93.0
1392870560488	7586.0	179.0	87.0	92.0
1392870560501	6974.0	178.0	87.0	91.0
1392870560508	6974.0	177.0	87.0	91.0
1392870560519	6974.0	177.0	87.0	90.0
1392870560533	6974.0	176.0	87.0	89.0
1392870560538	6767.0	175.0	87.0	89.0
1392870560549	6767.0	175.0	87.0	88.0
1392870560558	6767.0	175.0	87.0	88.0
1392870560570	6645.0	175.0	87.0	88.0
1392870560579	6645.0	175.0	88.0	88.0
1392870560590	6645.0	175.0	88.0	89.0
1392870560601	6645.0	176.0	88.0	90.0
1392870560612	6503.0	177.0	88.0	91.0
1392870560621	6503.0	179.0	88.0	92.0
1392870560630	6503.0	180.0	88.0	93.0
1392870560650	6503.0	180.0	88.0	93.0
1392870560652	6365.0	179.0	88.0	93.0
1392870560658	6365.0	178.0	88.0	91.0
1392870560672	6365.0	176.0	88.0	89.0
1392870560684	6211.0	174.0	88.0	87.0
1392870560688	6211.0	172.0	88.0	85.0
1392870560700	6211.0	171.0	88.0	84.0
1392870560709	6211.0	170.0	88.0	83.0
1392870560718	6052.0	169.0	88.0	83.0
1392870560732	6052.0	169.0	88.0	82.0
1392870560739	6052.0	168.0	88.0	81.0
1392870560748	5866.0	167.0	88.0	80.0
1392870560758	5866.0	166.0	88.0	79.0
1392870560769	5866.0	164.0	88.0	77.0
1392870560790	5866.0	163.0	88.0	76.0
1392870560792	5678.0	162.0	88.0	75.0
1392870560798	5678.0	161.0	88.0	74.0
1392870560808	5678.0	161.0	88.0	74.0
1392870560819	5678.0	162.0	88.0	75.0
1392870560833	5481.0	162.0	88.0	75.0
1392870560840	5481.0	161.0	88.0	74.0
1392870560848	5481.0	160.0	88.0	73.0
1392870560858	5278.0	6.0	40.0	90.0
1392870560868	5278.0	157.0	88.0	70.0
1392870560895	5278.0	156.0	88.0	69.0
1392870560899	5278.0	154.0	88.0	67.0
1392870560902	5083.0	154.0	88.0	67.0
1392870560911	5083.0	153.0	88.0	65.0
1392870560920	5083.0	152.0	88.0	64.0
1392870560933	4895.0	151.0	88.0	64.0
1392870560943	4895.0	150.0	88.0	63.0
1392870560949	4895.0	149.0	88.0	62.0
1392870560959	4895.0	148.0	88.0	61.0
1392870560969	4696.0	147.0	88.0	60.0
1392870560990	4696.0	1.0	5.0	93.0
1392870560996	4696.0	147.0	88.0	59.0
1392870561000	4527.0	146.0	88.0	59.0
1392870561013	4527.0	146.0	88.0	59.0
1392870561019	4527.0	147.0	88.0	59.0
1392870561029	4527.0	147.0	89.0	60.0
1392870561040	4363.0	148.0	89.0	61.0
1392870561050	4363.0	149.0	89.0	62.0
1392870561064	4363.0	149.0	89.0	62.0
1392870561070	4363.0	150.0	89.0	63.0
1392870561083	4185.0	151.0	89.0	64.0
1392870561100	4185.0	152.0	89.0	65.0
1392870561102	4185.0	154.0	89.0	66.0
1392870561115	4030.0	155.0	89.0	67.0
1392870561120	4030.0	154.0	88.0	67.0
1392870561132	4030.0	154.0	88.0	67.0
1392870561152	4030.0	154.0	88.0	66.0
1392870561159	3900.0	154.0	88.0	67.0
1392870561166	3900.0	154.0	88.0	67.0
1392870561169	3900.0	154.0	88.0	66.0
1392870561182	3768.0	152.0	88.0	65.0
1392870561191	3768.0	151.0	88.0	63.0
1392870561204	3768.0	149.0	88.0	61.0
1392870561209	3768.0	147.0	88.0	60.0
1392870561218	3625.0	145.0	88.0	58.0
1392870561228	3625.0	143.0	88.0	56.0
1392870561240	3625.0	142.0	87.0	54.0
1392870561250	3625.0	140.0	87.0	52.0
1392870561262	3509.0	138.0	87.0	50.0
1392870561269	3509.0	136.0	87.0	49.0
1392870561284	3509.0	135.0	87.0	48.0
1392870561290	3394.0	134.0	87.0	47.0
1392870561301	3394.0	132.0	87.0	45.0
1392870561309	3394.0	131.0	87.0	44.0
1392870561318	3394.0	130.0	87.0	43.0
1392870561328	3271.0	130.0	87.0	43.0
1392870561340	3271.0	130.0	86.0	43.0
1392870561349	3271.0	130.0	86.0	43.0
1392870561360	3159.0	130.0	86.0	43.0
1392870561369	3159.0	129.0	86.0	42.0
1392870561379	3159.0	129.0	86.0	42.0
1392870561390	3159.0	129.0	86.0	42.0
1392870561403	3048.0	129.0	86.0	41.0
1392870561412	3048.0	128.0	86.0	41.0
1392870561419	3048.0	127.0	86.0	40.0
1392870561430	2938.0	126.0	86.0	40.0
1392870561449	2938.0	125.0	85.0	39.0
1392870561459	2938.0	125.0	85.0	38.0
1392870561468	2826.0	124.0	85.0	37.0
1392870561479	2826.0	124.0	85.0	37.0
1392870561495	2826.0	123.0	85.0	36.0
1392870561499	2826.0	122.0	85.0	35.0
1392870561513	2721.0	122.0	85.0	35.0
1392870561519	2721.0	120.0	85.0	34.0
1392870561529	2721.0	120.0	85.0	34.0
1392870561543	2615.0	119.0	84.0	33.0
1392870561550	2615.0	119.0	84.0	32.0
1392870561560	2615.0	119.0	84.0	32.0
1392870561569	2615.0	118.0	84.0	32.0
1392870561579	2511.0	118.0	84.0	32.0
1392870561592	2511.0	118.0	84.0	31.0
1392870561599	2511.0	117.0	84.0	31.0
1392870561617	2405.0	117.0	84.0	30.0
1392870561622	2405.0	117.0	84.0	30.0
1392870561629	2405.0	116.0	84.0	30.0
1392870561646	2405.0	116.0	84.0	29.0
1392870561649	2299.0	115.0	84.0	29.0
1392870561659	2299.0	114.0	84.0	28.0
1392870561677	2299.0	114.0	84.0	28.0
1392870561682	2299.0	113.0	84.0	27.0
1392870561690	2198.0	112.0	84.0	26.0
1392870561699	2198.0	111.0	84.0	26.0
1392870561709	2198.0	111.0	84.0	25.0
1392870561719	2105.0	110.0	83.0	25.0
1392870561729	2105.0	109.0	83.0	24.0
1392870561741	2105.0	108.0	83.0	24.0
1392870561749	2105.0	108.0	83.0	23.0
1392870561759	2011.0	107.0	83.0	22.0
1392870561770	2011.0	106.0	83.0	22.0
1392870561782	2011.0	106.0	83.0	21.0
1392870561791	1925.0	105.0	82.0	21.0
1392870561799	1925.0	105.0	82.0	21.0
1392870561809	1925.0	105.0	82.0	20.0
1392870561823	1925.0	104.0	83.0	20.0
1392870561829	1849.0	104.0	83.0	20.0
1392870561853	1849.0	104.0	83.0	20.0
1392870561860	1849.0	105.0	83.0	21.0
1392870561862	1777.0	105.0	83.0	21.0
1392870561873	1777.0	105.0	83.0	22.0
1392870561879	1777.0	106.0	83.0	23.0
1392870561891	1777.0	106.0	84.0	23.0
1392870561902	1706.0	107.0	84.0	24.0
1392870561915	1706.0	108.0	84.0	25.0
1392870561930	1706.0	109.0	84.0	26.0
1392870561931	1706.0	109.0	84.0	26.0
1392870561941	1642.0	109.0	84.0	26.0
1392870561949	1642.0	110.0	84.0	26.0
1392870561959	1642.0	109.0	84.0	27.0
1392870561970	1578.0	109.0	83.0	27.0
1392870561979	1578.0	109.0	83.0	27.0
1392870561991	1578.0	109.0	83.0	27.0
1392870561999	1578.0	109.0	83.0	27.0
1392870562010	1517.0	109.0	83.0	27.0
1392870562022	1517.0	109.0	83.0	26.0
1392870562032	1517.0	109.0	83.0	26.0
1392870562040	1463.0	109.0	83.0	26.0
1392870562051	1463.0	108.0	83.0	26.0
1392870562060	1463.0	108.0	83.0	26.0
1392870562071	1463.0	108.0	83.0	25.0
1392870562080	1409.0	108.0	83.0	25.0
1392870562091	1409.0	107.0	83.0	25.0
1392870562100	1409.0	107.0	83.0	25.0
1392870562111	1354.0	107.0	83.0	24.0
1392870562122	1354.0	106.0	83.0	24.0
1392870562137	1354.0	106.0	83.0	23.0
1392870562145	1354.0	106.0	83.0	23.0
1392870562151	1306.0	105.0	83.0	23.0
1392870562160	1306.0	105.0	83.0	23.0
1392870562172	1306.0	105.0	83.0	23.0
1392870562180	1306.0	105.0	83.0	23.0
1392870562190	1258.0	105.0	83.0	23.0
1392870562205	1258.0	105.0	83.0	22.0
1392870562211	1258.0	105.0	83.0	22.0
1392870562222	1212.0	104.0	83.0	22.0
1392870562230	1212.0	104.0	83.0	21.0
1392870562251	1212.0	103.0	83.0	21.0
1392870562253	1212.0	103.0	83.0	20.0
1392870562261	1164.0	102.0	83.0	19.0
1392870562272	1164.0	101.0	83.0	18.0
1392870562281	1164.0	100.0	82.0	18.0
1392870562291	1123.0	100.0	82.0	17.0
1392870562304	1123.0	99.0	82.0	17.0
1392870562311	1123.0	99.0	82.0	17.0
1392870562320	1123.0	99.0	82.0	17.0
1392870562331	1084.0	99.0	83.0	17.0
1392870562343	1084.0	98.0	83.0	17.0
1392870562358	1084.0	98.0	83.0	16.0
1392870562361	1084.0	98.0	83.0	16.0
1392870562372	1043.0	97.0	83.0	16.0
1392870562380	1043.0	97.0	84.0	15.0
1392870562390	1043.0	96.0	84.0	14.0
1392870562409	1003.0	95.0	84.0	13.0
1392870562413	1003.0	94.0	84.0	13.0
1392870562421	1003.0	94.0	84.0	12.0
1392870562433	1003.0	93.0	84.0	11.0
1392870562454	966.0	91.0	84.0	10.0
1392870562459	966.0	90.0	84.0	9.0
1392870562462	966.0	90.0	84.0	8.0
1392870562477	930.0	89.0	84.0	7.0
1392870562483	930.0	88.0	84.0	7.0
1392870562492	930.0	88.0	84.0	6.0
1392870562503	930.0	87.0	84.0	5.0
1392870562512	897.0	87.0	84.0	5.0
1392870562520	897.0	86.0	84.0	4.0
1392870562532	897.0	85.0	84.0	3.0
1392870562568	868.0	84.0	85.0	2.0
1392870562571	868.0	84.0	85.0	2.0
1392870562580	837.0	84.0	85.0	2.0
1392870562590	837.0	85.0	86.0	3.0
1392870562602	837.0	85.0	86.0	3.0
1392870562610	837.0	86.0	86.0	4.0
1392870562620	811.0	87.0	86.0	5.0
1392870562636	811.0	89.0	86.0	7.0
1392870562641	811.0	91.0	86.0	8.0
1392870562658	785.0	93.0	86.0	10.0
1392870562661	785.0	95.0	85.0	12.0
1392870562670	785.0	96.0	85.0	13.0
1392870562680	785.0	97.0	85.0	14.0
1392870562691	760.0	98.0	85.0	15.0
1392870562701	760.0	99.0	85.0	15.0
1392870562710	760.0	99.0	85.0	16.0
1392870562720	737.0	100.0	85.0	16.0
1392870562730	737.0	100.0	85.0	17.0
1392870562741	737.0	100.0	85.0	17.0
1392870562751	737.0	101.0	85.0	17.0
1392870562760	716.0	101.0	85.0	18.0
1392870562772	716.0	102.0	85.0	19.0
1392870562792	716.0	103.0	85.0	20.0
1392870562794	716.0	104.0	85.0	21.0
1392870562802	698.0	105.0	85.0	21.0
1392870562810	698.0	105.0	85.0	22.0
1392870562820	698.0	105.0	85.0	22.0
1392870562834	679.0	105.0	84.0	22.0
1392870562840	679.0	105.0	84.0	21.0
1392870562851	679.0	105.0	84.0	21.0
1392870562860	679.0	104.0	84.0	20.0
1392870562873	661.0	104.0	84.0	20.0
1392870562880	661.0	103.0	83.0	19.0
1392870562890	661.0	103.0	83.0	19.0
1392870562901	646.0	102.0	83.0	18.0
1392870562911	646.0	102.0	83.0	17.0
1392870562921	646.0	101.0	83.0	17.0
1392870562934	646.0	101.0	83.0	17.0
1392870562941	630.0	101.0	83.0	17.0
1392870562952	630.0	101.0	83.0	16.0
1392870562961	630.0	101.0	83.0	16.0
1392870562975	630.0	100.0	82.0	16.0
1392870562985	615.0	100.0	82.0	16.0
1392870562991	615.0	100.0	82.0	16.0
1392870563000	615.0	100.0	82.0	15.0
1392870563010	603.0	100.0	82.0	15.0
1392870563021	603.0	100.0	82.0	15.0
1392870563032	603.0	100.0	82.0	16.0
1392870563041	603.0	100.0	82.0	16.0
1392870563052	589.0	100.0	82.0	16.0
1392870563061	589.0	100.0	82.0	16.0
1392870563075	589.0	100.0	82.0	17.0
1392870563081	577.0	101.0	82.0	17.0
1392870563090	577.0	101.0	82.0	17.0
1392870563101	577.0	101.0	82.0	18.0
1392870563112	577.0	101.0	82.0	18.0
1392870563122	566.0	101.0	82.0	18.0
1392870563132	566.0	101.0	82.0	18.0
1392870563141	566.0	101.0	82.0	18.0
1392870563151	554.0	101.0	82.0	18.0
1392870563163	554.0	101.0	82.0	18.0
1392870563171	554.0	101.0	82.0	18.0
1392870563191	541.0	100.0	82.0	18.0
1392870563201	541.0	100.0	82.0	18.0
1392870563216	541.0	100.0	82.0	17.0
1392870563221	541.0	99.0	82.0	17.0
1392870563235	530.0	99.0	82.0	17.0
1392870563242	530.0	99.0	81.0	17.0
1392870563251	530.0	99.0	81.0	16.0
1392870563266	520.0	99.0	82.0	17.0
1392870563272	520.0	99.0	82.0	17.0
1392870563287	520.0	99.0	82.0	17.0
1392870563291	520.0	99.0	82.0	17.0
1392870563302	508.0	100.0	82.0	17.0
1392870563315	508.0	100.0	82.0	18.0
1392870563321	508.0	100.0	82.0	18.0
1392870563333	498.0	100.0	82.0	18.0
1392870563341	498.0	100.0	82.0	18.0
1392870563351	498.0	100.0	83.0	18.0
1392870563364	498.0	100.0	83.0	18.0
1392870563371	489.0	100.0	83.0	18.0
1392870563381	489.0	100.0	83.0	18.0
1392870563393	489.0	99.0	83.0	18.0
1392870563401	489.0	99.0	83.0	18.0
1392870563414	479.0	99.0	83.0	17.0
1392870563421	479.0	98.0	83.0	17.0
1392870563442	470.0	98.0	83.0	16.0
1392870563452	470.0	84.0	29.0	101.0
1392870563464	470.0	98.0	83.0	16.0
1392870563471	470.0	98.0	84.0	17.0
1392870563482	461.0	98.0	84.0	17.0
1392870563500	461.0	98.0	84.0	17.0
1392870563502	461.0	98.0	84.0	17.0
1392870563513	452.0	98.0	84.0	17.0
1392870563521	452.0	98.0	84.0	17.0
1392870563531	452.0	98.0	84.0	17.0
1392870563541	452.0	99.0	84.0	18.0
1392870563551	444.0	99.0	84.0	18.0
1392870563563	444.0	99.0	84.0	18.0
1392870563571	444.0	99.0	84.0	19.0
1392870563581	437.0	99.0	84.0	19.0
1392870563601	437.0	99.0	84.0	19.0
1392870563603	437.0	99.0	84.0	19.0
1392870563612	437.0	99.0	84.0	18.0
1392870563621	429.0	98.0	84.0	18.0
1392870563631	429.0	97.0	84.0	17.0
1392870563646	429.0	96.0	84.0	16.0
1392870563651	429.0	95.0	84.0	15.0
1392870563664	421.0	94.0	84.0	13.0
1392870563676	421.0	93.0	84.0	12.0
1392870563683	421.0	92.0	83.0	12.0
1392870563692	414.0	91.0	83.0	11.0
1392870563704	414.0	90.0	83.0	10.0
1392870563713	414.0	90.0	83.0	9.0
1392870563728	414.0	89.0	83.0	8.0
1392870563734	408.0	88.0	83.0	7.0
1392870563742	408.0	87.0	83.0	6.0
1392870563751	408.0	86.0	83.0	5.0
1392870563761	401.0	86.0	83.0	5.0
1392870563772	401.0	85.0	83.0	4.0
1392870563781	401.0	84.0	82.0	3.0
1392870563810	401.0	84.0	82.0	3.0
1392870563812	394.0	83.0	82.0	2.0
1392870563814	394.0	82.0	82.0	1.0
1392870563832	388.0	82.0	82.0	0.0
1392870563851	388.0	123.0	6.0	139.0
1392870563853	388.0	80.0	83.0	1.0
1392870563863	388.0	80.0	83.0	2.0
1392870563874	382.0	79.0	83.0	2.0
1392870563881	382.0	78.0	83.0	3.0
1392870563892	382.0	78.0	83.0	3.0
1392870563901	382.0	77.0	83.0	4.0
1392870563911	375.0	77.0	83.0	5.0
1392870563922	375.0	76.0	83.0	6.0
1392870563932	375.0	75.0	83.0	7.0
1392870563942	369.0	74.0	83.0	8.0
1392870563952	369.0	73.0	83.0	9.0
1392870563962	369.0	72.0	83.0	10.0
1392870563978	369.0	71.0	83.0	11.0
1392870563982	362.0	71.0	83.0	12.0
1392870563992	362.0	70.0	83.0	13.0
1392870564001	362.0	69.0	83.0	13.0
1392870564012	356.0	68.0	83.0	14.0
1392870564022	356.0	68.0	83.0	15.0
1392870564032	356.0	68.0	83.0	15.0
1392870564044	356.0	67.0	83.0	16.0
1392870564057	350.0	67.0	83.0	16.0
1392870564062	350.0	67.0	83.0	16.0
1392870564080	350.0	67.0	83.0	17.0
1392870564083	350.0	66.0	83.0	17.0
1392870564098	344.0	66.0	83.0	17.0
1392870564105	344.0	66.0	83.0	18.0
1392870564114	344.0	66.0	84.0	18.0
1392870564141	339.0	66.0	84.0	18.0
1392870564143	339.0	66.0	84.0	18.0
1392870564146	339.0	66.0	84.0	18.0
1392870564152	339.0	66.0	84.0	18.0
1392870564162	333.0	67.0	84.0	18.0
1392870564175	333.0	67.0	84.0	18.0
1392870564182	333.0	67.0	84.0	17.0
1392870564193	328.0	68.0	84.0	17.0
1392870564202	328.0	69.0	84.0	17.0
1392870564212	328.0	70.0	84.0	16.0
1392870564229	328.0	70.0	84.0	15.0
1392870564232	322.0	72.0	84.0	15.0
1392870564242	322.0	72.0	84.0	14.0
1392870564252	322.0	73.0	84.0	13.0
1392870564261	322.0	74.0	84.0	13.0
1392870564272	317.0	75.0	84.0	12.0
1392870564281	317.0	76.0	84.0	11.0
1392870564292	317.0	76.0	84.0	11.0
1392870564302	312.0	77.0	84.0	10.0
1392870564315	312.0	78.0	84.0	9.0
1392870564325	312.0	79.0	84.0	9.0
1392870564332	312.0	79.0	84.0	8.0
1392870564342	307.0	80.0	84.0	8.0
1392870564352	307.0	81.0	84.0	7.0
1392870564363	307.0	82.0	84.0	6.0
1392870564373	303.0	83.0	84.0	6.0
1392870564382	303.0	84.0	84.0	4.0
1392870564393	303.0	85.0	84.0	3.0
1392870564408	303.0	87.0	84.0	2.0
1392870564413	300.0	88.0	84.0	0.0
1392870564425	300.0	90.0	84.0	1.0
1392870564433	300.0	91.0	84.0	2.0
1392870564446	297.0	93.0	84.0	3.0
1392870564464	297.0	7.0	30.0	94.0
1392870564476	297.0	95.0	84.0	6.0
1392870564483	295.0	96.0	84.0	7.0
1392870564498	295.0	97.0	84.0	8.0
1392870564503	295.0	98.0	84.0	9.0
1392870564512	295.0	99.0	84.0	10.0
1392870564523	293.0	100.0	84.0	11.0
1392870564532	293.0	102.0	84.0	13.0
1392870564542	293.0	104.0	84.0	15.0
1392870564556	292.0	106.0	84.0	17.0
1392870564562	292.0	107.0	84.0	19.0
1392870564573	292.0	109.0	84.0	20.0
1392870564582	292.0	110.0	84.0	22.0
1392870564592	290.0	112.0	84.0	23.0
1392870564605	290.0	113.0	84.0	25.0
1392870564613	290.0	115.0	84.0	26.0
1392870564625	290.0	116.0	84.0	27.0
1392870564632	290.0	116.0	84.0	28.0
1392870564647	290.0	117.0	84.0	28.0
1392870564655	290.0	117.0	84.0	28.0
1392870564662	288.0	117.0	84.0	29.0
1392870564673	288.0	118.0	84.0	29.0
1392870564682	288.0	119.0	84.0	30.0
1392870564692	288.0	121.0	84.0	32.0
1392870564707	287.0	122.0	84.0	34.0
1392870564712	287.0	124.0	84.0	35.0
1392870564722	287.0	125.0	84.0	37.0
1392870564733	286.0	127.0	84.0	38.0
1392870564742	286.0	128.0	84.0	40.0
1392870564752	286.0	130.0	84.0	41.0
1392870564763	286.0	132.0	84.0	43.0
1392870564774	285.0	134.0	84.0	46.0
1392870564783	285.0	136.0	84.0	48.0
1392870564799	285.0	138.0	84.0	51.0
1392870564810	283.0	141.0	85.0	53.0
1392870564814	283.0	143.0	85.0	55.0
1392870564822	283.0	145.0	85.0	57.0
1392870564836	283.0	146.0	85.0	58.0
1392870564842	282.0	147.0	85.0	59.0
1392870564853	282.0	148.0	85.0	60.0
1392870564862	282.0	150.0	86.0	62.0
1392870564872	280.0	151.0	86.0	63.0
1392870564891	280.0	152.0	86.0	64.0
1392870564893	280.0	152.0	86.0	64.0
1392870564903	280.0	150.0	86.0	62.0
1392870564913	278.0	148.0	86.0	60.0
1392870564924	278.0	146.0	86.0	58.0
1392870564934	278.0	145.0	86.0	57.0
1392870564942	278.0	144.0	86.0	56.0
1392870564957	276.0	144.0	86.0	56.0
1392870564964	276.0	144.0	86.0	56.0
1392870564973	276.0	144.0	86.0	55.0
1392870564985	274.0	143.0	86.0	54.0
1392870564993	274.0	143.0	86.0	54.0
1392870565004	274.0	143.0	87.0	54.0
1392870565012	274.0	143.0	87.0	55.0
1392870565023	272.0	144.0	87.0	56.0
1392870565035	272.0	145.0	87.0	57.0
1392870565042	272.0	146.0	87.0	58.0
1392870565053	270.0	147.0	87.0	58.0
1392870565065	270.0	147.0	87.0	58.0
1392870565073	270.0	146.0	87.0	57.0
1392870565086	270.0	144.0	87.0	55.0
1392870565093	269.0	142.0	87.0	54.0
1392870565113	269.0	140.0	87.0	51.0
1392870565128	269.0	140.0	87.0	51.0
1392870565136	268.0	139.0	87.0	50.0
1392870565143	268.0	138.0	86.0	49.0
1392870565153	268.0	137.0	86.0	48.0
1392870565164	266.0	136.0	86.0	47.0
1392870565174	266.0	135.0	86.0	46.0
1392870565184	266.0	133.0	86.0	44.0
1392870565193	266.0	132.0	86.0	42.0
1392870565203	265.0	130.0	86.0	41.0
1392870565217	265.0	129.0	86.0	39.0
1392870565223	265.0	128.0	86.0	39.0
1392870565234	265.0	128.0	86.0	39.0
1392870565243	265.0	129.0	86.0	40.0
1392870565259	265.0	130.0	86.0	41.0
1392870565272	265.0	130.0	86.0	42.0
1392870565274	264.0	130.0	86.0	41.0
1392870565289	264.0	130.0	86.0	41.0
1392870565296	264.0	128.0	86.0	40.0
1392870565303	264.0	127.0	86.0	39.0
1392870565315	264.0	127.0	86.0	39.0
1392870565322	264.0	127.0	86.0	38.0
1392870565333	264.0	126.0	86.0	38.0
1392870565343	264.0	126.0	86.0	38.0
1392870565353	264.0	126.0	86.0	39.0
1392870565366	264.0	126.0	86.0	39.0
1392870565376	264.0	126.0	86.0	39.0
1392870565383	263.0	126.0	86.0	39.0
1392870565396	263.0	127.0	86.0	40.0
1392870565403	263.0	127.0	86.0	40.0
1392870565416	263.0	128.0	86.0	41.0
1392870565423	263.0	129.0	86.0	42.0
1392870565433	263.0	129.0	86.0	42.0
1392870565443	263.0	165.0	31.0	86.0
1392870565453	264.0	130.0	86.0	43.0
1392870565465	264.0	130.0	86.0	43.0
1392870565477	264.0	130.0	86.0	43.0
1392870565485	263.0	130.0	86.0	43.0
1392870565493	263.0	130.0	86.0	43.0
1392870565503	263.0	130.0	86.0	43.0
1392870565515	263.0	130.0	86.0	43.0
1392870565523	264.0	130.0	86.0	43.0
1392870565533	264.0	130.0	86.0	43.0
1392870565545	264.0	130.0	86.0	43.0
1392870565553	264.0	131.0	86.0	44.0
1392870565573	265.0	131.0	86.0	44.0
1392870565580	265.0	132.0	86.0	45.0
1392870565584	265.0	133.0	86.0	46.0
1392870565593	265.0	134.0	86.0	47.0
1392870565602	265.0	135.0	86.0	48.0
1392870565613	265.0	135.0	86.0	48.0
1392870565622	265.0	135.0	86.0	48.0
1392870565633	266.0	134.0	86.0	47.0
1392870565643	266.0	133.0	86.0	47.0
1392870565653	266.0	133.0	86.0	46.0
1392870565665	267.0	133.0	86.0	45.0
1392870565673	267.0	132.0	86.0	45.0
1392870565683	267.0	132.0	86.0	45.0
1392870565696	267.0	133.0	86.0	45.0
1392870565703	269.0	133.0	86.0	45.0
1392870565713	269.0	133.0	86.0	45.0
1392870565723	269.0	132.0	86.0	43.0
1392870565735	271.0	130.0	86.0	42.0
1392870565746	271.0	129.0	85.0	40.0
1392870565754	271.0	128.0	85.0	39.0
1392870565773	271.0	125.0	85.0	36.0
1392870565777	272.0	125.0	85.0	36.0
1392870565784	272.0	124.0	85.0	35.0
1392870565805	272.0	123.0	85.0	34.0
1392870565806	272.0	122.0	85.0	32.0
1392870565814	274.0	121.0	85.0	31.0
1392870565824	274.0	120.0	84.0	30.0
1392870565834	274.0	119.0	84.0	29.0
1392870565846	275.0	119.0	84.0	28.0
1392870565854	275.0	118.0	84.0	27.0
1392870565864	275.0	117.0	84.0	26.0
1392870565875	275.0	116.0	84.0	26.0
1392870565884	276.0	115.0	84.0	25.0
1392870565897	276.0	115.0	84.0	24.0
1392870565904	276.0	114.0	84.0	23.0
1392870565915	278.0	113.0	84.0	22.0
1392870565925	278.0	113.0	84.0	21.0
1392870565936	278.0	112.0	84.0	21.0
1392870565947	278.0	112.0	84.0	20.0
1392870565955	280.0	112.0	84.0	20.0
1392870565964	280.0	112.0	84.0	20.0
1392870565974	280.0	112.0	84.0	20.0
1392870565984	280.0	112.0	84.0	20.0
1392870565995	282.0	112.0	84.0	20.0
1392870566003	282.0	112.0	84.0	20.0
1392870566013	282.0	112.0	84.0	20.0
1392870566024	286.0	112.0	84.0	20.0
1392870566033	286.0	111.0	84.0	20.0
1392870566045	286.0	111.0	84.0	19.0
1392870566054	286.0	110.0	84.0	19.0
1392870566063	290.0	110.0	84.0	18.0
1392870566074	290.0	110.0	84.0	18.0
1392870566083	290.0	109.0	84.0	18.0
1392870566096	294.0	109.0	84.0	17.0
1392870566116	294.0	108.0	84.0	17.0
1392870566119	294.0	108.0	84.0	17.0
1392870566124	294.0	109.0	84.0	17.0
1392870566134	299.0	109.0	84.0	17.0
1392870566145	299.0	109.0	84.0	17.0
1392870566154	299.0	109.0	84.0	17.0
1392870566164	305.0	109.0	84.0	17.0
1392870566179	305.0	109.0	84.0	17.0
1392870566184	305.0	109.0	84.0	17.0
1392870566197	305.0	109.0	84.0	17.0
1392870566205	311.0	110.0	84.0	17.0
1392870566214	311.0	110.0	84.0	17.0
1392870566230	311.0	110.0	84.0	18.0
1392870566235	311.0	110.0	84.0	18.0
1392870566245	318.0	111.0	84.0	18.0
1392870566255	318.0	111.0	84.0	18.0
1392870566265	318.0	110.0	84.0	18.0
1392870566280	325.0	110.0	84.0	17.0
1392870566285	325.0	109.0	84.0	17.0
1392870566298	325.0	109.0	84.0	16.0
1392870566305	325.0	1.0	85.0	90.0
1392870566315	333.0	108.0	84.0	15.0
1392870566329	333.0	108.0	84.0	15.0
1392870566335	333.0	108.0	84.0	15.0
1392870566345	341.0	107.0	83.0	14.0
1392870566355	341.0	107.0	83.0	14.0
1392870566364	341.0	107.0	83.0	14.0
1392870566376	341.0	107.0	83.0	14.0
1392870566384	350.0	106.0	83.0	13.0
1392870566405	350.0	106.0	83.0	13.0
1392870566425	359.0	106.0	83.0	13.0
1392870566427	359.0	105.0	83.0	12.0
1392870566434	359.0	104.0	83.0	12.0
1392870566445	359.0	104.0	83.0	11.0
1392870566459	369.0	103.0	82.0	11.0
1392870566464	369.0	103.0	82.0	10.0
1392870566476	369.0	103.0	82.0	10.0
1392870566484	369.0	102.0	82.0	9.0
1392870566495	380.0	102.0	82.0	9.0
1392870566504	380.0	102.0	82.0	9.0
1392870566514	380.0	101.0	82.0	9.0
1392870566527	391.0	101.0	82.0	9.0
1392870566534	391.0	101.0	82.0	9.0
1392870566544	391.0	102.0	81.0	9.0
1392870566558	391.0	102.0	81.0	9.0
1392870566564	402.0	102.0	81.0	10.0
1392870566575	402.0	103.0	82.0	10.0
1392870566584	402.0	103.0	82.0	11.0
1392870566595	415.0	104.0	82.0	11.0
1392870566610	415.0	104.0	82.0	11.0
1392870566614	415.0	104.0	82.0	12.0
1392870566624	415.0	104.0	82.0	12.0
1392870566634	427.0	104.0	82.0	12.0
1392870566644	427.0	105.0	82.0	12.0
1392870566658	427.0	104.0	82.0	12.0
1392870566664	427.0	104.0	82.0	12.0
1392870566683	439.0	104.0	82.0	12.0
1392870566684	439.0	104.0	82.0	12.0
1392870566695	439.0	104.0	82.0	12.0
1392870566707	451.0	104.0	82.0	12.0
1392870566715	451.0	104.0	82.0	12.0
1392870566724	451.0	104.0	82.0	12.0
1392870566734	451.0	104.0	82.0	12.0
1392870566745	465.0	105.0	82.0	13.0
1392870566757	465.0	105.0	82.0	13.0
1392870566765	465.0	106.0	82.0	14.0
1392870566777	479.0	107.0	82.0	15.0
1392870566786	479.0	107.0	82.0	15.0
1392870566806	479.0	108.0	82.0	16.0
1392870566809	479.0	108.0	82.0	17.0
1392870566815	495.0	109.0	83.0	18.0
1392870566826	495.0	110.0	83.0	19.0
1392870566840	495.0	111.0	83.0	20.0
1392870566844	495.0	111.0	83.0	20.0
1392870566856	511.0	112.0	83.0	21.0
1392870566864	511.0	112.0	83.0	22.0
1392870566874	511.0	113.0	83.0	22.0
1392870566884	526.0	113.0	83.0	23.0
1392870566895	526.0	114.0	83.0	24.0
1392870566907	526.0	114.0	83.0	24.0
1392870566914	526.0	115.0	83.0	25.0
1392870566924	541.0	115.0	83.0	25.0
1392870566940	541.0	115.0	83.0	25.0
1392870566945	541.0	115.0	82.0	25.0
1392870566956	558.0	115.0	82.0	25.0
1392870566964	558.0	116.0	82.0	25.0
1392870566975	558.0	116.0	82.0	25.0
1392870566990	558.0	116.0	82.0	25.0
1392870566995	576.0	116.0	82.0	26.0
1392870567007	576.0	117.0	82.0	26.0
1392870567016	576.0	117.0	82.0	27.0
1392870567026	594.0	118.0	82.0	27.0
1392870567044	594.0	118.0	82.0	28.0
1392870567056	594.0	118.0	82.0	28.0
1392870567064	614.0	118.0	82.0	28.0
1392870567077	614.0	118.0	82.0	27.0
1392870567085	614.0	118.0	81.0	27.0
1392870567095	614.0	117.0	81.0	26.0
1392870567107	635.0	117.0	81.0	26.0
1392870567116	635.0	117.0	81.0	26.0
1392870567124	635.0	117.0	81.0	26.0
1392870567137	657.0	117.0	81.0	25.0
1392870567145	657.0	116.0	81.0	25.0
1392870567156	657.0	116.0	81.0	25.0
1392870567164	657.0	115.0	81.0	24.0
1392870567175	678.0	115.0	81.0	23.0
1392870567187	678.0	115.0	81.0	23.0
1392870567196	678.0	115.0	81.0	22.0
1392870567205	705.0	114.0	81.0	22.0
1392870567215	705.0	2.0	79.0	90.0
1392870567225	705.0	114.0	81.0	22.0
1392870567236	705.0	114.0	81.0	22.0
1392870567245	732.0	1.0	78.0	90.0
1392870567255	732.0	114.0	81.0	21.0
1392870567265	732.0	1.0	78.0	90.0
1392870567275	732.0	112.0	81.0	20.0
1392870567286	759.0	112.0	81.0	19.0
1392870567295	759.0	112.0	81.0	19.0
1392870567305	759.0	111.0	81.0	18.0
1392870567318	790.0	110.0	81.0	17.0
1392870567326	790.0	110.0	81.0	17.0
1392870567336	790.0	110.0	81.0	17.0
1392870567345	790.0	0.0	77.0	90.0
1392870567359	821.0	124.0	16.0	145.0
1392870567370	821.0	111.0	82.0	18.0
1392870567376	821.0	112.0	82.0	18.0
1392870567390	851.0	113.0	82.0	19.0
1392870567395	851.0	113.0	83.0	19.0
1392870567406	851.0	113.0	83.0	20.0
1392870567418	851.0	113.0	83.0	19.0
1392870567425	881.0	112.0	83.0	19.0
1392870567435	881.0	111.0	83.0	17.0
1392870567452	881.0	111.0	83.0	16.0
1392870567455	909.0	109.0	83.0	15.0
1392870567467	909.0	108.0	83.0	14.0
1392870567475	909.0	107.0	82.0	12.0
1392870567484	909.0	106.0	82.0	11.0
1392870567495	940.0	106.0	82.0	11.0
1392870567505	940.0	105.0	82.0	10.0
1392870567519	940.0	105.0	82.0	10.0
1392870567525	940.0	105.0	82.0	10.0
1392870567536	976.0	105.0	82.0	10.0
1392870567545	976.0	106.0	83.0	10.0
1392870567556	976.0	106.0	83.0	11.0
1392870567568	1014.0	107.0	83.0	12.0
1392870567575	1014.0	107.0	84.0	12.0
1392870567585	1014.0	108.0	84.0	13.0
1392870567596	1014.0	108.0	84.0	13.0
1392870567605	1049.0	108.0	84.0	13.0
1392870567618	1049.0	108.0	84.0	13.0
1392870567625	1049.0	108.0	84.0	13.0
1392870567635	1083.0	109.0	84.0	13.0
1392870567645	1083.0	109.0	84.0	14.0
1392870567655	1083.0	109.0	84.0	14.0
1392870567667	1083.0	110.0	84.0	15.0
1392870567686	1120.0	111.0	84.0	16.0
1392870567695	1120.0	112.0	84.0	16.0
1392870567708	1158.0	113.0	84.0	17.0
1392870567715	1158.0	113.0	84.0	17.0
1392870567725	1158.0	114.0	84.0	17.0
1392870567736	1158.0	114.0	84.0	18.0
1392870567745	1202.0	115.0	84.0	18.0
1392870567755	1202.0	115.0	84.0	19.0
1392870567766	1202.0	116.0	84.0	19.0
1392870567775	1202.0	116.0	85.0	19.0
1392870567785	1249.0	117.0	85.0	20.0
1392870567810	1249.0	117.0	85.0	20.0
1392870567813	1249.0	117.0	85.0	20.0
1392870567817	1298.0	117.0	85.0	20.0
1392870567825	1298.0	118.0	85.0	20.0
1392870567836	1298.0	118.0	85.0	20.0
1392870567848	1298.0	118.0	85.0	20.0
1392870567855	1348.0	118.0	85.0	20.0
1392870567866	1348.0	117.0	85.0	20.0
1392870567875	1348.0	117.0	85.0	20.0
1392870567889	1405.0	118.0	84.0	20.0
1392870567895	1405.0	118.0	84.0	20.0
1392870567905	1405.0	117.0	84.0	20.0
1392870567916	1405.0	117.0	84.0	20.0
1392870567925	1457.0	117.0	84.0	20.0
1392870567935	1457.0	116.0	84.0	19.0
1392870567950	1457.0	116.0	83.0	19.0
1392870567955	1457.0	116.0	83.0	18.0
1392870567967	1516.0	115.0	83.0	18.0
1392870567975	1516.0	115.0	83.0	18.0
1392870567985	1516.0	115.0	83.0	18.0
1392870568000	1579.0	115.0	83.0	17.0
1392870568005	1579.0	115.0	83.0	17.0
1392870568018	1579.0	115.0	83.0	17.0
1392870568025	1579.0	115.0	83.0	18.0
1392870568036	1651.0	115.0	83.0	18.0
1392870568045	1651.0	115.0	83.0	18.0
1392870568055	1651.0	115.0	83.0	18.0
1392870568065	1728.0	115.0	83.0	18.0
1392870568076	1728.0	116.0	83.0	18.0
1392870568085	1728.0	116.0	83.0	19.0
1392870568099	1728.0	116.0	83.0	19.0
1392870568107	1809.0	117.0	83.0	20.0
1392870568116	1809.0	118.0	83.0	20.0
1392870568128	1809.0	57.0	83.0	21.0
1392870568136	1894.0	119.0	83.0	22.0
1392870568148	1894.0	121.0	83.0	24.0
1392870568156	1894.0	122.0	83.0	25.0
1392870568166	1894.0	123.0	83.0	27.0
1392870568180	1986.0	125.0	83.0	28.0
1392870568186	1986.0	127.0	83.0	30.0
1392870568205	1986.0	5.0	13.0	85.0
1392870568209	1986.0	130.0	83.0	34.0
1392870568217	2073.0	132.0	84.0	36.0
1392870568230	2073.0	134.0	84.0	38.0
1392870568236	2073.0	136.0	84.0	40.0
1392870568250	2160.0	138.0	84.0	42.0
1392870568257	2160.0	139.0	84.0	44.0
1392870568267	2160.0	140.0	84.0	45.0
1392870568282	2160.0	141.0	84.0	45.0
1392870568286	2240.0	140.0	84.0	45.0
1392870568313	2240.0	140.0	84.0	44.0
1392870568335	2319.0	136.0	83.0	41.0
1392870568341	2319.0	135.0	83.0	39.0
1392870568349	2319.0	134.0	82.0	38.0
1392870568355	2408.0	134.0	82.0	38.0
1392870568365	2408.0	134.0	82.0	38.0
1392870568376	2408.0	135.0	82.0	39.0
1392870568385	2408.0	136.0	82.0	40.0
1392870568396	2501.0	137.0	82.0	41.0
1392870568406	2501.0	138.0	83.0	43.0
1392870568417	2501.0	140.0	83.0	44.0
1392870568429	2597.0	142.0	83.0	46.0
1392870568436	2597.0	144.0	83.0	48.0
1392870568447	2597.0	146.0	83.0	50.0
1392870568457	2597.0	147.0	83.0	51.0
1392870568467	2694.0	148.0	83.0	52.0
1392870568478	2694.0	149.0	84.0	53.0
1392870568486	2694.0	149.0	84.0	53.0
1392870568496	2791.0	150.0	84.0	54.0
1392870568512	2791.0	151.0	84.0	55.0
1392870568516	2791.0	151.0	84.0	55.0
1392870568528	2791.0	152.0	84.0	56.0
1392870568536	2889.0	152.0	84.0	56.0
1392870568546	2889.0	152.0	84.0	56.0
1392870568556	2889.0	153.0	84.0	57.0
1392870568566	2996.0	153.0	84.0	57.0
1392870568577	2996.0	153.0	84.0	57.0
1392870568586	2996.0	153.0	84.0	57.0
1392870568597	2996.0	153.0	84.0	57.0
1392870568613	3109.0	153.0	84.0	57.0
1392870568619	3109.0	154.0	84.0	57.0
1392870568627	3109.0	154.0	84.0	58.0
1392870568637	3109.0	155.0	84.0	58.0
1392870568646	3226.0	155.0	84.0	59.0
1392870568660	3226.0	156.0	84.0	59.0
1392870568666	3226.0	157.0	84.0	60.0
1392870568677	3349.0	158.0	84.0	61.0
1392870568686	3349.0	159.0	84.0	62.0
1392870568697	3349.0	160.0	84.0	63.0
1392870568719	3349.0	161.0	84.0	63.0
1392870568724	3466.0	161.0	84.0	63.0
1392870568727	3466.0	160.0	84.0	63.0
1392870568737	3466.0	160.0	84.0	62.0
1392870568750	3583.0	159.0	84.0	62.0
1392870568770	3583.0	159.0	83.0	61.0
1392870568775	3583.0	158.0	83.0	60.0
1392870568781	3583.0	157.0	83.0	59.0
1392870568788	3698.0	155.0	83.0	57.0
1392870568806	3698.0	98.0	83.0	56.0
1392870568808	3698.0	153.0	83.0	55.0
1392870568830	3698.0	152.0	83.0	53.0
1392870568832	3831.0	151.0	83.0	52.0
1392870568840	3831.0	15.0	44.0	90.0
1392870568847	3831.0	149.0	83.0	50.0
1392870568857	3976.0	149.0	83.0	50.0
1392870568866	3976.0	16.0	42.0	90.0
1392870568877	3976.0	150.0	83.0	51.0
1392870568888	3976.0	16.0	42.0	90.0
1392870568897	4115.0	153.0	84.0	53.0
1392870568908	4115.0	155.0	84.0	55.0
1392870568918	4115.0	156.0	84.0	56.0
1392870568932	4270.0	158.0	84.0	58.0
1392870568941	4270.0	159.0	84.0	59.0
1392870568947	4270.0	160.0	84.0	59.0
1392870568968	4402.0	160.0	84.0	59.0
1392870568977	4402.0	160.0	84.0	59.0
1392870568988	4402.0	160.0	84.0	59.0
1392870569016	4533.0	160.0	84.0	59.0
1392870569021	4533.0	161.0	84.0	59.0
1392870569024	4533.0	160.0	84.0	59.0
1392870569032	4533.0	161.0	84.0	59.0
1392870569046	4652.0	161.0	84.0	59.0
1392870569048	4652.0	161.0	84.0	59.0
1392870569059	4652.0	162.0	84.0	59.0
1392870569067	4652.0	162.0	84.0	60.0
1392870569077	4784.0	163.0	84.0	61.0
1392870569099	4784.0	164.0	84.0	62.0
1392870569103	4784.0	166.0	84.0	63.0
1392870569107	4916.0	168.0	85.0	65.0
1392870569118	4916.0	171.0	85.0	68.0
1392870569136	4916.0	173.0	85.0	70.0
1392870569144	4916.0	175.0	85.0	72.0
1392870569147	5049.0	177.0	85.0	74.0
1392870569157	5049.0	178.0	85.0	75.0
1392870569167	5049.0	180.0	85.0	77.0
1392870569178	5180.0	100.0	21.0	160.0
1392870569191	5180.0	177.0	85.0	79.0
1392870569198	5180.0	176.0	85.0	80.0
1392870569207	5180.0	175.0	85.0	81.0
1392870569220	5294.0	174.0	85.0	82.0
1392870569236	5294.0	173.0	85.0	83.0
1392870569241	5294.0	173.0	85.0	84.0
1392870569247	5294.0	172.0	85.0	84.0
1392870569257	5404.0	172.0	85.0	85.0
1392870569268	5404.0	171.0	85.0	85.0
1392870569285	5404.0	171.0	84.0	85.0
1392870569287	5522.0	171.0	84.0	85.0
1392870569298	5522.0	171.0	84.0	85.0
1392870569311	5522.0	170.0	84.0	86.0
1392870569318	5522.0	170.0	84.0	86.0
1392870569339	5632.0	168.0	84.0	88.0
1392870569343	5632.0	168.0	84.0	88.0
1392870569346	5632.0	168.0	84.0	89.0
1392870569357	5731.0	167.0	84.0	89.0
1392870569368	5731.0	167.0	84.0	89.0
1392870569376	5731.0	167.0	84.0	89.0
1392870569392	5731.0	167.0	84.0	89.0
1392870569397	5819.0	168.0	84.0	88.0
1392870569407	5819.0	168.0	84.0	88.0
1392870569429	5819.0	1.0	7.0	76.0
1392870569431	5904.0	168.0	84.0	88.0
1392870569440	5904.0	168.0	84.0	88.0
1392870569448	5904.0	168.0	84.0	89.0
1392870569461	5904.0	168.0	84.0	88.0
1392870569477	5970.0	168.0	83.0	88.0
1392870569481	5970.0	168.0	83.0	88.0
1392870569491	5970.0	168.0	83.0	88.0
1392870569497	5970.0	167.0	83.0	89.0
1392870569507	6047.0	167.0	83.0	90.0
1392870569521	6047.0	166.0	84.0	90.0
1392870569528	6047.0	166.0	84.0	91.0
1392870569539	6121.0	165.0	84.0	91.0
1392870569547	6121.0	165.0	84.0	92.0
1392870569559	6121.0	164.0	84.0	92.0
1392870569570	6121.0	164.0	84.0	93.0
1392870569577	6180.0	164.0	84.0	93.0
1392870569587	6180.0	164.0	83.0	94.0
1392870569608	6245.0	163.0	83.0	94.0
1392870569629	6245.0	163.0	83.0	95.0
1392870569631	6245.0	163.0	83.0	95.0
1392870569639	6245.0	163.0	83.0	95.0
1392870569648	6311.0	163.0	83.0	95.0
1392870569658	6311.0	163.0	83.0	95.0
1392870569670	6311.0	163.0	83.0	95.0
1392870569679	6311.0	163.0	83.0	95.0
1392870569688	0.0	162.0	83.0	96.0
1392870569698	0.0	162.0	83.0	96.0
1392870569708	0.0	162.0	83.0	96.0
1392870569721	6425.0	161.0	83.0	97.0
1392870569728	6425.0	161.0	83.0	97.0
1392870569738	6425.0	160.0	83.0	98.0
1392870569749	6425.0	160.0	83.0	98.0
1392870569759	6485.0	159.0	83.0	98.0
1392870569775	6485.0	159.0	83.0	99.0
1392870569780	6485.0	159.0	83.0	99.0
1392870569796	0.0	158.0	83.0	99.0
1392870569798	0.0	158.0	83.0	100.0
1392870569808	0.0	158.0	83.0	100.0
1392870569819	6549.0	157.0	83.0	101.0
1392870569828	6549.0	157.0	83.0	101.0
1392870569838	6549.0	157.0	83.0	101.0
1392870569848	6549.0	156.0	83.0	102.0
1392870569858	6577.0	155.0	83.0	103.0
1392870569868	6577.0	154.0	83.0	104.0
1392870569878	6577.0	155.0	83.0	104.0
1392870569888	0.0	154.0	83.0	104.0
1392870569905	0.0	154.0	83.0	104.0
1392870569909	0.0	154.0	83.0	105.0
1392870569922	6619.0	154.0	83.0	105.0
1392870569928	6619.0	154.0	83.0	105.0
1392870569938	6619.0	154.0	83.0	105.0
1392870569951	6619.0	154.0	83.0	105.0
1392870569958	6649.0	154.0	83.0	105.0
1392870569972	6649.0	154.0	83.0	105.0
1392870569981	6649.0	154.0	83.0	105.0
1392870569987	0.0	154.0	83.0	105.0
1392870570001	0.0	154.0	83.0	105.0
1392870570008	0.0	154.0	83.0	106.0
1392870570019	6652.0	154.0	83.0	106.0
1392870570028	6652.0	153.0	83.0	106.0
1392870570039	6652.0	153.0	83.0	106.0
1392870570048	6652.0	152.0	83.0	107.0
1392870570058	6657.0	152.0	83.0	107.0
1392870570071	6657.0	152.0	83.0	108.0
1392870570092	6657.0	151.0	83.0	108.0
1392870570098	0.0	151.0	83.0	108.0
1392870570102	0.0	150.0	83.0	109.0
1392870570110	0.0	149.0	83.0	110.0
1392870570122	6633.0	149.0	83.0	111.0
1392870570131	6633.0	148.0	83.0	111.0
1392870570147	6633.0	148.0	83.0	112.0
1392870570151	6633.0	148.0	83.0	112.0
1392870570169	6608.0	147.0	82.0	112.0
1392870570182	6608.0	114.0	53.0	14.0
1392870570185	6608.0	147.0	82.0	112.0
1392870570188	0.0	147.0	82.0	112.0
1392870570199	0.0	148.0	82.0	112.0
1392870570207	0.0	148.0	82.0	112.0
1392870570217	6554.0	148.0	82.0	112.0
1392870570227	6554.0	148.0	82.0	113.0
1392870570237	6554.0	148.0	83.0	113.0
1392870570258	6526.0	148.0	83.0	113.0
1392870570273	6526.0	148.0	83.0	113.0
1392870570278	6526.0	148.0	83.0	114.0
1392870570288	6486.0	147.0	83.0	114.0
1392870570298	6486.0	147.0	83.0	114.0
1392870570308	6486.0	147.0	83.0	114.0
1392870570318	6486.0	148.0	83.0	114.0
1392870570331	6429.0	148.0	83.0	114.0
1392870570338	6429.0	148.0	83.0	113.0
1392870570348	6429.0	149.0	83.0	113.0
1392870570358	6386.0	149.0	83.0	113.0
1392870570368	6386.0	149.0	83.0	113.0
1392870570381	6386.0	149.0	83.0	113.0
1392870570388	6386.0	149.0	83.0	113.0
1392870570399	6334.0	149.0	83.0	114.0
1392870570408	6334.0	149.0	83.0	114.0
1392870570419	6334.0	149.0	83.0	114.0
1392870570432	6334.0	149.0	83.0	114.0
1392870570439	6263.0	14.0	38.0	90.0
1392870570449	6263.0	150.0	83.0	113.0
1392870570461	6263.0	150.0	83.0	113.0
1392870570470	6187.0	151.0	83.0	112.0
1392870570483	6187.0	151.0	83.0	112.0
1392870570489	6187.0	153.0	83.0	111.0
1392870570499	6187.0	153.0	83.0	111.0
1392870570508	6087.0	153.0	83.0	111.0
1392870570518	6087.0	153.0	83.0	111.0
1392870570532	6087.0	152.0	83.0	111.0
1392870570538	5981.0	152.0	83.0	112.0
1392870570548	5981.0	152.0	83.0	112.0
1392870570560	5981.0	152.0	83.0	112.0
1392870570568	5981.0	152.0	83.0	112.0
1392870570582	5864.0	152.0	83.0	113.0
1392870570588	5864.0	152.0	83.0	112.0
1392870570599	5864.0	152.0	83.0	112.0
1392870570608	5864.0	152.0	83.0	112.0
1392870570619	5732.0	152.0	83.0	112.0
1392870570631	5732.0	153.0	83.0	111.0
1392870570638	5732.0	153.0	83.0	111.0
1392870570648	5580.0	154.0	83.0	111.0
1392870570661	5580.0	11.0	40.0	90.0
1392870570669	5580.0	155.0	83.0	110.0
1392870570678	5580.0	155.0	83.0	109.0
1392870570688	5443.0	155.0	83.0	109.0
1392870570705	5443.0	156.0	83.0	109.0
1392870570710	5443.0	156.0	83.0	109.0
1392870570719	5308.0	156.0	83.0	109.0
1392870570731	5308.0	156.0	83.0	108.0
1392870570741	5308.0	156.0	83.0	108.0
1392870570749	5308.0	157.0	83.0	108.0
1392870570765	5158.0	157.0	83.0	108.0
1392870570769	5158.0	158.0	83.0	107.0
1392870570779	5158.0	158.0	83.0	107.0
1392870570791	4989.0	117.0	19.0	51.0
1392870570814	4989.0	159.0	84.0	106.0
1392870570816	4989.0	159.0	84.0	106.0
1392870570818	4989.0	159.0	84.0	106.0
1392870570832	4845.0	159.0	84.0	105.0
1392870570840	4845.0	159.0	84.0	106.0
1392870570849	4845.0	159.0	84.0	106.0
1392870570865	4845.0	158.0	84.0	107.0
1392870570869	4709.0	157.0	84.0	108.0
1392870570880	4709.0	156.0	84.0	109.0
1392870570899	4559.0	153.0	84.0	112.0
1392870570918	4559.0	151.0	83.0	114.0
1392870570920	4559.0	151.0	83.0	114.0
1392870570928	4559.0	150.0	83.0	115.0
1392870570939	4417.0	150.0	83.0	115.0
1392870570948	4417.0	150.0	83.0	115.0
1392870570960	4417.0	149.0	83.0	116.0
1392870570968	4269.0	149.0	83.0	116.0
1392870570979	4269.0	148.0	83.0	117.0
1392870570989	4269.0	147.0	83.0	118.0
1392870570999	4269.0	146.0	83.0	119.0
1392870571011	4132.0	146.0	83.0	119.0
1392870571018	4132.0	145.0	83.0	120.0
1392870571028	4132.0	144.0	83.0	121.0
1392870571040	4132.0	144.0	83.0	121.0
1392870571049	3992.0	144.0	83.0	121.0
1392870571060	3992.0	145.0	83.0	121.0
1392870571068	3992.0	145.0	83.0	120.0
1392870571079	3866.0	146.0	83.0	119.0
1392870571090	3866.0	147.0	83.0	118.0
1392870571099	3866.0	148.0	83.0	117.0
1392870571109	3866.0	150.0	83.0	116.0
1392870571126	3755.0	151.0	83.0	114.0
1392870571129	3755.0	153.0	83.0	112.0
1392870571154	3755.0	106.0	15.0	22.0
1392870571160	3649.0	157.0	83.0	108.0
1392870571162	3649.0	159.0	83.0	106.0
1392870571169	3649.0	162.0	83.0	103.0
1392870571183	3649.0	164.0	83.0	101.0
1392870571193	3553.0	167.0	83.0	98.0
1392870571198	3553.0	168.0	83.0	97.0
1392870571208	3553.0	169.0	83.0	96.0
1392870571222	3467.0	170.0	83.0	95.0
1392870571228	3467.0	170.0	83.0	95.0
1392870571242	3467.0	171.0	83.0	94.0
1392870571248	3467.0	171.0	83.0	93.0
1392870571258	3388.0	172.0	83.0	92.0
1392870571268	3388.0	173.0	83.0	92.0
1392870571279	3388.0	173.0	83.0	91.0
1392870571291	3388.0	174.0	83.0	91.0
1392870571298	3319.0	174.0	83.0	90.0
1392870571314	3319.0	175.0	83.0	89.0
1392870571325	3319.0	176.0	83.0	88.0
1392870571332	3257.0	178.0	83.0	87.0
1392870571340	3257.0	179.0	83.0	85.0
1392870571349	3257.0	179.0	83.0	83.0
1392870571359	3257.0	177.0	83.0	81.0
1392870571368	3196.0	175.0	83.0	79.0
1392870571379	3196.0	174.0	83.0	78.0
1392870571390	3196.0	173.0	83.0	77.0
1392870571400	3137.0	172.0	83.0	76.0
1392870571411	3137.0	171.0	83.0	75.0
1392870571421	3137.0	170.0	83.0	74.0
1392870571430	3137.0	100.0	4.0	6.0
1392870571439	3089.0	166.0	83.0	71.0
1392870571449	3089.0	164.0	83.0	69.0
1392870571460	3089.0	162.0	83.0	67.0
1392870571470	3089.0	160.0	83.0	64.0
1392870571479	3049.0	158.0	83.0	63.0
1392870571491	3049.0	156.0	83.0	61.0
1392870571499	3049.0	155.0	83.0	60.0
1392870571509	3030.0	154.0	83.0	59.0
1392870571523	3030.0	154.0	83.0	58.0
1392870571529	3030.0	154.0	83.0	58.0
1392870571543	3030.0	154.0	83.0	59.0
1392870571549	3028.0	155.0	83.0	59.0
1392870571564	3028.0	156.0	83.0	60.0
1392870571571	3028.0	157.0	83.0	61.0
1392870571579	3026.0	157.0	83.0	62.0
1392870571591	3026.0	158.0	83.0	63.0
1392870571599	3026.0	159.0	83.0	63.0
1392870571609	3026.0	159.0	83.0	64.0
1392870571623	3031.0	160.0	83.0	64.0
1392870571629	3031.0	160.0	83.0	64.0
1392870571646	3031.0	159.0	83.0	64.0
1392870571649	3037.0	158.0	83.0	63.0
1392870571659	3037.0	157.0	83.0	62.0
1392870571679	3037.0	156.0	83.0	60.0
1392870571681	3037.0	155.0	83.0	59.0
1392870571690	3051.0	154.0	83.0	58.0
1392870571701	3051.0	153.0	83.0	58.0
1392870571709	3051.0	153.0	83.0	57.0
1392870571720	3051.0	153.0	83.0	57.0
1392870571728	3057.0	153.0	83.0	57.0
1392870571741	3057.0	153.0	83.0	57.0
1392870571749	3057.0	153.0	83.0	57.0
1392870571760	3066.0	153.0	83.0	58.0
1392870571773	3066.0	154.0	83.0	58.0
1392870571779	3066.0	154.0	83.0	58.0
1392870571795	3066.0	154.0	83.0	58.0
1392870571799	3080.0	154.0	83.0	58.0
1392870571809	3080.0	154.0	83.0	58.0
1392870571821	3080.0	153.0	83.0	57.0
1392870571829	3085.0	153.0	83.0	57.0
1392870571840	3085.0	153.0	83.0	56.0
1392870571849	3085.0	153.0	83.0	56.0
1392870571859	3085.0	153.0	83.0	56.0
1392870571869	3102.0	152.0	83.0	55.0
1392870571879	3102.0	152.0	83.0	55.0
1392870571891	3102.0	152.0	83.0	55.0
1392870571899	3102.0	152.0	83.0	55.0
1392870571909	3115.0	152.0	83.0	55.0
1392870571921	3115.0	152.0	83.0	55.0
1392870571929	3115.0	152.0	83.0	55.0
1392870571941	3130.0	152.0	83.0	55.0
1392870571961	3130.0	152.0	83.0	55.0
1392870571963	3130.0	152.0	83.0	55.0
1392870571971	3130.0	152.0	83.0	55.0
1392870571979	3145.0	152.0	83.0	55.0
1392870571990	3145.0	152.0	83.0	55.0
1392870572004	3145.0	152.0	83.0	55.0
1392870572009	3163.0	152.0	83.0	55.0
1392870572020	3163.0	152.0	83.0	55.0
1392870572029	3163.0	153.0	83.0	55.0
1392870572040	3163.0	153.0	83.0	56.0
1392870572050	3187.0	153.0	83.0	56.0
1392870572060	3187.0	153.0	83.0	56.0
1392870572071	3187.0	154.0	83.0	56.0
1392870572079	3204.0	154.0	83.0	57.0
1392870572091	3204.0	155.0	83.0	58.0
1392870572104	3204.0	155.0	83.0	58.0
1392870572110	3204.0	156.0	83.0	59.0
1392870572120	3230.0	157.0	83.0	60.0
1392870572130	3230.0	158.0	83.0	61.0
1392870572140	3230.0	159.0	83.0	62.0
1392870572154	3230.0	160.0	83.0	63.0
1392870572166	3246.0	161.0	83.0	64.0
1392870572172	3246.0	162.0	83.0	65.0
1392870572180	3246.0	162.0	83.0	65.0
1392870572194	3254.0	163.0	83.0	66.0
1392870572203	3254.0	163.0	83.0	66.0
1392870572209	3254.0	163.0	83.0	67.0
1392870572220	3254.0	164.0	83.0	67.0
1392870572230	3264.0	164.0	83.0	67.0
1392870572241	3264.0	164.0	83.0	67.0
1392870572252	3264.0	164.0	83.0	67.0
1392870572266	3260.0	164.0	83.0	67.0
1392870572272	3260.0	163.0	83.0	67.0
1392870572280	3260.0	163.0	83.0	66.0
1392870572290	3260.0	162.0	83.0	65.0
1392870572302	3250.0	162.0	83.0	64.0
1392870572310	3250.0	161.0	83.0	64.0
1392870572320	3250.0	160.0	83.0	63.0
1392870572330	3250.0	159.0	83.0	62.0
1392870572340	3249.0	158.0	83.0	61.0
1392870572354	3249.0	157.0	83.0	60.0
1392870572361	3249.0	157.0	83.0	59.0
1392870572374	3240.0	156.0	83.0	59.0
1392870572382	3240.0	156.0	83.0	58.0
1392870572391	3240.0	156.0	83.0	58.0
1392870572402	3240.0	156.0	83.0	58.0
1392870572410	3237.0	156.0	83.0	58.0
1392870572421	3237.0	156.0	83.0	59.0
1392870572435	3237.0	156.0	83.0	59.0
1392870572441	3233.0	157.0	83.0	59.0
1392870572451	3233.0	157.0	83.0	60.0
1392870572460	3233.0	157.0	83.0	60.0
1392870572470	3233.0	157.0	83.0	60.0
1392870572484	3230.0	157.0	83.0	60.0
1392870572491	3230.0	157.0	83.0	60.0
1392870572502	3230.0	157.0	83.0	60.0
1392870572510	3220.0	157.0	83.0	60.0
1392870572520	3220.0	158.0	83.0	60.0
1392870572534	3220.0	158.0	83.0	60.0
1392870572541	3220.0	158.0	83.0	61.0
1392870572550	3215.0	158.0	83.0	61.0
1392870572560	3215.0	158.0	83.0	61.0
1392870572571	3215.0	159.0	83.0	61.0
1392870572584	3215.0	159.0	83.0	62.0
1392870572590	3217.0	160.0	83.0	62.0
1392870572601	3217.0	160.0	83.0	62.0
1392870572610	3217.0	160.0	83.0	62.0
1392870572621	3203.0	159.0	83.0	62.0
1392870572632	3203.0	159.0	83.0	61.0
1392870572640	3203.0	158.0	83.0	61.0
1392870572651	3203.0	158.0	83.0	60.0
1392870572662	3189.0	158.0	83.0	59.0
1392870572670	3189.0	157.0	83.0	58.0
1392870572689	3189.0	3.0	12.0	82.0
1392870572691	3175.0	155.0	82.0	56.0
1392870572700	3175.0	153.0	82.0	55.0
1392870572710	3175.0	152.0	82.0	54.0
1392870572721	3175.0	152.0	82.0	53.0
1392870572731	3170.0	151.0	82.0	52.0
1392870572740	3170.0	150.0	82.0	51.0
1392870572750	3170.0	149.0	82.0	50.0
1392870572760	3170.0	149.0	82.0	49.0
1392870572770	3159.0	148.0	82.0	49.0
1392870572795	3159.0	148.0	82.0	49.0
1392870572797	3159.0	148.0	82.0	49.0
1392870572800	3164.0	149.0	82.0	49.0
1392870572820	3164.0	149.0	82.0	49.0
1392870572838	3164.0	149.0	82.0	49.0
1392870572840	3178.0	149.0	82.0	49.0
1392870572850	3178.0	149.0	82.0	49.0
1392870572861	3178.0	149.0	82.0	49.0
1392870572871	3175.0	149.0	82.0	49.0
1392870572880	3175.0	149.0	82.0	49.0
1392870572900	3175.0	149.0	82.0	48.0
1392870572902	3175.0	149.0	82.0	48.0
1392870572915	3176.0	148.0	82.0	48.0
1392870572921	3176.0	148.0	82.0	48.0
1392870572932	3176.0	148.0	82.0	48.0
1392870572940	3188.0	148.0	82.0	48.0
1392870572952	3188.0	148.0	82.0	48.0
1392870572966	3188.0	149.0	82.0	48.0
1392870572979	3188.0	149.0	82.0	49.0
1392870572985	3190.0	149.0	82.0	49.0
1392870572990	3190.0	150.0	82.0	49.0
1392870573003	3190.0	150.0	82.0	49.0
1392870573012	3190.0	150.0	82.0	49.0
1392870573032	3193.0	148.0	57.0	49.0
1392870573037	3193.0	150.0	82.0	49.0
1392870573041	3193.0	150.0	82.0	49.0
1392870573050	3199.0	150.0	82.0	49.0
1392870573062	3199.0	150.0	82.0	49.0
1392870573070	3199.0	150.0	82.0	49.0
1392870573081	3199.0	150.0	82.0	50.0
1392870573092	3200.0	150.0	82.0	50.0
1392870573101	3200.0	151.0	82.0	50.0
1392870573110	3200.0	151.0	82.0	51.0
1392870573120	3200.0	151.0	82.0	51.0
1392870573131	3200.0	151.0	82.0	51.0
1392870573143	3200.0	152.0	82.0	51.0
1392870573150	3200.0	152.0	82.0	51.0
1392870573162	3203.0	152.0	82.0	51.0
1392870573170	3203.0	152.0	82.0	51.0
1392870573181	3203.0	152.0	82.0	51.0
1392870573191	3203.0	152.0	82.0	51.0
1392870573201	3201.0	152.0	82.0	51.0
1392870573213	3201.0	152.0	82.0	51.0
1392870573225	3201.0	152.0	82.0	51.0
1392870573231	3198.0	152.0	82.0	51.0
1392870573247	3198.0	151.0	82.0	51.0
1392870573253	3198.0	151.0	82.0	51.0
1392870573265	3198.0	151.0	82.0	51.0
1392870573272	3202.0	152.0	82.0	51.0
1392870573282	3202.0	152.0	82.0	51.0
1392870573297	3202.0	152.0	82.0	51.0
1392870573301	3200.0	151.0	82.0	51.0
1392870573311	3200.0	152.0	82.0	51.0
1392870573321	3200.0	153.0	82.0	52.0
1392870573331	3200.0	156.0	82.0	55.0
1392870573346	3215.0	158.0	82.0	58.0
1392870573351	3215.0	161.0	83.0	61.0
1392870573362	3215.0	163.0	83.0	63.0
1392870573371	3219.0	165.0	83.0	66.0
1392870573381	3219.0	168.0	83.0	69.0
1392870573396	3219.0	171.0	83.0	72.0
1392870573401	3219.0	174.0	83.0	74.0
1392870573414	3230.0	175.0	83.0	76.0
1392870573423	3230.0	175.0	83.0	76.0
1392870573431	3230.0	174.0	83.0	75.0
1392870573444	3230.0	173.0	83.0	74.0
1392870573462	3228.0	171.0	83.0	72.0
1392870573471	3228.0	171.0	83.0	72.0
1392870573484	3223.0	170.0	83.0	72.0
1392870573495	3223.0	170.0	83.0	71.0
1392870573503	3223.0	168.0	83.0	70.0
1392870573512	3223.0	167.0	83.0	68.0
1392870573523	3217.0	165.0	83.0	66.0
1392870573532	3217.0	163.0	83.0	65.0
1392870573543	3217.0	162.0	83.0	64.0
1392870573551	3214.0	161.0	83.0	63.0
1392870573562	3214.0	161.0	83.0	63.0
1392870573575	3214.0	161.0	83.0	62.0
1392870573581	3214.0	161.0	83.0	62.0
1392870573592	3212.0	160.0	83.0	62.0
1392870573600	3212.0	160.0	83.0	62.0
1392870573611	3212.0	160.0	83.0	62.0
1392870573630	3216.0	160.0	83.0	62.0
1392870573641	3216.0	161.0	83.0	62.0
1392870573650	3216.0	161.0	83.0	62.0
1392870573660	3220.0	161.0	83.0	62.0
1392870573683	3220.0	161.0	83.0	62.0
1392870573685	3220.0	161.0	82.0	62.0
1392870573693	3220.0	161.0	82.0	62.0
1392870573700	3216.0	162.0	82.0	63.0
1392870573711	3216.0	163.0	82.0	65.0
1392870573723	3216.0	165.0	83.0	67.0
1392870573730	3220.0	167.0	83.0	68.0
1392870573756	3220.0	167.0	83.0	68.0
1392870573756	3220.0	166.0	83.0	67.0
1392870573927	3220.0	165.0	83.0	66.0
1392870573994	3217.0	164.0	82.0	65.0
1392870573995	3217.0	164.0	82.0	65.0
1392870573996	3217.0	163.0	82.0	64.0
1392870573998	3214.0	163.0	82.0	64.0
1392870573999	3214.0	163.0	82.0	64.0
1392870574000	3214.0	162.0	82.0	64.0
1392870574001	3214.0	162.0	82.0	63.0
1392870574002	3216.0	162.0	82.0	63.0
1392870574003	3216.0	162.0	82.0	63.0
1392870574004	3216.0	164.0	82.0	65.0
1392870574005	3216.0	165.0	82.0	67.0
1392870574006	3217.0	167.0	82.0	68.0
1392870574007	3217.0	168.0	82.0	69.0
1392870574009	3217.0	169.0	82.0	70.0
1392870574010	3218.0	170.0	82.0	71.0
1392870574011	3218.0	172.0	83.0	73.0
1392870574035	3218.0	174.0	83.0	75.0
1392870574036	3218.0	175.0	83.0	77.0
1392870574037	3218.0	176.0	83.0	77.0
