1393215347790	12.2359495	158.0	84.0	9.0
1393215347792	12.2359495	157.0	85.0	10.0
1393215347793	12.2359495	154.0	85.0	13.0
1393215347794	12.2359495	154.0	85.0	14.0
1393215347795	12.2359495	153.0	85.0	15.0
1393215347797	12.2359495	154.0	85.0	14.0
1393215347798	12.2359495	155.0	85.0	13.0
1393215347799	12.2359495	155.0	84.0	13.0
1393215347801	9.852083	157.0	84.0	11.0
1393215347802	9.852083	157.0	84.0	10.0
1393215347804	11.117659	156.0	84.0	11.0
1393215347805	11.117659	156.0	84.0	11.0
1393215347807	11.117659	158.0	84.0	10.0
1393215347808	11.117659	158.0	84.0	9.0
1393215347809	12.2359495	159.0	84.0	9.0
1393215347846	12.2359495	159.0	84.0	9.0
1393215347847	12.2359495	158.0	84.0	9.0
1393215347848	12.2359495	158.0	85.0	10.0
1393215347849	9.852083	157.0	84.0	11.0
1393215347850	9.852083	156.0	84.0	12.0
1393215347860	9.852083	155.0	84.0	12.0
1393215347872	9.852083	155.0	84.0	13.0
1393215347881	9.852083	155.0	84.0	13.0
1393215347893	9.852083	154.0	84.0	14.0
1393215347900	9.852083	155.0	84.0	13.0
1393215347910	12.2359495	155.0	84.0	13.0
1393215347920	12.2359495	155.0	84.0	13.0
1393215347930	12.2359495	156.0	84.0	12.0
1393215347940	12.2359495	156.0	84.0	11.0
1393215347953	9.852083	156.0	84.0	11.0
1393215347960	9.852083	156.0	84.0	11.0
1393215347970	9.852083	156.0	84.0	12.0
1393215347980	9.852083	156.0	84.0	11.0
1393215347990	9.852083	157.0	84.0	11.0
1393215348000	9.852083	157.0	83.0	11.0
1393215348013	9.852083	157.0	83.0	11.0
1393215348020	9.852083	157.0	83.0	11.0
1393215348030	9.852083	158.0	83.0	10.0
1393215348040	9.852083	158.0	84.0	10.0
1393215348052	9.852083	157.0	84.0	10.0
1393215348060	9.852083	157.0	84.0	10.0
1393215348073	9.852083	157.0	84.0	10.0
1393215348080	9.852083	157.0	84.0	10.0
1393215348091	9.852083	157.0	83.0	10.0
1393215348103	9.852083	157.0	83.0	11.0
1393215348111	9.852083	157.0	83.0	11.0
1393215348122	9.852083	157.0	83.0	11.0
1393215348136	9.852083	157.0	83.0	11.0
1393215348141	9.852083	157.0	83.0	11.0
1393215348154	9.852083	157.0	83.0	11.0
1393215348163	9.852083	157.0	83.0	11.0
1393215348171	9.852083	157.0	83.0	11.0
1393215348181	9.852083	157.0	83.0	11.0
1393215348194	9.852083	157.0	83.0	11.0
1393215348203	9.852083	157.0	83.0	11.0
1393215348212	9.852083	157.0	83.0	10.0
1393215348221	9.852083	157.0	83.0	10.0
1393215348231	9.852083	157.0	83.0	10.0
1393215348242	9.852083	157.0	83.0	10.0
1393215348254	9.852083	157.0	83.0	10.0
1393215348261	9.852083	157.0	83.0	10.0
1393215348272	9.852083	157.0	83.0	10.0
1393215348281	0.0	157.0	84.0	11.0
1393215348292	0.0	157.0	84.0	11.0
1393215348309	0.0	157.0	84.0	11.0
1393215348314	9.459313	157.0	84.0	11.0
1393215348322	9.459313	157.0	84.0	11.0
1393215348332	9.459313	157.0	84.0	11.0
1393215348342	9.459313	157.0	84.0	11.0
1393215348354	9.852083	157.0	84.0	11.0
1393215348363	9.852083	157.0	84.0	11.0
1393215348377	9.852083	157.0	84.0	11.0
1393215348384	9.852083	157.0	84.0	11.0
1393215348456	9.852083	157.0	84.0	11.0
1393215348457	9.852083	157.0	84.0	11.0
1393215348459	9.852083	157.0	84.0	11.0
1393215348461	9.852083	112.0	9.0	36.0
1393215348464	9.852083	157.0	84.0	11.0
1393215348465	9.852083	157.0	84.0	11.0
1393215348467	9.852083	157.0	84.0	11.0
1393215348469	11.117659	157.0	84.0	11.0
1393215348506	11.117659	157.0	84.0	11.0
1393215348508	11.117659	157.0	84.0	11.0
1393215348509	11.117659	157.0	84.0	11.0
1393215348510	9.852083	157.0	84.0	11.0
1393215348511	9.852083	157.0	84.0	11.0
1393215348523	9.852083	157.0	84.0	11.0
1393215348531	9.852083	157.0	84.0	11.0
1393215348541	11.117659	157.0	84.0	11.0
1393215348553	11.117659	157.0	84.0	11.0
1393215348561	11.117659	157.0	84.0	11.0
1393215348573	11.117659	157.0	84.0	11.0
1393215348583	11.117659	157.0	84.0	11.0
1393215348592	11.117659	157.0	84.0	10.0
1393215348605	11.117659	157.0	84.0	10.0
1393215348615	9.852083	157.0	84.0	10.0
1393215348632	9.852083	158.0	84.0	10.0
1393215348635	9.852083	158.0	84.0	10.0
1393215348642	9.852083	158.0	84.0	10.0
1393215348655	11.117659	158.0	84.0	10.0
1393215348662	11.117659	158.0	84.0	10.0
1393215348675	11.117659	158.0	84.0	10.0
1393215348684	11.117659	158.0	84.0	10.0
1393215348692	9.852083	158.0	84.0	10.0
1393215348703	9.852083	158.0	84.0	10.0
1393215348713	9.852083	158.0	84.0	10.0
1393215348723	9.852083	158.0	84.0	10.0
1393215348737	9.852083	158.0	84.0	10.0
1393215348742	9.852083	158.0	84.0	10.0
1393215348753	9.852083	158.0	84.0	10.0
1393215348763	9.852083	158.0	84.0	10.0
1393215348772	9.852083	158.0	84.0	10.0
1393215348782	9.852083	158.0	84.0	10.0
1393215348794	9.852083	158.0	84.0	10.0
1393215348802	9.852083	158.0	84.0	10.0
1393215348812	9.852083	158.0	84.0	10.0
1393215348824	9.852083	158.0	84.0	10.0
1393215348832	9.852083	158.0	84.0	9.0
1393215348843	9.852083	158.0	84.0	9.0
1393215348855	9.852083	158.0	84.0	9.0
1393215348862	9.852083	158.0	84.0	9.0
1393215348874	9.852083	158.0	84.0	9.0
1393215348889	9.852083	158.0	84.0	9.0
1393215348893	9.852083	158.0	84.0	9.0
1393215348903	9.852083	158.0	84.0	9.0
1393215348915	9.852083	158.0	84.0	9.0
1393215348924	9.852083	158.0	84.0	9.0
1393215348943	9.852083	158.0	84.0	9.0
1393215348956	0.0	158.0	84.0	9.0
1393215348963	0.0	158.0	84.0	9.0
1393215348979	0.0	158.0	84.0	9.0
1393215348985	8.35296	158.0	84.0	9.0
1393215348993	8.35296	158.0	84.0	9.0
1393215349005	8.35296	158.0	84.0	9.0
1393215349013	8.35296	158.0	84.0	10.0
1393215349022	9.852083	158.0	84.0	10.0
1393215349036	9.852083	158.0	85.0	10.0
1393215349042	9.852083	158.0	85.0	10.0
1393215349057	9.852083	157.0	85.0	10.0
1393215349063	9.852083	157.0	85.0	10.0
1393215349074	9.852083	157.0	85.0	10.0
1393215349085	9.852083	157.0	85.0	10.0
1393215349095	9.852083	157.0	85.0	10.0
1393215349103	9.852083	157.0	85.0	10.0
1393215349113	9.852083	158.0	85.0	10.0
1393215349124	9.852083	158.0	85.0	10.0
1393215349134	9.852083	158.0	85.0	10.0
1393215349143	9.852083	158.0	85.0	10.0
1393215349155	9.852083	158.0	85.0	9.0
1393215349163	9.852083	158.0	85.0	9.0
1393215349175	9.852083	158.0	85.0	9.0
1393215349185	9.852083	158.0	85.0	9.0
1393215349194	9.852083	159.0	85.0	9.0
1393215349206	9.852083	159.0	85.0	8.0
1393215349217	9.852083	159.0	85.0	8.0
1393215349223	9.852083	159.0	84.0	8.0
1393215349236	9.852083	160.0	84.0	8.0
1393215349243	9.852083	160.0	84.0	7.0
1393215349257	9.852083	160.0	84.0	7.0
1393215349265	9.852083	160.0	84.0	7.0
1393215349275	9.852083	161.0	84.0	7.0
1393215349286	9.852083	161.0	84.0	6.0
1393215349293	9.852083	161.0	84.0	6.0
1393215349306	9.852083	161.0	84.0	6.0
1393215349316	9.852083	161.0	84.0	6.0
1393215349323	0.0	162.0	84.0	6.0
1393215349342	0.0	162.0	84.0	6.0
1393215349344	0.0	162.0	84.0	6.0
1393215349354	8.35296	162.0	84.0	6.0
1393215349364	8.35296	161.0	84.0	6.0
1393215349376	8.35296	161.0	84.0	6.0
1393215349386	8.35296	161.0	84.0	6.0
1393215349395	9.852083	161.0	84.0	6.0
1393215349404	9.852083	161.0	84.0	7.0
1393215349415	9.852083	160.0	84.0	7.0
1393215349424	9.852083	160.0	84.0	7.0
1393215349439	9.852083	160.0	84.0	8.0
1393215349443	9.852083	160.0	84.0	8.0
1393215349457	9.852083	159.0	84.0	8.0
1393215349465	9.852083	159.0	84.0	8.0
1393215349474	9.852083	159.0	84.0	8.0
1393215349489	9.852083	159.0	84.0	8.0
1393215349494	9.852083	159.0	84.0	8.0
1393215349505	9.852083	159.0	85.0	8.0
1393215349523	9.852083	89.0	24.0	9.0
1393215349527	9.852083	159.0	85.0	9.0
1393215349538	9.852083	159.0	85.0	9.0
1393215349543	9.852083	159.0	85.0	9.0
1393215349554	9.852083	159.0	85.0	9.0
1393215349565	9.852083	77.0	90.0	90.0
1393215349576	9.852083	159.0	85.0	9.0
1393215349587	9.852083	159.0	85.0	9.0
1393215349595	9.852083	159.0	85.0	9.0
1393215349619	9.852083	159.0	85.0	8.0
1393215349621	9.852083	159.0	85.0	8.0
1393215349623	9.852083	159.0	85.0	8.0
1393215349647	9.852083	160.0	85.0	8.0
1393215349649	9.852083	160.0	85.0	7.0
1393215349653	9.852083	77.0	90.0	90.0
1393215349732	9.852083	161.0	84.0	7.0
1393215349735	9.852083	161.0	84.0	6.0
1393215349738	10.878343	161.0	84.0	6.0
1393215349742	10.878343	161.0	84.0	6.0
1393215349745	9.852083	161.0	84.0	6.0
1393215349750	9.852083	162.0	84.0	6.0
1393215349757	9.852083	162.0	84.0	6.0
1393215349773	10.878343	162.0	84.0	5.0
1393215349775	10.878343	162.0	84.0	5.0
1393215349784	10.878343	162.0	84.0	5.0
1393215349793	10.878343	162.0	84.0	5.0
1393215349805	9.852083	162.0	84.0	5.0
1393215349817	9.852083	162.0	84.0	5.0
1393215349824	9.852083	162.0	84.0	5.0
1393215349837	9.852083	162.0	84.0	5.0
1393215349843	9.852083	162.0	84.0	6.0
1393215349854	9.852083	162.0	84.0	6.0
1393215349872	9.852083	161.0	84.0	6.0
1393215349875	9.852083	161.0	84.0	6.0
1393215349885	7.720758	161.0	84.0	6.0
1393215349893	7.720758	161.0	84.0	7.0
1393215349904	7.720758	160.0	84.0	7.0
1393215349915	9.852083	160.0	84.0	7.0
1393215349924	9.852083	160.0	85.0	8.0
1393215349936	9.852083	159.0	85.0	8.0
1393215349943	9.852083	159.0	85.0	8.0
1393215349953	9.852083	159.0	85.0	8.0
1393215349965	9.852083	159.0	85.0	9.0
1393215349973	9.852083	159.0	85.0	9.0
1393215349983	9.852083	159.0	85.0	9.0
1393215349996	9.852083	159.0	85.0	9.0
1393215350004	9.852083	159.0	85.0	9.0
1393215350019	9.852083	159.0	85.0	8.0
1393215350024	0.0	159.0	85.0	8.0
1393215350035	0.0	159.0	85.0	8.0
1393215350043	0.0	160.0	85.0	8.0
1393215350056	8.35296	160.0	85.0	8.0
1393215350065	8.35296	160.0	85.0	7.0
1393215350074	8.35296	160.0	85.0	7.0
1393215350085	8.35296	160.0	85.0	7.0
1393215350093	9.852083	160.0	85.0	7.0
1393215350105	9.852083	160.0	85.0	7.0
1393215350117	9.852083	161.0	85.0	7.0
1393215350123	9.852083	161.0	85.0	7.0
1393215350134	9.852083	161.0	85.0	7.0
1393215350143	9.852083	161.0	85.0	6.0
1393215350153	9.852083	161.0	85.0	6.0
1393215350167	9.852083	161.0	85.0	6.0
1393215350175	9.852083	161.0	85.0	6.0
1393215350186	9.852083	161.0	84.0	6.0
1393215350193	9.852083	161.0	84.0	6.0
1393215350203	0.0	161.0	84.0	6.0
1393215350216	0.0	162.0	84.0	6.0
1393215350223	0.0	162.0	84.0	6.0
1393215350243	5.787957	162.0	84.0	6.0
1393215350261	5.787957	162.0	84.0	6.0
1393215350273	5.787957	162.0	84.0	5.0
1393215350274	9.852083	162.0	84.0	5.0
1393215350283	9.852083	162.0	84.0	6.0
1393215350300	9.852083	162.0	84.0	6.0
1393215350303	9.852083	162.0	84.0	6.0
1393215350317	10.878343	162.0	84.0	6.0
1393215350323	10.878343	162.0	84.0	6.0
1393215350334	10.878343	161.0	84.0	6.0
1393215350343	10.878343	161.0	84.0	6.0
1393215350356	9.852083	161.0	84.0	6.0
1393215350370	9.852083	161.0	85.0	6.0
1393215350374	9.852083	161.0	85.0	6.0
1393215350384	9.852083	161.0	85.0	7.0
1393215350393	9.852083	161.0	85.0	7.0
1393215350404	9.852083	160.0	85.0	7.0
1393215350421	9.852083	160.0	85.0	7.0
1393215350425	9.852083	160.0	85.0	7.0
1393215350434	9.852083	160.0	85.0	7.0
1393215350444	9.852083	160.0	85.0	7.0
1393215350455	9.852083	160.0	85.0	7.0
1393215350469	9.852083	160.0	85.0	7.0
1393215350477	9.852083	160.0	85.0	7.0
1393215350486	9.852083	160.0	85.0	7.0
1393215350496	9.852083	160.0	85.0	7.0
1393215350508	9.852083	160.0	85.0	7.0
1393215350517	9.852083	160.0	85.0	7.0
1393215350525	9.852083	160.0	85.0	7.0
1393215350537	0.0	160.0	85.0	7.0
1393215350548	0.0	160.0	85.0	7.0
1393215350554	0.0	160.0	85.0	7.0
1393215350567	5.824155	160.0	85.0	7.0
1393215350574	5.824155	160.0	85.0	7.0
1393215350584	5.824155	161.0	85.0	7.0
1393215350598	5.824155	161.0	85.0	7.0
1393215350604	9.852083	161.0	85.0	6.0
1393215350624	9.852083	96.0	23.0	24.0
1393215350626	9.852083	161.0	85.0	6.0
1393215350634	9.852083	161.0	85.0	6.0
1393215350646	10.878343	161.0	84.0	6.0
1393215350656	10.878343	162.0	84.0	6.0
1393215350665	10.878343	162.0	84.0	6.0
1393215350673	10.878343	162.0	84.0	5.0
1393215350683	10.878343	162.0	84.0	5.0
1393215350695	10.878343	162.0	84.0	5.0
1393215350703	10.878343	77.0	90.0	90.0
1393215350716	9.852083	162.0	84.0	5.0
1393215350725	9.852083	162.0	84.0	5.0
1393215350734	9.852083	162.0	84.0	5.0
1393215350745	9.852083	162.0	84.0	5.0
1393215350754	9.852083	162.0	84.0	5.0
1393215350765	9.852083	162.0	84.0	5.0
1393215350778	9.852083	162.0	85.0	5.0
1393215350785	9.852083	162.0	85.0	5.0
1393215350794	9.852083	162.0	85.0	6.0
1393215350804	9.852083	162.0	85.0	6.0
1393215350816	9.852083	162.0	85.0	6.0
1393215350825	9.852083	162.0	85.0	6.0
1393215350838	9.852083	162.0	85.0	6.0
1393215350844	9.852083	162.0	85.0	6.0
1393215350854	9.852083	162.0	85.0	6.0
1393215350865	9.852083	162.0	85.0	6.0
1393215350890	9.852083	162.0	85.0	6.0
1393215350907	9.852083	162.0	85.0	6.0
1393215350909	9.852083	162.0	85.0	6.0
1393215350914	9.852083	161.0	85.0	6.0
1393215350932	9.852083	161.0	85.0	6.0
1393215350936	9.852083	161.0	85.0	6.0
1393215350944	9.852083	161.0	85.0	6.0
1393215350956	9.852083	161.0	85.0	6.0
1393215350964	9.852083	161.0	85.0	6.0
1393215350974	10.878343	161.0	85.0	6.0
1393215350984	10.878343	161.0	85.0	6.0
1393215350998	10.878343	161.0	85.0	6.0
1393215351004	10.878343	161.0	85.0	6.0
1393215351017	9.852083	161.0	85.0	6.0
1393215351024	9.852083	161.0	85.0	6.0
1393215351036	9.852083	161.0	85.0	6.0
1393215351049	9.852083	161.0	85.0	6.0
1393215351054	9.852083	161.0	85.0	6.0
1393215351070	9.852083	161.0	85.0	6.0
1393215351079	9.852083	161.0	85.0	6.0
1393215351086	9.852083	161.0	85.0	6.0
1393215351095	9.852083	161.0	85.0	6.0
1393215351104	9.852083	161.0	84.0	6.0
1393215351118	9.852083	161.0	84.0	6.0
1393215351125	0.0	161.0	84.0	6.0
1393215351137	0.0	161.0	84.0	6.0
1393215351147	0.0	161.0	84.0	6.0
1393215351155	8.35296	161.0	84.0	6.0
1393215351167	8.35296	162.0	84.0	6.0
1393215351174	8.35296	162.0	84.0	6.0
1393215351185	8.35296	162.0	84.0	6.0
1393215351197	10.878343	161.0	84.0	6.0
1393215351204	10.878343	161.0	84.0	6.0
1393215351216	10.878343	161.0	84.0	6.0
1393215351227	10.878343	161.0	84.0	6.0
1393215351237	9.852083	161.0	84.0	6.0
1393215351245	9.852083	161.0	84.0	6.0
1393215351257	9.852083	161.0	84.0	6.0
1393215351267	9.852083	161.0	84.0	6.0
1393215351276	9.852083	161.0	84.0	6.0
1393215351287	9.852083	161.0	84.0	6.0
1393215351323	9.852083	161.0	84.0	6.0
1393215351329	9.852083	161.0	84.0	6.0
1393215351335	9.852083	161.0	84.0	6.0
1393215351339	9.852083	161.0	84.0	6.0
1393215351345	9.852083	161.0	84.0	6.0
1393215351362	9.852083	161.0	84.0	6.0
1393215351367	9.852083	161.0	84.0	6.0
1393215351371	9.852083	161.0	84.0	6.0
1393215351382	9.852083	162.0	84.0	6.0
1393215351385	9.852083	77.0	90.0	90.0
1393215351402	9.852083	162.0	84.0	6.0
1393215351405	9.852083	162.0	84.0	6.0
1393215351416	10.878343	162.0	84.0	6.0
1393215351427	10.878343	162.0	84.0	6.0
1393215351441	10.878343	162.0	84.0	6.0
1393215351449	10.878343	162.0	84.0	6.0
1393215351455	9.852083	162.0	84.0	6.0
1393215351465	9.852083	162.0	84.0	6.0
1393215351477	9.852083	162.0	84.0	6.0
1393215351485	9.852083	162.0	84.0	6.0
1393215351499	10.878343	162.0	84.0	6.0
1393215351505	10.878343	162.0	84.0	6.0
1393215351515	10.878343	162.0	84.0	6.0
1393215351527	10.878343	162.0	84.0	6.0
1393215351539	9.852083	162.0	84.0	6.0
1393215351550	9.852083	161.0	84.0	6.0
1393215351559	9.852083	77.0	90.0	90.0
1393215351567	9.852083	161.0	84.0	6.0
1393215351576	9.852083	161.0	84.0	6.0
1393215351594	9.852083	161.0	84.0	6.0
1393215351604	9.852083	77.0	90.0	90.0
1393215351620	9.852083	161.0	84.0	6.0
1393215351626	9.852083	161.0	84.0	6.0
1393215351644	9.852083	2.0	23.0	13.0
1393215351646	0.0	161.0	84.0	6.0
1393215351655	0.0	161.0	84.0	6.0
1393215351665	0.0	161.0	84.0	6.0
1393215351679	8.35296	161.0	84.0	6.0
1393215351685	8.35296	161.0	84.0	6.0
1393215351696	8.35296	161.0	84.0	6.0
1393215351705	8.35296	77.0	90.0	90.0
1393215351716	9.852083	161.0	84.0	6.0
1393215351727	9.852083	161.0	84.0	6.0
1393215351737	9.852083	77.0	90.0	90.0
1393215351744	9.852083	161.0	84.0	6.0
1393215351754	9.852083	77.0	90.0	90.0
1393215351766	9.852083	161.0	84.0	6.0
1393215351775	9.852083	161.0	84.0	6.0
1393215351785	9.852083	161.0	84.0	6.0
1393215351797	9.852083	161.0	84.0	6.0
1393215351805	9.852083	77.0	90.0	90.0
1393215351817	9.852083	161.0	84.0	6.0
1393215351828	0.0	161.0	84.0	6.0
1393215351835	0.0	0.0	90.0	0.0
1393215351847	0.0	161.0	84.0	6.0
1393215351859	8.35296	161.0	84.0	6.0
1393215351869	8.35296	161.0	84.0	6.0
1393215351876	8.35296	161.0	84.0	6.0
1393215351885	8.35296	161.0	84.0	6.0
1393215351897	10.878343	161.0	84.0	6.0
1393215351905	10.878343	162.0	84.0	6.0
1393215351918	10.878343	162.0	84.0	6.0
1393215351926	10.878343	162.0	84.0	6.0
1393215351935	9.852083	162.0	84.0	6.0
1393215351946	9.852083	162.0	84.0	6.0
1393215351955	9.852083	161.0	84.0	6.0
1393215351965	9.852083	161.0	84.0	6.0
1393215351984	9.852083	161.0	84.0	6.0
1393215351986	9.852083	161.0	84.0	6.0
1393215351995	9.852083	162.0	84.0	6.0
1393215352005	9.852083	162.0	84.0	6.0
1393215352016	9.852083	162.0	84.0	6.0
1393215352027	9.852083	162.0	84.0	6.0
1393215352038	9.852083	162.0	84.0	6.0
1393215352049	9.852083	162.0	84.0	6.0
1393215352058	9.852083	162.0	84.0	6.0
1393215352067	9.852083	162.0	84.0	6.0
1393215352081	0.0	162.0	84.0	6.0
1393215352088	0.0	162.0	84.0	6.0
1393215352098	0.0	162.0	84.0	6.0
1393215352114	5.824155	162.0	84.0	6.0
1393215352127	5.824155	162.0	84.0	6.0
1393215352132	5.824155	162.0	84.0	6.0
1393215352138	5.824155	162.0	84.0	6.0
1393215352149	9.852083	162.0	84.0	6.0
1393215352167	9.852083	162.0	84.0	6.0
1393215352169	9.852083	161.0	84.0	6.0
1393215352181	9.852083	161.0	84.0	6.0
1393215352185	9.852083	161.0	84.0	6.0
1393215352198	9.852083	161.0	84.0	6.0
1393215352205	9.852083	161.0	84.0	6.0
1393215352218	9.852083	161.0	84.0	6.0
1393215352229	9.852083	161.0	84.0	6.0
1393215352235	9.852083	161.0	84.0	6.0
1393215352246	9.852083	161.0	84.0	7.0
1393215352257	10.878343	161.0	84.0	7.0
1393215352266	10.878343	161.0	84.0	7.0
1393215352279	10.878343	161.0	84.0	7.0
1393215352285	10.878343	161.0	84.0	7.0
1393215352296	10.878343	161.0	84.0	7.0
1393215352307	10.878343	161.0	84.0	7.0
1393215352316	10.878343	161.0	84.0	7.0
1393215352330	10.878343	161.0	84.0	7.0
1393215352338	9.852083	161.0	84.0	7.0
1393215352347	9.852083	161.0	84.0	7.0
1393215352357	9.852083	161.0	84.0	7.0
1393215352366	9.852083	161.0	84.0	7.0
1393215352379	9.852083	161.0	84.0	7.0
1393215352385	9.852083	161.0	84.0	7.0
1393215352398	9.852083	161.0	84.0	6.0
1393215352407	9.852083	161.0	84.0	6.0
1393215352416	9.852083	161.0	84.0	6.0
1393215352430	9.852083	161.0	84.0	6.0
1393215352436	9.852083	161.0	84.0	6.0
1393215352448	9.852083	161.0	84.0	6.0
1393215352463	9.852083	161.0	84.0	6.0
1393215352466	9.852083	162.0	84.0	6.0
1393215352479	9.852083	162.0	84.0	6.0
1393215352486	9.852083	162.0	84.0	6.0
1393215352496	9.852083	162.0	84.0	6.0
1393215352506	9.852083	162.0	84.0	6.0
1393215352517	9.852083	162.0	84.0	6.0
1393215352525	9.852083	162.0	84.0	6.0
1393215352535	9.852083	161.0	84.0	6.0
1393215352565	9.852083	161.0	84.0	6.0
1393215352567	9.852083	161.0	84.0	6.0
1393215352574	9.852083	161.0	84.0	6.0
1393215352578	9.852083	161.0	84.0	6.0
1393215352586	9.852083	161.0	84.0	6.0
1393215352596	9.852083	161.0	84.0	6.0
1393215352608	9.852083	161.0	84.0	6.0
1393215352616	9.852083	161.0	84.0	6.0
1393215352633	9.852083	161.0	84.0	6.0
1393215352640	9.852083	161.0	84.0	6.0
1393215352646	9.852083	161.0	84.0	6.0
1393215352659	9.852083	161.0	84.0	6.0
1393215352666	10.878343	161.0	84.0	6.0
1393215352677	10.878343	161.0	84.0	6.0
1393215352686	10.878343	161.0	84.0	6.0
1393215352698	10.878343	161.0	84.0	7.0
1393215352709	9.852083	161.0	84.0	7.0
1393215352716	9.852083	161.0	84.0	7.0
1393215352727	9.852083	161.0	84.0	7.0
1393215352736	9.852083	161.0	84.0	7.0
1393215352746	10.878343	161.0	84.0	7.0
1393215352759	10.878343	161.0	84.0	7.0
1393215352767	10.878343	161.0	84.0	7.0
1393215352778	10.878343	161.0	84.0	6.0
1393215352786	9.852083	161.0	84.0	6.0
1393215352796	9.852083	161.0	84.0	6.0
1393215352810	9.852083	161.0	84.0	6.0
1393215352818	9.852083	161.0	84.0	6.0
1393215352835	9.852083	161.0	84.0	6.0
1393215352839	9.852083	161.0	84.0	6.0
1393215352846	9.852083	161.0	84.0	6.0
1393215352859	10.878343	161.0	84.0	6.0
1393215352866	10.878343	161.0	84.0	6.0
1393215352878	10.878343	161.0	84.0	6.0
1393215352886	10.878343	161.0	84.0	6.0
1393215352896	9.852083	161.0	84.0	6.0
1393215352909	9.852083	161.0	84.0	6.0
1393215352916	9.852083	161.0	84.0	6.0
1393215352927	9.852083	161.0	84.0	6.0
1393215352943	9.852083	161.0	84.0	6.0
1393215352946	9.852083	161.0	84.0	6.0
1393215352960	9.852083	161.0	84.0	6.0
1393215352966	9.852083	161.0	84.0	6.0
1393215352979	9.852083	161.0	84.0	6.0
1393215352986	9.852083	161.0	84.0	6.0
1393215352999	9.852083	161.0	84.0	6.0
1393215353010	0.0	161.0	84.0	6.0
1393215353016	0.0	161.0	84.0	6.0
1393215353028	0.0	161.0	84.0	6.0
1393215353036	7.720758	161.0	84.0	6.0
1393215353046	7.720758	161.0	84.0	6.0
1393215353061	7.720758	161.0	84.0	6.0
1393215353066	7.720758	161.0	84.0	6.0
1393215353078	9.852083	161.0	84.0	6.0
1393215353086	9.852083	161.0	84.0	6.0
1393215353096	9.852083	161.0	84.0	6.0
1393215353108	9.852083	161.0	84.0	6.0
1393215353118	9.852083	161.0	84.0	6.0
1393215353127	9.852083	161.0	84.0	6.0
1393215353137	9.852083	161.0	84.0	6.0
1393215353146	9.852083	161.0	84.0	6.0
1393215353159	9.852083	162.0	84.0	6.0
1393215353166	9.852083	162.0	84.0	6.0
1393215353179	9.852083	162.0	84.0	6.0
1393215353188	9.852083	162.0	84.0	6.0
1393215353196	9.852083	162.0	84.0	6.0
1393215353208	9.852083	162.0	84.0	6.0
1393215353216	9.852083	162.0	84.0	6.0
1393215353231	9.852083	162.0	84.0	6.0
1393215353244	9.852083	162.0	84.0	6.0
1393215353248	9.852083	162.0	84.0	6.0
1393215353259	0.0	162.0	84.0	6.0
1393215353267	0.0	161.0	84.0	6.0
1393215353277	0.0	161.0	84.0	6.0
1393215353288	8.35296	162.0	84.0	6.0
1393215353300	8.35296	162.0	84.0	6.0
1393215353311	8.35296	162.0	84.0	6.0
1393215353318	8.35296	161.0	84.0	6.0
1393215353328	9.852083	161.0	84.0	6.0
1393215353337	9.852083	161.0	84.0	6.0
1393215353348	9.852083	161.0	84.0	6.0
1393215353359	9.852083	161.0	84.0	6.0
1393215353367	9.852083	161.0	84.0	6.0
1393215353377	9.852083	161.0	84.0	6.0
1393215353388	9.852083	161.0	84.0	6.0
1393215353401	9.852083	161.0	84.0	6.0
1393215353417	9.852083	161.0	84.0	6.0
1393215353419	9.852083	161.0	84.0	6.0
1393215353427	9.852083	161.0	84.0	6.0
1393215353438	0.0	161.0	84.0	6.0
1393215353447	0.0	161.0	84.0	6.0
1393215353460	0.0	161.0	84.0	6.0
1393215353467	13.410571	161.0	84.0	6.0
1393215353480	13.410571	161.0	84.0	6.0
1393215353486	13.410571	161.0	84.0	6.0
1393215353497	13.410571	161.0	84.0	6.0
1393215353509	9.852083	161.0	84.0	6.0
1393215353517	9.852083	161.0	84.0	6.0
1393215353529	9.852083	161.0	84.0	6.0
1393215353541	9.852083	161.0	84.0	6.0
1393215353547	9.852083	161.0	84.0	6.0
1393215353559	9.852083	162.0	84.0	6.0
1393215353567	9.852083	162.0	84.0	6.0
1393215353578	9.852083	162.0	84.0	6.0
1393215353590	9.852083	162.0	84.0	6.0
1393215353599	9.852083	162.0	84.0	6.0
1393215353610	9.852083	162.0	84.0	6.0
1393215353617	9.852083	162.0	84.0	6.0
1393215353632	9.852083	162.0	84.0	6.0
1393215353640	9.852083	162.0	84.0	6.0
1393215353647	9.852083	161.0	84.0	6.0
1393215353659	9.852083	161.0	84.0	6.0
1393215353666	9.852083	161.0	84.0	6.0
1393215353677	9.852083	161.0	84.0	6.0
1393215353691	0.0	161.0	84.0	6.0
1393215353697	0.0	161.0	84.0	6.0
1393215353709	0.0	161.0	84.0	6.0
1393215353721	5.824155	161.0	84.0	6.0
1393215353732	5.824155	161.0	84.0	6.0
1393215353743	5.824155	161.0	84.0	6.0
1393215353747	5.824155	161.0	84.0	6.0
1393215353758	9.852083	161.0	84.0	6.0
1393215353767	9.852083	161.0	84.0	6.0
1393215353779	9.852083	161.0	84.0	6.0
1393215353792	9.852083	161.0	84.0	6.0
1393215353797	9.852083	161.0	84.0	6.0
1393215353808	9.852083	161.0	84.0	6.0
1393215353817	9.852083	161.0	84.0	6.0
1393215353827	9.852083	161.0	84.0	7.0
1393215353843	10.878343	161.0	84.0	7.0
1393215353847	10.878343	161.0	84.0	7.0
1393215353857	10.878343	161.0	84.0	7.0
1393215353867	10.878343	161.0	84.0	7.0
1393215353877	10.878343	161.0	84.0	7.0
1393215353891	10.878343	161.0	84.0	7.0
1393215353900	10.878343	161.0	84.0	7.0
1393215353907	10.878343	161.0	84.0	7.0
1393215353918	10.878343	161.0	84.0	7.0
1393215353927	10.878343	161.0	84.0	7.0
1393215353941	10.878343	161.0	84.0	7.0
1393215353960	9.852083	160.0	84.0	7.0
1393215353969	9.852083	160.0	84.0	7.0
1393215353978	9.852083	160.0	84.0	7.0
1393215353992	9.852083	160.0	84.0	7.0
1393215353998	9.852083	160.0	84.0	7.0
1393215354013	9.852083	160.0	84.0	7.0
1393215354034	9.852083	160.0	84.0	7.0
1393215354040	9.852083	160.0	84.0	7.0
1393215354044	9.852083	160.0	84.0	7.0
1393215354052	9.852083	160.0	84.0	7.0
1393215354068	9.852083	160.0	84.0	7.0
1393215354071	9.852083	160.0	84.0	7.0
1393215354091	9.852083	160.0	84.0	7.0
1393215354097	9.852083	160.0	84.0	7.0
1393215354107	9.852083	160.0	84.0	7.0
1393215354119	9.852083	160.0	84.0	7.0
1393215354128	9.852083	160.0	84.0	7.0
1393215354140	9.852083	160.0	84.0	7.0
1393215354150	9.852083	160.0	84.0	7.0
1393215354159	9.852083	160.0	84.0	7.0
1393215354171	9.852083	160.0	84.0	7.0
1393215354187	9.852083	160.0	84.0	7.0
1393215354191	9.852083	160.0	84.0	7.0
1393215354201	9.852083	160.0	84.0	7.0
1393215354211	0.0	160.0	84.0	7.0
1393215354219	0.0	160.0	84.0	7.0
1393215354227	0.0	160.0	84.0	7.0
1393215354240	8.35296	160.0	84.0	7.0
1393215354247	8.35296	160.0	84.0	7.0
1393215354260	8.35296	160.0	84.0	7.0
1393215354269	8.35296	160.0	84.0	7.0
1393215354277	9.852083	160.0	84.0	7.0
1393215354289	9.852083	160.0	84.0	7.0
1393215354297	9.852083	160.0	84.0	7.0
1393215354308	9.852083	160.0	84.0	7.0
1393215354323	9.852083	160.0	84.0	7.0
1393215354327	9.852083	160.0	84.0	7.0
1393215354339	9.852083	160.0	84.0	7.0
1393215354347	9.852083	160.0	84.0	7.0
1393215354357	9.852083	160.0	84.0	7.0
1393215354367	9.852083	160.0	84.0	7.0
1393215354380	9.852083	160.0	84.0	7.0
1393215354391	9.852083	160.0	84.0	7.0
1393215354397	9.852083	160.0	84.0	7.0
1393215354408	9.852083	160.0	84.0	7.0
1393215354418	9.852083	160.0	84.0	7.0
1393215354427	9.852083	160.0	84.0	7.0
1393215354440	9.852083	160.0	84.0	7.0
1393215354447	9.852083	160.0	84.0	7.0
1393215354458	9.852083	160.0	84.0	7.0
1393215354475	9.852083	160.0	84.0	8.0
1393215354479	9.852083	160.0	84.0	8.0
1393215354491	9.852083	160.0	84.0	8.0
1393215354500	9.852083	160.0	84.0	8.0
1393215354508	9.852083	160.0	84.0	8.0
1393215354518	9.852083	160.0	84.0	8.0
1393215354528	9.852083	159.0	84.0	8.0
1393215354538	0.0	159.0	84.0	8.0
1393215354547	0.0	159.0	84.0	8.0
1393215354560	0.0	159.0	84.0	8.0
1393215354573	8.35296	159.0	84.0	8.0
1393215354577	8.35296	159.0	84.0	8.0
1393215354592	8.35296	159.0	84.0	8.0
1393215354598	8.35296	159.0	84.0	8.0
1393215354610	9.852083	159.0	84.0	8.0
1393215354638	9.852083	159.0	84.0	8.0
1393215354640	9.852083	159.0	84.0	8.0
1393215354642	9.852083	159.0	84.0	8.0
1393215354647	10.878343	159.0	84.0	8.0
1393215354658	10.878343	159.0	84.0	8.0
1393215354671	10.878343	159.0	84.0	8.0
1393215354680	10.878343	159.0	84.0	8.0
1393215354689	9.852083	159.0	84.0	8.0
1393215354698	9.852083	159.0	84.0	8.0
1393215354708	9.852083	159.0	84.0	8.0
1393215354728	9.852083	159.0	84.0	8.0
1393215354746	9.852083	160.0	84.0	8.0
1393215354748	9.852083	159.0	84.0	8.0
1393215354758	9.852083	159.0	84.0	8.0
1393215354771	9.852083	159.0	84.0	8.0
1393215354778	9.852083	159.0	84.0	8.0
1393215354788	9.852083	159.0	84.0	8.0
1393215354800	9.852083	159.0	84.0	8.0
1393215354808	9.852083	159.0	84.0	8.0
1393215354821	9.852083	159.0	84.0	8.0
1393215354828	9.852083	159.0	84.0	8.0
1393215354839	9.852083	159.0	84.0	8.0
1393215354848	9.852083	159.0	84.0	8.0
1393215354860	9.852083	159.0	84.0	8.0
1393215354871	10.878343	159.0	84.0	9.0
1393215354878	10.878343	159.0	84.0	9.0
1393215354888	10.878343	159.0	84.0	9.0
1393215354900	10.878343	159.0	84.0	9.0
1393215354908	9.852083	159.0	84.0	9.0
1393215354920	9.852083	159.0	84.0	9.0
1393215354928	9.852083	159.0	84.0	9.0
1393215354937	9.852083	159.0	84.0	9.0
1393215354947	9.852083	159.0	84.0	9.0
1393215354957	9.852083	159.0	84.0	9.0
1393215354972	9.852083	159.0	84.0	9.0
1393215354980	9.852083	159.0	84.0	9.0
1393215354990	9.852083	159.0	84.0	9.0
1393215355000	9.852083	159.0	84.0	9.0
1393215355008	9.852083	158.0	84.0	9.0
1393215355022	10.878343	158.0	84.0	9.0
1393215355028	10.878343	158.0	84.0	9.0
1393215355040	10.878343	158.0	84.0	9.0
1393215355048	10.878343	158.0	84.0	9.0
1393215355058	10.878343	158.0	84.0	9.0
1393215355070	10.878343	158.0	84.0	9.0
1393215355078	10.878343	158.0	84.0	9.0
1393215355088	10.878343	158.0	84.0	9.0
1393215355103	10.878343	158.0	84.0	9.0
1393215355108	10.878343	158.0	84.0	9.0
1393215355120	10.878343	158.0	84.0	9.0
1393215355128	9.852083	158.0	84.0	9.0
1393215355138	9.852083	158.0	84.0	9.0
1393215355148	9.852083	158.0	84.0	9.0
1393215355161	9.852083	158.0	84.0	9.0
1393215355169	9.852083	158.0	84.0	9.0
1393215355178	9.852083	158.0	84.0	9.0
1393215355188	9.852083	158.0	84.0	9.0
1393215355198	9.852083	158.0	84.0	9.0
1393215355208	9.852083	158.0	84.0	9.0
1393215355220	9.852083	158.0	84.0	9.0
1393215355228	9.852083	158.0	84.0	9.0
1393215355238	9.852083	158.0	84.0	9.0
1393215355248	9.852083	158.0	84.0	9.0
1393215355258	9.852083	158.0	84.0	9.0
1393215355275	9.852083	158.0	84.0	9.0
1393215355281	9.852083	159.0	84.0	9.0
1393215355288	9.852083	159.0	84.0	9.0
1393215355305	9.852083	159.0	84.0	9.0
1393215355308	9.852083	159.0	84.0	9.0
1393215355321	9.852083	158.0	84.0	9.0
1393215355328	9.852083	158.0	84.0	9.0
1393215355341	9.852083	158.0	84.0	9.0
1393215355353	9.852083	158.0	84.0	9.0
1393215355372	9.852083	158.0	84.0	9.0
1393215355378	9.852083	158.0	84.0	9.0
1393215355393	10.878343	158.0	84.0	9.0
1393215355401	10.878343	158.0	84.0	9.0
1393215355408	10.878343	158.0	84.0	9.0
1393215355420	10.878343	158.0	84.0	9.0
1393215355439	9.852083	158.0	84.0	9.0
1393215355454	9.852083	158.0	84.0	9.0
1393215355461	9.852083	158.0	84.0	9.0
1393215355469	9.852083	158.0	84.0	9.0
1393215355479	9.852083	158.0	84.0	9.0
1393215355489	9.852083	158.0	84.0	9.0
1393215355503	9.852083	158.0	84.0	9.0
1393215355508	9.852083	158.0	84.0	9.0
1393215355521	9.852083	158.0	84.0	9.0
1393215355528	9.852083	158.0	84.0	9.0
1393215355539	9.852083	158.0	84.0	9.0
1393215355551	9.852083	158.0	84.0	9.0
1393215355558	9.852083	158.0	84.0	9.0
1393215355569	9.852083	158.0	84.0	9.0
1393215355581	0.0	158.0	84.0	9.0
1393215355589	0.0	158.0	84.0	9.0
1393215355602	0.0	158.0	84.0	9.0
1393215355610	5.824155	158.0	84.0	9.0
1393215355626	5.824155	158.0	84.0	9.0
1393215355629	5.824155	158.0	84.0	9.0
1393215355641	5.824155	158.0	84.0	9.0
1393215355652	9.852083	158.0	84.0	9.0
1393215355659	9.852083	158.0	84.0	9.0
1393215355669	9.852083	158.0	84.0	9.0
1393215355679	9.852083	158.0	84.0	9.0
1393215355689	9.852083	158.0	84.0	9.0
1393215355703	9.852083	158.0	84.0	10.0
1393215355709	9.852083	158.0	84.0	10.0
1393215355719	9.852083	158.0	84.0	10.0
1393215355728	9.852083	158.0	84.0	9.0
1393215355739	9.852083	158.0	84.0	9.0
1393215355752	9.852083	158.0	84.0	9.0
1393215355761	9.852083	158.0	84.0	9.0
1393215355769	9.852083	158.0	84.0	9.0
1393215355779	9.852083	158.0	84.0	9.0
1393215355790	9.852083	158.0	84.0	9.0
1393215355801	0.0	158.0	84.0	9.0
1393215355814	0.0	158.0	84.0	9.0
1393215355823	0.0	158.0	84.0	9.0
1393215355831	8.35296	158.0	84.0	9.0
1393215355840	8.35296	158.0	84.0	9.0
1393215355856	8.35296	158.0	84.0	9.0
1393215355859	8.35296	158.0	84.0	9.0
1393215355869	9.852083	158.0	84.0	9.0
1393215355883	9.852083	158.0	84.0	9.0
1393215355888	9.852083	158.0	84.0	9.0
1393215355900	9.852083	158.0	84.0	9.0
1393215355908	9.852083	158.0	84.0	9.0
1393215355919	9.852083	158.0	84.0	9.0
1393215355930	9.852083	158.0	84.0	9.0
1393215355941	9.852083	158.0	84.0	9.0
1393215355951	9.852083	158.0	84.0	9.0
1393215355959	9.852083	158.0	84.0	9.0
1393215355971	9.852083	158.0	84.0	9.0
1393215355989	0.0	158.0	84.0	9.0
1393215356009	7.720758	158.0	84.0	9.0
1393215356019	7.720758	158.0	84.0	9.0
1393215356032	7.720758	158.0	84.0	9.0
1393215356044	7.720758	158.0	84.0	9.0
1393215356049	9.852083	158.0	84.0	9.0
1393215356061	9.852083	158.0	84.0	9.0
1393215356070	9.852083	158.0	84.0	9.0
1393215356082	9.852083	158.0	84.0	10.0
1393215356089	9.852083	158.0	84.0	10.0
1393215356102	9.852083	158.0	84.0	10.0
1393215356109	9.852083	158.0	84.0	10.0
1393215356121	9.852083	158.0	84.0	10.0
1393215356130	9.852083	158.0	84.0	10.0
1393215356139	9.852083	158.0	84.0	10.0
1393215356153	9.852083	158.0	84.0	10.0
1393215356159	10.878343	158.0	84.0	10.0
1393215356170	10.878343	158.0	84.0	10.0
1393215356186	10.878343	158.0	84.0	10.0
1393215356189	10.878343	158.0	84.0	10.0
1393215356202	9.852083	158.0	84.0	10.0
1393215356211	9.852083	158.0	84.0	10.0
1393215356221	9.852083	158.0	84.0	10.0
1393215356239	9.852083	158.0	84.0	10.0
1393215356246	9.852083	158.0	84.0	10.0
1393215356252	9.852083	158.0	84.0	10.0
1393215356261	9.852083	158.0	84.0	10.0
1393215356270	10.878343	158.0	84.0	10.0
1393215356286	10.878343	158.0	84.0	10.0
1393215356290	10.878343	158.0	84.0	10.0
1393215356302	10.878343	158.0	84.0	10.0
1393215356309	9.852083	158.0	84.0	10.0
1393215356320	9.852083	158.0	84.0	10.0
1393215356333	9.852083	158.0	84.0	9.0
1393215356340	9.852083	77.0	90.0	90.0
1393215356350	9.852083	158.0	84.0	9.0
1393215356370	9.852083	158.0	84.0	9.0
1393215356384	9.852083	158.0	84.0	9.0
1393215356390	9.852083	158.0	84.0	9.0
1393215356400	9.852083	158.0	84.0	9.0
1393215356410	9.852083	158.0	84.0	9.0
1393215356423	10.878343	158.0	84.0	9.0
1393215356433	10.878343	158.0	84.0	9.0
1393215356441	10.878343	158.0	84.0	9.0
1393215356455	10.878343	158.0	84.0	9.0
1393215356460	9.852083	158.0	84.0	9.0
1393215356470	9.852083	158.0	84.0	10.0
1393215356483	9.852083	158.0	84.0	10.0
1393215356490	9.852083	158.0	84.0	10.0
1393215356500	9.852083	158.0	84.0	10.0
1393215356509	9.852083	77.0	90.0	90.0
1393215356520	9.852083	158.0	84.0	10.0
1393215356532	9.852083	158.0	84.0	9.0
1393215356542	9.852083	77.0	90.0	90.0
1393215356554	9.852083	158.0	84.0	9.0
1393215356559	9.852083	158.0	84.0	9.0
1393215356571	10.878343	158.0	84.0	9.0
1393215356585	10.878343	158.0	84.0	9.0
1393215356590	10.878343	158.0	84.0	9.0
1393215356602	10.878343	158.0	84.0	9.0
1393215356609	9.852083	77.0	90.0	90.0
1393215356622	9.852083	158.0	84.0	9.0
1393215356646	9.852083	158.0	84.0	9.0
1393215356650	9.852083	158.0	84.0	9.0
1393215356653	10.878343	158.0	84.0	9.0
1393215356684	10.878343	158.0	84.0	9.0
1393215356687	10.878343	158.0	84.0	9.0
1393215356691	10.878343	158.0	84.0	9.0
1393215356695	9.852083	158.0	84.0	9.0
1393215356705	9.852083	158.0	84.0	9.0
1393215356712	9.852083	158.0	84.0	9.0
1393215356723	9.852083	158.0	84.0	9.0
1393215356733	9.852083	158.0	84.0	9.0
1393215356739	9.852083	158.0	84.0	9.0
1393215356752	9.852083	158.0	84.0	9.0
1393215356760	9.852083	158.0	84.0	9.0
1393215356769	9.852083	158.0	84.0	9.0
1393215356781	9.852083	158.0	84.0	9.0
1393215356789	9.852083	158.0	84.0	9.0
1393215356799	9.852083	158.0	84.0	9.0
1393215356809	9.852083	158.0	84.0	9.0
1393215356820	9.852083	158.0	84.0	9.0
1393215356835	9.852083	158.0	84.0	9.0
1393215356842	9.852083	158.0	84.0	9.0
1393215356850	9.852083	158.0	84.0	9.0
1393215356860	9.852083	158.0	84.0	9.0
1393215356870	9.852083	158.0	84.0	9.0
1393215356881	9.852083	158.0	84.0	9.0
1393215356890	9.852083	158.0	84.0	9.0
1393215356903	9.852083	158.0	84.0	9.0
1393215356910	9.852083	158.0	84.0	9.0
1393215356921	9.852083	158.0	84.0	10.0
1393215356934	9.852083	158.0	84.0	10.0
1393215356940	9.852083	158.0	84.0	10.0
1393215356953	9.852083	158.0	84.0	10.0
1393215356964	9.852083	158.0	84.0	10.0
1393215356971	9.852083	158.0	84.0	10.0
1393215356987	9.852083	158.0	84.0	10.0
1393215356991	9.852083	158.0	84.0	10.0
1393215357002	9.852083	158.0	84.0	10.0
1393215357012	9.852083	158.0	84.0	10.0
1393215357026	9.852083	158.0	84.0	10.0
1393215357032	9.852083	158.0	84.0	10.0
1393215357051	9.852083	158.0	84.0	10.0
1393215357071	9.852083	158.0	84.0	10.0
1393215357082	9.852083	158.0	84.0	10.0
1393215357085	9.852083	158.0	84.0	10.0
1393215357093	9.852083	2.0	23.0	13.0
1393215357097	9.852083	158.0	84.0	9.0
1393215357116	9.852083	158.0	84.0	9.0
1393215357117	9.852083	158.0	84.0	9.0
1393215357119	9.852083	158.0	84.0	9.0
1393215357132	10.878343	158.0	84.0	9.0
1393215357143	10.878343	158.0	84.0	9.0
1393215357149	10.878343	158.0	84.0	9.0
1393215357160	10.878343	158.0	84.0	9.0
1393215357170	9.852083	158.0	84.0	9.0
1393215357182	9.852083	158.0	84.0	9.0
1393215357190	9.852083	158.0	84.0	9.0
1393215357202	9.852083	158.0	84.0	9.0
1393215357212	9.852083	158.0	84.0	9.0
1393215357219	9.852083	158.0	84.0	9.0
1393215357230	9.852083	158.0	84.0	9.0
1393215357239	9.852083	158.0	84.0	9.0
1393215357249	9.852083	158.0	84.0	9.0
1393215357265	9.852083	158.0	84.0	9.0
1393215357271	9.852083	158.0	84.0	9.0
1393215357283	0.0	158.0	84.0	10.0
1393215357290	0.0	158.0	84.0	10.0
1393215357304	0.0	158.0	84.0	10.0
1393215357315	8.35296	158.0	84.0	10.0
1393215357322	8.35296	158.0	84.0	10.0
1393215357330	8.35296	158.0	84.0	10.0
1393215357340	8.35296	158.0	84.0	10.0
1393215357350	9.852083	158.0	84.0	10.0
1393215357364	9.852083	158.0	84.0	10.0
1393215357370	9.852083	158.0	84.0	10.0
1393215357383	9.852083	158.0	84.0	10.0
1393215357390	9.852083	158.0	84.0	10.0
1393215357401	9.852083	158.0	84.0	10.0
1393215357414	9.852083	158.0	84.0	10.0
1393215357420	9.852083	158.0	84.0	10.0
1393215357433	9.852083	158.0	84.0	10.0
1393215357443	9.852083	158.0	84.0	10.0
1393215357451	9.852083	158.0	84.0	10.0
1393215357464	9.852083	158.0	84.0	10.0
1393215357470	9.852083	158.0	84.0	10.0
1393215357483	9.852083	158.0	84.0	10.0
1393215357490	9.852083	158.0	84.0	10.0
1393215357503	9.852083	158.0	84.0	10.0
1393215357514	9.852083	158.0	84.0	10.0
1393215357521	9.852083	158.0	84.0	10.0
1393215357533	9.852083	158.0	84.0	10.0
1393215357540	9.852083	158.0	84.0	10.0
1393215357585	9.852083	158.0	84.0	10.0
1393215357592	9.852083	158.0	84.0	10.0
1393215357596	10.878343	158.0	84.0	10.0
1393215357598	10.878343	158.0	84.0	9.0
1393215357600	10.878343	158.0	84.0	9.0
1393215357602	10.878343	158.0	84.0	9.0
1393215357614	9.852083	158.0	84.0	9.0
1393215357622	9.852083	158.0	84.0	9.0
1393215357634	9.852083	158.0	84.0	9.0
1393215357640	9.852083	158.0	84.0	9.0
1393215357650	9.852083	158.0	84.0	9.0
1393215357665	9.852083	158.0	84.0	9.0
1393215357671	9.852083	158.0	84.0	9.0
1393215357683	9.852083	158.0	84.0	9.0
1393215357692	9.852083	158.0	84.0	9.0
1393215357701	9.852083	158.0	84.0	10.0
1393215357711	9.852083	158.0	84.0	10.0
1393215357720	0.0	158.0	84.0	10.0
1393215357731	0.0	158.0	84.0	10.0
1393215357748	0.0	158.0	84.0	10.0
1393215357751	8.35296	158.0	84.0	10.0
1393215357767	8.35296	158.0	84.0	10.0
1393215357785	8.35296	158.0	84.0	10.0
1393215357795	9.852083	158.0	84.0	10.0
1393215357805	9.852083	158.0	84.0	10.0
1393215357816	9.852083	158.0	84.0	10.0
1393215357824	9.852083	158.0	84.0	10.0
1393215357832	9.852083	158.0	84.0	10.0
1393215357841	9.852083	158.0	84.0	10.0
1393215357851	9.852083	158.0	84.0	10.0
1393215357865	9.852083	158.0	84.0	10.0
1393215357872	9.852083	158.0	84.0	10.0
1393215357884	9.852083	158.0	84.0	10.0
1393215357891	9.852083	158.0	84.0	10.0
1393215357902	9.852083	158.0	84.0	10.0
1393215357913	9.852083	158.0	84.0	10.0
1393215357932	9.852083	158.0	84.0	10.0
1393215357954	9.852083	158.0	84.0	10.0
1393215357964	9.852083	158.0	84.0	10.0
1393215357971	9.852083	158.0	84.0	10.0
1393215357983	9.852083	158.0	84.0	10.0
1393215357993	9.852083	158.0	84.0	10.0
1393215358002	9.852083	158.0	84.0	10.0
1393215358012	0.0	158.0	84.0	10.0
1393215358021	0.0	158.0	84.0	10.0
1393215358031	0.0	158.0	84.0	10.0
1393215358046	5.824155	158.0	84.0	10.0
1393215358051	5.824155	158.0	84.0	10.0
1393215358065	5.824155	158.0	84.0	10.0
1393215358071	5.824155	158.0	84.0	10.0
1393215358081	9.852083	158.0	84.0	10.0
1393215358091	9.852083	158.0	84.0	10.0
1393215358103	9.852083	158.0	84.0	10.0
1393215358113	9.852083	158.0	84.0	10.0
1393215358121	9.852083	158.0	84.0	10.0
1393215358131	9.852083	158.0	84.0	10.0
1393215358145	9.852083	158.0	84.0	10.0
1393215358151	9.852083	158.0	84.0	10.0
1393215358163	9.852083	158.0	84.0	10.0
1393215358171	9.852083	158.0	84.0	10.0
1393215358181	9.852083	158.0	84.0	10.0
1393215358192	9.852083	158.0	84.0	10.0
1393215358201	9.852083	158.0	84.0	9.0
1393215358211	9.852083	158.0	84.0	9.0
1393215358225	9.852083	158.0	84.0	10.0
1393215358231	9.852083	158.0	84.0	9.0
1393215358242	9.852083	158.0	84.0	9.0
1393215358251	9.852083	158.0	84.0	9.0
1393215358262	9.852083	158.0	84.0	9.0
1393215358286	9.852083	158.0	84.0	9.0
1393215358298	9.852083	158.0	84.0	9.0
1393215358304	10.878343	158.0	84.0	9.0
1393215358316	10.878343	158.0	84.0	9.0
1393215358325	10.878343	158.0	84.0	9.0
1393215358341	10.878343	158.0	84.0	9.0
1393215358354	9.852083	158.0	84.0	9.0
1393215358364	9.852083	158.0	84.0	9.0
1393215358367	9.852083	158.0	84.0	9.0
1393215358374	9.852083	158.0	84.0	9.0
1393215358384	9.852083	158.0	84.0	9.0
1393215358411	9.852083	158.0	84.0	9.0
1393215358414	9.852083	158.0	84.0	9.0
1393215358415	9.852083	158.0	84.0	9.0
1393215358420	9.852083	158.0	84.0	9.0
1393215358431	9.852083	158.0	84.0	9.0
1393215358444	9.852083	158.0	84.0	9.0
1393215358451	9.852083	158.0	84.0	9.0
1393215358464	9.852083	158.0	84.0	9.0
1393215358471	9.852083	158.0	84.0	9.0
1393215358482	9.852083	158.0	84.0	9.0
1393215358491	0.0	158.0	84.0	9.0
1393215358501	0.0	158.0	84.0	9.0
1393215358511	0.0	158.0	84.0	9.0
1393215358530	8.35296	158.0	84.0	9.0
1393215358533	8.35296	158.0	84.0	9.0
1393215358544	8.35296	158.0	84.0	10.0
1393215358552	8.35296	158.0	84.0	10.0
1393215358562	9.852083	158.0	84.0	10.0
1393215358573	9.852083	158.0	84.0	10.0
1393215358592	9.852083	158.0	84.0	10.0
1393215358593	9.852083	158.0	84.0	10.0
1393215358602	9.852083	158.0	84.0	10.0
1393215358614	9.852083	158.0	84.0	9.0
1393215358622	9.852083	158.0	84.0	9.0
1393215358635	9.852083	158.0	84.0	9.0
1393215358644	9.852083	158.0	84.0	9.0
1393215358652	9.852083	158.0	84.0	9.0
1393215358661	9.852083	158.0	84.0	9.0
1393215358671	9.852083	158.0	84.0	9.0
1393215358681	9.852083	158.0	84.0	9.0
1393215358692	9.852083	158.0	84.0	9.0
1393215358704	9.852083	158.0	84.0	9.0
1393215358711	0.0	158.0	84.0	9.0
1393215358722	0.0	158.0	84.0	9.0
1393215358732	0.0	158.0	84.0	9.0
1393215358743	8.35296	158.0	84.0	9.0
1393215358752	8.35296	158.0	84.0	9.0
1393215358764	8.35296	158.0	84.0	9.0
1393215358772	8.35296	158.0	84.0	9.0
1393215358782	10.878343	158.0	84.0	9.0
1393215358795	10.878343	158.0	84.0	9.0
1393215358801	10.878343	158.0	84.0	9.0
1393215358813	10.878343	158.0	84.0	9.0
1393215358827	9.852083	158.0	84.0	9.0
1393215358832	9.852083	158.0	84.0	9.0
1393215358843	9.852083	158.0	84.0	9.0
1393215358852	9.852083	158.0	84.0	9.0
1393215358863	9.852083	158.0	84.0	9.0
1393215358873	9.852083	158.0	84.0	9.0
1393215358884	9.852083	158.0	84.0	9.0
1393215358895	9.852083	158.0	84.0	9.0
1393215358902	9.852083	158.0	84.0	9.0
1393215358912	9.852083	158.0	84.0	9.0
1393215358923	9.852083	158.0	84.0	9.0
1393215358932	9.852083	158.0	84.0	9.0
1393215358946	9.852083	158.0	84.0	9.0
1393215358952	9.852083	158.0	84.0	9.0
1393215358962	9.852083	158.0	84.0	9.0
1393215358973	9.852083	158.0	84.0	9.0
1393215358982	9.852083	158.0	84.0	9.0
1393215358992	9.852083	158.0	84.0	9.0
1393215359004	9.852083	158.0	84.0	9.0
1393215359012	9.852083	158.0	84.0	9.0
1393215359023	9.852083	158.0	84.0	9.0
1393215359033	9.852083	158.0	84.0	9.0
1393215359042	9.852083	158.0	84.0	9.0
1393215359052	9.852083	158.0	84.0	9.0
1393215359064	9.852083	158.0	84.0	9.0
1393215359074	9.852083	158.0	84.0	9.0
1393215359082	10.878343	158.0	84.0	9.0
1393215359094	10.878343	158.0	84.0	9.0
1393215359102	10.878343	158.0	84.0	9.0
1393215359113	10.878343	158.0	84.0	9.0
1393215359127	9.852083	158.0	84.0	9.0
1393215359146	9.852083	158.0	84.0	9.0
1393215359156	9.852083	158.0	84.0	9.0
1393215359165	9.852083	158.0	84.0	9.0
1393215359181	9.852083	158.0	84.0	9.0
1393215359192	9.852083	158.0	84.0	9.0
1393215359196	9.852083	158.0	84.0	9.0
1393215359219	9.852083	158.0	84.0	9.0
1393215359242	9.852083	158.0	84.0	9.0
1393215359245	9.852083	158.0	84.0	9.0
1393215359248	9.852083	158.0	84.0	9.0
1393215359253	9.852083	158.0	84.0	9.0
1393215359263	9.852083	158.0	84.0	9.0
1393215359276	9.852083	158.0	84.0	9.0
1393215359283	9.852083	158.0	84.0	10.0
1393215359293	9.852083	158.0	84.0	10.0
1393215359310	9.852083	158.0	84.0	10.0
1393215359312	9.852083	158.0	84.0	10.0
1393215359326	9.852083	158.0	84.0	10.0
1393215359332	9.852083	158.0	84.0	10.0
1393215359342	10.878343	158.0	84.0	9.0
1393215359352	10.878343	158.0	84.0	9.0
1393215359365	10.878343	158.0	84.0	9.0
1393215359377	10.878343	158.0	84.0	9.0
1393215359382	9.852083	158.0	84.0	9.0
1393215359394	9.852083	158.0	84.0	9.0
1393215359402	9.852083	158.0	84.0	9.0
1393215359414	9.852083	158.0	84.0	9.0
1393215359430	9.852083	158.0	84.0	9.0
1393215359433	9.852083	158.0	84.0	9.0
1393215359446	9.852083	158.0	84.0	9.0
1393215359455	10.878343	158.0	84.0	9.0
1393215359466	10.878343	158.0	84.0	9.0
1393215359479	10.878343	158.0	84.0	9.0
1393215359485	10.878343	158.0	84.0	9.0
1393215359495	9.852083	158.0	84.0	9.0
1393215359502	9.852083	77.0	90.0	90.0
1393215359513	9.852083	158.0	84.0	9.0
1393215359531	9.852083	158.0	84.0	9.0
1393215359537	9.852083	158.0	84.0	9.0
1393215359548	9.852083	158.0	84.0	9.0
1393215359554	9.852083	158.0	84.0	9.0
1393215359566	9.852083	158.0	84.0	9.0
1393215359574	9.852083	158.0	84.0	9.0
1393215359588	9.852083	158.0	84.0	9.0
1393215359593	9.852083	158.0	84.0	9.0
1393215359609	0.0	158.0	84.0	9.0
1393215359614	0.0	158.0	84.0	9.0
1393215359652	0.0	3.0	22.0	13.0
1393215359654	5.824155	158.0	84.0	9.0
1393215359657	5.824155	158.0	84.0	9.0
1393215359658	5.824155	158.0	84.0	9.0
1393215359665	5.824155	158.0	84.0	9.0
1393215359674	10.878343	158.0	84.0	10.0
1393215359682	10.878343	158.0	84.0	10.0
1393215359692	10.878343	158.0	84.0	9.0
1393215359702	10.878343	158.0	84.0	9.0
1393215359713	9.852083	158.0	84.0	10.0
1393215359726	9.852083	158.0	84.0	10.0
1393215359733	9.852083	158.0	84.0	10.0
1393215359743	9.852083	158.0	84.0	10.0
1393215359755	10.878343	158.0	84.0	10.0
1393215359763	10.878343	158.0	84.0	10.0
1393215359773	10.878343	158.0	84.0	10.0
1393215359785	9.852083	158.0	84.0	10.0
1393215359794	9.852083	158.0	84.0	10.0
1393215359804	9.852083	158.0	84.0	10.0
1393215359813	9.852083	158.0	84.0	10.0
1393215359826	9.852083	158.0	84.0	9.0
1393215359833	9.852083	158.0	84.0	9.0
1393215359854	9.852083	158.0	84.0	9.0
1393215359865	9.852083	158.0	84.0	9.0
1393215359882	9.852083	158.0	84.0	9.0
1393215359885	9.852083	158.0	84.0	9.0
1393215359893	9.852083	158.0	84.0	9.0
1393215359907	9.852083	158.0	84.0	9.0
1393215359913	9.852083	158.0	84.0	9.0
1393215359924	9.852083	158.0	84.0	9.0
1393215359934	9.852083	158.0	84.0	9.0
1393215359943	9.852083	158.0	84.0	9.0
1393215359953	9.852083	159.0	84.0	9.0
1393215359966	9.852083	158.0	84.0	9.0
1393215359976	10.878343	158.0	84.0	9.0
1393215359984	10.878343	158.0	84.0	9.0
1393215359993	10.878343	158.0	84.0	9.0
1393215360007	10.878343	159.0	84.0	9.0
1393215360013	9.852083	159.0	84.0	9.0
1393215360025	9.852083	158.0	84.0	9.0
1393215360033	9.852083	158.0	84.0	9.0
1393215360043	10.878343	158.0	84.0	9.0
1393215360065	10.878343	158.0	84.0	9.0
1393215360066	10.878343	158.0	84.0	9.0
1393215360077	10.878343	158.0	84.0	9.0
1393215360087	9.852083	158.0	84.0	9.0
1393215360094	9.852083	158.0	84.0	9.0
1393215360106	9.852083	158.0	84.0	9.0
1393215360115	9.852083	158.0	84.0	9.0
1393215360123	9.852083	158.0	84.0	9.0
1393215360133	9.852083	158.0	84.0	9.0
1393215360144	9.852083	158.0	84.0	9.0
1393215360155	9.852083	158.0	84.0	9.0
1393215360163	9.852083	158.0	84.0	9.0
1393215360173	9.852083	158.0	84.0	9.0
1393215360183	9.852083	158.0	84.0	9.0
1393215360193	9.852083	158.0	84.0	9.0
1393215360205	9.852083	158.0	84.0	9.0
1393215360213	9.852083	158.0	84.0	9.0
1393215360223	9.852083	158.0	84.0	9.0
1393215360233	10.878343	158.0	84.0	9.0
1393215360244	10.878343	158.0	84.0	9.0
1393215360255	10.878343	158.0	84.0	9.0
1393215360265	10.878343	158.0	84.0	9.0
1393215360306	9.852083	158.0	84.0	9.0
1393215360323	9.852083	158.0	84.0	9.0
1393215360324	9.852083	158.0	84.0	9.0
1393215360325	9.852083	158.0	84.0	9.0
1393215360326	9.852083	158.0	84.0	9.0
1393215360327	9.852083	158.0	84.0	9.0
1393215360332	9.852083	158.0	84.0	9.0
1393215360342	9.852083	158.0	84.0	9.0
1393215360354	9.852083	158.0	84.0	9.0
1393215360364	9.852083	158.0	84.0	9.0
1393215360374	9.852083	158.0	84.0	9.0
1393215360390	9.852083	158.0	84.0	10.0
1393215360393	9.852083	158.0	84.0	9.0
1393215360407	9.852083	158.0	84.0	9.0
1393215360413	9.852083	158.0	84.0	9.0
1393215360427	9.852083	158.0	84.0	9.0
1393215360435	9.852083	158.0	84.0	9.0
1393215360445	9.852083	158.0	84.0	9.0
1393215360456	10.878343	158.0	84.0	9.0
1393215360464	10.878343	158.0	84.0	9.0
1393215360476	10.878343	158.0	84.0	9.0
1393215360494	9.852083	158.0	84.0	10.0
1393215360508	9.852083	158.0	84.0	10.0
1393215360513	9.852083	158.0	84.0	10.0
1393215360532	9.852083	158.0	84.0	10.0
1393215360536	9.852083	158.0	84.0	10.0
1393215360543	9.852083	158.0	84.0	10.0
1393215360557	9.852083	158.0	84.0	10.0
1393215360566	9.852083	158.0	84.0	10.0
1393215360574	9.852083	158.0	84.0	10.0
1393215360584	9.852083	158.0	84.0	10.0
1393215360593	9.852083	158.0	84.0	10.0
1393215360603	9.852083	158.0	84.0	10.0
1393215360614	9.852083	158.0	84.0	10.0
1393215360627	9.852083	158.0	84.0	10.0
1393215360651	9.852083	158.0	84.0	10.0
1393215360655	0.0	158.0	84.0	9.0
1393215360665	0.0	158.0	84.0	9.0
1393215360671	0.0	158.0	84.0	9.0
1393215360675	5.824155	158.0	84.0	9.0
1393215360689	5.824155	158.0	84.0	9.0
1393215360694	5.824155	158.0	84.0	9.0
1393215360704	5.824155	158.0	84.0	9.0
1393215360714	10.878343	158.0	84.0	9.0
1393215360724	10.878343	158.0	84.0	9.0
1393215360735	10.878343	158.0	84.0	9.0
1393215360747	10.878343	158.0	84.0	10.0
1393215360756	9.852083	158.0	84.0	10.0
1393215360768	9.852083	124.0	65.0	104.0
1393215360775	9.852083	158.0	84.0	10.0
1393215360791	9.852083	158.0	84.0	10.0
1393215360795	9.852083	158.0	84.0	10.0
1393215360820	9.852083	158.0	84.0	10.0
1393215360826	9.852083	157.0	84.0	10.0
1393215360830	9.852083	157.0	84.0	10.0
1393215360846	9.852083	157.0	84.0	10.0
1393215360850	9.852083	157.0	84.0	10.0
1393215360862	9.852083	157.0	84.0	10.0
1393215360866	10.878343	158.0	84.0	10.0
1393215360879	10.878343	158.0	84.0	10.0
1393215360884	10.878343	158.0	84.0	10.0
1393215360893	10.878343	158.0	84.0	10.0
1393215360903	10.878343	158.0	84.0	10.0
1393215360914	10.878343	158.0	84.0	10.0
1393215360927	10.878343	158.0	84.0	10.0
1393215360938	10.878343	158.0	84.0	10.0
1393215360944	10.878343	158.0	84.0	10.0
1393215360955	10.878343	158.0	84.0	10.0
1393215360964	10.878343	158.0	84.0	10.0
1393215360974	0.0	158.0	84.0	10.0
1393215360988	0.0	158.0	84.0	10.0
1393215360994	0.0	158.0	84.0	10.0
1393215361005	10.565665	158.0	84.0	10.0
1393215361014	10.565665	158.0	84.0	10.0
1393215361024	10.565665	158.0	84.0	10.0
1393215361038	10.565665	158.0	84.0	10.0
1393215361046	10.878343	158.0	84.0	10.0
1393215361056	10.878343	157.0	84.0	10.0
1393215361064	10.878343	157.0	84.0	10.0
1393215361075	10.878343	157.0	84.0	10.0
1393215361090	9.852083	157.0	84.0	10.0
1393215361094	9.852083	157.0	84.0	10.0
1393215361106	9.852083	157.0	84.0	10.0
1393215361114	9.852083	157.0	84.0	10.0
1393215361124	9.852083	157.0	84.0	10.0
1393215361144	9.852083	158.0	84.0	10.0
1393215361146	9.852083	158.0	84.0	10.0
1393215361157	9.852083	158.0	84.0	10.0
1393215361166	9.852083	158.0	84.0	10.0
1393215361174	9.852083	158.0	84.0	10.0
1393215361183	9.852083	158.0	84.0	10.0
1393215361193	9.852083	158.0	84.0	10.0
1393215361203	9.852083	158.0	84.0	10.0
1393215361216	9.852083	158.0	84.0	10.0
1393215361226	9.852083	158.0	84.0	10.0
1393215361237	9.852083	158.0	84.0	10.0
1393215361244	9.852083	157.0	84.0	10.0
1393215361254	9.852083	157.0	84.0	10.0
1393215361264	9.852083	157.0	84.0	10.0
1393215361275	9.852083	157.0	84.0	10.0
1393215361286	9.852083	157.0	84.0	10.0
1393215361296	9.852083	157.0	84.0	10.0
1393215361320	0.0	157.0	84.0	10.0
1393215361323	0.0	157.0	84.0	10.0
1393215361325	0.0	157.0	84.0	10.0
1393215361337	5.824155	157.0	84.0	10.0
1393215361346	5.824155	157.0	84.0	10.0
1393215361354	5.824155	157.0	84.0	10.0
1393215361364	5.824155	157.0	84.0	10.0
1393215361375	9.852083	157.0	84.0	10.0
1393215361386	9.852083	157.0	84.0	10.0
1393215361394	9.852083	157.0	84.0	10.0
1393215361406	9.852083	157.0	84.0	10.0
1393215361415	9.852083	157.0	84.0	10.0
1393215361424	9.852083	157.0	84.0	10.0
1393215361437	9.852083	157.0	84.0	10.0
1393215361444	9.852083	157.0	84.0	10.0
1393215361454	9.852083	157.0	84.0	10.0
1393215361473	9.852083	157.0	84.0	10.0
1393215361475	9.852083	157.0	84.0	10.0
1393215361488	9.852083	157.0	84.0	10.0
1393215361494	9.852083	157.0	84.0	10.0
1393215361506	9.852083	157.0	84.0	10.0
1393215361515	9.852083	157.0	84.0	10.0
1393215361526	0.0	0.0	90.0	0.0
1393215361536	0.0	157.0	84.0	10.0
1393215361544	0.0	157.0	84.0	10.0
1393215361555	10.881765	157.0	84.0	10.0
1393215361566	10.881765	157.0	84.0	10.0
1393215361574	10.881765	157.0	84.0	10.0
1393215361587	10.881765	157.0	84.0	10.0
1393215361594	9.852083	157.0	84.0	10.0
1393215361604	9.852083	157.0	84.0	10.0
1393215361614	9.852083	157.0	84.0	10.0
1393215361624	9.852083	157.0	84.0	10.0
1393215361642	9.852083	157.0	84.0	10.0
1393215361647	9.852083	157.0	84.0	10.0
1393215361654	9.852083	157.0	84.0	10.0
1393215361664	9.852083	157.0	84.0	10.0
1393215361675	10.878343	157.0	84.0	10.0
1393215361689	10.878343	157.0	84.0	10.0
1393215361694	10.878343	157.0	84.0	10.0
1393215361707	9.852083	157.0	84.0	10.0
1393215361721	9.852083	157.0	84.0	10.0
1393215361725	9.852083	157.0	84.0	10.0
1393215361735	9.852083	157.0	84.0	10.0
1393215361745	9.852083	157.0	84.0	10.0
1393215361755	9.852083	157.0	84.0	10.0
1393215361777	9.852083	157.0	84.0	10.0
1393215361798	11.9046	157.0	84.0	10.0
1393215361801	11.9046	157.0	84.0	10.0
1393215361828	9.852083	77.0	90.0	90.0
1393215361829	9.852083	157.0	84.0	10.0
1393215361836	9.852083	157.0	84.0	10.0
1393215361845	9.852083	157.0	84.0	10.0
1393215361855	9.852083	77.0	90.0	90.0
1393215361869	9.852083	157.0	84.0	10.0
1393215361876	9.852083	157.0	84.0	10.0
1393215361887	9.852083	157.0	84.0	10.0
1393215361895	9.852083	157.0	84.0	10.0
1393215361906	9.852083	157.0	84.0	10.0
1393215361921	9.852083	157.0	84.0	10.0
1393215361925	9.852083	157.0	84.0	10.0
1393215361936	9.852083	157.0	84.0	10.0
1393215361948	9.852083	157.0	84.0	10.0
1393215361957	9.852083	157.0	84.0	10.0
1393215361967	0.0	157.0	84.0	10.0
1393215361975	0.0	157.0	84.0	10.0
1393215361991	0.0	157.0	84.0	10.0
1393215361997	8.35296	157.0	84.0	10.0
1393215362007	8.35296	157.0	84.0	10.0
1393215362022	8.35296	157.0	84.0	10.0
1393215362027	8.35296	157.0	84.0	10.0
1393215362038	9.852083	157.0	84.0	10.0
1393215362045	9.852083	157.0	84.0	10.0
1393215362061	9.852083	157.0	84.0	10.0
1393215362071	9.852083	157.0	84.0	10.0
1393215362075	10.878343	157.0	84.0	10.0
1393215362087	10.878343	157.0	84.0	10.0
1393215362097	10.878343	157.0	84.0	10.0
1393215362105	10.878343	157.0	84.0	10.0
1393215362123	9.852083	157.0	84.0	10.0
1393215362126	9.852083	157.0	84.0	10.0
1393215362134	9.852083	157.0	84.0	10.0
1393215362144	9.852083	157.0	84.0	10.0
1393215362154	9.852083	157.0	84.0	10.0
1393215362169	9.852083	157.0	84.0	10.0
1393215362175	9.852083	157.0	84.0	10.0
1393215362187	9.852083	157.0	84.0	10.0
1393215362195	9.852083	157.0	84.0	10.0
1393215362205	9.852083	157.0	84.0	10.0
1393215362218	9.852083	157.0	84.0	10.0
1393215362225	9.852083	157.0	84.0	10.0
1393215362235	9.852083	157.0	84.0	10.0
1393215362250	9.852083	157.0	84.0	10.0
1393215362254	9.852083	157.0	84.0	10.0
1393215362272	9.852083	157.0	84.0	10.0
1393215362275	9.852083	157.0	84.0	10.0
1393215362285	9.852083	157.0	84.0	10.0
1393215362307	10.878343	157.0	84.0	10.0
1393215362318	10.878343	157.0	84.0	10.0
1393215362325	10.878343	157.0	84.0	10.0
1393215362335	9.852083	157.0	84.0	10.0
1393215362355	9.852083	157.0	84.0	10.0
1393215362368	9.852083	157.0	84.0	10.0
1393215362376	9.852083	157.0	84.0	10.0
1393215362387	9.852083	157.0	84.0	10.0
1393215362398	9.852083	157.0	84.0	10.0
1393215362424	9.852083	157.0	84.0	10.0
1393215362427	9.852083	157.0	84.0	10.0
1393215362436	9.852083	157.0	84.0	10.0
1393215362447	9.852083	157.0	84.0	10.0
1393215362455	9.852083	157.0	84.0	10.0
1393215362467	9.852083	157.0	84.0	10.0
1393215362475	9.852083	157.0	84.0	10.0
1393215362488	9.852083	157.0	84.0	11.0
1393215362497	9.852083	157.0	84.0	11.0
1393215362505	9.852083	157.0	84.0	11.0
1393215362516	9.852083	157.0	84.0	11.0
1393215362525	9.852083	157.0	84.0	11.0
1393215362535	9.852083	157.0	84.0	11.0
1393215362583	9.852083	157.0	84.0	11.0
1393215362586	9.852083	157.0	84.0	11.0
1393215362589	9.852083	157.0	84.0	11.0
1393215362591	9.852083	157.0	84.0	11.0
1393215362595	9.852083	157.0	84.0	11.0
1393215362601	10.878343	157.0	84.0	11.0
1393215362611	10.878343	157.0	84.0	11.0
1393215362616	10.878343	157.0	84.0	11.0
1393215362625	10.878343	157.0	84.0	11.0
1393215362636	9.852083	157.0	84.0	11.0
1393215362645	9.852083	157.0	84.0	11.0
1393215362655	9.852083	157.0	84.0	11.0
1393215362667	9.852083	157.0	84.0	11.0
1393215362676	9.852083	157.0	84.0	11.0
1393215362685	9.852083	157.0	84.0	11.0
1393215362699	9.852083	157.0	84.0	11.0
1393215362705	9.852083	157.0	84.0	11.0
1393215362718	9.852083	157.0	84.0	11.0
1393215362734	9.852083	157.0	84.0	11.0
1393215362736	9.852083	157.0	84.0	11.0
1393215362755	0.0	157.0	84.0	11.0
1393215362758	0.0	157.0	84.0	11.0
1393215362770	0.0	157.0	84.0	10.0
1393215362776	5.824155	157.0	84.0	10.0
1393215362789	5.824155	157.0	84.0	10.0
1393215362803	5.824155	157.0	84.0	10.0
1393215362807	5.824155	157.0	84.0	11.0
1393215362819	9.852083	157.0	84.0	11.0
1393215362826	9.852083	157.0	84.0	10.0
1393215362837	9.852083	157.0	84.0	10.0
1393215362850	9.852083	157.0	84.0	10.0
1393215362856	9.852083	157.0	84.0	10.0
1393215362868	9.852083	157.0	84.0	10.0
1393215362876	9.852083	157.0	84.0	11.0
1393215362887	9.852083	157.0	84.0	11.0
1393215362902	10.878343	157.0	84.0	11.0
1393215362908	10.878343	157.0	84.0	11.0
1393215362920	10.878343	157.0	84.0	11.0
1393215362926	9.852083	157.0	84.0	11.0
1393215362936	9.852083	157.0	84.0	11.0
1393215362950	9.852083	157.0	84.0	11.0
1393215362956	9.852083	157.0	84.0	11.0
1393215362967	9.852083	157.0	84.0	11.0
1393215362975	9.852083	157.0	84.0	11.0
1393215362985	9.852083	157.0	84.0	11.0
1393215362997	9.852083	157.0	84.0	11.0
1393215363005	9.852083	157.0	84.0	11.0
1393215363016	9.852083	157.0	84.0	11.0
1393215363031	9.852083	157.0	84.0	11.0
1393215363036	9.852083	157.0	84.0	11.0
1393215363048	9.852083	157.0	84.0	10.0
1393215363056	9.852083	157.0	84.0	10.0
1393215363067	9.852083	157.0	84.0	10.0
1393215363076	9.852083	157.0	84.0	10.0
1393215363089	9.852083	157.0	84.0	10.0
1393215363098	9.852083	157.0	84.0	10.0
1393215363106	9.852083	157.0	83.0	10.0
1393215363116	10.878343	157.0	83.0	10.0
1393215363126	10.878343	157.0	84.0	10.0
1393215363136	10.878343	157.0	84.0	10.0
1393215363148	10.878343	157.0	84.0	10.0
1393215363156	9.852083	157.0	84.0	10.0
1393215363166	9.852083	157.0	84.0	10.0
1393215363176	9.852083	157.0	84.0	10.0
1393215363186	9.852083	157.0	84.0	11.0
1393215363198	9.852083	157.0	84.0	11.0
1393215363208	9.852083	157.0	84.0	11.0
1393215363216	9.852083	157.0	83.0	11.0
1393215363226	9.852083	157.0	83.0	11.0
1393215363236	9.852083	157.0	83.0	11.0
1393215363247	9.852083	157.0	83.0	11.0
1393215363256	9.852083	157.0	83.0	11.0
1393215363269	10.878343	157.0	83.0	10.0
1393215363276	10.878343	157.0	83.0	10.0
1393215363286	10.878343	157.0	83.0	10.0
1393215363302	10.878343	157.0	83.0	10.0
1393215363313	9.852083	157.0	83.0	10.0
1393215363330	9.852083	3.0	23.0	13.0
1393215363336	9.852083	157.0	84.0	10.0
1393215363339	9.852083	157.0	84.0	10.0
1393215363363	9.852083	157.0	84.0	10.0
1393215363366	9.852083	77.0	90.0	90.0
1393215363377	9.852083	157.0	84.0	10.0
1393215363388	9.852083	157.0	84.0	11.0
1393215363403	9.852083	157.0	84.0	11.0
1393215363406	9.852083	157.0	84.0	11.0
1393215363416	9.852083	157.0	84.0	11.0
1393215363427	9.852083	157.0	84.0	11.0
1393215363436	9.852083	157.0	84.0	11.0
1393215363449	9.852083	157.0	84.0	11.0
1393215363456	9.852083	157.0	84.0	11.0
1393215363467	9.852083	157.0	84.0	11.0
1393215363483	9.852083	157.0	84.0	11.0
1393215363486	9.852083	77.0	90.0	90.0
1393215363497	9.852083	157.0	84.0	11.0
1393215363509	9.852083	157.0	84.0	11.0
1393215363518	9.852083	157.0	84.0	10.0
1393215363529	0.0	157.0	84.0	10.0
1393215363537	0.0	157.0	84.0	10.0
1393215363551	0.0	158.0	83.0	10.0
1393215363557	9.459313	158.0	83.0	10.0
1393215363570	9.459313	158.0	83.0	10.0
1393215363587	9.459313	79.0	71.0	83.0
1393215363593	9.459313	158.0	83.0	10.0
1393215363598	9.852083	158.0	83.0	10.0
1393215363612	9.852083	158.0	83.0	10.0
1393215363628	9.852083	158.0	84.0	10.0
1393215363630	9.852083	158.0	84.0	10.0
1393215363637	9.852083	158.0	84.0	10.0
1393215363661	9.852083	157.0	84.0	10.0
1393215363667	9.852083	3.0	23.0	13.0
1393215363669	9.852083	157.0	84.0	10.0
1393215363683	9.852083	157.0	84.0	10.0
1393215363700	9.852083	157.0	84.0	11.0
1393215363711	10.878343	157.0	84.0	11.0
1393215363729	10.878343	157.0	84.0	11.0
1393215363730	10.878343	157.0	84.0	11.0
1393215363737	10.878343	157.0	84.0	11.0
1393215363749	9.852083	157.0	84.0	11.0
1393215363756	9.852083	157.0	84.0	11.0
1393215363767	9.852083	157.0	84.0	11.0
1393215363779	9.852083	157.0	84.0	11.0
1393215363786	9.852083	157.0	84.0	11.0
1393215363797	9.852083	157.0	84.0	11.0
1393215363813	9.852083	2.0	84.0	10.0
1393215363816	10.878343	157.0	84.0	10.0
1393215363829	10.878343	157.0	84.0	10.0
1393215363836	10.878343	157.0	84.0	10.0
1393215363846	10.878343	157.0	84.0	10.0
1393215363856	9.852083	157.0	84.0	10.0
1393215363869	9.852083	157.0	84.0	10.0
1393215363879	9.852083	157.0	84.0	10.0
1393215363886	9.852083	157.0	84.0	10.0
1393215363897	10.878343	157.0	84.0	10.0
1393215363906	10.878343	157.0	84.0	10.0
1393215363917	10.878343	157.0	84.0	10.0
1393215363929	10.878343	157.0	84.0	10.0
1393215363936	10.878343	157.0	84.0	11.0
1393215363947	10.878343	157.0	84.0	11.0
1393215363956	10.878343	157.0	84.0	11.0
1393215363967	9.852083	157.0	84.0	11.0
1393215363979	9.852083	157.0	84.0	11.0
1393215363989	9.852083	157.0	84.0	11.0
1393215363997	9.852083	157.0	84.0	11.0
1393215364006	9.852083	157.0	84.0	11.0
1393215364017	9.852083	157.0	84.0	11.0
1393215364032	9.852083	157.0	84.0	11.0
1393215364037	9.852083	157.0	84.0	11.0
1393215364049	9.852083	157.0	84.0	10.0
1393215364057	9.852083	157.0	84.0	10.0
1393215364067	9.852083	157.0	84.0	10.0
1393215364079	9.852083	157.0	84.0	10.0
1393215364086	9.852083	157.0	84.0	10.0
1393215364097	9.852083	157.0	84.0	10.0
1393215364113	9.852083	157.0	84.0	10.0
1393215364117	0.0	157.0	84.0	11.0
1393215364134	0.0	157.0	84.0	11.0
1393215364137	0.0	157.0	84.0	11.0
1393215364147	8.35296	157.0	84.0	11.0
1393215364157	8.35296	157.0	84.0	11.0
1393215364169	8.35296	157.0	84.0	11.0
1393215364180	8.35296	156.0	84.0	11.0
1393215364187	9.852083	156.0	84.0	11.0
1393215364197	9.852083	156.0	84.0	11.0
1393215364208	9.852083	156.0	84.0	11.0
1393215364217	9.852083	157.0	84.0	11.0
1393215364233	9.852083	157.0	84.0	11.0
1393215364238	9.852083	157.0	84.0	11.0
1393215364247	9.852083	157.0	84.0	11.0
1393215364258	9.852083	157.0	84.0	11.0
1393215364267	9.852083	157.0	84.0	11.0
1393215364278	9.852083	157.0	84.0	11.0
1393215364289	9.852083	157.0	84.0	10.0
1393215364297	10.878343	157.0	84.0	10.0
1393215364307	10.878343	157.0	84.0	10.0
1393215364317	10.878343	157.0	84.0	10.0
1393215364338	10.878343	157.0	84.0	10.0
1393215364350	10.878343	157.0	84.0	10.0
1393215364357	10.878343	157.0	84.0	10.0
1393215364371	10.878343	157.0	84.0	10.0
1393215364379	9.852083	157.0	84.0	10.0
1393215364387	9.852083	157.0	84.0	10.0
1393215364397	9.852083	157.0	84.0	10.0
1393215364411	9.852083	157.0	84.0	10.0
1393215364416	9.852083	157.0	84.0	10.0
1393215364433	9.852083	157.0	84.0	10.0
1393215364436	9.852083	157.0	84.0	10.0
1393215364446	10.878343	157.0	84.0	10.0
1393215364456	10.878343	157.0	84.0	10.0
1393215364469	10.878343	157.0	84.0	10.0
1393215364478	10.878343	157.0	84.0	10.0
1393215364487	9.852083	157.0	84.0	10.0
1393215364497	9.852083	157.0	84.0	10.0
1393215364507	9.852083	157.0	84.0	10.0
1393215364517	9.852083	157.0	84.0	10.0
1393215364529	9.852083	157.0	84.0	10.0
1393215364547	9.852083	157.0	84.0	11.0
1393215364554	9.852083	157.0	84.0	11.0
1393215364557	9.852083	157.0	84.0	11.0
1393215364567	9.852083	157.0	84.0	11.0
1393215364584	9.852083	157.0	84.0	11.0
1393215364589	9.852083	157.0	84.0	11.0
1393215364597	10.878343	157.0	84.0	11.0
1393215364613	10.878343	157.0	84.0	11.0
1393215364617	10.878343	157.0	84.0	11.0
1393215364641	10.878343	157.0	84.0	11.0
1393215364643	9.852083	157.0	84.0	11.0
1393215364649	9.852083	157.0	84.0	11.0
1393215364662	9.852083	157.0	84.0	11.0
1393215364667	9.852083	157.0	84.0	11.0
1393215364679	10.878343	157.0	84.0	11.0
1393215364687	10.878343	157.0	84.0	11.0
1393215364697	10.878343	157.0	84.0	10.0
1393215364713	10.878343	157.0	84.0	11.0
1393215364717	10.878343	157.0	84.0	11.0
1393215364729	10.878343	157.0	84.0	11.0
1393215364742	10.878343	157.0	84.0	10.0
1393215364750	9.852083	157.0	84.0	10.0
1393215364770	9.852083	157.0	84.0	10.0
1393215364779	9.852083	157.0	84.0	10.0
1393215364798	10.878343	157.0	84.0	10.0
1393215364811	10.878343	157.0	84.0	10.0
1393215364818	10.878343	77.0	90.0	90.0
1393215364830	9.852083	157.0	84.0	10.0
1393215364845	9.852083	157.0	84.0	10.0
1393215364852	9.852083	157.0	84.0	10.0
1393215364858	10.878343	77.0	90.0	90.0
1393215364880	10.878343	157.0	84.0	10.0
1393215364895	10.878343	157.0	84.0	10.0
1393215364898	9.852083	157.0	84.0	10.0
1393215364912	9.852083	157.0	84.0	10.0
1393215364918	9.852083	157.0	84.0	10.0
1393215364933	9.852083	157.0	84.0	10.0
1393215364938	9.852083	157.0	84.0	10.0
1393215364953	9.852083	157.0	84.0	10.0
1393215364964	9.852083	157.0	84.0	10.0
1393215364968	9.852083	157.0	84.0	11.0
1393215364980	9.852083	157.0	84.0	11.0
1393215364988	9.852083	157.0	84.0	11.0
1393215365001	9.852083	157.0	84.0	11.0
1393215365014	9.852083	157.0	84.0	11.0
1393215365027	9.852083	157.0	84.0	11.0
1393215365039	9.852083	157.0	84.0	11.0
1393215365052	9.852083	77.0	90.0	90.0
1393215365057	9.852083	157.0	84.0	11.0
1393215365069	9.852083	157.0	84.0	11.0
1393215365077	9.852083	157.0	84.0	11.0
1393215365090	9.852083	157.0	84.0	11.0
1393215365097	9.852083	77.0	90.0	90.0
1393215365108	9.852083	157.0	84.0	10.0
1393215365118	9.852083	157.0	84.0	10.0
1393215365131	9.852083	157.0	84.0	10.0
1393215365140	9.852083	157.0	84.0	10.0
1393215365148	9.852083	157.0	84.0	10.0
1393215365166	9.852083	157.0	84.0	10.0
1393215365168	9.852083	157.0	84.0	10.0
1393215365179	9.852083	157.0	84.0	10.0
1393215365194	9.852083	157.0	84.0	10.0
1393215365198	9.852083	157.0	84.0	10.0
1393215365212	9.852083	157.0	84.0	10.0
1393215365218	9.852083	157.0	84.0	10.0
1393215365228	9.852083	157.0	84.0	10.0
1393215365239	9.852083	157.0	84.0	10.0
1393215365255	9.852083	157.0	84.0	10.0
1393215365261	9.852083	157.0	84.0	11.0
1393215365268	10.878343	157.0	84.0	10.0
1393215365279	10.878343	157.0	84.0	10.0
1393215365290	10.878343	157.0	84.0	10.0
1393215365298	10.878343	157.0	84.0	10.0
1393215365311	9.852083	157.0	84.0	10.0
1393215365342	9.852083	157.0	84.0	10.0
1393215365363	9.852083	157.0	84.0	11.0
1393215365364	9.852083	157.0	84.0	11.0
1393215365365	9.852083	157.0	84.0	11.0
1393215365367	9.852083	157.0	84.0	11.0
1393215365369	9.852083	157.0	84.0	11.0
1393215365377	9.852083	157.0	84.0	11.0
1393215365387	9.852083	157.0	84.0	11.0
1393215365398	9.852083	157.0	84.0	11.0
1393215365409	9.852083	157.0	84.0	11.0
1393215365417	0.0	157.0	84.0	11.0
1393215365430	0.0	157.0	84.0	11.0
1393215365438	0.0	157.0	84.0	11.0
1393215365448	8.35296	157.0	84.0	11.0
1393215365465	8.35296	157.0	84.0	11.0
1393215365468	8.35296	157.0	84.0	11.0
1393215365478	8.35296	157.0	84.0	11.0
1393215365492	9.852083	157.0	83.0	11.0
1393215365498	9.852083	157.0	83.0	11.0
1393215365508	9.852083	157.0	83.0	10.0
1393215365517	9.852083	157.0	83.0	10.0
1393215365527	9.852083	157.0	83.0	10.0
1393215365540	9.852083	157.0	83.0	10.0
1393215365549	9.852083	157.0	83.0	10.0
1393215365564	9.852083	157.0	83.0	10.0
1393215365568	9.852083	157.0	83.0	10.0
1393215365578	9.852083	157.0	83.0	10.0
1393215365592	9.852083	157.0	83.0	10.0
1393215365598	9.852083	157.0	83.0	10.0
1393215365613	9.852083	157.0	83.0	10.0
1393215365618	9.852083	157.0	83.0	10.0
1393215365630	9.852083	157.0	83.0	10.0
1393215365650	0.0	157.0	83.0	10.0
1393215365652	0.0	157.0	83.0	10.0
1393215365662	0.0	157.0	83.0	10.0
1393215365670	8.35296	157.0	83.0	10.0
1393215365678	8.35296	157.0	83.0	10.0
1393215365690	8.35296	157.0	84.0	10.0
1393215365698	8.35296	157.0	84.0	10.0
1393215365708	10.878343	157.0	84.0	10.0
1393215365718	10.878343	157.0	84.0	10.0
1393215365731	10.878343	157.0	84.0	10.0
1393215365738	10.878343	157.0	84.0	10.0
1393215365748	9.852083	157.0	84.0	10.0
1393215365758	9.852083	157.0	84.0	10.0
1393215365769	9.852083	157.0	84.0	10.0
1393215365792	9.852083	157.0	84.0	10.0
1393215365803	9.852083	157.0	84.0	10.0
1393215365807	9.852083	157.0	84.0	10.0
1393215365812	9.852083	157.0	84.0	10.0
1393215365819	10.878343	157.0	84.0	11.0
1393215365829	10.878343	157.0	84.0	11.0
1393215365855	10.878343	157.0	84.0	11.0
1393215365857	10.878343	157.0	84.0	11.0
1393215365859	10.878343	157.0	84.0	11.0
1393215365871	10.878343	157.0	84.0	11.0
1393215365880	10.878343	157.0	84.0	11.0
1393215365891	10.878343	157.0	84.0	11.0
1393215365899	9.852083	157.0	84.0	11.0
1393215365911	9.852083	157.0	84.0	11.0
1393215365919	9.852083	157.0	84.0	11.0
1393215365929	9.852083	157.0	84.0	11.0
1393215365941	9.852083	157.0	84.0	11.0
1393215365948	9.852083	157.0	84.0	11.0
1393215365958	9.852083	157.0	84.0	11.0
1393215365978	9.852083	157.0	84.0	10.0
1393215365980	9.852083	157.0	84.0	10.0
1393215365992	9.852083	157.0	84.0	10.0
1393215365998	9.852083	157.0	84.0	10.0
1393215366008	10.878343	157.0	84.0	10.0
1393215366018	10.878343	157.0	84.0	10.0
1393215366030	10.878343	157.0	84.0	10.0
1393215366039	10.878343	157.0	84.0	10.0
1393215366048	10.878343	157.0	84.0	10.0
1393215366058	10.878343	157.0	84.0	10.0
1393215366069	10.878343	157.0	84.0	10.0
1393215366083	10.878343	157.0	84.0	10.0
1393215366091	10.878343	157.0	84.0	10.0
1393215366098	10.878343	157.0	84.0	10.0
1393215366109	10.878343	157.0	84.0	10.0
1393215366119	9.852083	157.0	84.0	10.0
1393215366129	9.852083	157.0	84.0	10.0
1393215366139	9.852083	157.0	84.0	10.0
1393215366151	9.852083	157.0	84.0	10.0
1393215366159	10.878343	157.0	84.0	10.0
1393215366169	10.878343	157.0	84.0	10.0
1393215366181	10.878343	157.0	84.0	10.0
1393215366195	10.878343	157.0	84.0	10.0
1393215366199	9.852083	157.0	84.0	10.0
1393215366211	9.852083	157.0	84.0	10.0
1393215366220	9.852083	157.0	84.0	10.0
1393215366229	9.852083	157.0	84.0	10.0
1393215366239	9.852083	157.0	84.0	10.0
1393215366249	9.852083	157.0	84.0	10.0
1393215366259	9.852083	157.0	84.0	10.0
1393215366286	10.878343	157.0	84.0	10.0
1393215366289	10.878343	157.0	84.0	10.0
1393215366293	10.878343	157.0	84.0	10.0
1393215366299	10.878343	157.0	84.0	10.0
1393215366310	10.878343	157.0	84.0	10.0
1393215366321	10.878343	157.0	84.0	10.0
1393215366331	10.878343	157.0	84.0	10.0
1393215366340	10.878343	157.0	84.0	10.0
1393215366349	9.852083	157.0	84.0	10.0
1393215366359	9.852083	157.0	84.0	10.0
1393215366369	9.852083	157.0	84.0	10.0
1393215366379	9.852083	157.0	84.0	10.0
1393215366391	9.852083	157.0	84.0	10.0
1393215366399	9.852083	157.0	84.0	10.0
1393215366409	9.852083	157.0	84.0	10.0
1393215366422	9.852083	157.0	84.0	10.0
1393215366429	9.852083	157.0	84.0	10.0
1393215366439	9.852083	157.0	84.0	10.0
1393215366451	9.852083	157.0	84.0	10.0
1393215366459	9.852083	157.0	84.0	10.0
1393215366473	9.852083	157.0	84.0	10.0
1393215366486	9.852083	157.0	84.0	11.0
1393215366493	9.852083	157.0	84.0	11.0
1393215366499	9.852083	157.0	84.0	11.0
1393215366512	9.852083	157.0	84.0	11.0
1393215366523	9.852083	157.0	84.0	11.0
1393215366529	9.852083	157.0	84.0	11.0
1393215366540	9.852083	157.0	84.0	11.0
1393215366549	9.852083	157.0	84.0	11.0
1393215366559	9.852083	157.0	84.0	11.0
1393215366575	10.878343	157.0	84.0	11.0
1393215366586	10.878343	157.0	84.0	11.0
1393215366591	10.878343	157.0	84.0	11.0
1393215366599	10.878343	157.0	84.0	11.0
1393215366611	10.878343	157.0	84.0	11.0
1393215366624	10.878343	157.0	84.0	11.0
1393215366631	10.878343	157.0	84.0	11.0
1393215366643	9.852083	157.0	84.0	11.0
1393215366648	9.852083	157.0	84.0	11.0
1393215366659	9.852083	157.0	84.0	10.0
1393215366673	9.852083	157.0	84.0	10.0
1393215366679	10.878343	157.0	84.0	10.0
1393215366693	10.878343	157.0	84.0	10.0
1393215366699	10.878343	157.0	84.0	10.0
1393215366709	10.878343	157.0	84.0	10.0
1393215366723	9.852083	157.0	84.0	10.0
1393215366729	9.852083	157.0	84.0	10.0
1393215366740	9.852083	157.0	84.0	10.0
1393215366756	9.852083	157.0	84.0	10.0
1393215366759	10.878343	157.0	84.0	10.0
1393215366774	10.878343	157.0	84.0	10.0
1393215366779	10.878343	157.0	84.0	10.0
1393215366794	9.852083	157.0	84.0	10.0
1393215366799	9.852083	157.0	84.0	10.0
1393215366812	9.852083	157.0	84.0	10.0
1393215366824	9.852083	157.0	84.0	10.0
1393215366830	9.852083	157.0	84.0	10.0
1393215366841	9.852083	157.0	84.0	10.0
1393215366850	9.852083	157.0	84.0	10.0
1393215366860	9.852083	157.0	84.0	10.0
1393215366873	9.852083	157.0	84.0	10.0
1393215366879	9.852083	157.0	84.0	10.0
1393215366903	9.852083	157.0	84.0	10.0
1393215366906	9.852083	157.0	84.0	10.0
1393215366914	10.878343	157.0	84.0	10.0
1393215366938	10.878343	157.0	84.0	10.0
1393215366941	10.878343	157.0	84.0	10.0
1393215366944	10.878343	157.0	84.0	10.0
1393215366950	10.878343	157.0	84.0	10.0
1393215366961	10.878343	157.0	84.0	11.0
1393215366970	10.878343	157.0	84.0	11.0
1393215366979	9.852083	157.0	84.0	11.0
1393215366992	9.852083	157.0	84.0	11.0
1393215367001	9.852083	157.0	84.0	11.0
1393215367016	9.852083	157.0	84.0	11.0
1393215367020	10.878343	157.0	84.0	11.0
1393215367030	10.878343	157.0	84.0	11.0
1393215367040	10.878343	156.0	84.0	11.0
1393215367059	9.852083	156.0	84.0	11.0
1393215367061	9.852083	156.0	84.0	11.0
1393215367069	9.852083	156.0	84.0	11.0
1393215367079	9.852083	157.0	84.0	11.0
1393215367089	9.852083	157.0	84.0	11.0
1393215367100	9.852083	157.0	84.0	11.0
1393215367111	9.852083	157.0	84.0	11.0
1393215367119	9.852083	157.0	84.0	11.0
1393215367129	9.852083	157.0	84.0	11.0
1393215367139	9.852083	157.0	84.0	11.0
1393215367154	9.852083	157.0	84.0	11.0
1393215367159	0.0	157.0	84.0	11.0
1393215367173	0.0	157.0	84.0	11.0
1393215367180	0.0	157.0	84.0	11.0
1393215367190	5.824155	157.0	84.0	11.0
1393215367205	5.824155	157.0	84.0	11.0
1393215367210	5.824155	157.0	84.0	11.0
1393215367223	5.824155	157.0	84.0	11.0
1393215367233	9.852083	157.0	84.0	10.0
1393215367240	9.852083	157.0	84.0	10.0
1393215367252	9.852083	157.0	84.0	10.0
1393215367260	9.852083	157.0	84.0	10.0
1393215367271	9.852083	157.0	84.0	10.0
1393215367280	9.852083	157.0	84.0	10.0
1393215367292	9.852083	157.0	84.0	10.0
1393215367304	9.852083	157.0	84.0	10.0
1393215367312	9.852083	157.0	84.0	10.0
1393215367321	9.852083	157.0	84.0	10.0
1393215367330	9.852083	157.0	84.0	10.0
1393215367340	9.852083	157.0	84.0	10.0
1393215367353	9.852083	157.0	84.0	10.0
1393215367360	9.852083	157.0	84.0	10.0
1393215367370	9.852083	157.0	84.0	10.0
1393215367380	9.852083	157.0	84.0	10.0
1393215367390	9.852083	157.0	84.0	10.0
1393215367413	9.852083	3.0	23.0	13.0
1393215367415	9.852083	157.0	84.0	10.0
1393215367420	9.852083	157.0	84.0	10.0
1393215367430	9.852083	157.0	84.0	10.0
1393215367440	9.852083	157.0	84.0	10.0
1393215367453	9.852083	157.0	84.0	10.0
1393215367460	9.852083	157.0	84.0	10.0
1393215367473	9.852083	157.0	84.0	10.0
1393215367480	9.852083	157.0	84.0	10.0
1393215367490	9.852083	157.0	84.0	10.0
1393215367503	9.852083	157.0	84.0	10.0
1393215367510	9.852083	157.0	84.0	10.0
1393215367522	9.852083	157.0	84.0	10.0
1393215367543	9.852083	157.0	84.0	10.0
1393215367583	9.852083	157.0	84.0	10.0
1393215367584	9.852083	157.0	84.0	10.0
1393215367585	9.852083	157.0	84.0	10.0
1393215367587	9.852083	157.0	84.0	10.0
1393215367593	9.852083	157.0	84.0	10.0
1393215367602	0.0	157.0	84.0	10.0
1393215367613	0.0	158.0	84.0	10.0
1393215367625	0.0	158.0	84.0	10.0
1393215367630	8.35296	158.0	84.0	10.0
1393215367644	8.35296	158.0	84.0	10.0
1393215367653	8.35296	158.0	84.0	10.0
1393215367660	8.35296	158.0	84.0	10.0
1393215367673	9.852083	158.0	84.0	10.0
1393215367680	9.852083	157.0	84.0	10.0
1393215367690	9.852083	157.0	84.0	10.0
1393215367702	9.852083	157.0	84.0	10.0
1393215367715	9.852083	157.0	84.0	10.0
1393215367721	9.852083	157.0	84.0	10.0
1393215367730	9.852083	157.0	84.0	10.0
1393215367740	9.852083	157.0	84.0	10.0
1393215367753	9.852083	157.0	84.0	10.0
1393215367760	9.852083	157.0	84.0	10.0
1393215367775	9.852083	157.0	84.0	10.0
1393215367782	0.0	157.0	84.0	10.0
1393215367791	0.0	157.0	84.0	10.0
1393215367801	0.0	157.0	84.0	10.0
1393215367811	10.565665	157.0	84.0	10.0
1393215367825	10.565665	157.0	84.0	10.0
1393215367835	10.565665	157.0	84.0	10.0
1393215367842	10.565665	157.0	84.0	10.0
1393215367857	10.878343	157.0	84.0	10.0
1393215367866	10.878343	157.0	84.0	10.0
1393215367871	10.878343	157.0	84.0	10.0
1393215367881	10.878343	157.0	84.0	10.0
1393215367894	9.852083	157.0	84.0	10.0
1393215367904	9.852083	157.0	84.0	10.0
1393215367919	9.852083	157.0	84.0	10.0
1393215367923	9.852083	157.0	84.0	10.0
1393215367931	10.878343	157.0	84.0	10.0
1393215367941	10.878343	157.0	84.0	10.0
1393215367959	10.878343	157.0	84.0	10.0
1393215367963	9.852083	157.0	84.0	10.0
1393215367975	9.852083	157.0	84.0	10.0
1393215367984	9.852083	157.0	84.0	10.0
1393215367994	9.852083	157.0	84.0	10.0
1393215368008	10.878343	157.0	84.0	10.0
1393215368013	10.878343	157.0	84.0	10.0
1393215368025	10.878343	157.0	84.0	10.0
1393215368030	10.878343	157.0	84.0	10.0
1393215368040	9.852083	157.0	84.0	10.0
1393215368050	9.852083	157.0	84.0	10.0
1393215368060	9.852083	157.0	84.0	10.0
1393215368074	9.852083	157.0	84.0	10.0
1393215368083	9.852083	157.0	84.0	10.0
1393215368091	9.852083	157.0	84.0	10.0
1393215368102	9.852083	157.0	84.0	10.0
1393215368111	9.852083	157.0	84.0	10.0
1393215368125	9.852083	157.0	84.0	10.0
1393215368136	9.852083	157.0	84.0	10.0
1393215368140	9.852083	157.0	84.0	10.0
1393215368151	9.852083	157.0	83.0	10.0
1393215368160	9.852083	157.0	83.0	10.0
1393215368170	9.852083	157.0	83.0	10.0
1393215368184	9.852083	157.0	83.0	10.0
1393215368192	10.878343	157.0	83.0	10.0
1393215368204	10.878343	157.0	83.0	10.0
1393215368210	10.878343	157.0	83.0	10.0
1393215368225	9.852083	157.0	83.0	10.0
1393215368235	9.852083	157.0	84.0	10.0
1393215368241	9.852083	157.0	84.0	10.0
1393215368253	9.852083	157.0	84.0	10.0
1393215368261	10.878343	157.0	84.0	10.0
1393215368274	10.878343	157.0	84.0	10.0
1393215368283	10.878343	157.0	84.0	10.0
1393215368290	10.878343	157.0	84.0	10.0
1393215368300	9.852083	157.0	84.0	10.0
1393215368315	9.852083	157.0	84.0	10.0
1393215368327	9.852083	157.0	84.0	10.0
1393215368332	9.852083	157.0	84.0	10.0
1393215368341	10.878343	157.0	84.0	10.0
1393215368352	10.878343	157.0	84.0	10.0
1393215368361	10.878343	157.0	84.0	10.0
1393215368374	9.852083	157.0	84.0	10.0
1393215368390	9.852083	157.0	84.0	10.0
1393215368391	9.852083	157.0	84.0	10.0
1393215368401	9.852083	157.0	84.0	10.0
1393215368428	9.852083	157.0	84.0	10.0
1393215368439	9.852083	157.0	84.0	10.0
1393215368446	9.852083	157.0	84.0	10.0
1393215368456	9.852083	157.0	84.0	10.0
1393215368463	9.852083	157.0	84.0	10.0
1393215368472	9.852083	157.0	84.0	10.0
1393215368483	9.852083	157.0	84.0	10.0
1393215368493	9.852083	77.0	90.0	90.0
1393215368501	9.852083	157.0	84.0	10.0
1393215368514	9.852083	157.0	84.0	10.0
1393215368521	0.0	157.0	83.0	10.0
1393215368538	0.0	157.0	83.0	10.0
1393215368541	0.0	0.0	90.0	0.0
1393215368554	5.824155	157.0	83.0	10.0
1393215368563	5.824155	157.0	83.0	10.0
1393215368572	5.824155	157.0	83.0	10.0
1393215368588	5.824155	157.0	83.0	10.0
1393215368591	9.852083	77.0	90.0	90.0
1393215368602	9.852083	158.0	83.0	10.0
1393215368622	9.852083	158.0	83.0	10.0
1393215368627	9.852083	158.0	83.0	10.0
1393215368655	9.852083	158.0	83.0	10.0
1393215368658	9.852083	158.0	84.0	10.0
1393215368664	9.852083	157.0	84.0	10.0
1393215368667	9.852083	157.0	84.0	10.0
1393215368676	9.852083	157.0	84.0	10.0
1393215368685	9.852083	157.0	84.0	10.0
1393215368694	9.852083	157.0	84.0	10.0
1393215368703	9.852083	157.0	84.0	10.0
1393215368713	9.852083	157.0	84.0	10.0
1393215368722	9.852083	157.0	84.0	10.0
1393215368743	9.852083	157.0	84.0	10.0
1393215368747	10.878343	158.0	84.0	10.0
1393215368754	10.878343	158.0	84.0	10.0
1393215368764	10.878343	158.0	84.0	10.0
1393215368771	10.878343	158.0	84.0	10.0
1393215368783	10.878343	158.0	84.0	10.0
1393215368793	10.878343	158.0	84.0	10.0
1393215368801	10.878343	158.0	84.0	10.0
1393215368824	9.852083	158.0	83.0	10.0
1393215368846	9.852083	158.0	83.0	10.0
1393215368848	9.852083	158.0	83.0	10.0
1393215368855	9.852083	158.0	83.0	10.0
1393215368864	9.852083	158.0	83.0	10.0
1393215368873	9.852083	158.0	83.0	10.0
1393215368883	9.852083	158.0	83.0	10.0
1393215368891	10.878343	158.0	83.0	10.0
1393215368901	10.878343	158.0	83.0	10.0
1393215368922	10.878343	157.0	83.0	10.0
1393215368925	10.878343	157.0	83.0	10.0
1393215368938	10.878343	157.0	83.0	10.0
1393215368945	10.878343	157.0	83.0	10.0
1393215368955	10.878343	157.0	83.0	10.0
1393215368964	9.852083	157.0	83.0	10.0
1393215368973	9.852083	157.0	83.0	10.0
1393215368984	9.852083	157.0	83.0	10.0
1393215368991	9.852083	157.0	83.0	10.0
1393215369001	10.878343	157.0	83.0	10.0
1393215369013	10.878343	157.0	83.0	10.0
1393215369023	10.878343	157.0	83.0	10.0
1393215369037	10.878343	157.0	83.0	10.0
1393215369045	9.852083	157.0	84.0	10.0
1393215369055	9.852083	157.0	84.0	10.0
1393215369070	9.852083	157.0	84.0	10.0
1393215369073	9.852083	157.0	84.0	10.0
1393215369087	10.878343	157.0	83.0	10.0
1393215369097	10.878343	157.0	83.0	10.0
1393215369107	10.878343	157.0	83.0	10.0
1393215369114	9.852083	157.0	83.0	10.0
1393215369124	9.852083	157.0	83.0	10.0
1393215369133	9.852083	157.0	83.0	10.0
1393215369153	9.852083	157.0	83.0	10.0
1393215369155	9.852083	157.0	83.0	10.0
1393215369163	9.852083	77.0	90.0	90.0
1393215369173	9.852083	158.0	83.0	10.0
1393215369184	9.852083	158.0	83.0	10.0
1393215369192	11.9046	158.0	83.0	10.0
1393215369202	11.9046	158.0	83.0	10.0
1393215369216	11.9046	158.0	83.0	10.0
1393215369222	11.9046	158.0	83.0	10.0
1393215369234	9.852083	158.0	83.0	10.0
1393215369242	9.852083	158.0	83.0	10.0
1393215369262	9.852083	158.0	83.0	10.0
1393215369268	10.878343	158.0	83.0	10.0
1393215369275	10.878343	158.0	83.0	10.0
1393215369282	10.878343	158.0	83.0	10.0
1393215369292	10.878343	158.0	83.0	10.0
1393215369302	9.852083	158.0	83.0	10.0
1393215369316	9.852083	158.0	83.0	10.0
1393215369323	9.852083	158.0	83.0	10.0
1393215369334	9.852083	158.0	83.0	10.0
1393215369342	9.852083	157.0	83.0	10.0
1393215369356	9.852083	157.0	83.0	10.0
1393215369364	9.852083	157.0	83.0	10.0
1393215369373	9.852083	158.0	83.0	10.0
1393215369383	9.852083	158.0	83.0	10.0
1393215369398	9.852083	158.0	83.0	10.0
1393215369402	9.852083	158.0	83.0	10.0
1393215369415	9.852083	158.0	83.0	10.0
1393215369423	9.852083	158.0	83.0	10.0
1393215369432	9.852083	158.0	83.0	10.0
1393215369447	9.852083	158.0	83.0	10.0
1393215369463	9.852083	158.0	83.0	10.0
1393215369481	9.852083	158.0	83.0	10.0
1393215369488	9.852083	158.0	83.0	10.0
1393215369494	9.852083	158.0	83.0	10.0
1393215369507	9.852083	158.0	83.0	10.0
1393215369514	9.852083	158.0	83.0	10.0
1393215369523	9.852083	158.0	83.0	10.0
1393215369546	9.852083	158.0	83.0	10.0
1393215369548	9.852083	158.0	83.0	10.0
1393215369561	9.852083	158.0	83.0	10.0
1393215369563	9.852083	158.0	83.0	10.0
1393215369575	9.852083	158.0	83.0	10.0
1393215369584	9.852083	158.0	83.0	10.0
1393215369594	9.852083	158.0	83.0	10.0
1393215369602	9.852083	158.0	83.0	10.0
1393215369615	9.852083	158.0	83.0	10.0
1393215369623	9.852083	158.0	83.0	10.0
1393215369639	0.0	158.0	83.0	10.0
1393215369644	0.0	158.0	83.0	10.0
1393215369652	0.0	158.0	83.0	10.0
1393215369666	5.824155	158.0	83.0	10.0
1393215369674	5.824155	158.0	83.0	10.0
1393215369683	5.824155	158.0	83.0	10.0
1393215369698	5.824155	158.0	83.0	10.0
1393215369702	9.852083	158.0	83.0	10.0
1393215369717	9.852083	158.0	83.0	10.0
1393215369723	9.852083	77.0	90.0	90.0
1393215369736	9.852083	158.0	83.0	10.0
1393215369745	9.852083	158.0	83.0	10.0
1393215369757	9.852083	158.0	83.0	10.0
1393215369773	9.852083	158.0	83.0	10.0
1393215369774	9.852083	158.0	83.0	10.0
1393215369782	9.852083	158.0	83.0	10.0
1393215369792	9.852083	158.0	83.0	10.0
1393215369802	9.852083	158.0	83.0	10.0
1393215369814	9.852083	158.0	83.0	10.0
1393215369822	9.852083	158.0	83.0	10.0
1393215369832	9.852083	158.0	83.0	10.0
1393215369844	9.852083	158.0	83.0	10.0
1393215369852	0.0	158.0	83.0	10.0
1393215369866	0.0	158.0	83.0	10.0
1393215369873	0.0	158.0	83.0	10.0
1393215369882	10.881765	158.0	83.0	10.0
1393215369893	10.881765	158.0	83.0	10.0
1393215369902	10.881765	158.0	83.0	10.0
1393215369912	10.881765	158.0	83.0	10.0
1393215369923	9.852083	158.0	83.0	10.0
1393215369935	9.852083	158.0	83.0	10.0
1393215369946	9.852083	165.0	83.0	177.0
1393215369952	9.852083	158.0	83.0	10.0
1393215369963	9.852083	158.0	83.0	10.0
1393215369974	9.852083	158.0	83.0	10.0
1393215369983	9.852083	158.0	83.0	10.0
1393215369996	9.852083	158.0	83.0	10.0
1393215370003	9.852083	158.0	83.0	10.0
1393215370016	9.852083	158.0	83.0	10.0
1393215370022	9.852083	158.0	83.0	10.0
1393215370032	9.852083	158.0	83.0	10.0
1393215370044	9.852083	158.0	83.0	10.0
1393215370054	9.852083	158.0	83.0	10.0
1393215370068	9.852083	158.0	83.0	10.0
1393215370073	9.852083	158.0	83.0	10.0
1393215370084	9.852083	158.0	83.0	10.0
1393215370103	9.852083	158.0	83.0	10.0
1393215370115	10.878343	158.0	83.0	10.0
1393215370123	10.878343	158.0	83.0	10.0
1393215370138	10.878343	158.0	83.0	10.0
1393215370143	10.878343	158.0	83.0	10.0
1393215370153	10.878343	157.0	83.0	10.0
1393215370164	10.878343	157.0	83.0	10.0
1393215370179	10.878343	157.0	83.0	10.0
1393215370183	10.878343	157.0	83.0	10.0
1393215370197	10.878343	157.0	83.0	10.0
1393215370203	10.878343	158.0	83.0	10.0
1393215370213	10.878343	158.0	83.0	10.0
1393215370223	9.852083	158.0	83.0	10.0
1393215370235	9.852083	158.0	83.0	10.0
1393215370245	9.852083	158.0	83.0	10.0
1393215370253	9.852083	158.0	83.0	10.0
1393215370264	9.852083	158.0	83.0	10.0
1393215370274	9.852083	158.0	83.0	10.0
1393215370283	9.852083	158.0	83.0	10.0
1393215370298	9.852083	158.0	83.0	10.0
1393215370303	9.852083	158.0	83.0	10.0
1393215370314	9.852083	158.0	83.0	10.0
1393215370359	9.852083	158.0	83.0	10.0
1393215370367	0.0	158.0	83.0	10.0
1393215370368	0.0	158.0	83.0	10.0
1393215370369	0.0	158.0	83.0	10.0
1393215370370	8.35296	158.0	83.0	10.0
1393215370376	8.35296	158.0	83.0	10.0
1393215370382	8.35296	158.0	83.0	10.0
1393215370394	8.35296	158.0	83.0	10.0
1393215370402	10.878343	158.0	83.0	10.0
1393215370416	10.878343	158.0	83.0	10.0
1393215370423	10.878343	158.0	83.0	10.0
1393215370433	10.878343	158.0	83.0	10.0
1393215370454	9.852083	158.0	83.0	10.0
1393215370457	9.852083	158.0	83.0	10.0
1393215370464	9.852083	158.0	83.0	10.0
1393215370487	9.852083	158.0	83.0	10.0
1393215370491	9.852083	158.0	83.0	10.0
1393215370496	9.852083	158.0	83.0	10.0
1393215370505	9.852083	158.0	83.0	10.0
1393215370516	9.852083	77.0	90.0	90.0
1393215370540	9.852083	17.0	78.0	2.0
1393215370547	9.852083	158.0	83.0	10.0
1393215370552	9.852083	158.0	83.0	10.0
1393215370557	9.852083	158.0	83.0	10.0
1393215370572	9.852083	3.0	23.0	13.0
1393215370574	9.852083	158.0	83.0	10.0
1393215370585	9.852083	158.0	83.0	10.0
1393215370597	10.878343	158.0	83.0	10.0
1393215370604	10.878343	77.0	90.0	90.0
1393215370618	10.878343	158.0	83.0	10.0
1393215370638	9.852083	77.0	90.0	90.0
1393215370645	9.852083	108.0	38.0	103.0
1393215370660	9.852083	158.0	83.0	10.0
1393215370661	9.852083	158.0	83.0	10.0
1393215370666	9.852083	158.0	83.0	10.0
1393215370673	9.852083	158.0	83.0	10.0
1393215370687	9.852083	158.0	83.0	10.0
1393215370692	9.852083	158.0	83.0	10.0
1393215370703	9.852083	158.0	83.0	10.0
1393215370716	9.852083	158.0	83.0	10.0
1393215370726	9.852083	158.0	83.0	10.0
1393215370733	9.852083	158.0	83.0	10.0
1393215370757	9.852083	157.0	83.0	10.0
1393215370758	9.852083	157.0	83.0	10.0
1393215370771	9.852083	157.0	83.0	10.0
1393215370774	9.852083	157.0	83.0	10.0
1393215370787	9.852083	157.0	83.0	10.0
1393215370793	9.852083	157.0	83.0	10.0
1393215370804	9.852083	157.0	83.0	10.0
1393215370814	0.0	158.0	83.0	10.0
1393215370826	0.0	158.0	83.0	10.0
1393215370836	0.0	158.0	83.0	10.0
1393215370844	5.824155	158.0	83.0	10.0
1393215370853	5.824155	158.0	83.0	10.0
1393215370864	5.824155	158.0	83.0	10.0
1393215370875	5.824155	158.0	83.0	10.0
1393215370888	9.852083	158.0	83.0	10.0
1393215370895	9.852083	158.0	83.0	10.0
1393215370903	9.852083	157.0	83.0	10.0
1393215370914	9.852083	157.0	83.0	10.0
1393215370927	10.878343	2.0	83.0	10.0
1393215370933	10.878343	157.0	83.0	10.0
1393215370944	10.878343	157.0	83.0	10.0
1393215370956	10.878343	157.0	83.0	10.0
1393215370963	9.852083	157.0	83.0	10.0
1393215370974	9.852083	158.0	83.0	10.0
1393215370990	9.852083	158.0	83.0	10.0
1393215370996	9.852083	158.0	83.0	9.0
1393215371004	9.852083	158.0	83.0	9.0
1393215371016	9.852083	158.0	83.0	9.0
1393215371027	9.852083	158.0	83.0	9.0
1393215371033	9.852083	158.0	83.0	9.0
1393215371045	9.852083	158.0	83.0	9.0
1393215371054	9.852083	158.0	83.0	9.0
1393215371064	9.852083	158.0	83.0	9.0
1393215371077	10.878343	158.0	83.0	9.0
1393215371083	10.878343	158.0	83.0	9.0
1393215371098	10.878343	158.0	83.0	10.0
1393215371104	9.852083	158.0	83.0	10.0
1393215371114	9.852083	158.0	83.0	10.0
1393215371132	9.852083	158.0	83.0	10.0
1393215371137	9.852083	158.0	83.0	10.0
1393215371144	9.852083	158.0	83.0	10.0
1393215371154	9.852083	158.0	83.0	10.0
1393215371164	9.852083	158.0	83.0	10.0
1393215371183	9.852083	158.0	83.0	9.0
1393215371193	11.9046	158.0	83.0	9.0
1393215371197	11.9046	158.0	83.0	9.0
1393215371205	11.9046	158.0	83.0	9.0
1393215371216	11.9046	158.0	83.0	9.0
1393215371232	9.852083	159.0	83.0	9.0
1393215371236	9.852083	159.0	83.0	9.0
1393215371246	9.852083	159.0	83.0	9.0
1393215371266	9.852083	159.0	83.0	9.0
1393215371267	9.852083	159.0	83.0	9.0
1393215371283	9.852083	159.0	83.0	9.0
1393215371286	9.852083	159.0	83.0	9.0
1393215371303	10.878343	158.0	83.0	9.0
1393215371308	10.878343	158.0	83.0	9.0
1393215371333	10.878343	158.0	83.0	10.0
1393215371334	10.878343	158.0	83.0	10.0
1393215371336	9.852083	158.0	83.0	10.0
1393215371343	9.852083	158.0	83.0	10.0
1393215371353	9.852083	158.0	83.0	10.0
1393215371364	9.852083	158.0	83.0	10.0
1393215371383	9.852083	158.0	83.0	10.0
1393215371395	9.852083	158.0	83.0	10.0
1393215371409	9.852083	158.0	83.0	10.0
1393215371415	9.852083	158.0	83.0	10.0
1393215371428	9.852083	158.0	83.0	10.0
1393215371436	9.852083	158.0	83.0	10.0
1393215371444	9.852083	158.0	83.0	10.0
1393215371454	9.852083	158.0	83.0	10.0
1393215371464	9.852083	158.0	83.0	9.0
1393215371476	9.852083	158.0	83.0	9.0
1393215371484	9.852083	158.0	83.0	10.0
1393215371496	9.852083	158.0	83.0	10.0
1393215371511	9.852083	158.0	83.0	9.0
1393215371514	9.852083	158.0	83.0	9.0
1393215371527	9.852083	158.0	83.0	9.0
1393215371533	9.852083	158.0	83.0	9.0
1393215371544	9.852083	158.0	83.0	10.0
1393215371559	0.0	158.0	83.0	10.0
1393215371564	0.0	158.0	83.0	10.0
1393215371577	0.0	158.0	83.0	10.0
1393215371584	8.35296	158.0	83.0	10.0
1393215371604	8.35296	158.0	83.0	10.0
1393215371605	8.35296	158.0	83.0	10.0
1393215371617	8.35296	158.0	83.0	9.0
1393215371627	9.852083	158.0	83.0	9.0
1393215371634	9.852083	158.0	83.0	9.0
1393215371648	9.852083	158.0	83.0	9.0
1393215371654	9.852083	158.0	83.0	9.0
1393215371664	9.852083	158.0	83.0	9.0
1393215371676	9.852083	158.0	83.0	9.0
1393215371684	9.852083	158.0	83.0	9.0
1393215371695	9.852083	158.0	83.0	9.0
1393215371713	9.852083	158.0	83.0	10.0
1393215371715	9.852083	158.0	83.0	10.0
1393215371725	9.852083	158.0	83.0	10.0
1393215371736	0.0	158.0	83.0	10.0
1393215371744	0.0	158.0	83.0	10.0
1393215371755	0.0	158.0	83.0	9.0
1393215371764	8.35296	159.0	83.0	9.0
1393215371774	8.35296	159.0	83.0	9.0
1393215371784	8.35296	160.0	83.0	8.0
1393215371796	8.35296	160.0	83.0	8.0
1393215371814	10.878343	160.0	83.0	7.0
1393215371816	10.878343	161.0	83.0	7.0
1393215371827	10.878343	161.0	83.0	7.0
1393215371835	10.878343	161.0	83.0	7.0
1393215371844	10.878343	161.0	83.0	7.0
1393215371858	10.878343	161.0	83.0	7.0
1393215371864	10.878343	161.0	83.0	7.0
1393215371875	10.878343	161.0	83.0	7.0
1393215371886	9.852083	161.0	84.0	7.0
1393215371894	9.852083	161.0	84.0	7.0
1393215371908	9.852083	160.0	84.0	7.0
1393215371918	10.878343	160.0	84.0	7.0
1393215371930	10.878343	160.0	84.0	7.0
1393215371935	10.878343	160.0	84.0	7.0
1393215371945	10.878343	160.0	84.0	8.0
1393215371968	9.852083	160.0	84.0	8.0
1393215371970	9.852083	159.0	84.0	8.0
1393215371977	9.852083	159.0	84.0	8.0
1393215371984	9.852083	159.0	84.0	8.0
1393215371994	10.878343	160.0	84.0	8.0
1393215372004	10.878343	160.0	84.0	8.0
1393215372016	10.878343	160.0	84.0	7.0
1393215372024	9.852083	160.0	84.0	7.0
1393215372037	9.852083	160.0	84.0	7.0
1393215372050	9.852083	160.0	84.0	7.0
1393215372057	9.852083	160.0	83.0	7.0
1393215372064	9.852083	161.0	83.0	7.0
1393215372076	9.852083	161.0	83.0	7.0
1393215372085	9.852083	161.0	83.0	7.0
1393215372097	9.852083	161.0	84.0	7.0
1393215372107	9.852083	161.0	84.0	7.0
1393215372117	9.852083	161.0	84.0	7.0
1393215372124	9.852083	161.0	84.0	7.0
1393215372134	9.852083	160.0	83.0	7.0
1393215372144	10.878343	160.0	83.0	7.0
1393215372157	10.878343	160.0	83.0	7.0
1393215372164	10.878343	161.0	83.0	7.0
1393215372174	9.852083	161.0	83.0	7.0
1393215372185	9.852083	161.0	83.0	7.0
1393215372194	9.852083	161.0	83.0	7.0
1393215372208	9.852083	161.0	83.0	7.0
1393215372217	9.852083	160.0	83.0	7.0
1393215372225	9.852083	160.0	83.0	7.0
1393215372235	9.852083	160.0	83.0	7.0
1393215372245	9.852083	160.0	83.0	7.0
1393215372257	9.852083	160.0	83.0	7.0
1393215372265	9.852083	160.0	83.0	7.0
1393215372278	9.852083	160.0	83.0	7.0
1393215372285	9.852083	160.0	83.0	7.0
1393215372296	9.852083	160.0	84.0	7.0
1393215372307	9.852083	160.0	84.0	7.0
1393215372326	9.852083	114.0	15.0	84.0
1393215372327	0.0	160.0	84.0	7.0
1393215372340	0.0	160.0	83.0	7.0
1393215372345	0.0	160.0	83.0	7.0
1393215372358	8.35296	160.0	83.0	7.0
1393215372364	8.35296	160.0	83.0	7.0
1393215372376	8.35296	160.0	83.0	7.0
1393215372386	8.35296	160.0	83.0	7.0
1393215372397	9.852083	160.0	84.0	7.0
1393215372407	9.852083	160.0	84.0	7.0
1393215372414	9.852083	160.0	84.0	7.0
1393215372426	9.852083	160.0	83.0	7.0
1393215372434	9.852083	160.0	83.0	7.0
1393215372444	9.852083	160.0	83.0	8.0
1393215372457	9.852083	160.0	83.0	8.0
1393215372464	9.852083	159.0	83.0	8.0
1393215372475	9.852083	159.0	83.0	8.0
1393215372485	9.852083	159.0	83.0	8.0
1393215372495	9.852083	159.0	83.0	8.0
1393215372505	10.878343	159.0	83.0	8.0
1393215372517	10.878343	159.0	83.0	8.0
1393215372531	10.878343	159.0	83.0	8.0
1393215372535	10.878343	159.0	83.0	8.0
1393215372546	9.852083	160.0	83.0	8.0
1393215372597	9.852083	160.0	83.0	8.0
1393215372599	9.852083	160.0	83.0	8.0
1393215372601	9.852083	160.0	83.0	8.0
1393215372602	10.878343	160.0	83.0	7.0
1393215372604	10.878343	160.0	83.0	7.0
1393215372605	10.878343	161.0	83.0	7.0
1393215372617	9.852083	161.0	83.0	7.0
1393215372628	9.852083	161.0	83.0	6.0
1393215372648	9.852083	161.0	83.0	6.0
1393215372649	9.852083	161.0	83.0	6.0
1393215372664	9.852083	161.0	83.0	7.0
1393215372675	9.852083	161.0	83.0	7.0
1393215372685	9.852083	160.0	83.0	7.0
1393215372697	9.852083	160.0	83.0	8.0
1393215372787	9.852083	159.0	83.0	8.0
1393215372789	9.852083	159.0	83.0	8.0
1393215372818	9.852083	159.0	83.0	8.0
1393215372819	9.852083	159.0	83.0	8.0
