1393214338571	0.0	142.0	1.0	178.0
1393214338575	0.0	143.0	1.0	178.0
1393214338577	0.0	143.0	1.0	178.0
1393214338679	0.0	143.0	1.0	178.0
1393214338681	0.0	139.0	1.0	1.0
1393214338682	0.0	143.0	1.0	178.0
1393214338683	0.0	143.0	1.0	178.0
1393214338684	0.0	143.0	1.0	178.0
1393214338686	0.0	144.0	1.0	178.0
1393214338687	0.0	143.0	1.0	178.0
1393214338688	0.0	143.0	1.0	178.0
1393214338689	0.0	143.0	1.0	178.0
1393214338691	0.0	144.0	1.0	178.0
1393214338711	0.0	144.0	1.0	178.0
1393214338713	0.0	144.0	1.0	178.0
1393214338715	0.0	143.0	1.0	178.0
1393214338716	0.0	144.0	1.0	178.0
1393214338727	0.0	145.0	1.0	178.0
1393214338733	0.0	144.0	1.0	178.0
1393214338743	0.0	144.0	1.0	178.0
1393214338751	0.0	144.0	1.0	178.0
1393214338761	0.0	144.0	1.0	178.0
1393214338773	0.0	144.0	1.0	178.0
1393214338781	0.0	144.0	1.0	178.0
1393214338792	0.0	144.0	1.0	178.0
1393214338801	0.0	144.0	1.0	178.0
1393214338811	0.0	144.0	1.0	178.0
1393214338821	0.0	144.0	1.0	178.0
1393214338831	0.0	144.0	1.0	178.0
1393214338841	0.0	145.0	1.0	178.0
1393214338853	0.0	145.0	1.0	178.0
1393214338861	0.0	144.0	1.0	178.0
1393214338871	0.0	144.0	1.0	178.0
1393214338881	0.0	145.0	1.0	178.0
1393214338891	0.0	144.0	1.0	178.0
1393214338901	0.0	144.0	1.0	178.0
1393214338912	0.0	145.0	1.0	178.0
1393214338921	0.0	144.0	1.0	178.0
1393214338931	0.0	144.0	1.0	178.0
1393214338941	0.0	144.0	1.0	178.0
1393214338951	0.0	145.0	1.0	178.0
1393214338962	0.0	145.0	1.0	178.0
1393214338974	0.0	145.0	1.0	178.0
1393214338987	0.0	145.0	1.0	178.0
1393214338998	0.0	145.0	1.0	178.0
1393214339003	0.0	145.0	1.0	178.0
1393214339014	0.0	145.0	1.0	178.0
1393214339024	0.0	144.0	1.0	178.0
1393214339035	0.0	144.0	1.0	178.0
1393214339041	0.0	144.0	1.0	178.0
1393214339051	0.0	144.0	1.0	178.0
1393214339061	0.0	144.0	1.0	178.0
1393214339072	0.0	144.0	1.0	178.0
1393214339082	0.0	0.0	90.0	0.0
1393214339093	0.0	144.0	1.0	178.0
1393214339102	0.0	144.0	1.0	178.0
1393214339112	0.0	144.0	1.0	178.0
1393214339124	0.0	144.0	1.0	178.0
1393214339132	0.0	144.0	1.0	178.0
1393214339142	0.0	144.0	1.0	178.0
1393214339155	0.0	144.0	1.0	178.0
1393214339163	0.0	144.0	1.0	178.0
1393214339174	0.0	144.0	1.0	178.0
1393214339209	0.0	143.0	1.0	178.0
1393214339214	0.0	143.0	1.0	178.0
1393214339217	0.0	143.0	1.0	178.0
1393214339223	0.0	143.0	1.0	178.0
1393214339232	0.0	143.0	1.0	178.0
1393214339243	0.0	143.0	1.0	178.0
1393214339252	0.0	143.0	1.0	178.0
1393214339328	0.0	143.0	1.0	178.0
1393214339330	0.0	142.0	1.0	178.0
1393214339332	0.0	142.0	1.0	178.0
1393214339334	0.0	142.0	1.0	179.0
1393214339336	0.0	142.0	1.0	179.0
1393214339337	0.0	142.0	1.0	179.0
1393214339340	0.0	142.0	1.0	179.0
1393214339343	0.0	142.0	1.0	179.0
1393214339393	0.0	141.0	1.0	179.0
1393214339394	0.0	141.0	1.0	179.0
1393214339397	0.0	141.0	1.0	179.0
1393214339398	0.0	142.0	1.0	179.0
1393214339401	0.0	142.0	1.0	179.0
1393214339403	0.0	142.0	1.0	179.0
1393214339404	0.0	142.0	1.0	179.0
1393214339412	0.0	0.0	90.0	0.0
1393214339423	0.0	141.0	1.0	179.0
1393214339432	0.0	141.0	1.0	179.0
1393214339445	0.0	141.0	1.0	179.0
1393214339454	0.0	141.0	1.0	179.0
1393214339462	0.0	141.0	1.0	179.0
1393214339473	0.0	141.0	1.0	179.0
1393214339482	0.0	141.0	1.0	179.0
1393214339502	0.0	141.0	1.0	179.0
1393214339504	0.0	141.0	1.0	179.0
1393214339515	0.0	140.0	1.0	179.0
1393214339522	0.0	140.0	1.0	179.0
1393214339532	0.0	140.0	1.0	179.0
1393214339551	0.0	140.0	1.0	179.0
1393214339553	0.0	140.0	1.0	179.0
1393214339562	0.0	140.0	1.0	179.0
1393214339577	0.0	140.0	1.0	179.0
1393214339582	0.0	140.0	1.0	180.0
1393214339594	0.0	139.0	1.0	180.0
1393214339603	0.0	139.0	1.0	180.0
1393214339613	0.0	139.0	1.0	180.0
1393214339628	0.0	139.0	1.0	180.0
1393214339634	0.0	139.0	1.0	180.0
1393214339644	0.0	139.0	1.0	180.0
1393214339652	0.0	139.0	1.0	180.0
1393214339662	0.0	139.0	1.0	180.0
1393214339681	0.0	139.0	1.0	180.0
1393214339684	0.0	139.0	1.0	180.0
1393214339694	0.0	138.0	1.0	180.0
1393214339703	0.0	0.0	90.0	0.0
1393214339714	0.0	138.0	1.0	180.0
1393214339732	0.0	138.0	1.0	180.0
1393214339734	0.0	138.0	1.0	180.0
1393214339748	0.0	138.0	1.0	180.0
1393214339757	0.0	138.0	1.0	180.0
1393214339765	0.0	138.0	1.0	180.0
1393214339780	0.0	138.0	1.0	180.0
1393214339784	0.0	137.0	1.0	180.0
1393214339799	0.0	137.0	1.0	180.0
1393214339814	0.0	137.0	8.0	8.0
1393214339816	0.0	137.0	1.0	180.0
1393214339826	0.0	137.0	1.0	180.0
1393214339833	0.0	137.0	1.0	180.0
1393214339844	0.0	137.0	1.0	180.0
1393214339853	0.0	137.0	1.0	180.0
1393214339868	0.0	137.0	1.0	180.0
1393214339875	0.0	137.0	1.0	180.0
1393214339882	0.0	137.0	1.0	180.0
1393214339892	0.0	137.0	1.0	180.0
1393214339911	0.0	137.0	1.0	180.0
1393214339913	0.0	137.0	1.0	180.0
1393214339927	0.0	137.0	1.0	180.0
1393214339935	0.0	137.0	1.0	179.0
1393214339943	0.0	137.0	1.0	179.0
1393214339953	0.0	137.0	1.0	179.0
1393214339963	0.0	137.0	1.0	179.0
1393214339976	0.0	137.0	1.0	179.0
1393214339983	0.0	136.0	1.0	179.0
1393214339995	0.0	136.0	1.0	179.0
1393214340004	0.0	136.0	1.0	179.0
1393214340015	0.0	136.0	1.0	179.0
1393214340031	0.0	0.0	90.0	0.0
1393214340072	0.0	136.0	1.0	179.0
1393214340078	0.0	136.0	1.0	179.0
1393214340080	0.0	136.0	1.0	179.0
1393214340081	0.0	136.0	1.0	179.0
1393214340082	0.0	136.0	1.0	179.0
1393214340085	0.0	136.0	1.0	179.0
1393214340097	0.0	136.0	1.0	179.0
1393214340102	0.0	136.0	1.0	179.0
1393214340117	0.0	136.0	1.0	179.0
1393214340127	0.0	135.0	1.0	179.0
1393214340133	0.0	135.0	1.0	179.0
1393214340142	0.0	135.0	1.0	179.0
1393214340152	0.0	135.0	1.0	179.0
1393214340162	0.0	135.0	1.0	179.0
1393214340180	0.0	135.0	1.0	179.0
1393214340183	0.0	135.0	1.0	179.0
1393214340192	0.0	135.0	1.0	179.0
1393214340203	0.0	135.0	1.0	179.0
1393214340217	0.0	135.0	1.0	179.0
1393214340224	0.0	135.0	1.0	179.0
1393214340234	0.0	135.0	1.0	179.0
1393214340242	0.0	135.0	1.0	179.0
1393214340254	0.0	135.0	1.0	179.0
1393214340262	0.0	135.0	1.0	179.0
1393214340275	0.0	134.0	1.0	179.0
1393214340283	0.0	134.0	1.0	179.0
1393214340295	0.0	134.0	1.0	179.0
1393214340305	0.0	134.0	1.0	179.0
1393214340313	0.0	134.0	1.0	179.0
1393214340325	0.0	134.0	1.0	179.0
1393214340333	0.0	134.0	1.0	179.0
1393214340344	0.0	134.0	1.0	178.0
1393214340357	0.0	134.0	1.0	178.0
1393214340363	0.0	134.0	1.0	178.0
1393214340374	0.0	134.0	1.0	178.0
1393214340382	0.0	134.0	1.0	178.0
1393214340393	0.0	134.0	1.0	178.0
1393214340402	0.0	134.0	1.0	178.0
1393214340418	0.0	134.0	1.0	178.0
1393214340425	0.0	134.0	1.0	178.0
1393214340433	0.0	134.0	1.0	178.0
1393214340444	0.0	133.0	1.0	178.0
1393214340453	0.0	133.0	1.0	178.0
1393214340477	0.0	133.0	1.0	178.0
1393214340483	0.0	133.0	1.0	178.0
1393214340499	0.0	133.0	1.0	178.0
1393214340506	0.0	133.0	1.0	178.0
1393214340516	0.0	133.0	1.0	178.0
1393214340530	0.0	133.0	1.0	178.0
1393214340536	0.0	133.0	1.0	178.0
1393214340552	0.0	133.0	1.0	178.0
1393214340554	0.0	133.0	1.0	178.0
1393214340563	0.0	133.0	1.0	178.0
1393214340576	0.0	133.0	1.0	178.0
1393214340584	0.0	133.0	1.0	178.0
1393214340595	0.0	133.0	1.0	178.0
1393214340604	0.0	133.0	1.0	178.0
1393214340613	0.0	133.0	1.0	178.0
1393214340628	0.0	133.0	1.0	178.0
1393214340633	0.0	133.0	1.0	178.0
1393214340643	0.0	133.0	1.0	178.0
1393214340657	0.0	133.0	1.0	178.0
1393214340663	0.0	133.0	1.0	178.0
1393214340677	0.0	133.0	1.0	178.0
1393214340683	0.0	132.0	1.0	178.0
1393214340694	0.0	132.0	1.0	178.0
1393214340710	0.0	132.0	1.0	178.0
1393214340715	0.0	132.0	1.0	178.0
1393214340729	0.0	132.0	1.0	178.0
1393214340733	0.0	132.0	1.0	178.0
1393214340743	0.0	132.0	1.0	178.0
1393214340756	0.0	132.0	1.0	178.0
1393214340763	0.0	132.0	1.0	178.0
1393214340782	0.0	132.0	1.0	178.0
1393214340784	0.0	132.0	1.0	178.0
1393214340794	0.0	132.0	1.0	178.0
1393214340815	0.0	132.0	1.0	178.0
1393214340816	0.0	132.0	1.0	178.0
1393214340828	0.0	132.0	1.0	178.0
1393214340846	0.0	132.0	1.0	178.0
1393214340848	0.0	132.0	1.0	178.0
1393214340855	0.0	132.0	1.0	178.0
1393214340863	0.0	132.0	1.0	178.0
1393214340876	0.0	132.0	1.0	178.0
1393214340883	0.0	132.0	1.0	178.0
1393214340895	0.0	132.0	1.0	178.0
1393214340910	0.0	132.0	1.0	178.0
1393214340913	0.0	132.0	1.0	178.0
1393214340923	0.0	132.0	1.0	178.0
1393214340933	0.0	132.0	1.0	178.0
1393214340943	0.0	132.0	1.0	178.0
1393214340958	0.0	132.0	1.0	178.0
1393214340963	0.0	132.0	1.0	178.0
1393214340973	0.0	132.0	1.0	178.0
1393214340983	0.0	132.0	1.0	177.0
1393214340993	0.0	132.0	1.0	177.0
1393214341007	0.0	132.0	1.0	177.0
1393214341015	0.0	131.0	1.0	177.0
1393214341024	0.0	131.0	1.0	177.0
1393214341037	0.0	131.0	1.0	177.0
1393214341044	0.0	131.0	1.0	177.0
1393214341054	0.0	131.0	1.0	177.0
1393214341063	0.0	131.0	1.0	177.0
1393214341077	0.0	131.0	1.0	177.0
1393214341087	0.0	131.0	1.0	177.0
1393214341094	0.0	131.0	1.0	177.0
1393214341114	0.0	131.0	1.0	177.0
1393214341132	0.0	131.0	1.0	177.0
1393214341140	0.0	131.0	1.0	177.0
1393214341144	0.0	131.0	1.0	177.0
1393214341154	0.0	131.0	1.0	177.0
1393214341164	0.0	131.0	1.0	177.0
1393214341174	0.0	131.0	1.0	177.0
1393214341187	0.0	131.0	1.0	177.0
1393214341196	0.0	131.0	1.0	177.0
1393214341209	0.0	131.0	1.0	177.0
1393214341216	0.0	131.0	1.0	177.0
1393214341224	0.0	131.0	1.0	177.0
1393214341244	0.0	131.0	1.0	177.0
1393214341246	0.0	131.0	1.0	177.0
1393214341263	0.0	131.0	1.0	177.0
1393214341266	0.0	131.0	1.0	177.0
1393214341273	0.0	131.0	1.0	177.0
1393214341283	0.0	131.0	1.0	177.0
1393214341293	0.0	131.0	1.0	177.0
1393214341305	0.0	131.0	1.0	177.0
1393214341315	0.0	131.0	1.0	177.0
1393214341324	0.0	131.0	1.0	177.0
1393214341335	0.0	131.0	1.0	177.0
1393214341352	0.0	131.0	1.0	177.0
1393214341355	0.0	131.0	1.0	177.0
1393214341365	0.0	131.0	1.0	177.0
1393214341375	0.0	131.0	1.0	177.0
1393214341389	0.0	131.0	1.0	177.0
1393214341395	0.0	131.0	1.0	177.0
1393214341403	0.0	131.0	1.0	177.0
1393214341413	0.0	131.0	1.0	177.0
1393214341424	0.0	131.0	1.0	177.0
1393214341439	0.0	131.0	1.0	177.0
1393214341445	0.0	131.0	1.0	177.0
1393214341456	0.0	131.0	1.0	177.0
1393214341464	0.0	131.0	1.0	177.0
1393214341475	0.0	131.0	1.0	177.0
1393214341484	0.0	131.0	1.0	177.0
1393214341496	0.0	131.0	1.0	177.0
1393214341505	0.0	131.0	1.0	177.0
1393214341514	0.0	130.0	1.0	177.0
1393214341524	0.0	130.0	1.0	177.0
1393214341534	0.0	130.0	1.0	177.0
1393214341546	0.0	130.0	1.0	177.0
1393214341557	0.0	130.0	1.0	177.0
1393214341564	0.0	130.0	1.0	177.0
1393214341574	0.0	130.0	1.0	177.0
1393214341589	0.0	130.0	1.0	177.0
1393214341594	0.0	130.0	1.0	177.0
1393214341607	0.0	130.0	1.0	177.0
1393214341616	0.0	130.0	1.0	177.0
1393214341625	0.0	130.0	1.0	177.0
1393214341639	0.0	130.0	1.0	177.0
1393214341644	0.0	130.0	1.0	177.0
1393214341658	0.0	130.0	1.0	177.0
1393214341676	0.0	130.0	1.0	177.0
1393214341687	0.0	130.0	1.0	177.0
1393214341694	0.0	130.0	1.0	177.0
1393214341705	0.0	130.0	1.0	177.0
1393214341714	0.0	130.0	1.0	177.0
1393214341724	0.0	130.0	1.0	177.0
1393214341738	0.0	130.0	1.0	177.0
1393214341764	0.0	129.0	8.0	8.0
1393214341766	0.0	130.0	1.0	177.0
1393214341780	0.0	130.0	1.0	177.0
1393214341788	0.0	130.0	1.0	177.0
1393214341796	0.0	130.0	1.0	177.0
1393214341806	0.0	130.0	1.0	177.0
1393214341814	0.0	130.0	1.0	177.0
1393214341825	0.0	130.0	1.0	177.0
1393214341839	0.0	130.0	1.0	177.0
1393214341844	0.0	130.0	1.0	177.0
1393214341894	0.0	99.0	5.0	68.0
1393214341896	0.0	130.0	1.0	177.0
1393214341899	0.0	130.0	1.0	177.0
1393214341902	0.0	130.0	1.0	177.0
1393214341904	0.0	130.0	1.0	177.0
1393214341910	0.0	130.0	1.0	177.0
1393214341918	0.0	130.0	1.0	177.0
1393214341924	0.0	130.0	1.0	177.0
1393214341936	0.0	130.0	1.0	177.0
1393214341944	0.0	130.0	1.0	177.0
1393214341957	0.0	130.0	1.0	177.0
1393214341964	0.0	130.0	1.0	177.0
1393214341976	0.0	130.0	1.0	177.0
1393214341985	0.0	130.0	1.0	177.0
1393214341994	0.0	130.0	1.0	177.0
1393214342004	0.0	130.0	1.0	177.0
1393214342014	0.0	130.0	1.0	177.0
1393214342025	0.0	130.0	1.0	177.0
1393214342037	0.0	130.0	1.0	177.0
1393214342045	0.0	130.0	1.0	177.0
1393214342056	0.0	130.0	1.0	177.0
1393214342067	0.0	130.0	1.0	177.0
1393214342075	0.0	130.0	1.0	177.0
1393214342086	0.0	130.0	1.0	177.0
1393214342096	0.0	130.0	1.0	177.0
1393214342105	0.0	130.0	1.0	177.0
1393214342116	0.0	130.0	1.0	177.0
1393214342125	0.0	130.0	1.0	177.0
1393214342137	0.0	130.0	1.0	177.0
1393214342145	0.0	130.0	1.0	177.0
1393214342161	0.0	130.0	1.0	177.0
1393214342169	0.0	130.0	1.0	177.0
1393214342175	0.0	130.0	1.0	177.0
1393214342186	0.0	130.0	1.0	177.0
1393214342195	0.0	130.0	1.0	177.0
1393214342205	0.0	130.0	1.0	177.0
1393214342221	0.0	130.0	1.0	177.0
1393214342225	0.0	130.0	1.0	177.0
1393214342237	0.0	130.0	1.0	177.0
1393214342245	0.0	130.0	1.0	177.0
1393214342256	0.0	130.0	1.0	177.0
1393214342267	0.0	130.0	1.0	177.0
1393214342277	0.0	130.0	1.0	177.0
1393214342289	0.0	130.0	1.0	177.0
1393214342295	0.0	130.0	1.0	177.0
1393214342306	0.0	130.0	1.0	177.0
1393214342316	0.0	130.0	1.0	177.0
1393214342325	0.0	130.0	1.0	177.0
1393214342338	0.0	130.0	1.0	177.0
1393214342346	0.0	130.0	1.0	177.0
1393214342355	0.0	130.0	1.0	177.0
1393214342369	0.0	100.0	6.0	67.0
1393214342375	0.0	130.0	1.0	177.0
1393214342398	0.0	130.0	1.0	177.0
1393214342409	0.0	130.0	1.0	177.0
1393214342415	0.0	130.0	1.0	177.0
1393214342436	0.0	130.0	1.0	177.0
1393214342438	0.0	130.0	1.0	177.0
1393214342445	0.0	130.0	1.0	177.0
1393214342458	0.0	130.0	1.0	177.0
1393214342469	0.0	130.0	1.0	177.0
1393214342475	0.0	130.0	1.0	177.0
1393214342487	0.0	131.0	1.0	177.0
1393214342495	0.0	131.0	1.0	177.0
1393214342505	0.0	131.0	1.0	177.0
1393214342521	0.0	131.0	1.0	177.0
1393214342530	0.0	131.0	1.0	177.0
1393214342544	0.0	131.0	1.0	177.0
1393214342546	0.0	131.0	1.0	177.0
1393214342555	0.0	131.0	1.0	177.0
1393214342577	0.0	131.0	1.0	177.0
1393214342578	0.0	131.0	1.0	177.0
1393214342585	0.0	131.0	1.0	177.0
1393214342594	0.0	131.0	1.0	177.0
1393214342605	0.0	131.0	1.0	177.0
1393214342618	0.0	131.0	1.0	177.0
1393214342626	0.0	131.0	1.0	177.0
1393214342637	0.0	131.0	1.0	177.0
1393214342645	0.0	131.0	1.0	177.0
1393214342655	0.0	131.0	1.0	177.0
1393214342666	0.0	131.0	1.0	177.0
1393214342676	0.0	131.0	1.0	177.0
1393214342687	0.0	131.0	1.0	177.0
1393214342697	0.0	131.0	1.0	177.0
1393214342705	0.0	131.0	1.0	177.0
1393214342721	0.0	131.0	1.0	177.0
1393214342728	0.0	131.0	1.0	177.0
1393214342736	0.0	131.0	1.0	177.0
1393214342748	0.0	131.0	1.0	177.0
1393214342758	0.0	131.0	1.0	177.0
1393214342777	0.0	100.0	5.0	67.0
1393214342782	0.0	131.0	1.0	177.0
1393214342787	0.0	131.0	1.0	177.0
1393214342797	0.0	131.0	1.0	177.0
1393214342806	0.0	131.0	1.0	177.0
1393214342820	0.0	131.0	1.0	177.0
1393214342826	0.0	131.0	1.0	177.0
1393214342836	0.0	131.0	1.0	177.0
1393214342846	0.0	131.0	1.0	177.0
1393214342856	0.0	131.0	1.0	177.0
1393214342868	0.0	131.0	1.0	177.0
1393214342885	0.0	100.0	6.0	65.0
1393214342887	0.0	131.0	1.0	177.0
1393214342896	0.0	131.0	1.0	177.0
1393214342908	0.0	131.0	1.0	177.0
1393214342919	0.0	131.0	1.0	177.0
1393214342926	0.0	131.0	1.0	177.0
1393214342938	0.0	131.0	1.0	177.0
1393214342946	0.0	131.0	1.0	177.0
1393214342956	0.0	131.0	1.0	177.0
1393214342967	0.0	131.0	1.0	177.0
1393214342981	0.0	131.0	1.0	177.0
1393214342988	0.0	131.0	1.0	177.0
1393214343001	0.0	131.0	1.0	177.0
1393214343006	0.0	131.0	1.0	177.0
1393214343018	0.0	131.0	1.0	177.0
1393214343039	0.0	131.0	1.0	177.0
1393214343046	0.0	131.0	1.0	177.0
1393214343059	0.0	131.0	1.0	177.0
1393214343065	0.0	131.0	1.0	177.0
1393214343076	0.0	131.0	1.0	177.0
1393214343091	0.0	132.0	1.0	177.0
1393214343098	0.0	132.0	1.0	177.0
1393214343107	0.0	132.0	1.0	177.0
1393214343118	0.0	132.0	1.0	177.0
1393214343126	0.0	132.0	1.0	177.0
1393214343136	0.0	132.0	1.0	177.0
1393214343149	0.0	132.0	1.0	177.0
1393214343157	0.0	132.0	1.0	177.0
1393214343166	0.0	132.0	1.0	177.0
1393214343181	0.0	132.0	1.0	177.0
1393214343192	0.0	132.0	1.0	177.0
1393214343199	0.0	132.0	1.0	178.0
1393214343206	0.0	132.0	1.0	178.0
1393214343219	0.0	132.0	1.0	178.0
1393214343226	0.0	132.0	1.0	178.0
1393214343238	0.0	132.0	1.0	178.0
1393214343247	0.0	132.0	1.0	178.0
1393214343263	0.0	132.0	1.0	178.0
1393214343267	0.0	132.0	1.0	178.0
1393214343276	0.0	132.0	1.0	178.0
1393214343293	0.0	132.0	1.0	178.0
1393214343303	0.0	132.0	1.0	178.0
1393214343306	0.0	132.0	1.0	178.0
1393214343319	0.0	132.0	1.0	178.0
1393214343326	0.0	132.0	1.0	178.0
1393214343336	0.0	132.0	1.0	178.0
1393214343347	0.0	132.0	1.0	178.0
1393214343358	0.0	132.0	1.0	178.0
1393214343370	0.0	132.0	1.0	178.0
1393214343376	0.0	132.0	1.0	178.0
1393214343392	0.0	132.0	1.0	178.0
1393214343405	0.0	132.0	1.0	178.0
1393214343408	0.0	132.0	1.0	178.0
1393214343420	0.0	132.0	1.0	178.0
1393214343428	0.0	132.0	1.0	178.0
1393214343439	0.0	132.0	1.0	178.0
1393214343452	0.0	132.0	1.0	178.0
1393214343456	0.0	132.0	1.0	178.0
1393214343469	0.0	132.0	1.0	178.0
1393214343478	0.0	132.0	1.0	178.0
1393214343490	0.0	132.0	1.0	178.0
1393214343526	0.0	132.0	1.0	178.0
1393214343532	0.0	132.0	1.0	178.0
1393214343534	0.0	132.0	1.0	178.0
1393214343538	0.0	132.0	1.0	178.0
1393214343540	0.0	132.0	1.0	178.0
1393214343562	0.0	132.0	1.0	178.0
1393214343567	0.0	132.0	1.0	178.0
1393214343571	0.0	132.0	1.0	178.0
1393214343576	0.0	132.0	1.0	178.0
1393214343585	0.0	132.0	1.0	178.0
1393214343598	0.0	132.0	1.0	178.0
1393214343605	0.0	132.0	1.0	178.0
1393214343615	0.0	132.0	1.0	178.0
1393214343626	0.0	132.0	1.0	178.0
1393214343636	0.0	132.0	1.0	178.0
1393214343648	0.0	132.0	1.0	178.0
1393214343658	0.0	132.0	1.0	178.0
1393214343676	0.0	132.0	1.0	178.0
1393214343688	0.0	132.0	1.0	178.0
1393214343708	0.0	132.0	1.0	178.0
1393214343718	0.0	132.0	1.0	178.0
1393214343724	0.0	132.0	1.0	178.0
1393214343728	0.0	132.0	1.0	178.0
1393214343736	0.0	132.0	1.0	178.0
1393214343750	0.0	132.0	1.0	178.0
1393214343763	0.0	132.0	1.0	178.0
1393214343767	0.0	132.0	1.0	178.0
1393214343780	0.0	132.0	1.0	178.0
1393214343785	0.0	133.0	1.0	178.0
1393214343799	0.0	133.0	1.0	178.0
1393214343805	0.0	133.0	1.0	178.0
1393214343815	0.0	133.0	1.0	178.0
1393214343827	0.0	133.0	1.0	178.0
1393214343838	0.0	133.0	1.0	178.0
1393214343848	0.0	133.0	1.0	178.0
1393214343857	0.0	133.0	1.0	178.0
1393214343867	0.0	133.0	1.0	178.0
1393214343877	0.0	133.0	1.0	178.0
1393214343886	0.0	133.0	1.0	178.0
1393214343903	0.0	133.0	1.0	178.0
1393214343907	0.0	133.0	1.0	178.0
1393214343916	0.0	133.0	1.0	178.0
1393214343936	0.0	133.0	1.0	178.0
1393214343948	0.0	133.0	1.0	178.0
1393214343958	0.0	133.0	1.0	178.0
1393214343967	0.0	133.0	1.0	178.0
1393214343977	0.0	133.0	1.0	178.0
1393214343987	0.0	133.0	1.0	178.0
1393214343999	0.0	133.0	1.0	178.0
1393214344008	0.0	133.0	1.0	178.0
1393214344019	0.0	133.0	1.0	178.0
1393214344029	0.0	133.0	1.0	178.0
1393214344037	0.0	133.0	1.0	178.0
1393214344052	0.0	133.0	1.0	178.0
1393214344057	0.0	133.0	1.0	178.0
1393214344067	0.0	133.0	1.0	178.0
1393214344084	0.0	133.0	1.0	178.0
1393214344088	0.0	133.0	1.0	178.0
1393214344101	0.0	133.0	1.0	178.0
1393214344108	0.0	133.0	1.0	178.0
1393214344117	0.0	133.0	1.0	178.0
1393214344127	0.0	133.0	1.0	178.0
1393214344139	0.0	133.0	1.0	178.0
1393214344148	0.0	133.0	1.0	178.0
1393214344157	0.0	133.0	1.0	178.0
1393214344167	0.0	133.0	1.0	178.0
1393214344177	0.0	133.0	1.0	178.0
1393214344188	0.0	133.0	1.0	178.0
1393214344199	0.0	133.0	1.0	178.0
1393214344211	0.0	133.0	1.0	178.0
1393214344218	0.0	133.0	1.0	178.0
1393214344227	0.0	133.0	1.0	178.0
1393214344237	0.0	133.0	1.0	178.0
1393214344248	0.0	133.0	1.0	178.0
1393214344262	0.0	133.0	1.0	178.0
1393214344269	0.0	133.0	1.0	178.0
1393214344282	0.0	133.0	1.0	178.0
1393214344287	0.0	133.0	1.0	178.0
1393214344299	0.0	133.0	1.0	178.0
1393214344307	0.0	133.0	1.0	178.0
1393214344319	0.0	133.0	1.0	178.0
1393214344338	0.0	133.0	1.0	178.0
1393214344339	0.0	133.0	1.0	178.0
1393214344347	0.0	133.0	1.0	178.0
1393214344357	0.0	133.0	1.0	178.0
1393214344368	0.0	133.0	1.0	178.0
1393214344380	0.0	133.0	1.0	178.0
1393214344387	0.0	133.0	1.0	178.0
1393214344397	0.0	134.0	1.0	178.0
1393214344412	0.0	134.0	1.0	178.0
1393214344419	0.0	134.0	1.0	178.0
1393214344427	0.0	134.0	1.0	178.0
1393214344439	0.0	134.0	1.0	178.0
1393214344447	0.0	134.0	1.0	178.0
1393214344457	0.0	134.0	1.0	179.0
1393214344467	0.0	134.0	1.0	179.0
1393214344480	0.0	134.0	1.0	179.0
1393214344487	0.0	134.0	1.0	179.0
1393214344499	0.0	134.0	1.0	179.0
1393214344507	0.0	134.0	1.0	179.0
1393214344521	0.0	134.0	1.0	179.0
1393214344540	0.0	134.0	1.0	179.0
1393214344543	0.0	134.0	1.0	179.0
1393214344547	0.0	134.0	1.0	179.0
1393214344559	0.0	134.0	1.0	179.0
1393214344567	0.0	134.0	1.0	179.0
1393214344578	0.0	134.0	1.0	179.0
1393214344587	0.0	134.0	1.0	179.0
1393214344598	0.0	135.0	1.0	179.0
1393214344607	0.0	135.0	1.0	179.0
1393214344620	0.0	135.0	1.0	179.0
1393214344631	0.0	135.0	1.0	179.0
1393214344637	0.0	135.0	1.0	179.0
1393214344649	0.0	135.0	1.0	179.0
1393214344658	0.0	135.0	1.0	179.0
1393214344667	0.0	135.0	1.0	179.0
1393214344681	0.0	135.0	1.0	179.0
1393214344687	0.0	135.0	1.0	179.0
1393214344699	0.0	135.0	1.0	179.0
1393214344710	0.0	135.0	1.0	179.0
1393214344718	0.0	135.0	1.0	179.0
1393214344729	0.0	135.0	1.0	179.0
1393214344739	0.0	135.0	1.0	179.0
1393214344748	0.0	135.0	1.0	179.0
1393214344760	0.0	135.0	1.0	179.0
1393214344768	0.0	135.0	1.0	179.0
1393214344778	0.0	135.0	1.0	179.0
1393214344787	0.0	135.0	1.0	179.0
1393214344800	0.0	135.0	1.0	179.0
1393214344806	0.0	135.0	1.0	179.0
1393214344817	0.0	135.0	1.0	179.0
1393214344830	0.0	135.0	1.0	179.0
1393214344837	0.0	135.0	1.0	179.0
1393214344847	0.0	135.0	1.0	179.0
1393214344863	0.0	135.0	1.0	179.0
1393214344868	0.0	135.0	1.0	179.0
1393214344885	0.0	135.0	1.0	179.0
1393214344888	0.0	135.0	1.0	179.0
1393214344899	0.0	135.0	1.0	179.0
1393214344908	0.0	135.0	1.0	179.0
1393214344930	0.0	135.0	1.0	179.0
1393214344934	0.0	135.0	1.0	179.0
1393214344937	0.0	135.0	1.0	179.0
1393214344957	0.0	135.0	1.0	179.0
1393214344967	0.0	135.0	1.0	179.0
1393214344980	0.0	135.0	1.0	179.0
1393214344987	0.0	135.0	1.0	179.0
1393214344998	0.0	135.0	1.0	179.0
1393214345008	0.0	135.0	1.0	179.0
1393214345017	0.0	135.0	1.0	179.0
1393214345032	0.0	135.0	1.0	179.0
1393214345039	0.0	136.0	1.0	179.0
1393214345048	0.0	136.0	1.0	179.0
1393214345057	0.0	136.0	1.0	179.0
1393214345067	0.0	136.0	1.0	179.0
1393214345079	0.0	136.0	1.0	179.0
1393214345087	0.0	136.0	1.0	179.0
1393214345099	0.0	136.0	1.0	179.0
1393214345112	0.0	136.0	1.0	179.0
1393214345117	0.0	136.0	1.0	179.0
1393214345133	0.0	136.0	1.0	179.0
1393214345137	0.0	136.0	1.0	179.0
1393214345147	0.0	136.0	1.0	179.0
1393214345162	0.0	136.0	1.0	179.0
1393214345167	0.0	136.0	1.0	179.0
1393214345179	0.0	136.0	1.0	179.0
1393214345187	0.0	136.0	1.0	179.0
1393214345198	0.0	136.0	1.0	179.0
1393214345213	0.0	136.0	1.0	179.0
1393214345219	0.0	136.0	1.0	179.0
1393214345235	0.0	136.0	1.0	179.0
1393214345238	0.0	136.0	1.0	179.0
1393214345248	0.0	136.0	1.0	179.0
1393214345263	0.0	136.0	1.0	179.0
1393214345269	0.0	136.0	1.0	179.0
1393214345279	0.0	136.0	1.0	179.0
1393214345287	0.0	136.0	1.0	179.0
1393214345373	0.0	136.0	1.0	179.0
1393214345378	0.0	136.0	1.0	179.0
1393214345379	0.0	136.0	1.0	179.0
1393214345381	0.0	136.0	1.0	179.0
1393214345382	0.0	136.0	1.0	179.0
1393214345383	0.0	136.0	1.0	179.0
1393214345384	0.0	136.0	1.0	179.0
1393214345386	0.0	136.0	1.0	179.0
1393214345388	0.0	136.0	1.0	179.0
1393214345391	0.0	136.0	1.0	179.0
1393214345399	0.0	136.0	1.0	179.0
1393214345409	0.0	136.0	1.0	179.0
1393214345417	0.0	136.0	1.0	179.0
1393214345437	0.0	136.0	1.0	179.0
1393214345439	0.0	136.0	1.0	179.0
1393214345449	0.0	136.0	1.0	179.0
1393214345461	0.0	136.0	1.0	179.0
1393214345469	0.0	136.0	1.0	179.0
1393214345478	0.0	136.0	1.0	179.0
1393214345488	0.0	136.0	1.0	179.0
1393214345498	0.0	136.0	1.0	179.0
1393214345511	0.0	136.0	1.0	179.0
1393214345522	0.0	136.0	1.0	179.0
1393214345541	0.0	136.0	1.0	179.0
1393214345543	0.0	136.0	1.0	180.0
1393214345548	0.0	137.0	1.0	180.0
1393214345561	0.0	137.0	1.0	180.0
1393214345568	0.0	137.0	1.0	180.0
1393214345579	0.0	137.0	1.0	180.0
1393214345598	0.0	137.0	1.0	180.0
1393214345617	0.0	136.0	8.0	8.0
1393214345618	0.0	137.0	1.0	180.0
1393214345629	0.0	137.0	1.0	180.0
1393214345649	0.0	137.0	1.0	180.0
1393214345651	0.0	137.0	1.0	180.0
1393214345662	0.0	137.0	1.0	180.0
1393214345668	0.0	137.0	1.0	180.0
1393214345679	0.0	137.0	1.0	180.0
1393214345688	0.0	137.0	1.0	180.0
1393214345700	0.0	137.0	1.0	180.0
1393214345712	0.0	137.0	1.0	180.0
1393214345718	0.0	137.0	1.0	180.0
1393214345728	0.0	137.0	1.0	180.0
1393214345745	0.0	137.0	1.0	180.0
1393214345752	0.0	137.0	1.0	180.0
1393214345760	0.0	137.0	1.0	180.0
1393214345768	0.0	137.0	1.0	180.0
1393214345779	0.0	137.0	1.0	180.0
1393214345789	0.0	137.0	1.0	180.0
1393214345799	0.0	137.0	1.0	180.0
1393214345812	0.0	137.0	1.0	180.0
1393214345821	0.0	137.0	1.0	180.0
1393214345829	0.0	137.0	1.0	180.0
1393214345838	0.0	137.0	1.0	180.0
1393214345848	0.0	137.0	1.0	180.0
1393214345860	0.0	137.0	1.0	180.0
1393214345868	0.0	137.0	1.0	180.0
1393214345880	0.0	137.0	1.0	180.0
1393214345888	0.0	137.0	1.0	180.0
1393214345898	0.0	137.0	1.0	180.0
1393214345910	0.0	137.0	1.0	180.0
1393214345918	0.0	137.0	1.0	180.0
1393214345928	0.0	136.0	1.0	180.0
1393214345949	0.0	136.0	1.0	180.0
1393214345952	0.0	136.0	1.0	180.0
1393214345962	0.0	136.0	1.0	180.0
1393214345968	0.0	136.0	1.0	180.0
1393214345978	0.0	136.0	1.0	180.0
1393214345993	0.0	136.0	1.0	180.0
1393214346000	0.0	136.0	1.0	180.0
1393214346011	0.0	136.0	1.0	180.0
1393214346018	0.0	136.0	1.0	180.0
1393214346033	0.0	136.0	1.0	180.0
1393214346044	0.0	136.0	1.0	180.0
1393214346049	0.0	136.0	1.0	180.0
1393214346063	0.0	136.0	1.0	180.0
1393214346076	0.0	136.0	1.0	180.0
1393214346086	0.0	136.0	1.0	180.0
1393214346088	0.0	136.0	1.0	180.0
1393214346098	0.0	137.0	1.0	180.0
1393214346108	0.0	137.0	1.0	180.0
1393214346121	0.0	137.0	1.0	180.0
1393214346129	0.0	137.0	1.0	180.0
1393214346145	0.0	137.0	1.0	180.0
1393214346156	0.0	137.0	1.0	180.0
1393214346164	0.0	137.0	1.0	180.0
1393214346168	0.0	137.0	1.0	180.0
1393214346180	0.0	137.0	1.0	180.0
1393214346191	0.0	137.0	1.0	180.0
1393214346199	0.0	137.0	1.0	180.0
1393214346210	0.0	137.0	1.0	180.0
1393214346218	0.0	137.0	1.0	180.0
1393214346245	0.0	137.0	1.0	180.0
1393214346255	0.0	137.0	1.0	180.0
1393214346272	0.0	137.0	1.0	180.0
1393214346273	0.0	137.0	1.0	180.0
1393214346279	0.0	137.0	1.0	180.0
1393214346291	0.0	137.0	1.0	180.0
1393214346300	0.0	137.0	1.0	180.0
1393214346309	0.0	137.0	1.0	180.0
1393214346320	0.0	137.0	1.0	180.0
1393214346329	0.0	137.0	1.0	180.0
1393214346342	0.0	137.0	1.0	180.0
1393214346349	0.0	137.0	1.0	180.0
1393214346363	0.0	137.0	1.0	180.0
1393214346369	0.0	137.0	1.0	180.0
1393214346379	0.0	137.0	1.0	180.0
1393214346391	0.0	137.0	1.0	180.0
1393214346399	0.0	137.0	1.0	180.0
1393214346409	0.0	137.0	1.0	180.0
1393214346421	0.0	137.0	1.0	180.0
1393214346429	0.0	137.0	1.0	180.0
1393214346439	0.0	137.0	1.0	180.0
1393214346449	0.0	137.0	1.0	180.0
1393214346464	0.0	137.0	1.0	180.0
1393214346469	0.0	137.0	1.0	180.0
1393214346481	0.0	137.0	1.0	180.0
1393214346494	0.0	137.0	1.0	180.0
1393214346500	0.0	137.0	1.0	180.0
1393214346509	0.0	137.0	1.0	180.0
1393214346520	0.0	138.0	1.0	180.0
1393214346533	0.0	138.0	1.0	180.0
1393214346561	0.0	138.0	1.0	180.0
1393214346564	0.0	138.0	1.0	180.0
1393214346568	0.0	138.0	1.0	180.0
1393214346572	0.0	138.0	1.0	180.0
1393214346579	0.0	138.0	1.0	180.0
1393214346591	0.0	138.0	1.0	180.0
1393214346601	0.0	138.0	1.0	180.0
1393214346609	0.0	138.0	1.0	180.0
1393214346620	0.0	138.0	1.0	180.0
1393214346630	0.0	138.0	1.0	180.0
1393214346641	0.0	138.0	1.0	180.0
1393214346650	0.0	138.0	1.0	180.0
1393214346669	0.0	138.0	1.0	180.0
1393214346673	0.0	138.0	1.0	180.0
1393214346681	0.0	138.0	1.0	180.0
1393214346690	0.0	138.0	1.0	180.0
1393214346700	0.0	0.0	90.0	0.0
1393214346712	0.0	138.0	1.0	180.0
1393214346730	0.0	138.0	1.0	180.0
1393214346733	0.0	138.0	1.0	180.0
1393214346743	0.0	138.0	1.0	180.0
1393214346751	0.0	138.0	1.0	180.0
1393214346761	0.0	138.0	1.0	180.0
1393214346775	0.0	138.0	1.0	180.0
1393214346783	0.0	138.0	1.0	180.0
1393214346794	0.0	138.0	1.0	180.0
1393214346801	0.0	138.0	1.0	180.0
1393214346811	0.0	138.0	1.0	180.0
1393214346821	0.0	138.0	1.0	180.0
1393214346831	0.0	138.0	1.0	180.0
1393214346843	0.0	138.0	1.0	180.0
1393214346850	0.0	138.0	1.0	180.0
1393214346864	0.0	138.0	1.0	180.0
1393214346875	0.0	138.0	1.0	180.0
1393214346879	0.0	138.0	1.0	180.0
1393214346895	0.0	138.0	1.0	180.0
1393214346901	0.0	137.0	1.0	180.0
1393214346909	0.0	137.0	1.0	180.0
1393214346922	0.0	137.0	1.0	180.0
1393214346928	0.0	137.0	1.0	180.0
1393214346939	0.0	137.0	1.0	180.0
1393214346948	0.0	137.0	1.0	180.0
1393214346960	0.0	137.0	1.0	180.0
1393214346978	0.0	137.0	1.0	180.0
1393214346981	0.0	137.0	1.0	180.0
1393214346992	0.0	138.0	1.0	180.0
1393214346999	0.0	138.0	1.0	180.0
1393214347010	0.0	138.0	1.0	180.0
1393214347024	0.0	138.0	1.0	180.0
1393214347029	0.0	0.0	90.0	0.0
1393214347041	0.0	138.0	1.0	180.0
1393214347049	0.0	138.0	1.0	180.0
1393214347061	0.0	138.0	1.0	180.0
1393214347079	0.0	138.0	1.0	180.0
1393214347081	0.0	138.0	1.0	180.0
1393214347109	0.0	138.0	1.0	180.0
1393214347124	0.0	138.0	1.0	180.0
1393214347130	0.0	138.0	1.0	180.0
1393214347142	0.0	138.0	1.0	180.0
1393214347150	0.0	138.0	1.0	180.0
1393214347161	0.0	138.0	1.0	180.0
1393214347170	0.0	138.0	1.0	180.0
1393214347180	0.0	138.0	1.0	180.0
1393214347190	0.0	138.0	1.0	180.0
1393214347206	0.0	0.0	90.0	0.0
1393214347223	0.0	138.0	1.0	180.0
1393214347226	0.0	138.0	1.0	180.0
1393214347230	0.0	139.0	1.0	180.0
1393214347252	0.0	139.0	1.0	180.0
1393214347255	0.0	139.0	1.0	180.0
1393214347262	0.0	139.0	1.0	180.0
1393214347274	0.0	139.0	1.0	180.0
1393214347282	0.0	139.0	1.0	180.0
1393214347289	0.0	139.0	1.0	180.0
1393214347299	0.0	139.0	1.0	180.0
1393214347309	0.0	139.0	1.0	180.0
1393214347325	0.0	139.0	1.0	180.0
1393214347330	0.0	139.0	1.0	180.0
1393214347341	0.0	139.0	1.0	180.0
1393214347352	0.0	139.0	1.0	180.0
1393214347360	0.0	139.0	1.0	180.0
1393214347373	0.0	139.0	1.0	180.0
1393214347388	0.0	139.0	1.0	180.0
1393214347391	0.0	139.0	1.0	180.0
1393214347400	0.0	139.0	1.0	180.0
1393214347409	0.0	139.0	1.0	180.0
1393214347421	0.0	139.0	1.0	180.0
1393214347429	0.0	139.0	1.0	180.0
1393214347441	0.0	139.0	1.0	180.0
1393214347449	0.0	139.0	1.0	180.0
1393214347461	0.0	139.0	1.0	180.0
1393214347474	0.0	139.0	1.0	180.0
1393214347485	0.0	139.0	1.0	180.0
1393214347494	0.0	139.0	1.0	180.0
1393214347503	0.0	139.0	1.0	180.0
1393214347528	0.0	139.0	1.0	180.0
1393214347531	0.0	139.0	1.0	180.0
1393214347548	0.0	139.0	1.0	180.0
1393214347552	0.0	139.0	1.0	180.0
1393214347562	0.0	139.0	1.0	180.0
1393214347576	0.0	139.0	1.0	180.0
1393214347582	0.0	139.0	1.0	180.0
1393214347593	0.0	139.0	1.0	180.0
1393214347602	0.0	139.0	1.0	180.0
1393214347624	0.0	140.0	1.0	180.0
1393214347631	0.0	140.0	1.0	180.0
1393214347642	0.0	140.0	1.0	180.0
1393214347651	0.0	140.0	1.0	180.0
1393214347662	0.0	140.0	1.0	180.0
1393214347673	0.0	140.0	1.0	180.0
1393214347684	0.0	140.0	1.0	180.0
1393214347691	0.0	140.0	1.0	180.0
1393214347709	0.0	140.0	1.0	179.0
1393214347713	0.0	140.0	1.0	179.0
1393214347725	0.0	140.0	1.0	179.0
1393214347731	0.0	140.0	1.0	179.0
1393214347743	0.0	140.0	1.0	179.0
1393214347754	0.0	140.0	1.0	179.0
1393214347761	0.0	140.0	1.0	179.0
1393214347774	0.0	140.0	1.0	179.0
1393214347783	0.0	140.0	1.0	179.0
1393214347791	0.0	140.0	1.0	179.0
1393214347805	0.0	140.0	1.0	179.0
1393214347812	0.0	140.0	1.0	179.0
1393214347823	0.0	140.0	1.0	179.0
1393214347830	0.0	140.0	1.0	179.0
1393214347840	0.0	140.0	1.0	179.0
1393214347858	0.0	140.0	1.0	179.0
1393214347863	0.0	140.0	1.0	179.0
1393214347873	0.0	140.0	1.0	179.0
1393214347896	0.0	140.0	1.0	179.0
1393214347913	0.0	105.0	2.0	30.0
1393214347917	0.0	140.0	1.0	179.0
1393214347924	0.0	140.0	1.0	179.0
1393214347930	0.0	140.0	1.0	179.0
1393214347941	0.0	140.0	1.0	179.0
1393214347954	0.0	140.0	1.0	179.0
1393214347961	0.0	141.0	1.0	179.0
1393214347971	0.0	140.0	1.0	179.0
1393214347982	0.0	140.0	1.0	179.0
1393214347996	0.0	140.0	1.0	179.0
1393214348000	0.0	140.0	1.0	179.0
1393214348012	0.0	141.0	1.0	179.0
1393214348023	0.0	141.0	1.0	179.0
1393214348030	0.0	141.0	1.0	179.0
1393214348042	0.0	141.0	1.0	179.0
1393214348055	0.0	141.0	1.0	179.0
1393214348060	0.0	141.0	1.0	179.0
1393214348071	0.0	141.0	1.0	179.0
1393214348080	0.0	141.0	1.0	179.0
1393214348090	0.0	141.0	1.0	179.0
1393214348104	0.0	141.0	1.0	179.0
1393214348111	0.0	141.0	1.0	179.0
1393214348122	0.0	141.0	1.0	179.0
1393214348130	0.0	141.0	1.0	179.0
1393214348140	0.0	141.0	1.0	179.0
1393214348162	0.0	141.0	1.0	179.0
1393214348172	0.0	141.0	1.0	179.0
1393214348181	0.0	141.0	1.0	179.0
1393214348195	0.0	141.0	1.0	179.0
1393214348208	0.0	141.0	1.0	179.0
1393214348211	0.0	141.0	1.0	179.0
1393214348223	0.0	141.0	1.0	179.0
1393214348230	0.0	141.0	1.0	179.0
1393214348241	0.0	141.0	1.0	179.0
1393214348252	0.0	141.0	1.0	179.0
1393214348261	0.0	141.0	1.0	179.0
1393214348271	0.0	141.0	1.0	179.0
1393214348286	0.0	108.0	2.0	24.0
1393214348291	0.0	141.0	1.0	179.0
1393214348307	0.0	141.0	1.0	179.0
1393214348311	0.0	141.0	1.0	179.0
1393214348322	0.0	141.0	1.0	179.0
1393214348334	0.0	141.0	1.0	179.0
1393214348343	0.0	142.0	1.0	179.0
1393214348353	0.0	142.0	1.0	179.0
1393214348362	0.0	142.0	1.0	179.0
1393214348371	0.0	142.0	1.0	179.0
1393214348390	0.0	142.0	1.0	179.0
1393214348400	0.0	142.0	1.0	179.0
1393214348407	0.0	142.0	1.0	179.0
1393214348411	0.0	142.0	1.0	179.0
1393214348422	0.0	142.0	1.0	179.0
1393214348435	0.0	142.0	1.0	179.0
1393214348440	0.0	142.0	1.0	179.0
1393214348451	0.0	142.0	1.0	179.0
1393214348462	0.0	142.0	1.0	179.0
1393214348471	0.0	142.0	1.0	179.0
1393214348482	0.0	142.0	1.0	179.0
1393214348492	0.0	142.0	1.0	179.0
1393214348503	0.0	142.0	1.0	179.0
1393214348512	0.0	142.0	1.0	179.0
1393214348527	0.0	142.0	1.0	179.0
1393214348531	0.0	142.0	1.0	179.0
1393214348541	0.0	142.0	1.0	179.0
1393214348557	0.0	142.0	1.0	179.0
1393214348562	0.0	142.0	1.0	179.0
1393214348574	0.0	142.0	1.0	179.0
1393214348584	0.0	142.0	1.0	179.0
1393214348590	0.0	142.0	1.0	179.0
1393214348601	0.0	142.0	1.0	179.0
1393214348610	0.0	142.0	1.0	179.0
1393214348621	0.0	142.0	1.0	179.0
1393214348631	0.0	142.0	1.0	179.0
1393214348642	0.0	142.0	1.0	179.0
1393214348653	0.0	142.0	1.0	179.0
1393214348661	0.0	142.0	1.0	179.0
1393214348672	0.0	142.0	1.0	179.0
1393214348681	0.0	142.0	1.0	179.0
1393214348691	0.0	142.0	1.0	179.0
1393214348703	0.0	142.0	1.0	179.0
1393214348719	0.0	142.0	1.0	179.0
1393214348722	0.0	142.0	1.0	179.0
1393214348736	0.0	142.0	1.0	179.0
1393214348741	0.0	142.0	1.0	179.0
1393214348752	0.0	142.0	1.0	179.0
1393214348763	0.0	142.0	1.0	179.0
1393214348772	0.0	142.0	1.0	179.0
1393214348785	0.0	142.0	1.0	179.0
1393214348804	0.0	142.0	1.0	179.0
1393214348816	0.0	143.0	1.0	179.0
1393214348833	0.0	143.0	1.0	179.0
1393214348834	0.0	143.0	1.0	179.0
1393214348842	0.0	143.0	1.0	179.0
1393214348854	0.0	143.0	1.0	179.0
1393214348861	0.0	143.0	1.0	179.0
1393214348871	0.0	143.0	1.0	179.0
1393214348885	0.0	143.0	1.0	179.0
1393214348891	0.0	143.0	1.0	179.0
1393214348904	0.0	143.0	1.0	179.0
1393214348911	0.0	143.0	1.0	179.0
1393214348922	0.0	143.0	1.0	179.0
1393214348932	0.0	143.0	1.0	179.0
1393214348943	0.0	143.0	1.0	179.0
1393214348951	0.0	143.0	1.0	179.0
1393214348962	0.0	143.0	1.0	179.0
1393214348971	0.0	143.0	1.0	179.0
1393214348981	0.0	143.0	1.0	179.0
1393214348993	0.0	143.0	1.0	179.0
1393214349004	0.0	143.0	1.0	179.0
1393214349012	0.0	143.0	1.0	179.0
1393214349024	0.0	143.0	1.0	179.0
1393214349042	0.0	117.0	4.0	16.0
1393214349046	0.0	143.0	1.0	179.0
1393214349053	0.0	143.0	1.0	179.0
1393214349073	0.0	117.0	4.0	15.0
1393214349077	0.0	143.0	1.0	179.0
1393214349083	0.0	143.0	1.0	179.0
1393214349092	0.0	143.0	1.0	179.0
1393214349103	0.0	143.0	1.0	179.0
1393214349113	0.0	143.0	1.0	179.0
1393214349127	0.0	143.0	1.0	179.0
1393214349132	0.0	143.0	1.0	179.0
1393214349143	0.0	143.0	1.0	179.0
1393214349152	0.0	143.0	1.0	179.0
1393214349162	0.0	143.0	1.0	179.0
1393214349172	0.0	143.0	1.0	179.0
1393214349184	0.0	143.0	1.0	179.0
1393214349193	0.0	143.0	1.0	179.0
1393214349204	0.0	142.0	1.0	179.0
1393214349214	0.0	142.0	1.0	179.0
1393214349224	0.0	0.0	90.0	0.0
1393214349237	0.0	142.0	1.0	179.0
1393214349244	0.0	142.0	1.0	179.0
1393214349252	0.0	142.0	1.0	179.0
1393214349264	0.0	142.0	1.0	179.0
1393214349273	0.0	142.0	1.0	179.0
1393214349285	0.0	142.0	1.0	179.0
1393214349292	0.0	142.0	1.0	179.0
1393214349305	0.0	142.0	1.0	179.0
1393214349314	0.0	142.0	1.0	179.0
1393214349322	0.0	142.0	1.0	179.0
1393214349333	0.0	142.0	1.0	179.0
1393214349341	0.0	142.0	1.0	179.0
1393214349352	0.0	142.0	1.0	179.0
1393214349371	0.0	142.0	1.0	179.0
1393214349375	0.0	142.0	1.0	179.0
1393214349386	0.0	142.0	1.0	179.0
1393214349392	0.0	142.0	1.0	179.0
1393214349403	0.0	142.0	1.0	179.0
1393214349413	0.0	142.0	1.0	179.0
1393214349425	0.0	142.0	1.0	179.0
1393214349444	0.0	142.0	1.0	179.0
1393214349457	0.0	142.0	1.0	179.0
1393214349478	0.0	116.0	2.0	14.0
1393214349480	0.0	142.0	1.0	179.0
1393214349484	0.0	142.0	1.0	179.0
1393214349491	0.0	142.0	1.0	179.0
1393214349501	0.0	142.0	1.0	179.0
1393214349513	0.0	142.0	1.0	179.0
1393214349523	0.0	142.0	1.0	179.0
1393214349537	0.0	143.0	1.0	179.0
1393214349548	0.0	143.0	1.0	179.0
1393214349563	0.0	0.0	90.0	0.0
1393214349565	0.0	143.0	1.0	179.0
1393214349572	0.0	143.0	1.0	179.0
1393214349593	0.0	142.0	8.0	8.0
1393214349597	0.0	143.0	1.0	179.0
1393214349604	0.0	143.0	1.0	179.0
1393214349614	0.0	143.0	1.0	179.0
1393214349622	0.0	143.0	1.0	179.0
1393214349639	0.0	143.0	1.0	179.0
1393214349641	0.0	143.0	1.0	179.0
1393214349652	0.0	143.0	1.0	179.0
1393214349665	0.0	143.0	1.0	179.0
1393214349673	0.0	143.0	1.0	179.0
1393214349684	0.0	143.0	1.0	179.0
1393214349692	0.0	143.0	1.0	179.0
1393214349702	0.0	143.0	1.0	179.0
1393214349712	0.0	143.0	1.0	179.0
1393214349724	0.0	143.0	1.0	179.0
1393214349735	0.0	143.0	1.0	179.0
1393214349746	0.0	143.0	1.0	179.0
1393214349755	0.0	143.0	1.0	179.0
1393214349763	0.0	143.0	1.0	179.0
1393214349773	0.0	143.0	1.0	179.0
1393214349785	0.0	143.0	1.0	179.0
1393214349803	0.0	143.0	1.0	179.0
1393214349817	0.0	143.0	1.0	179.0
1393214349822	0.0	143.0	1.0	179.0
1393214349841	0.0	143.0	1.0	179.0
1393214349844	0.0	143.0	1.0	179.0
1393214349852	0.0	143.0	1.0	179.0
1393214349865	0.0	142.0	1.0	179.0
1393214349872	0.0	142.0	1.0	179.0
1393214349882	0.0	142.0	1.0	179.0
1393214349892	0.0	142.0	1.0	179.0
1393214349904	0.0	142.0	1.0	179.0
1393214349912	0.0	142.0	1.0	179.0
1393214349923	0.0	142.0	1.0	179.0
1393214349932	0.0	142.0	1.0	179.0
1393214349942	0.0	0.0	90.0	0.0
1393214349952	0.0	142.0	1.0	179.0
1393214349964	0.0	142.0	1.0	179.0
1393214349973	0.0	142.0	1.0	179.0
1393214349986	0.0	142.0	1.0	179.0
1393214349995	0.0	142.0	1.0	179.0
1393214350003	0.0	143.0	1.0	179.0
1393214350018	0.0	143.0	1.0	179.0
1393214350029	0.0	143.0	1.0	179.0
1393214350035	0.0	143.0	1.0	179.0
1393214350071	0.0	143.0	1.0	179.0
1393214350073	0.0	0.0	8.0	9.0
1393214350074	0.0	143.0	1.0	179.0
1393214350076	0.0	143.0	1.0	179.0
1393214350084	0.0	143.0	1.0	179.0
1393214350093	0.0	143.0	1.0	179.0
1393214350104	0.0	143.0	1.0	179.0
1393214350123	0.0	143.0	1.0	179.0
1393214350125	0.0	143.0	1.0	179.0
1393214350133	0.0	143.0	1.0	179.0
1393214350157	0.0	143.0	1.0	179.0
1393214350163	0.0	143.0	1.0	179.0
1393214350169	0.0	143.0	1.0	179.0
1393214350173	0.0	144.0	1.0	179.0
1393214350183	0.0	144.0	1.0	179.0
1393214350199	0.0	144.0	1.0	179.0
1393214350205	0.0	144.0	1.0	178.0
1393214350216	0.0	144.0	1.0	178.0
1393214350236	0.0	143.0	8.0	8.0
1393214350238	0.0	144.0	1.0	178.0
1393214350247	0.0	144.0	1.0	178.0
1393214350257	0.0	144.0	1.0	178.0
1393214350273	0.0	118.0	0.0	8.0
1393214350274	0.0	144.0	1.0	178.0
1393214350284	0.0	144.0	1.0	178.0
1393214350294	0.0	144.0	1.0	178.0
1393214350355	0.0	144.0	1.0	178.0
1393214350360	0.0	144.0	1.0	178.0
1393214350361	0.0	144.0	1.0	178.0
1393214350362	0.0	144.0	1.0	178.0
1393214350364	0.0	144.0	1.0	178.0
1393214350365	0.0	144.0	1.0	178.0
1393214350366	0.0	144.0	1.0	178.0
1393214350372	0.0	144.0	1.0	178.0
1393214350384	0.0	144.0	1.0	178.0
1393214350392	0.0	144.0	1.0	178.0
1393214350408	0.0	144.0	1.0	178.0
1393214350415	0.0	144.0	1.0	178.0
1393214350422	0.0	144.0	1.0	178.0
1393214350432	0.0	144.0	1.0	178.0
1393214350445	0.0	144.0	1.0	178.0
1393214350456	0.0	144.0	1.0	178.0
1393214350463	0.0	144.0	1.0	178.0
1393214350473	0.0	144.0	1.0	178.0
1393214350483	0.0	144.0	1.0	178.0
1393214350495	0.0	144.0	1.0	178.0
1393214350505	0.0	144.0	1.0	178.0
1393214350515	0.0	144.0	1.0	178.0
1393214350523	0.0	144.0	1.0	178.0
1393214350542	0.0	144.0	1.0	178.0
1393214350544	0.0	144.0	1.0	178.0
1393214350555	0.0	144.0	1.0	178.0
1393214350567	0.0	144.0	1.0	178.0
1393214350576	0.0	144.0	1.0	178.0
1393214350583	0.0	0.0	90.0	0.0
1393214350596	0.0	144.0	1.0	178.0
1393214350603	0.0	0.0	90.0	0.0
1393214350614	0.0	0.0	90.0	0.0
1393214350626	0.0	144.0	1.0	178.0
1393214350634	0.0	144.0	1.0	178.0
1393214350649	0.0	144.0	1.0	178.0
1393214350656	0.0	144.0	1.0	178.0
1393214350666	0.0	144.0	1.0	178.0
1393214350674	0.0	144.0	1.0	178.0
1393214350685	0.0	144.0	1.0	178.0
1393214350704	0.0	144.0	1.0	178.0
1393214350707	0.0	144.0	1.0	178.0
1393214350716	0.0	144.0	1.0	178.0
1393214350727	0.0	144.0	1.0	178.0
1393214350747	0.0	144.0	1.0	178.0
1393214350749	0.0	144.0	1.0	178.0
1393214350754	0.0	144.0	1.0	178.0
1393214350775	0.0	144.0	1.0	178.0
1393214350776	0.0	144.0	1.0	178.0
1393214350783	0.0	144.0	1.0	178.0
1393214350794	0.0	144.0	1.0	178.0
1393214350804	0.0	144.0	1.0	178.0
1393214350813	0.0	144.0	1.0	178.0
1393214350824	0.0	144.0	1.0	178.0
1393214350833	0.0	144.0	1.0	178.0
1393214350845	0.0	144.0	1.0	178.0
1393214350854	0.0	144.0	1.0	178.0
1393214350867	0.0	144.0	1.0	178.0
1393214350873	0.0	144.0	1.0	178.0
1393214350883	0.0	144.0	1.0	178.0
1393214350896	0.0	144.0	1.0	178.0
1393214350903	0.0	144.0	1.0	178.0
1393214350913	0.0	144.0	1.0	178.0
1393214350929	0.0	144.0	1.0	178.0
1393214350933	0.0	144.0	1.0	178.0
1393214350946	0.0	144.0	1.0	178.0
1393214350953	0.0	144.0	1.0	178.0
1393214350969	0.0	144.0	1.0	178.0
1393214350973	0.0	0.0	90.0	0.0
1393214350986	0.0	144.0	1.0	178.0
1393214350995	0.0	144.0	1.0	178.0
1393214351005	0.0	0.0	90.0	0.0
1393214351016	0.0	144.0	1.0	178.0
1393214351028	0.0	144.0	1.0	178.0
1393214351038	0.0	144.0	1.0	178.0
1393214351046	0.0	144.0	1.0	178.0
1393214351054	0.0	0.0	90.0	0.0
1393214351073	0.0	144.0	1.0	178.0
1393214351077	0.0	144.0	1.0	178.0
1393214351088	0.0	144.0	1.0	178.0
1393214351094	0.0	144.0	1.0	178.0
1393214351106	0.0	0.0	90.0	0.0
1393214351114	0.0	144.0	1.0	178.0
1393214351126	0.0	144.0	1.0	178.0
1393214351134	0.0	144.0	1.0	178.0
1393214351144	0.0	144.0	1.0	178.0
1393214351154	0.0	144.0	1.0	178.0
1393214351176	0.0	144.0	1.0	178.0
1393214351185	0.0	133.0	1.0	1.0
1393214351188	0.0	144.0	1.0	178.0
1393214351197	0.0	144.0	1.0	178.0
1393214351203	0.0	144.0	1.0	178.0
1393214351214	0.0	144.0	1.0	178.0
1393214351229	0.0	144.0	1.0	178.0
1393214351234	0.0	144.0	1.0	178.0
1393214351245	0.0	144.0	1.0	178.0
1393214351259	0.0	144.0	1.0	178.0
1393214351264	0.0	144.0	1.0	178.0
1393214351279	0.0	144.0	1.0	178.0
1393214351286	0.0	144.0	1.0	178.0
1393214351296	0.0	144.0	1.0	178.0
1393214351305	0.0	144.0	1.0	178.0
1393214351314	0.0	144.0	1.0	178.0
1393214351324	0.0	144.0	1.0	178.0
1393214351334	0.0	144.0	1.0	178.0
1393214351346	0.0	144.0	1.0	178.0
1393214351365	0.0	144.0	1.0	178.0
1393214351385	0.0	144.0	1.0	178.0
1393214351387	0.0	144.0	1.0	178.0
1393214351394	0.0	144.0	1.0	178.0
1393214351405	0.0	0.0	90.0	0.0
1393214351414	0.0	144.0	1.0	178.0
1393214351426	0.0	144.0	1.0	178.0
1393214351433	0.0	144.0	1.0	178.0
1393214351443	0.0	144.0	1.0	178.0
1393214351453	0.0	0.0	90.0	0.0
1393214351465	0.0	144.0	1.0	178.0
1393214351477	0.0	144.0	1.0	178.0
1393214351484	0.0	144.0	1.0	178.0
1393214351501	0.0	144.0	1.0	178.0
1393214351504	0.0	144.0	1.0	178.0
1393214351515	0.0	124.0	2.0	1.0
1393214351527	0.0	144.0	1.0	178.0
1393214351533	0.0	0.0	90.0	0.0
1393214351547	0.0	144.0	1.0	178.0
1393214351553	0.0	144.0	1.0	178.0
1393214351564	0.0	144.0	1.0	178.0
1393214351577	0.0	144.0	1.0	178.0
1393214351586	0.0	144.0	1.0	178.0
1393214351594	0.0	144.0	1.0	178.0
1393214351604	0.0	144.0	1.0	178.0
1393214351615	0.0	144.0	1.0	178.0
1393214351627	0.0	145.0	1.0	178.0
1393214351634	0.0	145.0	1.0	178.0
1393214351646	0.0	145.0	1.0	178.0
1393214351654	0.0	145.0	1.0	178.0
1393214351664	0.0	145.0	1.0	178.0
1393214351686	0.0	130.0	0.0	2.0
1393214351688	0.0	145.0	1.0	178.0
1393214351695	0.0	145.0	1.0	178.0
1393214351706	0.0	145.0	1.0	178.0
1393214351714	0.0	145.0	1.0	178.0
1393214351726	0.0	145.0	1.0	178.0
1393214351734	0.0	145.0	1.0	178.0
1393214351744	0.0	145.0	1.0	178.0
1393214351753	0.0	145.0	1.0	178.0
1393214351766	0.0	145.0	1.0	178.0
1393214351780	0.0	145.0	1.0	178.0
1393214351785	0.0	145.0	1.0	178.0
1393214351795	0.0	145.0	1.0	178.0
1393214351805	0.0	145.0	1.0	178.0
1393214351816	0.0	145.0	1.0	178.0
1393214351835	0.0	145.0	1.0	178.0
1393214351837	0.0	145.0	1.0	178.0
1393214351848	0.0	0.0	90.0	0.0
1393214351855	0.0	145.0	1.0	178.0
1393214351897	0.0	145.0	1.0	178.0
1393214351905	0.0	144.0	8.0	8.0
1393214351908	0.0	145.0	1.0	178.0
1393214351909	0.0	145.0	1.0	178.0
1393214351912	0.0	145.0	1.0	178.0
1393214351914	0.0	145.0	1.0	178.0
1393214351928	0.0	144.0	1.0	178.0
1393214351934	0.0	144.0	1.0	178.0
1393214351946	0.0	144.0	1.0	178.0
1393214351954	0.0	144.0	1.0	178.0
1393214351964	0.0	144.0	1.0	178.0
1393214351974	0.0	144.0	1.0	178.0
1393214351984	0.0	144.0	1.0	178.0
1393214352018	0.0	144.0	1.0	178.0
1393214352021	0.0	144.0	1.0	178.0
1393214352027	0.0	144.0	1.0	178.0
1393214352034	0.0	144.0	1.0	178.0
1393214352044	0.0	144.0	1.0	178.0
1393214352054	0.0	144.0	1.0	178.0
1393214352066	0.0	144.0	1.0	178.0
1393214352077	0.0	144.0	1.0	178.0
1393214352085	0.0	144.0	1.0	178.0
1393214352096	0.0	144.0	1.0	178.0
1393214352105	0.0	144.0	1.0	178.0
1393214352115	0.0	144.0	1.0	178.0
1393214352126	0.0	144.0	1.0	178.0
1393214352134	0.0	144.0	1.0	178.0
1393214352144	0.0	144.0	1.0	178.0
1393214352154	0.0	144.0	1.0	178.0
1393214352164	0.0	144.0	1.0	178.0
1393214352179	0.0	144.0	1.0	178.0
1393214352186	0.0	144.0	1.0	178.0
1393214352197	0.0	144.0	1.0	178.0
1393214352204	0.0	144.0	1.0	178.0
1393214352215	0.0	144.0	1.0	178.0
1393214352225	0.0	144.0	1.0	178.0
1393214352234	0.0	144.0	1.0	178.0
1393214352246	0.0	144.0	1.0	178.0
1393214352255	0.0	144.0	1.0	178.0
1393214352266	0.0	144.0	1.0	178.0
1393214352275	0.0	144.0	1.0	178.0
1393214352285	0.0	144.0	1.0	178.0
1393214352300	0.0	144.0	1.0	178.0
1393214352312	0.0	144.0	1.0	178.0
1393214352315	0.0	144.0	1.0	178.0
1393214352325	0.0	144.0	1.0	178.0
1393214352335	0.0	144.0	1.0	178.0
1393214352344	0.0	144.0	1.0	178.0
1393214352354	0.0	144.0	1.0	178.0
1393214352368	0.0	144.0	1.0	178.0
1393214352375	0.0	144.0	1.0	178.0
1393214352385	0.0	144.0	1.0	178.0
1393214352398	0.0	144.0	1.0	178.0
1393214352410	0.0	144.0	1.0	178.0
1393214352416	0.0	144.0	1.0	178.0
1393214352426	0.0	144.0	1.0	178.0
1393214352434	0.0	144.0	1.0	178.0
1393214352445	0.0	144.0	1.0	178.0
1393214352456	0.0	144.0	1.0	178.0
1393214352464	0.0	144.0	1.0	178.0
1393214352474	0.0	144.0	1.0	178.0
1393214352486	0.0	144.0	1.0	178.0
1393214352500	0.0	145.0	1.0	178.0
1393214352508	0.0	145.0	1.0	178.0
1393214352515	0.0	145.0	1.0	178.0
1393214352527	0.0	145.0	1.0	178.0
1393214352534	0.0	145.0	1.0	178.0
1393214352546	0.0	145.0	1.0	178.0
1393214352556	0.0	145.0	1.0	178.0
1393214352564	0.0	145.0	1.0	178.0
1393214352576	0.0	145.0	1.0	178.0
1393214352585	0.0	145.0	1.0	178.0
1393214352595	0.0	145.0	1.0	178.0
1393214352609	0.0	145.0	1.0	178.0
1393214352615	0.0	145.0	1.0	178.0
1393214352626	0.0	145.0	1.0	178.0
1393214352645	0.0	145.0	1.0	178.0
1393214352665	0.0	145.0	1.0	178.0
1393214352667	0.0	145.0	1.0	178.0
1393214352675	0.0	145.0	1.0	178.0
1393214352684	0.0	145.0	1.0	178.0
1393214352694	0.0	145.0	1.0	178.0
1393214352710	0.0	145.0	1.0	178.0
1393214352714	0.0	145.0	1.0	178.0
1393214352727	0.0	145.0	1.0	178.0
1393214352735	0.0	145.0	1.0	178.0
1393214352745	0.0	145.0	1.0	178.0
1393214352757	0.0	145.0	1.0	178.0
1393214352765	0.0	145.0	1.0	178.0
1393214352775	0.0	145.0	1.0	178.0
1393214352787	0.0	145.0	1.0	178.0
1393214352795	0.0	145.0	1.0	178.0
1393214352811	0.0	145.0	1.0	178.0
1393214352815	0.0	145.0	1.0	178.0
1393214352825	0.0	145.0	1.0	178.0
1393214352835	0.0	145.0	1.0	178.0
1393214352847	0.0	145.0	1.0	178.0
1393214352857	0.0	145.0	1.0	178.0
1393214352865	0.0	145.0	1.0	178.0
1393214352875	0.0	145.0	1.0	178.0
1393214352885	0.0	145.0	1.0	178.0
1393214352895	0.0	145.0	1.0	178.0
1393214352909	0.0	145.0	1.0	178.0
1393214352915	0.0	145.0	1.0	178.0
1393214352927	0.0	145.0	1.0	178.0
1393214352946	0.0	145.0	1.0	178.0
1393214352958	0.0	145.0	1.0	178.0
1393214352968	0.0	145.0	1.0	178.0
1393214352975	0.0	145.0	1.0	178.0
1393214352990	0.0	145.0	1.0	178.0
1393214352998	0.0	145.0	1.0	178.0
1393214353018	0.0	145.0	1.0	178.0
1393214353032	0.0	152.0	1.0	3.0
1393214353036	0.0	145.0	8.0	8.0
1393214353041	0.0	145.0	1.0	178.0
1393214353046	0.0	145.0	1.0	178.0
1393214353057	0.0	145.0	1.0	178.0
1393214353065	0.0	145.0	1.0	178.0
1393214353076	0.0	145.0	1.0	178.0
1393214353091	0.0	145.0	1.0	178.0
1393214353095	0.0	145.0	1.0	178.0
1393214353109	0.0	145.0	1.0	178.0
1393214353121	0.0	145.0	1.0	178.0
1393214353127	0.0	145.0	1.0	178.0
1393214353138	0.0	145.0	1.0	178.0
1393214353148	0.0	145.0	1.0	178.0
1393214353161	0.0	145.0	1.0	178.0
1393214353167	0.0	145.0	1.0	178.0
1393214353176	0.0	145.0	1.0	178.0
1393214353186	0.0	145.0	1.0	178.0
1393214353196	0.0	145.0	1.0	178.0
1393214353212	0.0	145.0	1.0	178.0
1393214353224	0.0	145.0	1.0	178.0
1393214353227	0.0	0.0	90.0	0.0
1393214353243	0.0	145.0	1.0	178.0
1393214353249	0.0	145.0	1.0	178.0
1393214353261	0.0	146.0	1.0	178.0
1393214353272	0.0	145.0	1.0	178.0
1393214353286	0.0	145.0	1.0	178.0
1393214353289	0.0	145.0	1.0	178.0
1393214353296	0.0	145.0	1.0	178.0
1393214353320	0.0	145.0	1.0	178.0
1393214353322	0.0	145.0	1.0	178.0
1393214353327	0.0	145.0	1.0	178.0
1393214353340	0.0	145.0	1.0	178.0
1393214353347	0.0	145.0	1.0	178.0
1393214353356	0.0	145.0	1.0	178.0
1393214353365	0.0	145.0	1.0	178.0
1393214353376	0.0	145.0	1.0	178.0
1393214353389	0.0	145.0	1.0	178.0
1393214353395	0.0	145.0	1.0	178.0
1393214353407	0.0	145.0	1.0	178.0
1393214353416	0.0	145.0	1.0	178.0
1393214353426	0.0	145.0	1.0	178.0
1393214353439	0.0	146.0	1.0	178.0
1393214353448	0.0	146.0	1.0	178.0
1393214353457	0.0	146.0	1.0	178.0
1393214353466	0.0	146.0	1.0	178.0
1393214353476	0.0	146.0	1.0	178.0
1393214353489	0.0	146.0	1.0	178.0
1393214353496	0.0	146.0	1.0	178.0
1393214353508	0.0	146.0	1.0	178.0
1393214353516	0.0	146.0	1.0	178.0
1393214353527	0.0	146.0	1.0	178.0
1393214353549	0.0	146.0	1.0	178.0
1393214353552	0.0	146.0	1.0	178.0
1393214353558	0.0	146.0	1.0	178.0
1393214353568	0.0	146.0	1.0	178.0
1393214353576	0.0	146.0	1.0	178.0
1393214353588	0.0	146.0	1.0	178.0
1393214353596	0.0	146.0	1.0	178.0
1393214353606	0.0	146.0	1.0	178.0
1393214353615	0.0	146.0	1.0	178.0
1393214353639	0.0	146.0	1.0	178.0
1393214353656	0.0	146.0	1.0	178.0
1393214353666	0.0	146.0	1.0	178.0
1393214353676	0.0	146.0	1.0	178.0
1393214353688	0.0	146.0	1.0	178.0
1393214353696	0.0	146.0	1.0	178.0
1393214353706	0.0	146.0	1.0	178.0
1393214353716	0.0	146.0	1.0	178.0
1393214353727	0.0	146.0	1.0	178.0
1393214353742	0.0	146.0	1.0	178.0
1393214353748	0.0	146.0	1.0	178.0
1393214353756	0.0	146.0	1.0	178.0
1393214353766	0.0	146.0	1.0	178.0
1393214353775	0.0	146.0	1.0	178.0
1393214353787	0.0	146.0	1.0	178.0
1393214353795	0.0	146.0	1.0	178.0
1393214353808	0.0	146.0	1.0	178.0
1393214353815	0.0	146.0	1.0	178.0
1393214353826	0.0	146.0	1.0	178.0
1393214353842	0.0	146.0	1.0	178.0
1393214353846	0.0	146.0	1.0	178.0
1393214353856	0.0	146.0	1.0	178.0
1393214353872	0.0	146.0	1.0	178.0
1393214353877	0.0	146.0	1.0	178.0
1393214353890	0.0	146.0	1.0	178.0
1393214353897	0.0	146.0	1.0	178.0
1393214353908	0.0	146.0	1.0	178.0
1393214353917	0.0	146.0	1.0	178.0
1393214353932	0.0	146.0	1.0	178.0
1393214353946	0.0	145.0	8.0	8.0
1393214353949	0.0	146.0	1.0	178.0
1393214353959	0.0	146.0	1.0	178.0
1393214353968	0.0	146.0	1.0	178.0
1393214353976	0.0	146.0	1.0	178.0
1393214353988	0.0	146.0	1.0	178.0
1393214353996	0.0	146.0	1.0	178.0
1393214354006	0.0	146.0	1.0	178.0
1393214354018	0.0	146.0	1.0	178.0
1393214354026	0.0	146.0	1.0	178.0
1393214354038	0.0	146.0	1.0	178.0
1393214354048	0.0	146.0	1.0	178.0
1393214354056	0.0	146.0	1.0	178.0
1393214354072	0.0	146.0	1.0	178.0
1393214354077	0.0	146.0	1.0	178.0
1393214354091	0.0	146.0	1.0	178.0
1393214354097	0.0	146.0	1.0	178.0
1393214354109	0.0	146.0	1.0	178.0
1393214354117	0.0	146.0	1.0	178.0
1393214354129	0.0	146.0	1.0	178.0
1393214354158	0.0	146.0	1.0	178.0
1393214354161	0.0	146.0	1.0	178.0
1393214354165	0.0	146.0	1.0	178.0
1393214354173	0.0	146.0	1.0	178.0
1393214354187	0.0	145.0	8.0	8.0
1393214354191	0.0	146.0	1.0	178.0
1393214354207	0.0	146.0	1.0	178.0
1393214354212	0.0	146.0	1.0	178.0
1393214354220	0.0	146.0	1.0	178.0
1393214354228	0.0	146.0	1.0	178.0
1393214354236	0.0	146.0	1.0	178.0
1393214354246	0.0	146.0	1.0	178.0
1393214354256	0.0	145.0	1.0	178.0
1393214354268	0.0	145.0	1.0	178.0
1393214354277	0.0	145.0	1.0	178.0
1393214354289	0.0	145.0	1.0	178.0
1393214354296	0.0	145.0	1.0	178.0
1393214354307	0.0	145.0	1.0	178.0
1393214354320	0.0	145.0	1.0	178.0
1393214354327	0.0	145.0	1.0	178.0
1393214354337	0.0	145.0	1.0	178.0
1393214354349	0.0	145.0	1.0	178.0
1393214354357	0.0	145.0	1.0	178.0
1393214354370	0.0	145.0	1.0	178.0
1393214354377	0.0	145.0	1.0	178.0
1393214354389	0.0	145.0	1.0	178.0
1393214354397	0.0	145.0	1.0	178.0
1393214354409	0.0	145.0	1.0	178.0
1393214354421	0.0	145.0	1.0	178.0
1393214354428	0.0	145.0	1.0	178.0
1393214354439	0.0	145.0	1.0	178.0
1393214354447	0.0	145.0	1.0	178.0
1393214354457	0.0	145.0	1.0	178.0
1393214354471	0.0	145.0	1.0	178.0
1393214354477	0.0	145.0	1.0	178.0
1393214354489	0.0	145.0	1.0	178.0
1393214354497	0.0	145.0	1.0	178.0
1393214354507	0.0	145.0	1.0	178.0
1393214354522	0.0	145.0	1.0	178.0
1393214354529	0.0	145.0	1.0	178.0
1393214354549	0.0	145.0	1.0	178.0
1393214354552	0.0	145.0	1.0	178.0
1393214354572	0.0	145.0	1.0	178.0
1393214354578	0.0	145.0	1.0	178.0
1393214354603	0.0	145.0	1.0	178.0
1393214354608	0.0	145.0	8.0	8.0
1393214354611	0.0	145.0	1.0	178.0
1393214354624	0.0	145.0	1.0	178.0
1393214354627	0.0	145.0	1.0	178.0
1393214354653	0.0	145.0	1.0	178.0
1393214354657	0.0	145.0	1.0	178.0
1393214354671	0.0	145.0	1.0	178.0
1393214354677	0.0	145.0	1.0	178.0
1393214354687	0.0	145.0	1.0	178.0
1393214354709	0.0	145.0	1.0	178.0
1393214354720	0.0	145.0	1.0	178.0
1393214354727	0.0	145.0	1.0	178.0
1393214354737	0.0	145.0	1.0	178.0
1393214354747	0.0	145.0	1.0	178.0
1393214354757	0.0	145.0	1.0	178.0
1393214354770	0.0	145.0	1.0	178.0
1393214354777	0.0	145.0	1.0	178.0
1393214354788	0.0	146.0	1.0	178.0
1393214354797	0.0	145.0	1.0	178.0
1393214354807	0.0	145.0	1.0	178.0
1393214354823	0.0	145.0	1.0	178.0
1393214354829	0.0	145.0	1.0	178.0
1393214354837	0.0	145.0	1.0	178.0
1393214354847	0.0	145.0	1.0	178.0
1393214354857	0.0	145.0	1.0	178.0
1393214354867	0.0	145.0	1.0	178.0
1393214354877	0.0	145.0	1.0	178.0
1393214354889	0.0	145.0	1.0	178.0
1393214354898	0.0	145.0	1.0	178.0
1393214354907	0.0	145.0	1.0	178.0
1393214354919	0.0	145.0	1.0	178.0
1393214354927	0.0	145.0	1.0	178.0
1393214354939	0.0	145.0	1.0	178.0
1393214354950	0.0	145.0	1.0	178.0
1393214354971	0.0	145.0	1.0	178.0
1393214354978	0.0	145.0	1.0	178.0
1393214354988	0.0	145.0	1.0	178.0
1393214354999	0.0	145.0	1.0	178.0
1393214355009	0.0	145.0	1.0	178.0
1393214355020	0.0	145.0	1.0	178.0
1393214355028	0.0	145.0	1.0	178.0
1393214355048	0.0	146.0	1.0	178.0
1393214355072	0.0	146.0	1.0	178.0
1393214355078	0.0	146.0	1.0	178.0
1393214355088	0.0	146.0	1.0	178.0
1393214355101	0.0	146.0	1.0	178.0
1393214355108	0.0	146.0	1.0	178.0
1393214355120	0.0	146.0	1.0	178.0
1393214355131	0.0	146.0	1.0	178.0
1393214355137	0.0	146.0	1.0	178.0
1393214355152	0.0	146.0	1.0	178.0
1393214355157	0.0	146.0	1.0	178.0
1393214355172	0.0	146.0	1.0	178.0
1393214355177	0.0	146.0	1.0	178.0
1393214355189	0.0	146.0	1.0	178.0
1393214355207	0.0	146.0	1.0	178.0
1393214355225	0.0	146.0	1.0	178.0
1393214355227	0.0	146.0	1.0	178.0
1393214355237	0.0	146.0	1.0	178.0
1393214355249	0.0	146.0	1.0	178.0
1393214355257	0.0	146.0	1.0	178.0
1393214355272	0.0	146.0	1.0	178.0
1393214355277	0.0	146.0	1.0	178.0
1393214355287	0.0	146.0	1.0	178.0
1393214355299	0.0	146.0	1.0	178.0
1393214355309	0.0	146.0	1.0	178.0
1393214355356	0.0	146.0	1.0	178.0
1393214355358	0.0	146.0	1.0	178.0
1393214355360	0.0	146.0	1.0	178.0
1393214355362	0.0	146.0	1.0	178.0
1393214355380	0.0	146.0	1.0	178.0
1393214355389	0.0	146.0	1.0	178.0
1393214355391	0.0	146.0	1.0	178.0
1393214355392	0.0	146.0	1.0	178.0
1393214355397	0.0	146.0	1.0	178.0
1393214355411	0.0	146.0	1.0	178.0
1393214355417	0.0	146.0	1.0	178.0
1393214355429	0.0	146.0	1.0	178.0
1393214355437	0.0	146.0	1.0	178.0
1393214355449	0.0	146.0	1.0	178.0
1393214355457	0.0	146.0	1.0	178.0
1393214355467	0.0	146.0	1.0	178.0
1393214355477	0.0	146.0	1.0	178.0
1393214355489	0.0	146.0	1.0	178.0
1393214355501	0.0	146.0	1.0	178.0
1393214355508	0.0	146.0	1.0	178.0
1393214355518	0.0	146.0	1.0	178.0
1393214355528	0.0	146.0	1.0	178.0
1393214355538	0.0	146.0	1.0	178.0
1393214355564	0.0	146.0	1.0	178.0
1393214355567	0.0	146.0	1.0	178.0
1393214355574	0.0	146.0	1.0	178.0
1393214355577	0.0	146.0	1.0	178.0
1393214355588	0.0	146.0	1.0	178.0
1393214355600	0.0	146.0	1.0	178.0
1393214355609	0.0	146.0	1.0	178.0
1393214355618	0.0	145.0	1.0	178.0
1393214355628	0.0	145.0	1.0	178.0
1393214355638	0.0	145.0	1.0	178.0
1393214355650	0.0	145.0	1.0	178.0
1393214355658	0.0	145.0	1.0	178.0
1393214355670	0.0	145.0	1.0	178.0
1393214355683	0.0	145.0	1.0	178.0
1393214355688	0.0	145.0	1.0	178.0
1393214355699	0.0	145.0	1.0	178.0
1393214355708	0.0	145.0	1.0	178.0
1393214355720	0.0	145.0	1.0	178.0
1393214355733	0.0	145.0	1.0	178.0
1393214355738	0.0	145.0	1.0	178.0
1393214355749	0.0	145.0	1.0	178.0
1393214355758	0.0	145.0	1.0	178.0
1393214355768	0.0	145.0	1.0	178.0
1393214355779	0.0	0.0	1.0	178.0
1393214355790	0.0	145.0	1.0	178.0
1393214355798	0.0	145.0	1.0	178.0
1393214355808	0.0	145.0	1.0	178.0
1393214355818	0.0	146.0	1.0	178.0
1393214355828	0.0	146.0	1.0	178.0
1393214355838	0.0	146.0	1.0	178.0
1393214355851	0.0	146.0	1.0	178.0
1393214355858	0.0	146.0	1.0	178.0
1393214355872	0.0	146.0	1.0	178.0
1393214355881	0.0	146.0	1.0	178.0
1393214355888	0.0	146.0	1.0	178.0
1393214355902	0.0	146.0	1.0	178.0
1393214355910	0.0	146.0	1.0	178.0
1393214355918	0.0	146.0	1.0	178.0
1393214355928	0.0	146.0	1.0	178.0
1393214355938	0.0	146.0	1.0	178.0
1393214355950	0.0	146.0	1.0	178.0
1393214355958	0.0	146.0	1.0	178.0
1393214355971	0.0	146.0	1.0	178.0
1393214355980	0.0	146.0	1.0	178.0
1393214355988	0.0	145.0	1.0	178.0
1393214355999	0.0	145.0	1.0	178.0
1393214356008	0.0	145.0	1.0	178.0
1393214356019	0.0	145.0	1.0	178.0
1393214356034	0.0	145.0	1.0	178.0
1393214356038	0.0	145.0	1.0	178.0
1393214356050	0.0	145.0	1.0	178.0
1393214356058	0.0	145.0	1.0	178.0
1393214356069	0.0	145.0	1.0	178.0
1393214356078	0.0	145.0	1.0	178.0
1393214356092	0.0	145.0	1.0	178.0
1393214356105	0.0	145.0	1.0	178.0
1393214356108	0.0	145.0	1.0	178.0
1393214356118	0.0	145.0	1.0	178.0
1393214356128	0.0	145.0	1.0	178.0
1393214356138	0.0	145.0	1.0	178.0
1393214356150	0.0	145.0	1.0	178.0
1393214356158	0.0	145.0	1.0	178.0
1393214356171	0.0	145.0	1.0	178.0
1393214356199	0.0	145.0	8.0	8.0
1393214356203	0.0	145.0	1.0	178.0
1393214356205	0.0	145.0	1.0	178.0
1393214356210	0.0	145.0	1.0	178.0
1393214356218	0.0	145.0	1.0	178.0
1393214356230	0.0	145.0	1.0	178.0
1393214356238	0.0	145.0	1.0	178.0
1393214356248	0.0	145.0	1.0	178.0
1393214356257	0.0	145.0	1.0	178.0
1393214356269	0.0	145.0	1.0	178.0
1393214356281	0.0	145.0	1.0	178.0
1393214356293	0.0	145.0	1.0	178.0
1393214356300	0.0	145.0	1.0	178.0
1393214356308	0.0	145.0	1.0	178.0
1393214356318	0.0	145.0	1.0	178.0
1393214356331	0.0	145.0	1.0	178.0
1393214356338	0.0	145.0	1.0	178.0
1393214356349	0.0	145.0	1.0	178.0
1393214356359	0.0	145.0	1.0	178.0
1393214356369	0.0	145.0	1.0	178.0
1393214356381	0.0	145.0	1.0	178.0
1393214356394	0.0	145.0	1.0	178.0
1393214356400	0.0	145.0	1.0	178.0
1393214356412	0.0	145.0	1.0	178.0
1393214356418	0.0	145.0	1.0	178.0
1393214356431	0.0	145.0	1.0	178.0
1393214356438	0.0	145.0	1.0	178.0
1393214356451	0.0	145.0	1.0	178.0
1393214356459	0.0	145.0	1.0	178.0
1393214356468	0.0	146.0	1.0	178.0
1393214356491	0.0	146.0	1.0	178.0
1393214356499	0.0	146.0	1.0	178.0
1393214356530	0.0	146.0	1.0	178.0
1393214356544	0.0	146.0	1.0	178.0
1393214356549	0.0	146.0	1.0	178.0
1393214356552	0.0	146.0	1.0	178.0
1393214356554	0.0	146.0	1.0	178.0
1393214356561	0.0	146.0	1.0	178.0
1393214356580	0.0	146.0	1.0	178.0
1393214356600	0.0	146.0	1.0	178.0
1393214356602	0.0	146.0	1.0	178.0
1393214356611	0.0	146.0	1.0	178.0
1393214356614	0.0	146.0	1.0	178.0
1393214356619	0.0	146.0	1.0	178.0
1393214356630	0.0	146.0	1.0	178.0
1393214356639	0.0	146.0	1.0	178.0
1393214356648	0.0	146.0	1.0	178.0
1393214356659	0.0	146.0	1.0	178.0
1393214356668	0.0	146.0	1.0	178.0
1393214356681	0.0	146.0	1.0	178.0
1393214356691	0.0	146.0	1.0	178.0
1393214356703	0.0	146.0	1.0	178.0
1393214356709	0.0	146.0	1.0	178.0
1393214356719	0.0	146.0	1.0	178.0
1393214356732	0.0	146.0	1.0	178.0
1393214356739	0.0	146.0	1.0	178.0
1393214356752	0.0	146.0	1.0	178.0
1393214356759	0.0	146.0	1.0	178.0
1393214356769	0.0	146.0	1.0	178.0
1393214356782	0.0	146.0	1.0	178.0
1393214356789	0.0	146.0	1.0	178.0
1393214356800	0.0	146.0	1.0	178.0
1393214356815	0.0	146.0	1.0	178.0
1393214356819	0.0	146.0	1.0	178.0
1393214356830	0.0	146.0	1.0	178.0
1393214356839	0.0	146.0	1.0	178.0
1393214356850	0.0	146.0	1.0	178.0
1393214356894	0.0	145.0	8.0	8.0
1393214356902	0.0	146.0	1.0	178.0
1393214356904	0.0	146.0	1.0	178.0
1393214356906	0.0	146.0	1.0	178.0
1393214356913	0.0	146.0	1.0	178.0
1393214356915	0.0	146.0	1.0	178.0
1393214356919	0.0	146.0	1.0	178.0
1393214356930	0.0	146.0	1.0	178.0
1393214356938	0.0	146.0	1.0	178.0
1393214356949	0.0	146.0	1.0	178.0
1393214356960	0.0	146.0	1.0	178.0
1393214356968	0.0	146.0	1.0	178.0
1393214356982	0.0	146.0	1.0	178.0
1393214356991	0.0	146.0	1.0	178.0
1393214357007	0.0	0.0	1.0	178.0
1393214357015	0.0	146.0	1.0	178.0
1393214357019	0.0	146.0	1.0	178.0
1393214357033	0.0	146.0	1.0	178.0
1393214357039	0.0	146.0	1.0	178.0
1393214357052	0.0	146.0	1.0	178.0
1393214357061	0.0	146.0	1.0	178.0
1393214357070	0.0	146.0	1.0	178.0
1393214357088	0.0	146.0	1.0	178.0
1393214357096	0.0	146.0	1.0	178.0
1393214357105	0.0	146.0	1.0	178.0
1393214357122	0.0	146.0	1.0	178.0
1393214357139	0.0	139.0	0.0	1.0
1393214357146	0.0	146.0	1.0	178.0
1393214357150	0.0	146.0	1.0	178.0
1393214357179	0.0	141.0	1.0	0.0
1393214357182	0.0	146.0	1.0	178.0
1393214357185	0.0	146.0	1.0	178.0
1393214357194	0.0	146.0	1.0	178.0
1393214357203	0.0	146.0	1.0	178.0
1393214357218	0.0	146.0	1.0	178.0
1393214357223	0.0	146.0	1.0	178.0
1393214357235	0.0	146.0	1.0	178.0
1393214357239	0.0	0.0	90.0	0.0
1393214357251	0.0	146.0	1.0	178.0
1393214357267	0.0	146.0	1.0	178.0
1393214357270	0.0	146.0	1.0	178.0
1393214357283	0.0	146.0	1.0	178.0
1393214357299	0.0	142.0	0.0	2.0
1393214357303	0.0	146.0	1.0	178.0
1393214357319	0.0	146.0	1.0	178.0
1393214357323	0.0	146.0	1.0	178.0
1393214357330	0.0	146.0	1.0	178.0
1393214357339	0.0	146.0	1.0	178.0
1393214357351	0.0	146.0	1.0	178.0
1393214357362	0.0	146.0	1.0	178.0
1393214357369	0.0	146.0	1.0	178.0
1393214357380	0.0	146.0	1.0	178.0
1393214357391	0.0	146.0	1.0	178.0
1393214357400	0.0	146.0	1.0	178.0
1393214357412	0.0	146.0	1.0	178.0
1393214357423	0.0	146.0	1.0	178.0
1393214357430	0.0	146.0	1.0	178.0
1393214357440	0.0	146.0	1.0	178.0
1393214357450	0.0	146.0	1.0	178.0
1393214357462	0.0	146.0	1.0	178.0
1393214357471	0.0	146.0	1.0	178.0
1393214357480	0.0	146.0	1.0	178.0
1393214357490	0.0	146.0	1.0	178.0
1393214357499	0.0	146.0	1.0	178.0
1393214357513	0.0	146.0	1.0	178.0
1393214357526	0.0	146.0	1.0	178.0
1393214357535	0.0	146.0	1.0	178.0
1393214357542	0.0	146.0	1.0	178.0
1393214357555	0.0	146.0	1.0	178.0
1393214357563	0.0	146.0	1.0	178.0
1393214357571	0.0	146.0	1.0	178.0
1393214357580	0.0	146.0	1.0	178.0
1393214357597	0.0	146.0	1.0	178.0
1393214357599	0.0	146.0	1.0	178.0
1393214357609	0.0	146.0	1.0	178.0
1393214357619	0.0	146.0	1.0	178.0
1393214357630	0.0	146.0	1.0	178.0
1393214357641	0.0	146.0	1.0	178.0
1393214357652	0.0	146.0	1.0	178.0
1393214357661	0.0	146.0	1.0	178.0
1393214357669	0.0	146.0	1.0	178.0
1393214357680	0.0	146.0	1.0	178.0
1393214357697	0.0	146.0	1.0	178.0
1393214357706	0.0	146.0	1.0	178.0
1393214357712	0.0	146.0	1.0	178.0
1393214357722	0.0	146.0	1.0	178.0
1393214357743	0.0	146.0	8.0	8.0
1393214357745	0.0	146.0	1.0	178.0
1393214357752	0.0	146.0	1.0	178.0
1393214357762	0.0	146.0	1.0	178.0
1393214357773	0.0	146.0	1.0	178.0
1393214357785	0.0	146.0	1.0	178.0
1393214357791	0.0	146.0	1.0	178.0
1393214357799	0.0	146.0	1.0	178.0
1393214357810	0.0	146.0	1.0	178.0
1393214357819	0.0	146.0	1.0	178.0
1393214357835	0.0	146.0	1.0	178.0
1393214357840	0.0	146.0	1.0	178.0
1393214357850	0.0	146.0	1.0	178.0
1393214357865	0.0	146.0	1.0	178.0
1393214357870	0.0	146.0	1.0	178.0
1393214357880	0.0	146.0	1.0	178.0
1393214357894	0.0	146.0	1.0	178.0
1393214357900	0.0	146.0	1.0	178.0
1393214357911	0.0	146.0	1.0	178.0
1393214357920	0.0	146.0	1.0	178.0
1393214357936	0.0	146.0	1.0	178.0
1393214357941	0.0	146.0	1.0	178.0
1393214357952	0.0	0.0	90.0	0.0
1393214357962	0.0	146.0	1.0	178.0
1393214357970	0.0	146.0	1.0	178.0
1393214357981	0.0	146.0	1.0	178.0
1393214357997	0.0	146.0	1.0	178.0
1393214358001	0.0	146.0	1.0	178.0
1393214358013	0.0	146.0	1.0	178.0
1393214358021	0.0	146.0	1.0	178.0
1393214358033	0.0	146.0	1.0	178.0
1393214358047	0.0	146.0	1.0	178.0
1393214358051	0.0	146.0	1.0	178.0
1393214358066	0.0	146.0	1.0	178.0
1393214358076	0.0	146.0	1.0	178.0
1393214358081	0.0	147.0	1.0	178.0
1393214358096	0.0	147.0	1.0	178.0
1393214358114	0.0	147.0	1.0	178.0
1393214358124	0.0	147.0	1.0	178.0
1393214358141	0.0	147.0	1.0	178.0
1393214358159	0.0	147.0	1.0	178.0
1393214358164	0.0	147.0	1.0	178.0
1393214358168	0.0	147.0	1.0	178.0
1393214358173	0.0	147.0	1.0	178.0
1393214358181	0.0	0.0	90.0	0.0
1393214358193	0.0	147.0	1.0	178.0
1393214358200	0.0	147.0	1.0	178.0
1393214358214	0.0	147.0	1.0	178.0
1393214358223	0.0	147.0	1.0	178.0
1393214358238	0.0	147.0	1.0	178.0
1393214358248	0.0	147.0	1.0	178.0
1393214358255	0.0	147.0	1.0	178.0
1393214358261	0.0	147.0	1.0	178.0
1393214358271	0.0	147.0	1.0	178.0
1393214358281	0.0	147.0	1.0	178.0
1393214358296	0.0	147.0	1.0	178.0
1393214358303	0.0	147.0	1.0	178.0
1393214358313	0.0	147.0	1.0	178.0
1393214358321	0.0	147.0	1.0	178.0
1393214358332	0.0	147.0	1.0	178.0
1393214358344	0.0	147.0	1.0	178.0
1393214358351	0.0	147.0	1.0	178.0
1393214358363	0.0	147.0	1.0	178.0
1393214358376	0.0	147.0	1.0	178.0
1393214358396	0.0	147.0	1.0	178.0
1393214358400	0.0	0.0	90.0	0.0
1393214358412	0.0	147.0	1.0	178.0
1393214358421	0.0	0.0	90.0	0.0
1393214358435	0.0	147.0	1.0	178.0
1393214358442	0.0	147.0	1.0	178.0
1393214358453	0.0	147.0	1.0	178.0
1393214358465	0.0	147.0	1.0	178.0
1393214358476	0.0	147.0	1.0	178.0
1393214358482	0.0	147.0	1.0	178.0
1393214358493	0.0	147.0	1.0	178.0
1393214358501	0.0	147.0	1.0	178.0
1393214358512	0.0	147.0	1.0	178.0
1393214358521	0.0	147.0	1.0	178.0
1393214358533	0.0	147.0	1.0	178.0
1393214358552	0.0	147.0	1.0	178.0
1393214358555	0.0	147.0	1.0	178.0
1393214358561	0.0	147.0	1.0	178.0
1393214358571	0.0	147.0	1.0	178.0
1393214358582	0.0	147.0	1.0	178.0
1393214358598	0.0	146.0	1.0	178.0
1393214358602	0.0	146.0	1.0	178.0
1393214358614	0.0	146.0	1.0	178.0
1393214358622	0.0	146.0	1.0	178.0
1393214358632	0.0	146.0	1.0	178.0
1393214358642	0.0	146.0	1.0	178.0
1393214358652	0.0	146.0	1.0	178.0
1393214358662	0.0	146.0	1.0	178.0
1393214358676	0.0	146.0	1.0	178.0
1393214358681	0.0	146.0	1.0	178.0
1393214358692	0.0	146.0	1.0	178.0
1393214358701	0.0	146.0	1.0	178.0
1393214358712	0.0	146.0	1.0	178.0
1393214358725	0.0	146.0	1.0	178.0
1393214358733	0.0	0.0	90.0	0.0
1393214358742	0.0	146.0	1.0	178.0
1393214358751	0.0	146.0	1.0	178.0
1393214358763	0.0	146.0	1.0	178.0
1393214358776	0.0	146.0	1.0	178.0
1393214358781	0.0	0.0	90.0	0.0
1393214358793	0.0	146.0	1.0	178.0
1393214358801	0.0	146.0	1.0	178.0
1393214358813	0.0	146.0	1.0	178.0
1393214358828	0.0	146.0	1.0	178.0
1393214358831	0.0	146.0	1.0	178.0
1393214358847	0.0	146.0	1.0	178.0
1393214358855	0.0	146.0	1.0	178.0
1393214358874	0.0	146.0	1.0	178.0
1393214358877	0.0	146.0	1.0	178.0
1393214358893	0.0	0.0	1.0	5.0
1393214358898	0.0	146.0	1.0	178.0
1393214358900	0.0	146.0	1.0	178.0
1393214358912	0.0	146.0	1.0	178.0
1393214358923	0.0	146.0	1.0	178.0
1393214358930	0.0	146.0	1.0	178.0
1393214358940	0.0	146.0	1.0	178.0
1393214358951	0.0	146.0	1.0	178.0
1393214358962	0.0	146.0	1.0	178.0
1393214358978	0.0	146.0	1.0	178.0
1393214358981	0.0	146.0	1.0	178.0
1393214358991	0.0	146.0	1.0	178.0
1393214359001	0.0	0.0	90.0	0.0
1393214359012	0.0	146.0	1.0	178.0
1393214359025	0.0	146.0	1.0	178.0
1393214359033	0.0	146.0	1.0	178.0
1393214359051	0.0	146.0	1.0	178.0
1393214359063	0.0	146.0	1.0	178.0
1393214359081	0.0	146.0	1.0	178.0
1393214359083	0.0	146.0	1.0	178.0
1393214359094	0.0	146.0	1.0	178.0
1393214359102	0.0	146.0	1.0	178.0
1393214359113	0.0	146.0	1.0	178.0
1393214359125	0.0	147.0	1.0	178.0
1393214359131	0.0	147.0	1.0	178.0
1393214359142	0.0	147.0	1.0	178.0
1393214359157	0.0	147.0	1.0	178.0
1393214359162	0.0	147.0	1.0	178.0
1393214359177	0.0	147.0	1.0	178.0
1393214359183	0.0	147.0	1.0	178.0
1393214359193	0.0	147.0	1.0	178.0
1393214359205	0.0	147.0	1.0	178.0
1393214359215	0.0	147.0	1.0	178.0
1393214359226	0.0	147.0	1.0	178.0
1393214359233	0.0	147.0	1.0	178.0
1393214359247	0.0	147.0	1.0	178.0
1393214359255	0.0	147.0	1.0	178.0
1393214359265	0.0	147.0	1.0	178.0
1393214359275	0.0	147.0	1.0	178.0
1393214359281	0.0	147.0	1.0	178.0
1393214359292	0.0	147.0	1.0	178.0
1393214359301	0.0	147.0	1.0	178.0
1393214359312	0.0	147.0	1.0	178.0
1393214359325	0.0	146.0	1.0	178.0
1393214359332	0.0	146.0	1.0	178.0
1393214359342	0.0	146.0	1.0	178.0
1393214359351	0.0	146.0	1.0	178.0
1393214359364	0.0	146.0	1.0	178.0
1393214359374	0.0	146.0	1.0	178.0
1393214359381	0.0	146.0	1.0	178.0
1393214359393	0.0	146.0	1.0	178.0
1393214359401	0.0	146.0	1.0	178.0
1393214359412	0.0	0.0	90.0	0.0
1393214359425	0.0	147.0	1.0	178.0
1393214359432	0.0	147.0	1.0	178.0
1393214359441	0.0	147.0	1.0	178.0
1393214359472	0.0	147.0	1.0	178.0
1393214359473	0.0	146.0	1.0	178.0
1393214359486	0.0	146.0	1.0	178.0
1393214359487	0.0	146.0	1.0	178.0
1393214359504	0.0	146.0	1.0	178.0
1393214359505	0.0	146.0	1.0	178.0
1393214359519	0.0	146.0	1.0	178.0
1393214359537	0.0	146.0	1.0	178.0
1393214359539	0.0	146.0	1.0	178.0
1393214359552	0.0	146.0	1.0	178.0
1393214359554	0.0	146.0	1.0	178.0
1393214359626	0.0	146.0	1.0	178.0
1393214359628	0.0	146.0	1.0	178.0
1393214359629	0.0	146.0	1.0	178.0
1393214359630	0.0	146.0	1.0	178.0
1393214359683	0.0	147.0	1.0	178.0
1393214359685	0.0	147.0	1.0	178.0
1393214359686	0.0	147.0	1.0	178.0
1393214359707	0.0	147.0	1.0	178.0
