1393214617845	0.0	50.0	79.0	4.0
1393214617846	0.0	84.0	53.0	69.0
1393214617847	0.0	50.0	79.0	3.0
1393214617870	0.0	166.0	54.0	69.0
1393214617873	0.0	53.0	80.0	3.0
1393214617874	0.0	55.0	80.0	3.0
1393214617953	0.0	55.0	80.0	3.0
1393214617955	0.0	56.0	80.0	3.0
1393214617956	0.0	148.0	80.0	3.0
1393214617958	0.0	55.0	79.0	3.0
1393214617959	0.0	56.0	79.0	3.0
1393214617979	0.0	55.0	79.0	3.0
1393214617980	0.0	56.0	79.0	3.0
1393214617981	0.0	55.0	79.0	3.0
1393214617982	0.0	56.0	80.0	3.0
1393214617983	0.0	55.0	80.0	3.0
1393214617984	0.0	55.0	80.0	3.0
1393214617985	0.0	55.0	80.0	3.0
1393214617986	0.0	56.0	80.0	3.0
1393214617987	0.0	54.0	79.0	3.0
1393214618019	0.0	55.0	79.0	3.0
1393214618022	0.0	55.0	79.0	3.0
1393214618023	0.0	55.0	79.0	3.0
1393214618031	0.0	55.0	80.0	3.0
1393214618041	0.0	55.0	80.0	3.0
1393214618047	0.0	55.0	80.0	3.0
1393214618057	0.0	55.0	80.0	3.0
1393214618066	0.0	55.0	80.0	3.0
1393214618077	0.0	55.0	80.0	3.0
1393214618087	0.0	55.0	79.0	3.0
1393214618099	0.0	55.0	79.0	3.0
1393214618107	0.0	55.0	79.0	3.0
1393214618116	0.0	55.0	79.0	3.0
1393214618127	0.0	55.0	80.0	3.0
1393214618137	0.0	55.0	80.0	3.0
1393214618147	0.0	55.0	80.0	3.0
1393214618159	0.0	55.0	80.0	3.0
1393214618167	0.0	55.0	79.0	3.0
1393214618177	0.0	55.0	79.0	3.0
1393214618197	0.0	55.0	79.0	3.0
1393214618207	0.0	55.0	79.0	3.0
1393214618219	0.0	55.0	80.0	3.0
1393214618227	0.0	55.0	80.0	3.0
1393214618239	0.0	55.0	80.0	3.0
1393214618247	0.0	55.0	80.0	3.0
1393214618257	0.0	55.0	80.0	3.0
1393214618267	0.0	55.0	79.0	3.0
1393214618279	0.0	55.0	79.0	3.0
1393214618292	0.0	55.0	79.0	3.0
1393214618297	0.0	55.0	79.0	3.0
1393214618313	0.0	55.0	79.0	3.0
1393214618317	0.0	55.0	80.0	3.0
1393214618327	0.0	55.0	80.0	3.0
1393214618339	0.0	55.0	80.0	3.0
1393214618347	0.0	55.0	80.0	3.0
1393214618357	0.0	55.0	80.0	3.0
1393214618367	0.0	55.0	80.0	3.0
1393214618377	0.0	55.0	79.0	3.0
1393214618389	0.0	55.0	79.0	3.0
1393214618399	0.0	55.0	79.0	3.0
1393214618407	0.0	55.0	79.0	3.0
1393214618418	0.0	55.0	80.0	3.0
1393214618443	0.0	55.0	80.0	3.0
1393214618447	0.0	55.0	80.0	3.0
1393214618459	0.0	55.0	80.0	3.0
1393214618467	0.0	55.0	79.0	3.0
1393214618477	0.0	55.0	80.0	3.0
1393214618489	0.0	55.0	80.0	4.0
1393214618498	0.0	55.0	80.0	4.0
1393214618507	0.0	54.0	80.0	4.0
1393214618524	0.0	54.0	79.0	4.0
1393214618527	0.0	54.0	79.0	4.0
1393214618539	0.0	54.0	79.0	4.0
1393214618547	0.0	54.0	79.0	4.0
1393214618570	0.0	65.0	79.0	4.0
1393214618574	0.0	54.0	79.0	4.0
1393214618579	0.0	54.0	79.0	4.0
1393214618588	0.0	54.0	79.0	4.0
1393214618597	0.0	53.0	79.0	4.0
1393214618607	0.0	53.0	79.0	5.0
1393214618617	0.0	53.0	79.0	5.0
1393214618627	0.0	53.0	79.0	5.0
1393214618639	0.0	53.0	79.0	5.0
1393214618648	0.0	53.0	79.0	5.0
1393214618657	0.0	53.0	79.0	5.0
1393214618667	0.0	53.0	79.0	5.0
1393214618677	0.0	53.0	79.0	5.0
1393214618688	0.0	53.0	79.0	5.0
1393214618700	0.0	53.0	79.0	5.0
1393214618707	0.0	53.0	79.0	5.0
1393214618717	0.0	53.0	79.0	5.0
1393214618727	0.0	53.0	79.0	5.0
1393214618738	0.0	52.0	79.0	6.0
1393214618747	0.0	52.0	79.0	6.0
1393214618760	0.0	52.0	79.0	6.0
1393214618767	0.0	52.0	79.0	6.0
1393214618777	0.0	52.0	79.0	6.0
1393214618788	0.0	52.0	79.0	6.0
1393214618797	0.0	52.0	79.0	6.0
1393214618807	0.0	52.0	79.0	6.0
1393214618821	0.0	52.0	79.0	6.0
1393214618827	0.0	52.0	79.0	6.0
1393214618838	0.0	52.0	79.0	6.0
1393214618847	0.0	52.0	79.0	6.0
1393214618857	0.0	52.0	79.0	6.0
1393214618867	0.0	52.0	79.0	6.0
1393214618880	0.0	52.0	79.0	6.0
1393214618887	0.0	52.0	79.0	6.0
1393214618897	0.0	52.0	79.0	7.0
1393214618907	0.0	52.0	79.0	7.0
1393214618918	0.0	52.0	79.0	7.0
1393214618927	0.0	52.0	79.0	7.0
1393214618940	0.0	52.0	79.0	7.0
1393214618947	0.0	52.0	79.0	7.0
1393214618958	0.0	52.0	79.0	7.0
1393214618969	0.0	52.0	79.0	7.0
1393214618977	0.0	52.0	79.0	7.0
1393214618988	0.0	51.0	79.0	7.0
1393214619000	0.0	51.0	79.0	7.0
1393214619007	0.0	51.0	79.0	7.0
1393214619017	0.0	51.0	79.0	7.0
1393214619028	0.0	51.0	79.0	7.0
1393214619038	0.0	51.0	79.0	8.0
1393214619047	0.0	51.0	79.0	8.0
1393214619060	0.0	51.0	79.0	8.0
1393214619078	0.0	51.0	79.0	8.0
1393214619091	0.0	51.0	79.0	8.0
1393214619098	0.0	51.0	79.0	8.0
1393214619108	0.0	51.0	79.0	8.0
1393214619120	0.0	51.0	79.0	8.0
1393214619128	0.0	50.0	79.0	8.0
1393214619138	0.0	50.0	79.0	8.0
1393214619148	0.0	50.0	79.0	8.0
1393214619158	0.0	50.0	79.0	8.0
1393214619170	0.0	50.0	79.0	8.0
1393214619180	0.0	50.0	79.0	8.0
1393214619188	0.0	50.0	79.0	8.0
1393214619198	0.0	50.0	79.0	8.0
1393214619208	0.0	50.0	79.0	9.0
1393214619218	0.0	50.0	79.0	9.0
1393214619228	0.0	50.0	79.0	9.0
1393214619240	0.0	50.0	79.0	9.0
1393214619248	0.0	50.0	79.0	9.0
1393214619258	0.0	49.0	79.0	9.0
1393214619270	0.0	49.0	79.0	9.0
1393214619278	0.0	49.0	79.0	9.0
1393214619288	0.0	49.0	79.0	9.0
1393214619300	0.0	49.0	79.0	9.0
1393214619308	0.0	49.0	79.0	9.0
1393214619319	0.0	49.0	79.0	9.0
1393214619328	0.0	49.0	79.0	9.0
1393214619338	0.0	49.0	79.0	9.0
1393214619348	0.0	48.0	79.0	9.0
1393214619360	0.0	48.0	79.0	9.0
1393214619370	0.0	48.0	79.0	9.0
1393214619378	0.0	48.0	79.0	10.0
1393214619388	0.0	48.0	79.0	10.0
1393214619398	0.0	48.0	79.0	10.0
1393214619408	0.0	48.0	79.0	10.0
1393214619421	0.0	48.0	79.0	10.0
1393214619428	0.0	48.0	79.0	10.0
1393214619438	0.0	48.0	79.0	10.0
1393214619448	0.0	48.0	79.0	10.0
1393214619458	0.0	49.0	79.0	10.0
1393214619469	0.0	49.0	79.0	10.0
1393214619480	0.0	48.0	79.0	10.0
1393214619488	0.0	49.0	79.0	10.0
1393214619498	0.0	49.0	79.0	10.0
1393214619509	0.0	49.0	79.0	10.0
1393214619520	0.0	49.0	79.0	10.0
1393214619528	0.0	49.0	79.0	10.0
1393214619541	0.0	49.0	79.0	10.0
1393214619549	0.0	49.0	79.0	10.0
1393214619559	0.0	49.0	79.0	10.0
1393214619573	0.0	49.0	79.0	10.0
1393214619579	0.0	49.0	79.0	11.0
1393214619590	0.0	49.0	79.0	11.0
1393214619609	0.0	49.0	79.0	11.0
1393214619611	0.0	49.0	79.0	11.0
1393214619623	0.0	49.0	79.0	11.0
1393214619629	0.0	49.0	79.0	11.0
1393214619640	0.0	49.0	79.0	11.0
1393214619652	0.0	49.0	79.0	11.0
1393214619662	0.0	49.0	79.0	11.0
1393214619677	0.0	49.0	79.0	11.0
1393214619680	0.0	48.0	79.0	11.0
1393214619690	0.0	48.0	79.0	11.0
1393214619703	0.0	48.0	79.0	11.0
1393214619728	0.0	48.0	79.0	11.0
1393214619731	0.0	48.0	79.0	11.0
1393214619761	0.0	49.0	79.0	11.0
1393214619763	0.0	49.0	79.0	11.0
1393214619769	0.0	48.0	79.0	11.0
1393214619786	0.0	48.0	79.0	11.0
1393214619792	0.0	48.0	79.0	11.0
1393214619794	0.0	48.0	79.0	11.0
1393214619801	0.0	48.0	79.0	11.0
1393214619809	0.0	48.0	79.0	11.0
1393214619825	0.0	48.0	79.0	11.0
1393214619829	0.0	48.0	79.0	11.0
1393214619842	0.0	48.0	79.0	11.0
1393214619852	0.0	48.0	79.0	12.0
1393214619860	0.0	48.0	79.0	12.0
1393214619870	0.0	48.0	79.0	12.0
1393214619879	0.0	48.0	79.0	12.0
1393214619895	0.0	48.0	79.0	12.0
1393214619901	0.0	48.0	79.0	12.0
1393214619909	0.0	48.0	79.0	12.0
1393214619922	0.0	48.0	79.0	12.0
1393214619929	0.0	48.0	79.0	12.0
1393214619941	0.0	48.0	79.0	12.0
1393214619949	0.0	48.0	79.0	12.0
1393214619961	0.0	47.0	79.0	12.0
1393214619969	0.0	47.0	79.0	12.0
1393214619979	0.0	47.0	79.0	12.0
1393214619989	0.0	47.0	79.0	12.0
1393214619999	0.0	47.0	79.0	12.0
1393214620009	0.0	47.0	79.0	12.0
1393214620021	0.0	47.0	79.0	12.0
1393214620029	0.0	47.0	79.0	12.0
1393214620039	0.0	47.0	79.0	12.0
1393214620053	0.0	47.0	79.0	12.0
1393214620059	0.0	47.0	79.0	12.0
1393214620071	0.0	47.0	79.0	12.0
1393214620083	0.0	47.0	79.0	12.0
1393214620090	0.0	47.0	79.0	12.0
1393214620100	0.0	46.0	79.0	12.0
1393214620120	0.0	46.0	79.0	12.0
1393214620129	0.0	46.0	79.0	12.0
1393214620153	0.0	46.0	79.0	12.0
1393214620159	0.0	46.0	79.0	12.0
1393214620170	0.0	46.0	79.0	12.0
1393214620179	0.0	46.0	79.0	12.0
1393214620189	0.0	46.0	79.0	12.0
1393214620203	0.0	46.0	79.0	13.0
1393214620209	0.0	46.0	79.0	13.0
1393214620225	0.0	46.0	79.0	13.0
1393214620230	0.0	46.0	79.0	13.0
1393214620240	0.0	46.0	79.0	13.0
1393214620277	0.0	46.0	79.0	13.0
1393214620279	0.0	46.0	79.0	13.0
1393214620282	0.0	46.0	79.0	13.0
1393214620284	0.0	46.0	79.0	13.0
1393214620290	0.0	46.0	79.0	13.0
1393214620303	0.0	46.0	79.0	13.0
1393214620309	0.0	46.0	79.0	13.0
1393214620322	0.0	46.0	79.0	13.0
1393214620329	0.0	46.0	79.0	13.0
1393214620339	0.0	46.0	79.0	13.0
1393214620359	0.0	46.0	79.0	13.0
1393214620374	0.0	46.0	79.0	13.0
1393214620384	0.0	46.0	79.0	13.0
1393214620389	0.0	46.0	79.0	13.0
1393214620402	0.0	46.0	79.0	13.0
1393214620410	0.0	46.0	79.0	13.0
1393214620420	0.0	46.0	79.0	13.0
1393214620430	0.0	46.0	79.0	13.0
1393214620442	0.0	46.0	79.0	13.0
1393214620452	0.0	46.0	79.0	13.0
1393214620460	0.0	46.0	79.0	13.0
1393214620471	0.0	46.0	79.0	13.0
1393214620480	0.0	46.0	79.0	13.0
1393214620490	0.0	45.0	79.0	13.0
1393214620506	0.0	45.0	79.0	13.0
1393214620511	0.0	45.0	79.0	13.0
1393214620521	0.0	45.0	79.0	13.0
1393214620531	0.0	46.0	79.0	13.0
1393214620542	0.0	46.0	79.0	13.0
1393214620556	0.0	46.0	79.0	13.0
1393214620564	0.0	46.0	79.0	13.0
1393214620571	0.0	46.0	79.0	13.0
1393214620582	0.0	46.0	79.0	13.0
1393214620590	0.0	46.0	79.0	13.0
1393214620604	0.0	46.0	79.0	13.0
1393214620610	0.0	46.0	79.0	13.0
1393214620622	0.0	46.0	79.0	13.0
1393214620632	0.0	46.0	79.0	13.0
1393214620640	0.0	46.0	79.0	13.0
1393214620652	0.0	46.0	79.0	13.0
1393214620660	0.0	46.0	79.0	13.0
1393214620670	0.0	46.0	79.0	13.0
1393214620685	0.0	46.0	79.0	13.0
1393214620690	0.0	46.0	79.0	13.0
1393214620706	0.0	47.0	79.0	13.0
1393214620710	0.0	47.0	79.0	13.0
1393214620720	0.0	47.0	79.0	13.0
1393214620730	0.0	47.0	79.0	13.0
1393214620743	0.0	47.0	79.0	13.0
1393214620750	0.0	47.0	79.0	13.0
1393214620760	0.0	47.0	79.0	13.0
1393214620773	0.0	47.0	79.0	13.0
1393214620798	0.0	166.0	54.0	70.0
1393214620800	0.0	47.0	79.0	13.0
1393214620803	0.0	47.0	79.0	13.0
1393214620810	0.0	47.0	79.0	13.0
1393214620822	0.0	47.0	79.0	13.0
1393214620833	0.0	47.0	79.0	13.0
1393214620841	0.0	47.0	79.0	13.0
1393214620854	0.0	47.0	79.0	13.0
1393214620865	0.0	47.0	79.0	13.0
1393214620871	0.0	47.0	79.0	13.0
1393214620889	0.0	47.0	79.0	13.0
1393214620892	0.0	47.0	79.0	13.0
1393214620903	0.0	47.0	79.0	13.0
1393214620910	0.0	180.0	90.0	0.0
1393214620923	0.0	47.0	79.0	13.0
1393214620935	0.0	47.0	79.0	13.0
1393214620941	0.0	47.0	79.0	13.0
1393214620951	0.0	47.0	79.0	13.0
1393214620961	0.0	47.0	79.0	13.0
1393214620970	0.0	47.0	79.0	13.0
1393214620983	0.0	47.0	79.0	13.0
1393214620990	0.0	47.0	79.0	13.0
1393214621001	0.0	47.0	79.0	13.0
1393214621010	0.0	47.0	79.0	13.0
1393214621023	0.0	47.0	79.0	13.0
1393214621034	0.0	47.0	79.0	13.0
1393214621043	0.0	47.0	79.0	13.0
1393214621050	0.0	47.0	79.0	13.0
1393214621060	0.0	47.0	79.0	13.0
1393214621070	0.0	47.0	79.0	13.0
1393214621082	0.0	47.0	79.0	13.0
1393214621090	0.0	47.0	79.0	13.0
1393214621106	0.0	47.0	79.0	13.0
1393214621110	0.0	47.0	79.0	13.0
1393214621121	0.0	47.0	79.0	13.0
1393214621134	0.0	47.0	79.0	13.0
1393214621140	0.0	47.0	79.0	13.0
1393214621151	0.0	47.0	79.0	13.0
1393214621168	0.0	47.0	79.0	13.0
1393214621172	0.0	47.0	79.0	13.0
1393214621187	0.0	47.0	79.0	13.0
1393214621191	0.0	47.0	79.0	13.0
1393214621201	0.0	47.0	79.0	13.0
1393214621211	0.0	47.0	79.0	13.0
1393214621223	0.0	47.0	79.0	13.0
1393214621234	0.0	47.0	79.0	13.0
1393214621241	0.0	47.0	79.0	13.0
1393214621252	0.0	47.0	79.0	13.0
1393214621261	0.0	47.0	79.0	13.0
1393214621271	0.0	47.0	79.0	13.0
1393214621286	0.0	46.0	79.0	13.0
1393214621293	0.0	46.0	79.0	13.0
1393214621306	0.0	46.0	79.0	13.0
1393214621311	0.0	46.0	79.0	13.0
1393214621321	0.0	46.0	79.0	13.0
1393214621335	0.0	46.0	79.0	13.0
1393214621343	0.0	46.0	79.0	13.0
1393214621352	0.0	46.0	79.0	13.0
1393214621361	0.0	46.0	79.0	13.0
1393214621371	0.0	47.0	79.0	13.0
1393214621386	0.0	47.0	79.0	13.0
1393214621391	0.0	47.0	79.0	13.0
1393214621405	0.0	47.0	79.0	13.0
1393214621411	0.0	180.0	90.0	0.0
1393214621422	0.0	47.0	79.0	13.0
1393214621431	0.0	180.0	90.0	0.0
1393214621447	0.0	180.0	90.0	0.0
1393214621458	0.0	47.0	79.0	13.0
1393214621476	0.0	47.0	79.0	13.0
1393214621485	0.0	47.0	79.0	13.0
1393214621503	0.0	47.0	79.0	13.0
1393214621507	0.0	47.0	79.0	13.0
1393214621510	0.0	180.0	90.0	0.0
1393214621523	0.0	47.0	79.0	13.0
1393214621531	0.0	47.0	79.0	13.0
1393214621540	0.0	47.0	79.0	13.0
1393214621551	0.0	46.0	79.0	13.0
1393214621561	0.0	46.0	79.0	13.0
1393214621571	0.0	46.0	79.0	13.0
1393214621584	0.0	46.0	79.0	13.0
1393214621590	0.0	46.0	79.0	13.0
1393214621601	0.0	46.0	79.0	13.0
1393214621612	0.0	46.0	79.0	13.0
1393214621621	0.0	46.0	79.0	13.0
1393214621643	0.0	46.0	79.0	13.0
1393214621651	0.0	46.0	79.0	13.0
1393214621675	0.0	45.0	79.0	13.0
1393214621677	0.0	45.0	79.0	13.0
1393214621681	0.0	45.0	79.0	13.0
1393214621691	0.0	45.0	79.0	13.0
1393214621704	0.0	45.0	79.0	13.0
1393214621713	0.0	45.0	79.0	13.0
1393214621721	0.0	45.0	79.0	13.0
1393214621731	0.0	45.0	79.0	13.0
1393214621741	0.0	45.0	79.0	13.0
1393214621751	0.0	45.0	79.0	13.0
1393214621776	0.0	45.0	79.0	13.0
1393214621780	0.0	45.0	79.0	13.0
1393214621790	0.0	45.0	79.0	13.0
1393214621795	0.0	45.0	79.0	13.0
1393214621815	0.0	45.0	79.0	13.0
1393214621825	0.0	45.0	79.0	13.0
1393214621833	0.0	45.0	79.0	13.0
1393214621843	0.0	45.0	79.0	13.0
1393214621854	0.0	45.0	79.0	13.0
1393214621867	0.0	45.0	79.0	13.0
1393214621873	0.0	45.0	79.0	13.0
1393214621884	0.0	45.0	79.0	13.0
1393214621892	0.0	46.0	79.0	13.0
1393214621903	0.0	46.0	79.0	13.0
1393214621915	0.0	46.0	79.0	13.0
1393214621921	0.0	46.0	79.0	13.0
1393214621932	0.0	46.0	79.0	13.0
1393214621945	0.0	46.0	79.0	13.0
1393214621951	0.0	46.0	79.0	13.0
1393214621966	0.0	46.0	79.0	13.0
1393214621971	0.0	46.0	79.0	13.0
1393214621981	0.0	46.0	79.0	13.0
1393214621991	0.0	46.0	79.0	13.0
1393214622003	0.0	46.0	79.0	13.0
1393214622013	0.0	46.0	79.0	13.0
1393214622021	0.0	46.0	79.0	13.0
1393214622031	0.0	46.0	79.0	13.0
1393214622041	0.0	46.0	79.0	13.0
1393214622051	0.0	46.0	79.0	13.0
1393214622063	0.0	46.0	79.0	13.0
1393214622071	0.0	46.0	79.0	13.0
1393214622081	0.0	46.0	79.0	13.0
1393214622091	0.0	46.0	79.0	13.0
1393214622102	0.0	46.0	79.0	13.0
1393214622113	0.0	46.0	79.0	13.0
1393214622123	0.0	46.0	79.0	13.0
1393214622131	0.0	46.0	79.0	13.0
1393214622141	0.0	46.0	79.0	13.0
1393214622151	0.0	46.0	79.0	13.0
1393214622163	0.0	46.0	79.0	13.0
1393214622171	0.0	46.0	79.0	13.0
1393214622184	0.0	46.0	79.0	13.0
1393214622191	0.0	46.0	79.0	13.0
1393214622202	0.0	46.0	79.0	13.0
1393214622213	0.0	46.0	79.0	13.0
1393214622221	0.0	46.0	79.0	13.0
1393214622231	0.0	46.0	79.0	13.0
1393214622246	0.0	46.0	79.0	13.0
1393214622252	0.0	46.0	79.0	13.0
1393214622266	0.0	46.0	79.0	13.0
1393214622285	0.0	47.0	79.0	12.0
1393214622292	0.0	47.0	79.0	12.0
1393214622312	0.0	84.0	54.0	69.0
1393214622315	0.0	47.0	79.0	12.0
1393214622323	0.0	47.0	79.0	12.0
1393214622337	0.0	47.0	79.0	12.0
1393214622344	0.0	47.0	79.0	12.0
1393214622354	0.0	47.0	79.0	12.0
1393214622374	0.0	47.0	79.0	12.0
1393214622383	0.0	62.0	48.0	83.0
1393214622386	0.0	47.0	79.0	12.0
1393214622394	0.0	47.0	79.0	12.0
1393214622410	0.0	47.0	79.0	12.0
1393214622415	0.0	47.0	79.0	12.0
1393214622427	0.0	47.0	79.0	12.0
1393214622443	0.0	62.0	48.0	82.0
1393214622448	0.0	47.0	79.0	12.0
1393214622455	0.0	47.0	79.0	12.0
1393214622465	0.0	47.0	79.0	12.0
1393214622473	0.0	47.0	79.0	12.0
1393214622485	0.0	47.0	79.0	12.0
1393214622493	0.0	47.0	79.0	12.0
1393214622503	0.0	47.0	79.0	12.0
1393214622515	0.0	47.0	79.0	12.0
1393214622522	0.0	47.0	79.0	12.0
1393214622533	0.0	47.0	79.0	12.0
1393214622546	0.0	47.0	79.0	12.0
1393214622553	0.0	47.0	79.0	12.0
1393214622564	0.0	47.0	79.0	12.0
1393214622572	0.0	47.0	79.0	12.0
1393214622583	0.0	47.0	79.0	12.0
1393214622594	0.0	47.0	79.0	12.0
1393214622605	0.0	47.0	79.0	12.0
1393214622616	0.0	47.0	79.0	12.0
1393214622622	0.0	47.0	79.0	12.0
1393214622633	0.0	47.0	79.0	12.0
1393214622644	0.0	47.0	79.0	12.0
1393214622654	0.0	47.0	79.0	12.0
1393214622692	0.0	47.0	79.0	12.0
1393214622703	0.0	47.0	79.0	12.0
1393214622706	0.0	47.0	79.0	12.0
1393214622709	0.0	47.0	79.0	12.0
1393214622714	0.0	47.0	79.0	12.0
1393214622725	0.0	47.0	79.0	12.0
1393214622732	0.0	47.0	79.0	12.0
1393214622738	0.0	47.0	79.0	12.0
1393214622745	0.0	47.0	79.0	12.0
1393214622752	0.0	47.0	79.0	12.0
1393214622762	0.0	47.0	79.0	12.0
1393214622772	0.0	47.0	79.0	12.0
1393214622784	0.0	47.0	79.0	12.0
1393214622794	0.0	47.0	79.0	12.0
1393214622803	0.0	47.0	79.0	12.0
1393214622815	0.0	47.0	79.0	12.0
1393214622822	0.0	47.0	79.0	12.0
1393214622833	0.0	47.0	79.0	12.0
1393214622846	0.0	47.0	79.0	12.0
1393214622852	0.0	47.0	79.0	12.0
1393214622862	0.0	47.0	79.0	12.0
1393214622872	0.0	47.0	79.0	12.0
1393214622883	0.0	47.0	79.0	11.0
1393214622898	0.0	47.0	79.0	11.0
1393214622904	0.0	47.0	79.0	11.0
1393214622913	0.0	47.0	79.0	11.0
1393214622924	0.0	47.0	79.0	11.0
1393214622933	0.0	47.0	79.0	11.0
1393214622954	0.0	47.0	79.0	11.0
1393214622956	0.0	47.0	79.0	11.0
1393214622964	0.0	47.0	79.0	11.0
1393214622972	0.0	47.0	79.0	11.0
1393214622984	0.0	47.0	79.0	11.0
1393214622996	0.0	47.0	79.0	11.0
1393214623003	0.0	47.0	79.0	11.0
1393214623015	0.0	47.0	79.0	11.0
1393214623028	0.0	47.0	79.0	11.0
1393214623033	0.0	47.0	79.0	11.0
1393214623045	0.0	47.0	79.0	11.0
1393214623053	0.0	47.0	79.0	11.0
1393214623064	0.0	48.0	79.0	11.0
1393214623072	0.0	48.0	79.0	11.0
1393214623085	0.0	48.0	79.0	11.0
1393214623093	0.0	48.0	79.0	11.0
1393214623103	0.0	48.0	79.0	11.0
1393214623113	0.0	48.0	79.0	11.0
1393214623126	0.0	48.0	79.0	11.0
1393214623133	0.0	48.0	79.0	11.0
1393214623145	0.0	48.0	79.0	11.0
1393214623153	0.0	48.0	79.0	11.0
1393214623163	0.0	48.0	79.0	11.0
1393214623174	0.0	48.0	79.0	11.0
1393214623184	0.0	48.0	79.0	11.0
1393214623196	0.0	48.0	79.0	11.0
1393214623208	0.0	48.0	79.0	11.0
1393214623220	0.0	48.0	79.0	11.0
1393214623224	0.0	48.0	79.0	11.0
1393214623236	0.0	48.0	79.0	11.0
1393214623248	0.0	48.0	79.0	11.0
1393214623253	0.0	180.0	90.0	0.0
1393214623266	0.0	48.0	79.0	11.0
1393214623275	0.0	180.0	90.0	0.0
1393214623284	0.0	48.0	79.0	11.0
1393214623296	0.0	48.0	79.0	11.0
1393214623303	0.0	48.0	79.0	11.0
1393214623313	0.0	48.0	79.0	11.0
1393214623333	0.0	48.0	79.0	11.0
1393214623338	0.0	48.0	79.0	11.0
1393214623343	0.0	48.0	79.0	11.0
1393214623353	0.0	48.0	79.0	11.0
1393214623363	0.0	48.0	79.0	11.0
1393214623375	0.0	48.0	79.0	11.0
1393214623386	0.0	48.0	79.0	11.0
1393214623395	0.0	48.0	79.0	11.0
1393214623404	0.0	48.0	79.0	11.0
1393214623417	0.0	48.0	79.0	11.0
1393214623431	0.0	48.0	79.0	11.0
1393214623436	0.0	48.0	79.0	11.0
1393214623448	0.0	48.0	79.0	11.0
1393214623453	0.0	48.0	79.0	11.0
1393214623463	0.0	48.0	79.0	11.0
1393214623475	0.0	48.0	79.0	11.0
1393214623484	0.0	48.0	79.0	10.0
1393214623495	0.0	48.0	79.0	10.0
1393214623505	0.0	48.0	79.0	10.0
1393214623513	0.0	48.0	79.0	10.0
1393214623524	0.0	48.0	79.0	10.0
1393214623534	0.0	48.0	79.0	10.0
1393214623544	0.0	48.0	79.0	10.0
1393214623565	0.0	48.0	79.0	10.0
1393214623585	0.0	84.0	56.0	78.0
1393214623587	0.0	48.0	79.0	10.0
1393214623596	0.0	48.0	79.0	10.0
1393214623603	0.0	48.0	79.0	10.0
1393214623613	0.0	48.0	79.0	10.0
1393214623635	0.0	48.0	79.0	10.0
1393214623637	0.0	48.0	79.0	10.0
1393214623644	0.0	48.0	79.0	10.0
1393214623654	0.0	83.0	55.0	82.0
1393214623663	0.0	47.0	79.0	10.0
1393214623677	0.0	47.0	79.0	10.0
1393214623685	0.0	47.0	79.0	10.0
1393214623695	0.0	47.0	79.0	10.0
1393214623703	0.0	47.0	79.0	10.0
1393214623713	0.0	47.0	79.0	10.0
1393214623723	0.0	47.0	79.0	10.0
1393214623737	0.0	47.0	79.0	10.0
1393214623745	0.0	47.0	79.0	10.0
1393214623756	0.0	47.0	79.0	10.0
1393214623764	0.0	47.0	79.0	10.0
1393214623784	0.0	47.0	79.0	10.0
1393214623786	0.0	47.0	79.0	10.0
1393214623795	0.0	47.0	79.0	10.0
1393214623807	0.0	47.0	79.0	10.0
1393214623813	0.0	47.0	79.0	10.0
1393214623826	0.0	47.0	79.0	10.0
1393214623835	0.0	47.0	79.0	10.0
1393214623843	0.0	48.0	79.0	10.0
1393214623854	0.0	48.0	79.0	10.0
1393214623866	0.0	48.0	79.0	10.0
1393214623876	0.0	48.0	79.0	10.0
1393214623884	0.0	48.0	79.0	10.0
1393214623896	0.0	48.0	79.0	10.0
1393214623912	0.0	48.0	79.0	10.0
1393214623915	0.0	48.0	79.0	10.0
1393214623927	0.0	48.0	79.0	10.0
1393214623934	0.0	48.0	79.0	10.0
1393214623946	0.0	48.0	79.0	10.0
1393214623966	0.0	48.0	79.0	10.0
1393214623968	0.0	48.0	79.0	10.0
1393214623977	0.0	48.0	79.0	10.0
1393214623986	0.0	48.0	79.0	10.0
1393214623993	0.0	180.0	90.0	0.0
1393214624005	0.0	49.0	79.0	10.0
1393214624013	0.0	49.0	79.0	10.0
1393214624027	0.0	49.0	79.0	10.0
1393214624040	0.0	49.0	79.0	10.0
1393214624047	0.0	49.0	79.0	10.0
1393214624056	0.0	49.0	79.0	10.0
1393214624063	0.0	49.0	79.0	10.0
1393214624077	0.0	49.0	79.0	10.0
1393214624084	0.0	49.0	79.0	10.0
1393214624094	0.0	49.0	79.0	10.0
1393214624110	0.0	49.0	79.0	10.0
1393214624114	0.0	49.0	79.0	10.0
1393214624126	0.0	49.0	79.0	10.0
1393214624134	0.0	49.0	79.0	10.0
1393214624146	0.0	49.0	79.0	10.0
1393214624155	0.0	49.0	79.0	10.0
1393214624165	0.0	49.0	79.0	10.0
1393214624174	0.0	49.0	79.0	10.0
1393214624183	0.0	49.0	79.0	9.0
1393214624193	0.0	49.0	79.0	9.0
1393214624205	0.0	49.0	79.0	9.0
1393214624213	0.0	49.0	79.0	9.0
1393214624228	0.0	49.0	79.0	9.0
1393214624234	0.0	49.0	79.0	9.0
1393214624248	0.0	49.0	79.0	9.0
1393214624253	0.0	49.0	79.0	9.0
1393214624264	0.0	49.0	79.0	9.0
1393214624278	0.0	49.0	79.0	9.0
1393214624286	0.0	49.0	79.0	9.0
1393214624294	0.0	50.0	79.0	9.0
1393214624305	0.0	50.0	79.0	9.0
1393214624314	0.0	50.0	79.0	9.0
1393214624325	0.0	50.0	79.0	9.0
1393214624333	0.0	50.0	79.0	9.0
1393214624346	0.0	50.0	79.0	9.0
1393214624355	0.0	50.0	79.0	9.0
1393214624364	0.0	50.0	79.0	9.0
1393214624374	0.0	50.0	79.0	9.0
1393214624384	0.0	50.0	79.0	9.0
1393214624394	0.0	50.0	79.0	9.0
1393214624410	0.0	50.0	79.0	9.0
1393214624414	0.0	180.0	90.0	0.0
1393214624427	0.0	50.0	79.0	9.0
1393214624434	0.0	50.0	79.0	9.0
1393214624444	0.0	50.0	79.0	9.0
1393214624461	0.0	50.0	79.0	9.0
1393214624466	0.0	50.0	79.0	9.0
1393214624474	0.0	50.0	79.0	9.0
1393214624484	0.0	50.0	79.0	9.0
1393214624494	0.0	50.0	79.0	9.0
1393214624508	0.0	50.0	79.0	9.0
1393214624514	0.0	50.0	79.0	9.0
1393214624526	0.0	50.0	79.0	9.0
1393214624534	0.0	50.0	79.0	9.0
1393214624544	0.0	50.0	79.0	9.0
1393214624554	0.0	50.0	79.0	9.0
1393214624564	0.0	50.0	79.0	9.0
1393214624575	0.0	50.0	79.0	9.0
1393214624588	0.0	50.0	79.0	9.0
1393214624594	0.0	50.0	79.0	9.0
1393214624608	0.0	50.0	79.0	9.0
1393214624614	0.0	50.0	79.0	9.0
1393214624625	0.0	50.0	79.0	9.0
1393214624638	0.0	50.0	79.0	9.0
1393214624647	0.0	50.0	79.0	9.0
1393214624661	0.0	50.0	79.0	9.0
1393214624666	0.0	50.0	79.0	9.0
1393214624677	0.0	51.0	79.0	9.0
1393214624685	0.0	51.0	79.0	9.0
1393214624695	0.0	50.0	79.0	9.0
1393214624711	0.0	50.0	79.0	9.0
1393214624715	0.0	51.0	79.0	9.0
1393214624729	0.0	51.0	79.0	9.0
1393214624738	0.0	51.0	79.0	9.0
1393214624748	0.0	51.0	79.0	9.0
1393214624760	0.0	51.0	79.0	9.0
1393214624766	0.0	51.0	79.0	9.0
1393214624785	0.0	51.0	79.0	9.0
1393214624787	0.0	51.0	79.0	9.0
1393214624794	0.0	51.0	79.0	9.0
1393214624807	0.0	51.0	79.0	9.0
1393214624814	0.0	51.0	79.0	9.0
1393214624826	0.0	51.0	79.0	9.0
1393214624847	0.0	51.0	79.0	9.0
1393214624856	0.0	51.0	79.0	9.0
1393214624864	0.0	51.0	79.0	9.0
1393214624874	0.0	51.0	79.0	9.0
1393214624886	0.0	51.0	79.0	9.0
1393214624893	0.0	51.0	79.0	9.0
1393214624916	0.0	51.0	79.0	8.0
1393214624918	0.0	51.0	79.0	8.0
1393214624925	0.0	51.0	79.0	8.0
1393214624934	0.0	51.0	79.0	8.0
1393214624947	0.0	51.0	79.0	8.0
1393214624970	0.0	51.0	79.0	8.0
1393214624973	0.0	51.0	79.0	8.0
1393214624974	0.0	51.0	79.0	8.0
1393214624984	0.0	51.0	79.0	8.0
1393214624999	0.0	51.0	79.0	8.0
1393214625012	0.0	51.0	79.0	8.0
1393214625015	0.0	51.0	79.0	8.0
1393214625024	0.0	51.0	79.0	8.0
1393214625034	0.0	51.0	79.0	8.0
1393214625044	0.0	180.0	90.0	0.0
1393214625055	0.0	51.0	79.0	8.0
1393214625066	0.0	51.0	79.0	8.0
1393214625073	0.0	51.0	79.0	8.0
1393214625083	0.0	51.0	79.0	8.0
1393214625094	0.0	51.0	79.0	8.0
1393214625111	0.0	51.0	79.0	8.0
1393214625115	0.0	51.0	79.0	8.0
1393214625127	0.0	51.0	79.0	8.0
1393214625136	0.0	51.0	79.0	8.0
1393214625151	0.0	51.0	79.0	8.0
1393214625157	0.0	51.0	79.0	8.0
1393214625164	0.0	51.0	79.0	8.0
1393214625174	0.0	51.0	79.0	8.0
1393214625189	0.0	51.0	79.0	8.0
1393214625194	0.0	51.0	79.0	8.0
1393214625207	0.0	51.0	79.0	8.0
1393214625216	0.0	51.0	79.0	8.0
1393214625225	0.0	51.0	79.0	8.0
1393214625235	0.0	51.0	79.0	8.0
1393214625247	0.0	180.0	90.0	0.0
1393214625257	0.0	51.0	79.0	8.0
1393214625264	0.0	51.0	79.0	8.0
1393214625275	0.0	51.0	79.0	8.0
1393214625286	0.0	51.0	79.0	8.0
1393214625295	0.0	51.0	79.0	8.0
1393214625307	0.0	51.0	79.0	8.0
1393214625315	0.0	51.0	79.0	8.0
1393214625325	0.0	51.0	79.0	8.0
1393214625340	0.0	52.0	79.0	8.0
1393214625345	0.0	52.0	79.0	8.0
1393214625356	0.0	52.0	79.0	8.0
1393214625367	0.0	180.0	90.0	0.0
1393214625374	0.0	180.0	90.0	0.0
1393214625387	0.0	52.0	79.0	8.0
1393214625395	0.0	52.0	79.0	8.0
1393214625407	0.0	52.0	79.0	8.0
1393214625414	0.0	52.0	79.0	8.0
1393214625427	0.0	52.0	79.0	8.0
1393214625436	0.0	52.0	79.0	8.0
1393214625445	0.0	52.0	79.0	8.0
1393214625457	0.0	52.0	79.0	8.0
1393214625465	0.0	52.0	79.0	8.0
1393214625494	0.0	52.0	79.0	8.0
1393214625496	0.0	52.0	79.0	8.0
1393214625515	0.0	52.0	79.0	8.0
1393214625516	0.0	52.0	79.0	8.0
1393214625525	0.0	52.0	79.0	8.0
1393214625534	0.0	52.0	79.0	8.0
1393214625547	0.0	52.0	79.0	8.0
1393214625557	0.0	52.0	79.0	7.0
1393214625565	0.0	52.0	79.0	7.0
1393214625575	0.0	52.0	79.0	7.0
1393214625591	0.0	52.0	79.0	7.0
1393214625595	0.0	52.0	79.0	7.0
1393214625607	0.0	52.0	79.0	7.0
1393214625614	0.0	52.0	79.0	7.0
1393214625625	0.0	52.0	79.0	7.0
1393214625639	0.0	52.0	79.0	7.0
1393214625645	0.0	52.0	79.0	7.0
1393214625657	0.0	52.0	79.0	7.0
1393214625668	0.0	180.0	90.0	0.0
1393214625675	0.0	52.0	79.0	7.0
1393214625693	0.0	52.0	79.0	7.0
1393214625695	0.0	52.0	79.0	7.0
1393214625706	0.0	52.0	79.0	7.0
1393214625716	0.0	52.0	79.0	7.0
1393214625728	0.0	52.0	79.0	7.0
1393214625736	0.0	52.0	79.0	7.0
1393214625745	0.0	52.0	79.0	7.0
1393214625756	0.0	52.0	79.0	7.0
1393214625766	0.0	52.0	79.0	7.0
1393214625781	0.0	52.0	79.0	7.0
1393214625789	0.0	52.0	79.0	7.0
1393214625795	0.0	52.0	79.0	7.0
1393214625805	0.0	52.0	79.0	7.0
1393214625814	0.0	52.0	79.0	7.0
1393214625824	0.0	52.0	79.0	7.0
1393214625840	0.0	52.0	79.0	7.0
1393214625848	0.0	52.0	79.0	7.0
1393214625857	0.0	52.0	79.0	7.0
1393214625866	0.0	52.0	79.0	7.0
1393214625876	0.0	52.0	79.0	7.0
1393214625894	0.0	52.0	79.0	7.0
1393214625897	0.0	52.0	79.0	7.0
1393214625908	0.0	52.0	79.0	7.0
1393214625915	0.0	52.0	79.0	7.0
1393214625926	0.0	52.0	79.0	7.0
1393214625938	0.0	52.0	79.0	7.0
1393214625945	0.0	52.0	79.0	7.0
1393214625956	0.0	52.0	79.0	7.0
1393214625973	0.0	52.0	79.0	7.0
1393214625976	0.0	52.0	79.0	7.0
1393214625991	0.0	52.0	79.0	7.0
1393214625996	0.0	52.0	79.0	7.0
1393214626005	0.0	52.0	79.0	7.0
1393214626015	0.0	52.0	79.0	7.0
1393214626027	0.0	52.0	79.0	7.0
1393214626037	0.0	52.0	79.0	7.0
1393214626045	0.0	52.0	79.0	7.0
1393214626056	0.0	52.0	79.0	7.0
1393214626065	0.0	52.0	79.0	7.0
1393214626075	0.0	52.0	79.0	7.0
1393214626088	0.0	52.0	79.0	7.0
1393214626095	0.0	52.0	79.0	7.0
1393214626105	0.0	52.0	79.0	7.0
1393214626125	0.0	52.0	79.0	7.0
1393214626144	0.0	52.0	79.0	7.0
1393214626147	0.0	52.0	79.0	7.0
1393214626155	0.0	52.0	79.0	7.0
1393214626166	0.0	52.0	79.0	7.0
1393214626176	0.0	52.0	79.0	7.0
1393214626188	0.0	52.0	79.0	7.0
1393214626195	0.0	52.0	79.0	7.0
1393214626208	0.0	52.0	79.0	7.0
1393214626216	0.0	52.0	79.0	7.0
1393214626226	0.0	52.0	79.0	7.0
1393214626238	0.0	52.0	79.0	7.0
1393214626246	0.0	52.0	79.0	7.0
1393214626255	0.0	52.0	79.0	6.0
1393214626269	0.0	52.0	79.0	7.0
1393214626275	0.0	52.0	79.0	6.0
1393214626287	0.0	52.0	79.0	6.0
1393214626296	0.0	52.0	79.0	6.0
1393214626305	0.0	52.0	79.0	6.0
1393214626322	0.0	52.0	79.0	6.0
1393214626329	0.0	52.0	79.0	6.0
1393214626338	0.0	52.0	79.0	6.0
1393214626346	0.0	52.0	79.0	6.0
1393214626356	0.0	52.0	79.0	6.0
1393214626374	0.0	52.0	79.0	6.0
1393214626376	0.0	52.0	79.0	6.0
1393214626388	0.0	52.0	79.0	6.0
1393214626395	0.0	52.0	79.0	6.0
1393214626406	0.0	52.0	79.0	6.0
1393214626421	0.0	52.0	79.0	6.0
1393214626426	0.0	52.0	79.0	6.0
1393214626436	0.0	52.0	79.0	6.0
1393214626448	0.0	52.0	79.0	6.0
1393214626456	0.0	52.0	79.0	6.0
1393214626471	0.0	52.0	79.0	6.0
1393214626476	0.0	52.0	79.0	6.0
1393214626489	0.0	52.0	79.0	6.0
1393214626496	0.0	52.0	79.0	6.0
1393214626508	0.0	52.0	79.0	6.0
1393214626519	0.0	52.0	79.0	6.0
1393214626526	0.0	52.0	79.0	6.0
1393214626536	0.0	52.0	79.0	6.0
1393214626546	0.0	52.0	79.0	6.0
1393214626556	0.0	52.0	79.0	6.0
1393214626569	0.0	53.0	79.0	6.0
1393214626576	0.0	53.0	79.0	6.0
1393214626587	0.0	53.0	79.0	6.0
1393214626596	0.0	53.0	79.0	6.0
1393214626606	0.0	53.0	79.0	6.0
1393214626619	0.0	53.0	79.0	6.0
1393214626628	0.0	53.0	79.0	6.0
1393214626637	0.0	53.0	79.0	6.0
1393214626646	0.0	53.0	79.0	6.0
1393214626656	0.0	53.0	79.0	6.0
1393214626668	0.0	53.0	79.0	6.0
1393214626676	0.0	53.0	79.0	6.0
1393214626688	0.0	53.0	79.0	6.0
1393214626696	0.0	53.0	79.0	6.0
1393214626706	0.0	53.0	79.0	6.0
1393214626719	0.0	53.0	79.0	6.0
1393214626726	0.0	53.0	79.0	6.0
1393214626736	0.0	53.0	79.0	6.0
1393214626752	0.0	53.0	79.0	6.0
1393214626758	0.0	53.0	79.0	6.0
1393214626772	0.0	53.0	79.0	6.0
1393214626776	0.0	53.0	79.0	6.0
1393214626793	0.0	53.0	79.0	6.0
1393214626798	0.0	53.0	79.0	6.0
1393214626808	0.0	53.0	79.0	6.0
1393214626819	0.0	53.0	79.0	6.0
1393214626825	0.0	53.0	79.0	6.0
1393214626836	0.0	53.0	79.0	6.0
1393214626845	0.0	53.0	79.0	6.0
1393214626856	0.0	54.0	79.0	6.0
1393214626871	0.0	54.0	79.0	6.0
1393214626876	0.0	54.0	79.0	6.0
1393214626886	0.0	54.0	79.0	6.0
1393214626898	0.0	54.0	79.0	6.0
1393214626906	0.0	54.0	79.0	6.0
1393214626916	0.0	54.0	79.0	6.0
1393214626928	0.0	54.0	79.0	6.0
1393214626936	0.0	54.0	79.0	6.0
1393214626946	0.0	54.0	79.0	6.0
1393214626957	0.0	54.0	79.0	6.0
1393214626969	0.0	53.0	79.0	6.0
1393214626977	0.0	53.0	79.0	6.0
1393214626990	0.0	53.0	79.0	6.0
1393214626998	0.0	53.0	79.0	6.0
1393214627007	0.0	53.0	79.0	6.0
1393214627017	0.0	53.0	79.0	6.0
1393214627027	0.0	53.0	79.0	6.0
1393214627037	0.0	53.0	79.0	6.0
1393214627051	0.0	53.0	79.0	6.0
1393214627057	0.0	53.0	79.0	6.0
1393214627069	0.0	53.0	79.0	6.0
1393214627077	0.0	53.0	79.0	6.0
1393214627089	0.0	53.0	79.0	6.0
1393214627107	0.0	53.0	79.0	6.0
1393214627110	0.0	53.0	79.0	6.0
1393214627117	0.0	53.0	79.0	6.0
1393214627127	0.0	53.0	79.0	6.0
1393214627137	0.0	53.0	79.0	6.0
1393214627147	0.0	53.0	79.0	6.0
1393214627157	0.0	53.0	79.0	6.0
1393214627169	0.0	53.0	79.0	6.0
1393214627176	0.0	53.0	79.0	6.0
1393214627187	0.0	53.0	79.0	6.0
1393214627197	0.0	53.0	79.0	6.0
1393214627207	0.0	53.0	79.0	6.0
1393214627217	0.0	53.0	79.0	6.0
1393214627229	0.0	53.0	79.0	6.0
1393214627237	0.0	53.0	79.0	6.0
1393214627246	0.0	53.0	79.0	6.0
1393214627257	0.0	53.0	79.0	5.0
1393214627268	0.0	53.0	79.0	5.0
1393214627277	0.0	53.0	79.0	5.0
1393214627289	0.0	53.0	79.0	5.0
1393214627301	0.0	53.0	79.0	5.0
1393214627307	0.0	53.0	79.0	5.0
1393214627319	0.0	53.0	79.0	5.0
1393214627327	0.0	53.0	79.0	5.0
1393214627338	0.0	53.0	79.0	5.0
1393214627352	0.0	53.0	79.0	5.0
1393214627357	0.0	53.0	79.0	5.0
1393214627368	0.0	53.0	79.0	5.0
1393214627377	0.0	53.0	79.0	5.0
1393214627387	0.0	53.0	79.0	5.0
1393214627409	0.0	53.0	79.0	5.0
1393214627420	0.0	53.0	79.0	5.0
1393214627427	0.0	53.0	79.0	5.0
1393214627444	0.0	53.0	79.0	5.0
1393214627449	0.0	53.0	79.0	5.0
1393214627457	0.0	53.0	79.0	5.0
1393214627469	0.0	53.0	79.0	5.0
1393214627476	0.0	53.0	79.0	5.0
1393214627487	0.0	53.0	79.0	5.0
1393214627500	0.0	53.0	79.0	5.0
1393214627507	0.0	54.0	79.0	5.0
1393214627518	0.0	54.0	79.0	5.0
1393214627542	0.0	54.0	79.0	5.0
1393214627550	0.0	54.0	79.0	5.0
1393214627559	0.0	54.0	79.0	5.0
1393214627562	0.0	54.0	79.0	5.0
1393214627570	0.0	54.0	79.0	5.0
1393214627577	0.0	54.0	79.0	5.0
1393214627590	0.0	54.0	79.0	5.0
1393214627611	0.0	54.0	79.0	5.0
1393214627612	0.0	54.0	79.0	5.0
1393214627616	0.0	54.0	79.0	5.0
1393214627626	0.0	54.0	79.0	5.0
1393214627636	0.0	53.0	79.0	5.0
1393214627648	0.0	53.0	79.0	5.0
1393214627656	0.0	53.0	79.0	5.0
1393214627680	0.0	54.0	79.0	5.0
1393214627682	0.0	54.0	79.0	5.0
1393214627688	0.0	54.0	79.0	5.0
1393214627697	0.0	54.0	79.0	5.0
1393214627709	0.0	53.0	79.0	5.0
1393214627717	0.0	53.0	79.0	5.0
1393214627727	0.0	53.0	79.0	5.0
1393214627737	0.0	53.0	79.0	5.0
1393214627750	0.0	53.0	79.0	5.0
1393214627759	0.0	53.0	79.0	5.0
1393214627770	0.0	53.0	79.0	5.0
1393214627777	0.0	53.0	79.0	5.0
1393214627791	0.0	53.0	79.0	5.0
1393214627797	0.0	53.0	79.0	5.0
1393214627807	0.0	53.0	79.0	5.0
1393214627817	0.0	53.0	79.0	5.0
1393214627834	0.0	53.0	79.0	5.0
1393214627837	0.0	53.0	79.0	5.0
1393214627847	0.0	53.0	79.0	5.0
1393214627857	0.0	53.0	79.0	5.0
1393214627868	0.0	53.0	79.0	5.0
1393214627879	0.0	53.0	79.0	5.0
1393214627890	0.0	53.0	79.0	5.0
1393214627901	0.0	53.0	79.0	5.0
1393214627907	0.0	53.0	79.0	5.0
1393214627918	0.0	53.0	79.0	5.0
1393214627931	0.0	53.0	79.0	5.0
1393214627943	0.0	53.0	79.0	5.0
1393214627950	0.0	53.0	79.0	5.0
1393214627958	0.0	53.0	79.0	5.0
1393214627968	0.0	53.0	79.0	5.0
1393214627979	0.0	53.0	79.0	5.0
1393214627989	0.0	53.0	79.0	5.0
1393214628002	0.0	53.0	79.0	5.0
1393214628010	0.0	53.0	79.0	5.0
1393214628020	0.0	53.0	79.0	5.0
1393214628028	0.0	53.0	79.0	5.0
1393214628054	0.0	53.0	79.0	5.0
1393214628057	0.0	53.0	79.0	5.0
1393214628071	0.0	54.0	79.0	5.0
1393214628077	0.0	54.0	79.0	5.0
1393214628087	0.0	54.0	79.0	5.0
1393214628098	0.0	54.0	79.0	5.0
1393214628107	0.0	54.0	79.0	5.0
1393214628117	0.0	54.0	79.0	5.0
1393214628130	0.0	54.0	79.0	5.0
1393214628137	0.0	54.0	79.0	4.0
1393214628147	0.0	54.0	79.0	4.0
1393214628157	0.0	54.0	79.0	4.0
1393214628167	0.0	54.0	79.0	4.0
1393214628177	0.0	54.0	79.0	4.0
1393214628189	0.0	54.0	79.0	4.0
1393214628198	0.0	54.0	79.0	4.0
1393214628207	0.0	54.0	79.0	4.0
1393214628217	0.0	54.0	79.0	4.0
1393214628227	0.0	54.0	79.0	4.0
1393214628237	0.0	54.0	79.0	4.0
1393214628250	0.0	54.0	79.0	4.0
1393214628257	0.0	54.0	79.0	4.0
1393214628267	0.0	54.0	79.0	4.0
1393214628281	0.0	54.0	79.0	4.0
1393214628287	0.0	54.0	79.0	4.0
1393214628298	0.0	54.0	79.0	4.0
1393214628310	0.0	54.0	79.0	4.0
1393214628317	0.0	54.0	79.0	4.0
1393214628333	0.0	54.0	79.0	4.0
1393214628338	0.0	54.0	79.0	4.0
1393214628350	0.0	54.0	79.0	4.0
1393214628358	0.0	54.0	79.0	4.0
1393214628370	0.0	54.0	79.0	4.0
1393214628384	0.0	54.0	79.0	4.0
1393214628388	0.0	54.0	79.0	4.0
1393214628398	0.0	54.0	79.0	4.0
1393214628407	0.0	54.0	79.0	4.0
1393214628417	0.0	54.0	79.0	4.0
1393214628430	0.0	54.0	79.0	4.0
1393214628437	0.0	54.0	79.0	4.0
1393214628448	0.0	54.0	79.0	4.0
1393214628457	0.0	54.0	79.0	4.0
1393214628468	0.0	54.0	79.0	4.0
1393214628482	0.0	54.0	79.0	4.0
1393214628490	0.0	54.0	79.0	4.0
1393214628499	0.0	54.0	79.0	4.0
1393214628507	0.0	54.0	79.0	4.0
1393214628517	0.0	54.0	79.0	4.0
1393214628531	0.0	54.0	79.0	4.0
1393214628537	0.0	54.0	79.0	4.0
1393214628550	0.0	54.0	79.0	4.0
1393214628558	0.0	54.0	79.0	4.0
1393214628585	0.0	54.0	79.0	4.0
1393214628587	0.0	54.0	79.0	4.0
1393214628589	0.0	54.0	79.0	4.0
1393214628600	0.0	54.0	79.0	4.0
1393214628616	0.0	54.0	79.0	4.0
1393214628618	0.0	54.0	79.0	4.0
1393214628632	0.0	54.0	79.0	4.0
1393214628638	0.0	54.0	79.0	4.0
1393214628657	0.0	54.0	79.0	4.0
1393214628659	0.0	54.0	79.0	4.0
1393214628670	0.0	54.0	79.0	4.0
1393214628681	0.0	54.0	79.0	4.0
1393214628688	0.0	54.0	79.0	4.0
1393214628705	0.0	54.0	79.0	4.0
1393214628709	0.0	54.0	79.0	4.0
1393214628718	0.0	54.0	79.0	4.0
1393214628732	0.0	54.0	79.0	4.0
1393214628738	0.0	54.0	79.0	4.0
1393214628748	0.0	54.0	79.0	4.0
1393214628764	0.0	55.0	79.0	4.0
1393214628774	0.0	55.0	79.0	4.0
1393214628793	0.0	55.0	79.0	4.0
1393214628798	0.0	55.0	79.0	4.0
1393214628801	0.0	55.0	79.0	4.0
1393214628807	0.0	55.0	79.0	4.0
1393214628817	0.0	55.0	79.0	4.0
1393214628829	0.0	55.0	79.0	4.0
1393214628837	0.0	55.0	79.0	4.0
1393214628852	0.0	55.0	79.0	4.0
1393214628859	0.0	55.0	79.0	4.0
1393214628867	0.0	55.0	79.0	4.0
1393214628879	0.0	55.0	79.0	4.0
1393214628887	0.0	55.0	79.0	4.0
1393214628898	0.0	55.0	79.0	4.0
1393214628913	0.0	55.0	79.0	4.0
1393214628918	0.0	55.0	79.0	4.0
1393214628930	0.0	55.0	79.0	4.0
1393214628938	0.0	54.0	79.0	4.0
1393214628953	0.0	54.0	79.0	4.0
1393214628958	0.0	54.0	79.0	4.0
1393214628971	0.0	54.0	79.0	4.0
1393214628979	0.0	54.0	79.0	4.0
1393214628988	0.0	54.0	79.0	4.0
1393214628998	0.0	54.0	79.0	4.0
1393214629018	0.0	54.0	79.0	4.0
1393214629033	0.0	54.0	79.0	4.0
1393214629038	0.0	54.0	79.0	4.0
1393214629048	0.0	54.0	79.0	4.0
1393214629058	0.0	54.0	79.0	4.0
1393214629068	0.0	54.0	79.0	4.0
1393214629078	0.0	54.0	79.0	4.0
1393214629090	0.0	54.0	79.0	4.0
1393214629101	0.0	55.0	79.0	4.0
1393214629111	0.0	55.0	79.0	4.0
1393214629121	0.0	55.0	79.0	4.0
1393214629129	0.0	55.0	79.0	4.0
1393214629139	0.0	55.0	79.0	4.0
1393214629152	0.0	55.0	79.0	4.0
1393214629166	0.0	55.0	79.0	4.0
1393214629173	0.0	55.0	79.0	4.0
1393214629188	0.0	55.0	79.0	4.0
1393214629194	0.0	55.0	79.0	4.0
1393214629200	0.0	55.0	79.0	4.0
1393214629219	0.0	89.0	79.0	34.0
1393214629224	0.0	55.0	79.0	4.0
1393214629230	0.0	55.0	79.0	4.0
1393214629241	0.0	55.0	79.0	4.0
1393214629255	0.0	55.0	79.0	4.0
1393214629274	0.0	55.0	79.0	4.0
1393214629279	0.0	79.0	78.0	24.0
1393214629284	0.0	55.0	79.0	4.0
1393214629291	0.0	55.0	79.0	4.0
1393214629305	0.0	55.0	79.0	4.0
1393214629311	0.0	55.0	79.0	4.0
1393214629335	0.0	55.0	79.0	4.0
1393214629339	0.0	55.0	79.0	4.0
1393214629359	0.0	55.0	79.0	4.0
1393214629365	0.0	55.0	79.0	4.0
1393214629369	0.0	55.0	79.0	4.0
1393214629380	0.0	55.0	79.0	4.0
1393214629398	0.0	55.0	79.0	4.0
1393214629400	0.0	55.0	79.0	4.0
1393214629413	0.0	55.0	79.0	4.0
1393214629419	0.0	55.0	79.0	4.0
1393214629433	0.0	55.0	79.0	4.0
1393214629440	0.0	55.0	79.0	4.0
1393214629451	0.0	55.0	79.0	4.0
1393214629467	0.0	55.0	79.0	4.0
1393214629469	0.0	55.0	79.0	4.0
1393214629479	0.0	76.0	79.0	21.0
1393214629491	0.0	180.0	90.0	0.0
1393214629500	0.0	55.0	79.0	4.0
1393214629519	0.0	55.0	79.0	4.0
1393214629522	0.0	55.0	79.0	4.0
1393214629533	0.0	55.0	79.0	4.0
1393214629540	0.0	55.0	79.0	4.0
1393214629552	0.0	54.0	79.0	4.0
1393214629562	0.0	54.0	79.0	4.0
1393214629579	0.0	54.0	79.0	4.0
1393214629581	0.0	54.0	79.0	4.0
1393214629589	0.0	54.0	79.0	4.0
1393214629599	0.0	54.0	79.0	4.0
1393214629611	0.0	54.0	79.0	4.0
1393214629619	0.0	54.0	79.0	4.0
1393214629631	0.0	54.0	79.0	4.0
1393214629639	0.0	54.0	79.0	4.0
1393214629649	0.0	54.0	79.0	4.0
1393214629661	0.0	54.0	79.0	4.0
1393214629669	0.0	54.0	79.0	4.0
1393214629679	0.0	54.0	79.0	4.0
1393214629694	0.0	54.0	79.0	4.0
1393214629699	0.0	54.0	79.0	4.0
1393214629710	0.0	54.0	79.0	4.0
1393214629719	0.0	54.0	79.0	4.0
1393214629729	0.0	54.0	79.0	4.0
1393214629739	0.0	54.0	79.0	4.0
1393214629751	0.0	54.0	79.0	4.0
1393214629762	0.0	54.0	79.0	4.0
1393214629769	0.0	54.0	79.0	4.0
1393214629791	0.0	54.0	79.0	4.0
1393214629793	0.0	54.0	79.0	4.0
1393214629799	0.0	54.0	79.0	4.0
1393214629811	0.0	54.0	79.0	4.0
1393214629818	0.0	54.0	79.0	4.0
1393214629829	0.0	54.0	79.0	4.0
1393214629839	0.0	54.0	79.0	4.0
1393214629850	0.0	54.0	79.0	4.0
1393214629860	0.0	54.0	79.0	4.0
1393214629872	0.0	54.0	79.0	4.0
1393214629884	0.0	54.0	79.0	4.0
1393214629889	0.0	54.0	79.0	4.0
1393214629899	0.0	54.0	79.0	4.0
1393214629910	0.0	54.0	79.0	4.0
1393214629919	0.0	54.0	79.0	4.0
1393214629931	0.0	55.0	79.0	4.0
1393214629939	0.0	55.0	79.0	4.0
1393214629949	0.0	55.0	79.0	4.0
1393214629961	0.0	55.0	79.0	4.0
1393214629969	0.0	55.0	79.0	4.0
1393214629986	0.0	55.0	79.0	4.0
1393214629994	0.0	55.0	79.0	4.0
1393214629999	0.0	55.0	79.0	4.0
1393214630009	0.0	55.0	79.0	4.0
1393214630018	0.0	55.0	79.0	4.0
1393214630035	0.0	54.0	79.0	4.0
1393214630043	0.0	54.0	79.0	4.0
1393214630051	0.0	54.0	79.0	4.0
1393214630058	0.0	54.0	79.0	4.0
1393214630069	0.0	54.0	79.0	4.0
1393214630080	0.0	54.0	79.0	4.0
1393214630091	0.0	54.0	79.0	4.0
1393214630098	0.0	54.0	79.0	4.0
1393214630112	0.0	54.0	79.0	4.0
1393214630119	0.0	54.0	79.0	4.0
1393214630129	0.0	54.0	79.0	4.0
1393214630144	0.0	54.0	79.0	4.0
1393214630149	0.0	54.0	79.0	4.0
1393214630160	0.0	54.0	79.0	4.0
1393214630172	0.0	54.0	79.0	4.0
1393214630184	0.0	54.0	79.0	4.0
1393214630194	0.0	54.0	79.0	4.0
1393214630199	0.0	54.0	79.0	4.0
1393214630209	0.0	54.0	79.0	4.0
1393214630219	0.0	54.0	79.0	4.0
1393214630232	0.0	54.0	79.0	4.0
1393214630242	0.0	54.0	79.0	4.0
1393214630249	0.0	54.0	79.0	4.0
1393214630259	0.0	54.0	79.0	4.0
1393214630269	0.0	54.0	79.0	4.0
1393214630279	0.0	54.0	79.0	4.0
1393214630294	0.0	54.0	79.0	4.0
1393214630299	0.0	54.0	79.0	4.0
1393214630309	0.0	54.0	79.0	4.0
1393214630319	0.0	54.0	79.0	4.0
1393214630329	0.0	55.0	79.0	4.0
1393214630342	0.0	55.0	79.0	4.0
1393214630352	0.0	55.0	79.0	4.0
1393214630359	0.0	55.0	79.0	4.0
1393214630369	0.0	55.0	79.0	4.0
1393214630380	0.0	55.0	79.0	4.0
1393214630394	0.0	55.0	79.0	4.0
1393214630399	0.0	55.0	79.0	4.0
1393214630412	0.0	55.0	79.0	4.0
1393214630419	0.0	55.0	79.0	4.0
1393214630429	0.0	55.0	79.0	4.0
1393214630442	0.0	55.0	79.0	4.0
1393214630449	0.0	55.0	79.0	4.0
1393214630459	0.0	55.0	79.0	4.0
1393214630475	0.0	56.0	79.0	4.0
1393214630479	0.0	56.0	79.0	4.0
1393214630492	0.0	56.0	79.0	4.0
1393214630499	0.0	56.0	79.0	4.0
1393214630512	0.0	56.0	79.0	4.0
1393214630522	0.0	56.0	79.0	4.0
1393214630533	0.0	55.0	79.0	4.0
1393214630540	0.0	55.0	79.0	4.0
1393214630550	0.0	55.0	79.0	4.0
1393214630560	0.0	55.0	79.0	4.0
1393214630570	0.0	55.0	79.0	4.0
1393214630579	0.0	55.0	79.0	4.0
1393214630593	0.0	55.0	79.0	4.0
1393214630617	0.0	55.0	79.0	4.0
1393214630622	0.0	55.0	79.0	4.0
1393214630630	0.0	55.0	79.0	4.0
1393214630644	0.0	55.0	79.0	4.0
1393214630654	0.0	55.0	79.0	3.0
1393214630659	0.0	55.0	79.0	3.0
1393214630670	0.0	55.0	79.0	4.0
1393214630680	0.0	55.0	79.0	4.0
1393214630697	0.0	55.0	79.0	4.0
1393214630699	0.0	55.0	79.0	4.0
1393214630713	0.0	55.0	79.0	3.0
1393214630722	0.0	55.0	79.0	4.0
1393214630730	0.0	55.0	79.0	4.0
1393214630741	0.0	55.0	79.0	3.0
1393214630750	0.0	55.0	79.0	3.0
1393214630761	0.0	55.0	79.0	3.0
1393214630784	0.0	55.0	79.0	3.0
1393214630787	0.0	55.0	79.0	3.0
1393214630800	0.0	55.0	79.0	3.0
1393214630804	0.0	55.0	79.0	3.0
1393214630810	0.0	55.0	79.0	3.0
1393214630822	0.0	55.0	79.0	3.0
1393214630833	0.0	55.0	79.0	3.0
1393214630842	0.0	55.0	79.0	3.0
1393214630850	0.0	55.0	79.0	3.0
1393214630860	0.0	55.0	79.0	3.0
1393214630875	0.0	55.0	79.0	3.0
1393214630880	0.0	55.0	79.0	3.0
1393214630893	0.0	55.0	79.0	3.0
1393214630907	0.0	55.0	79.0	3.0
1393214630909	0.0	55.0	79.0	3.0
1393214630924	0.0	55.0	79.0	3.0
1393214630929	0.0	55.0	79.0	3.0
1393214630940	0.0	55.0	79.0	3.0
1393214630953	0.0	55.0	79.0	3.0
1393214630960	0.0	55.0	79.0	3.0
1393214630973	0.0	55.0	79.0	3.0
1393214630980	0.0	55.0	79.0	3.0
1393214630990	0.0	55.0	79.0	3.0
1393214631012	0.0	55.0	79.0	3.0
1393214631013	0.0	55.0	79.0	3.0
1393214631020	0.0	55.0	79.0	3.0
1393214631030	0.0	55.0	79.0	3.0
1393214631040	0.0	55.0	79.0	3.0
1393214631049	0.0	55.0	79.0	3.0
1393214631060	0.0	55.0	79.0	3.0
1393214631074	0.0	55.0	79.0	3.0
1393214631080	0.0	55.0	79.0	3.0
1393214631091	0.0	55.0	79.0	3.0
1393214631106	0.0	55.0	79.0	3.0
1393214631112	0.0	55.0	79.0	3.0
1393214631121	0.0	55.0	79.0	3.0
1393214631133	0.0	55.0	79.0	3.0
1393214631142	0.0	55.0	79.0	3.0
1393214631150	0.0	55.0	79.0	3.0
1393214631160	0.0	55.0	79.0	3.0
1393214631171	0.0	55.0	79.0	3.0
1393214631180	0.0	55.0	79.0	3.0
1393214631194	0.0	55.0	79.0	3.0
1393214631208	0.0	55.0	79.0	3.0
1393214631210	0.0	55.0	79.0	3.0
1393214631236	0.0	55.0	79.0	3.0
1393214631240	0.0	53.0	80.0	7.0
1393214631242	0.0	55.0	79.0	3.0
1393214631253	0.0	55.0	79.0	3.0
1393214631261	0.0	55.0	79.0	3.0
1393214631280	0.0	55.0	79.0	3.0
1393214631283	0.0	55.0	79.0	3.0
1393214631291	0.0	55.0	79.0	3.0
1393214631300	0.0	55.0	79.0	3.0
1393214631313	0.0	55.0	79.0	3.0
1393214631323	0.0	55.0	79.0	3.0
1393214631330	0.0	55.0	79.0	3.0
1393214631340	0.0	55.0	79.0	3.0
1393214631350	0.0	55.0	79.0	3.0
1393214631360	0.0	55.0	79.0	3.0
1393214631373	0.0	55.0	79.0	3.0
1393214631380	0.0	55.0	79.0	3.0
1393214631390	0.0	55.0	79.0	3.0
1393214631400	0.0	55.0	79.0	3.0
1393214631411	0.0	55.0	79.0	3.0
1393214631424	0.0	55.0	79.0	3.0
1393214631437	0.0	55.0	79.0	3.0
1393214631444	0.0	55.0	79.0	3.0
1393214631451	0.0	55.0	79.0	3.0
1393214631461	0.0	55.0	79.0	3.0
1393214631472	0.0	55.0	79.0	3.0
1393214631481	0.0	55.0	79.0	3.0
1393214631494	0.0	55.0	79.0	3.0
1393214631501	0.0	55.0	79.0	3.0
1393214631514	0.0	55.0	79.0	3.0
1393214631521	0.0	55.0	79.0	3.0
1393214631530	0.0	55.0	79.0	3.0
1393214631540	0.0	55.0	79.0	3.0
1393214631556	0.0	55.0	79.0	3.0
1393214631561	0.0	55.0	79.0	3.0
1393214631572	0.0	55.0	79.0	3.0
1393214631581	0.0	55.0	79.0	3.0
1393214631591	0.0	55.0	79.0	3.0
1393214631601	0.0	55.0	79.0	3.0
1393214631618	0.0	55.0	79.0	3.0
1393214631623	0.0	55.0	79.0	3.0
1393214631631	0.0	55.0	79.0	3.0
1393214631641	0.0	55.0	79.0	3.0
1393214631651	0.0	55.0	79.0	3.0
1393214631660	0.0	55.0	79.0	3.0
1393214631673	0.0	55.0	79.0	3.0
1393214631680	0.0	55.0	79.0	3.0
1393214631690	0.0	55.0	79.0	3.0
1393214631700	0.0	55.0	79.0	3.0
1393214631711	0.0	55.0	79.0	3.0
1393214631727	0.0	55.0	79.0	3.0
1393214631734	0.0	55.0	79.0	3.0
1393214631741	0.0	55.0	79.0	3.0
1393214631755	0.0	55.0	79.0	3.0
1393214631761	0.0	55.0	79.0	3.0
1393214631774	0.0	55.0	79.0	3.0
1393214631781	0.0	55.0	79.0	3.0
1393214631796	0.0	55.0	79.0	3.0
1393214631802	0.0	55.0	79.0	3.0
1393214631811	0.0	55.0	79.0	3.0
1393214631827	0.0	55.0	79.0	3.0
1393214631831	0.0	55.0	79.0	3.0
1393214631841	0.0	55.0	79.0	3.0
1393214631855	0.0	55.0	79.0	3.0
1393214631861	0.0	55.0	79.0	3.0
1393214631876	0.0	55.0	79.0	3.0
1393214631892	0.0	55.0	79.0	3.0
1393214631923	0.0	165.0	53.0	69.0
1393214631925	0.0	55.0	79.0	3.0
1393214631928	0.0	54.0	79.0	3.0
1393214631933	0.0	54.0	79.0	3.0
1393214631942	0.0	54.0	79.0	3.0
1393214631957	0.0	54.0	79.0	3.0
1393214631962	0.0	54.0	79.0	3.0
1393214631976	0.0	54.0	79.0	3.0
1393214631982	0.0	54.0	79.0	3.0
1393214631995	0.0	54.0	79.0	3.0
1393214632008	0.0	54.0	79.0	3.0
1393214632011	0.0	54.0	79.0	3.0
1393214632021	0.0	54.0	79.0	3.0
1393214632038	0.0	54.0	79.0	3.0
1393214632043	0.0	54.0	79.0	3.0
1393214632057	0.0	54.0	79.0	3.0
1393214632062	0.0	54.0	79.0	3.0
1393214632074	0.0	54.0	79.0	3.0
1393214632081	0.0	54.0	79.0	3.0
1393214632094	0.0	54.0	79.0	3.0
1393214632104	0.0	54.0	79.0	3.0
1393214632111	0.0	54.0	79.0	3.0
1393214632124	0.0	55.0	79.0	3.0
1393214632131	0.0	55.0	79.0	3.0
1393214632142	0.0	55.0	79.0	3.0
1393214632155	0.0	55.0	79.0	3.0
1393214632162	0.0	55.0	79.0	3.0
1393214632172	0.0	55.0	79.0	3.0
1393214632182	0.0	55.0	79.0	3.0
1393214632192	0.0	55.0	79.0	3.0
1393214632203	0.0	55.0	79.0	3.0
1393214632215	0.0	55.0	79.0	3.0
1393214632236	0.0	55.0	79.0	3.0
1393214632239	0.0	55.0	79.0	3.0
1393214632243	0.0	55.0	79.0	3.0
1393214632255	0.0	55.0	79.0	3.0
1393214632263	0.0	55.0	79.0	3.0
1393214632275	0.0	55.0	79.0	3.0
1393214632283	0.0	55.0	79.0	3.0
1393214632292	0.0	55.0	79.0	3.0
1393214632304	0.0	55.0	79.0	3.0
1393214632313	0.0	55.0	79.0	3.0
1393214632322	0.0	55.0	79.0	3.0
1393214632348	0.0	55.0	79.0	3.0
1393214632353	0.0	55.0	79.0	3.0
1393214632356	0.0	55.0	79.0	3.0
1393214632362	0.0	55.0	79.0	3.0
1393214632378	0.0	55.0	79.0	3.0
1393214632385	0.0	55.0	79.0	3.0
1393214632396	0.0	55.0	79.0	3.0
1393214632407	0.0	55.0	79.0	3.0
1393214632415	0.0	55.0	79.0	3.0
1393214632423	0.0	55.0	79.0	3.0
1393214632432	0.0	180.0	90.0	0.0
1393214632441	0.0	55.0	79.0	3.0
1393214632456	0.0	55.0	79.0	3.0
1393214632463	0.0	55.0	79.0	3.0
1393214632473	0.0	55.0	79.0	3.0
1393214632483	0.0	55.0	79.0	3.0
1393214632492	0.0	55.0	79.0	3.0
1393214632508	0.0	55.0	79.0	3.0
1393214632516	0.0	55.0	79.0	3.0
1393214632535	0.0	55.0	79.0	3.0
1393214632544	0.0	55.0	79.0	3.0
1393214632571	0.0	55.0	79.0	3.0
1393214632575	0.0	55.0	79.0	3.0
1393214632577	0.0	55.0	79.0	3.0
1393214632583	0.0	55.0	79.0	3.0
1393214632594	0.0	55.0	79.0	3.0
1393214632604	0.0	55.0	79.0	3.0
1393214632612	0.0	55.0	79.0	3.0
1393214632622	0.0	55.0	79.0	3.0
1393214632638	0.0	55.0	79.0	3.0
1393214632646	0.0	55.0	79.0	3.0
1393214632652	0.0	55.0	79.0	3.0
1393214632661	0.0	55.0	79.0	3.0
1393214632672	0.0	55.0	79.0	3.0
1393214632685	0.0	55.0	79.0	3.0
1393214632712	0.0	55.0	79.0	3.0
1393214632714	0.0	55.0	79.0	3.0
1393214632716	0.0	55.0	79.0	3.0
1393214632722	0.0	55.0	79.0	3.0
1393214632733	0.0	55.0	79.0	3.0
1393214632743	0.0	55.0	79.0	3.0
1393214632754	0.0	55.0	79.0	3.0
1393214632762	0.0	55.0	79.0	3.0
1393214632772	0.0	55.0	79.0	3.0
1393214632782	0.0	55.0	79.0	3.0
1393214632794	0.0	55.0	79.0	3.0
1393214632803	0.0	55.0	79.0	3.0
1393214632816	0.0	55.0	79.0	3.0
1393214632823	0.0	55.0	79.0	3.0
1393214632837	0.0	55.0	79.0	3.0
1393214632846	0.0	55.0	79.0	3.0
1393214632853	0.0	55.0	79.0	3.0
1393214632863	0.0	55.0	79.0	3.0
1393214632874	0.0	55.0	79.0	3.0
1393214632886	0.0	55.0	79.0	3.0
1393214632892	0.0	55.0	79.0	3.0
1393214632905	0.0	55.0	79.0	3.0
1393214632912	0.0	55.0	79.0	3.0
1393214632922	0.0	56.0	79.0	3.0
1393214632936	0.0	55.0	79.0	3.0
1393214632942	0.0	56.0	79.0	3.0
1393214632953	0.0	56.0	79.0	3.0
1393214632963	0.0	56.0	79.0	3.0
1393214632973	0.0	56.0	79.0	3.0
1393214632987	0.0	56.0	79.0	3.0
1393214632995	0.0	56.0	79.0	3.0
1393214633004	0.0	56.0	79.0	3.0
1393214633012	0.0	56.0	79.0	3.0
1393214633022	0.0	56.0	79.0	3.0
1393214633036	0.0	56.0	79.0	3.0
1393214633055	0.0	56.0	79.0	3.0
1393214633058	0.0	56.0	79.0	3.0
1393214633067	0.0	56.0	79.0	3.0
1393214633073	0.0	180.0	90.0	0.0
1393214633084	0.0	56.0	79.0	3.0
1393214633092	0.0	56.0	79.0	3.0
1393214633104	0.0	56.0	79.0	3.0
1393214633122	0.0	60.0	82.0	1.0
1393214633124	0.0	56.0	79.0	3.0
1393214633134	0.0	56.0	79.0	3.0
1393214633143	0.0	56.0	79.0	3.0
1393214633166	0.0	165.0	53.0	70.0
1393214633169	0.0	56.0	79.0	3.0
1393214633179	0.0	56.0	79.0	3.0
1393214633188	0.0	56.0	79.0	3.0
1393214633193	0.0	180.0	90.0	0.0
1393214633209	0.0	55.0	79.0	3.0
1393214633223	0.0	55.0	79.0	3.0
1393214633235	0.0	55.0	79.0	3.0
1393214633242	0.0	55.0	79.0	3.0
1393214633257	0.0	55.0	79.0	3.0
1393214633263	0.0	55.0	79.0	3.0
1393214633273	0.0	55.0	79.0	3.0
1393214633285	0.0	55.0	79.0	3.0
1393214633295	0.0	55.0	79.0	3.0
1393214633303	0.0	55.0	79.0	3.0
1393214633314	0.0	55.0	79.0	3.0
1393214633323	0.0	55.0	79.0	3.0
1393214633337	0.0	55.0	79.0	3.0
1393214633343	0.0	55.0	79.0	3.0
1393214633359	0.0	55.0	79.0	3.0
1393214633363	0.0	55.0	79.0	3.0
1393214633374	0.0	55.0	79.0	3.0
1393214633384	0.0	55.0	79.0	3.0
1393214633394	0.0	55.0	79.0	3.0
1393214633403	0.0	55.0	79.0	3.0
1393214633417	0.0	55.0	79.0	3.0
1393214633423	0.0	56.0	79.0	3.0
1393214633435	0.0	56.0	79.0	3.0
1393214633443	0.0	56.0	79.0	3.0
1393214633455	0.0	0.0	79.0	3.0
1393214633471	0.0	56.0	79.0	3.0
1393214633477	0.0	56.0	79.0	3.0
1393214633483	0.0	56.0	79.0	3.0
1393214633493	0.0	56.0	79.0	3.0
1393214633503	0.0	56.0	79.0	3.0
1393214633520	0.0	56.0	79.0	3.0
1393214633524	0.0	56.0	79.0	3.0
1393214633536	0.0	56.0	79.0	3.0
1393214633543	0.0	56.0	79.0	3.0
1393214633553	0.0	56.0	79.0	3.0
1393214633575	0.0	56.0	79.0	3.0
1393214633577	0.0	56.0	79.0	3.0
1393214633589	0.0	56.0	79.0	3.0
1393214633607	0.0	165.0	53.0	70.0
1393214633615	0.0	56.0	79.0	3.0
1393214633617	0.0	56.0	79.0	3.0
1393214633623	0.0	56.0	79.0	3.0
1393214633646	0.0	56.0	79.0	3.0
1393214633649	0.0	56.0	79.0	3.0
1393214633659	0.0	56.0	79.0	3.0
1393214633662	0.0	56.0	79.0	3.0
1393214633673	0.0	56.0	79.0	3.0
1393214633682	0.0	56.0	79.0	3.0
1393214633692	0.0	56.0	79.0	3.0
1393214633702	0.0	56.0	79.0	3.0
1393214633716	0.0	56.0	79.0	3.0
1393214633723	0.0	56.0	79.0	3.0
1393214633734	0.0	56.0	79.0	3.0
1393214633742	0.0	56.0	79.0	3.0
1393214633753	0.0	56.0	79.0	3.0
1393214633772	0.0	56.0	79.0	3.0
1393214633777	0.0	56.0	79.0	3.0
1393214633798	0.0	56.0	79.0	3.0
1393214633800	0.0	56.0	79.0	3.0
1393214633818	0.0	56.0	79.0	3.0
1393214633824	0.0	56.0	79.0	3.0
1393214633847	0.0	55.0	79.0	3.0
1393214633848	0.0	55.0	79.0	3.0
1393214633855	0.0	55.0	79.0	3.0
1393214633868	0.0	55.0	79.0	3.0
1393214633875	0.0	55.0	79.0	3.0
1393214633885	0.0	55.0	79.0	3.0
1393214633897	0.0	55.0	79.0	3.0
1393214633906	0.0	55.0	79.0	3.0
1393214633917	0.0	55.0	79.0	3.0
1393214633924	0.0	55.0	79.0	3.0
1393214633940	0.0	55.0	79.0	3.0
1393214633945	0.0	55.0	79.0	3.0
1393214633956	0.0	55.0	79.0	3.0
1393214633966	0.0	55.0	79.0	3.0
1393214633973	0.0	55.0	79.0	3.0
1393214633984	0.0	55.0	79.0	3.0
1393214633994	0.0	180.0	90.0	0.0
1393214634004	0.0	55.0	79.0	3.0
1393214634017	0.0	55.0	79.0	3.0
1393214634024	0.0	56.0	79.0	3.0
1393214634036	0.0	56.0	79.0	3.0
1393214634044	0.0	56.0	79.0	3.0
1393214634054	0.0	56.0	79.0	3.0
1393214634066	0.0	56.0	79.0	3.0
1393214634075	0.0	56.0	79.0	3.0
1393214634085	0.0	56.0	79.0	3.0
1393214634093	0.0	180.0	90.0	0.0
1393214634104	0.0	56.0	79.0	3.0
1393214634115	0.0	56.0	79.0	3.0
1393214634124	0.0	180.0	90.0	0.0
1393214634136	0.0	56.0	79.0	3.0
1393214634144	0.0	56.0	79.0	3.0
1393214634154	0.0	56.0	79.0	3.0
1393214634165	0.0	56.0	79.0	3.0
1393214634175	0.0	56.0	79.0	3.0
1393214634186	0.0	56.0	79.0	3.0
1393214634201	0.0	56.0	79.0	3.0
1393214634205	0.0	56.0	79.0	3.0
1393214634220	0.0	56.0	79.0	3.0
1393214634224	0.0	56.0	79.0	3.0
1393214634235	0.0	56.0	79.0	3.0
1393214634243	0.0	56.0	79.0	3.0
1393214634256	0.0	56.0	79.0	3.0
1393214634268	0.0	56.0	79.0	3.0
1393214634274	0.0	56.0	79.0	3.0
1393214634287	0.0	56.0	79.0	3.0
1393214634296	0.0	56.0	79.0	3.0
1393214634307	0.0	56.0	79.0	3.0
1393214634317	0.0	56.0	79.0	3.0
1393214634325	0.0	56.0	79.0	3.0
1393214634338	0.0	56.0	79.0	3.0
1393214634356	0.0	57.0	79.0	2.0
1393214634359	0.0	56.0	79.0	3.0
1393214634367	0.0	56.0	79.0	3.0
1393214634378	0.0	56.0	79.0	3.0
1393214634390	0.0	56.0	79.0	3.0
1393214634396	0.0	56.0	79.0	3.0
1393214634405	0.0	56.0	79.0	3.0
1393214634420	0.0	56.0	79.0	3.0
1393214634425	0.0	56.0	79.0	3.0
1393214634439	0.0	56.0	79.0	3.0
1393214634445	0.0	56.0	79.0	3.0
1393214634455	0.0	56.0	79.0	3.0
1393214634475	0.0	56.0	79.0	3.0
1393214634480	0.0	56.0	79.0	3.0
1393214634505	0.0	56.0	79.0	3.0
1393214634509	0.0	56.0	79.0	3.0
1393214634512	0.0	56.0	79.0	3.0
1393214634517	0.0	56.0	79.0	3.0
1393214634525	0.0	56.0	79.0	3.0
1393214634539	0.0	56.0	79.0	3.0
1393214634552	0.0	56.0	79.0	3.0
1393214634559	0.0	56.0	79.0	3.0
1393214634565	0.0	56.0	79.0	3.0
1393214634576	0.0	56.0	79.0	3.0
1393214634597	0.0	56.0	79.0	3.0
1393214634601	0.0	56.0	79.0	3.0
1393214634608	0.0	56.0	79.0	3.0
1393214634622	0.0	56.0	79.0	3.0
1393214634633	0.0	56.0	79.0	3.0
1393214634648	0.0	56.0	79.0	3.0
1393214634654	0.0	56.0	79.0	3.0
1393214634655	0.0	56.0	79.0	3.0
1393214634664	0.0	56.0	79.0	3.0
1393214634679	0.0	56.0	79.0	3.0
1393214634689	0.0	56.0	79.0	3.0
1393214634700	0.0	56.0	79.0	3.0
1393214634705	0.0	56.0	79.0	3.0
1393214634716	0.0	56.0	79.0	3.0
1393214634725	0.0	56.0	79.0	3.0
1393214634750	0.0	56.0	79.0	3.0
1393214634754	0.0	56.0	79.0	3.0
1393214634768	0.0	56.0	79.0	3.0
1393214634775	0.0	56.0	79.0	3.0
1393214634798	0.0	56.0	79.0	3.0
1393214634801	0.0	56.0	79.0	3.0
1393214634806	0.0	56.0	79.0	3.0
1393214634817	0.0	56.0	79.0	3.0
1393214634825	0.0	55.0	79.0	3.0
1393214634836	0.0	55.0	79.0	3.0
1393214634861	0.0	55.0	79.0	3.0
1393214634863	0.0	55.0	79.0	3.0
1393214634865	0.0	55.0	79.0	3.0
1393214634875	0.0	55.0	79.0	3.0
1393214634885	0.0	55.0	79.0	3.0
1393214634894	0.0	55.0	79.0	3.0
1393214634904	0.0	55.0	79.0	3.0
1393214634917	0.0	55.0	79.0	3.0
1393214634923	0.0	55.0	79.0	3.0
1393214634933	0.0	55.0	79.0	3.0
1393214634946	0.0	55.0	79.0	3.0
1393214634954	0.0	55.0	79.0	3.0
1393214634964	0.0	55.0	79.0	3.0
1393214634980	0.0	55.0	79.0	3.0
1393214634984	0.0	55.0	79.0	3.0
1393214634997	0.0	55.0	79.0	3.0
1393214635004	0.0	55.0	79.0	3.0
1393214635016	0.0	55.0	79.0	3.0
1393214635024	0.0	55.0	79.0	3.0
1393214635036	0.0	55.0	79.0	3.0
1393214635047	0.0	55.0	79.0	3.0
1393214635055	0.0	55.0	79.0	3.0
1393214635064	0.0	55.0	79.0	3.0
1393214635076	0.0	55.0	79.0	3.0
1393214635106	0.0	55.0	79.0	3.0
1393214635108	0.0	55.0	79.0	3.0
1393214635114	0.0	55.0	79.0	3.0
1393214635124	0.0	55.0	79.0	3.0
1393214635135	0.0	55.0	79.0	3.0
1393214635146	0.0	55.0	79.0	3.0
1393214635156	0.0	55.0	79.0	3.0
1393214635164	0.0	55.0	79.0	3.0
1393214635176	0.0	55.0	79.0	3.0
1393214635184	0.0	55.0	79.0	3.0
1393214635197	0.0	56.0	79.0	3.0
1393214635204	0.0	56.0	79.0	3.0
1393214635217	0.0	56.0	79.0	3.0
1393214635225	0.0	56.0	79.0	3.0
1393214635235	0.0	56.0	79.0	3.0
1393214635248	0.0	56.0	79.0	3.0
1393214635255	0.0	56.0	79.0	3.0
1393214635265	0.0	56.0	79.0	3.0
1393214635281	0.0	56.0	79.0	3.0
1393214635284	0.0	56.0	79.0	3.0
1393214635299	0.0	56.0	79.0	3.0
1393214635305	0.0	56.0	79.0	3.0
1393214635316	0.0	56.0	79.0	3.0
1393214635325	0.0	180.0	90.0	0.0
1393214635337	0.0	56.0	79.0	3.0
1393214635350	0.0	56.0	79.0	3.0
1393214635354	0.0	56.0	79.0	3.0
1393214635365	0.0	56.0	79.0	3.0
1393214635375	0.0	56.0	79.0	3.0
1393214635386	0.0	56.0	79.0	3.0
1393214635398	0.0	56.0	79.0	3.0
1393214635405	0.0	56.0	79.0	3.0
1393214635415	0.0	56.0	79.0	3.0
1393214635424	0.0	56.0	79.0	3.0
1393214635434	0.0	56.0	79.0	3.0
1393214635446	0.0	56.0	79.0	3.0
1393214635457	0.0	56.0	79.0	3.0
1393214635464	0.0	56.0	79.0	3.0
1393214635478	0.0	56.0	79.0	3.0
1393214635484	0.0	56.0	79.0	3.0
1393214635498	0.0	56.0	79.0	3.0
1393214635504	0.0	56.0	79.0	3.0
1393214635517	0.0	56.0	79.0	3.0
1393214635525	0.0	55.0	79.0	3.0
1393214635535	0.0	55.0	79.0	3.0
1393214635545	0.0	55.0	79.0	3.0
1393214635555	0.0	55.0	79.0	3.0
1393214635565	0.0	55.0	79.0	3.0
1393214635578	0.0	55.0	79.0	3.0
1393214635585	0.0	55.0	79.0	3.0
1393214635599	0.0	55.0	79.0	3.0
1393214635608	0.0	55.0	79.0	3.0
1393214635616	0.0	55.0	79.0	3.0
1393214635634	0.0	55.0	79.0	3.0
1393214635639	0.0	55.0	79.0	3.0
1393214635647	0.0	55.0	79.0	3.0
1393214635657	0.0	55.0	79.0	3.0
1393214635671	0.0	55.0	79.0	3.0
1393214635677	0.0	55.0	79.0	3.0
1393214635689	0.0	55.0	79.0	3.0
1393214635701	0.0	55.0	79.0	3.0
1393214635705	0.0	55.0	79.0	3.0
1393214635715	0.0	55.0	79.0	3.0
1393214635747	0.0	55.0	79.0	3.0
1393214635749	0.0	55.0	79.0	3.0
1393214635776	0.0	55.0	79.0	3.0
1393214635779	0.0	55.0	79.0	3.0
1393214635781	0.0	55.0	79.0	3.0
1393214635785	0.0	55.0	79.0	3.0
1393214635809	0.0	55.0	79.0	3.0
1393214635810	0.0	55.0	79.0	3.0
1393214635816	0.0	55.0	79.0	3.0
1393214635827	0.0	55.0	79.0	3.0
1393214635834	0.0	55.0	79.0	3.0
1393214635844	0.0	55.0	79.0	3.0
1393214635854	0.0	55.0	79.0	3.0
1393214635864	0.0	55.0	79.0	3.0
1393214635877	0.0	55.0	79.0	3.0
1393214635884	0.0	55.0	79.0	3.0
1393214635894	0.0	55.0	79.0	3.0
1393214635904	0.0	56.0	79.0	3.0
1393214635914	0.0	56.0	79.0	3.0
1393214635926	0.0	56.0	79.0	3.0
1393214635936	0.0	56.0	79.0	3.0
1393214635944	0.0	56.0	79.0	3.0
1393214635954	0.0	56.0	79.0	3.0
1393214635964	0.0	56.0	79.0	3.0
1393214635976	0.0	56.0	79.0	3.0
1393214635984	0.0	56.0	79.0	3.0
1393214635997	0.0	56.0	79.0	3.0
1393214636004	0.0	56.0	79.0	3.0
1393214636014	0.0	56.0	79.0	3.0
1393214636027	0.0	56.0	79.0	3.0
1393214636034	0.0	56.0	79.0	3.0
1393214636044	0.0	55.0	79.0	3.0
1393214636059	0.0	55.0	79.0	3.0
1393214636065	0.0	55.0	79.0	3.0
1393214636079	0.0	55.0	79.0	3.0
1393214636084	0.0	55.0	79.0	3.0
1393214636095	0.0	55.0	79.0	3.0
1393214636106	0.0	55.0	79.0	3.0
1393214636117	0.0	55.0	79.0	3.0
1393214636129	0.0	55.0	79.0	3.0
1393214636137	0.0	55.0	79.0	3.0
1393214636144	0.0	55.0	79.0	3.0
1393214636155	0.0	55.0	79.0	3.0
1393214636165	0.0	55.0	79.0	3.0
1393214636177	0.0	55.0	79.0	3.0
1393214636184	0.0	55.0	79.0	3.0
1393214636195	0.0	55.0	79.0	3.0
1393214636206	0.0	55.0	79.0	3.0
1393214636215	0.0	55.0	79.0	3.0
1393214636227	0.0	55.0	79.0	3.0
1393214636237	0.0	55.0	79.0	3.0
1393214636245	0.0	55.0	79.0	3.0
1393214636256	0.0	56.0	79.0	3.0
1393214636265	0.0	56.0	79.0	3.0
1393214636277	0.0	56.0	79.0	3.0
1393214636285	0.0	55.0	79.0	3.0
1393214636297	0.0	56.0	79.0	3.0
1393214636304	0.0	56.0	79.0	3.0
1393214636315	0.0	56.0	79.0	3.0
1393214636328	0.0	56.0	79.0	3.0
1393214636335	0.0	56.0	79.0	3.0
1393214636345	0.0	56.0	79.0	3.0
1393214636360	0.0	56.0	79.0	3.0
1393214636365	0.0	56.0	79.0	3.0
1393214636378	0.0	56.0	79.0	3.0
1393214636385	0.0	56.0	79.0	3.0
1393214636399	0.0	56.0	79.0	3.0
1393214636405	0.0	56.0	79.0	3.0
1393214636417	0.0	56.0	79.0	3.0
1393214636426	0.0	56.0	79.0	3.0
1393214636435	0.0	56.0	79.0	3.0
1393214636445	0.0	56.0	79.0	3.0
1393214636460	0.0	56.0	79.0	3.0
1393214636465	0.0	56.0	79.0	3.0
1393214636477	0.0	56.0	79.0	3.0
1393214636485	0.0	56.0	79.0	3.0
1393214636495	0.0	56.0	79.0	3.0
1393214636505	0.0	56.0	79.0	3.0
1393214636515	0.0	56.0	79.0	3.0
1393214636526	0.0	56.0	79.0	3.0
1393214636544	0.0	56.0	79.0	3.0
1393214636547	0.0	56.0	79.0	3.0
1393214636562	0.0	56.0	79.0	3.0
1393214636566	0.0	56.0	79.0	3.0
1393214636583	0.0	56.0	79.0	3.0
1393214636593	0.0	56.0	79.0	3.0
1393214636601	0.0	56.0	79.0	3.0
1393214636623	0.0	56.0	79.0	3.0
1393214636627	0.0	56.0	79.0	3.0
1393214636628	0.0	56.0	79.0	3.0
1393214636635	0.0	56.0	79.0	3.0
1393214636645	0.0	56.0	79.0	3.0
1393214636659	0.0	56.0	79.0	3.0
1393214636665	0.0	56.0	79.0	3.0
1393214636676	0.0	56.0	79.0	3.0
1393214636685	0.0	56.0	79.0	3.0
1393214636695	0.0	56.0	79.0	3.0
1393214636709	0.0	56.0	79.0	3.0
1393214636717	0.0	56.0	79.0	3.0
1393214636726	0.0	56.0	79.0	3.0
1393214636735	0.0	56.0	79.0	3.0
1393214636745	0.0	56.0	79.0	3.0
1393214636759	0.0	56.0	79.0	3.0
1393214636765	0.0	56.0	79.0	3.0
1393214636780	0.0	56.0	79.0	3.0
1393214636785	0.0	48.0	80.0	13.0
1393214636795	0.0	56.0	79.0	3.0
1393214636808	0.0	56.0	79.0	3.0
1393214636815	0.0	56.0	79.0	3.0
1393214636826	0.0	56.0	79.0	3.0
1393214636842	0.0	56.0	79.0	3.0
1393214636845	0.0	56.0	79.0	3.0
1393214636859	0.0	56.0	79.0	3.0
1393214636865	0.0	56.0	79.0	3.0
1393214636876	0.0	56.0	79.0	3.0
1393214636885	0.0	56.0	79.0	3.0
1393214636898	0.0	56.0	79.0	3.0
1393214636905	0.0	56.0	79.0	3.0
1393214636915	0.0	56.0	79.0	3.0
1393214636925	0.0	56.0	79.0	3.0
1393214636935	0.0	56.0	79.0	3.0
1393214636945	0.0	56.0	79.0	3.0
1393214636963	0.0	56.0	79.0	3.0
1393214636967	0.0	57.0	79.0	3.0
1393214636978	0.0	56.0	79.0	3.0
1393214636988	0.0	56.0	79.0	3.0
1393214636998	0.0	56.0	79.0	3.0
1393214637012	0.0	56.0	79.0	3.0
1393214637018	0.0	56.0	79.0	3.0
1393214637026	0.0	56.0	79.0	3.0
1393214637036	0.0	56.0	79.0	3.0
1393214637046	0.0	56.0	79.0	3.0
1393214637058	0.0	57.0	79.0	3.0
1393214637065	0.0	57.0	79.0	3.0
1393214637078	0.0	56.0	79.0	3.0
1393214637086	0.0	56.0	79.0	3.0
1393214637095	0.0	56.0	79.0	3.0
1393214637108	0.0	56.0	79.0	3.0
1393214637115	0.0	56.0	79.0	3.0
1393214637125	0.0	56.0	79.0	3.0
1393214637141	0.0	56.0	79.0	3.0
1393214637145	0.0	56.0	79.0	3.0
1393214637158	0.0	56.0	79.0	3.0
1393214637165	0.0	56.0	79.0	3.0
1393214637176	0.0	56.0	79.0	3.0
1393214637185	0.0	56.0	79.0	3.0
1393214637198	0.0	56.0	79.0	3.0
1393214637206	0.0	56.0	79.0	3.0
1393214637215	0.0	56.0	79.0	3.0
1393214637226	0.0	56.0	79.0	3.0
1393214637235	0.0	56.0	79.0	3.0
1393214637246	0.0	56.0	79.0	3.0
1393214637259	0.0	56.0	79.0	3.0
1393214637266	0.0	56.0	79.0	3.0
1393214637277	0.0	56.0	79.0	3.0
1393214637287	0.0	56.0	79.0	3.0
1393214637309	0.0	47.0	81.0	15.0
1393214637316	0.0	56.0	79.0	3.0
1393214637326	0.0	56.0	79.0	3.0
1393214637357	0.0	56.0	79.0	3.0
1393214637358	0.0	56.0	79.0	3.0
1393214637360	0.0	56.0	79.0	3.0
1393214637361	0.0	56.0	79.0	3.0
1393214637367	0.0	56.0	79.0	3.0
1393214637380	0.0	56.0	79.0	3.0
1393214637390	0.0	56.0	79.0	3.0
1393214637395	0.0	56.0	79.0	3.0
1393214637407	0.0	56.0	79.0	3.0
1393214637415	0.0	56.0	79.0	3.0
1393214637426	0.0	56.0	79.0	3.0
1393214637439	0.0	56.0	79.0	3.0
1393214637447	0.0	56.0	79.0	3.0
1393214637460	0.0	56.0	79.0	3.0
1393214637466	0.0	56.0	79.0	3.0
1393214637476	0.0	56.0	79.0	3.0
1393214637489	0.0	56.0	79.0	3.0
1393214637498	0.0	56.0	79.0	3.0
1393214637515	0.0	56.0	79.0	3.0
1393214637517	0.0	56.0	79.0	3.0
1393214637526	0.0	56.0	79.0	3.0
1393214637539	0.0	56.0	79.0	3.0
1393214637546	0.0	56.0	79.0	3.0
1393214637558	0.0	56.0	79.0	3.0
1393214637565	0.0	56.0	79.0	3.0
1393214637576	0.0	56.0	79.0	3.0
1393214637588	0.0	56.0	79.0	3.0
1393214637597	0.0	56.0	79.0	3.0
1393214637606	0.0	56.0	79.0	3.0
1393214637621	0.0	56.0	79.0	3.0
1393214637625	0.0	56.0	79.0	3.0
1393214637638	0.0	56.0	79.0	3.0
1393214637660	0.0	56.0	79.0	3.0
1393214637666	0.0	56.0	79.0	3.0
1393214637678	0.0	56.0	79.0	3.0
1393214637688	0.0	56.0	79.0	3.0
1393214637696	0.0	56.0	79.0	3.0
1393214637709	0.0	56.0	79.0	3.0
1393214637719	0.0	56.0	79.0	3.0
1393214637726	0.0	56.0	79.0	3.0
1393214637741	0.0	56.0	79.0	3.0
1393214637748	0.0	56.0	79.0	3.0
1393214637758	0.0	56.0	79.0	3.0
1393214637769	0.0	56.0	79.0	3.0
1393214637784	0.0	56.0	79.0	3.0
1393214637787	0.0	56.0	79.0	3.0
1393214637799	0.0	55.0	79.0	3.0
1393214637807	0.0	55.0	79.0	3.0
1393214637817	0.0	55.0	79.0	3.0
1393214637827	0.0	55.0	79.0	3.0
1393214637840	0.0	55.0	79.0	3.0
1393214637846	0.0	55.0	79.0	3.0
1393214637859	0.0	55.0	79.0	3.0
1393214637869	0.0	55.0	79.0	3.0
1393214637877	0.0	55.0	79.0	3.0
1393214637890	0.0	55.0	79.0	3.0
1393214637897	0.0	55.0	79.0	3.0
1393214637908	0.0	55.0	79.0	3.0
1393214637921	0.0	55.0	79.0	3.0
1393214637926	0.0	56.0	79.0	3.0
1393214637937	0.0	55.0	79.0	3.0
1393214637946	0.0	55.0	79.0	3.0
1393214637958	0.0	55.0	79.0	3.0
1393214637969	0.0	55.0	79.0	3.0
1393214637979	0.0	55.0	79.0	3.0
1393214637989	0.0	55.0	79.0	3.0
1393214637997	0.0	55.0	79.0	3.0
1393214638007	0.0	55.0	79.0	3.0
1393214638017	0.0	56.0	79.0	3.0
1393214638027	0.0	55.0	79.0	3.0
1393214638039	0.0	55.0	79.0	3.0
1393214638047	0.0	55.0	79.0	3.0
1393214638057	0.0	56.0	79.0	3.0
1393214638067	0.0	56.0	79.0	3.0
1393214638077	0.0	56.0	79.0	3.0
1393214638089	0.0	56.0	79.0	3.0
1393214638099	0.0	56.0	79.0	3.0
1393214638107	0.0	56.0	79.0	3.0
1393214638117	0.0	56.0	79.0	3.0
1393214638128	0.0	56.0	79.0	3.0
1393214638139	0.0	56.0	79.0	3.0
1393214638148	0.0	56.0	79.0	3.0
1393214638160	0.0	56.0	79.0	3.0
1393214638169	0.0	56.0	79.0	3.0
1393214638176	0.0	56.0	79.0	3.0
1393214638187	0.0	56.0	79.0	3.0
1393214638196	0.0	56.0	79.0	3.0
1393214638206	0.0	56.0	79.0	3.0
1393214638220	0.0	56.0	79.0	3.0
1393214638226	0.0	56.0	79.0	3.0
1393214638238	0.0	56.0	79.0	3.0
1393214638246	0.0	56.0	79.0	3.0
1393214638261	0.0	56.0	79.0	3.0
1393214638279	0.0	56.0	79.0	3.0
1393214638282	0.0	55.0	79.0	3.0
1393214638289	0.0	55.0	79.0	3.0
1393214638297	0.0	55.0	79.0	3.0
1393214638317	0.0	55.0	79.0	3.0
1393214638321	0.0	55.0	79.0	3.0
1393214638326	0.0	55.0	79.0	3.0
1393214638339	0.0	55.0	79.0	3.0
1393214638346	0.0	55.0	79.0	3.0
1393214638357	0.0	55.0	79.0	3.0
1393214638369	0.0	55.0	79.0	3.0
1393214638390	0.0	55.0	79.0	3.0
1393214638392	0.0	55.0	79.0	3.0
1393214638399	0.0	55.0	79.0	3.0
1393214638407	0.0	55.0	79.0	3.0
1393214638419	0.0	55.0	79.0	3.0
1393214638427	0.0	56.0	79.0	3.0
1393214638437	0.0	55.0	79.0	3.0
1393214638447	0.0	55.0	79.0	3.0
1393214638459	0.0	55.0	79.0	3.0
1393214638470	0.0	55.0	79.0	3.0
1393214638477	0.0	56.0	79.0	3.0
1393214638487	0.0	56.0	79.0	3.0
1393214638497	0.0	56.0	79.0	3.0
1393214638507	0.0	56.0	79.0	3.0
1393214638522	0.0	56.0	79.0	3.0
1393214638533	0.0	56.0	79.0	3.0
1393214638540	0.0	56.0	79.0	3.0
1393214638548	0.0	56.0	79.0	3.0
1393214638559	0.0	56.0	79.0	3.0
1393214638579	0.0	56.0	79.0	3.0
1393214638601	0.0	56.0	79.0	3.0
1393214638604	0.0	56.0	79.0	3.0
1393214638605	0.0	56.0	79.0	3.0
1393214638614	0.0	56.0	79.0	3.0
1393214638619	0.0	56.0	79.0	3.0
1393214638627	0.0	56.0	79.0	3.0
1393214638640	0.0	56.0	79.0	3.0
1393214638647	0.0	56.0	79.0	3.0
1393214638657	0.0	56.0	79.0	3.0
1393214638669	0.0	56.0	79.0	3.0
1393214638677	0.0	56.0	79.0	3.0
1393214638687	0.0	56.0	79.0	3.0
1393214638699	0.0	56.0	79.0	3.0
1393214638707	0.0	56.0	79.0	3.0
1393214638718	0.0	56.0	79.0	3.0
1393214638728	0.0	56.0	79.0	3.0
1393214638779	0.0	56.0	79.0	3.0
1393214638781	0.0	56.0	79.0	3.0
1393214638783	0.0	56.0	79.0	3.0
1393214638785	0.0	56.0	79.0	3.0
1393214638787	0.0	59.0	79.0	1.0
1393214638804	0.0	56.0	79.0	3.0
1393214638806	0.0	56.0	79.0	3.0
1393214638808	0.0	56.0	79.0	3.0
1393214638819	0.0	56.0	79.0	3.0
1393214638827	0.0	56.0	79.0	3.0
1393214638837	0.0	56.0	79.0	3.0
1393214638847	0.0	56.0	79.0	3.0
1393214638858	0.0	56.0	79.0	3.0
1393214638869	0.0	56.0	79.0	3.0
1393214638880	0.0	56.0	79.0	3.0
1393214638889	0.0	56.0	79.0	3.0
1393214638898	0.0	56.0	79.0	3.0
1393214638908	0.0	56.0	79.0	3.0
1393214638920	0.0	56.0	79.0	3.0
1393214638928	0.0	56.0	79.0	3.0
1393214638940	0.0	56.0	79.0	3.0
1393214638948	0.0	56.0	79.0	3.0
1393214638960	0.0	56.0	79.0	3.0
1393214638968	0.0	56.0	79.0	3.0
1393214638977	0.0	56.0	79.0	3.0
1393214638987	0.0	55.0	79.0	3.0
1393214639002	0.0	55.0	79.0	3.0
1393214639008	0.0	55.0	79.0	3.0
1393214639020	0.0	55.0	79.0	3.0
1393214639028	0.0	55.0	79.0	3.0
1393214639038	0.0	55.0	79.0	3.0
1393214639053	0.0	55.0	79.0	3.0
1393214639060	0.0	55.0	79.0	3.0
1393214639070	0.0	55.0	79.0	3.0
1393214639078	0.0	55.0	79.0	3.0
1393214639090	0.0	55.0	79.0	3.0
1393214639104	0.0	55.0	79.0	3.0
1393214639110	0.0	55.0	79.0	3.0
1393214639123	0.0	55.0	79.0	3.0
1393214639128	0.0	55.0	79.0	3.0
1393214639138	0.0	180.0	90.0	0.0
1393214639153	0.0	55.0	79.0	3.0
1393214639159	0.0	55.0	79.0	3.0
1393214639174	0.0	55.0	79.0	3.0
1393214639193	0.0	180.0	90.0	0.0
1393214639198	0.0	55.0	79.0	3.0
1393214639201	0.0	55.0	79.0	3.0
1393214639210	0.0	55.0	79.0	3.0
1393214639221	0.0	56.0	79.0	3.0
1393214639228	0.0	180.0	90.0	0.0
1393214639243	0.0	56.0	79.0	3.0
1393214639249	0.0	56.0	79.0	3.0
1393214639258	0.0	180.0	90.0	0.0
1393214639270	0.0	56.0	79.0	3.0
1393214639278	0.0	180.0	90.0	0.0
1393214639289	0.0	180.0	90.0	0.0
1393214639305	0.0	56.0	79.0	3.0
1393214639310	0.0	56.0	79.0	3.0
1393214639318	0.0	56.0	79.0	3.0
1393214639329	0.0	56.0	79.0	3.0
1393214639338	0.0	56.0	79.0	3.0
1393214639349	0.0	56.0	79.0	3.0
1393214639362	0.0	56.0	79.0	3.0
1393214639369	0.0	56.0	79.0	3.0
1393214639382	0.0	56.0	79.0	3.0
1393214639389	0.0	56.0	79.0	3.0
1393214639402	0.0	56.0	79.0	3.0
1393214639410	0.0	56.0	79.0	3.0
1393214639422	0.0	56.0	79.0	3.0
1393214639429	0.0	56.0	79.0	3.0
1393214639439	0.0	56.0	79.0	3.0
1393214639452	0.0	56.0	79.0	3.0
1393214639460	0.0	56.0	79.0	3.0
1393214639471	0.0	56.0	79.0	3.0
1393214639486	0.0	56.0	79.0	3.0
1393214639489	0.0	180.0	90.0	0.0
1393214639506	0.0	56.0	79.0	3.0
1393214639509	0.0	56.0	79.0	3.0
1393214639521	0.0	56.0	79.0	3.0
1393214639530	0.0	56.0	79.0	3.0
1393214639541	0.0	56.0	79.0	3.0
1393214639553	0.0	56.0	79.0	3.0
1393214639558	0.0	56.0	79.0	3.0
1393214639569	0.0	56.0	79.0	3.0
1393214639580	0.0	180.0	90.0	0.0
1393214639590	0.0	56.0	79.0	3.0
1393214639611	0.0	56.0	79.0	3.0
1393214639617	0.0	56.0	79.0	3.0
1393214639623	0.0	56.0	79.0	3.0
1393214639630	0.0	56.0	79.0	3.0
1393214639641	0.0	56.0	79.0	3.0
1393214639654	0.0	56.0	79.0	3.0
1393214639660	0.0	56.0	79.0	3.0
1393214639669	0.0	56.0	79.0	3.0
1393214639680	0.0	56.0	79.0	3.0
1393214639688	0.0	56.0	79.0	3.0
1393214639702	0.0	56.0	79.0	3.0
1393214639708	0.0	56.0	79.0	3.0
1393214639720	0.0	56.0	79.0	3.0
1393214639735	0.0	56.0	79.0	3.0
1393214639741	0.0	56.0	79.0	3.0
1393214639748	0.0	56.0	79.0	3.0
1393214639758	0.0	56.0	79.0	3.0
1393214639775	0.0	56.0	79.0	3.0
1393214639790	0.0	56.0	79.0	3.0
1393214639793	0.0	56.0	79.0	3.0
1393214639803	0.0	56.0	79.0	3.0
1393214639808	0.0	56.0	79.0	3.0
1393214639818	0.0	56.0	79.0	3.0
1393214639830	0.0	56.0	79.0	3.0
1393214639840	0.0	56.0	79.0	3.0
1393214639851	0.0	56.0	79.0	3.0
1393214639859	0.0	56.0	79.0	3.0
1393214639870	0.0	56.0	79.0	3.0
1393214639880	0.0	56.0	79.0	3.0
1393214639889	0.0	55.0	79.0	3.0
1393214639901	0.0	55.0	79.0	3.0
1393214639908	0.0	55.0	79.0	3.0
1393214639919	0.0	55.0	79.0	3.0
1393214639929	0.0	55.0	79.0	3.0
1393214639939	0.0	55.0	79.0	3.0
1393214639951	0.0	55.0	79.0	3.0
1393214639962	0.0	55.0	79.0	3.0
1393214639969	0.0	55.0	79.0	3.0
1393214639983	0.0	55.0	79.0	3.0
1393214639989	0.0	55.0	79.0	3.0
1393214640005	0.0	55.0	79.0	3.0
1393214640009	0.0	55.0	79.0	3.0
1393214640023	0.0	55.0	79.0	3.0
1393214640040	0.0	57.0	78.0	1.0
1393214640042	0.0	55.0	79.0	3.0
1393214640049	0.0	55.0	79.0	3.0
1393214640062	0.0	55.0	79.0	3.0
1393214640069	0.0	55.0	79.0	3.0
1393214640082	0.0	55.0	79.0	3.0
1393214640088	0.0	55.0	79.0	3.0
1393214640098	0.0	55.0	79.0	3.0
1393214640108	0.0	55.0	79.0	3.0
1393214640118	0.0	55.0	79.0	3.0
1393214640134	0.0	55.0	79.0	3.0
1393214640141	0.0	55.0	79.0	3.0
1393214640152	0.0	55.0	79.0	3.0
1393214640158	0.0	55.0	79.0	3.0
1393214640168	0.0	55.0	79.0	3.0
1393214640180	0.0	55.0	79.0	3.0
1393214640188	0.0	55.0	79.0	3.0
1393214640201	0.0	55.0	79.0	3.0
1393214640220	0.0	55.0	79.0	3.0
1393214640241	0.0	55.0	79.0	3.0
1393214640242	0.0	55.0	79.0	3.0
1393214640249	0.0	55.0	79.0	3.0
1393214640261	0.0	55.0	79.0	3.0
1393214640269	0.0	55.0	79.0	3.0
1393214640282	0.0	55.0	79.0	3.0
1393214640289	0.0	55.0	79.0	3.0
1393214640313	0.0	55.0	79.0	3.0
1393214640315	0.0	55.0	79.0	3.0
1393214640329	0.0	55.0	79.0	3.0
1393214640345	0.0	55.0	79.0	3.0
1393214640347	0.0	55.0	79.0	3.0
1393214640348	0.0	55.0	79.0	3.0
1393214640358	0.0	55.0	79.0	3.0
1393214640369	0.0	55.0	79.0	3.0
1393214640382	0.0	55.0	79.0	3.0
1393214640388	0.0	55.0	79.0	3.0
1393214640399	0.0	55.0	79.0	3.0
1393214640409	0.0	55.0	79.0	3.0
1393214640419	0.0	55.0	79.0	3.0
1393214640433	0.0	55.0	79.0	3.0
1393214640441	0.0	55.0	79.0	3.0
1393214640480	0.0	55.0	79.0	3.0
1393214640530	0.0	55.0	79.0	3.0
1393214640534	0.0	55.0	79.0	3.0
1393214640558	0.0	55.0	79.0	3.0
