1393214251971	19.306026	90.0	1.0	1.0
1393214251972	19.306026	90.0	1.0	1.0
1393214251974	19.306026	90.0	1.0	1.0
1393214251977	19.306026	90.0	1.0	1.0
1393214251980	19.306026	90.0	1.0	1.0
1393214251982	19.306026	90.0	1.0	1.0
1393214251987	19.306026	90.0	1.0	1.0
1393214252073	19.306026	90.0	1.0	1.0
1393214252085	19.306026	90.0	1.0	1.0
1393214252087	19.306026	90.0	1.0	1.0
1393214252088	0.0	90.0	1.0	1.0
1393214252090	0.0	90.0	1.0	1.0
1393214252091	0.0	90.0	1.0	1.0
1393214252092	19.628834	90.0	1.0	1.0
1393214252094	19.628834	90.0	1.0	1.0
1393214252095	19.628834	90.0	1.0	1.0
1393214252096	19.628834	90.0	1.0	1.0
1393214252097	19.306026	90.0	1.0	1.0
1393214252099	19.306026	90.0	1.0	1.0
1393214252119	19.306026	90.0	1.0	1.0
1393214252120	19.306026	90.0	1.0	1.0
1393214252121	21.044817	90.0	1.0	1.0
1393214252125	21.044817	90.0	1.0	1.0
1393214252136	21.044817	90.0	1.0	1.0
1393214252170	19.306026	52.0	1.0	1.0
1393214252172	19.306026	51.0	1.0	1.0
1393214252177	19.306026	51.0	1.0	1.0
1393214252194	21.044817	51.0	1.0	1.0
1393214252204	21.044817	51.0	1.0	1.0
1393214252214	21.044817	51.0	89.0	90.0
1393214252224	19.306026	51.0	1.0	1.0
1393214252234	19.306026	50.0	90.0	90.0
1393214252245	19.306026	53.0	1.0	1.0
1393214252254	19.306026	53.0	1.0	1.0
1393214252264	19.306026	53.0	1.0	1.0
1393214252274	19.306026	53.0	1.0	1.0
1393214252284	19.306026	53.0	1.0	1.0
1393214252294	21.044817	53.0	1.0	1.0
1393214252305	21.044817	52.0	1.0	1.0
1393214252314	21.044817	46.0	89.0	90.0
1393214252334	19.306026	53.0	1.0	1.0
1393214252345	19.306026	53.0	1.0	1.0
1393214252354	19.306026	53.0	1.0	1.0
1393214252365	19.306026	52.0	1.0	1.0
1393214252374	21.044817	47.0	89.0	90.0
1393214252384	21.044817	52.0	1.0	1.0
1393214252395	21.044817	52.0	1.0	1.0
1393214252404	21.044817	52.0	1.0	1.0
1393214252414	19.306026	52.0	1.0	1.0
1393214252427	19.306026	52.0	1.0	1.0
1393214252439	19.306026	52.0	1.0	1.0
1393214252450	21.044817	52.0	1.0	1.0
1393214252455	21.044817	52.0	1.0	1.0
1393214252466	21.044817	52.0	1.0	1.0
1393214252475	21.044817	52.0	1.0	1.0
1393214252486	21.044817	52.0	1.0	1.0
1393214252495	21.044817	52.0	1.0	1.0
1393214252505	21.044817	52.0	1.0	1.0
1393214252515	21.044817	48.0	89.0	90.0
1393214252536	21.044817	51.0	1.0	1.0
1393214252547	21.044817	51.0	1.0	1.0
1393214252561	0.0	51.0	1.0	1.0
1393214252565	0.0	51.0	1.0	1.0
1393214252575	0.0	51.0	1.0	1.0
1393214252585	14.979899	52.0	1.0	2.0
1393214252595	14.979899	51.0	1.0	2.0
1393214252605	14.979899	51.0	1.0	2.0
1393214252614	14.979899	51.0	1.0	2.0
1393214252625	21.044817	51.0	1.0	2.0
1393214252636	21.044817	51.0	1.0	2.0
1393214252645	21.044817	51.0	1.0	2.0
1393214252657	21.044817	51.0	1.0	2.0
1393214252666	21.044817	51.0	1.0	2.0
1393214252783	21.044817	51.0	1.0	2.0
1393214252785	21.044817	51.0	1.0	2.0
1393214252786	21.044817	51.0	1.0	2.0
1393214252787	21.044817	51.0	1.0	2.0
1393214252788	21.044817	51.0	1.0	2.0
1393214252789	21.044817	51.0	1.0	2.0
1393214252790	0.0	51.0	1.0	2.0
1393214252791	0.0	51.0	1.0	2.0
1393214252792	0.0	51.0	1.0	2.0
1393214252794	18.07919	51.0	1.0	2.0
1393214252795	18.07919	51.0	1.0	2.0
1393214252796	18.07919	51.0	1.0	2.0
1393214252797	18.07919	51.0	1.0	2.0
1393214252836	19.628834	51.0	1.0	2.0
1393214252837	19.628834	51.0	1.0	2.0
1393214252838	19.628834	51.0	1.0	2.0
1393214252840	19.628834	51.0	1.0	2.0
1393214252845	21.044817	51.0	1.0	2.0
1393214252855	21.044817	51.0	1.0	2.0
1393214252864	21.044817	51.0	1.0	3.0
1393214252877	18.595737	51.0	1.0	3.0
1393214252888	19.628834	51.0	1.0	3.0
1393214252895	19.628834	51.0	1.0	3.0
1393214252907	19.628834	51.0	1.0	3.0
1393214252915	19.628834	51.0	1.0	3.0
1393214252937	19.628834	51.0	1.0	3.0
1393214252942	19.628834	51.0	1.0	3.0
1393214252946	19.628834	51.0	1.0	3.0
1393214252956	19.628834	51.0	1.0	3.0
1393214252972	19.628834	51.0	1.0	3.0
1393214252983	19.628834	51.0	1.0	3.0
1393214252995	19.628834	51.0	1.0	3.0
1393214252998	19.628834	51.0	1.0	3.0
1393214253005	19.628834	51.0	1.0	3.0
1393214253015	19.628834	51.0	1.0	3.0
1393214253026	19.628834	51.0	1.0	3.0
1393214253035	19.628834	51.0	1.0	3.0
1393214253045	19.628834	51.0	1.0	3.0
1393214253055	19.628834	51.0	1.0	3.0
1393214253065	19.628834	51.0	1.0	3.0
1393214253075	19.628834	51.0	1.0	3.0
1393214253088	19.628834	51.0	1.0	3.0
1393214253095	19.628834	51.0	1.0	3.0
1393214253106	19.628834	51.0	1.0	3.0
1393214253115	19.628834	51.0	1.0	3.0
1393214253126	19.628834	51.0	1.0	3.0
1393214253138	19.628834	51.0	1.0	3.0
1393214253146	20.66193	51.0	1.0	3.0
1393214253156	20.66193	51.0	1.0	3.0
1393214253172	20.66193	51.0	1.0	3.0
1393214253176	19.628834	51.0	1.0	4.0
1393214253192	19.628834	51.0	1.0	4.0
1393214253202	19.628834	51.0	1.0	4.0
1393214253208	19.628834	51.0	1.0	4.0
1393214253238	20.66193	51.0	1.0	4.0
1393214253241	20.66193	51.0	1.0	4.0
1393214253243	20.66193	51.0	1.0	4.0
1393214253246	20.66193	51.0	1.0	4.0
1393214253256	19.628834	51.0	1.0	4.0
1393214253271	19.628834	51.0	1.0	4.0
1393214253276	19.628834	51.0	1.0	4.0
1393214253286	19.628834	51.0	1.0	4.0
1393214253296	20.66193	51.0	1.0	4.0
1393214253306	20.66193	51.0	1.0	4.0
1393214253319	20.66193	51.0	1.0	4.0
1393214253326	19.628834	51.0	1.0	4.0
1393214253336	19.628834	51.0	1.0	4.0
1393214253346	19.628834	51.0	1.0	4.0
1393214253356	19.628834	51.0	1.0	4.0
1393214253369	20.66193	51.0	1.0	4.0
1393214253375	20.66193	51.0	1.0	4.0
1393214253386	20.66193	51.0	1.0	4.0
1393214253395	20.66193	51.0	1.0	4.0
1393214253405	20.66193	51.0	1.0	4.0
1393214253417	20.66193	51.0	1.0	4.0
1393214253426	20.66193	51.0	1.0	4.0
1393214253436	20.66193	51.0	1.0	4.0
1393214253450	20.66193	51.0	1.0	4.0
1393214253458	20.66193	51.0	1.0	4.0
1393214253475	20.66193	51.0	1.0	4.0
1393214253477	19.628834	51.0	1.0	4.0
1393214253488	19.628834	51.0	1.0	4.0
1393214253495	19.628834	51.0	1.0	4.0
1393214253506	19.628834	51.0	1.0	4.0
1393214253517	20.66193	51.0	1.0	4.0
1393214253525	20.66193	51.0	1.0	4.0
1393214253535	20.66193	51.0	1.0	4.0
1393214253545	20.66193	51.0	1.0	4.0
1393214253555	20.66193	51.0	1.0	5.0
1393214253567	20.66193	51.0	1.0	5.0
1393214253578	20.66193	51.0	1.0	5.0
1393214253586	20.66193	51.0	1.0	5.0
1393214253598	20.66193	51.0	1.0	5.0
1393214253608	20.66193	52.0	1.0	5.0
1393214253621	20.66193	52.0	1.0	5.0
1393214253627	0.0	52.0	1.0	5.0
1393214253635	0.0	51.0	1.0	5.0
1393214253645	0.0	51.0	1.0	5.0
1393214253655	15.324142	51.0	1.0	5.0
1393214253666	15.324142	51.0	1.0	5.0
1393214253676	15.324142	51.0	1.0	5.0
1393214253687	15.324142	51.0	1.0	5.0
1393214253696	20.66193	51.0	1.0	5.0
1393214253706	20.66193	51.0	1.0	5.0
1393214253718	20.66193	51.0	1.0	5.0
1393214253726	20.66193	51.0	1.0	5.0
1393214253740	20.66193	51.0	1.0	5.0
1393214253749	20.66193	51.0	1.0	5.0
1393214253756	20.66193	51.0	1.0	5.0
1393214253767	20.66193	51.0	1.0	5.0
1393214253777	20.66193	51.0	1.0	5.0
1393214253791	20.66193	51.0	1.0	5.0
1393214253797	20.66193	51.0	1.0	5.0
1393214253807	19.628834	51.0	1.0	5.0
1393214253823	19.628834	51.0	1.0	5.0
1393214253826	19.628834	51.0	1.0	5.0
1393214253850	19.628834	51.0	1.0	5.0
1393214253851	20.66193	51.0	1.0	5.0
1393214253856	20.66193	51.0	1.0	5.0
1393214253877	20.66193	51.0	1.0	5.0
1393214253878	20.66193	51.0	1.0	5.0
1393214253886	20.66193	51.0	1.0	5.0
1393214253897	20.66193	51.0	1.0	5.0
1393214253907	20.66193	51.0	1.0	5.0
1393214253931	20.66193	51.0	1.0	5.0
1393214253932	20.66193	51.0	1.0	5.0
1393214253939	20.66193	51.0	1.0	5.0
1393214253947	20.66193	51.0	1.0	5.0
1393214253966	20.66193	42.0	4.0	65.0
1393214253968	20.66193	51.0	1.0	5.0
1393214253978	20.66193	51.0	1.0	5.0
1393214253989	20.66193	51.0	1.0	5.0
1393214254008	0.0	51.0	1.0	5.0
1393214254015	0.0	51.0	1.0	5.0
1393214254019	0.0	51.0	1.0	5.0
1393214254026	17.293192	51.0	1.0	5.0
1393214254036	17.293192	51.0	1.0	5.0
1393214254058	17.293192	51.0	1.0	5.0
1393214254059	17.293192	51.0	1.0	5.0
1393214254067	20.66193	51.0	1.0	5.0
1393214254076	20.66193	51.0	1.0	5.0
1393214254086	20.66193	51.0	1.0	5.0
1393214254101	20.66193	51.0	1.0	5.0
1393214254107	19.628834	51.0	1.0	6.0
1393214254118	19.628834	51.0	1.0	6.0
1393214254126	19.628834	51.0	1.0	6.0
1393214254138	19.628834	51.0	1.0	6.0
1393214254154	20.66193	51.0	1.0	6.0
1393214254157	20.66193	51.0	1.0	6.0
1393214254169	20.66193	51.0	1.0	6.0
1393214254176	19.628834	51.0	1.0	6.0
1393214254186	19.628834	51.0	1.0	6.0
1393214254198	19.628834	51.0	1.0	6.0
1393214254206	19.628834	51.0	1.0	6.0
1393214254219	19.628834	51.0	1.0	6.0
1393214254227	19.628834	51.0	1.0	6.0
1393214254237	19.628834	51.0	1.0	6.0
1393214254253	19.628834	51.0	1.0	6.0
1393214254257	19.628834	51.0	1.0	6.0
1393214254272	19.628834	51.0	1.0	6.0
1393214254278	19.628834	51.0	1.0	6.0
1393214254287	0.0	51.0	1.0	6.0
1393214254307	0.0	51.0	1.0	6.0
1393214254321	19.45915	51.0	1.0	6.0
1393214254327	19.45915	51.0	1.0	6.0
1393214254338	19.45915	51.0	1.0	6.0
1393214254348	19.45915	51.0	0.0	6.0
1393214254356	20.66193	51.0	1.0	6.0
1393214254369	20.66193	51.0	1.0	6.0
1393214254389	20.66193	51.0	1.0	6.0
1393214254408	20.66193	51.0	1.0	6.0
1393214254410	20.66193	51.0	1.0	6.0
1393214254419	20.66193	51.0	1.0	6.0
1393214254426	20.66193	51.0	0.0	6.0
1393214254436	19.628834	51.0	1.0	6.0
1393214254448	19.628834	51.0	1.0	6.0
1393214254456	19.628834	51.0	1.0	6.0
1393214254481	19.628834	51.0	1.0	6.0
1393214254484	19.628834	51.0	1.0	6.0
1393214254486	19.628834	51.0	1.0	6.0
1393214254506	19.628834	51.0	0.0	6.0
1393214254508	20.66193	51.0	0.0	6.0
1393214254516	20.66193	51.0	1.0	6.0
1393214254529	20.66193	51.0	1.0	6.0
1393214254537	20.66193	51.0	1.0	6.0
1393214254549	19.628834	51.0	1.0	6.0
1393214254557	19.628834	51.0	1.0	6.0
1393214254567	19.628834	51.0	1.0	6.0
1393214254579	19.628834	51.0	1.0	6.0
1393214254588	19.628834	51.0	0.0	6.0
1393214254599	19.628834	51.0	0.0	6.0
1393214254607	19.628834	51.0	0.0	6.0
1393214254617	19.628834	51.0	0.0	6.0
1393214254627	19.628834	51.0	0.0	6.0
1393214254637	19.628834	51.0	0.0	6.0
1393214254649	19.628834	51.0	0.0	6.0
1393214254657	0.0	51.0	0.0	6.0
1393214254667	0.0	51.0	0.0	6.0
1393214254677	0.0	51.0	0.0	6.0
1393214254688	18.376173	51.0	1.0	6.0
1393214254700	18.376173	51.0	1.0	6.0
1393214254708	18.376173	51.0	1.0	6.0
1393214254717	18.376173	51.0	1.0	6.0
1393214254729	19.628834	51.0	0.0	6.0
1393214254737	19.628834	51.0	0.0	6.0
1393214254749	19.628834	51.0	0.0	6.0
1393214254757	19.628834	51.0	0.0	6.0
1393214254768	20.66193	51.0	1.0	6.0
1393214254779	20.66193	51.0	1.0	6.0
1393214254791	20.66193	51.0	1.0	6.0
1393214254806	20.66193	51.0	0.0	6.0
1393214254811	19.628834	51.0	1.0	6.0
1393214254818	19.628834	51.0	0.0	6.0
1393214254828	19.628834	51.0	0.0	6.0
1393214254836	19.628834	51.0	0.0	6.0
1393214254850	19.628834	51.0	0.0	6.0
1393214254856	19.628834	51.0	0.0	6.0
1393214254867	19.628834	51.0	0.0	6.0
1393214254878	19.628834	51.0	0.0	6.0
1393214254888	19.628834	51.0	0.0	6.0
1393214254902	19.628834	51.0	0.0	6.0
1393214254907	19.628834	51.0	0.0	6.0
1393214254925	20.66193	51.0	0.0	6.0
1393214254929	20.66193	51.0	0.0	6.0
1393214254937	20.66193	51.0	0.0	6.0
1393214254949	19.628834	51.0	0.0	6.0
1393214254957	19.628834	51.0	1.0	6.0
1393214254967	19.628834	51.0	1.0	6.0
1393214254983	19.628834	51.0	0.0	6.0
1393214254987	19.628834	51.0	0.0	6.0
1393214254997	19.628834	51.0	0.0	6.0
1393214255008	19.628834	51.0	0.0	6.0
1393214255017	19.628834	51.0	0.0	6.0
1393214255033	19.628834	51.0	0.0	6.0
1393214255038	19.628834	51.0	0.0	6.0
1393214255049	19.628834	51.0	0.0	6.0
1393214255057	0.0	51.0	0.0	6.0
1393214255069	0.0	51.0	0.0	6.0
1393214255089	0.0	46.0	4.0	67.0
1393214255099	20.246773	51.0	0.0	6.0
1393214255109	20.246773	51.0	0.0	6.0
1393214255121	20.246773	51.0	0.0	6.0
1393214255123	20.246773	51.0	0.0	6.0
1393214255140	19.628834	51.0	0.0	6.0
1393214255141	19.628834	51.0	0.0	6.0
1393214255147	19.628834	51.0	0.0	6.0
1393214255157	19.628834	51.0	0.0	6.0
1393214255167	19.628834	51.0	1.0	6.0
1393214255179	19.628834	51.0	1.0	6.0
1393214255188	19.628834	51.0	1.0	6.0
1393214255198	19.628834	51.0	1.0	6.0
1393214255207	19.628834	51.0	1.0	6.0
1393214255217	19.628834	51.0	1.0	6.0
1393214255232	19.628834	51.0	1.0	6.0
1393214255238	19.628834	51.0	0.0	6.0
1393214255249	19.628834	51.0	0.0	6.0
1393214255258	19.628834	51.0	0.0	6.0
1393214255268	19.628834	51.0	0.0	6.0
1393214255282	19.628834	51.0	1.0	6.0
1393214255287	19.628834	51.0	0.0	6.0
1393214255302	19.628834	51.0	0.0	6.0
1393214255310	0.0	51.0	0.0	6.0
1393214255319	0.0	51.0	0.0	6.0
1393214255333	0.0	51.0	1.0	6.0
1393214255338	17.293192	51.0	1.0	6.0
1393214255348	17.293192	51.0	1.0	6.0
1393214255358	17.293192	51.0	1.0	6.0
1393214255368	17.293192	51.0	1.0	6.0
1393214255379	19.628834	51.0	0.0	6.0
1393214255388	19.628834	51.0	1.0	6.0
1393214255400	19.628834	51.0	1.0	6.0
1393214255410	19.628834	51.0	0.0	6.0
1393214255418	19.628834	51.0	0.0	6.0
1393214255435	19.628834	51.0	0.0	6.0
1393214255438	19.628834	51.0	1.0	6.0
1393214255448	19.628834	51.0	1.0	6.0
1393214255459	19.628834	51.0	1.0	6.0
1393214255468	19.628834	51.0	1.0	6.0
1393214255483	19.628834	51.0	1.0	6.0
1393214255492	0.0	51.0	1.0	6.0
1393214255501	0.0	51.0	1.0	6.0
1393214255509	0.0	51.0	0.0	6.0
1393214255520	15.816405	51.0	0.0	6.0
1393214255535	15.816405	51.0	0.0	6.0
1393214255540	15.816405	51.0	0.0	6.0
1393214255564	15.816405	48.0	2.0	69.0
1393214255567	19.628834	51.0	0.0	6.0
1393214255572	19.628834	47.0	3.0	68.0
1393214255581	19.628834	51.0	0.0	6.0
1393214255589	19.628834	51.0	0.0	6.0
1393214255599	19.628834	51.0	0.0	6.0
1393214255611	19.628834	51.0	0.0	6.0
1393214255620	19.628834	50.0	0.0	6.0
1393214255629	19.628834	50.0	0.0	6.0
1393214255637	20.66193	50.0	0.0	6.0
1393214255647	20.66193	50.0	0.0	6.0
1393214255658	20.66193	50.0	0.0	6.0
1393214255668	19.628834	50.0	0.0	6.0
1393214255681	19.628834	50.0	0.0	6.0
1393214255688	19.628834	50.0	0.0	6.0
1393214255698	19.628834	50.0	0.0	6.0
1393214255710	19.628834	50.0	0.0	6.0
1393214255718	19.628834	50.0	0.0	6.0
1393214255733	19.628834	50.0	0.0	6.0
1393214255739	19.628834	50.0	0.0	6.0
1393214255750	19.628834	50.0	0.0	6.0
1393214255760	19.628834	50.0	0.0	6.0
1393214255774	19.628834	50.0	0.0	6.0
1393214255778	20.66193	50.0	0.0	6.0
1393214255790	20.66193	50.0	0.0	6.0
1393214255801	20.66193	50.0	0.0	6.0
1393214255809	20.66193	50.0	0.0	6.0
1393214255819	19.628834	50.0	0.0	6.0
1393214255831	19.628834	50.0	0.0	6.0
1393214255838	19.628834	50.0	0.0	6.0
1393214255849	19.628834	50.0	0.0	6.0
1393214255859	19.628834	50.0	0.0	6.0
1393214255868	19.628834	50.0	0.0	6.0
1393214255881	19.628834	50.0	0.0	6.0
1393214255888	19.628834	50.0	0.0	6.0
1393214255900	20.66193	50.0	0.0	6.0
1393214255922	20.66193	50.0	0.0	6.0
1393214255924	20.66193	50.0	0.0	6.0
1393214255928	19.628834	50.0	0.0	6.0
1393214255938	19.628834	50.0	0.0	6.0
1393214255948	19.628834	50.0	0.0	6.0
1393214255959	19.628834	50.0	0.0	6.0
1393214255969	19.628834	50.0	0.0	6.0
1393214255978	19.628834	50.0	0.0	6.0
1393214256026	19.628834	50.0	0.0	6.0
1393214256082	19.628834	50.0	0.0	6.0
1393214256084	20.66193	50.0	0.0	6.0
1393214256085	20.66193	50.0	0.0	6.0
1393214256086	20.66193	50.0	0.0	6.0
1393214256088	20.66193	121.0	27.0	31.0
1393214256091	19.628834	50.0	0.0	6.0
1393214256092	19.628834	50.0	0.0	6.0
1393214256093	19.628834	50.0	0.0	6.0
1393214256094	19.628834	50.0	0.0	6.0
1393214256101	19.628834	50.0	0.0	6.0
1393214256103	19.628834	50.0	0.0	6.0
1393214256111	19.628834	50.0	0.0	6.0
1393214256118	19.628834	50.0	0.0	6.0
1393214256128	19.628834	50.0	0.0	6.0
1393214256142	19.628834	50.0	0.0	6.0
1393214256149	19.628834	50.0	0.0	6.0
1393214256161	19.628834	50.0	0.0	6.0
1393214256168	19.628834	50.0	0.0	6.0
1393214256178	19.628834	50.0	0.0	6.0
1393214256188	19.628834	50.0	0.0	6.0
1393214256198	19.628834	50.0	0.0	6.0
1393214256211	19.628834	50.0	0.0	6.0
1393214256219	19.628834	50.0	0.0	6.0
1393214256228	20.66193	50.0	0.0	6.0
1393214256238	20.66193	50.0	0.0	6.0
1393214256249	20.66193	50.0	0.0	6.0
1393214256262	20.66193	50.0	0.0	6.0
1393214256269	19.628834	50.0	0.0	6.0
1393214256283	19.628834	50.0	0.0	6.0
1393214256290	19.628834	50.0	0.0	6.0
1393214256299	19.628834	50.0	0.0	6.0
1393214256313	19.628834	50.0	0.0	6.0
1393214256319	19.628834	50.0	0.0	6.0
1393214256329	19.628834	50.0	0.0	6.0
1393214256338	19.628834	50.0	0.0	6.0
1393214256349	19.628834	50.0	0.0	6.0
1393214256361	19.628834	50.0	0.0	6.0
1393214256380	19.628834	50.0	0.0	6.0
1393214256389	19.628834	50.0	0.0	6.0
1393214256406	19.628834	50.0	0.0	6.0
1393214256412	19.628834	50.0	0.0	6.0
1393214256419	0.0	50.0	0.0	6.0
1393214256429	0.0	50.0	0.0	6.0
1393214256438	0.0	50.0	1.0	6.0
1393214256449	14.733427	50.0	1.0	6.0
1393214256459	14.733427	50.0	1.0	6.0
1393214256468	14.733427	49.0	1.0	6.0
1393214256481	14.733427	49.0	1.0	6.0
1393214256489	19.628834	49.0	1.0	6.0
1393214256499	19.628834	49.0	1.0	6.0
1393214256511	19.628834	49.0	1.0	6.0
1393214256519	19.628834	49.0	1.0	6.0
1393214256532	19.628834	49.0	1.0	6.0
1393214256539	19.628834	49.0	1.0	6.0
1393214256550	19.628834	49.0	1.0	6.0
1393214256561	19.628834	49.0	1.0	5.0
1393214256578	19.628834	49.0	1.0	5.0
1393214256583	19.628834	49.0	1.0	5.0
1393214256590	19.628834	49.0	1.0	5.0
1393214256598	20.66193	49.0	1.0	5.0
1393214256611	20.66193	49.0	1.0	5.0
1393214256618	20.66193	49.0	1.0	5.0
1393214256630	20.66193	49.0	1.0	5.0
1393214256639	20.66193	49.0	1.0	5.0
1393214256648	20.66193	49.0	1.0	5.0
1393214256658	20.66193	49.0	1.0	5.0
1393214256668	20.66193	49.0	1.0	5.0
1393214256678	19.628834	49.0	1.0	5.0
1393214256692	19.628834	49.0	1.0	5.0
1393214256698	19.628834	49.0	1.0	5.0
1393214256709	19.628834	49.0	1.0	5.0
1393214256718	19.628834	49.0	1.0	5.0
1393214256729	19.628834	49.0	1.0	5.0
1393214256741	19.628834	49.0	1.0	5.0
1393214256750	19.628834	49.0	1.0	5.0
1393214256759	19.628834	49.0	1.0	5.0
1393214256769	19.628834	49.0	1.0	5.0
1393214256780	19.628834	49.0	1.0	5.0
1393214256789	0.0	49.0	1.0	5.0
1393214256799	0.0	49.0	1.0	5.0
1393214256809	0.0	49.0	1.0	5.0
1393214256818	20.246773	49.0	1.0	5.0
1393214256829	20.246773	49.0	1.0	5.0
1393214256840	20.246773	49.0	1.0	5.0
1393214256849	20.246773	49.0	1.0	5.0
1393214256859	20.66193	49.0	1.0	5.0
1393214256870	20.66193	49.0	1.0	5.0
1393214256882	20.66193	49.0	1.0	5.0
1393214256899	20.66193	49.0	1.0	5.0
1393214256905	19.628834	49.0	1.0	5.0
1393214256930	19.628834	49.0	1.0	5.0
1393214256933	19.628834	49.0	1.0	5.0
1393214256938	19.628834	49.0	1.0	5.0
1393214256943	19.628834	49.0	1.0	5.0
1393214256950	19.628834	49.0	1.0	5.0
1393214256962	19.628834	49.0	1.0	5.0
1393214256970	20.66193	49.0	1.0	5.0
1393214256981	20.66193	49.0	1.0	5.0
1393214256996	20.66193	49.0	1.0	5.0
1393214257000	20.66193	58.0	90.0	90.0
1393214257022	19.628834	49.0	1.0	5.0
1393214257031	19.628834	49.0	1.0	5.0
1393214257060	19.628834	44.0	3.0	64.0
1393214257063	20.66193	49.0	1.0	5.0
1393214257067	20.66193	49.0	1.0	5.0
1393214257069	20.66193	49.0	1.0	5.0
1393214257080	19.628834	49.0	1.0	5.0
1393214257096	19.628834	49.0	1.0	5.0
1393214257100	19.628834	49.0	1.0	5.0
1393214257110	19.628834	49.0	1.0	5.0
1393214257121	20.66193	49.0	1.0	5.0
1393214257129	20.66193	49.0	1.0	5.0
1393214257155	20.66193	49.0	1.0	5.0
1393214257161	20.66193	49.0	1.0	5.0
1393214257164	19.628834	49.0	1.0	5.0
1393214257171	19.628834	49.0	1.0	5.0
1393214257188	19.628834	49.0	1.0	5.0
1393214257191	19.628834	49.0	1.0	5.0
1393214257199	20.66193	49.0	1.0	5.0
1393214257209	20.66193	49.0	1.0	5.0
1393214257219	20.66193	49.0	1.0	5.0
1393214257231	19.628834	49.0	1.0	5.0
1393214257244	19.628834	49.0	1.0	5.0
1393214257249	19.628834	49.0	1.0	5.0
1393214257259	19.628834	49.0	1.0	5.0
1393214257270	19.628834	49.0	1.0	5.0
1393214257279	19.628834	49.0	1.0	5.0
1393214257294	19.628834	49.0	1.0	5.0
1393214257299	19.628834	49.0	1.0	5.0
1393214257311	19.628834	49.0	1.0	5.0
1393214257320	19.628834	49.0	1.0	5.0
1393214257330	19.628834	49.0	1.0	5.0
1393214257345	19.628834	49.0	1.0	5.0
1393214257351	19.628834	49.0	1.0	5.0
1393214257361	19.628834	49.0	1.0	5.0
1393214257371	19.628834	49.0	1.0	5.0
1393214257381	19.628834	49.0	1.0	5.0
1393214257390	19.628834	49.0	1.0	5.0
1393214257400	19.628834	49.0	1.0	5.0
1393214257411	19.628834	49.0	1.0	5.0
1393214257419	20.66193	49.0	1.0	5.0
1393214257430	20.66193	49.0	1.0	5.0
1393214257441	20.66193	49.0	1.0	5.0
1393214257450	20.66193	49.0	1.0	5.0
1393214257462	19.628834	49.0	1.0	5.0
1393214257472	19.628834	49.0	1.0	5.0
1393214257481	19.628834	49.0	1.0	5.0
1393214257494	19.628834	49.0	1.0	5.0
1393214257500	19.628834	49.0	1.0	5.0
1393214257510	19.628834	49.0	1.0	5.0
1393214257521	19.628834	49.0	1.0	5.0
1393214257531	20.66193	49.0	1.0	5.0
1393214257543	20.66193	49.0	1.0	5.0
1393214257551	20.66193	49.0	1.0	5.0
1393214257561	20.66193	49.0	1.0	5.0
1393214257571	20.66193	49.0	1.0	5.0
1393214257583	20.66193	49.0	1.0	5.0
1393214257594	20.66193	49.0	1.0	5.0
1393214257604	20.66193	49.0	1.0	5.0
1393214257610	19.628834	49.0	1.0	5.0
1393214257627	19.628834	49.0	1.0	5.0
1393214257632	19.628834	49.0	1.0	5.0
1393214257644	19.628834	49.0	1.0	5.0
1393214257664	19.628834	49.0	1.0	5.0
1393214257691	19.628834	49.0	1.0	5.0
1393214257693	19.628834	49.0	1.0	5.0
1393214257695	19.628834	49.0	1.0	5.0
1393214257700	19.628834	49.0	1.0	5.0
1393214257712	19.628834	49.0	1.0	5.0
1393214257727	19.628834	49.0	1.0	5.0
1393214257731	19.628834	49.0	1.0	5.0
1393214257742	19.628834	49.0	1.0	5.0
1393214257750	19.628834	49.0	1.0	5.0
1393214257761	20.66193	49.0	1.0	5.0
1393214257777	20.66193	49.0	1.0	4.0
1393214257782	20.66193	49.0	1.0	4.0
1393214257794	19.628834	49.0	1.0	4.0
1393214257801	19.628834	49.0	1.0	4.0
1393214257811	19.628834	49.0	1.0	4.0
1393214257825	19.628834	49.0	1.0	4.0
1393214257831	19.628834	49.0	1.0	4.0
1393214257841	19.628834	49.0	1.0	4.0
1393214257850	19.628834	49.0	1.0	4.0
1393214257861	19.628834	49.0	1.0	4.0
1393214257875	19.628834	49.0	1.0	4.0
1393214257882	19.628834	49.0	1.0	4.0
1393214257893	19.628834	49.0	1.0	4.0
1393214257900	19.628834	49.0	1.0	4.0
1393214257915	19.628834	49.0	1.0	4.0
1393214257922	19.628834	49.0	1.0	4.0
1393214257930	19.628834	49.0	1.0	4.0
1393214257941	19.628834	49.0	1.0	4.0
1393214257953	19.628834	49.0	1.0	4.0
1393214257960	19.628834	49.0	1.0	4.0
1393214257974	19.628834	49.0	1.0	4.0
1393214257980	20.66193	49.0	1.0	4.0
1393214257994	20.66193	49.0	1.0	4.0
1393214258000	20.66193	49.0	1.0	4.0
1393214258011	20.66193	49.0	1.0	4.0
1393214258024	20.66193	49.0	1.0	4.0
1393214258030	20.66193	49.0	1.0	4.0
1393214258043	20.66193	49.0	1.0	4.0
1393214258050	20.66193	49.0	1.0	4.0
1393214258060	20.66193	49.0	1.0	4.0
1393214258073	20.66193	49.0	1.0	4.0
1393214258080	20.66193	49.0	1.0	4.0
1393214258092	20.66193	49.0	1.0	4.0
1393214258102	20.66193	49.0	1.0	4.0
1393214258110	20.66193	49.0	1.0	4.0
1393214258123	20.66193	49.0	1.0	4.0
1393214258131	20.66193	49.0	1.0	4.0
1393214258140	20.66193	49.0	1.0	4.0
1393214258152	20.66193	49.0	1.0	4.0
1393214258160	0.0	49.0	1.0	4.0
1393214258178	0.0	49.0	1.0	4.0
1393214258182	0.0	49.0	1.0	4.0
1393214258200	14.339617	39.0	5.0	57.0
1393214258203	14.339617	48.0	1.0	4.0
1393214258217	14.339617	48.0	1.0	4.0
1393214258224	14.339617	48.0	1.0	4.0
1393214258232	19.628834	48.0	1.0	4.0
1393214258240	19.628834	48.0	1.0	4.0
1393214258252	19.628834	48.0	1.0	4.0
1393214258260	19.628834	48.0	1.0	4.0
1393214258273	19.628834	48.0	1.0	4.0
1393214258281	19.628834	48.0	1.0	4.0
1393214258303	19.628834	48.0	1.0	4.0
1393214258312	19.628834	48.0	1.0	4.0
1393214258323	19.628834	48.0	1.0	4.0
1393214258331	19.628834	48.0	1.0	4.0
1393214258341	19.628834	48.0	1.0	4.0
1393214258352	19.628834	48.0	1.0	4.0
1393214258361	19.628834	48.0	1.0	4.0
1393214258375	19.628834	48.0	1.0	4.0
1393214258381	0.0	48.0	1.0	4.0
1393214258392	0.0	48.0	1.0	4.0
1393214258401	0.0	48.0	1.0	4.0
1393214258411	21.428202	48.0	1.0	4.0
1393214258424	21.428202	48.0	1.0	4.0
1393214258432	21.428202	48.0	1.0	4.0
1393214258442	21.428202	48.0	1.0	4.0
1393214258452	19.628834	48.0	1.0	4.0
1393214258461	19.628834	48.0	1.0	4.0
1393214258475	19.628834	48.0	1.0	4.0
1393214258481	19.628834	49.0	1.0	4.0
1393214258492	19.628834	49.0	1.0	4.0
1393214258502	19.628834	49.0	1.0	4.0
1393214258512	19.628834	49.0	1.0	4.0
1393214258523	19.628834	49.0	1.0	4.0
1393214258531	20.66193	49.0	1.0	4.0
1393214258541	20.66193	49.0	1.0	4.0
1393214258558	20.66193	49.0	1.0	4.0
1393214258561	19.628834	49.0	1.0	4.0
1393214258574	19.628834	49.0	1.0	4.0
1393214258581	19.628834	49.0	1.0	4.0
1393214258591	19.628834	49.0	1.0	4.0
1393214258603	19.628834	49.0	1.0	4.0
1393214258621	19.628834	49.0	1.0	4.0
1393214258631	19.628834	49.0	1.0	4.0
1393214258642	20.66193	49.0	1.0	4.0
1393214258655	20.66193	49.0	1.0	4.0
1393214258661	20.66193	49.0	1.0	4.0
1393214258673	20.66193	49.0	1.0	4.0
1393214258681	20.66193	48.0	1.0	4.0
1393214258692	20.66193	48.0	1.0	4.0
1393214258701	20.66193	48.0	1.0	4.0
1393214258711	20.66193	48.0	1.0	4.0
1393214258722	20.66193	48.0	1.0	4.0
1393214258732	20.66193	48.0	1.0	4.0
1393214258742	20.66193	48.0	1.0	4.0
1393214258756	19.628834	48.0	1.0	4.0
1393214258761	19.628834	48.0	1.0	4.0
1393214258775	19.628834	48.0	1.0	4.0
1393214258784	19.628834	48.0	1.0	4.0
1393214258792	20.66193	48.0	1.0	4.0
1393214258805	20.66193	48.0	1.0	4.0
1393214258812	20.66193	48.0	1.0	4.0
1393214258823	19.628834	48.0	1.0	4.0
1393214258832	19.628834	48.0	1.0	4.0
1393214258842	19.628834	48.0	1.0	4.0
1393214258856	19.628834	48.0	1.0	4.0
1393214258862	20.66193	48.0	1.0	4.0
1393214258877	20.66193	48.0	1.0	4.0
1393214258883	20.66193	48.0	1.0	4.0
1393214258895	20.66193	48.0	1.0	4.0
1393214258919	19.628834	48.0	1.0	4.0
1393214258922	19.628834	48.0	1.0	4.0
1393214258924	19.628834	48.0	1.0	4.0
1393214258944	19.628834	48.0	1.0	4.0
1393214258968	19.628834	48.0	1.0	4.0
1393214258970	19.628834	48.0	1.0	4.0
1393214258972	20.66193	48.0	1.0	4.0
1393214258981	20.66193	48.0	1.0	4.0
1393214258992	20.66193	48.0	1.0	4.0
1393214259005	20.66193	48.0	1.0	4.0
1393214259011	19.628834	48.0	1.0	4.0
1393214259023	19.628834	48.0	1.0	4.0
1393214259034	19.628834	48.0	1.0	4.0
1393214259042	19.628834	48.0	1.0	4.0
1393214259054	20.66193	48.0	1.0	4.0
1393214259061	20.66193	48.0	1.0	4.0
1393214259072	20.66193	48.0	1.0	4.0
1393214259083	19.628834	48.0	1.0	4.0
1393214259092	19.628834	48.0	1.0	4.0
1393214259105	19.628834	48.0	1.0	4.0
1393214259111	19.628834	48.0	1.0	4.0
1393214259123	19.628834	48.0	1.0	3.0
1393214259133	19.628834	48.0	1.0	3.0
1393214259142	19.628834	48.0	1.0	3.0
1393214259154	19.628834	48.0	1.0	3.0
1393214259161	19.628834	48.0	1.0	3.0
1393214259172	19.628834	48.0	1.0	3.0
1393214259186	19.628834	48.0	1.0	3.0
1393214259194	0.0	48.0	1.0	3.0
1393214259201	0.0	48.0	1.0	3.0
1393214259212	0.0	48.0	1.0	3.0
1393214259222	17.293192	48.0	1.0	3.0
1393214259235	17.293192	48.0	1.0	3.0
1393214259242	17.293192	48.0	1.0	3.0
1393214259261	17.293192	48.0	1.0	3.0
1393214259264	19.628834	48.0	1.0	3.0
1393214259274	19.628834	48.0	1.0	3.0
1393214259281	19.628834	48.0	1.0	3.0
1393214259291	19.628834	48.0	1.0	3.0
1393214259301	20.66193	48.0	1.0	3.0
1393214259311	20.66193	48.0	1.0	3.0
1393214259324	20.66193	48.0	1.0	3.0
1393214259336	20.66193	48.0	1.0	3.0
1393214259342	20.66193	48.0	1.0	3.0
1393214259353	20.66193	48.0	1.0	3.0
1393214259361	20.66193	48.0	1.0	3.0
1393214259373	19.628834	48.0	1.0	3.0
1393214259383	19.628834	48.0	1.0	3.0
1393214259392	19.628834	48.0	1.0	3.0
1393214259401	19.628834	48.0	1.0	3.0
1393214259414	20.66193	48.0	1.0	3.0
1393214259424	20.66193	48.0	1.0	3.0
1393214259433	20.66193	48.0	1.0	3.0
1393214259442	20.66193	48.0	1.0	3.0
1393214259453	19.628834	48.0	1.0	3.0
1393214259462	19.628834	48.0	1.0	3.0
1393214259472	19.628834	48.0	1.0	3.0
1393214259484	19.628834	48.0	1.0	3.0
1393214259492	19.628834	48.0	1.0	3.0
1393214259516	19.628834	48.0	1.0	3.0
1393214259519	19.628834	48.0	1.0	3.0
1393214259523	20.66193	48.0	1.0	3.0
1393214259538	20.66193	48.0	1.0	3.0
1393214259543	20.66193	48.0	1.0	3.0
1393214259556	20.66193	48.0	1.0	3.0
1393214259562	19.628834	48.0	1.0	3.0
1393214259588	19.628834	48.0	1.0	3.0
1393214259591	19.628834	48.0	1.0	3.0
1393214259602	20.66193	48.0	1.0	3.0
1393214259611	20.66193	48.0	1.0	3.0
1393214259623	20.66193	48.0	1.0	3.0
1393214259639	19.628834	48.0	1.0	3.0
1393214259642	19.628834	48.0	1.0	3.0
1393214259653	19.628834	48.0	1.0	3.0
1393214259662	19.628834	48.0	1.0	3.0
1393214259674	20.66193	48.0	1.0	3.0
1393214259683	20.66193	48.0	1.0	3.0
1393214259692	20.66193	48.0	1.0	3.0
1393214259701	20.66193	48.0	1.0	3.0
1393214259711	20.66193	48.0	1.0	3.0
1393214259725	20.66193	48.0	1.0	3.0
1393214259738	20.66193	48.0	1.0	3.0
1393214259742	20.66193	48.0	1.0	3.0
1393214259753	19.628834	48.0	1.0	3.0
1393214259762	19.628834	48.0	1.0	3.0
1393214259772	19.628834	48.0	1.0	3.0
1393214259785	19.628834	48.0	1.0	3.0
1393214259807	19.628834	48.0	1.0	3.0
1393214259810	19.628834	48.0	1.0	3.0
1393214259814	19.628834	48.0	1.0	3.0
1393214259822	20.66193	48.0	1.0	3.0
1393214259836	20.66193	48.0	1.0	3.0
1393214259843	20.66193	48.0	1.0	3.0
1393214259854	20.66193	48.0	1.0	3.0
1393214259862	20.66193	48.0	1.0	3.0
1393214259873	20.66193	48.0	1.0	3.0
1393214259885	20.66193	48.0	1.0	3.0
1393214259893	20.66193	48.0	1.0	3.0
1393214259910	20.66193	48.0	1.0	3.0
1393214259913	20.66193	48.0	1.0	3.0
1393214259934	20.66193	48.0	1.0	3.0
1393214259935	19.628834	48.0	1.0	3.0
1393214259942	19.628834	48.0	1.0	3.0
1393214259953	19.628834	48.0	1.0	3.0
1393214259962	19.628834	48.0	1.0	3.0
1393214259972	20.66193	48.0	1.0	3.0
1393214259984	20.66193	48.0	1.0	3.0
1393214259993	20.66193	48.0	1.0	3.0
1393214260003	20.66193	48.0	1.0	3.0
1393214260012	20.66193	48.0	1.0	3.0
1393214260023	20.66193	48.0	1.0	3.0
1393214260036	20.66193	48.0	1.0	3.0
1393214260043	20.66193	48.0	1.0	3.0
1393214260053	20.66193	60.0	90.0	90.0
1393214260063	20.66193	60.0	90.0	90.0
1393214260073	20.66193	48.0	1.0	3.0
1393214260089	19.628834	48.0	1.0	3.0
1393214260093	19.628834	48.0	1.0	3.0
1393214260103	19.628834	48.0	1.0	3.0
1393214260113	19.628834	48.0	1.0	3.0
1393214260122	19.628834	48.0	1.0	3.0
1393214260135	19.628834	48.0	1.0	3.0
1393214260143	19.628834	47.0	1.0	3.0
1393214260153	19.628834	47.0	1.0	3.0
1393214260163	20.66193	47.0	1.0	3.0
1393214260174	20.66193	47.0	1.0	3.0
1393214260188	20.66193	47.0	1.0	3.0
1393214260192	19.628834	47.0	1.0	3.0
1393214260202	19.628834	47.0	1.0	3.0
1393214260223	19.628834	47.0	1.0	3.0
1393214260245	20.66193	47.0	1.0	3.0
1393214260252	20.66193	47.0	1.0	3.0
1393214260255	20.66193	47.0	1.0	3.0
1393214260263	20.66193	47.0	1.0	3.0
1393214260273	19.628834	47.0	1.0	3.0
1393214260283	19.628834	47.0	1.0	3.0
1393214260294	19.628834	47.0	1.0	3.0
1393214260307	19.628834	47.0	1.0	3.0
1393214260314	20.66193	47.0	1.0	3.0
1393214260322	20.66193	47.0	1.0	3.0
1393214260333	20.66193	47.0	1.0	3.0
1393214260342	20.66193	47.0	1.0	3.0
1393214260353	20.66193	47.0	1.0	3.0
1393214260362	20.66193	47.0	1.0	3.0
1393214260373	20.66193	47.0	1.0	3.0
1393214260384	19.628834	47.0	1.0	3.0
1393214260393	19.628834	47.0	1.0	3.0
1393214260403	19.628834	47.0	1.0	3.0
1393214260417	19.628834	47.0	1.0	3.0
1393214260422	19.628834	47.0	1.0	3.0
1393214260434	19.628834	47.0	1.0	3.0
1393214260442	19.628834	47.0	1.0	3.0
1393214260452	19.628834	47.0	1.0	3.0
1393214260467	19.628834	47.0	1.0	3.0
1393214260474	19.628834	47.0	1.0	3.0
1393214260483	19.628834	47.0	1.0	3.0
1393214260494	19.628834	47.0	1.0	3.0
1393214260503	19.628834	47.0	1.0	3.0
1393214260517	19.628834	47.0	1.0	3.0
1393214260524	19.628834	47.0	1.0	3.0
1393214260536	0.0	47.0	1.0	3.0
1393214260543	0.0	47.0	1.0	3.0
1393214260553	0.0	47.0	1.0	3.0
1393214260566	14.339617	47.0	1.0	3.0
1393214260573	14.339617	47.0	1.0	3.0
1393214260583	14.339617	47.0	1.0	3.0
1393214260593	14.339617	47.0	1.0	3.0
1393214260603	20.66193	47.0	1.0	3.0
1393214260616	20.66193	47.0	1.0	3.0
1393214260623	20.66193	47.0	1.0	3.0
1393214260633	20.66193	47.0	1.0	3.0
1393214260643	19.628834	47.0	1.0	3.0
1393214260654	19.628834	47.0	1.0	3.0
1393214260667	19.628834	47.0	1.0	3.0
1393214260674	19.628834	47.0	1.0	3.0
1393214260684	19.628834	47.0	1.0	3.0
1393214260693	19.628834	47.0	1.0	3.0
1393214260704	19.628834	47.0	1.0	3.0
1393214260718	19.628834	47.0	1.0	3.0
1393214260723	19.628834	47.0	1.0	3.0
1393214260733	19.628834	47.0	1.0	3.0
1393214260744	19.628834	60.0	90.0	90.0
1393214260753	0.0	47.0	1.0	3.0
1393214260765	0.0	47.0	1.0	3.0
1393214260773	0.0	47.0	1.0	3.0
1393214260785	17.293192	47.0	1.0	3.0
1393214260793	17.293192	47.0	1.0	3.0
1393214260803	17.293192	47.0	1.0	3.0
1393214260818	17.293192	47.0	1.0	3.0
1393214260823	19.628834	47.0	1.0	3.0
1393214260834	19.628834	47.0	1.0	3.0
1393214260843	19.628834	47.0	1.0	2.0
1393214260853	19.628834	47.0	1.0	2.0
1393214260879	20.66193	47.0	1.0	2.0
1393214260882	20.66193	47.0	1.0	2.0
1393214260884	20.66193	47.0	1.0	2.0
1393214260894	20.66193	47.0	1.0	2.0
1393214260904	20.66193	46.0	1.0	2.0
1393214260929	20.66193	46.0	1.0	2.0
1393214260934	20.66193	46.0	1.0	2.0
1393214260946	19.628834	46.0	1.0	2.0
1393214260948	19.628834	46.0	1.0	2.0
1393214260955	19.628834	46.0	1.0	2.0
1393214260968	19.628834	46.0	1.0	2.0
1393214260973	20.66193	46.0	1.0	2.0
1393214260983	20.66193	46.0	1.0	2.0
1393214260993	20.66193	46.0	1.0	2.0
1393214261003	20.66193	46.0	1.0	2.0
1393214261016	19.628834	46.0	1.0	2.0
1393214261024	19.628834	46.0	1.0	2.0
1393214261154	19.628834	46.0	1.0	2.0
1393214261155	20.66193	46.0	1.0	2.0
1393214261156	20.66193	46.0	1.0	2.0
1393214261157	20.66193	46.0	1.0	2.0
1393214261158	20.66193	47.0	1.0	2.0
1393214261160	18.595737	47.0	1.0	2.0
1393214261161	18.595737	47.0	1.0	2.0
1393214261162	18.595737	47.0	1.0	2.0
1393214261163	18.595737	47.0	1.0	2.0
1393214261164	19.628834	47.0	1.0	2.0
1393214261165	19.628834	47.0	1.0	2.0
1393214261166	19.628834	47.0	1.0	2.0
1393214261168	19.628834	47.0	1.0	2.0
1393214261173	20.66193	47.0	1.0	2.0
1393214261175	20.66193	47.0	1.0	2.0
1393214261183	20.66193	47.0	1.0	2.0
1393214261194	20.66193	47.0	1.0	2.0
1393214261203	20.66193	47.0	1.0	2.0
1393214261213	20.66193	47.0	1.0	2.0
1393214261224	20.66193	47.0	1.0	2.0
1393214261234	19.628834	47.0	1.0	2.0
1393214261243	19.628834	47.0	1.0	2.0
1393214261254	19.628834	47.0	1.0	2.0
1393214261265	19.628834	47.0	1.0	2.0
1393214261273	19.628834	47.0	1.0	2.0
1393214261290	19.628834	47.0	1.0	2.0
1393214261298	19.628834	47.0	1.0	2.0
1393214261303	19.628834	47.0	1.0	2.0
1393214261317	19.628834	47.0	1.0	2.0
1393214261324	19.628834	47.0	1.0	2.0
1393214261338	19.628834	47.0	1.0	2.0
1393214261347	20.66193	47.0	1.0	2.0
1393214261353	20.66193	47.0	1.0	2.0
1393214261365	20.66193	47.0	1.0	2.0
1393214261375	20.66193	47.0	1.0	2.0
1393214261384	19.628834	47.0	1.0	2.0
1393214261397	19.628834	47.0	1.0	2.0
1393214261416	19.628834	47.0	1.0	2.0
1393214261423	19.628834	47.0	1.0	2.0
1393214261435	19.628834	47.0	1.0	2.0
1393214261450	19.628834	47.0	1.0	2.0
1393214261454	19.628834	47.0	1.0	2.0
1393214261464	19.628834	47.0	1.0	2.0
1393214261474	19.628834	47.0	1.0	2.0
1393214261484	19.628834	47.0	1.0	2.0
1393214261500	19.628834	47.0	1.0	2.0
1393214261504	19.628834	47.0	1.0	2.0
1393214261526	19.628834	47.0	1.0	2.0
1393214261528	19.628834	47.0	1.0	2.0
1393214261535	19.628834	47.0	1.0	2.0
1393214261544	19.628834	47.0	1.0	2.0
1393214261555	19.628834	47.0	1.0	2.0
1393214261565	19.628834	47.0	1.0	2.0
1393214261573	19.628834	47.0	1.0	2.0
1393214261583	19.628834	47.0	1.0	2.0
1393214261596	19.628834	47.0	1.0	2.0
1393214261603	19.628834	47.0	1.0	2.0
1393214261614	19.628834	47.0	1.0	2.0
1393214261625	19.628834	47.0	1.0	2.0
1393214261634	19.628834	46.0	1.0	2.0
1393214261646	0.0	46.0	1.0	2.0
1393214261654	0.0	46.0	1.0	2.0
1393214261664	0.0	46.0	1.0	2.0
1393214261675	17.293192	46.0	1.0	2.0
1393214261684	17.293192	46.0	1.0	2.0
1393214261697	17.293192	46.0	1.0	2.0
1393214261705	17.293192	46.0	1.0	2.0
1393214261714	19.628834	46.0	1.0	2.0
1393214261724	19.628834	46.0	1.0	2.0
1393214261735	19.628834	46.0	1.0	2.0
1393214261747	19.628834	46.0	1.0	2.0
1393214261754	19.628834	46.0	1.0	2.0
1393214261764	19.628834	46.0	1.0	2.0
1393214261776	19.628834	46.0	1.0	2.0
1393214261783	19.628834	46.0	1.0	2.0
1393214261796	20.66193	46.0	1.0	2.0
1393214261803	20.66193	46.0	1.0	2.0
1393214261814	20.66193	46.0	1.0	2.0
1393214261824	19.628834	46.0	1.0	2.0
1393214261834	19.628834	46.0	1.0	2.0
1393214261846	19.628834	46.0	1.0	2.0
1393214261854	19.628834	46.0	1.0	2.0
1393214261864	19.628834	46.0	1.0	2.0
1393214261876	19.628834	46.0	1.0	2.0
1393214261885	19.628834	46.0	1.0	2.0
1393214261898	19.628834	46.0	1.0	2.0
1393214261904	19.628834	46.0	1.0	2.0
1393214261922	19.628834	46.0	1.0	2.0
1393214261924	19.628834	46.0	1.0	2.0
1393214261934	19.628834	46.0	1.0	2.0
1393214261946	19.628834	46.0	1.0	2.0
1393214261954	19.628834	46.0	1.0	2.0
1393214261965	19.628834	46.0	1.0	2.0
1393214261983	19.628834	127.0	26.0	29.0
1393214261985	19.628834	46.0	1.0	2.0
1393214261998	19.628834	46.0	1.0	2.0
1393214262005	19.628834	46.0	1.0	2.0
1393214262014	0.0	46.0	1.0	2.0
1393214262024	0.0	46.0	1.0	2.0
1393214262035	0.0	46.0	1.0	2.0
1393214262046	18.376173	46.0	1.0	2.0
1393214262054	18.376173	46.0	1.0	2.0
1393214262064	18.376173	46.0	1.0	2.0
1393214262074	18.376173	46.0	1.0	2.0
1393214262084	20.66193	46.0	1.0	2.0
1393214262098	20.66193	46.0	1.0	2.0
1393214262104	20.66193	46.0	1.0	2.0
1393214262114	20.66193	46.0	1.0	2.0
1393214262124	19.628834	46.0	1.0	2.0
1393214262135	19.628834	46.0	1.0	2.0
1393214262157	19.628834	46.0	1.0	2.0
1393214262160	19.628834	46.0	1.0	2.0
1393214262164	19.628834	46.0	1.0	2.0
1393214262174	19.628834	46.0	1.0	2.0
1393214262185	19.628834	46.0	1.0	2.0
1393214262195	19.628834	46.0	1.0	2.0
1393214262204	19.628834	46.0	1.0	2.0
1393214262215	19.628834	46.0	1.0	2.0
1393214262225	19.628834	46.0	1.0	2.0
1393214262235	19.628834	46.0	1.0	2.0
1393214262247	19.628834	46.0	1.0	2.0
1393214262254	19.628834	46.0	1.0	2.0
1393214262264	19.628834	46.0	1.0	2.0
1393214262278	20.66193	46.0	1.0	2.0
1393214262285	20.66193	46.0	1.0	2.0
1393214262297	20.66193	46.0	1.0	2.0
1393214262305	19.628834	46.0	1.0	2.0
1393214262324	19.628834	46.0	1.0	2.0
1393214262335	19.628834	46.0	1.0	2.0
1393214262344	19.628834	46.0	1.0	2.0
1393214262348	19.628834	46.0	1.0	2.0
1393214262358	19.628834	46.0	1.0	2.0
1393214262376	19.628834	46.0	1.0	2.0
1393214262381	19.628834	46.0	1.0	2.0
1393214262384	19.628834	46.0	1.0	2.0
1393214262395	19.628834	46.0	1.0	2.0
1393214262404	19.628834	46.0	1.0	2.0
1393214262414	19.628834	46.0	1.0	2.0
1393214262430	18.595737	46.0	1.0	2.0
1393214262435	18.595737	46.0	1.0	2.0
1393214262445	18.595737	46.0	1.0	2.0
1393214262455	19.628834	46.0	1.0	2.0
1393214262464	19.628834	46.0	1.0	2.0
1393214262476	19.628834	46.0	1.0	2.0
1393214262486	19.628834	45.0	1.0	2.0
1393214262496	19.628834	45.0	1.0	2.0
1393214262504	19.628834	45.0	1.0	2.0
1393214262515	19.628834	45.0	1.0	2.0
1393214262528	19.628834	45.0	1.0	2.0
1393214262535	19.628834	45.0	1.0	2.0
1393214262548	19.628834	45.0	1.0	2.0
1393214262558	19.628834	45.0	1.0	2.0
1393214262565	0.0	45.0	1.0	2.0
1393214262584	0.0	45.0	1.0	2.0
1393214262586	0.0	45.0	1.0	2.0
1393214262600	17.293192	45.0	1.0	2.0
1393214262607	17.293192	45.0	1.0	2.0
1393214262617	17.293192	45.0	1.0	2.0
1393214262628	17.293192	45.0	1.0	2.0
1393214262636	19.628834	45.0	1.0	2.0
1393214262647	19.628834	45.0	1.0	2.0
1393214262657	19.628834	45.0	1.0	2.0
1393214262665	19.628834	45.0	1.0	2.0
1393214262683	20.66193	45.0	1.0	2.0
1393214262685	20.66193	45.0	1.0	2.0
1393214262701	20.66193	45.0	1.0	2.0
1393214262705	20.66193	45.0	1.0	2.0
1393214262715	20.66193	45.0	1.0	2.0
1393214262727	20.66193	46.0	1.0	2.0
1393214262735	20.66193	46.0	1.0	2.0
1393214262745	20.66193	46.0	1.0	2.0
1393214262755	20.66193	46.0	1.0	2.0
1393214262765	20.66193	46.0	1.0	2.0
1393214262785	19.628834	46.0	1.0	2.0
1393214262802	19.628834	46.0	1.0	2.0
1393214262805	19.628834	46.0	1.0	2.0
1393214262816	19.628834	46.0	1.0	2.0
1393214262826	19.628834	46.0	1.0	2.0
1393214262834	19.628834	46.0	1.0	2.0
1393214262844	19.628834	46.0	1.0	2.0
1393214262854	19.628834	46.0	1.0	2.0
1393214262864	19.628834	46.0	1.0	2.0
1393214262877	19.628834	46.0	1.0	2.0
1393214262885	19.628834	46.0	1.0	2.0
1393214262898	20.66193	46.0	1.0	2.0
1393214262906	20.66193	46.0	1.0	2.0
1393214262922	20.66193	46.0	1.0	2.0
1393214262927	20.66193	46.0	1.0	2.0
1393214262936	19.628834	46.0	1.0	2.0
1393214262945	19.628834	46.0	1.0	2.0
1393214262955	19.628834	46.0	1.0	2.0
1393214262966	19.628834	46.0	1.0	2.0
1393214262977	20.66193	46.0	1.0	2.0
1393214262985	20.66193	46.0	1.0	2.0
1393214262997	20.66193	46.0	1.0	2.0
1393214263005	19.628834	46.0	1.0	2.0
1393214263015	19.628834	46.0	1.0	2.0
1393214263027	19.628834	46.0	1.0	2.0
1393214263035	19.628834	46.0	1.0	2.0
1393214263045	20.66193	46.0	1.0	2.0
1393214263060	20.66193	46.0	1.0	2.0
1393214263065	20.66193	46.0	1.0	2.0
1393214263077	20.66193	46.0	1.0	2.0
1393214263085	19.628834	46.0	1.0	2.0
1393214263097	19.628834	46.0	1.0	2.0
1393214263105	19.628834	46.0	1.0	2.0
1393214263116	19.628834	46.0	1.0	2.0
1393214263127	19.628834	46.0	1.0	2.0
1393214263135	19.628834	46.0	1.0	2.0
1393214263145	19.628834	46.0	1.0	2.0
1393214263160	19.628834	46.0	1.0	2.0
1393214263166	19.628834	46.0	1.0	2.0
1393214263176	19.628834	46.0	1.0	2.0
1393214263185	19.628834	46.0	1.0	2.0
1393214263196	19.628834	45.0	1.0	2.0
1393214263209	19.628834	45.0	1.0	2.0
1393214263215	19.628834	45.0	1.0	2.0
1393214263227	19.628834	45.0	1.0	2.0
1393214263236	19.628834	45.0	1.0	2.0
1393214263245	19.628834	45.0	1.0	2.0
1393214263259	19.628834	45.0	1.0	2.0
1393214263265	0.0	45.0	1.0	2.0
1393214263278	0.0	45.0	1.0	2.0
1393214263285	0.0	45.0	1.0	2.0
1393214263299	17.293192	45.0	1.0	2.0
1393214263309	17.293192	45.0	1.0	2.0
1393214263315	17.293192	45.0	1.0	2.0
1393214263329	17.293192	45.0	1.0	2.0
1393214263335	19.628834	45.0	1.0	2.0
1393214263345	19.628834	45.0	1.0	2.0
1393214263359	19.628834	45.0	1.0	2.0
1393214263368	19.628834	45.0	1.0	2.0
1393214263384	19.628834	45.0	1.0	2.0
1393214263386	19.628834	45.0	1.0	2.0
1393214263397	19.628834	45.0	1.0	2.0
1393214263407	19.628834	45.0	1.0	2.0
1393214263432	19.628834	45.0	1.0	2.0
1393214263436	19.628834	45.0	1.0	2.0
1393214263445	19.628834	45.0	1.0	2.0
1393214263457	19.628834	45.0	1.0	2.0
1393214263465	19.628834	45.0	1.0	2.0
1393214263477	19.628834	45.0	1.0	2.0
1393214263486	20.66193	45.0	1.0	2.0
1393214263496	20.66193	45.0	1.0	2.0
1393214263508	20.66193	45.0	1.0	2.0
1393214263516	20.66193	45.0	1.0	2.0
1393214263526	19.628834	45.0	1.0	2.0
1393214263537	19.628834	45.0	1.0	2.0
1393214263546	19.628834	45.0	1.0	2.0
1393214263559	19.628834	45.0	1.0	2.0
1393214263566	19.628834	45.0	1.0	2.0
1393214263576	19.628834	45.0	1.0	2.0
1393214263586	19.628834	45.0	1.0	2.0
1393214263597	19.628834	45.0	1.0	2.0
1393214263610	19.628834	45.0	1.0	2.0
1393214263616	19.628834	45.0	1.0	2.0
1393214263626	19.628834	45.0	1.0	2.0
1393214263636	20.66193	45.0	1.0	2.0
1393214263647	20.66193	45.0	1.0	2.0
1393214263657	20.66193	45.0	1.0	2.0
1393214263666	20.66193	45.0	1.0	2.0
1393214263676	19.628834	45.0	1.0	2.0
1393214263686	19.628834	45.0	1.0	2.0
1393214263696	19.628834	45.0	1.0	2.0
1393214263708	20.66193	45.0	1.0	2.0
1393214263718	20.66193	45.0	1.0	2.0
1393214263726	20.66193	45.0	1.0	2.0
1393214263736	20.66193	45.0	1.0	2.0
1393214263748	20.66193	45.0	1.0	2.0
1393214263758	20.66193	45.0	1.0	2.0
1393214263766	20.66193	45.0	1.0	2.0
1393214263777	20.66193	45.0	1.0	2.0
1393214263786	19.628834	45.0	1.0	2.0
1393214263796	19.628834	45.0	1.0	2.0
1393214263809	19.628834	45.0	1.0	2.0
1393214263816	19.628834	45.0	1.0	2.0
1393214263826	19.628834	45.0	1.0	2.0
1393214263837	19.628834	45.0	1.0	2.0
1393214263846	19.628834	45.0	1.0	2.0
1393214263858	19.628834	45.0	1.0	2.0
1393214263866	19.628834	45.0	1.0	2.0
1393214263875	19.628834	45.0	1.0	2.0
1393214263885	19.628834	45.0	1.0	2.0
1393214263896	19.628834	45.0	1.0	2.0
1393214263907	19.628834	45.0	1.0	2.0
1393214263915	19.628834	45.0	1.0	2.0
1393214263935	19.628834	45.0	1.0	2.0
1393214263937	0.0	45.0	1.0	2.0
1393214263946	0.0	45.0	1.0	2.0
1393214263958	0.0	45.0	1.0	2.0
1393214263966	17.293192	45.0	1.0	2.0
1393214263976	17.293192	45.0	1.0	2.0
1393214263987	17.293192	45.0	1.0	2.0
1393214263996	17.293192	45.0	1.0	2.0
1393214264008	20.66193	45.0	1.0	2.0
1393214264016	20.66193	45.0	1.0	2.0
1393214264027	20.66193	45.0	1.0	2.0
1393214264036	20.66193	45.0	1.0	2.0
1393214264046	19.628834	45.0	1.0	2.0
1393214264066	19.628834	45.0	1.0	2.0
1393214264084	19.628834	45.0	1.0	2.0
1393214264092	20.66193	45.0	1.0	2.0
1393214264096	20.66193	45.0	1.0	2.0
1393214264107	20.66193	45.0	1.0	2.0
1393214264116	19.628834	45.0	1.0	2.0
1393214264126	19.628834	45.0	1.0	2.0
1393214264141	19.628834	45.0	1.0	2.0
1393214264146	19.628834	45.0	1.0	2.0
1393214264159	19.628834	45.0	1.0	2.0
1393214264166	19.628834	45.0	1.0	2.0
1393214264176	19.628834	45.0	1.0	2.0
1393214264191	19.628834	45.0	1.0	2.0
1393214264198	20.66193	45.0	1.0	2.0
1393214264209	20.66193	45.0	1.0	2.0
1393214264216	20.66193	45.0	1.0	2.0
1393214264229	20.66193	45.0	1.0	2.0
1393214264241	20.66193	45.0	1.0	2.0
1393214264246	20.66193	45.0	1.0	2.0
1393214264257	20.66193	45.0	1.0	2.0
1393214264266	19.628834	45.0	1.0	2.0
1393214264276	19.628834	45.0	1.0	2.0
1393214264289	19.628834	45.0	1.0	2.0
1393214264296	19.628834	45.0	1.0	2.0
1393214264306	19.628834	45.0	1.0	2.0
1393214264317	19.628834	45.0	1.0	2.0
1393214264327	19.628834	45.0	1.0	2.0
1393214264339	19.628834	45.0	1.0	2.0
1393214264346	19.628834	45.0	1.0	2.0
1393214264356	19.628834	45.0	1.0	2.0
1393214264367	19.628834	45.0	1.0	2.0
1393214264377	0.0	45.0	1.0	2.0
1393214264389	0.0	45.0	1.0	2.0
1393214264396	0.0	45.0	1.0	2.0
1393214264411	14.339617	45.0	1.0	2.0
1393214264416	14.339617	45.0	1.0	2.0
1393214264427	14.339617	45.0	1.0	2.0
1393214264439	14.339617	45.0	1.0	2.0
1393214264458	20.66193	45.0	1.0	2.0
1393214264464	20.66193	45.0	1.0	2.0
1393214264467	20.66193	45.0	1.0	2.0
1393214264476	20.66193	45.0	1.0	2.0
1393214264488	18.595737	45.0	1.0	2.0
1393214264497	18.595737	45.0	1.0	2.0
1393214264506	18.595737	45.0	1.0	2.0
1393214264516	18.595737	45.0	1.0	2.0
1393214264526	19.628834	45.0	1.0	2.0
1393214264542	19.628834	45.0	1.0	2.0
1393214264547	19.628834	45.0	1.0	2.0
1393214264557	20.66193	45.0	1.0	2.0
1393214264566	20.66193	45.0	1.0	2.0
1393214264577	20.66193	45.0	1.0	2.0
1393214264588	20.66193	45.0	1.0	2.0
1393214264596	19.628834	45.0	1.0	2.0
1393214264606	19.628834	45.0	1.0	2.0
1393214264617	19.628834	45.0	1.0	2.0
1393214264627	19.628834	45.0	1.0	2.0
1393214264637	19.628834	45.0	1.0	2.0
1393214264647	19.628834	45.0	1.0	2.0
1393214264659	19.628834	45.0	1.0	2.0
1393214264667	18.595737	45.0	1.0	2.0
1393214264678	18.595737	44.0	1.0	2.0
1393214264690	18.595737	44.0	1.0	2.0
1393214264698	18.595737	44.0	1.0	2.0
1393214264709	18.595737	44.0	1.0	2.0
1393214264717	18.595737	44.0	1.0	2.0
1393214264736	18.595737	44.0	1.0	2.0
1393214264742	18.595737	44.0	1.0	2.0
1393214264747	19.628834	44.0	1.0	2.0
1393214264757	19.628834	44.0	1.0	2.0
1393214264768	19.628834	44.0	1.0	2.0
1393214264777	19.628834	44.0	1.0	2.0
1393214264788	19.628834	44.0	1.0	2.0
1393214264797	19.628834	44.0	1.0	2.0
1393214264807	19.628834	44.0	1.0	2.0
1393214264817	21.044817	44.0	1.0	2.0
1393214264827	21.044817	44.0	1.0	2.0
1393214264838	21.044817	44.0	1.0	2.0
1393214264847	21.044817	44.0	1.0	2.0
1393214264858	19.628834	44.0	1.0	2.0
1393214264868	19.628834	44.0	1.0	2.0
1393214264877	19.628834	44.0	1.0	2.0
1393214264888	19.628834	44.0	1.0	2.0
1393214264897	20.66193	44.0	1.0	2.0
1393214264907	20.66193	44.0	1.0	2.0
1393214264930	20.66193	44.0	1.0	2.0
1393214264933	20.66193	44.0	1.0	2.0
1393214264946	21.577324	44.0	1.0	2.0
1393214264948	21.577324	44.0	1.0	2.0
1393214264957	21.577324	44.0	1.0	2.0
1393214264968	21.044817	44.0	1.0	2.0
1393214264978	21.044817	44.0	1.0	2.0
1393214264988	21.044817	44.0	1.0	2.0
1393214264999	21.044817	44.0	1.0	2.0
1393214265007	21.577324	44.0	1.0	2.0
1393214265021	21.577324	44.0	1.0	2.0
1393214265027	21.577324	62.0	89.0	90.0
1393214265038	21.577324	44.0	1.0	2.0
1393214265047	21.577324	44.0	1.0	2.0
1393214265057	21.577324	44.0	1.0	2.0
1393214265071	21.577324	44.0	1.0	2.0
1393214265077	21.577324	62.0	89.0	90.0
1393214265087	21.577324	44.0	1.0	2.0
1393214265098	21.577324	44.0	1.0	2.0
1393214265107	21.577324	44.0	1.0	2.0
1393214265120	21.044817	44.0	1.0	2.0
1393214265127	21.044817	44.0	1.0	2.0
1393214265137	21.044817	44.0	1.0	2.0
1393214265147	21.044817	44.0	1.0	2.0
1393214265158	20.66193	44.0	1.0	2.0
1393214265171	20.66193	44.0	1.0	2.0
1393214265178	20.66193	44.0	1.0	2.0
1393214265187	20.66193	44.0	1.0	2.0
1393214265198	21.044817	44.0	1.0	1.0
1393214265212	21.044817	44.0	1.0	1.0
1393214265227	21.044817	44.0	1.0	1.0
1393214265230	21.577324	44.0	1.0	1.0
1393214265241	21.577324	44.0	1.0	1.0
1393214265247	21.577324	44.0	1.0	1.0
1393214265260	21.577324	44.0	1.0	1.0
1393214265274	21.044817	44.0	1.0	1.0
1393214265278	21.044817	44.0	1.0	1.0
1393214265292	21.044817	44.0	1.0	1.0
1393214265297	21.044817	63.0	89.0	90.0
1393214265308	21.044817	44.0	1.0	1.0
1393214265323	21.044817	44.0	1.0	1.0
1393214265327	21.044817	63.0	89.0	90.0
1393214265339	21.044817	44.0	1.0	1.0
1393214265349	21.044817	44.0	1.0	1.0
1393214265358	21.044817	44.0	1.0	1.0
1393214265382	21.044817	44.0	1.0	1.0
1393214265383	21.044817	44.0	1.0	1.0
1393214265387	21.044817	63.0	89.0	90.0
1393214265398	21.044817	63.0	89.0	90.0
1393214265407	21.044817	63.0	89.0	90.0
1393214265420	21.044817	44.0	1.0	1.0
1393214265428	21.044817	44.0	1.0	1.0
1393214265453	21.044817	44.0	1.0	1.0
1393214265459	21.044817	44.0	1.0	1.0
1393214265462	21.044817	44.0	1.0	1.0
1393214265487	21.044817	44.0	1.0	1.0
1393214265488	21.044817	44.0	1.0	1.0
1393214265490	21.044817	44.0	1.0	1.0
1393214265497	21.044817	44.0	1.0	1.0
1393214265507	21.044817	44.0	1.0	1.0
1393214265520	21.044817	44.0	1.0	1.0
1393214265527	21.577324	44.0	1.0	1.0
1393214265537	21.577324	44.0	1.0	1.0
1393214265547	21.577324	44.0	1.0	1.0
1393214265557	21.577324	44.0	1.0	1.0
1393214265568	21.044817	44.0	1.0	1.0
1393214265578	21.044817	44.0	1.0	1.0
1393214265587	21.044817	44.0	1.0	1.0
1393214265597	21.044817	44.0	1.0	1.0
1393214265607	21.577324	44.0	1.0	1.0
1393214265618	21.577324	44.0	1.0	1.0
1393214265627	21.577324	44.0	1.0	1.0
1393214265644	21.044817	44.0	1.0	1.0
1393214265648	21.044817	44.0	1.0	1.0
1393214265658	21.044817	44.0	1.0	1.0
1393214265671	21.044817	44.0	1.0	1.0
1393214265678	21.044817	44.0	1.0	1.0
1393214265688	21.044817	44.0	1.0	1.0
1393214265704	21.044817	44.0	1.0	1.0
1393214265708	21.044817	44.0	1.0	1.0
1393214265724	21.044817	44.0	1.0	1.0
1393214265728	21.044817	44.0	1.0	1.0
1393214265739	21.044817	44.0	1.0	1.0
1393214265748	0.0	44.0	1.0	1.0
1393214265759	0.0	44.0	1.0	1.0
1393214265768	0.0	44.0	1.0	1.0
1393214265778	22.728125	44.0	1.0	1.0
1393214265788	22.728125	44.0	1.0	1.0
1393214265800	22.728125	44.0	1.0	1.0
1393214265808	22.728125	44.0	1.0	1.0
1393214265819	21.044817	44.0	1.0	1.0
1393214265828	21.044817	44.0	1.0	1.0
1393214265838	21.044817	44.0	1.0	1.0
1393214265848	21.044817	44.0	1.0	1.0
1393214265858	21.044817	44.0	1.0	1.0
1393214265883	21.044817	35.0	3.0	6.0
1393214265886	21.044817	44.0	1.0	1.0
1393214265893	21.044817	44.0	1.0	1.0
1393214265907	21.044817	44.0	1.0	1.0
1393214265911	21.044817	44.0	1.0	1.0
1393214265933	21.044817	44.0	1.0	1.0
1393214265935	0.0	44.0	1.0	1.0
1393214265939	0.0	44.0	1.0	1.0
1393214265952	0.0	44.0	1.0	1.0
1393214265958	21.17848	44.0	1.0	1.0
1393214265969	21.17848	44.0	1.0	1.0
1393214265980	21.17848	44.0	1.0	1.0
1393214265990	21.17848	44.0	1.0	1.0
1393214266010	21.044817	44.0	1.0	1.0
1393214266012	21.044817	44.0	1.0	1.0
1393214266045	21.044817	44.0	1.0	1.0
1393214266048	21.044817	44.0	1.0	1.0
1393214266050	21.044817	44.0	1.0	1.0
1393214266052	21.044817	44.0	1.0	1.0
1393214266059	21.044817	44.0	1.0	1.0
1393214266069	21.044817	44.0	1.0	1.0
1393214266077	21.044817	44.0	1.0	1.0
1393214266087	21.044817	44.0	1.0	1.0
1393214266100	21.044817	44.0	1.0	1.0
1393214266114	21.577324	44.0	1.0	1.0
1393214266133	21.577324	44.0	1.0	1.0
1393214266134	21.577324	44.0	1.0	1.0
1393214266148	21.577324	44.0	1.0	1.0
1393214266164	21.044817	44.0	1.0	1.0
1393214266166	21.044817	44.0	1.0	1.0
1393214266182	21.044817	44.0	1.0	1.0
1393214266183	21.044817	44.0	1.0	1.0
1393214266188	21.044817	44.0	1.0	1.0
1393214266201	21.044817	44.0	1.0	1.0
1393214266282	21.044817	44.0	1.0	1.0
1393214266283	21.577324	44.0	1.0	1.0
1393214266284	21.577324	44.0	1.0	1.0
1393214266306	21.577324	44.0	1.0	1.0
