1393196836983	30476.398	140.0	89.0	35.0
1393196836995	30476.398	97.0	8.0	90.0
1393196837002	30476.398	147.0	89.0	28.0
1393196837010	30476.398	149.0	89.0	26.0
1393196837021	30476.398	147.0	89.0	28.0
1393196837030	30476.398	147.0	89.0	28.0
1393196837042	30476.398	149.0	89.0	26.0
1393196837050	30476.398	150.0	89.0	25.0
1393196837060	30476.398	148.0	89.0	26.0
1393196837071	30476.398	148.0	89.0	27.0
1393196837080	0.0	148.0	89.0	27.0
1393196837090	0.0	150.0	89.0	25.0
1393196837103	0.0	151.0	89.0	24.0
1393196837110	30476.398	97.0	8.0	90.0
1393196837120	30476.398	97.0	8.0	90.0
1393196837130	30476.398	144.0	89.0	31.0
1393196837140	30476.398	140.0	89.0	35.0
1393196837152	30476.398	136.0	89.0	39.0
1393196837171	30476.398	139.0	89.0	36.0
1393196837181	0.0	135.0	89.0	39.0
1393196837193	0.0	136.0	89.0	39.0
1393196837205	0.0	142.0	89.0	33.0
1393196837212	30476.398	97.0	8.0	90.0
1393196837240	30476.398	147.0	89.0	28.0
1393196837241	30476.398	146.0	89.0	28.0
1393196837250	30476.398	146.0	89.0	29.0
1393196837260	30476.398	146.0	89.0	28.0
1393196837275	30476.398	149.0	89.0	26.0
1393196837282	0.0	150.0	89.0	25.0
1393196837290	0.0	149.0	89.0	26.0
1393196837300	0.0	146.0	89.0	29.0
1393196837311	30476.398	148.0	89.0	27.0
1393196837321	30476.398	97.0	8.0	90.0
1393196837331	30476.398	152.0	89.0	22.0
1393196837343	30476.398	153.0	89.0	22.0
1393196837351	30476.398	157.0	89.0	18.0
1393196837362	30476.398	161.0	89.0	14.0
1393196837388	0.0	150.0	89.0	25.0
1393196837391	0.0	180.0	90.0	0.0
1393196837410	0.0	148.0	89.0	27.0
1393196837412	30476.398	147.0	89.0	27.0
1393196837421	30476.398	147.0	89.0	28.0
1393196837431	30476.398	147.0	89.0	28.0
1393196837441	30476.398	147.0	89.0	28.0
1393196837452	30476.398	60.0	89.0	30.0
1393196837463	30476.398	144.0	89.0	31.0
1393196837504	30476.398	144.0	89.0	31.0
1393196837505	0.0	145.0	89.0	30.0
1393196837510	0.0	2.0	42.0	4.0
1393196837511	0.0	146.0	89.0	29.0
1393196837512	30476.398	147.0	89.0	28.0
1393196837619	30476.398	147.0	89.0	28.0
1393196837623	30476.398	144.0	89.0	31.0
1393196837625	30476.398	146.0	89.0	29.0
1393196837627	30476.398	145.0	89.0	30.0
1393196837628	30476.398	144.0	89.0	31.0
1393196837629	30476.398	143.0	89.0	31.0
1393196837632	0.0	143.0	89.0	32.0
1393196837634	0.0	144.0	89.0	31.0
1393196837635	0.0	144.0	89.0	31.0
1393196837636	30476.398	144.0	89.0	31.0
1393196837637	30476.398	144.0	89.0	31.0
1393196837638	30476.398	143.0	89.0	31.0
1393196837688	30476.398	143.0	89.0	32.0
1393196837691	30476.398	142.0	89.0	32.0
1393196837694	30476.398	141.0	89.0	33.0
1393196837701	30476.398	140.0	89.0	35.0
1393196837704	30476.398	138.0	89.0	36.0
1393196837706	30476.398	137.0	89.0	38.0
1393196837714	30476.398	137.0	89.0	38.0
1393196837717	30476.398	136.0	89.0	39.0
1393196837721	30476.398	135.0	89.0	40.0
1393196837732	30476.398	135.0	89.0	40.0
1393196837741	30476.398	135.0	89.0	40.0
1393196837765	30476.398	135.0	89.0	40.0
1393196837766	30476.398	135.0	89.0	39.0
1393196837783	30476.398	136.0	89.0	39.0
1393196837786	30476.398	136.0	89.0	39.0
1393196837792	30476.398	137.0	89.0	38.0
1393196837803	30476.398	138.0	89.0	37.0
1393196837811	30476.398	138.0	89.0	37.0
1393196837825	30476.398	138.0	89.0	37.0
1393196837833	30476.398	138.0	88.0	37.0
1393196837842	30476.398	138.0	88.0	37.0
1393196837861	30476.398	138.0	88.0	37.0
1393196837865	30476.398	138.0	88.0	37.0
1393196837877	30476.398	139.0	88.0	36.0
1393196837893	30476.398	142.0	88.0	33.0
1393196837896	30476.398	142.0	88.0	33.0
1393196837910	30476.398	143.0	88.0	31.0
1393196837916	30476.398	145.0	88.0	30.0
1393196837924	30476.398	146.0	88.0	29.0
1393196837941	30476.398	147.0	88.0	28.0
1393196837947	30476.398	148.0	88.0	27.0
1393196837960	30476.398	149.0	88.0	26.0
1393196837967	30476.398	150.0	88.0	25.0
1393196837984	30476.398	150.0	88.0	24.0
1393196837996	30476.398	151.0	88.0	24.0
1393196837999	30476.398	152.0	88.0	23.0
1393196838010	30476.398	152.0	88.0	23.0
1393196838025	30476.398	152.0	88.0	23.0
1393196838037	30476.398	152.0	88.0	23.0
1393196838041	30476.398	153.0	88.0	22.0
1393196838065	30476.398	153.0	88.0	22.0
1393196838068	30476.398	153.0	88.0	22.0
1393196838074	30476.398	152.0	88.0	23.0
1393196838085	30476.398	152.0	88.0	23.0
1393196838092	30476.398	151.0	88.0	24.0
1393196838105	30476.398	150.0	88.0	25.0
1393196838111	30476.398	149.0	88.0	26.0
1393196838124	30476.398	148.0	88.0	26.0
1393196838134	30476.398	148.0	88.0	26.0
1393196838141	30476.398	148.0	88.0	26.0
1393196838152	30476.398	148.0	88.0	27.0
1393196838162	30476.398	148.0	88.0	27.0
1393196838172	30476.398	148.0	88.0	27.0
1393196838187	30476.398	147.0	88.0	28.0
1393196838194	30476.398	146.0	88.0	29.0
1393196838206	30476.398	146.0	88.0	29.0
1393196838212	30476.398	145.0	88.0	30.0
1393196838222	30476.398	144.0	88.0	31.0
1393196838236	30476.398	143.0	88.0	32.0
1393196838244	30476.398	143.0	88.0	32.0
1393196838253	30476.398	142.0	88.0	33.0
1393196838261	30476.398	142.0	88.0	33.0
1393196838272	30476.398	141.0	88.0	34.0
1393196838284	30476.398	140.0	88.0	35.0
1393196838292	30476.398	139.0	88.0	36.0
1393196838306	30476.398	139.0	88.0	36.0
1393196838312	30476.398	138.0	88.0	37.0
1393196838322	30476.398	137.0	88.0	38.0
1393196838336	30476.398	136.0	88.0	38.0
1393196838343	30476.398	136.0	88.0	39.0
1393196838353	30476.398	135.0	88.0	40.0
1393196838371	30476.398	135.0	88.0	40.0
1393196838373	30476.398	134.0	88.0	41.0
1393196838382	30476.398	134.0	88.0	41.0
1393196838392	30476.398	134.0	88.0	41.0
1393196838404	30476.398	133.0	88.0	41.0
1393196838413	30476.398	133.0	88.0	42.0
1393196838424	30476.398	132.0	88.0	42.0
1393196838433	30476.398	132.0	88.0	43.0
1393196838442	30476.398	131.0	88.0	44.0
1393196838452	30476.398	131.0	88.0	44.0
1393196838464	30476.398	97.0	8.0	90.0
1393196838473	30476.398	134.0	88.0	41.0
1393196838487	30476.398	136.0	88.0	39.0
1393196838493	30476.398	138.0	88.0	37.0
1393196838503	30476.398	140.0	88.0	35.0
1393196838513	30476.398	142.0	88.0	32.0
1393196838523	30476.398	144.0	88.0	31.0
1393196838534	30476.398	145.0	88.0	30.0
1393196838545	30476.398	146.0	88.0	29.0
1393196838554	30476.398	147.0	88.0	28.0
1393196838563	30476.398	148.0	88.0	26.0
1393196838575	30476.398	149.0	88.0	25.0
1393196838587	30476.398	150.0	88.0	25.0
1393196838593	30476.398	151.0	88.0	24.0
1393196838606	30476.398	152.0	88.0	23.0
1393196838613	30476.398	152.0	88.0	23.0
1393196838624	30476.398	152.0	88.0	23.0
1393196838637	30476.398	153.0	88.0	22.0
1393196838645	30476.398	153.0	88.0	22.0
1393196838674	30476.398	153.0	88.0	22.0
1393196838678	30476.398	152.0	88.0	23.0
1393196838704	30476.398	151.0	88.0	24.0
1393196838706	30476.398	150.0	88.0	25.0
1393196838708	30476.398	149.0	88.0	26.0
1393196838719	30476.398	148.0	88.0	26.0
1393196838727	30476.398	148.0	88.0	26.0
1393196838747	30476.398	148.0	88.0	27.0
1393196838749	30476.398	146.0	88.0	28.0
1393196838756	30476.398	147.0	89.0	28.0
1393196838763	30476.398	148.0	89.0	27.0
1393196838772	30476.398	148.0	89.0	26.0
1393196838784	30476.398	149.0	89.0	26.0
1393196838792	30476.398	149.0	89.0	26.0
1393196838803	30476.398	149.0	89.0	26.0
1393196838816	30476.398	150.0	89.0	25.0
1393196838823	30476.398	151.0	89.0	23.0
1393196838837	30476.398	153.0	89.0	22.0
1393196838849	30476.398	154.0	89.0	21.0
1393196838856	30476.398	153.0	89.0	22.0
1393196838866	30476.398	152.0	89.0	23.0
1393196838872	30476.398	151.0	89.0	24.0
1393196838883	30476.398	150.0	89.0	25.0
1393196838892	30476.398	150.0	89.0	24.0
1393196838904	30476.398	151.0	89.0	24.0
1393196838916	30476.398	151.0	89.0	24.0
1393196838922	30476.398	151.0	89.0	24.0
1393196838934	30476.398	150.0	89.0	25.0
1393196838942	30476.398	150.0	89.0	25.0
1393196838953	30476.398	149.0	89.0	26.0
1393196838969	30476.398	149.0	89.0	26.0
1393196838972	30476.398	148.0	89.0	27.0
1393196838985	30476.398	147.0	89.0	28.0
1393196838992	30476.398	146.0	89.0	28.0
1393196839003	30476.398	145.0	89.0	30.0
1393196839018	30476.398	144.0	89.0	31.0
1393196839025	30476.398	143.0	89.0	32.0
1393196839039	30476.398	142.0	89.0	33.0
1393196839046	30476.398	142.0	89.0	33.0
1393196839055	30476.398	142.0	89.0	33.0
1393196839073	30476.398	62.0	30.0	41.0
1393196839075	30476.398	143.0	89.0	32.0
1393196839085	30476.398	143.0	89.0	32.0
1393196839092	30476.398	144.0	89.0	31.0
1393196839106	30476.398	144.0	89.0	31.0
1393196839122	30476.398	144.0	89.0	31.0
1393196839123	30476.398	145.0	89.0	30.0
1393196839132	30476.398	97.0	8.0	90.0
1393196839146	30476.398	145.0	89.0	30.0
1393196839158	30476.398	144.0	89.0	30.0
1393196839164	30476.398	144.0	89.0	31.0
1393196839174	30476.398	143.0	89.0	32.0
1393196839186	30476.398	143.0	89.0	32.0
1393196839193	30476.398	97.0	8.0	90.0
1393196839206	30476.398	142.0	89.0	33.0
1393196839216	30476.398	142.0	89.0	33.0
1393196839222	30476.398	97.0	8.0	90.0
1393196839233	30476.398	142.0	89.0	33.0
1393196839242	30476.398	97.0	8.0	90.0
1393196839254	30476.398	142.0	89.0	33.0
1393196839269	30476.398	141.0	88.0	34.0
1393196839273	30476.398	97.0	8.0	90.0
1393196839283	30476.398	139.0	88.0	35.0
1393196839303	30476.398	140.0	88.0	35.0
1393196839325	30476.398	141.0	88.0	34.0
1393196839328	30476.398	143.0	88.0	32.0
1393196839334	30476.398	144.0	88.0	31.0
1393196839343	30476.398	97.0	8.0	90.0
1393196839354	30476.398	146.0	88.0	29.0
1393196839367	30476.398	147.0	88.0	28.0
1393196839379	30476.398	97.0	8.0	90.0
1393196839386	30476.398	148.0	88.0	27.0
1393196839393	30476.398	148.0	88.0	27.0
1393196839404	30476.398	148.0	88.0	27.0
1393196839420	30476.398	149.0	88.0	26.0
1393196839425	30476.398	150.0	88.0	25.0
1393196839434	30476.398	151.0	88.0	24.0
1393196839452	30476.398	152.0	88.0	23.0
1393196839457	30476.398	152.0	88.0	22.0
1393196839475	30476.398	153.0	88.0	22.0
1393196839486	30476.398	153.0	88.0	22.0
1393196839495	30476.398	154.0	88.0	21.0
1393196839509	30476.398	154.0	88.0	21.0
1393196839520	30476.398	154.0	88.0	21.0
1393196839524	30476.398	154.0	88.0	21.0
1393196839534	30476.398	154.0	88.0	20.0
1393196839544	30476.398	155.0	88.0	20.0
1393196839555	30476.398	155.0	88.0	20.0
1393196839568	30476.398	155.0	88.0	19.0
1393196839573	30476.398	156.0	88.0	19.0
1393196839583	30476.398	156.0	88.0	19.0
1393196839593	30476.398	156.0	88.0	19.0
1393196839606	30476.398	156.0	88.0	19.0
1393196839616	30476.398	156.0	88.0	19.0
1393196839625	30476.398	156.0	88.0	19.0
1393196839633	30476.398	156.0	88.0	19.0
1393196839644	30476.398	156.0	88.0	19.0
1393196839655	30476.398	156.0	88.0	19.0
1393196839667	30476.398	157.0	88.0	18.0
1393196839673	30476.398	158.0	88.0	17.0
1393196839685	30476.398	159.0	88.0	16.0
1393196839693	30476.398	160.0	88.0	15.0
1393196839703	30476.398	161.0	88.0	14.0
1393196839715	30476.398	162.0	88.0	13.0
1393196839723	30476.398	97.0	8.0	90.0
1393196839733	30476.398	97.0	8.0	90.0
1393196839754	30476.398	163.0	88.0	11.0
1393196839755	30476.398	163.0	88.0	12.0
1393196839764	30476.398	163.0	88.0	12.0
1393196839773	30476.398	97.0	8.0	90.0
1393196839783	30476.398	97.0	8.0	90.0
1393196839799	30476.398	161.0	88.0	14.0
1393196839807	30476.398	161.0	88.0	14.0
1393196839817	30476.398	162.0	88.0	13.0
1393196839824	30476.398	162.0	88.0	13.0
1393196839835	30476.398	163.0	88.0	12.0
1393196839853	30476.398	163.0	88.0	12.0
1393196839857	30476.398	164.0	88.0	11.0
1393196839869	30476.398	165.0	88.0	10.0
1393196839873	30476.398	165.0	88.0	10.0
1393196839884	30476.398	165.0	88.0	10.0
1393196839905	30476.398	165.0	88.0	10.0
1393196839920	30476.398	165.0	88.0	10.0
1393196839927	30476.398	165.0	88.0	10.0
1393196839934	30476.398	164.0	88.0	11.0
1393196839954	30476.398	48.0	6.0	5.0
1393196839957	30476.398	162.0	88.0	13.0
1393196839980	30476.398	161.0	88.0	14.0
1393196839982	30476.398	160.0	88.0	15.0
1393196839985	30476.398	97.0	8.0	90.0
1393196840004	30476.398	160.0	88.0	15.0
1393196840006	30476.398	160.0	88.0	15.0
1393196840014	30476.398	160.0	88.0	15.0
1393196840024	30476.398	160.0	88.0	15.0
1393196840034	30476.398	160.0	88.0	15.0
1393196840046	30476.398	160.0	88.0	15.0
1393196840055	30476.398	55.0	34.0	28.0
1393196840066	30476.398	159.0	88.0	16.0
1393196840080	30476.398	159.0	88.0	16.0
1393196840085	30476.398	159.0	88.0	16.0
1393196840099	30476.398	159.0	88.0	16.0
1393196840106	30476.398	159.0	88.0	15.0
1393196840115	30476.398	160.0	88.0	15.0
1393196840125	30476.398	161.0	88.0	14.0
1393196840134	30476.398	162.0	88.0	13.0
1393196840152	30476.398	162.0	88.0	13.0
1393196840155	30476.398	161.0	88.0	13.0
1393196840166	30476.398	161.0	88.0	13.0
1393196840177	30476.398	161.0	88.0	14.0
1393196840187	30476.398	161.0	88.0	14.0
1393196840197	30476.398	160.0	88.0	14.0
1393196840204	30476.398	160.0	88.0	14.0
1393196840214	30476.398	161.0	88.0	14.0
1393196840231	30476.398	162.0	88.0	13.0
1393196840234	30476.398	96.0	8.0	90.0
1393196840248	30476.398	163.0	88.0	11.0
1393196840254	30476.398	163.0	88.0	11.0
1393196840264	30476.398	163.0	88.0	12.0
1393196840274	30476.398	162.0	88.0	13.0
1393196840286	30476.398	162.0	87.0	13.0
1393196840300	30476.398	162.0	87.0	13.0
1393196840305	30476.398	162.0	87.0	12.0
1393196840314	30476.398	163.0	88.0	12.0
1393196840324	30476.398	163.0	88.0	11.0
1393196840334	30476.398	164.0	88.0	11.0
1393196840346	30476.398	165.0	88.0	10.0
1393196840355	30476.398	166.0	88.0	9.0
1393196840364	30476.398	167.0	88.0	7.0
1393196840374	30476.398	168.0	88.0	7.0
1393196840384	30476.398	168.0	88.0	6.0
1393196840396	30476.398	168.0	88.0	7.0
1393196840407	30476.398	167.0	88.0	8.0
1393196840420	30476.398	165.0	88.0	10.0
1393196840425	30476.398	164.0	88.0	11.0
1393196840436	30476.398	163.0	88.0	12.0
1393196840449	30476.398	163.0	88.0	11.0
1393196840454	30476.398	96.0	8.0	90.0
1393196840476	30476.398	0.0	6.0	5.0
1393196840479	30476.398	167.0	88.0	8.0
1393196840486	30476.398	168.0	88.0	7.0
1393196840502	30476.398	169.0	88.0	6.0
1393196840508	30476.398	168.0	88.0	7.0
1393196840520	30476.398	168.0	88.0	7.0
1393196840534	30476.398	168.0	88.0	6.0
1393196840537	30476.398	170.0	88.0	5.0
1393196840548	30476.398	171.0	88.0	4.0
1393196840555	30476.398	172.0	88.0	3.0
1393196840566	30476.398	173.0	88.0	1.0
1393196840574	30476.398	97.0	8.0	90.0
1393196840587	30476.398	175.0	88.0	1.0
1393196840598	30476.398	176.0	88.0	2.0
1393196840604	30476.398	177.0	88.0	2.0
1393196840623	30476.398	178.0	88.0	3.0
1393196840626	30476.398	179.0	88.0	4.0
1393196840634	30476.398	96.0	8.0	90.0
1393196840646	30476.398	177.0	88.0	3.0
1393196840656	30476.398	175.0	88.0	0.0
1393196840665	30476.398	174.0	88.0	1.0
1393196840679	30476.398	174.0	88.0	1.0
1393196840684	30476.398	175.0	88.0	0.0
1393196840698	30476.398	176.0	88.0	1.0
1393196840709	30476.398	178.0	88.0	3.0
1393196840716	30476.398	179.0	88.0	6.0
1393196840736	30476.398	1.0	8.0	90.0
1393196840738	30476.398	174.0	89.0	11.0
1393196840746	30476.398	172.0	88.0	13.0
1393196840754	30476.398	96.0	8.0	90.0
1393196840766	30476.398	171.0	88.0	14.0
1393196840778	30476.398	96.0	8.0	90.0
1393196840784	30476.398	175.0	88.0	10.0
1393196840794	30476.398	96.0	8.0	90.0
1393196840806	30476.398	177.0	89.0	8.0
1393196840815	30476.398	175.0	89.0	10.0
1393196840827	30476.398	173.0	89.0	12.0
1393196840834	30476.398	96.0	8.0	90.0
1393196840847	30476.398	173.0	89.0	12.0
1393196840858	30476.398	175.0	89.0	10.0
1393196840864	30476.398	180.0	89.0	5.0
1393196840879	30476.398	96.0	8.0	90.0
1393196840890	30476.398	170.0	89.0	5.0
1393196840895	30476.398	168.0	89.0	7.0
1393196840906	30476.398	168.0	89.0	7.0
1393196840918	30476.398	169.0	89.0	6.0
1393196840932	30476.398	169.0	89.0	6.0
1393196840935	30476.398	169.0	89.0	6.0
1393196840949	30476.398	169.0	89.0	6.0
1393196840955	30476.398	96.0	8.0	90.0
1393196840965	30476.398	167.0	89.0	8.0
1393196840978	30476.398	167.0	89.0	8.0
1393196840985	30476.398	167.0	89.0	8.0
1393196840996	30476.398	166.0	89.0	8.0
1393196841009	30476.398	165.0	89.0	10.0
1393196841015	30476.398	163.0	89.0	12.0
1393196841028	30476.398	160.0	89.0	15.0
1393196841035	30476.398	158.0	89.0	17.0
1393196841047	30476.398	155.0	89.0	19.0
1393196841056	30476.398	154.0	89.0	20.0
1393196841067	30476.398	154.0	89.0	20.0
1393196841078	30476.398	156.0	88.0	19.0
1393196841084	30476.398	97.0	8.0	90.0
1393196841095	30476.398	157.0	88.0	17.0
1393196841105	30476.398	158.0	88.0	17.0
1393196841115	30476.398	158.0	88.0	17.0
1393196841132	30476.398	159.0	88.0	16.0
1393196841142	30476.398	159.0	89.0	15.0
1393196841150	30476.398	159.0	89.0	16.0
1393196841155	30476.398	157.0	89.0	17.0
1393196841165	30476.398	157.0	89.0	18.0
1393196841179	30476.398	157.0	89.0	18.0
1393196841196	30476.398	157.0	89.0	17.0
1393196841207	30476.398	157.0	89.0	18.0
1393196841212	30476.398	157.0	89.0	18.0
1393196841214	30476.398	156.0	89.0	19.0
1393196841226	30476.398	155.0	89.0	20.0
1393196841234	30476.398	154.0	89.0	21.0
1393196841248	30476.398	153.0	89.0	22.0
1393196841255	30476.398	152.0	89.0	23.0
1393196841266	30476.398	151.0	89.0	24.0
1393196841277	30476.398	151.0	89.0	24.0
1393196841285	30476.398	151.0	89.0	24.0
1393196841297	30476.398	152.0	89.0	23.0
1393196841310	30476.398	153.0	89.0	22.0
1393196841315	30476.398	153.0	89.0	22.0
1393196841327	30476.398	152.0	89.0	23.0
1393196841335	30476.398	152.0	89.0	23.0
1393196841345	30476.398	152.0	89.0	22.0
1393196841355	30476.398	154.0	89.0	21.0
1393196841367	30476.398	156.0	89.0	19.0
1393196841377	30476.398	158.0	89.0	17.0
1393196841385	30476.398	159.0	89.0	15.0
1393196841395	30476.398	161.0	89.0	14.0
1393196841408	30476.398	161.0	89.0	13.0
1393196841415	30476.398	161.0	89.0	14.0
1393196841428	30476.398	161.0	89.0	14.0
1393196841435	30476.398	161.0	89.0	14.0
1393196841445	30476.398	161.0	89.0	14.0
1393196841456	30476.398	162.0	89.0	13.0
1393196841466	30476.398	164.0	89.0	11.0
1393196841478	30476.398	165.0	89.0	10.0
1393196841488	30476.398	166.0	89.0	9.0
1393196841500	30476.398	165.0	90.0	10.0
1393196841512	30476.398	162.0	90.0	13.0
1393196841515	30476.398	155.0	90.0	20.0
1393196841528	30476.398	148.0	90.0	27.0
1393196841536	30476.398	143.0	89.0	32.0
1393196841548	30476.398	141.0	89.0	34.0
1393196841556	30476.398	140.0	89.0	35.0
1393196841566	30476.398	139.0	89.0	36.0
1393196841575	30476.398	139.0	89.0	36.0
1393196841585	30476.398	140.0	89.0	35.0
1393196841595	30476.398	143.0	89.0	32.0
1393196841613	30476.398	147.0	89.0	28.0
1393196841615	30476.398	151.0	89.0	24.0
1393196841625	30476.398	155.0	89.0	20.0
1393196841636	30476.398	157.0	89.0	17.0
1393196841645	30476.398	159.0	90.0	16.0
1393196841661	30476.398	160.0	90.0	15.0
1393196841668	30476.398	160.0	90.0	15.0
1393196841677	30476.398	158.0	90.0	17.0
1393196841685	30476.398	155.0	90.0	20.0
1393196841695	30476.398	150.0	90.0	25.0
1393196841707	30476.398	147.0	90.0	28.0
1393196841716	30476.398	144.0	90.0	31.0
1393196841735	30476.398	0.0	6.0	5.0
1393196841739	30476.398	130.0	90.0	45.0
1393196841766	30476.398	118.0	90.0	57.0
1393196841774	30476.398	108.0	90.0	67.0
1393196841776	30476.398	105.0	90.0	70.0
1393196841785	30476.398	108.0	90.0	67.0
1393196841792	30476.398	114.0	90.0	61.0
1393196841795	30476.398	120.0	90.0	55.0
1393196841816	30476.398	125.0	90.0	50.0
1393196841825	30476.398	128.0	90.0	47.0
1393196841829	30476.398	130.0	90.0	45.0
1393196841835	30476.398	130.0	90.0	45.0
1393196841848	30476.398	127.0	90.0	47.0
1393196841865	30476.398	117.0	90.0	58.0
1393196841869	30476.398	117.0	90.0	58.0
1393196841876	30476.398	112.0	90.0	62.0
1393196841886	30476.398	108.0	90.0	67.0
1393196841901	30476.398	103.0	89.0	72.0
1393196841909	30476.398	99.0	89.0	76.0
1393196841915	30476.398	95.0	89.0	79.0
1393196841927	30476.398	91.0	89.0	83.0
1393196841936	30476.398	87.0	89.0	88.0
1393196841946	30476.398	85.0	89.0	89.0
1393196841961	30476.398	85.0	89.0	90.0
1393196842033	30476.398	86.0	89.0	89.0
1393196842035	30476.398	87.0	89.0	88.0
1393196842037	30476.398	88.0	89.0	87.0
1393196842038	30476.398	89.0	89.0	86.0
1393196842040	30476.398	90.0	89.0	85.0
1393196842041	30476.398	90.0	89.0	85.0
1393196842044	30476.398	89.0	90.0	86.0
1393196842045	30476.398	88.0	90.0	87.0
1393196842049	30476.398	86.0	90.0	88.0
1393196842055	30476.398	85.0	90.0	90.0
1393196842065	30476.398	84.0	90.0	91.0
1393196842075	30476.398	82.0	90.0	93.0
1393196842090	30476.398	81.0	90.0	94.0
1393196842095	30476.398	80.0	90.0	94.0
1393196842107	30476.398	81.0	90.0	94.0
1393196842115	30476.398	82.0	90.0	93.0
1393196842125	30476.398	82.0	90.0	92.0
1393196842135	30476.398	82.0	90.0	92.0
1393196842147	30476.398	83.0	90.0	92.0
1393196842160	30476.398	86.0	90.0	89.0
1393196842169	30476.398	92.0	90.0	83.0
1393196842175	30476.398	99.0	90.0	76.0
1393196842185	30476.398	106.0	90.0	68.0
1393196842195	30476.398	110.0	90.0	65.0
1393196842209	30476.398	108.0	90.0	66.0
1393196842215	30476.398	101.0	90.0	74.0
1393196842226	30476.398	89.0	90.0	86.0
1393196842235	30476.398	78.0	90.0	96.0
1393196842245	30476.398	72.0	90.0	103.0
1393196842256	30476.398	67.0	90.0	107.0
1393196842296	30476.398	64.0	89.0	111.0
1393196842300	30476.398	62.0	89.0	113.0
1393196842304	30476.398	61.0	89.0	114.0
1393196842306	30476.398	61.0	89.0	114.0
1393196842319	30476.398	63.0	89.0	112.0
1393196842327	30476.398	63.0	89.0	112.0
1393196842336	30476.398	63.0	89.0	112.0
1393196842345	30476.398	63.0	89.0	112.0
1393196842359	30476.398	65.0	89.0	110.0
1393196842366	30476.398	68.0	89.0	107.0
1393196842376	30476.398	72.0	89.0	103.0
1393196842390	30476.398	75.0	89.0	100.0
1393196842396	30476.398	79.0	89.0	96.0
1393196842410	30476.398	82.0	89.0	93.0
1393196842417	30476.398	84.0	89.0	91.0
1393196842427	30476.398	84.0	89.0	91.0
1393196842442	30476.398	83.0	89.0	92.0
1393196842449	30476.398	82.0	89.0	93.0
1393196842457	30476.398	80.0	89.0	94.0
1393196842468	30476.398	78.0	89.0	97.0
1393196842479	30476.398	76.0	89.0	99.0
1393196842495	30476.398	74.0	89.0	101.0
1393196842513	30476.398	70.0	89.0	105.0
1393196842523	30476.398	69.0	89.0	106.0
1393196842549	30476.398	68.0	89.0	107.0
1393196842551	30476.398	68.0	89.0	107.0
1393196842553	30476.398	68.0	89.0	107.0
1393196842562	30476.398	69.0	89.0	106.0
1393196842569	30476.398	68.0	89.0	107.0
1393196842577	30476.398	66.0	89.0	109.0
1393196842593	30476.398	64.0	89.0	111.0
1393196842597	30476.398	64.0	89.0	111.0
1393196842607	30476.398	66.0	89.0	109.0
1393196842617	30476.398	68.0	89.0	106.0
1393196842635	30476.398	72.0	89.0	103.0
1393196842641	30476.398	74.0	89.0	101.0
1393196842646	30476.398	75.0	89.0	99.0
1393196842656	30476.398	75.0	89.0	100.0
1393196842666	30476.398	74.0	89.0	101.0
1393196842676	30476.398	71.0	89.0	104.0
1393196842690	30476.398	67.0	89.0	107.0
1393196842696	30476.398	63.0	90.0	112.0
1393196842712	30476.398	58.0	90.0	116.0
1393196842717	30476.398	54.0	90.0	121.0
1393196842730	30476.398	51.0	90.0	124.0
1393196842755	30476.398	0.0	6.0	5.0
1393196842757	30476.398	49.0	90.0	126.0
1393196842759	30476.398	50.0	90.0	125.0
1393196842766	30476.398	53.0	90.0	122.0
1393196842776	30476.398	56.0	90.0	119.0
1393196842792	30476.398	56.0	90.0	119.0
1393196842796	30476.398	51.0	90.0	123.0
1393196842809	30476.398	45.0	90.0	130.0
1393196842816	30476.398	38.0	90.0	137.0
1393196842827	30476.398	34.0	90.0	141.0
1393196842844	30476.398	30.0	90.0	145.0
1393196842846	30476.398	28.0	90.0	147.0
1393196842857	30476.398	27.0	90.0	148.0
1393196842874	30476.398	28.0	90.0	147.0
1393196842877	30476.398	30.0	90.0	145.0
1393196842891	30476.398	35.0	90.0	140.0
1393196842896	30476.398	41.0	90.0	134.0
1393196842908	30476.398	45.0	90.0	129.0
1393196842916	30476.398	48.0	90.0	127.0
1393196842929	30476.398	49.0	90.0	126.0
1393196842942	30476.398	48.0	90.0	127.0
1393196842947	30476.398	45.0	90.0	130.0
1393196842957	30476.398	41.0	90.0	134.0
1393196842967	30476.398	36.0	90.0	139.0
1393196842977	30476.398	32.0	90.0	143.0
1393196842989	30476.398	29.0	90.0	146.0
1393196842997	30476.398	28.0	90.0	147.0
1393196843009	30476.398	28.0	90.0	147.0
1393196843018	30476.398	29.0	90.0	146.0
1393196843027	30476.398	30.0	90.0	145.0
1393196843036	30476.398	32.0	90.0	143.0
1393196843048	30476.398	32.0	89.0	143.0
1393196843056	30476.398	32.0	89.0	143.0
1393196843069	30476.398	32.0	89.0	143.0
1393196843077	30476.398	33.0	90.0	142.0
1393196843090	30476.398	34.0	90.0	140.0
1393196843096	30476.398	37.0	90.0	138.0
1393196843109	30476.398	39.0	90.0	136.0
1393196843116	30476.398	40.0	90.0	135.0
1393196843126	30476.398	40.0	90.0	134.0
1393196843148	30476.398	45.0	90.0	129.0
1393196843157	30476.398	52.0	90.0	123.0
1393196843171	30476.398	61.0	90.0	114.0
1393196843177	30476.398	70.0	90.0	104.0
1393196843188	30476.398	74.0	90.0	101.0
1393196843201	30476.398	72.0	90.0	103.0
1393196843213	30476.398	69.0	90.0	106.0
1393196843221	30476.398	97.0	8.0	90.0
1393196843230	30476.398	62.0	90.0	113.0
1393196843238	30476.398	58.0	90.0	117.0
1393196843261	30476.398	0.0	6.0	5.0
1393196843266	30476.398	51.0	90.0	124.0
1393196843268	30476.398	49.0	90.0	126.0
1393196843276	30476.398	47.0	90.0	128.0
1393196843289	30476.398	45.0	90.0	130.0
1393196843296	30476.398	44.0	90.0	131.0
1393196843308	30476.398	45.0	90.0	130.0
1393196843317	30476.398	48.0	90.0	126.0
1393196843327	30476.398	54.0	90.0	120.0
1393196843341	30476.398	61.0	90.0	113.0
1393196843349	30476.398	67.0	90.0	108.0
1393196843358	30476.398	69.0	90.0	105.0
1393196843367	30476.398	70.0	90.0	105.0
1393196843377	30476.398	68.0	90.0	106.0
1393196843392	30476.398	64.0	90.0	111.0
1393196843397	30476.398	59.0	90.0	116.0
1393196843410	30476.398	55.0	90.0	120.0
1393196843420	30476.398	54.0	90.0	121.0
1393196843437	30476.398	54.0	90.0	121.0
1393196843447	30476.398	55.0	90.0	120.0
1393196843457	30476.398	55.0	90.0	120.0
1393196843471	30476.398	56.0	90.0	119.0
1393196843477	30476.398	58.0	90.0	116.0
1393196843488	30476.398	60.0	90.0	115.0
1393196843497	30476.398	61.0	90.0	114.0
1393196843507	30476.398	62.0	90.0	113.0
1393196843524	30476.398	63.0	90.0	111.0
1393196843530	30476.398	66.0	90.0	109.0
1393196843540	30476.398	72.0	90.0	103.0
1393196843548	30476.398	83.0	90.0	92.0
1393196843557	30476.398	94.0	90.0	81.0
1393196843574	30476.398	103.0	90.0	72.0
1393196843578	30476.398	110.0	90.0	65.0
1393196843589	30476.398	115.0	90.0	59.0
1393196843597	30476.398	118.0	90.0	57.0
1393196843610	30476.398	117.0	90.0	58.0
1393196843619	30476.398	113.0	90.0	62.0
1393196843627	30476.398	97.0	8.0	90.0
1393196843637	30476.398	99.0	90.0	76.0
1393196843651	30476.398	91.0	90.0	84.0
1393196843664	30476.398	82.0	90.0	93.0
1393196843669	30476.398	71.0	90.0	103.0
1393196843679	30476.398	62.0	90.0	113.0
1393196843692	30476.398	55.0	90.0	120.0
1393196843700	30476.398	51.0	90.0	124.0
1393196843710	30476.398	50.0	90.0	125.0
1393196843724	30476.398	53.0	90.0	122.0
1393196843729	30476.398	56.0	90.0	118.0
1393196843750	30476.398	61.0	90.0	113.0
1393196843754	30476.398	66.0	90.0	108.0
1393196843759	30476.398	70.0	90.0	104.0
1393196843771	30476.398	73.0	90.0	101.0
1393196843777	30476.398	76.0	90.0	99.0
1393196843789	30476.398	79.0	90.0	96.0
1393196843797	30476.398	81.0	90.0	93.0
1393196843811	30476.398	83.0	90.0	91.0
1393196843819	30476.398	85.0	90.0	89.0
1393196843829	30476.398	89.0	90.0	86.0
1393196843837	30476.398	90.0	90.0	85.0
1393196843847	30476.398	86.0	90.0	88.0
1393196843858	30476.398	80.0	90.0	94.0
1393196843872	30476.398	74.0	90.0	100.0
1393196843877	30476.398	72.0	90.0	103.0
1393196843892	30476.398	70.0	90.0	105.0
1393196843897	30476.398	72.0	90.0	102.0
1393196843907	30476.398	83.0	90.0	91.0
1393196843920	30476.398	102.0	90.0	73.0
1393196843927	30476.398	117.0	90.0	57.0
1393196843938	30476.398	127.0	90.0	48.0
1393196843954	30476.398	131.0	90.0	43.0
1393196843957	30476.398	133.0	90.0	41.0
1393196843972	30476.398	134.0	90.0	41.0
1393196843977	30476.398	134.0	90.0	41.0
1393196843989	30476.398	134.0	90.0	41.0
1393196843999	30476.398	133.0	90.0	41.0
1393196844010	30476.398	133.0	90.0	42.0
1393196844022	30476.398	132.0	90.0	42.0
1393196844027	30476.398	133.0	90.0	41.0
1393196844040	30476.398	135.0	90.0	40.0
1393196844049	30476.398	137.0	90.0	38.0
1393196844060	30476.398	140.0	90.0	34.0
1393196844070	30476.398	145.0	90.0	30.0
1393196844078	30476.398	97.0	8.0	90.0
1393196844088	30476.398	155.0	90.0	20.0
1393196844101	30476.398	97.0	8.0	90.0
1393196844112	30476.398	163.0	90.0	11.0
1393196844119	30476.398	165.0	90.0	10.0
1393196844130	30476.398	97.0	8.0	90.0
1393196844138	30476.398	167.0	90.0	8.0
1393196844149	30476.398	97.0	8.0	90.0
1393196844158	30476.398	168.0	90.0	7.0
1393196844168	30476.398	97.0	8.0	90.0
1393196844178	30476.398	97.0	8.0	90.0
1393196844190	30476.398	169.0	90.0	6.0
1393196844200	30476.398	171.0	90.0	3.0
1393196844208	30476.398	173.0	90.0	2.0
1393196844219	30476.398	174.0	90.0	0.0
1393196844231	30476.398	177.0	90.0	3.0
1393196844241	30476.398	180.0	90.0	5.0
1393196844261	30476.398	178.0	90.0	8.0
1393196844293	30476.398	0.0	6.0	6.0
1393196844303	30476.398	0.0	6.0	6.0
1393196844309	30476.398	173.0	90.0	13.0
1393196844318	30476.398	173.0	90.0	13.0
1393196844327	30476.398	0.0	6.0	6.0
1393196844334	30476.398	173.0	90.0	13.0
1393196844336	30476.398	174.0	90.0	12.0
1393196844337	30476.398	173.0	90.0	12.0
1393196844344	30476.398	173.0	89.0	13.0
1393196844348	30476.398	172.0	89.0	13.0
1393196844357	30476.398	171.0	89.0	14.0
1393196844369	30476.398	171.0	89.0	15.0
1393196844377	30476.398	170.0	89.0	16.0
1393196844387	30476.398	170.0	89.0	16.0
1393196844398	30476.398	169.0	89.0	16.0
1393196844408	30476.398	168.0	89.0	17.0
1393196844419	30476.398	167.0	89.0	19.0
1393196844432	30476.398	166.0	89.0	20.0
1393196844444	30476.398	165.0	89.0	20.0
1393196844453	30476.398	164.0	89.0	21.0
1393196844458	30476.398	164.0	89.0	21.0
1393196844470	30476.398	164.0	89.0	21.0
1393196844478	30476.398	164.0	89.0	21.0
1393196844491	30476.398	165.0	89.0	20.0
1393196844503	30476.398	165.0	89.0	20.0
1393196844508	30476.398	165.0	89.0	20.0
1393196844520	30476.398	165.0	89.0	20.0
1393196844528	30476.398	165.0	89.0	21.0
1393196844538	30476.398	164.0	89.0	21.0
1393196844555	30476.398	164.0	89.0	21.0
1393196844559	30476.398	165.0	89.0	21.0
1393196844574	30476.398	165.0	89.0	20.0
1393196844583	30476.398	166.0	89.0	19.0
1393196844591	30476.398	167.0	89.0	18.0
1393196844604	30476.398	169.0	89.0	17.0
1393196844610	30476.398	170.0	89.0	15.0
1393196844618	30476.398	172.0	89.0	13.0
1393196844628	30476.398	173.0	89.0	12.0
1393196844638	30476.398	173.0	89.0	12.0
1393196844651	30476.398	174.0	89.0	12.0
1393196844658	30476.398	174.0	89.0	12.0
1393196844670	30476.398	174.0	89.0	12.0
1393196844685	30476.398	174.0	89.0	11.0
1393196844688	30476.398	175.0	89.0	10.0
1393196844702	30476.398	176.0	89.0	9.0
1393196844708	30476.398	178.0	89.0	7.0
1393196844721	30476.398	180.0	89.0	5.0
1393196844736	30476.398	178.0	89.0	4.0
1393196844739	30476.398	178.0	89.0	4.0
1393196844770	30476.398	178.0	89.0	4.0
1393196844772	30476.398	178.0	89.0	4.0
1393196844775	30476.398	178.0	89.0	4.0
1393196844779	30476.398	178.0	89.0	4.0
1393196844791	30476.398	179.0	89.0	4.0
1393196844803	30476.398	180.0	89.0	5.0
1393196844809	30476.398	179.0	89.0	7.0
1393196844820	30476.398	178.0	89.0	7.0
1393196844829	30476.398	177.0	89.0	8.0
1393196844839	30476.398	177.0	89.0	8.0
1393196844854	30476.398	177.0	89.0	8.0
1393196844858	30476.398	178.0	89.0	7.0
1393196844869	30476.398	179.0	89.0	6.0
1393196844878	30476.398	180.0	89.0	5.0
1393196844889	30476.398	179.0	89.0	4.0
1393196844900	30476.398	178.0	89.0	4.0
1393196844911	30476.398	178.0	89.0	3.0
1393196844918	30476.398	178.0	89.0	4.0
1393196844928	30476.398	179.0	89.0	4.0
1393196844938	30476.398	180.0	89.0	6.0
1393196844952	30476.398	179.0	89.0	7.0
1393196844958	30476.398	179.0	89.0	6.0
1393196844971	30476.398	180.0	89.0	5.0
1393196844978	30476.398	180.0	89.0	5.0
1393196844988	30476.398	179.0	89.0	6.0
1393196844998	30476.398	178.0	89.0	7.0
1393196845009	30476.398	177.0	89.0	8.0
1393196845020	30476.398	175.0	89.0	10.0
1393196845031	30476.398	173.0	89.0	12.0
1393196845038	30476.398	172.0	89.0	13.0
1393196845051	30476.398	171.0	89.0	14.0
1393196845069	30476.398	170.0	89.0	15.0
1393196845079	30476.398	97.0	8.0	90.0
1393196845092	30476.398	168.0	89.0	17.0
1393196845102	30476.398	167.0	89.0	19.0
1393196845110	30476.398	165.0	89.0	20.0
1393196845121	30476.398	164.0	89.0	22.0
1393196845134	30476.398	162.0	89.0	23.0
1393196845168	30476.398	100.0	8.0	118.0
1393196845169	30476.398	159.0	89.0	27.0
1393196845170	30476.398	157.0	89.0	28.0
1393196845176	30476.398	157.0	89.0	29.0
1393196845178	30476.398	157.0	89.0	29.0
1393196845202	30476.398	157.0	89.0	28.0
1393196845204	30476.398	158.0	89.0	28.0
1393196845216	30476.398	158.0	89.0	27.0
1393196845236	30476.398	159.0	89.0	27.0
1393196845239	30476.398	159.0	89.0	26.0
1393196845241	30476.398	159.0	89.0	27.0
1393196845250	30476.398	158.0	89.0	27.0
1393196845263	30476.398	157.0	89.0	28.0
1393196845270	30476.398	156.0	89.0	30.0
1393196845279	30476.398	154.0	89.0	32.0
1393196845288	30476.398	151.0	89.0	34.0
1393196845298	30476.398	149.0	89.0	37.0
1393196845309	30476.398	147.0	89.0	39.0
1393196845319	30476.398	146.0	89.0	40.0
1393196845333	30476.398	145.0	89.0	40.0
1393196845339	30476.398	145.0	89.0	40.0
1393196845350	30476.398	145.0	89.0	41.0
1393196845358	30476.398	144.0	89.0	42.0
1393196845368	30476.398	143.0	89.0	42.0
1393196845382	30476.398	142.0	89.0	43.0
1393196845390	30476.398	142.0	89.0	44.0
1393196845399	30476.398	141.0	89.0	44.0
1393196845408	30476.398	141.0	89.0	44.0
1393196845420	30476.398	141.0	89.0	45.0
1393196845432	30476.398	140.0	89.0	45.0
1393196845438	30476.398	140.0	89.0	46.0
1393196845451	30476.398	140.0	89.0	46.0
1393196845458	30476.398	140.0	89.0	45.0
1393196845468	30476.398	141.0	89.0	45.0
1393196845482	30476.398	140.0	89.0	45.0
1393196845488	30476.398	139.0	89.0	47.0
1393196845498	30476.398	137.0	89.0	49.0
1393196845512	30476.398	135.0	89.0	51.0
1393196845519	30476.398	133.0	89.0	53.0
1393196845532	30476.398	130.0	89.0	55.0
1393196845538	30476.398	129.0	89.0	57.0
1393196845549	30476.398	128.0	89.0	57.0
1393196845558	30476.398	128.0	89.0	57.0
1393196845571	30476.398	127.0	89.0	58.0
1393196845585	30476.398	127.0	89.0	59.0
1393196845588	30476.398	126.0	89.0	59.0
1393196845599	30476.398	127.0	89.0	59.0
1393196845608	30476.398	127.0	89.0	59.0
1393196845619	30476.398	127.0	89.0	59.0
1393196845633	30476.398	125.0	89.0	60.0
1393196845638	30476.398	124.0	89.0	61.0
1393196845649	30476.398	123.0	89.0	63.0
1393196845658	30476.398	122.0	89.0	63.0
1393196845668	30476.398	121.0	89.0	64.0
1393196845680	30476.398	121.0	89.0	65.0
1393196845690	30476.398	121.0	89.0	65.0
1393196845698	30476.398	122.0	89.0	64.0
1393196845709	30476.398	122.0	89.0	63.0
1393196845720	30476.398	122.0	89.0	63.0
1393196845742	30476.398	122.0	89.0	63.0
1393196845746	30476.398	122.0	89.0	63.0
1393196845759	30476.398	123.0	89.0	63.0
1393196845761	30476.398	123.0	89.0	62.0
1393196845769	30476.398	123.0	89.0	63.0
1393196845781	30476.398	122.0	89.0	63.0
1393196845789	30476.398	121.0	89.0	65.0
1393196845799	30476.398	120.0	89.0	66.0
1393196845812	30476.398	119.0	89.0	67.0
1393196845819	30476.398	119.0	89.0	67.0
1393196845836	30476.398	119.0	89.0	67.0
1393196845839	30476.398	120.0	89.0	66.0
1393196845849	30476.398	121.0	89.0	64.0
1393196845858	30476.398	124.0	89.0	62.0
1393196845871	30476.398	125.0	89.0	61.0
1393196845880	30476.398	125.0	89.0	61.0
1393196845889	30476.398	124.0	89.0	62.0
1393196845899	30476.398	122.0	89.0	63.0
1393196845909	30476.398	121.0	89.0	65.0
1393196845919	30476.398	120.0	89.0	66.0
1393196845931	30476.398	120.0	89.0	66.0
1393196845939	30476.398	119.0	89.0	66.0
1393196845949	30476.398	119.0	89.0	67.0
1393196845959	30476.398	118.0	89.0	68.0
1393196845970	30476.398	118.0	89.0	68.0
1393196845980	30476.398	118.0	89.0	68.0
1393196845992	30476.398	118.0	89.0	68.0
1393196845999	30476.398	118.0	89.0	68.0
1393196846012	30476.398	118.0	89.0	68.0
1393196846020	30476.398	118.0	89.0	67.0
1393196846031	30476.398	119.0	89.0	66.0
1393196846039	30476.398	120.0	89.0	66.0
1393196846052	30476.398	121.0	89.0	65.0
1393196846059	30476.398	121.0	89.0	65.0
1393196846069	30476.398	121.0	89.0	64.0
1393196846080	30476.398	122.0	89.0	64.0
1393196846094	30476.398	123.0	89.0	62.0
1393196846108	30476.398	124.0	89.0	62.0
1393196846113	30476.398	124.0	89.0	62.0
1393196846127	30476.398	123.0	89.0	62.0
1393196846133	30476.398	122.0	89.0	63.0
1393196846140	30476.398	123.0	89.0	63.0
1393196846149	30476.398	124.0	89.0	62.0
1393196846162	30476.398	124.0	89.0	61.0
1393196846171	30476.398	125.0	89.0	61.0
1393196846179	30476.398	125.0	89.0	60.0
1393196846189	30476.398	125.0	89.0	60.0
1393196846199	30476.398	125.0	89.0	61.0
1393196846213	30476.398	124.0	89.0	61.0
1393196846219	30476.398	124.0	89.0	62.0
1393196846232	30476.398	123.0	89.0	62.0
1393196846239	30476.398	122.0	89.0	63.0
1393196846250	30476.398	121.0	89.0	64.0
1393196846263	30476.398	120.0	89.0	65.0
1393196846270	30476.398	120.0	89.0	66.0
1393196846280	30476.398	119.0	89.0	66.0
1393196846292	30476.398	119.0	89.0	66.0
1393196846300	30476.398	119.0	89.0	66.0
1393196846316	30476.398	120.0	89.0	65.0
1393196846320	30476.398	120.0	89.0	65.0
1393196846330	30476.398	120.0	89.0	65.0
1393196846352	30476.398	119.0	89.0	66.0
1393196846372	30476.398	118.0	89.0	67.0
1393196846373	30476.398	118.0	89.0	68.0
1393196846379	30476.398	117.0	89.0	69.0
1393196846389	30476.398	115.0	89.0	70.0
1393196846400	30476.398	114.0	89.0	71.0
1393196846416	30476.398	114.0	89.0	71.0
1393196846420	30476.398	115.0	89.0	70.0
1393196846430	30476.398	116.0	89.0	69.0
1393196846440	30476.398	118.0	89.0	68.0
1393196846450	30476.398	118.0	89.0	67.0
1393196846462	30476.398	118.0	89.0	68.0
1393196846472	30476.398	116.0	89.0	69.0
1393196846480	30476.398	115.0	89.0	71.0
1393196846490	30476.398	114.0	89.0	72.0
1393196846500	30476.398	113.0	89.0	72.0
1393196846513	30476.398	114.0	89.0	72.0
1393196846520	30476.398	114.0	89.0	71.0
1393196846532	30476.398	114.0	89.0	71.0
1393196846540	30476.398	115.0	89.0	71.0
1393196846550	30476.398	114.0	89.0	71.0
1393196846562	30476.398	113.0	89.0	72.0
1393196846570	30476.398	113.0	89.0	73.0
1393196846580	30476.398	112.0	89.0	73.0
1393196846592	30476.398	112.0	89.0	73.0
1393196846600	30476.398	113.0	89.0	73.0
1393196846612	30476.398	113.0	89.0	72.0
1393196846620	30476.398	114.0	89.0	71.0
1393196846630	30476.398	115.0	89.0	70.0
1393196846640	30476.398	116.0	89.0	70.0
1393196846652	30476.398	116.0	89.0	70.0
1393196846662	30476.398	115.0	89.0	70.0
1393196846670	30476.398	115.0	89.0	70.0
1393196846680	30476.398	115.0	89.0	70.0
1393196846690	30476.398	114.0	89.0	71.0
1393196846703	30476.398	113.0	89.0	72.0
1393196846713	30476.398	112.0	89.0	73.0
1393196846721	30476.398	111.0	89.0	75.0
1393196846734	30476.398	110.0	89.0	76.0
1393196846743	30476.398	108.0	89.0	77.0
1393196846759	30476.398	106.0	89.0	79.0
1393196846761	30476.398	106.0	89.0	79.0
1393196846772	30476.398	106.0	89.0	79.0
1393196846779	30476.398	106.0	89.0	79.0
1393196846789	30476.398	107.0	89.0	79.0
1393196846800	30476.398	108.0	89.0	78.0
1393196846811	30476.398	108.0	89.0	77.0
1393196846820	30476.398	109.0	89.0	76.0
1393196846832	30476.398	109.0	89.0	76.0
1393196846840	30476.398	108.0	89.0	77.0
1393196846850	30476.398	107.0	89.0	78.0
1393196846861	30476.398	105.0	89.0	80.0
1393196846871	30476.398	104.0	89.0	81.0
1393196846882	30476.398	105.0	89.0	80.0
1393196846894	30476.398	106.0	89.0	80.0
1393196846900	30476.398	107.0	89.0	78.0
1393196846916	30476.398	109.0	89.0	76.0
1393196846922	30476.398	111.0	89.0	74.0
1393196846930	30476.398	114.0	89.0	71.0
1393196846940	30476.398	116.0	89.0	70.0
1393196846954	30476.398	116.0	89.0	69.0
1393196846961	30476.398	116.0	89.0	69.0
1393196846971	30476.398	116.0	89.0	69.0
1393196847027	30476.398	114.0	89.0	71.0
1393196847042	30476.398	112.0	89.0	73.0
1393196847044	30476.398	110.0	89.0	75.0
1393196847046	30476.398	110.0	89.0	76.0
1393196847048	30476.398	110.0	89.0	75.0
1393196847057	30476.398	110.0	89.0	75.0
1393196847058	30476.398	110.0	89.0	75.0
1393196847060	30476.398	109.0	89.0	76.0
1393196847072	30476.398	108.0	89.0	77.0
1393196847082	30476.398	108.0	89.0	78.0
1393196847092	30476.398	107.0	89.0	78.0
1393196847100	30476.398	106.0	89.0	79.0
1393196847111	30476.398	105.0	89.0	81.0
1393196847120	30476.398	104.0	89.0	81.0
1393196847133	30476.398	103.0	89.0	82.0
1393196847145	30476.398	102.0	89.0	83.0
1393196847159	30476.398	101.0	89.0	84.0
1393196847173	30476.398	100.0	89.0	85.0
1393196847183	30476.398	99.0	89.0	86.0
1393196847185	30476.398	99.0	89.0	86.0
1393196847201	30476.398	101.0	89.0	84.0
1393196847205	30476.398	103.0	89.0	82.0
1393196847210	30476.398	103.0	89.0	82.0
1393196847220	30476.398	103.0	89.0	83.0
1393196847230	30476.398	102.0	89.0	84.0
1393196847243	30476.398	101.0	89.0	84.0
1393196847254	30476.398	102.0	89.0	83.0
1393196847293	30476.398	46.0	25.0	157.0
1393196847297	30476.398	102.0	89.0	84.0
1393196847299	30476.398	102.0	89.0	84.0
1393196847301	30476.398	102.0	89.0	83.0
1393196847304	30476.398	104.0	89.0	82.0
1393196847320	30476.398	104.0	89.0	81.0
1393196847330	30476.398	103.0	89.0	82.0
1393196847343	30476.398	102.0	89.0	83.0
1393196847350	30476.398	102.0	89.0	84.0
1393196847363	30476.398	101.0	89.0	84.0
1393196847373	30476.398	101.0	89.0	85.0
1393196847381	30476.398	100.0	89.0	85.0
1393196847395	30476.398	99.0	89.0	86.0
1393196847401	30476.398	99.0	89.0	87.0
1393196847410	30476.398	98.0	89.0	88.0
1393196847420	30476.398	97.0	89.0	88.0
1393196847433	30476.398	98.0	89.0	87.0
1393196847442	30476.398	100.0	89.0	85.0
1393196847450	30476.398	104.0	89.0	82.0
1393196847461	30476.398	106.0	89.0	79.0
1393196847470	30476.398	108.0	89.0	78.0
1393196847481	30476.398	108.0	89.0	77.0
1393196847494	30476.398	109.0	89.0	77.0
1393196847501	30476.398	109.0	89.0	76.0
1393196847513	30476.398	109.0	89.0	76.0
1393196847521	30476.398	109.0	89.0	76.0
1393196847531	30476.398	110.0	89.0	76.0
1393196847542	30476.398	111.0	89.0	74.0
1393196847554	30476.398	114.0	89.0	71.0
1393196847564	30476.398	116.0	89.0	69.0
1393196847574	30476.398	119.0	89.0	67.0
1393196847582	30476.398	121.0	89.0	65.0
1393196847592	30476.398	123.0	89.0	63.0
1393196847601	30476.398	123.0	89.0	62.0
1393196847615	30476.398	122.0	89.0	63.0
1393196847632	30476.398	118.0	89.0	67.0
1393196847653	30476.398	116.0	89.0	69.0
1393196847655	30476.398	114.0	89.0	71.0
1393196847661	30476.398	113.0	89.0	72.0
1393196847684	30476.398	112.0	89.0	73.0
1393196847686	30476.398	112.0	89.0	73.0
1393196847698	30476.398	113.0	89.0	73.0
1393196847704	30476.398	113.0	89.0	72.0
1393196847712	30476.398	114.0	89.0	71.0
1393196847723	30476.398	115.0	89.0	70.0
1393196847735	30476.398	117.0	89.0	69.0
1393196847761	30476.398	119.0	49.0	117.0
1393196847763	30476.398	119.0	89.0	66.0
1393196847765	30476.398	120.0	89.0	65.0
1393196847771	30476.398	120.0	89.0	65.0
1393196847781	30476.398	121.0	89.0	65.0
1393196847794	30476.398	122.0	89.0	64.0
1393196847801	30476.398	122.0	89.0	63.0
1393196847811	30476.398	124.0	89.0	62.0
1393196847821	30476.398	126.0	89.0	60.0
1393196847832	30476.398	129.0	89.0	57.0
1393196847843	30476.398	131.0	89.0	54.0
1393196847854	30476.398	132.0	89.0	53.0
1393196847864	30476.398	133.0	89.0	53.0
1393196847873	30476.398	134.0	89.0	52.0
1393196847882	30476.398	135.0	89.0	50.0
1393196847892	30476.398	136.0	89.0	49.0
1393196847901	30476.398	136.0	89.0	49.0
1393196847913	30476.398	134.0	89.0	51.0
1393196847923	30476.398	133.0	89.0	53.0
1393196847932	30476.398	132.0	89.0	54.0
1393196847942	30476.398	131.0	89.0	54.0
1393196847951	30476.398	132.0	89.0	53.0
1393196847962	30476.398	134.0	89.0	52.0
1393196847977	30476.398	136.0	89.0	49.0
1393196847981	30476.398	138.0	89.0	48.0
1393196847991	30476.398	139.0	89.0	46.0
1393196848001	30476.398	139.0	89.0	46.0
1393196848011	30476.398	137.0	89.0	48.0
1393196848025	30476.398	135.0	89.0	50.0
1393196848033	30476.398	132.0	89.0	53.0
1393196848041	30476.398	130.0	89.0	55.0
1393196848051	30476.398	128.0	89.0	57.0
1393196848063	30476.398	128.0	89.0	57.0
1393196848075	30476.398	129.0	89.0	57.0
1393196848082	30476.398	130.0	89.0	56.0
1393196848094	30476.398	130.0	89.0	55.0
1393196848102	30476.398	130.0	89.0	55.0
1393196848114	30476.398	130.0	89.0	55.0
1393196848125	30476.398	130.0	89.0	56.0
1393196848131	30476.398	129.0	89.0	56.0
1393196848143	30476.398	130.0	89.0	55.0
1393196848155	30476.398	131.0	89.0	54.0
1393196848164	30476.398	132.0	89.0	53.0
1393196848177	30476.398	133.0	89.0	52.0
1393196848183	30476.398	133.0	89.0	52.0
1393196848194	30476.398	133.0	89.0	53.0
1393196848202	30476.398	133.0	89.0	53.0
1393196848221	30476.398	1.0	6.0	5.0
1393196848227	30476.398	131.0	89.0	55.0
1393196848232	30476.398	130.0	89.0	56.0
1393196848251	30476.398	130.0	89.0	56.0
1393196848254	30476.398	129.0	89.0	56.0
1393196848262	30476.398	129.0	89.0	56.0
1393196848278	30476.398	129.0	89.0	56.0
1393196848281	30476.398	130.0	89.0	55.0
1393196848309	30476.398	131.0	89.0	54.0
1393196848311	30476.398	87.0	63.0	78.0
1393196848312	30476.398	133.0	89.0	53.0
1393196848323	30476.398	133.0	89.0	52.0
1393196848333	30476.398	134.0	89.0	52.0
1393196848341	30476.398	134.0	89.0	51.0
1393196848351	30476.398	134.0	89.0	51.0
1393196848362	30476.398	133.0	89.0	52.0
1393196848375	30476.398	132.0	89.0	54.0
1393196848382	30476.398	131.0	89.0	54.0
1393196848394	30476.398	131.0	89.0	54.0
1393196848401	30476.398	132.0	89.0	54.0
1393196848412	30476.398	132.0	89.0	53.0
1393196848422	30476.398	133.0	89.0	52.0
1393196848431	30476.398	134.0	89.0	51.0
1393196848442	30476.398	135.0	89.0	50.0
1393196848454	30476.398	136.0	89.0	49.0
1393196848462	30476.398	137.0	89.0	48.0
1393196848476	30476.398	137.0	89.0	48.0
1393196848482	30476.398	138.0	89.0	47.0
1393196848492	30476.398	139.0	89.0	47.0
1393196848503	30476.398	140.0	89.0	45.0
1393196848518	30476.398	141.0	89.0	44.0
1393196848523	30476.398	142.0	89.0	43.0
1393196848533	30476.398	143.0	89.0	43.0
1393196848543	30476.398	142.0	89.0	43.0
1393196848555	30476.398	142.0	89.0	43.0
1393196848562	30476.398	141.0	89.0	44.0
1393196848574	30476.398	141.0	89.0	44.0
1393196848582	30476.398	140.0	89.0	45.0
1393196848592	30476.398	139.0	89.0	46.0
1393196848602	30476.398	140.0	89.0	46.0
1393196848612	30476.398	141.0	89.0	45.0
1393196848623	30476.398	141.0	89.0	44.0
1393196848634	30476.398	142.0	89.0	43.0
1393196848642	30476.398	143.0	89.0	42.0
1393196848652	30476.398	143.0	89.0	43.0
1393196848663	30476.398	142.0	89.0	44.0
1393196848676	30476.398	140.0	89.0	45.0
1393196848687	30476.398	139.0	89.0	46.0
1393196848695	30476.398	139.0	89.0	46.0
1393196848704	30476.398	139.0	89.0	46.0
1393196848712	30476.398	140.0	89.0	45.0
1393196848729	30476.398	141.0	89.0	45.0
1393196848731	30476.398	141.0	89.0	44.0
1393196848747	30476.398	141.0	89.0	44.0
1393196848758	30476.398	141.0	89.0	44.0
1393196848762	30476.398	141.0	89.0	44.0
1393196848774	30476.398	140.0	89.0	45.0
1393196848782	30476.398	97.0	8.0	90.0
1393196848793	30476.398	138.0	89.0	47.0
1393196848804	30476.398	97.0	8.0	90.0
1393196848814	30476.398	139.0	89.0	47.0
1393196848824	30476.398	139.0	89.0	46.0
1393196848832	30476.398	140.0	89.0	46.0
1393196848842	30476.398	139.0	89.0	46.0
1393196848853	30476.398	139.0	89.0	46.0
1393196848862	30476.398	139.0	89.0	46.0
1393196848874	30476.398	140.0	89.0	46.0
1393196848881	30476.398	141.0	89.0	45.0
1393196848893	30476.398	143.0	89.0	43.0
1393196848908	30476.398	21.0	37.0	6.0
1393196848912	30476.398	10.0	30.0	9.0
1393196848923	30476.398	149.0	89.0	36.0
1393196848934	30476.398	150.0	89.0	36.0
1393196848945	30476.398	150.0	89.0	35.0
1393196848953	30476.398	150.0	89.0	36.0
1393196848961	30476.398	149.0	89.0	37.0
1393196848973	30476.398	148.0	89.0	37.0
1393196848981	30476.398	148.0	89.0	38.0
1393196848994	30476.398	148.0	89.0	37.0
1393196849006	30476.398	149.0	89.0	37.0
1393196849015	30476.398	149.0	89.0	36.0
1393196849023	30476.398	150.0	89.0	36.0
1393196849032	30476.398	150.0	89.0	35.0
1393196849042	30476.398	150.0	89.0	35.0
1393196849061	30476.398	151.0	89.0	35.0
1393196849063	30476.398	151.0	89.0	35.0
1393196849072	30476.398	150.0	89.0	35.0
1393196849082	30476.398	150.0	89.0	35.0
1393196849096	30476.398	151.0	89.0	35.0
1393196849106	30476.398	151.0	89.0	34.0
1393196849114	30476.398	151.0	89.0	34.0
1393196849124	30476.398	151.0	89.0	34.0
1393196849132	30476.398	151.0	89.0	35.0
1393196849143	30476.398	150.0	89.0	35.0
1393196849155	30476.398	150.0	89.0	36.0
1393196849162	30476.398	149.0	89.0	36.0
1393196849174	30476.398	149.0	89.0	37.0
1393196849182	30476.398	148.0	89.0	37.0
1393196849192	30476.398	148.0	89.0	37.0
1393196849204	30476.398	149.0	89.0	37.0
1393196849212	30476.398	150.0	89.0	36.0
1393196849224	30476.398	151.0	89.0	35.0
1393196849235	30476.398	152.0	89.0	34.0
1393196849242	30476.398	153.0	89.0	33.0
1393196849257	30476.398	154.0	89.0	32.0
1393196849262	30476.398	154.0	89.0	32.0
1393196849273	30476.398	153.0	89.0	32.0
1393196849282	30476.398	152.0	89.0	33.0
1393196849305	30476.398	151.0	89.0	35.0
1393196849308	30476.398	149.0	89.0	37.0
1393196849314	30476.398	147.0	89.0	38.0
1393196849336	30476.398	146.0	89.0	40.0
1393196849340	30476.398	146.0	89.0	40.0
1393196849343	30476.398	146.0	89.0	40.0
1393196849356	30476.398	146.0	89.0	39.0
1393196849362	30476.398	146.0	89.0	40.0
1393196849372	30476.398	145.0	89.0	40.0
1393196849382	30476.398	144.0	89.0	41.0
1393196849392	30476.398	144.0	89.0	42.0
1393196849406	30476.398	143.0	89.0	42.0
1393196849415	30476.398	143.0	89.0	42.0
1393196849423	30476.398	143.0	89.0	42.0
1393196849433	30476.398	144.0	89.0	42.0
1393196849443	30476.398	144.0	89.0	41.0
1393196849456	30476.398	144.0	89.0	41.0
1393196849463	30476.398	144.0	89.0	41.0
1393196849475	30476.398	144.0	89.0	41.0
1393196849483	30476.398	145.0	89.0	40.0
1393196849493	30476.398	146.0	89.0	39.0
1393196849507	30476.398	147.0	89.0	38.0
1393196849513	30476.398	147.0	89.0	38.0
1393196849523	30476.398	147.0	89.0	39.0
1393196849539	30476.398	147.0	89.0	39.0
1393196849557	30476.398	147.0	89.0	38.0
1393196849563	30476.398	147.0	89.0	38.0
1393196849580	30476.398	147.0	89.0	39.0
1393196849585	30476.398	146.0	89.0	39.0
1393196849595	30476.398	145.0	89.0	40.0
1393196849605	30476.398	144.0	89.0	41.0
1393196849614	30476.398	143.0	89.0	43.0
1393196849625	30476.398	142.0	89.0	43.0
1393196849634	30476.398	142.0	89.0	43.0
1393196849644	30476.398	142.0	89.0	44.0
1393196849656	30476.398	142.0	89.0	43.0
1393196849663	30476.398	143.0	89.0	42.0
1393196849675	30476.398	144.0	89.0	41.0
1393196849684	30476.398	145.0	89.0	41.0
1393196849693	30476.398	144.0	89.0	41.0
1393196849711	30476.398	144.0	89.0	41.0
1393196849716	30476.398	144.0	89.0	41.0
1393196849730	30476.398	144.0	89.0	41.0
1393196849735	30476.398	144.0	89.0	42.0
1393196849749	30476.398	143.0	89.0	42.0
1393196849754	30476.398	142.0	89.0	43.0
1393196849763	30476.398	141.0	89.0	45.0
1393196849776	30476.398	139.0	89.0	46.0
1393196849783	30476.398	137.0	89.0	48.0
1393196849794	30476.398	137.0	89.0	48.0
1393196849805	30476.398	137.0	89.0	48.0
1393196849813	30476.398	138.0	89.0	47.0
1393196849824	30476.398	139.0	89.0	46.0
1393196849836	30476.398	140.0	89.0	45.0
1393196849843	30476.398	142.0	89.0	44.0
1393196849856	30476.398	142.0	89.0	43.0
1393196849863	30476.398	142.0	89.0	44.0
1393196849873	30476.398	141.0	89.0	45.0
1393196849884	30476.398	140.0	89.0	45.0
1393196849895	30476.398	140.0	89.0	45.0
1393196849907	30476.398	140.0	89.0	45.0
1393196849914	30476.398	97.0	8.0	90.0
1393196849924	30476.398	140.0	89.0	45.0
1393196849939	30476.398	141.0	89.0	45.0
1393196849944	30476.398	141.0	89.0	44.0
1393196849956	30476.398	141.0	89.0	44.0
1393196849964	30476.398	141.0	89.0	44.0
1393196849975	30476.398	142.0	89.0	44.0
1393196849985	30476.398	141.0	89.0	44.0
1393196849994	30476.398	141.0	89.0	44.0
1393196850010	30476.398	141.0	89.0	45.0
1393196850019	30476.398	140.0	89.0	45.0
1393196850025	30476.398	139.0	89.0	46.0
1393196850042	30476.398	137.0	89.0	48.0
1393196850046	30476.398	136.0	89.0	49.0
1393196850061	30476.398	136.0	89.0	49.0
1393196850064	30476.398	136.0	89.0	49.0
1393196850076	30476.398	137.0	89.0	48.0
1393196850087	30476.398	139.0	89.0	47.0
1393196850100	30476.398	140.0	89.0	46.0
1393196850106	30476.398	140.0	89.0	45.0
1393196850114	30476.398	140.0	89.0	45.0
1393196850124	30476.398	140.0	89.0	46.0
1393196850140	30476.398	139.0	89.0	47.0
1393196850144	30476.398	138.0	89.0	48.0
1393196850157	30476.398	137.0	89.0	48.0
1393196850167	30476.398	137.0	89.0	48.0
1393196850174	30476.398	137.0	89.0	48.0
1393196850189	30476.398	137.0	89.0	49.0
1393196850197	30476.398	136.0	89.0	49.0
1393196850205	30476.398	136.0	89.0	49.0
1393196850214	30476.398	136.0	89.0	49.0
1393196850229	30476.398	136.0	89.0	50.0
1393196850235	30476.398	135.0	89.0	50.0
1393196850244	30476.398	135.0	89.0	50.0
1393196850256	30476.398	135.0	89.0	50.0
1393196850263	30476.398	135.0	89.0	50.0
1393196850273	30476.398	134.0	89.0	51.0
1393196850284	30476.398	134.0	89.0	52.0
1393196850293	30476.398	133.0	89.0	52.0
1393196850305	30476.398	133.0	89.0	52.0
1393196850319	30476.398	133.0	89.0	53.0
1393196850324	30476.398	133.0	89.0	53.0
1393196850343	30476.398	132.0	89.0	53.0
1393196850345	30476.398	132.0	89.0	53.0
1393196850356	30476.398	131.0	89.0	54.0
1393196850366	30476.398	131.0	89.0	55.0
1393196850379	30476.398	129.0	89.0	56.0
1393196850386	30476.398	128.0	89.0	57.0
1393196850394	30476.398	127.0	89.0	58.0
1393196850405	30476.398	126.0	89.0	59.0
1393196850416	30476.398	126.0	89.0	59.0
1393196850424	30476.398	125.0	89.0	60.0
1393196850436	30476.398	125.0	89.0	61.0
1393196850443	30476.398	124.0	89.0	61.0
1393196850456	30476.398	124.0	89.0	62.0
1393196850464	30476.398	124.0	89.0	61.0
1393196850474	30476.398	125.0	89.0	60.0
1393196850486	30476.398	126.0	89.0	59.0
1393196850496	30476.398	127.0	89.0	59.0
1393196850504	30476.398	127.0	89.0	59.0
1393196850514	30476.398	127.0	89.0	58.0
1393196850524	30476.398	127.0	89.0	58.0
1393196850536	30476.398	127.0	89.0	59.0
1393196850544	30476.398	127.0	89.0	59.0
1393196850556	30476.398	127.0	89.0	58.0
1393196850574	30476.398	127.0	89.0	58.0
1393196850586	30476.398	128.0	89.0	57.0
1393196850594	30476.398	129.0	89.0	56.0
1393196850605	30476.398	130.0	89.0	56.0
1393196850622	30476.398	131.0	89.0	55.0
1393196850626	30476.398	131.0	89.0	54.0
1393196850638	30476.398	131.0	89.0	54.0
1393196850644	30476.398	131.0	89.0	55.0
1393196850655	30476.398	130.0	88.0	55.0
1393196850664	30476.398	130.0	88.0	55.0
1393196850676	30476.398	130.0	88.0	55.0
1393196850685	30476.398	130.0	88.0	56.0
1393196850694	30476.398	129.0	89.0	56.0
1393196850704	30476.398	129.0	89.0	56.0
1393196850716	30476.398	129.0	89.0	56.0
1393196850726	30476.398	129.0	89.0	56.0
1393196850741	30476.398	130.0	89.0	56.0
1393196850744	30476.398	130.0	89.0	55.0
1393196850754	30476.398	130.0	89.0	55.0
1393196850764	30476.398	130.0	89.0	55.0
1393196850774	30476.398	130.0	89.0	55.0
1393196850784	30476.398	130.0	89.0	55.0
1393196850797	30476.398	130.0	89.0	55.0
1393196850805	30476.398	130.0	89.0	55.0
1393196850814	30476.398	129.0	89.0	56.0
1393196850824	30476.398	129.0	89.0	57.0
1393196850838	30476.398	128.0	89.0	57.0
1393196850844	30476.398	128.0	89.0	57.0
1393196850862	30476.398	128.0	89.0	57.0
1393196850870	30476.398	129.0	89.0	56.0
1393196850875	30476.398	130.0	89.0	56.0
1393196850885	30476.398	130.0	89.0	55.0
1393196850894	30476.398	131.0	89.0	54.0
1393196850904	30476.398	132.0	89.0	54.0
1393196850918	30476.398	131.0	89.0	54.0
1393196850924	30476.398	131.0	89.0	54.0
1393196850934	30476.398	131.0	89.0	54.0
1393196850944	30476.398	130.0	89.0	55.0
1393196850955	30476.398	130.0	89.0	55.0
1393196850965	30476.398	130.0	89.0	55.0
1393196850977	30476.398	131.0	89.0	54.0
1393196850995	30476.398	132.0	89.0	54.0
1393196850997	30476.398	132.0	89.0	53.0
1393196851005	30476.398	133.0	89.0	52.0
1393196851023	30476.398	33.0	52.0	30.0
1393196851024	30476.398	132.0	89.0	53.0
1393196851036	30476.398	132.0	89.0	54.0
1393196851044	30476.398	130.0	89.0	55.0
1393196851059	30476.398	129.0	89.0	56.0
1393196851069	30476.398	129.0	89.0	56.0
1393196851075	30476.398	128.0	89.0	57.0
1393196851085	30476.398	128.0	89.0	57.0
1393196851102	30476.398	127.0	89.0	58.0
1393196851105	30476.398	126.0	89.0	59.0
1393196851119	30476.398	126.0	89.0	59.0
1393196851125	30476.398	126.0	89.0	59.0
1393196851136	30476.398	127.0	89.0	59.0
1393196851145	30476.398	127.0	89.0	58.0
1393196851157	30476.398	127.0	89.0	58.0
1393196851169	30476.398	128.0	89.0	58.0
1393196851175	30476.398	128.0	89.0	57.0
1393196851186	30476.398	128.0	89.0	57.0
1393196851195	30476.398	127.0	89.0	58.0
1393196851206	30476.398	127.0	89.0	58.0
1393196851219	30476.398	127.0	89.0	59.0
1393196851225	30476.398	126.0	89.0	59.0
1393196851236	30476.398	126.0	89.0	59.0
1393196851245	30476.398	125.0	89.0	60.0
1393196851255	30476.398	125.0	89.0	60.0
1393196851268	30476.398	125.0	89.0	60.0
1393196851277	30476.398	126.0	89.0	60.0
1393196851286	30476.398	127.0	89.0	59.0
1393196851295	30476.398	128.0	89.0	58.0
1393196851308	30476.398	129.0	89.0	57.0
1393196851318	30476.398	129.0	89.0	56.0
1393196851325	30476.398	129.0	89.0	56.0
1393196851337	30476.398	129.0	89.0	56.0
1393196851344	30476.398	128.0	89.0	57.0
1393196851355	30476.398	128.0	89.0	57.0
1393196851366	30476.398	128.0	89.0	58.0
1393196851381	30476.398	128.0	89.0	57.0
1393196851388	30476.398	128.0	89.0	57.0
1393196851397	30476.398	128.0	89.0	57.0
1393196851405	30476.398	128.0	89.0	57.0
1393196851422	30476.398	128.0	89.0	57.0
1393196851425	30476.398	129.0	89.0	56.0
1393196851435	30476.398	129.0	89.0	56.0
1393196851446	30476.398	130.0	89.0	55.0
1393196851457	30476.398	130.0	89.0	55.0
1393196851475	30476.398	130.0	89.0	56.0
1393196851486	30476.398	129.0	89.0	57.0
1393196851497	30476.398	127.0	89.0	58.0
1393196851510	30476.398	126.0	89.0	59.0
1393196851517	30476.398	125.0	89.0	60.0
1393196851525	30476.398	124.0	89.0	61.0
1393196851536	30476.398	124.0	89.0	62.0
1393196851546	30476.398	123.0	89.0	62.0
1393196851555	30476.398	124.0	89.0	61.0
1393196851565	30476.398	125.0	89.0	60.0
1393196851577	30476.398	126.0	89.0	59.0
1393196851585	30476.398	128.0	89.0	58.0
1393196851596	30476.398	129.0	89.0	56.0
1393196851606	30476.398	130.0	89.0	56.0
1393196851620	30476.398	130.0	89.0	55.0
1393196851627	30476.398	130.0	89.0	55.0
1393196851638	30476.398	129.0	89.0	56.0
1393196851649	30476.398	129.0	89.0	56.0
1393196851655	30476.398	128.0	89.0	57.0
1393196851670	30476.398	127.0	89.0	58.0
1393196851679	30476.398	126.0	89.0	59.0
1393196851685	30476.398	126.0	89.0	60.0
1393196851700	30476.398	126.0	89.0	60.0
1393196851706	30476.398	126.0	89.0	60.0
1393196851726	30476.398	126.0	89.0	60.0
1393196851735	30476.398	126.0	89.0	60.0
1393196851738	30476.398	126.0	89.0	60.0
1393196851775	30476.398	126.0	89.0	59.0
1393196851783	30476.398	126.0	89.0	59.0
1393196851787	30476.398	127.0	89.0	58.0
1393196851792	30476.398	128.0	89.0	57.0
1393196851797	30476.398	129.0	89.0	57.0
1393196851808	30476.398	129.0	89.0	56.0
1393196851809	30476.398	130.0	89.0	55.0
1393196851820	30476.398	97.0	8.0	90.0
1393196851824	30476.398	97.0	8.0	90.0
1393196851834	30476.398	97.0	8.0	90.0
1393196851851	30476.398	132.0	89.0	54.0
1393196851856	30476.398	131.0	89.0	54.0
1393196851867	30476.398	131.0	88.0	54.0
1393196851887	30476.398	131.0	88.0	54.0
1393196851894	30476.398	131.0	88.0	54.0
1393196851907	30476.398	131.0	88.0	54.0
1393196851910	30476.398	131.0	88.0	54.0
1393196851921	30476.398	131.0	89.0	55.0
1393196851926	30476.398	130.0	89.0	55.0
1393196851938	30476.398	130.0	89.0	55.0
1393196851951	30476.398	130.0	89.0	56.0
1393196851956	30476.398	129.0	89.0	56.0
1393196851965	30476.398	129.0	89.0	57.0
1393196851975	30476.398	129.0	89.0	56.0
1393196851985	30476.398	129.0	89.0	56.0
1393196852047	30476.398	130.0	89.0	56.0
1393196852066	30476.398	130.0	89.0	55.0
1393196852067	30476.398	130.0	89.0	56.0
1393196852068	30476.398	129.0	89.0	56.0
1393196852069	30476.398	130.0	89.0	56.0
1393196852070	30476.398	130.0	89.0	55.0
1393196852072	30476.398	130.0	89.0	55.0
1393196852074	30476.398	131.0	89.0	55.0
1393196852075	30476.398	131.0	89.0	54.0
1393196852085	30476.398	132.0	89.0	54.0
1393196852096	30476.398	132.0	89.0	53.0
1393196852118	30476.398	131.0	89.0	54.0
1393196852125	30476.398	130.0	89.0	55.0
1393196852137	30476.398	129.0	89.0	56.0
1393196852145	30476.398	128.0	89.0	57.0
1393196852156	30476.398	127.0	89.0	58.0
1393196852165	30476.398	127.0	89.0	59.0
1393196852182	30476.398	126.0	89.0	59.0
1393196852185	30476.398	125.0	89.0	60.0
1393196852199	30476.398	125.0	89.0	60.0
1393196852205	30476.398	125.0	89.0	61.0
1393196852215	30476.398	124.0	89.0	61.0
1393196852224	30476.398	125.0	89.0	61.0
1393196852237	30476.398	125.0	89.0	60.0
1393196852247	30476.398	126.0	89.0	59.0
1393196852255	30476.398	126.0	89.0	59.0
1393196852282	30476.398	125.0	89.0	60.0
1393196852285	30476.398	125.0	89.0	61.0
1393196852287	30476.398	125.0	89.0	61.0
1393196852298	30476.398	124.0	89.0	61.0
1393196852305	30476.398	124.0	89.0	61.0
1393196852337	30476.398	125.0	89.0	60.0
1393196852339	30476.398	125.0	89.0	60.0
1393196852340	30476.398	125.0	89.0	60.0
1393196852345	30476.398	126.0	89.0	60.0
1393196852357	30476.398	126.0	89.0	59.0
1393196852366	30476.398	127.0	89.0	58.0
1393196852377	30476.398	127.0	89.0	58.0
1393196852386	30476.398	127.0	89.0	59.0
1393196852398	30476.398	127.0	89.0	59.0
1393196852406	30476.398	126.0	89.0	59.0
1393196852423	30476.398	126.0	89.0	59.0
1393196852427	30476.398	126.0	89.0	59.0
1393196852436	30476.398	126.0	89.0	59.0
1393196852453	30476.398	125.0	89.0	60.0
1393196852457	30476.398	125.0	89.0	60.0
1393196852465	30476.398	125.0	89.0	60.0
1393196852480	30476.398	126.0	89.0	60.0
1393196852485	30476.398	126.0	89.0	60.0
1393196852496	30476.398	126.0	89.0	59.0
1393196852506	30476.398	127.0	89.0	59.0
1393196852515	30476.398	127.0	89.0	58.0
1393196852525	30476.398	127.0	89.0	58.0
1393196852538	30476.398	128.0	89.0	58.0
1393196852545	30476.398	127.0	89.0	58.0
1393196852555	30476.398	127.0	89.0	58.0
1393196852565	30476.398	126.0	89.0	59.0
1393196852575	30476.398	125.0	89.0	60.0
1393196852585	30476.398	125.0	89.0	61.0
1393196852597	30476.398	125.0	89.0	60.0
1393196852606	30476.398	126.0	89.0	59.0
1393196852616	30476.398	128.0	89.0	58.0
1393196852629	30476.398	128.0	89.0	57.0
1393196852635	30476.398	129.0	89.0	57.0
1393196852648	30476.398	129.0	89.0	57.0
1393196852660	30476.398	129.0	89.0	57.0
1393196852668	30476.398	128.0	89.0	57.0
1393196852679	30476.398	127.0	89.0	58.0
1393196852686	30476.398	126.0	89.0	59.0
1393196852696	30476.398	124.0	89.0	61.0
1393196852706	30476.398	123.0	89.0	62.0
1393196852719	30476.398	122.0	89.0	63.0
1393196852731	30476.398	122.0	89.0	63.0
1393196852736	30476.398	123.0	89.0	63.0
1393196852761	30476.398	124.0	89.0	61.0
1393196852766	30476.398	125.0	89.0	61.0
1393196852790	30476.398	125.0	89.0	60.0
1393196852791	30476.398	125.0	89.0	60.0
1393196852796	30476.398	125.0	89.0	61.0
1393196852806	30476.398	125.0	88.0	61.0
1393196852816	30476.398	124.0	88.0	61.0
1393196852828	30476.398	123.0	88.0	62.0
1393196852838	30476.398	123.0	88.0	62.0
1393196852847	30476.398	123.0	88.0	62.0
1393196852856	30476.398	124.0	88.0	62.0
1393196852866	30476.398	125.0	88.0	61.0
1393196852879	30476.398	125.0	88.0	60.0
1393196852886	30476.398	125.0	88.0	60.0
1393196852898	30476.398	125.0	88.0	60.0
1393196852906	30476.398	124.0	88.0	61.0
1393196852916	30476.398	123.0	88.0	62.0
1393196852929	30476.398	122.0	88.0	63.0
1393196852936	30476.398	121.0	88.0	64.0
1393196852946	30476.398	120.0	88.0	65.0
1393196852963	30476.398	120.0	88.0	65.0
1393196852966	30476.398	120.0	88.0	65.0
1393196852979	30476.398	121.0	88.0	65.0
1393196852986	30476.398	121.0	88.0	64.0
1393196852998	30476.398	121.0	88.0	64.0
1393196853006	30476.398	121.0	88.0	64.0
1393196853018	30476.398	120.0	88.0	65.0
1393196853026	30476.398	119.0	88.0	66.0
1393196853036	30476.398	118.0	88.0	68.0
1393196853046	30476.398	116.0	88.0	69.0
1393196853059	30476.398	116.0	88.0	69.0
1393196853066	30476.398	116.0	88.0	69.0
1393196853078	30476.398	117.0	88.0	68.0
1393196853086	30476.398	118.0	88.0	67.0
1393196853097	30476.398	119.0	88.0	67.0
1393196853107	30476.398	119.0	88.0	66.0
1393196853117	30476.398	120.0	88.0	65.0
1393196853128	30476.398	120.0	88.0	65.0
1393196853138	30476.398	82.0	9.0	16.0
1393196853146	30476.398	120.0	88.0	65.0
1393196853156	30476.398	121.0	88.0	64.0
1393196853166	30476.398	121.0	88.0	64.0
1393196853183	30476.398	121.0	88.0	64.0
1393196853186	30476.398	121.0	88.0	64.0
1393196853199	30476.398	121.0	88.0	64.0
1393196853206	30476.398	120.0	88.0	65.0
1393196853217	30476.398	119.0	88.0	66.0
1393196853228	30476.398	118.0	88.0	67.0
1393196853236	30476.398	119.0	88.0	67.0
1393196853246	30476.398	119.0	88.0	66.0
1393196853261	30476.398	120.0	88.0	66.0
1393196853266	30476.398	120.0	88.0	65.0
1393196853277	30476.398	121.0	88.0	65.0
1393196853286	30476.398	120.0	88.0	65.0
1393196853296	30476.398	120.0	88.0	65.0
1393196853306	30476.398	120.0	88.0	65.0
1393196853318	30476.398	120.0	89.0	65.0
1393196853327	30476.398	120.0	88.0	65.0
1393196853336	30476.398	120.0	88.0	65.0
1393196853346	30476.398	120.0	88.0	65.0
1393196853356	30476.398	121.0	88.0	65.0
1393196853366	30476.398	121.0	88.0	64.0
1393196853378	30476.398	121.0	89.0	64.0
1393196853397	30476.398	121.0	89.0	64.0
1393196853406	30476.398	121.0	89.0	64.0
1393196853416	30476.398	122.0	89.0	63.0
1393196853426	30476.398	123.0	89.0	62.0
1393196853438	30476.398	124.0	89.0	62.0
1393196853446	30476.398	124.0	89.0	61.0
1393196853461	30476.398	126.0	89.0	60.0
1393196853467	30476.398	127.0	89.0	59.0
1393196853478	30476.398	127.0	89.0	58.0
1393196853492	30476.398	127.0	89.0	58.0
1393196853499	30476.398	127.0	89.0	58.0
1393196853517	30476.398	127.0	89.0	58.0
1393196853519	30476.398	127.0	89.0	58.0
1393196853529	30476.398	126.0	89.0	59.0
1393196853537	30476.398	125.0	89.0	60.0
1393196853558	30476.398	1.0	6.0	5.0
1393196853560	30476.398	124.0	89.0	61.0
1393196853567	30476.398	124.0	89.0	61.0
1393196853576	30476.398	124.0	89.0	62.0
1393196853586	30476.398	124.0	89.0	62.0
1393196853596	30476.398	124.0	89.0	61.0
1393196853610	30476.398	124.0	89.0	61.0
1393196853619	30476.398	124.0	89.0	62.0
1393196853627	30476.398	123.0	89.0	62.0
1393196853637	30476.398	122.0	89.0	64.0
1393196853647	30476.398	121.0	89.0	65.0
1393196853660	30476.398	120.0	89.0	65.0
1393196853667	30476.398	121.0	89.0	64.0
1393196853679	30476.398	122.0	89.0	64.0
1393196853687	30476.398	122.0	89.0	63.0
1393196853697	30476.398	122.0	89.0	63.0
1393196853710	30476.398	122.0	89.0	64.0
1393196853718	30476.398	121.0	89.0	64.0
1393196853728	30476.398	121.0	89.0	64.0
1393196853750	30476.398	93.0	24.0	80.0
1393196853751	30476.398	121.0	89.0	64.0
1393196853759	30476.398	121.0	89.0	65.0
1393196853767	30476.398	119.0	89.0	66.0
1393196853777	30476.398	117.0	89.0	68.0
1393196853787	30476.398	116.0	89.0	69.0
1393196853799	30476.398	116.0	89.0	69.0
1393196853810	30476.398	116.0	89.0	70.0
1393196853817	30476.398	116.0	89.0	70.0
1393196853830	30476.398	116.0	89.0	70.0
1393196853837	30476.398	116.0	89.0	70.0
1393196853847	30476.398	116.0	89.0	70.0
1393196853860	30476.398	116.0	89.0	69.0
1393196853867	30476.398	117.0	89.0	69.0
1393196853877	30476.398	118.0	89.0	68.0
1393196853887	30476.398	118.0	89.0	67.0
1393196853897	30476.398	119.0	89.0	66.0
1393196853909	30476.398	120.0	89.0	65.0
1393196853919	30476.398	120.0	89.0	65.0
1393196853928	30476.398	120.0	89.0	65.0
1393196853937	30476.398	120.0	89.0	65.0
1393196853947	30476.398	119.0	89.0	66.0
1393196853960	30476.398	118.0	89.0	67.0
1393196853968	30476.398	117.0	89.0	68.0
1393196853980	30476.398	116.0	89.0	70.0
1393196853991	30476.398	115.0	89.0	71.0
1393196854001	30476.398	114.0	89.0	71.0
1393196854009	30476.398	115.0	89.0	71.0
1393196854017	30476.398	115.0	89.0	70.0
1393196854029	30476.398	115.0	89.0	70.0
1393196854049	30476.398	115.0	89.0	70.0
1393196854053	30476.398	116.0	89.0	69.0
1393196854069	30476.398	117.0	89.0	68.0
1393196854072	30476.398	118.0	89.0	67.0
1393196854078	30476.398	118.0	89.0	67.0
1393196854089	30476.398	117.0	89.0	68.0
1393196854101	30476.398	117.0	89.0	68.0
1393196854108	30476.398	117.0	89.0	68.0
1393196854118	30476.398	118.0	89.0	68.0
1393196854130	30476.398	117.0	89.0	68.0
1393196854138	30476.398	117.0	89.0	69.0
1393196854149	30476.398	116.0	89.0	69.0
1393196854161	30476.398	116.0	89.0	69.0
1393196854168	30476.398	116.0	89.0	69.0
1393196854180	30476.398	117.0	89.0	68.0
1393196854188	30476.398	118.0	89.0	68.0
1393196854200	30476.398	118.0	89.0	67.0
1393196854207	30476.398	118.0	89.0	67.0
1393196854220	30476.398	117.0	89.0	68.0
1393196854228	30476.398	116.0	89.0	69.0
1393196854239	30476.398	115.0	89.0	70.0
1393196854247	30476.398	114.0	89.0	71.0
1393196854257	30476.398	113.0	89.0	72.0
1393196854267	30476.398	112.0	89.0	73.0
1393196854280	30476.398	112.0	89.0	74.0
1393196854287	30476.398	112.0	89.0	73.0
1393196854298	30476.398	113.0	89.0	73.0
1393196854309	30476.398	113.0	89.0	72.0
1393196854317	30476.398	112.0	89.0	73.0
1393196854327	30476.398	111.0	89.0	74.0
1393196854345	30476.398	110.0	89.0	75.0
1393196854347	30476.398	110.0	89.0	76.0
1393196854360	30476.398	109.0	89.0	76.0
1393196854367	30476.398	109.0	89.0	76.0
1393196854378	30476.398	109.0	89.0	76.0
1393196854392	30476.398	110.0	89.0	75.0
1393196854401	30476.398	111.0	89.0	74.0
1393196854408	30476.398	112.0	89.0	74.0
1393196854419	30476.398	113.0	89.0	73.0
1393196854428	30476.398	113.0	89.0	72.0
1393196854442	30476.398	113.0	89.0	72.0
1393196854448	30476.398	113.0	89.0	72.0
1393196854460	30476.398	113.0	89.0	73.0
1393196854468	30476.398	112.0	89.0	74.0
1393196854478	30476.398	110.0	89.0	75.0
1393196854492	30476.398	108.0	89.0	77.0
1393196854499	30476.398	106.0	89.0	80.0
1393196854510	30476.398	104.0	89.0	81.0
1393196854522	30476.398	103.0	89.0	82.0
1393196854528	30476.398	103.0	89.0	82.0
1393196854542	30476.398	103.0	89.0	82.0
1393196854549	30476.398	104.0	89.0	81.0
1393196854562	30476.398	105.0	89.0	81.0
1393196854568	30476.398	106.0	89.0	79.0
1393196854580	30476.398	106.0	89.0	79.0
1393196854591	30476.398	107.0	89.0	78.0
1393196854601	30476.398	107.0	89.0	79.0
1393196854613	30476.398	106.0	89.0	79.0
1393196854622	30476.398	106.0	89.0	79.0
1393196854636	30476.398	107.0	89.0	79.0
1393196854647	30476.398	107.0	89.0	79.0
1393196854649	30476.398	107.0	89.0	79.0
1393196854658	30476.398	107.0	89.0	79.0
1393196854678	30476.398	107.0	89.0	78.0
1393196854693	30476.398	107.0	89.0	78.0
1393196854700	30476.398	107.0	89.0	78.0
1393196854708	30476.398	107.0	89.0	78.0
1393196854720	30476.398	108.0	89.0	77.0
1393196854728	30476.398	107.0	89.0	78.0
1393196854748	30476.398	107.0	89.0	78.0
1393196854750	30476.398	106.0	89.0	79.0
1393196854760	30476.398	106.0	89.0	79.0
1393196854768	30476.398	105.0	89.0	80.0
1393196854778	30476.398	105.0	89.0	80.0
1393196854791	30476.398	105.0	89.0	80.0
1393196854798	30476.398	105.0	89.0	80.0
1393196854808	30476.398	106.0	89.0	79.0
1393196854824	30476.398	106.0	89.0	79.0
1393196854828	30476.398	107.0	89.0	78.0
1393196854841	30476.398	107.0	89.0	78.0
1393196854849	30476.398	108.0	89.0	77.0
1393196854859	30476.398	109.0	89.0	76.0
1393196854871	30476.398	109.0	89.0	76.0
1393196854882	30476.398	109.0	89.0	76.0
1393196854888	30476.398	109.0	89.0	76.0
1393196854898	30476.398	108.0	89.0	77.0
1393196854909	30476.398	108.0	88.0	77.0
1393196854923	30476.398	107.0	89.0	78.0
1393196854929	30476.398	106.0	89.0	79.0
1393196854946	30476.398	106.0	89.0	80.0
1393196854950	30476.398	105.0	89.0	80.0
1393196854959	30476.398	104.0	89.0	81.0
1393196854970	30476.398	104.0	89.0	81.0
1393196854980	30476.398	103.0	89.0	82.0
1393196854992	30476.398	103.0	89.0	82.0
1393196855002	30476.398	103.0	89.0	82.0
1393196855009	30476.398	103.0	89.0	82.0
1393196855022	30476.398	103.0	89.0	82.0
1393196855035	30476.398	104.0	88.0	81.0
1393196855039	30476.398	104.0	88.0	81.0
1393196855050	30476.398	104.0	88.0	81.0
1393196855061	30476.398	104.0	88.0	81.0
1393196855071	30476.398	104.0	88.0	81.0
1393196855078	30476.398	104.0	88.0	81.0
1393196855090	30476.398	103.0	88.0	82.0
1393196855098	30476.398	103.0	88.0	83.0
1393196855109	30476.398	102.0	88.0	83.0
1393196855122	30476.398	101.0	88.0	84.0
1393196855129	30476.398	100.0	88.0	85.0
1393196855140	30476.398	99.0	88.0	86.0
1393196855148	30476.398	99.0	88.0	87.0
1393196855158	30476.398	98.0	88.0	87.0
1393196855170	30476.398	99.0	88.0	87.0
1393196855181	30476.398	99.0	88.0	86.0
1393196855190	30476.398	99.0	88.0	86.0
1393196855198	30476.398	97.0	88.0	88.0
1393196855209	30476.398	96.0	88.0	90.0
1393196855223	30476.398	94.0	88.0	91.0
1393196855228	30476.398	92.0	88.0	93.0
1393196855241	30476.398	90.0	88.0	95.0
1393196855248	30476.398	89.0	88.0	96.0
1393196855259	30476.398	89.0	88.0	96.0
1393196855269	30476.398	89.0	88.0	96.0
1393196855278	30476.398	90.0	89.0	95.0
1393196855290	30476.398	91.0	89.0	94.0
1393196855300	30476.398	93.0	89.0	92.0
1393196855324	30476.398	96.0	89.0	89.0
1393196855328	30476.398	98.0	89.0	87.0
1393196855349	30476.398	99.0	88.0	86.0
1393196855351	30476.398	99.0	88.0	86.0
1393196855361	30476.398	99.0	88.0	86.0
1393196855373	30476.398	98.0	89.0	87.0
1393196855378	30476.398	97.0	89.0	88.0
1393196855390	30476.398	96.0	89.0	89.0
1393196855398	30476.398	95.0	89.0	90.0
1393196855409	30476.398	94.0	89.0	91.0
1393196855421	30476.398	92.0	89.0	93.0
1393196855428	30476.398	90.0	89.0	95.0
1393196855439	30476.398	89.0	89.0	97.0
1393196855448	30476.398	87.0	89.0	98.0
1393196855459	30476.398	86.0	89.0	100.0
1393196855470	30476.398	85.0	89.0	100.0
1393196855482	30476.398	85.0	89.0	100.0
1393196855489	30476.398	85.0	89.0	100.0
1393196855501	30476.398	86.0	89.0	99.0
1393196855513	30476.398	87.0	89.0	99.0
1393196855521	30476.398	87.0	89.0	98.0
1393196855529	30476.398	87.0	89.0	98.0
1393196855542	30476.398	87.0	89.0	98.0
1393196855557	30476.398	87.0	89.0	98.0
1393196855570	30476.398	86.0	89.0	99.0
1393196855574	30476.398	85.0	89.0	100.0
1393196855579	30476.398	84.0	89.0	101.0
1393196855591	30476.398	83.0	89.0	102.0
1393196855601	30476.398	82.0	89.0	103.0
1393196855609	30476.398	81.0	89.0	104.0
1393196855626	30476.398	81.0	89.0	104.0
1393196855629	30476.398	82.0	89.0	104.0
1393196855640	30476.398	83.0	89.0	103.0
1393196855649	30476.398	84.0	89.0	102.0
1393196855662	30476.398	84.0	89.0	101.0
1393196855676	30476.398	85.0	89.0	100.0
1393196855679	30476.398	85.0	89.0	100.0
1393196855699	30476.398	86.0	89.0	99.0
1393196855703	30476.398	87.0	89.0	99.0
1393196855709	30476.398	87.0	89.0	98.0
1393196855726	30476.398	88.0	89.0	97.0
1393196855736	30476.398	89.0	89.0	97.0
1393196855762	30476.398	87.0	89.0	98.0
1393196855765	30476.398	87.0	89.0	98.0
1393196855767	30476.398	87.0	89.0	98.0
1393196855772	30476.398	86.0	89.0	99.0
1393196855780	30476.398	86.0	89.0	100.0
1393196855788	30476.398	85.0	89.0	100.0
1393196855800	30476.398	84.0	89.0	101.0
1393196855809	30476.398	83.0	89.0	102.0
1393196855820	30476.398	82.0	89.0	103.0
1393196855828	30476.398	82.0	89.0	103.0
1393196855841	30476.398	82.0	89.0	103.0
1393196855849	30476.398	82.0	89.0	103.0
1393196855859	30476.398	82.0	89.0	103.0
1393196855872	30476.398	82.0	89.0	103.0
1393196855880	30476.398	83.0	89.0	103.0
1393196855889	30476.398	83.0	89.0	102.0
1393196855905	30476.398	82.0	89.0	103.0
1393196855909	30476.398	82.0	89.0	103.0
1393196855921	30476.398	81.0	89.0	104.0
1393196855929	30476.398	81.0	89.0	104.0
1393196855939	30476.398	82.0	89.0	103.0
1393196855961	30476.398	88.0	89.0	97.0
1393196855979	30476.398	96.0	89.0	89.0
1393196855989	30476.398	100.0	89.0	86.0
1393196856001	30476.398	102.0	89.0	83.0
1393196856009	30476.398	102.0	89.0	83.0
1393196856021	30476.398	100.0	89.0	85.0
1393196856028	30476.398	98.0	89.0	87.0
1393196856038	30476.398	95.0	89.0	90.0
1393196856049	30476.398	93.0	89.0	92.0
1393196856059	30476.398	91.0	89.0	94.0
1393196856074	30476.398	89.0	89.0	96.0
1393196856084	30476.398	88.0	89.0	97.0
1393196856096	30476.398	88.0	89.0	97.0
1393196856099	30476.398	88.0	89.0	97.0
1393196856108	30476.398	88.0	89.0	97.0
1393196856119	30476.398	88.0	89.0	97.0
1393196856128	30476.398	88.0	89.0	97.0
1393196856142	30476.398	87.0	89.0	98.0
1393196856150	30476.398	86.0	89.0	99.0
1393196856159	30476.398	86.0	89.0	99.0
1393196856171	30476.398	86.0	89.0	99.0
1393196856179	30476.398	87.0	89.0	98.0
1393196856190	30476.398	87.0	89.0	98.0
1393196856204	30476.398	87.0	89.0	98.0
1393196856209	30476.398	86.0	89.0	99.0
1393196856222	30476.398	86.0	89.0	100.0
1393196856230	30476.398	85.0	89.0	100.0
1393196856239	30476.398	85.0	89.0	100.0
1393196856254	30476.398	84.0	89.0	101.0
1393196856262	30476.398	84.0	89.0	101.0
1393196856271	30476.398	83.0	89.0	102.0
1393196856280	30476.398	82.0	89.0	103.0
1393196856291	30476.398	81.0	89.0	104.0
1393196856304	30476.398	80.0	89.0	106.0
1393196856311	30476.398	78.0	89.0	107.0
1393196856326	30476.398	76.0	89.0	109.0
1393196856331	30476.398	76.0	89.0	110.0
1393196856352	30476.398	1.0	6.0	5.0
1393196856363	30476.398	76.0	89.0	109.0
1393196856368	30476.398	76.0	89.0	109.0
1393196856372	30476.398	76.0	89.0	109.0
1393196856383	30476.398	76.0	89.0	109.0
1393196856400	30476.398	75.0	89.0	110.0
1393196856404	30476.398	75.0	88.0	110.0
1393196856409	30476.398	75.0	88.0	110.0
1393196856422	30476.398	75.0	88.0	110.0
1393196856429	30476.398	76.0	88.0	109.0
1393196856442	30476.398	76.0	88.0	109.0
1393196856454	30476.398	76.0	88.0	109.0
1393196856460	30476.398	76.0	88.0	109.0
1393196856470	30476.398	76.0	88.0	109.0
1393196856479	30476.398	76.0	88.0	109.0
1393196856490	30476.398	77.0	88.0	108.0
1393196856505	30476.398	76.0	88.0	109.0
1393196856510	30476.398	77.0	88.0	108.0
1393196856520	30476.398	77.0	88.0	108.0
1393196856530	30476.398	76.0	88.0	109.0
1393196856540	30476.398	76.0	88.0	109.0
1393196856559	30476.398	76.0	88.0	109.0
1393196856562	30476.398	76.0	88.0	109.0
1393196856570	30476.398	76.0	88.0	109.0
1393196856580	30476.398	76.0	88.0	109.0
1393196856610	30476.398	2.0	6.0	5.0
1393196856612	30476.398	75.0	88.0	110.0
1393196856623	30476.398	74.0	88.0	111.0
1393196856630	30476.398	74.0	88.0	111.0
1393196856640	30476.398	74.0	88.0	111.0
1393196856652	30476.398	74.0	88.0	111.0
1393196856661	30476.398	75.0	88.0	110.0
1393196856670	30476.398	75.0	88.0	110.0
1393196856687	30476.398	75.0	88.0	110.0
1393196856690	30476.398	89.0	52.0	89.0
1393196856705	30476.398	75.0	88.0	110.0
1393196856710	30476.398	75.0	88.0	110.0
1393196856720	30476.398	74.0	88.0	111.0
1393196856730	30476.398	74.0	88.0	111.0
1393196856744	30476.398	74.0	88.0	111.0
1393196856752	30476.398	74.0	88.0	111.0
1393196856760	30476.398	74.0	88.0	111.0
1393196856770	30476.398	74.0	88.0	111.0
1393196856781	30476.398	73.0	88.0	112.0
1393196856790	30476.398	72.0	88.0	113.0
1393196856803	30476.398	71.0	88.0	114.0
1393196856810	30476.398	70.0	88.0	115.0
1393196856820	30476.398	69.0	88.0	116.0
1393196856840	30476.398	69.0	88.0	116.0
1393196856847	30476.398	69.0	88.0	116.0
1393196856851	30476.398	69.0	88.0	115.0
1393196856867	30476.398	70.0	88.0	115.0
1393196856877	30476.398	71.0	88.0	114.0
1393196856882	30476.398	72.0	88.0	113.0
1393196856890	30476.398	72.0	88.0	113.0
1393196856902	30476.398	72.0	88.0	113.0
1393196856910	30476.398	72.0	88.0	112.0
1393196856923	30476.398	73.0	88.0	112.0
1393196856937	30476.398	73.0	88.0	112.0
1393196856940	30476.398	73.0	88.0	112.0
1393196856956	30476.398	72.0	88.0	113.0
1393196856960	30476.398	72.0	88.0	113.0
1393196856970	30476.398	71.0	88.0	114.0
1393196856984	30476.398	70.0	88.0	115.0
1393196856990	30476.398	71.0	88.0	114.0
1393196857003	30476.398	72.0	88.0	113.0
1393196857010	30476.398	72.0	88.0	113.0
1393196857024	30476.398	73.0	88.0	112.0
1393196857034	30476.398	48.0	35.0	23.0
1393196857042	30476.398	74.0	88.0	111.0
1393196857053	30476.398	74.0	88.0	111.0
1393196857060	30476.398	74.0	88.0	111.0
1393196857070	30476.398	75.0	88.0	111.0
1393196857081	30476.398	75.0	88.0	110.0
1393196857090	30476.398	76.0	88.0	110.0
1393196857103	30476.398	76.0	88.0	109.0
1393196857110	30476.398	77.0	88.0	109.0
1393196857120	30476.398	78.0	88.0	108.0
1393196857130	30476.398	78.0	88.0	107.0
1393196857140	30476.398	77.0	88.0	108.0
1393196857151	30476.398	75.0	88.0	110.0
1393196857163	30476.398	97.0	8.0	90.0
1393196857170	30476.398	70.0	88.0	115.0
1393196857184	30476.398	68.0	88.0	117.0
1393196857190	30476.398	66.0	88.0	119.0
1393196857201	30476.398	66.0	88.0	120.0
1393196857211	30476.398	65.0	88.0	120.0
1393196857227	30476.398	66.0	88.0	119.0
1393196857244	30476.398	68.0	88.0	117.0
1393196857301	30476.398	67.0	88.0	118.0
1393196857304	30476.398	67.0	88.0	118.0
1393196857306	30476.398	67.0	88.0	118.0
1393196857307	30476.398	67.0	88.0	119.0
1393196857309	30476.398	67.0	88.0	119.0
1393196857310	30476.398	67.0	88.0	118.0
1393196857311	30476.398	67.0	88.0	118.0
1393196857320	30476.398	67.0	88.0	118.0
1393196857332	30476.398	66.0	88.0	119.0
1393196857342	30476.398	67.0	88.0	119.0
1393196857350	30476.398	67.0	88.0	118.0
1393196857360	30476.398	68.0	88.0	117.0
1393196857371	30476.398	69.0	88.0	116.0
1393196857384	30476.398	70.0	88.0	115.0
1393196857390	30476.398	71.0	88.0	114.0
1393196857404	30476.398	72.0	88.0	113.0
1393196857410	30476.398	73.0	88.0	112.0
1393196857421	30476.398	73.0	88.0	112.0
1393196857434	30476.398	74.0	88.0	111.0
1393196857441	30476.398	74.0	88.0	112.0
1393196857455	30476.398	73.0	88.0	112.0
1393196857469	30476.398	72.0	88.0	113.0
1393196857472	30476.398	72.0	88.0	113.0
1393196857489	30476.398	72.0	88.0	114.0
1393196857493	30476.398	71.0	88.0	114.0
1393196857505	30476.398	71.0	88.0	115.0
1393196857511	30476.398	70.0	88.0	115.0
1393196857523	30476.398	70.0	88.0	115.0
1393196857535	30476.398	70.0	88.0	115.0
1393196857541	30476.398	69.0	88.0	116.0
1393196857555	30476.398	69.0	88.0	116.0
1393196857563	30476.398	68.0	88.0	117.0
1393196857571	30476.398	67.0	88.0	118.0
1393196857585	30476.398	66.0	88.0	119.0
1393196857591	30476.398	64.0	88.0	121.0
1393196857601	30476.398	63.0	88.0	122.0
1393196857611	30476.398	62.0	88.0	123.0
1393196857621	30476.398	61.0	88.0	124.0
1393196857633	30476.398	60.0	88.0	125.0
1393196857643	30476.398	60.0	88.0	125.0
1393196857653	30476.398	60.0	88.0	125.0
1393196857661	30476.398	60.0	88.0	125.0
1393196857671	30476.398	61.0	88.0	124.0
1393196857683	30476.398	61.0	88.0	124.0
1393196857691	30476.398	61.0	88.0	124.0
1393196857711	30476.398	61.0	88.0	124.0
1393196857723	30476.398	61.0	88.0	124.0
1393196857735	30476.398	61.0	88.0	124.0
1393196857741	30476.398	61.0	88.0	124.0
1393196857756	30476.398	61.0	88.0	124.0
1393196857763	30476.398	61.0	88.0	124.0
1393196857771	30476.398	179.0	24.0	176.0
1393196857782	30476.398	61.0	88.0	124.0
1393196857790	30476.398	61.0	88.0	123.0
1393196857801	30476.398	62.0	88.0	123.0
1393196857811	30476.398	62.0	88.0	123.0
1393196857823	30476.398	62.0	88.0	123.0
1393196857832	30476.398	62.0	88.0	123.0
1393196857842	30476.398	63.0	88.0	122.0
1393196857851	30476.398	62.0	88.0	122.0
1393196857861	30476.398	62.0	88.0	123.0
1393196857891	30476.398	61.0	88.0	124.0
1393196857893	30476.398	61.0	88.0	124.0
1393196857901	30476.398	61.0	88.0	124.0
1393196857910	30476.398	61.0	88.0	124.0
1393196857920	30476.398	61.0	88.0	124.0
1393196857932	30476.398	61.0	88.0	124.0
1393196857943	30476.398	61.0	88.0	124.0
1393196857951	30476.398	61.0	88.0	123.0
1393196857961	30476.398	62.0	88.0	123.0
1393196857971	30476.398	63.0	88.0	122.0
1393196857981	30476.398	64.0	88.0	121.0
1393196857990	30476.398	65.0	88.0	120.0
1393196858003	30476.398	66.0	88.0	119.0
1393196858011	30476.398	97.0	8.0	90.0
1393196858021	30476.398	66.0	88.0	119.0
1393196858031	30476.398	65.0	88.0	119.0
1393196858041	30476.398	65.0	88.0	120.0
1393196858051	30476.398	64.0	88.0	120.0
1393196858064	30476.398	64.0	88.0	121.0
1393196858071	30476.398	64.0	88.0	121.0
1393196858081	30476.398	64.0	88.0	121.0
1393196858091	30476.398	64.0	88.0	121.0
1393196858101	30476.398	64.0	88.0	121.0
1393196858115	30476.398	65.0	88.0	120.0
1393196858123	30476.398	65.0	88.0	120.0
1393196858131	30476.398	66.0	88.0	119.0
1393196858141	30476.398	66.0	88.0	119.0
1393196858153	30476.398	66.0	88.0	119.0
1393196858166	30476.398	66.0	88.0	119.0
1393196858171	30476.398	65.0	88.0	120.0
1393196858184	30476.398	65.0	88.0	120.0
1393196858191	30476.398	64.0	88.0	121.0
1393196858203	30476.398	63.0	88.0	122.0
1393196858216	30476.398	63.0	88.0	122.0
1393196858222	30476.398	63.0	88.0	122.0
1393196858233	30476.398	63.0	88.0	122.0
1393196858250	30476.398	46.0	69.0	47.0
1393196858254	30476.398	63.0	88.0	122.0
1393196858268	30476.398	63.0	88.0	121.0
1393196858272	30476.398	64.0	88.0	121.0
1393196858285	30476.398	65.0	88.0	120.0
1393196858291	30476.398	65.0	88.0	120.0
1393196858304	30476.398	66.0	88.0	119.0
1393196858314	30476.398	66.0	88.0	119.0
1393196858321	30476.398	66.0	88.0	119.0
1393196858331	30476.398	66.0	88.0	119.0
1393196858341	30476.398	67.0	88.0	118.0
1393196858351	30476.398	67.0	88.0	118.0
1393196858364	30476.398	67.0	88.0	118.0
1393196858371	30476.398	67.0	88.0	118.0
1393196858384	30476.398	66.0	88.0	118.0
1393196858391	30476.398	66.0	88.0	119.0
1393196858401	30476.398	66.0	88.0	119.0
1393196858416	30476.398	66.0	88.0	119.0
1393196858424	30476.398	66.0	88.0	119.0
1393196858432	30476.398	66.0	88.0	119.0
1393196858442	30476.398	66.0	88.0	119.0
1393196858452	30476.398	66.0	88.0	119.0
1393196858465	30476.398	66.0	88.0	119.0
1393196858476	30476.398	65.0	88.0	119.0
1393196858485	30476.398	66.0	88.0	119.0
1393196858492	30476.398	66.0	88.0	119.0
1393196858503	30476.398	65.0	88.0	119.0
1393196858521	30476.398	65.0	88.0	120.0
1393196858532	30476.398	65.0	88.0	120.0
1393196858564	30476.398	65.0	88.0	120.0
1393196858566	30476.398	65.0	88.0	120.0
1393196858568	30476.398	64.0	88.0	121.0
1393196858571	30476.398	63.0	88.0	121.0
1393196858583	30476.398	63.0	88.0	122.0
1393196858591	30476.398	63.0	88.0	122.0
1393196858604	30476.398	64.0	88.0	121.0
1393196858612	30476.398	64.0	88.0	121.0
1393196858621	30476.398	65.0	88.0	120.0
1393196858631	30476.398	65.0	88.0	120.0
1393196858641	30476.398	66.0	88.0	119.0
1393196858651	30476.398	67.0	88.0	118.0
1393196858666	30476.398	67.0	88.0	118.0
1393196858672	30476.398	66.0	88.0	119.0
1393196858683	30476.398	65.0	88.0	119.0
1393196858693	30476.398	64.0	88.0	121.0
1393196858705	30476.398	63.0	88.0	122.0
1393196858715	30476.398	62.0	88.0	123.0
1393196858724	30476.398	61.0	88.0	124.0
1393196858738	30476.398	61.0	88.0	124.0
1393196858742	30476.398	62.0	88.0	123.0
1393196858752	30476.398	62.0	88.0	123.0
1393196858763	30476.398	62.0	88.0	123.0
1393196858771	30476.398	63.0	88.0	123.0
1393196858784	30476.398	63.0	88.0	122.0
1393196858792	30476.398	63.0	88.0	122.0
1393196858802	30476.398	64.0	88.0	122.0
1393196858815	30476.398	64.0	88.0	121.0
1393196858821	30476.398	65.0	88.0	120.0
1393196858832	30476.398	66.0	88.0	119.0
1393196858847	30476.398	67.0	88.0	118.0
1393196858852	30476.398	68.0	88.0	117.0
1393196858862	30476.398	69.0	88.0	116.0
1393196858871	30476.398	69.0	88.0	116.0
1393196858882	30476.398	69.0	88.0	116.0
1393196858892	30476.398	69.0	88.0	117.0
1393196858905	30476.398	68.0	88.0	117.0
1393196858914	30476.398	68.0	88.0	117.0
1393196858922	30476.398	67.0	88.0	118.0
1393196858932	30476.398	66.0	88.0	119.0
1393196858942	30476.398	66.0	88.0	120.0
1393196858952	30476.398	65.0	88.0	121.0
1393196858964	30476.398	64.0	88.0	121.0
1393196858972	30476.398	64.0	88.0	122.0
1393196858982	30476.398	63.0	88.0	122.0
1393196858992	30476.398	63.0	88.0	122.0
1393196859003	30476.398	63.0	88.0	122.0
1393196859014	30476.398	63.0	88.0	122.0
1393196859028	30476.398	64.0	88.0	121.0
1393196859044	30476.398	65.0	88.0	120.0
1393196859047	30476.398	66.0	88.0	119.0
1393196859053	30476.398	66.0	88.0	119.0
1393196859063	30476.398	67.0	88.0	118.0
1393196859072	30476.398	68.0	88.0	117.0
1393196859085	30476.398	69.0	88.0	116.0
1393196859097	30476.398	68.0	88.0	117.0
1393196859102	30476.398	68.0	88.0	117.0
1393196859112	30476.398	67.0	88.0	118.0
1393196859121	30476.398	67.0	88.0	119.0
1393196859131	30476.398	66.0	88.0	119.0
1393196859145	30476.398	65.0	88.0	120.0
1393196859151	30476.398	65.0	88.0	120.0
1393196859167	30476.398	64.0	88.0	121.0
1393196859172	30476.398	63.0	88.0	122.0
1393196859187	30476.398	63.0	88.0	122.0
1393196859204	30476.398	63.0	88.0	122.0
1393196859211	30476.398	63.0	88.0	122.0
1393196859221	30476.398	64.0	88.0	121.0
1393196859232	30476.398	64.0	88.0	121.0
1393196859245	30476.398	65.0	88.0	120.0
1393196859251	30476.398	65.0	88.0	120.0
1393196859265	30476.398	66.0	88.0	119.0
1393196859272	30476.398	66.0	88.0	119.0
1393196859282	30476.398	66.0	88.0	119.0
1393196859295	30476.398	66.0	88.0	119.0
1393196859303	30476.398	65.0	88.0	120.0
1393196859312	30476.398	65.0	88.0	120.0
1393196859328	30476.398	65.0	88.0	120.0
1393196859332	30476.398	65.0	88.0	120.0
1393196859345	30476.398	65.0	88.0	120.0
1393196859353	30476.398	65.0	88.0	120.0
1393196859364	30476.398	66.0	88.0	119.0
1393196859373	30476.398	67.0	88.0	118.0
1393196859385	30476.398	67.0	88.0	118.0
1393196859397	30476.398	68.0	88.0	117.0
1393196859403	30476.398	69.0	88.0	117.0
1393196859414	30476.398	69.0	88.0	116.0
1393196859425	30476.398	69.0	88.0	116.0
1393196859432	30476.398	69.0	88.0	116.0
1393196859445	30476.398	70.0	88.0	115.0
1393196859453	30476.398	71.0	88.0	114.0
1393196859463	30476.398	72.0	88.0	113.0
1393196859474	30476.398	72.0	88.0	113.0
1393196859483	30476.398	72.0	88.0	113.0
1393196859493	30476.398	71.0	88.0	114.0
1393196859505	30476.398	70.0	87.0	115.0
1393196859513	30476.398	69.0	87.0	116.0
1393196859525	30476.398	68.0	88.0	117.0
1393196859535	30476.398	67.0	88.0	118.0
1393196859543	30476.398	67.0	88.0	118.0
1393196859554	30476.398	97.0	8.0	90.0
1393196859567	30476.398	67.0	88.0	118.0
1393196859574	30476.398	68.0	87.0	117.0
1393196859583	30476.398	69.0	87.0	116.0
1393196859595	30476.398	70.0	87.0	115.0
1393196859604	30476.398	71.0	87.0	114.0
1393196859613	30476.398	72.0	87.0	113.0
1393196859632	30476.398	72.0	87.0	113.0
1393196859637	30476.398	72.0	87.0	114.0
1393196859647	30476.398	70.0	87.0	115.0
1393196859654	30476.398	69.0	87.0	116.0
1393196859663	30476.398	67.0	87.0	118.0
1393196859673	30476.398	66.0	87.0	119.0
1393196859686	30476.398	65.0	87.0	120.0
1393196859694	30476.398	65.0	87.0	120.0
1393196859708	30476.398	66.0	87.0	120.0
1393196859723	30476.398	3.0	6.0	5.0
1393196859729	30476.398	66.0	87.0	119.0
1393196859734	30476.398	67.0	87.0	118.0
1393196859754	30476.398	70.0	87.0	115.0
1393196859763	30476.398	72.0	87.0	113.0
1393196859773	30476.398	73.0	87.0	112.0
1393196859783	30476.398	97.0	8.0	90.0
1393196859807	30476.398	74.0	87.0	111.0
1393196859820	30476.398	74.0	87.0	111.0
1393196859824	30476.398	74.0	87.0	111.0
1393196859833	30476.398	74.0	87.0	111.0
1393196859845	30476.398	73.0	87.0	112.0
1393196859854	30476.398	73.0	87.0	112.0
1393196859866	30476.398	74.0	87.0	111.0
1393196859873	30476.398	75.0	87.0	110.0
1393196859883	30476.398	75.0	87.0	110.0
1393196859897	30476.398	76.0	87.0	109.0
1393196859904	30476.398	76.0	87.0	109.0
1393196859913	30476.398	77.0	87.0	108.0
1393196859932	30476.398	79.0	87.0	107.0
1393196859934	30476.398	80.0	87.0	105.0
1393196859943	30476.398	81.0	87.0	104.0
1393196859952	30476.398	82.0	87.0	103.0
1393196859963	30476.398	82.0	87.0	103.0
1393196859974	30476.398	82.0	87.0	103.0
1393196859984	30476.398	82.0	87.0	103.0
1393196859993	30476.398	82.0	87.0	103.0
1393196860002	30476.398	81.0	87.0	104.0
1393196860012	30476.398	81.0	87.0	104.0
1393196860026	30476.398	80.0	87.0	105.0
1393196860032	30476.398	80.0	87.0	105.0
1393196860045	30476.398	80.0	87.0	105.0
1393196860052	30476.398	80.0	87.0	105.0
1393196860063	30476.398	80.0	87.0	105.0
1393196860076	30476.398	81.0	87.0	104.0
1393196860083	30476.398	81.0	87.0	104.0
1393196860093	30476.398	82.0	87.0	103.0
1393196860114	30476.398	26.0	33.0	17.0
1393196860117	30476.398	84.0	87.0	101.0
1393196860123	30476.398	85.0	87.0	100.0
1393196860133	30476.398	86.0	87.0	99.0
1393196860146	30476.398	86.0	87.0	99.0
1393196860163	30476.398	86.0	87.0	99.0
1393196860168	30476.398	86.0	87.0	99.0
1393196860182	30476.398	86.0	87.0	99.0
1393196860186	30476.398	85.0	87.0	100.0
1393196860195	30476.398	85.0	87.0	100.0
1393196860215	30476.398	3.0	6.0	5.0
1393196860216	30476.398	85.0	87.0	100.0
1393196860226	30476.398	86.0	87.0	99.0
1393196860234	30476.398	86.0	87.0	99.0
1393196860245	30476.398	87.0	87.0	98.0
1393196860254	30476.398	88.0	87.0	97.0
1393196860264	30476.398	89.0	87.0	97.0
1393196860280	30476.398	89.0	87.0	96.0
1393196860286	30476.398	90.0	87.0	95.0
1393196860293	30476.398	91.0	87.0	95.0
1393196860304	30476.398	91.0	87.0	94.0
1393196860314	30476.398	91.0	87.0	94.0
1393196860327	30476.398	91.0	87.0	94.0
1393196860334	30476.398	92.0	87.0	93.0
1393196860346	30476.398	92.0	87.0	93.0
1393196860355	30476.398	108.0	51.0	112.0
1393196860365	30476.398	93.0	87.0	92.0
1393196860380	30476.398	94.0	87.0	91.0
1393196860384	30476.398	95.0	87.0	90.0
1393196860394	30476.398	96.0	87.0	89.0
1393196860417	30476.398	99.0	87.0	86.0
1393196860430	30476.398	100.0	87.0	85.0
1393196860435	30476.398	100.0	87.0	85.0
1393196860447	30476.398	100.0	87.0	85.0
1393196860458	30476.398	99.0	87.0	86.0
1393196860470	30476.398	98.0	87.0	87.0
1393196860473	30476.398	97.0	8.0	90.0
1393196860483	30476.398	97.0	8.0	90.0
1393196860493	30476.398	97.0	8.0	90.0
1393196860507	30476.398	95.0	87.0	90.0
1393196860519	30476.398	95.0	87.0	90.0
1393196860526	30476.398	95.0	87.0	91.0
1393196860534	30476.398	95.0	87.0	90.0
1393196860544	30476.398	95.0	87.0	90.0
1393196860560	30476.398	96.0	87.0	89.0
1393196860574	30476.398	98.0	87.0	87.0
1393196860579	30476.398	100.0	87.0	85.0
1393196860588	30476.398	103.0	87.0	82.0
1393196860601	30476.398	106.0	87.0	79.0
1393196860613	30476.398	109.0	87.0	75.0
1393196860617	30476.398	111.0	86.0	74.0
1393196860629	30476.398	113.0	86.0	72.0
1393196860635	30476.398	113.0	86.0	72.0
1393196860647	30476.398	113.0	86.0	72.0
1393196860658	30476.398	112.0	86.0	73.0
1393196860668	30476.398	112.0	86.0	73.0
1393196860676	30476.398	112.0	86.0	73.0
1393196860686	30476.398	112.0	86.0	72.0
1393196860701	30476.398	113.0	86.0	72.0
1393196860727	30476.398	114.0	86.0	71.0
1393196860731	30476.398	115.0	86.0	70.0
1393196860734	30476.398	133.0	25.0	107.0
1393196860741	30476.398	116.0	86.0	68.0
1393196860745	30476.398	117.0	86.0	68.0
1393196860768	30476.398	117.0	86.0	68.0
1393196860771	30476.398	117.0	85.0	67.0
1393196860774	30476.398	117.0	85.0	67.0
1393196860784	30476.398	96.0	8.0	90.0
1393196860794	30476.398	117.0	85.0	68.0
1393196860806	30476.398	117.0	85.0	68.0
1393196860815	30476.398	117.0	85.0	68.0
1393196860826	30476.398	118.0	85.0	67.0
1393196860835	30476.398	119.0	85.0	66.0
1393196860844	30476.398	119.0	85.0	65.0
1393196860859	30476.398	120.0	85.0	65.0
1393196860864	30476.398	120.0	85.0	65.0
1393196860875	30476.398	121.0	85.0	64.0
1393196860893	30476.398	25.0	85.0	64.0
1393196860896	30476.398	120.0	85.0	65.0
1393196860909	30476.398	120.0	85.0	65.0
1393196860914	30476.398	96.0	8.0	90.0
1393196860928	30476.398	120.0	85.0	65.0
1393196860934	30476.398	119.0	85.0	65.0
1393196860946	30476.398	119.0	85.0	66.0
1393196860957	30476.398	119.0	85.0	66.0
1393196860963	30476.398	96.0	8.0	90.0
1393196860974	30476.398	96.0	8.0	90.0
1393196860983	30476.398	96.0	8.0	90.0
1393196860994	30476.398	120.0	85.0	65.0
1393196861009	30476.398	120.0	85.0	65.0
1393196861014	30476.398	120.0	85.0	65.0
1393196861024	30476.398	120.0	85.0	65.0
1393196861038	30476.398	119.0	85.0	65.0
1393196861048	30476.398	119.0	85.0	66.0
1393196861063	30476.398	119.0	85.0	65.0
1393196861067	30476.398	120.0	85.0	65.0
1393196861088	30476.398	120.0	85.0	65.0
1393196861098	30476.398	119.0	85.0	65.0
1393196861108	30476.398	119.0	85.0	65.0
1393196861113	30476.398	119.0	85.0	65.0
1393196861128	30476.398	119.0	85.0	65.0
1393196861133	30476.398	120.0	85.0	65.0
1393196861143	30476.398	120.0	85.0	65.0
1393196861159	30476.398	120.0	85.0	64.0
1393196861164	30476.398	120.0	85.0	64.0
1393196861174	30476.398	121.0	85.0	64.0
1393196861189	30476.398	121.0	85.0	64.0
1393196861194	30476.398	122.0	85.0	63.0
1393196861208	30476.398	123.0	85.0	62.0
1393196861214	30476.398	123.0	85.0	62.0
1393196861224	30476.398	123.0	85.0	62.0
1393196861234	30476.398	123.0	85.0	62.0
1393196861246	30476.398	123.0	85.0	62.0
1393196861258	30476.398	123.0	85.0	62.0
1393196861264	30476.398	123.0	85.0	62.0
1393196861279	30476.398	123.0	85.0	62.0
1393196861286	30476.398	123.0	85.0	61.0
1393196861295	30476.398	124.0	85.0	61.0
1393196861317	30476.398	124.0	85.0	61.0
1393196861319	30476.398	124.0	85.0	60.0
1393196861328	30476.398	125.0	85.0	60.0
1393196861336	30476.398	125.0	86.0	59.0
1393196861344	30476.398	125.0	86.0	59.0
1393196861356	30476.398	125.0	86.0	59.0
1393196861366	30476.398	126.0	86.0	59.0
1393196861374	30476.398	127.0	86.0	58.0
1393196861385	30476.398	128.0	86.0	57.0
1393196861394	30476.398	129.0	86.0	56.0
1393196861404	30476.398	96.0	8.0	90.0
1393196861414	30476.398	131.0	86.0	54.0
1393196861427	30476.398	131.0	86.0	54.0
1393196861436	30476.398	131.0	86.0	54.0
1393196861444	30476.398	130.0	86.0	54.0
1393196861457	30476.398	130.0	86.0	54.0
1393196861464	30476.398	130.0	86.0	54.0
1393196861475	30476.398	130.0	86.0	54.0
1393196861490	30476.398	130.0	86.0	54.0
1393196861494	30476.398	130.0	86.0	54.0
1393196861506	30476.398	130.0	86.0	54.0
1393196861515	30476.398	131.0	86.0	54.0
1393196861524	30476.398	132.0	86.0	53.0
1393196861534	30476.398	133.0	86.0	52.0
1393196861547	30476.398	134.0	86.0	51.0
1393196861556	30476.398	135.0	86.0	50.0
1393196861565	30476.398	135.0	86.0	49.0
1393196861575	30476.398	136.0	86.0	49.0
1393196861586	30476.398	137.0	86.0	48.0
1393196861594	30476.398	137.0	87.0	48.0
1393196861608	30476.398	137.0	86.0	48.0
1393196861614	30476.398	137.0	86.0	48.0
1393196861624	30476.398	137.0	86.0	47.0
1393196861638	30476.398	138.0	86.0	47.0
1393196861644	30476.398	138.0	86.0	47.0
1393196861657	30476.398	139.0	86.0	46.0
1393196861667	30476.398	140.0	86.0	45.0
1393196861675	30476.398	141.0	86.0	44.0
1393196861689	30476.398	142.0	86.0	43.0
1393196861695	30476.398	143.0	86.0	41.0
1393196861706	30476.398	145.0	86.0	40.0
1393196861727	30476.398	146.0	86.0	39.0
1393196861745	30476.398	146.0	86.0	39.0
1393196861746	30476.398	145.0	86.0	40.0
1393196861755	30476.398	144.0	86.0	41.0
1393196861764	30476.398	143.0	86.0	42.0
1393196861775	30476.398	143.0	86.0	42.0
1393196861790	30476.398	143.0	86.0	42.0
1393196861795	30476.398	144.0	86.0	41.0
1393196861807	30476.398	144.0	86.0	41.0
1393196861815	30476.398	145.0	86.0	40.0
1393196861824	30476.398	146.0	86.0	39.0
1393196861844	30476.398	146.0	86.0	39.0
1393196861847	30476.398	147.0	86.0	38.0
1393196861857	30476.398	147.0	86.0	38.0
1393196861865	30476.398	147.0	86.0	38.0
1393196861875	30476.398	146.0	86.0	38.0
1393196861889	30476.398	146.0	86.0	39.0
1393196861895	30476.398	146.0	86.0	39.0
1393196861908	30476.398	146.0	86.0	39.0
1393196861914	30476.398	146.0	86.0	39.0
1393196861925	30476.398	147.0	86.0	38.0
1393196861938	30476.398	148.0	86.0	37.0
1393196861945	30476.398	148.0	86.0	36.0
1393196861957	30476.398	149.0	86.0	36.0
1393196861968	30476.398	149.0	86.0	35.0
1393196861976	30476.398	150.0	86.0	35.0
1393196861988	30476.398	149.0	86.0	36.0
1393196861995	30476.398	148.0	86.0	36.0
1393196862007	30476.398	148.0	86.0	37.0
1393196862016	30476.398	147.0	86.0	38.0
1393196862037	30476.398	146.0	86.0	38.0
1393196862041	30476.398	146.0	86.0	39.0
1393196862046	30476.398	145.0	86.0	40.0
1393196862062	30476.398	144.0	86.0	41.0
1393196862065	30476.398	143.0	86.0	41.0
1393196862084	30476.398	143.0	86.0	42.0
1393196862086	30476.398	142.0	86.0	43.0
1393196862094	30476.398	143.0	86.0	42.0
1393196862104	30476.398	144.0	87.0	41.0
1393196862114	30476.398	146.0	87.0	39.0
1393196862124	30476.398	148.0	87.0	37.0
1393196862136	30476.398	151.0	86.0	34.0
1393196862146	30476.398	153.0	86.0	32.0
1393196862154	30476.398	155.0	86.0	30.0
1393196862164	30476.398	157.0	86.0	28.0
1393196862439	30476.398	158.0	86.0	27.0
1393196862440	30476.398	158.0	86.0	27.0
1393196862441	30476.398	157.0	86.0	28.0
1393196862442	30476.398	155.0	86.0	30.0
1393196862443	30476.398	152.0	86.0	33.0
1393196862444	30476.398	150.0	86.0	35.0
1393196862445	30476.398	149.0	86.0	36.0
1393196862446	30476.398	148.0	86.0	37.0
1393196862446	30476.398	148.0	86.0	37.0
1393196862448	30476.398	149.0	86.0	36.0
1393196862449	30476.398	150.0	86.0	35.0
1393196862450	30476.398	151.0	86.0	34.0
1393196862451	30476.398	152.0	86.0	33.0
1393196862454	30476.398	152.0	86.0	33.0
1393196862456	30476.398	152.0	86.0	33.0
1393196862457	30476.398	152.0	86.0	32.0
1393196862458	30476.398	152.0	86.0	32.0
1393196862459	30476.398	152.0	86.0	33.0
1393196862461	30476.398	152.0	86.0	33.0
1393196862462	30476.398	152.0	86.0	33.0
1393196862463	30476.398	153.0	86.0	32.0
1393196862469	30476.398	153.0	86.0	32.0
1393196862470	30476.398	153.0	86.0	32.0
1393196862499	30476.398	153.0	86.0	32.0
