1393197080650	3211.0	171.0	86.0	7.0
1393197080657	3211.0	169.0	86.0	5.0
1393197080667	3211.0	171.0	85.0	6.0
1393197080676	3214.0	173.0	85.0	8.0
1393197080686	3214.0	175.0	86.0	11.0
1393197080696	3214.0	176.0	86.0	12.0
1393197080709	3214.0	175.0	86.0	11.0
1393197080716	3216.0	173.0	86.0	8.0
1393197080726	3216.0	171.0	86.0	6.0
1393197080736	3216.0	169.0	86.0	4.0
1393197080747	3216.0	168.0	86.0	4.0
1393197080756	3217.0	168.0	86.0	4.0
1393197080769	3217.0	168.0	86.0	4.0
1393197080776	3217.0	167.0	86.0	2.0
1393197080788	3217.0	105.0	4.0	142.0
1393197080797	3217.0	164.0	87.0	0.0
1393197080807	3217.0	169.0	87.0	5.0
1393197080817	3217.0	170.0	87.0	6.0
1393197080829	3216.0	167.0	87.0	3.0
1393197080837	3216.0	164.0	86.0	0.0
1393197080847	3216.0	164.0	86.0	0.0
1393197080858	3216.0	165.0	86.0	1.0
1393197080867	3215.0	165.0	85.0	0.0
1393197080878	3215.0	163.0	85.0	1.0
1393197080889	3215.0	162.0	85.0	2.0
1393197080897	3215.0	163.0	86.0	1.0
1393197080911	3215.0	163.0	86.0	2.0
1393197080917	3215.0	162.0	86.0	2.0
1393197080928	3215.0	162.0	86.0	2.0
1393197080937	3215.0	161.0	86.0	3.0
1393197080960	3215.0	161.0	85.0	3.0
1393197080967	3215.0	162.0	85.0	2.0
1393197080978	3217.0	164.0	84.0	1.0
1393197080987	3217.0	166.0	84.0	1.0
1393197080997	3217.0	166.0	84.0	2.0
1393197081011	3217.0	165.0	84.0	1.0
1393197081017	3214.0	165.0	84.0	1.0
1393197081028	3214.0	165.0	85.0	1.0
1393197081037	3214.0	164.0	85.0	1.0
1393197081048	3214.0	163.0	86.0	2.0
1393197081060	3213.0	162.0	86.0	3.0
1393197081070	3213.0	161.0	86.0	4.0
1393197081077	3213.0	160.0	85.0	4.0
1393197081087	3209.0	159.0	85.0	5.0
1393197081097	3209.0	159.0	85.0	6.0
1393197081113	3209.0	158.0	85.0	6.0
1393197081118	3209.0	158.0	85.0	6.0
1393197081189	3205.0	158.0	85.0	7.0
1393197081191	3205.0	157.0	85.0	7.0
1393197081194	3205.0	157.0	85.0	7.0
1393197081195	3205.0	157.0	85.0	7.0
1393197081197	3209.0	156.0	85.0	8.0
1393197081199	3209.0	156.0	85.0	8.0
1393197081200	3209.0	156.0	85.0	8.0
1393197081203	3208.0	156.0	85.0	8.0
1393197081207	3208.0	156.0	85.0	8.0
1393197081255	3208.0	156.0	85.0	8.0
1393197081257	3208.0	156.0	85.0	8.0
1393197081258	3206.0	156.0	85.0	8.0
1393197081259	3206.0	156.0	85.0	8.0
1393197081260	3206.0	155.0	85.0	9.0
1393197081274	3206.0	155.0	85.0	9.0
1393197081277	3209.0	155.0	85.0	9.0
1393197081287	3209.0	154.0	85.0	10.0
1393197081297	3209.0	154.0	85.0	10.0
1393197081313	3209.0	154.0	85.0	10.0
1393197081319	3208.0	154.0	85.0	10.0
1393197081330	3208.0	154.0	85.0	10.0
1393197081338	3208.0	154.0	85.0	10.0
1393197081348	3209.0	154.0	85.0	10.0
1393197081361	3209.0	154.0	85.0	10.0
1393197081372	3209.0	154.0	85.0	10.0
1393197081379	3209.0	154.0	85.0	10.0
1393197081388	3209.0	154.0	85.0	10.0
1393197081403	3209.0	154.0	85.0	11.0
1393197081411	3209.0	154.0	85.0	11.0
1393197081418	3209.0	154.0	85.0	11.0
1393197081430	3212.0	154.0	85.0	11.0
1393197081438	3212.0	154.0	85.0	10.0
1393197081448	3212.0	154.0	85.0	10.0
1393197081461	3212.0	154.0	85.0	10.0
1393197081468	3207.0	154.0	85.0	10.0
1393197081478	3207.0	154.0	85.0	10.0
1393197081493	3207.0	154.0	85.0	10.0
1393197081501	3212.0	155.0	85.0	10.0
1393197081512	3212.0	155.0	85.0	9.0
1393197081518	3212.0	155.0	85.0	9.0
1393197081528	3212.0	155.0	85.0	9.0
1393197081538	3211.0	155.0	85.0	9.0
1393197081551	3211.0	155.0	85.0	9.0
1393197081561	3211.0	156.0	85.0	9.0
1393197081568	3211.0	156.0	85.0	9.0
1393197081578	3213.0	156.0	85.0	8.0
1393197081588	3213.0	156.0	85.0	8.0
1393197081598	3213.0	156.0	85.0	8.0
1393197081614	3213.0	156.0	85.0	8.0
1393197081619	3214.0	156.0	85.0	8.0
1393197081631	3214.0	156.0	85.0	8.0
1393197081638	3214.0	103.0	41.0	90.0
1393197081648	3207.0	103.0	41.0	90.0
1393197081662	3207.0	156.0	85.0	8.0
1393197081671	3207.0	103.0	41.0	90.0
1393197081688	3212.0	103.0	41.0	90.0
1393197081701	3212.0	156.0	85.0	8.0
1393197081712	3212.0	156.0	85.0	8.0
1393197081719	3212.0	156.0	85.0	8.0
1393197081731	3214.0	156.0	85.0	8.0
1393197081749	3214.0	155.0	85.0	9.0
1393197081761	3214.0	155.0	85.0	9.0
1393197081768	3212.0	155.0	85.0	9.0
1393197081778	3212.0	155.0	85.0	9.0
1393197081794	3212.0	155.0	85.0	9.0
1393197081799	3211.0	155.0	85.0	9.0
1393197081816	3211.0	155.0	85.0	10.0
1393197081820	3211.0	154.0	86.0	10.0
1393197081831	3211.0	154.0	86.0	10.0
1393197081843	3216.0	154.0	86.0	10.0
1393197081857	3216.0	154.0	86.0	10.0
1393197081859	3216.0	154.0	86.0	10.0
1393197081868	3216.0	154.0	86.0	11.0
1393197081878	3216.0	153.0	86.0	11.0
1393197081888	3216.0	153.0	86.0	11.0
1393197081898	3216.0	153.0	86.0	11.0
1393197081912	3216.0	153.0	86.0	11.0
1393197081918	3214.0	153.0	86.0	12.0
1393197081928	3214.0	152.0	86.0	12.0
1393197081938	3214.0	152.0	86.0	12.0
1393197081949	3215.0	152.0	86.0	12.0
1393197081964	3215.0	152.0	86.0	12.0
1393197081970	3215.0	152.0	86.0	12.0
1393197081978	3215.0	152.0	86.0	12.0
1393197081990	3218.0	152.0	86.0	12.0
1393197081999	3218.0	152.0	86.0	12.0
1393197082015	3218.0	152.0	86.0	12.0
1393197082019	3218.0	152.0	86.0	12.0
1393197082031	3217.0	152.0	86.0	12.0
1393197082038	3217.0	152.0	86.0	12.0
1393197082049	3217.0	152.0	86.0	12.0
1393197082064	3218.0	152.0	86.0	12.0
1393197082069	3218.0	103.0	41.0	90.0
1393197082079	3218.0	152.0	86.0	12.0
1393197082093	3218.0	152.0	86.0	12.0
1393197082099	3218.0	103.0	41.0	90.0
1393197082110	3218.0	152.0	86.0	12.0
1393197082119	3218.0	103.0	41.0	90.0
1393197082129	3218.0	103.0	41.0	90.0
1393197082143	3220.0	103.0	41.0	90.0
1393197082151	3220.0	103.0	41.0	90.0
1393197082160	3220.0	153.0	86.0	12.0
1393197082170	3220.0	102.0	41.0	90.0
1393197082179	3219.0	153.0	86.0	12.0
1393197082194	3219.0	102.0	41.0	90.0
1393197082199	3219.0	102.0	41.0	90.0
1393197082211	3220.0	152.0	86.0	13.0
1393197082219	3220.0	102.0	41.0	90.0
1393197082231	3220.0	151.0	86.0	13.0
1393197082248	3220.0	151.0	86.0	13.0
1393197082250	3220.0	151.0	86.0	13.0
1393197082259	3220.0	102.0	41.0	90.0
1393197082276	3220.0	151.0	86.0	13.0
1393197082291	3220.0	102.0	41.0	90.0
1393197082300	3220.0	151.0	86.0	13.0
1393197082323	3220.0	2.0	3.0	16.0
1393197082325	3220.0	151.0	86.0	14.0
1393197082335	3224.0	151.0	86.0	14.0
1393197082340	3224.0	151.0	86.0	13.0
1393197082354	3224.0	151.0	86.0	13.0
1393197082358	3221.0	151.0	86.0	13.0
1393197082368	3221.0	151.0	86.0	13.0
1393197082384	3221.0	151.0	86.0	14.0
1393197082406	3221.0	151.0	86.0	14.0
1393197082408	3224.0	151.0	86.0	14.0
1393197082409	3224.0	151.0	86.0	14.0
1393197082419	3224.0	151.0	86.0	14.0
1393197082428	3224.0	151.0	86.0	14.0
1393197082442	3221.0	150.0	86.0	14.0
1393197082451	3221.0	150.0	86.0	14.0
1393197082461	3221.0	150.0	86.0	14.0
1393197082469	3221.0	150.0	86.0	14.0
1393197082479	3223.0	150.0	86.0	14.0
1393197082493	3223.0	150.0	86.0	14.0
1393197082499	3223.0	150.0	86.0	14.0
1393197082511	3222.0	150.0	86.0	14.0
1393197082518	3222.0	150.0	86.0	14.0
1393197082529	3222.0	150.0	86.0	15.0
1393197082541	3222.0	150.0	86.0	15.0
1393197082548	3224.0	149.0	86.0	15.0
1393197082558	3224.0	149.0	86.0	15.0
1393197082574	3224.0	149.0	86.0	15.0
1393197082578	3224.0	149.0	86.0	15.0
1393197082591	3224.0	149.0	86.0	15.0
1393197082598	3224.0	149.0	86.0	15.0
1393197082608	3224.0	149.0	86.0	15.0
1393197082618	3224.0	149.0	86.0	15.0
1393197082630	3223.0	149.0	86.0	15.0
1393197082640	3223.0	149.0	86.0	15.0
1393197082648	3223.0	149.0	86.0	15.0
1393197082658	3225.0	149.0	86.0	15.0
1393197082668	3225.0	149.0	86.0	15.0
1393197082678	3225.0	149.0	86.0	15.0
1393197082691	3225.0	149.0	87.0	15.0
1393197082698	3226.0	149.0	87.0	15.0
1393197082709	3226.0	149.0	87.0	15.0
1393197082718	3226.0	149.0	87.0	15.0
1393197082729	3226.0	149.0	87.0	16.0
1393197082740	3221.0	149.0	87.0	16.0
1393197082751	3221.0	149.0	87.0	16.0
1393197082758	3221.0	148.0	87.0	16.0
1393197082768	3220.0	148.0	87.0	16.0
1393197082779	3220.0	148.0	87.0	17.0
1393197082791	3220.0	147.0	87.0	17.0
1393197082798	3220.0	147.0	87.0	18.0
1393197082812	3224.0	146.0	87.0	18.0
1393197082822	3224.0	146.0	87.0	18.0
1393197082829	3224.0	146.0	87.0	18.0
1393197082843	3224.0	146.0	87.0	19.0
1393197082865	3224.0	4.0	41.0	90.0
1393197082866	3224.0	145.0	87.0	19.0
1393197082873	3224.0	145.0	87.0	20.0
1393197082893	3223.0	144.0	87.0	20.0
1393197082899	3223.0	144.0	87.0	21.0
1393197082910	3223.0	143.0	87.0	21.0
1393197082931	3228.0	143.0	87.0	21.0
1393197082933	3228.0	143.0	87.0	21.0
1393197082941	3228.0	143.0	87.0	21.0
1393197082949	3228.0	143.0	87.0	21.0
1393197082969	3226.0	143.0	87.0	21.0
1393197082979	3226.0	143.0	87.0	21.0
1393197082991	3226.0	143.0	87.0	21.0
1393197083000	3227.0	143.0	87.0	22.0
1393197083010	3227.0	143.0	87.0	22.0
1393197083020	3227.0	142.0	87.0	22.0
1393197083030	3227.0	142.0	87.0	22.0
1393197083040	3230.0	142.0	87.0	23.0
1393197083052	3230.0	142.0	87.0	23.0
1393197083059	3230.0	142.0	87.0	23.0
1393197083069	3231.0	142.0	87.0	23.0
1393197083079	3231.0	142.0	87.0	22.0
1393197083089	3231.0	142.0	87.0	22.0
1393197083099	3231.0	142.0	87.0	23.0
1393197083113	3237.0	141.0	87.0	23.0
1393197083123	3237.0	141.0	87.0	23.0
1393197083130	3237.0	141.0	87.0	24.0
1393197083140	3237.0	140.0	87.0	24.0
1393197083149	3238.0	140.0	87.0	24.0
1393197083160	3238.0	140.0	87.0	24.0
1393197083173	3238.0	140.0	87.0	24.0
1393197083180	3238.0	140.0	87.0	25.0
1393197083190	3240.0	140.0	87.0	25.0
1393197083199	3240.0	139.0	87.0	25.0
1393197083211	3240.0	139.0	87.0	25.0
1393197083227	3243.0	139.0	87.0	25.0
1393197083232	3243.0	139.0	87.0	25.0
1393197083243	3243.0	139.0	87.0	25.0
1393197083250	3243.0	139.0	87.0	25.0
1393197083260	3246.0	139.0	87.0	25.0
1393197083273	3246.0	140.0	87.0	25.0
1393197083280	3246.0	140.0	87.0	24.0
1393197083293	3246.0	140.0	87.0	24.0
1393197083299	3251.0	140.0	87.0	24.0
1393197083310	3251.0	141.0	87.0	23.0
1393197083323	3251.0	141.0	87.0	23.0
1393197083330	3251.0	141.0	87.0	23.0
1393197083340	3254.0	141.0	87.0	23.0
1393197083353	3254.0	141.0	87.0	23.0
1393197083360	3254.0	141.0	87.0	23.0
1393197083374	3256.0	140.0	87.0	24.0
1393197083380	3256.0	140.0	87.0	24.0
1393197083399	3256.0	140.0	87.0	24.0
1393197083400	3256.0	139.0	87.0	25.0
1393197083412	3262.0	139.0	87.0	25.0
1393197083422	3262.0	138.0	87.0	26.0
1393197083430	3262.0	138.0	87.0	26.0
1393197083441	3262.0	138.0	87.0	26.0
1393197083450	3262.0	138.0	87.0	26.0
1393197083460	3262.0	139.0	87.0	25.0
1393197083476	3262.0	140.0	87.0	24.0
1393197083480	3262.0	141.0	87.0	23.0
1393197083490	3268.0	141.0	87.0	23.0
1393197083499	3268.0	142.0	87.0	23.0
1393197083510	3268.0	142.0	87.0	23.0
1393197083524	3268.0	141.0	87.0	23.0
1393197083536	3268.0	141.0	87.0	23.0
1393197083540	3268.0	140.0	87.0	24.0
1393197083557	3268.0	139.0	87.0	25.0
1393197083572	3274.0	138.0	87.0	26.0
1393197083574	3274.0	138.0	87.0	26.0
1393197083580	3274.0	138.0	87.0	26.0
1393197083602	3274.0	138.0	87.0	26.0
1393197083607	3276.0	138.0	87.0	26.0
1393197083616	3276.0	138.0	87.0	26.0
1393197083625	3276.0	139.0	87.0	25.0
1393197083629	3279.0	140.0	87.0	24.0
1393197083645	3279.0	141.0	87.0	23.0
1393197083655	3279.0	141.0	87.0	23.0
1393197083660	3279.0	142.0	87.0	23.0
1393197083671	3282.0	141.0	87.0	23.0
1393197083680	3282.0	141.0	87.0	23.0
1393197083691	3282.0	140.0	87.0	24.0
1393197083701	3282.0	140.0	87.0	25.0
1393197083713	3285.0	139.0	87.0	25.0
1393197083725	3285.0	138.0	87.0	26.0
1393197083730	3285.0	103.0	41.0	90.0
1393197083747	3285.0	138.0	87.0	26.0
1393197083754	3287.0	138.0	87.0	26.0
1393197083787	3287.0	139.0	87.0	25.0
1393197083793	3287.0	139.0	87.0	25.0
1393197083795	3288.0	140.0	87.0	25.0
1393197083796	3288.0	140.0	87.0	24.0
1393197083802	3288.0	140.0	87.0	24.0
1393197083810	3288.0	140.0	87.0	24.0
1393197083821	3291.0	140.0	87.0	24.0
1393197083832	3291.0	141.0	87.0	24.0
1393197083840	3291.0	141.0	87.0	23.0
1393197083852	3291.0	141.0	87.0	23.0
1393197083860	3296.0	141.0	87.0	23.0
1393197083872	3296.0	141.0	87.0	23.0
1393197083880	3296.0	141.0	87.0	24.0
1393197083893	3296.0	140.0	87.0	24.0
1393197083901	3297.0	141.0	87.0	24.0
1393197083911	3297.0	141.0	87.0	23.0
1393197083924	3297.0	141.0	87.0	23.0
1393197083930	3300.0	141.0	87.0	23.0
1393197083940	3300.0	141.0	87.0	23.0
1393197083959	3300.0	141.0	87.0	23.0
1393197083961	3300.0	141.0	87.0	23.0
1393197083974	3302.0	141.0	87.0	23.0
1393197083980	3302.0	141.0	87.0	23.0
1393197083996	3302.0	141.0	87.0	24.0
1393197084006	3302.0	140.0	87.0	24.0
1393197084014	3302.0	140.0	87.0	24.0
1393197084023	3302.0	140.0	87.0	24.0
1393197084031	3302.0	140.0	87.0	24.0
1393197084042	3302.0	140.0	87.0	24.0
1393197084080	3302.0	139.0	87.0	25.0
1393197084081	3302.0	140.0	87.0	24.0
1393197084084	3302.0	140.0	87.0	25.0
1393197084086	3300.0	139.0	87.0	25.0
1393197084090	3300.0	139.0	87.0	25.0
1393197084103	3300.0	139.0	87.0	25.0
1393197084110	3300.0	139.0	87.0	25.0
1393197084120	3300.0	139.0	87.0	25.0
1393197084132	3300.0	139.0	87.0	26.0
1393197084140	3300.0	138.0	87.0	26.0
1393197084152	3300.0	138.0	87.0	26.0
1393197084160	3304.0	138.0	87.0	26.0
1393197084171	3304.0	138.0	87.0	26.0
1393197084180	3304.0	138.0	87.0	26.0
1393197084192	3304.0	138.0	87.0	26.0
1393197084204	3304.0	138.0	87.0	26.0
1393197084210	3304.0	138.0	87.0	27.0
1393197084222	3304.0	137.0	87.0	27.0
1393197084231	3305.0	136.0	87.0	28.0
1393197084256	3305.0	135.0	87.0	29.0
1393197084261	3305.0	135.0	87.0	30.0
1393197084283	3306.0	134.0	87.0	30.0
1393197084286	3306.0	133.0	87.0	31.0
1393197084290	3306.0	102.0	41.0	90.0
1393197084305	3306.0	132.0	87.0	32.0
1393197084313	3309.0	102.0	41.0	90.0
1393197084325	3309.0	131.0	87.0	34.0
1393197084332	3309.0	130.0	87.0	34.0
1393197084343	3308.0	130.0	87.0	34.0
1393197084361	3308.0	130.0	87.0	34.0
1393197084364	3308.0	129.0	87.0	35.0
1393197084386	3308.0	91.0	11.0	100.0
1393197084392	3308.0	129.0	87.0	35.0
1393197084395	3308.0	128.0	87.0	36.0
1393197084416	3308.0	128.0	87.0	36.0
1393197084418	3308.0	128.0	87.0	36.0
1393197084423	3312.0	128.0	87.0	36.0
1393197084436	3312.0	128.0	87.0	36.0
1393197084440	3312.0	128.0	87.0	36.0
1393197084458	3312.0	128.0	87.0	36.0
1393197084460	3311.0	128.0	87.0	36.0
1393197084471	3311.0	128.0	87.0	36.0
1393197084480	3311.0	128.0	87.0	36.0
1393197084492	3311.0	128.0	87.0	36.0
1393197084501	3311.0	127.0	87.0	37.0
1393197084510	3311.0	127.0	87.0	37.0
1393197084520	3311.0	126.0	87.0	38.0
1393197084530	3312.0	126.0	87.0	38.0
1393197084541	3312.0	125.0	87.0	39.0
1393197084554	3312.0	125.0	87.0	39.0
1393197084561	3312.0	124.0	87.0	39.0
1393197084572	3312.0	124.0	87.0	40.0
1393197084581	3312.0	125.0	87.0	39.0
1393197084591	3312.0	125.0	87.0	39.0
1393197084607	3312.0	126.0	87.0	38.0
1393197084613	3311.0	127.0	87.0	37.0
1393197084621	3311.0	127.0	87.0	37.0
1393197084632	3311.0	126.0	87.0	38.0
1393197084641	3310.0	125.0	87.0	38.0
1393197084651	3310.0	125.0	87.0	39.0
1393197084662	3310.0	124.0	87.0	40.0
1393197084674	3310.0	123.0	87.0	41.0
1393197084683	3306.0	122.0	87.0	42.0
1393197084692	3306.0	122.0	87.0	42.0
1393197084705	3306.0	122.0	87.0	42.0
1393197084711	3306.0	122.0	87.0	42.0
1393197084722	3306.0	122.0	87.0	42.0
1393197084745	3306.0	123.0	87.0	41.0
1393197084754	3306.0	2.0	2.0	16.0
1393197084755	3306.0	124.0	87.0	40.0
1393197084763	3307.0	124.0	87.0	40.0
1393197084772	3307.0	125.0	87.0	39.0
1393197084780	3307.0	125.0	87.0	39.0
1393197084794	3307.0	124.0	87.0	40.0
1393197084805	3307.0	124.0	87.0	40.0
1393197084811	3307.0	124.0	87.0	40.0
1393197084821	3307.0	123.0	87.0	41.0
1393197084832	3308.0	123.0	87.0	41.0
1393197084844	3308.0	122.0	87.0	42.0
1393197084854	3308.0	122.0	87.0	42.0
1393197084861	3308.0	121.0	87.0	43.0
1393197084871	3306.0	121.0	87.0	43.0
1393197084892	3306.0	119.0	87.0	45.0
1393197084911	3306.0	118.0	87.0	46.0
1393197084914	3308.0	117.0	87.0	47.0
1393197084921	3308.0	116.0	87.0	48.0
1393197084935	3308.0	116.0	87.0	48.0
1393197084941	3308.0	115.0	87.0	49.0
1393197084952	3308.0	115.0	87.0	49.0
1393197084961	3308.0	115.0	87.0	49.0
1393197084973	3308.0	115.0	87.0	49.0
1393197084983	3309.0	116.0	87.0	48.0
1393197084991	3309.0	116.0	87.0	48.0
1393197085001	3309.0	117.0	87.0	47.0
1393197085011	3309.0	117.0	87.0	47.0
1393197085022	3311.0	117.0	87.0	47.0
1393197085036	3311.0	117.0	87.0	47.0
1393197085041	3311.0	117.0	87.0	47.0
1393197085055	3311.0	117.0	87.0	47.0
1393197085061	3315.0	117.0	87.0	47.0
1393197085072	3315.0	117.0	87.0	47.0
1393197085085	3315.0	117.0	87.0	47.0
1393197085094	3320.0	117.0	87.0	47.0
1393197085103	3320.0	117.0	87.0	47.0
1393197085111	3320.0	117.0	87.0	47.0
1393197085122	3320.0	116.0	87.0	48.0
1393197085144	3317.0	116.0	87.0	48.0
1393197085166	3317.0	116.0	87.0	48.0
1393197085172	3317.0	116.0	87.0	48.0
1393197085174	3317.0	116.0	87.0	48.0
1393197085181	3320.0	116.0	87.0	48.0
1393197085209	3320.0	116.0	87.0	48.0
1393197085211	3320.0	116.0	87.0	48.0
1393197085212	3317.0	115.0	87.0	49.0
1393197085215	3317.0	115.0	87.0	49.0
1393197085232	3317.0	82.0	22.0	132.0
1393197085238	3317.0	115.0	87.0	49.0
1393197085242	3319.0	115.0	87.0	49.0
1393197085254	3319.0	115.0	87.0	49.0
1393197085261	3319.0	116.0	87.0	48.0
1393197085274	3319.0	116.0	87.0	48.0
1393197085285	3321.0	116.0	87.0	48.0
1393197085291	3321.0	116.0	87.0	48.0
1393197085320	3321.0	116.0	87.0	48.0
1393197085322	3321.0	115.0	87.0	49.0
1393197085323	3318.0	115.0	87.0	49.0
1393197085338	3318.0	114.0	87.0	50.0
1393197085341	3318.0	114.0	87.0	50.0
1393197085355	3319.0	114.0	87.0	50.0
1393197085361	3319.0	114.0	87.0	50.0
1393197085371	3319.0	114.0	87.0	50.0
1393197085386	3319.0	114.0	87.0	50.0
1393197085393	3317.0	113.0	87.0	51.0
1393197085408	3317.0	113.0	87.0	51.0
1393197085411	3317.0	113.0	87.0	51.0
1393197085421	3317.0	112.0	87.0	52.0
1393197085459	3319.0	84.0	20.0	82.0
1393197085461	3319.0	111.0	87.0	53.0
1393197085466	3319.0	111.0	87.0	53.0
1393197085467	3319.0	111.0	87.0	53.0
1393197085471	3316.0	110.0	87.0	54.0
1393197085485	3316.0	110.0	87.0	54.0
1393197085491	3316.0	109.0	87.0	55.0
1393197085501	3312.0	109.0	87.0	55.0
1393197085516	3312.0	109.0	87.0	55.0
1393197085537	3312.0	110.0	87.0	54.0
1393197085541	3318.0	110.0	87.0	54.0
1393197085551	3318.0	110.0	87.0	54.0
1393197085562	3318.0	110.0	87.0	54.0
1393197085574	3318.0	109.0	87.0	55.0
1393197085583	3316.0	109.0	87.0	55.0
1393197085592	3316.0	108.0	87.0	56.0
1393197085602	3316.0	107.0	87.0	57.0
1393197085612	3316.0	106.0	87.0	59.0
1393197085625	3314.0	104.0	87.0	60.0
1393197085634	3314.0	104.0	87.0	60.0
1393197085642	3314.0	103.0	87.0	61.0
1393197085659	3313.0	104.0	87.0	61.0
1393197085661	3313.0	104.0	87.0	60.0
1393197085672	3313.0	104.0	87.0	60.0
1393197085682	3313.0	104.0	87.0	60.0
1393197085694	3311.0	104.0	87.0	60.0
1393197085702	3311.0	104.0	87.0	60.0
1393197085712	3311.0	105.0	87.0	59.0
1393197085722	3311.0	106.0	87.0	59.0
1393197085732	3308.0	105.0	87.0	59.0
1393197085742	3308.0	105.0	87.0	60.0
1393197085754	3308.0	104.0	88.0	60.0
1393197085763	3308.0	103.0	88.0	61.0
1393197085772	3310.0	102.0	88.0	62.0
1393197085782	3310.0	101.0	88.0	63.0
1393197085791	3310.0	101.0	88.0	63.0
1393197085802	3309.0	101.0	88.0	63.0
1393197085816	3309.0	101.0	88.0	63.0
1393197085822	3309.0	102.0	88.0	62.0
1393197085832	3309.0	103.0	88.0	62.0
1393197085842	3305.0	103.0	88.0	61.0
1393197085859	3305.0	104.0	88.0	60.0
1393197085865	3305.0	105.0	87.0	59.0
1393197085875	3305.0	106.0	87.0	58.0
1393197085885	3308.0	107.0	87.0	57.0
1393197085893	3308.0	108.0	87.0	56.0
1393197085903	3308.0	108.0	87.0	56.0
1393197085919	3308.0	108.0	87.0	56.0
1393197085923	3309.0	108.0	87.0	56.0
1393197085940	3309.0	107.0	87.0	57.0
1393197085943	3309.0	106.0	87.0	58.0
1393197085953	3305.0	105.0	88.0	59.0
1393197085967	3305.0	105.0	88.0	59.0
1393197085972	3305.0	106.0	88.0	59.0
1393197085983	3305.0	106.0	88.0	58.0
1393197085998	3300.0	102.0	41.0	90.0
1393197086002	3300.0	107.0	88.0	57.0
1393197086015	3300.0	108.0	88.0	56.0
1393197086022	3300.0	108.0	88.0	56.0
1393197086032	3304.0	109.0	88.0	56.0
1393197086042	3304.0	109.0	88.0	55.0
1393197086054	3304.0	109.0	87.0	55.0
1393197086066	3302.0	109.0	87.0	55.0
1393197086072	3302.0	109.0	87.0	55.0
1393197086083	3302.0	109.0	87.0	55.0
1393197086092	3302.0	109.0	87.0	56.0
1393197086104	3302.0	108.0	87.0	56.0
1393197086117	3302.0	108.0	87.0	57.0
1393197086123	3302.0	107.0	88.0	57.0
1393197086136	3302.0	106.0	88.0	58.0
1393197086143	3301.0	106.0	88.0	58.0
1393197086153	3301.0	106.0	88.0	59.0
1393197086165	3301.0	105.0	88.0	59.0
1393197086211	3301.0	105.0	88.0	59.0
1393197086264	3304.0	104.0	88.0	60.0
1393197086266	3304.0	104.0	88.0	60.0
1393197086267	3304.0	104.0	88.0	60.0
1393197086268	3302.0	104.0	88.0	60.0
1393197086269	3302.0	104.0	88.0	61.0
1393197086270	3302.0	104.0	88.0	61.0
1393197086275	3302.0	24.0	9.0	13.0
1393197086277	3300.0	104.0	87.0	60.0
1393197086278	3300.0	104.0	87.0	60.0
1393197086279	3300.0	105.0	87.0	60.0
1393197086289	3300.0	105.0	87.0	59.0
1393197086298	3303.0	105.0	87.0	59.0
1393197086302	3303.0	105.0	87.0	59.0
1393197086314	3303.0	105.0	87.0	59.0
1393197086322	3303.0	105.0	87.0	60.0
1393197086332	3302.0	104.0	87.0	60.0
1393197086342	3302.0	103.0	87.0	61.0
1393197086356	3302.0	102.0	87.0	62.0
1393197086366	3302.0	102.0	88.0	63.0
1393197086373	3302.0	101.0	88.0	63.0
1393197086385	3302.0	101.0	88.0	63.0
1393197086393	3302.0	101.0	88.0	63.0
1393197086406	3301.0	102.0	88.0	63.0
1393197086415	3301.0	102.0	88.0	63.0
1393197086422	3301.0	102.0	88.0	63.0
1393197086433	3301.0	102.0	88.0	62.0
1393197086445	3304.0	102.0	88.0	62.0
1393197086454	3304.0	102.0	88.0	62.0
1393197086463	3304.0	102.0	88.0	62.0
1393197086475	3304.0	102.0	88.0	62.0
1393197086487	3303.0	102.0	88.0	62.0
1393197086495	3303.0	103.0	88.0	62.0
1393197086503	3303.0	103.0	88.0	61.0
1393197086513	3303.0	104.0	88.0	61.0
1393197086523	3303.0	104.0	88.0	60.0
1393197086535	3303.0	104.0	88.0	60.0
1393197086544	3303.0	104.0	88.0	60.0
1393197086554	3302.0	104.0	88.0	60.0
1393197086564	3302.0	104.0	88.0	61.0
1393197086574	3302.0	103.0	88.0	61.0
1393197086587	3302.0	103.0	88.0	61.0
1393197086607	3307.0	104.0	88.0	61.0
1393197086615	3307.0	154.0	2.0	16.0
1393197086618	3307.0	104.0	88.0	60.0
1393197086624	3307.0	104.0	88.0	60.0
1393197086638	3306.0	104.0	88.0	60.0
1393197086656	3306.0	104.0	88.0	60.0
1393197086658	3306.0	104.0	88.0	60.0
1393197086663	3305.0	102.0	41.0	90.0
1393197086673	3305.0	102.0	41.0	90.0
1393197086683	3305.0	104.0	88.0	60.0
1393197086700	3305.0	104.0	88.0	60.0
1393197086705	3306.0	83.0	13.0	68.0
1393197086716	3306.0	105.0	88.0	59.0
1393197086723	3306.0	105.0	88.0	59.0
1393197086733	3306.0	105.0	88.0	59.0
1393197086753	3304.0	105.0	88.0	59.0
1393197086755	3304.0	105.0	88.0	59.0
1393197086767	3304.0	106.0	88.0	58.0
1393197086781	3307.0	106.0	88.0	58.0
1393197086794	3307.0	106.0	88.0	58.0
1393197086796	3307.0	106.0	88.0	58.0
1393197086805	3307.0	105.0	88.0	59.0
1393197086813	3306.0	105.0	88.0	59.0
1393197086823	3306.0	105.0	88.0	59.0
1393197086836	3306.0	104.0	88.0	60.0
1393197086855	3306.0	104.0	88.0	60.0
1393197086857	3306.0	103.0	88.0	61.0
1393197086863	3306.0	103.0	88.0	61.0
1393197086872	3306.0	104.0	88.0	60.0
1393197086883	3306.0	102.0	41.0	90.0
1393197086895	3308.0	104.0	88.0	60.0
1393197086903	3308.0	104.0	88.0	60.0
1393197086915	3308.0	103.0	88.0	61.0
1393197086923	3306.0	103.0	88.0	61.0
1393197086933	3306.0	102.0	88.0	62.0
1393197086947	3306.0	102.0	88.0	62.0
1393197086955	3306.0	101.0	88.0	63.0
1393197086964	3307.0	100.0	88.0	64.0
1393197086973	3307.0	100.0	88.0	64.0
1393197086984	3307.0	100.0	88.0	64.0
1393197086998	3307.0	100.0	88.0	64.0
1393197087004	3305.0	100.0	88.0	64.0
1393197087016	3305.0	101.0	88.0	63.0
1393197087023	3305.0	101.0	88.0	63.0
1393197087033	3305.0	102.0	88.0	62.0
1393197087047	3306.0	103.0	88.0	61.0
1393197087054	3306.0	74.0	11.0	12.0
1393197087065	3306.0	104.0	88.0	60.0
1393197087080	3306.0	103.0	88.0	61.0
1393197087084	3306.0	102.0	88.0	62.0
1393197087100	3306.0	101.0	88.0	63.0
1393197087105	3306.0	99.0	88.0	65.0
1393197087115	3304.0	98.0	88.0	66.0
1393197087123	3304.0	97.0	88.0	67.0
1393197087136	3304.0	96.0	88.0	68.0
1393197087144	3304.0	95.0	88.0	69.0
1393197087156	3307.0	95.0	88.0	69.0
1393197087168	3307.0	95.0	88.0	69.0
1393197087175	3307.0	94.0	88.0	70.0
1393197087184	3307.0	94.0	88.0	70.0
1393197087197	3302.0	93.0	88.0	71.0
1393197087207	3302.0	92.0	88.0	72.0
1393197087223	3302.0	91.0	88.0	73.0
1393197087229	3304.0	90.0	88.0	74.0
1393197087235	3304.0	90.0	88.0	74.0
1393197087251	3304.0	90.0	88.0	74.0
1393197087259	3304.0	90.0	88.0	74.0
1393197087266	3302.0	91.0	88.0	74.0
1393197087274	3302.0	102.0	41.0	90.0
1393197087284	3302.0	90.0	88.0	74.0
1393197087298	3302.0	90.0	88.0	74.0
1393197087305	3301.0	89.0	88.0	75.0
1393197087316	3301.0	102.0	41.0	90.0
1393197087324	3301.0	102.0	41.0	90.0
1393197087334	3301.0	102.0	41.0	90.0
1393197087345	3301.0	89.0	88.0	75.0
1393197087355	3301.0	90.0	88.0	74.0
1393197087366	3301.0	90.0	88.0	74.0
1393197087378	3302.0	90.0	88.0	74.0
1393197087384	3302.0	90.0	88.0	74.0
1393197087409	3302.0	90.0	88.0	75.0
1393197087412	3302.0	89.0	88.0	75.0
1393197087420	3301.0	88.0	88.0	76.0
1393197087425	3301.0	89.0	88.0	75.0
1393197087437	3301.0	89.0	88.0	75.0
1393197087448	3301.0	90.0	88.0	74.0
1393197087460	3300.0	90.0	88.0	74.0
1393197087464	3300.0	90.0	88.0	74.0
1393197087474	3300.0	90.0	88.0	74.0
1393197087492	3300.0	89.0	88.0	75.0
1393197087501	3301.0	89.0	88.0	75.0
1393197087506	3301.0	89.0	88.0	75.0
1393197087514	3301.0	88.0	88.0	76.0
1393197087524	3299.0	88.0	88.0	76.0
1393197087534	3299.0	88.0	88.0	76.0
1393197087549	3299.0	88.0	88.0	76.0
1393197087557	3299.0	89.0	88.0	75.0
1393197087564	3299.0	102.0	41.0	90.0
1393197087574	3299.0	89.0	88.0	75.0
1393197087584	3299.0	89.0	88.0	75.0
1393197087599	3299.0	89.0	88.0	75.0
1393197087609	3297.0	89.0	88.0	75.0
1393197087617	3297.0	89.0	88.0	75.0
1393197087625	3297.0	89.0	88.0	75.0
1393197087633	3294.0	102.0	41.0	90.0
1393197087645	3294.0	89.0	88.0	75.0
1393197087655	3294.0	89.0	88.0	75.0
1393197087668	3294.0	89.0	88.0	75.0
1393197087681	3296.0	89.0	88.0	75.0
1393197087684	3296.0	88.0	88.0	76.0
1393197087698	3296.0	88.0	88.0	76.0
1393197087709	3296.0	87.0	88.0	77.0
1393197087719	3293.0	86.0	88.0	78.0
1393197087736	3293.0	86.0	88.0	78.0
1393197087739	3293.0	86.0	88.0	78.0
1393197087747	3293.0	87.0	88.0	77.0
1393197087756	3291.0	87.0	88.0	77.0
1393197087765	3291.0	87.0	88.0	77.0
1393197087780	3291.0	87.0	88.0	77.0
1393197087785	3292.0	87.0	88.0	77.0
1393197087799	3292.0	87.0	88.0	77.0
1393197087805	3292.0	88.0	88.0	76.0
1393197087815	3292.0	88.0	88.0	76.0
1393197087830	3294.0	89.0	88.0	75.0
1393197087834	3294.0	90.0	88.0	74.0
1393197087847	3294.0	91.0	88.0	73.0
1393197087857	3294.0	91.0	88.0	73.0
1393197087867	3293.0	91.0	88.0	73.0
1393197087880	3293.0	90.0	88.0	74.0
1393197087885	3293.0	90.0	88.0	74.0
1393197087897	3293.0	89.0	88.0	75.0
1393197087905	3292.0	88.0	88.0	76.0
1393197087917	3292.0	88.0	88.0	77.0
1393197087930	3292.0	87.0	88.0	77.0
1393197087934	3292.0	102.0	41.0	90.0
1393197087945	3292.0	87.0	88.0	77.0
1393197087957	3292.0	87.0	88.0	77.0
1393197087964	3292.0	102.0	41.0	90.0
1393197087983	3293.0	88.0	88.0	76.0
1393197087985	3293.0	89.0	88.0	75.0
1393197087995	3293.0	89.0	88.0	75.0
1393197088004	3293.0	90.0	88.0	74.0
1393197088016	3295.0	90.0	88.0	74.0
1393197088033	3295.0	91.0	88.0	73.0
1393197088036	3295.0	91.0	88.0	73.0
1393197088045	3295.0	91.0	88.0	73.0
1393197088054	3294.0	91.0	88.0	73.0
1393197088064	3294.0	90.0	88.0	74.0
1393197088076	3294.0	89.0	88.0	75.0
1393197088084	3293.0	88.0	88.0	76.0
1393197088096	3293.0	87.0	88.0	77.0
1393197088117	3293.0	86.0	88.0	78.0
1393197088119	3293.0	86.0	88.0	78.0
1393197088124	3297.0	86.0	88.0	78.0
1393197088134	3297.0	86.0	88.0	78.0
1393197088144	3297.0	86.0	88.0	78.0
1393197088161	3297.0	86.0	88.0	78.0
1393197088164	3297.0	102.0	41.0	90.0
1393197088178	3297.0	86.0	88.0	78.0
1393197088185	3297.0	102.0	41.0	90.0
1393197088195	3297.0	88.0	88.0	76.0
1393197088208	3297.0	102.0	41.0	90.0
1393197088219	3297.0	89.0	88.0	75.0
1393197088226	3297.0	88.0	88.0	76.0
1393197088236	3297.0	88.0	88.0	76.0
1393197088250	3297.0	87.0	88.0	77.0
1393197088260	3297.0	86.0	88.0	78.0
1393197088266	3297.0	85.0	88.0	79.0
1393197088281	3297.0	84.0	88.0	80.0
1393197088285	3297.0	83.0	88.0	81.0
1393197088295	3297.0	83.0	88.0	81.0
1393197088306	3297.0	84.0	88.0	80.0
1393197088316	3300.0	84.0	88.0	80.0
1393197088326	3300.0	85.0	88.0	79.0
1393197088338	3300.0	86.0	88.0	78.0
1393197088348	3300.0	86.0	88.0	78.0
1393197088357	3300.0	86.0	88.0	78.0
1393197088366	3300.0	86.0	88.0	78.0
1393197088380	3300.0	86.0	88.0	78.0
1393197088386	3298.0	86.0	88.0	78.0
1393197088406	3298.0	86.0	88.0	78.0
1393197088408	3298.0	86.0	88.0	78.0
1393197088415	3298.0	86.0	88.0	78.0
1393197088427	3299.0	86.0	88.0	78.0
1393197088435	3299.0	85.0	88.0	79.0
1393197088445	3299.0	85.0	88.0	79.0
1393197088458	3299.0	85.0	88.0	79.0
1393197088464	3301.0	85.0	88.0	79.0
1393197088476	3301.0	85.0	88.0	79.0
1393197088484	3301.0	85.0	88.0	79.0
1393197088494	3299.0	85.0	88.0	79.0
1393197088509	3299.0	85.0	88.0	79.0
1393197088517	3299.0	84.0	88.0	79.0
1393197088525	3299.0	84.0	88.0	80.0
1393197088535	3301.0	84.0	88.0	80.0
1393197088545	3301.0	83.0	88.0	81.0
1393197088559	3301.0	83.0	88.0	81.0
1393197088565	3301.0	82.0	88.0	82.0
1393197088577	3298.0	81.0	88.0	83.0
1393197088585	3298.0	81.0	88.0	83.0
1393197088596	3298.0	81.0	88.0	83.0
1393197088609	3298.0	82.0	88.0	82.0
1393197088615	3298.0	83.0	88.0	81.0
1393197088628	3298.0	84.0	88.0	80.0
1393197088638	3298.0	85.0	88.0	79.0
1393197088646	3298.0	86.0	88.0	78.0
1393197088655	3298.0	87.0	88.0	77.0
1393197088665	3298.0	87.0	88.0	77.0
1393197088677	3298.0	87.0	88.0	77.0
1393197088685	3299.0	86.0	88.0	78.0
1393197088698	3299.0	85.0	88.0	79.0
1393197088709	3299.0	83.0	88.0	81.0
1393197088714	3299.0	81.0	88.0	83.0
1393197088726	3298.0	80.0	88.0	84.0
1393197088734	3298.0	80.0	88.0	84.0
1393197088745	3298.0	80.0	88.0	84.0
1393197088768	3298.0	81.0	88.0	83.0
1393197088771	3297.0	82.0	88.0	82.0
1393197088776	3297.0	83.0	88.0	81.0
1393197088785	3297.0	84.0	88.0	80.0
1393197088795	3298.0	85.0	88.0	79.0
1393197088816	3298.0	85.0	88.0	79.0
1393197088824	3298.0	84.0	88.0	80.0
1393197088834	3295.0	84.0	88.0	80.0
1393197088845	3295.0	84.0	88.0	80.0
1393197088862	3295.0	84.0	88.0	80.0
1393197088865	3295.0	84.0	88.0	80.0
1393197088877	3294.0	85.0	88.0	79.0
1393197088885	3294.0	85.0	88.0	79.0
1393197088899	3294.0	86.0	88.0	78.0
1393197088906	3294.0	86.0	88.0	78.0
1393197088915	3293.0	86.0	88.0	78.0
1393197088925	3293.0	86.0	88.0	78.0
1393197088941	3293.0	86.0	88.0	78.0
1393197088945	3290.0	85.0	88.0	79.0
1393197088958	3290.0	84.0	88.0	80.0
1393197088965	3290.0	84.0	88.0	80.0
1393197088975	3290.0	83.0	88.0	81.0
1393197088985	3288.0	83.0	88.0	81.0
1393197088997	3288.0	84.0	88.0	80.0
1393197089008	3288.0	83.0	88.0	81.0
1393197089014	3288.0	83.0	88.0	81.0
1393197089025	3284.0	82.0	88.0	82.0
1393197089035	3284.0	81.0	88.0	83.0
1393197089045	3284.0	80.0	88.0	84.0
1393197089057	3284.0	80.0	88.0	84.0
1393197089064	3280.0	79.0	88.0	85.0
1393197089075	3280.0	79.0	88.0	85.0
1393197089084	3280.0	80.0	88.0	84.0
1393197089095	3281.0	81.0	88.0	83.0
1393197089109	3281.0	82.0	88.0	82.0
1393197089117	3281.0	83.0	88.0	81.0
1393197089125	3281.0	85.0	88.0	79.0
1393197089135	3276.0	86.0	88.0	78.0
1393197089145	3276.0	87.0	88.0	77.0
1393197089164	3276.0	87.0	88.0	77.0
1393197089165	3276.0	87.0	88.0	77.0
1393197089177	3277.0	86.0	88.0	77.0
1393197089205	3277.0	2.0	2.0	16.0
1393197089207	3277.0	85.0	88.0	79.0
1393197089208	3274.0	85.0	88.0	79.0
1393197089215	3274.0	85.0	88.0	79.0
1393197089228	3274.0	87.0	88.0	77.0
1393197089239	3274.0	88.0	88.0	76.0
1393197089246	3278.0	91.0	88.0	73.0
1393197089256	3278.0	92.0	88.0	72.0
1393197089265	3278.0	93.0	88.0	71.0
1393197089275	3278.0	92.0	88.0	72.0
1393197089288	3274.0	91.0	88.0	73.0
1393197089297	3274.0	89.0	88.0	75.0
1393197089331	3274.0	87.0	88.0	77.0
1393197089332	3274.0	86.0	88.0	78.0
1393197089337	3276.0	85.0	88.0	79.0
1393197089337	3276.0	86.0	88.0	78.0
1393197089345	3276.0	87.0	88.0	77.0
1393197089358	3274.0	88.0	88.0	76.0
1393197089388	3274.0	88.0	88.0	76.0
1393197089389	3274.0	88.0	88.0	76.0
1393197089395	3278.0	88.0	88.0	76.0
1393197089412	3278.0	88.0	88.0	76.0
1393197089418	3278.0	89.0	88.0	75.0
1393197089426	3278.0	90.0	88.0	74.0
1393197089436	3281.0	90.0	88.0	73.0
1393197089446	3281.0	91.0	88.0	73.0
1393197089457	3281.0	90.0	88.0	74.0
1393197089466	3281.0	90.0	88.0	74.0
1393197089478	3278.0	89.0	88.0	75.0
1393197089486	3278.0	90.0	88.0	74.0
1393197089496	3278.0	91.0	88.0	74.0
1393197089507	3278.0	91.0	88.0	73.0
1393197089516	3278.0	92.0	88.0	72.0
1393197089526	3278.0	93.0	88.0	71.0
1393197089539	3278.0	94.0	88.0	70.0
1393197089546	3277.0	94.0	88.0	70.0
1393197089557	3277.0	94.0	88.0	70.0
1393197089567	3277.0	94.0	88.0	70.0
1393197089579	3277.0	94.0	88.0	70.0
1393197089592	3277.0	94.0	88.0	70.0
1393197089599	3277.0	94.0	88.0	70.0
1393197089608	3277.0	94.0	88.0	70.0
1393197089617	3277.0	94.0	88.0	70.0
1393197089628	3279.0	94.0	88.0	70.0
1393197089640	3279.0	93.0	88.0	71.0
1393197089647	3279.0	93.0	88.0	71.0
1393197089661	3278.0	93.0	88.0	71.0
1393197089667	3278.0	93.0	88.0	71.0
1393197089676	3278.0	93.0	88.0	71.0
1393197089689	3278.0	93.0	88.0	71.0
1393197089696	3280.0	92.0	88.0	72.0
1393197089707	3280.0	92.0	88.0	72.0
1393197089724	3280.0	91.0	88.0	73.0
1393197089728	3280.0	90.0	88.0	74.0
1393197089746	3279.0	89.0	88.0	75.0
1393197089748	3279.0	89.0	88.0	75.0
1393197089760	3279.0	89.0	88.0	75.0
1393197089769	3279.0	89.0	88.0	75.0
1393197089779	3278.0	89.0	88.0	75.0
1393197089789	3278.0	89.0	88.0	75.0
1393197089796	3278.0	89.0	88.0	75.0
1393197089811	3276.0	89.0	88.0	75.0
1393197089816	3276.0	90.0	88.0	75.0
1393197089827	3276.0	90.0	88.0	74.0
1393197089840	3276.0	91.0	88.0	73.0
1393197089847	3277.0	91.0	88.0	73.0
1393197089859	3277.0	91.0	88.0	73.0
1393197089866	3277.0	90.0	88.0	74.0
1393197089876	3277.0	89.0	88.0	75.0
1393197089889	3275.0	88.0	88.0	76.0
1393197089899	3275.0	88.0	88.0	76.0
1393197089910	3275.0	88.0	88.0	76.0
1393197089916	3271.0	88.0	88.0	76.0
1393197089926	3271.0	88.0	88.0	76.0
1393197089939	3271.0	88.0	88.0	76.0
1393197089946	3271.0	87.0	88.0	77.0
1393197089964	3273.0	86.0	88.0	78.0
1393197089968	3273.0	85.0	88.0	79.0
1393197089977	3273.0	84.0	88.0	80.0
1393197089994	3273.0	83.0	88.0	81.0
1393197089997	3269.0	83.0	88.0	81.0
1393197090008	3269.0	83.0	88.0	81.0
1393197090024	3269.0	83.0	88.0	81.0
1393197090026	3269.0	84.0	88.0	80.0
1393197090045	3271.0	86.0	88.0	78.0
1393197090047	3271.0	88.0	88.0	76.0
1393197090056	3271.0	90.0	88.0	74.0
1393197090066	3273.0	91.0	88.0	73.0
1393197090078	3273.0	92.0	88.0	72.0
1393197090089	3273.0	91.0	88.0	73.0
1393197090096	3273.0	90.0	88.0	74.0
1393197090108	3269.0	89.0	88.0	75.0
1393197090117	3269.0	88.0	88.0	76.0
1393197090126	3269.0	87.0	88.0	77.0
1393197090139	3269.0	87.0	88.0	78.0
1393197090146	3268.0	87.0	88.0	77.0
1393197090157	3268.0	88.0	88.0	76.0
1393197090168	3268.0	89.0	88.0	75.0
1393197090176	3268.0	90.0	88.0	74.0
1393197090186	3274.0	92.0	88.0	72.0
1393197090198	3274.0	93.0	88.0	71.0
1393197090207	3274.0	93.0	88.0	70.0
1393197090218	3274.0	93.0	88.0	71.0
1393197090227	3274.0	93.0	88.0	71.0
1393197090237	3274.0	92.0	88.0	72.0
1393197090246	3274.0	91.0	88.0	73.0
1393197090259	3276.0	90.0	88.0	74.0
1393197090268	3276.0	89.0	88.0	75.0
1393197090277	3276.0	88.0	88.0	76.0
1393197090290	3276.0	88.0	88.0	76.0
1393197090298	3275.0	89.0	88.0	75.0
1393197090310	3275.0	91.0	88.0	73.0
1393197090324	3275.0	93.0	88.0	71.0
1393197090327	3275.0	95.0	88.0	69.0
1393197090347	3281.0	96.0	88.0	67.0
1393197090353	3281.0	98.0	88.0	66.0
1393197090357	3281.0	98.0	88.0	66.0
1393197090366	3283.0	98.0	88.0	66.0
1393197090378	3283.0	97.0	88.0	67.0
1393197090391	3283.0	96.0	88.0	68.0
1393197090396	3283.0	95.0	88.0	69.0
1393197090407	3283.0	94.0	88.0	70.0
1393197090416	3283.0	94.0	88.0	70.0
1393197090428	3283.0	95.0	88.0	69.0
1393197090439	3283.0	96.0	88.0	68.0
1393197090447	3287.0	97.0	88.0	66.0
1393197090457	3287.0	99.0	88.0	65.0
1393197090471	3287.0	101.0	88.0	63.0
1393197090476	3287.0	102.0	88.0	62.0
1393197090489	3288.0	102.0	88.0	62.0
1393197090501	3288.0	102.0	88.0	62.0
1393197090507	3288.0	102.0	88.0	62.0
1393197090522	3291.0	101.0	88.0	63.0
1393197090527	3291.0	100.0	88.0	64.0
1393197090539	3291.0	100.0	88.0	64.0
1393197090547	3291.0	101.0	88.0	63.0
1393197090559	3293.0	102.0	88.0	62.0
1393197090573	3293.0	102.0	88.0	62.0
1393197090577	3293.0	103.0	88.0	61.0
1393197090591	3293.0	104.0	88.0	61.0
1393197090597	3290.0	104.0	88.0	60.0
1393197090607	3290.0	105.0	88.0	60.0
1393197090622	3290.0	105.0	88.0	59.0
1393197090627	3290.0	106.0	88.0	58.0
1393197090637	3293.0	107.0	88.0	57.0
1393197090657	3293.0	108.0	88.0	56.0
1393197090676	3294.0	109.0	88.0	55.0
1393197090679	3294.0	108.0	88.0	55.0
1393197090687	3294.0	108.0	88.0	56.0
1393197090697	3294.0	108.0	88.0	56.0
1393197090707	3293.0	108.0	88.0	56.0
1393197090724	3293.0	108.0	88.0	56.0
1393197090728	3293.0	108.0	88.0	56.0
1393197090739	3293.0	109.0	88.0	55.0
1393197090747	3296.0	110.0	88.0	54.0
1393197090757	3296.0	111.0	88.0	53.0
1393197090769	3296.0	112.0	88.0	52.0
1393197090777	3295.0	102.0	41.0	90.0
1393197090787	3295.0	102.0	41.0	90.0
1393197090803	3295.0	111.0	88.0	53.0
1393197090807	3295.0	110.0	88.0	53.0
1393197090819	3295.0	110.0	88.0	54.0
1393197090827	3295.0	109.0	88.0	55.0
1393197090837	3295.0	108.0	88.0	56.0
1393197090847	3295.0	108.0	88.0	56.0
1393197090860	3295.0	107.0	88.0	57.0
1393197090869	3295.0	107.0	88.0	57.0
1393197090877	3295.0	107.0	88.0	57.0
1393197090887	3295.0	108.0	88.0	56.0
1393197090897	3299.0	109.0	88.0	55.0
1393197090908	3299.0	111.0	88.0	53.0
1393197090920	3299.0	111.0	88.0	53.0
1393197090932	3297.0	112.0	88.0	52.0
1393197090940	3297.0	112.0	88.0	52.0
1393197090947	3297.0	112.0	88.0	52.0
1393197090957	3297.0	112.0	88.0	52.0
1393197090968	3299.0	112.0	88.0	52.0
1393197090979	3299.0	111.0	88.0	53.0
1393197090987	3299.0	110.0	88.0	54.0
1393197090996	3299.0	110.0	88.0	54.0
1393197091008	3298.0	110.0	88.0	54.0
1393197091019	3298.0	109.0	88.0	54.0
1393197091027	3298.0	110.0	88.0	54.0
1393197091040	3298.0	110.0	88.0	54.0
1393197091047	3296.0	111.0	88.0	53.0
1393197091057	3296.0	113.0	88.0	51.0
1393197091070	3296.0	113.0	88.0	51.0
1393197091077	3298.0	113.0	88.0	50.0
1393197091087	3298.0	113.0	88.0	50.0
1393197091102	3298.0	113.0	88.0	51.0
1393197091107	3298.0	113.0	88.0	51.0
1393197091120	3297.0	112.0	88.0	51.0
1393197091128	3297.0	112.0	88.0	52.0
1393197091139	3297.0	111.0	88.0	52.0
1393197091147	3297.0	111.0	88.0	53.0
1393197091160	3295.0	111.0	88.0	53.0
1393197091169	3295.0	111.0	88.0	53.0
1393197091208	3295.0	111.0	88.0	53.0
1393197091224	3295.0	111.0	88.0	53.0
1393197091226	3295.0	112.0	88.0	52.0
1393197091227	3295.0	112.0	88.0	52.0
1393197091229	3295.0	113.0	88.0	51.0
1393197091231	3294.0	113.0	88.0	50.0
1393197091237	3294.0	114.0	88.0	50.0
1393197091247	3294.0	114.0	88.0	50.0
1393197091257	3294.0	113.0	88.0	51.0
1393197091267	3291.0	112.0	88.0	52.0
1393197091279	3291.0	111.0	88.0	53.0
1393197091298	3291.0	111.0	88.0	53.0
1393197091308	3291.0	111.0	88.0	53.0
1393197091325	3291.0	111.0	88.0	53.0
1393197091327	3291.0	112.0	88.0	52.0
1393197091339	3291.0	114.0	88.0	50.0
1393197091352	3293.0	116.0	88.0	48.0
1393197091357	3293.0	118.0	88.0	46.0
1393197091368	3293.0	119.0	88.0	45.0
1393197091378	3291.0	120.0	88.0	44.0
1393197091388	3291.0	120.0	88.0	44.0
1393197091408	3291.0	119.0	88.0	45.0
1393197091410	3291.0	119.0	88.0	45.0
1393197091419	3291.0	118.0	88.0	46.0
1393197091428	3291.0	117.0	88.0	47.0
1393197091438	3291.0	117.0	88.0	47.0
1393197091452	3291.0	116.0	88.0	48.0
1393197091461	3292.0	116.0	88.0	48.0
1393197091478	3292.0	123.0	38.0	150.0
1393197091490	3292.0	116.0	88.0	48.0
1393197091496	3289.0	117.0	89.0	47.0
1393197091508	3289.0	119.0	89.0	45.0
1393197091513	3289.0	120.0	89.0	45.0
1393197091526	3289.0	121.0	89.0	43.0
1393197091532	3290.0	123.0	88.0	41.0
1393197091548	3290.0	123.0	88.0	41.0
1393197091556	3290.0	124.0	88.0	40.0
1393197091557	3290.0	123.0	88.0	41.0
1393197091570	3288.0	123.0	88.0	41.0
1393197091580	3288.0	122.0	88.0	42.0
1393197091587	3288.0	122.0	88.0	42.0
1393197091600	3288.0	122.0	88.0	42.0
1393197091608	3288.0	122.0	88.0	42.0
1393197091618	3288.0	122.0	88.0	42.0
1393197091628	3288.0	122.0	88.0	42.0
1393197091640	3289.0	122.0	88.0	42.0
1393197091650	3289.0	123.0	88.0	41.0
1393197091658	3289.0	123.0	88.0	41.0
1393197091668	3289.0	123.0	88.0	41.0
1393197091678	3291.0	123.0	88.0	41.0
1393197091688	3291.0	123.0	88.0	41.0
1393197091700	3291.0	123.0	88.0	41.0
1393197091709	3291.0	122.0	88.0	42.0
1393197091719	3288.0	121.0	89.0	43.0
1393197091729	3288.0	121.0	89.0	43.0
1393197091739	3288.0	121.0	89.0	43.0
1393197091753	3288.0	120.0	89.0	44.0
1393197091763	3288.0	120.0	89.0	44.0
1393197091769	3288.0	120.0	89.0	44.0
1393197091780	3288.0	120.0	89.0	44.0
1393197091793	3288.0	121.0	89.0	43.0
1393197091808	3288.0	121.0	89.0	43.0
1393197091811	3288.0	122.0	88.0	42.0
1393197091820	3288.0	122.0	88.0	42.0
1393197091828	3289.0	122.0	88.0	42.0
1393197091839	3289.0	122.0	88.0	42.0
1393197091853	3289.0	122.0	88.0	42.0
1393197091858	3289.0	121.0	88.0	43.0
1393197091868	3289.0	122.0	88.0	42.0
1393197091884	3289.0	122.0	88.0	42.0
1393197091889	3289.0	123.0	88.0	41.0
1393197091900	3289.0	124.0	88.0	40.0
1393197091908	3287.0	124.0	88.0	40.0
1393197091922	3287.0	124.0	88.0	40.0
1393197091943	3286.0	124.0	88.0	40.0
1393197091957	3286.0	1.0	2.0	16.0
1393197091959	3286.0	125.0	88.0	39.0
1393197091968	3286.0	125.0	88.0	39.0
1393197091980	3286.0	125.0	88.0	39.0
1393197091988	3286.0	125.0	88.0	39.0
1393197092001	3286.0	125.0	88.0	40.0
1393197092008	3286.0	125.0	88.0	40.0
1393197092019	3284.0	125.0	88.0	40.0
1393197092029	3284.0	124.0	88.0	40.0
1393197092038	3284.0	124.0	88.0	40.0
1393197092050	3284.0	123.0	88.0	41.0
1393197092060	3285.0	123.0	88.0	41.0
1393197092069	3285.0	123.0	88.0	41.0
1393197092078	3285.0	123.0	88.0	41.0
1393197092088	3288.0	123.0	88.0	41.0
1393197092101	3288.0	123.0	88.0	41.0
1393197092109	3288.0	123.0	88.0	41.0
1393197092121	3288.0	123.0	88.0	41.0
1393197092140	3289.0	123.0	88.0	41.0
1393197092149	3289.0	123.0	88.0	41.0
1393197092159	3289.0	124.0	88.0	41.0
1393197092170	3289.0	123.0	88.0	41.0
1393197092186	3289.0	123.0	88.0	41.0
1393197092190	3289.0	123.0	88.0	41.0
1393197092203	3289.0	123.0	88.0	42.0
1393197092208	3286.0	122.0	88.0	42.0
1393197092219	3286.0	121.0	88.0	43.0
1393197092233	3286.0	120.0	88.0	44.0
1393197092241	3284.0	120.0	89.0	44.0
1393197092251	3284.0	120.0	89.0	45.0
1393197092258	3284.0	120.0	89.0	45.0
1393197092269	3284.0	120.0	89.0	44.0
1393197092282	3284.0	121.0	88.0	44.0
1393197092289	3284.0	121.0	88.0	43.0
1393197092301	3284.0	121.0	89.0	43.0
1393197092308	3284.0	121.0	89.0	43.0
1393197092319	3284.0	121.0	89.0	43.0
1393197092334	3284.0	121.0	89.0	43.0
1393197092339	3284.0	121.0	89.0	43.0
1393197092351	3284.0	121.0	89.0	43.0
1393197092363	3284.0	120.0	89.0	44.0
1393197092374	3284.0	120.0	89.0	44.0
1393197092383	3284.0	120.0	89.0	44.0
1393197092390	3282.0	121.0	89.0	43.0
1393197092412	3282.0	121.0	89.0	43.0
1393197092414	3282.0	122.0	89.0	42.0
1393197092421	3282.0	122.0	89.0	42.0
1393197092436	3281.0	122.0	89.0	42.0
1393197092439	3281.0	122.0	89.0	43.0
1393197092450	3281.0	121.0	89.0	43.0
1393197092460	3281.0	121.0	89.0	43.0
1393197092469	3280.0	121.0	89.0	43.0
1393197092482	3280.0	121.0	89.0	43.0
1393197092489	3280.0	122.0	89.0	42.0
1393197092500	3276.0	122.0	89.0	42.0
1393197092513	3276.0	122.0	89.0	42.0
1393197092520	3276.0	122.0	89.0	42.0
1393197092535	3276.0	121.0	89.0	43.0
1393197092542	3280.0	121.0	89.0	43.0
1393197092550	3280.0	120.0	89.0	44.0
1393197092559	3280.0	120.0	89.0	44.0
1393197092570	3280.0	120.0	89.0	44.0
1393197092585	3277.0	120.0	89.0	44.0
1393197092590	3277.0	121.0	89.0	43.0
1393197092612	3277.0	121.0	89.0	43.0
1393197092614	3277.0	121.0	89.0	43.0
1393197092619	3277.0	120.0	89.0	44.0
1393197092634	3277.0	120.0	89.0	44.0
1393197092639	3277.0	120.0	89.0	44.0
1393197092651	3277.0	120.0	89.0	44.0
1393197092672	3277.0	120.0	89.0	44.0
1393197092675	3277.0	119.0	89.0	45.0
1393197092679	3277.0	119.0	89.0	45.0
1393197092689	3277.0	120.0	88.0	44.0
1393197092699	3277.0	120.0	88.0	44.0
1393197092718	3277.0	121.0	88.0	43.0
1393197092730	3277.0	121.0	88.0	43.0
1393197092732	3279.0	121.0	88.0	43.0
1393197092739	3279.0	122.0	89.0	42.0
1393197092749	3279.0	122.0	89.0	42.0
1393197092759	3279.0	122.0	89.0	42.0
1393197092769	3279.0	123.0	89.0	41.0
1393197092781	3279.0	123.0	89.0	41.0
1393197092789	3279.0	123.0	89.0	41.0
1393197092799	3281.0	123.0	89.0	41.0
1393197092809	3281.0	122.0	89.0	42.0
1393197092820	3281.0	121.0	89.0	43.0
1393197092834	3281.0	120.0	89.0	44.0
1393197092844	3285.0	120.0	89.0	44.0
1393197092853	3285.0	120.0	89.0	45.0
1393197092880	3285.0	119.0	88.0	45.0
1393197092883	3285.0	119.0	88.0	45.0
1393197092890	3289.0	119.0	88.0	45.0
1393197092894	3289.0	119.0	88.0	45.0
1393197092902	3289.0	120.0	88.0	44.0
1393197092909	3289.0	121.0	88.0	43.0
1393197092919	3293.0	121.0	88.0	43.0
1393197092929	3293.0	122.0	88.0	42.0
1393197092939	3293.0	122.0	88.0	42.0
1393197092949	3294.0	123.0	88.0	41.0
1393197092964	3294.0	123.0	88.0	41.0
1393197092969	3294.0	122.0	88.0	42.0
1393197092980	3294.0	122.0	88.0	42.0
1393197092989	3298.0	121.0	88.0	43.0
1393197092999	3298.0	122.0	88.0	42.0
1393197093013	3298.0	122.0	88.0	42.0
1393197093022	3298.0	123.0	88.0	41.0
1393197093030	3300.0	124.0	88.0	40.0
1393197093039	3300.0	125.0	88.0	39.0
1393197093049	3300.0	126.0	88.0	39.0
1393197093063	3301.0	126.0	88.0	38.0
1393197093069	3301.0	126.0	88.0	38.0
1393197093082	3301.0	126.0	88.0	38.0
1393197093089	3301.0	126.0	88.0	38.0
1393197093099	3302.0	126.0	88.0	38.0
1393197093113	3302.0	127.0	88.0	37.0
1393197093119	3302.0	127.0	88.0	37.0
1393197093130	3302.0	127.0	88.0	37.0
1393197093142	3303.0	127.0	88.0	37.0
1393197093150	3303.0	127.0	88.0	37.0
1393197093159	3303.0	128.0	88.0	37.0
1393197093169	3303.0	128.0	88.0	36.0
1393197093180	3306.0	128.0	89.0	36.0
1393197093189	3306.0	128.0	89.0	36.0
1393197093202	3306.0	128.0	89.0	36.0
1393197093214	3304.0	128.0	89.0	36.0
1393197093220	3304.0	129.0	89.0	35.0
1393197093232	3304.0	129.0	89.0	35.0
1393197093248	3304.0	129.0	89.0	35.0
1393197093264	3302.0	129.0	89.0	35.0
1393197093266	3302.0	129.0	89.0	35.0
1393197093269	3302.0	130.0	89.0	34.0
1393197093282	3302.0	130.0	89.0	34.0
1393197093290	3304.0	130.0	89.0	34.0
1393197093299	3304.0	130.0	89.0	34.0
1393197093313	3304.0	129.0	89.0	35.0
1393197093321	3304.0	129.0	89.0	35.0
1393197093332	3309.0	129.0	89.0	35.0
1393197093339	3309.0	130.0	89.0	34.0
1393197093349	3309.0	131.0	89.0	33.0
1393197093364	3308.0	131.0	89.0	33.0
1393197093369	3308.0	131.0	89.0	33.0
1393197093385	3308.0	132.0	89.0	32.0
1393197093390	3308.0	132.0	89.0	32.0
1393197093399	3310.0	133.0	89.0	32.0
1393197093413	3310.0	133.0	89.0	31.0
1393197093420	3310.0	134.0	89.0	30.0
1393197093434	3310.0	134.0	89.0	30.0
1393197093442	3314.0	134.0	89.0	30.0
1393197093450	3314.0	133.0	89.0	31.0
1393197093463	3314.0	133.0	89.0	31.0
1393197093471	3314.0	132.0	89.0	32.0
1393197093480	3311.0	132.0	89.0	32.0
1393197093490	3311.0	133.0	89.0	31.0
1393197093504	3311.0	133.0	89.0	31.0
1393197093516	3313.0	134.0	89.0	30.0
1393197093522	3313.0	135.0	88.0	30.0
1393197093531	3313.0	135.0	88.0	29.0
1393197093541	3313.0	136.0	88.0	28.0
1393197093552	3314.0	136.0	89.0	28.0
1393197093562	3314.0	137.0	89.0	27.0
1393197093569	3314.0	137.0	89.0	27.0
1393197093580	3314.0	137.0	89.0	27.0
1393197093590	3311.0	138.0	89.0	27.0
1393197093600	3311.0	137.0	89.0	27.0
1393197093613	3311.0	137.0	89.0	27.0
1393197093622	3311.0	136.0	89.0	28.0
1393197093630	3312.0	136.0	89.0	28.0
1393197093640	3312.0	135.0	89.0	29.0
1393197093650	3312.0	135.0	89.0	29.0
1393197093663	3311.0	135.0	89.0	29.0
1393197093670	3311.0	135.0	89.0	29.0
1393197093683	3311.0	135.0	88.0	29.0
1393197093690	3311.0	135.0	88.0	29.0
1393197093700	3313.0	135.0	88.0	29.0
1393197093715	3313.0	135.0	88.0	29.0
1393197093720	3313.0	135.0	88.0	29.0
1393197093731	3313.0	135.0	88.0	29.0
1393197093747	3312.0	135.0	88.0	29.0
1393197093750	3312.0	135.0	88.0	29.0
1393197093761	3312.0	135.0	88.0	29.0
1393197093770	3313.0	135.0	88.0	29.0
1393197093780	3313.0	135.0	89.0	29.0
1393197093790	3313.0	135.0	89.0	29.0
1393197093802	3313.0	136.0	89.0	28.0
1393197093811	3313.0	137.0	89.0	27.0
1393197093820	3313.0	138.0	89.0	27.0
1393197093833	3313.0	138.0	88.0	26.0
1393197093840	3313.0	139.0	88.0	26.0
1393197093850	3312.0	138.0	88.0	26.0
1393197093863	3312.0	138.0	88.0	26.0
1393197093869	3312.0	137.0	88.0	27.0
1393197093885	3312.0	137.0	88.0	27.0
1393197093889	3313.0	136.0	88.0	28.0
1393197093899	3313.0	136.0	88.0	28.0
1393197093911	3313.0	135.0	88.0	29.0
1393197093922	3316.0	135.0	88.0	29.0
1393197093930	3316.0	135.0	88.0	29.0
1393197093941	3316.0	135.0	88.0	29.0
1393197093950	3316.0	135.0	88.0	29.0
1393197093962	3317.0	136.0	88.0	28.0
1393197093970	3317.0	136.0	88.0	28.0
1393197093982	3317.0	137.0	88.0	27.0
1393197093990	3317.0	137.0	88.0	27.0
1393197094000	3318.0	137.0	88.0	27.0
1393197094010	3318.0	137.0	88.0	27.0
1393197094021	3318.0	137.0	88.0	27.0
1393197094030	3318.0	137.0	88.0	28.0
1393197094044	3322.0	136.0	88.0	28.0
1393197094050	3322.0	137.0	88.0	27.0
1393197094061	3322.0	137.0	89.0	27.0
1393197094077	3323.0	137.0	89.0	27.0
1393197094082	3323.0	137.0	89.0	27.0
1393197094097	3323.0	137.0	89.0	27.0
1393197094109	3323.0	137.0	89.0	27.0
1393197094111	3321.0	137.0	89.0	27.0
1393197094120	3321.0	138.0	89.0	27.0
1393197094130	3321.0	138.0	89.0	26.0
1393197094146	3321.0	139.0	89.0	25.0
1393197094152	3323.0	139.0	89.0	25.0
1393197094163	3323.0	140.0	89.0	24.0
1393197094170	3323.0	141.0	88.0	23.0
1393197094180	3323.0	142.0	88.0	22.0
1393197094193	3323.0	142.0	88.0	22.0
1393197094200	3323.0	143.0	88.0	21.0
1393197094210	3323.0	143.0	88.0	21.0
1393197094223	3320.0	143.0	88.0	21.0
1393197094230	3320.0	142.0	88.0	22.0
1393197094244	3320.0	142.0	88.0	22.0
1393197094251	3320.0	141.0	88.0	23.0
1393197094260	3325.0	140.0	88.0	24.0
1393197094269	3325.0	139.0	88.0	25.0
1393197094282	3325.0	139.0	88.0	25.0
1393197094292	3325.0	138.0	88.0	26.0
1393197094334	3325.0	138.0	88.0	26.0
1393197094341	3325.0	138.0	88.0	26.0
1393197094343	3325.0	138.0	88.0	26.0
1393197094346	3325.0	138.0	88.0	26.0
1393197094348	3326.0	138.0	88.0	26.0
1393197094350	3326.0	138.0	88.0	26.0
1393197094363	3326.0	138.0	88.0	26.0
1393197094370	3326.0	138.0	88.0	26.0
1393197094380	3326.0	138.0	88.0	27.0
1393197094398	3326.0	138.0	88.0	26.0
1393197094402	3326.0	138.0	88.0	26.0
1393197094411	3326.0	139.0	88.0	25.0
1393197094420	3326.0	140.0	88.0	24.0
1393197094430	3326.0	142.0	88.0	23.0
1393197094444	3326.0	143.0	88.0	22.0
1393197094450	3324.0	143.0	88.0	21.0
1393197094463	3324.0	144.0	88.0	20.0
1393197094470	3324.0	145.0	88.0	19.0
1393197094481	3324.0	146.0	88.0	18.0
1393197094501	3325.0	146.0	88.0	18.0
1393197094511	3325.0	146.0	88.0	18.0
1393197094532	3326.0	146.0	88.0	18.0
1393197094533	3326.0	145.0	88.0	19.0
1393197094541	3326.0	146.0	88.0	18.0
1393197094551	3326.0	146.0	88.0	18.0
1393197094563	3327.0	146.0	88.0	18.0
1393197094571	3327.0	102.0	41.0	90.0
1393197094583	3327.0	147.0	88.0	17.0
1393197094594	3327.0	148.0	88.0	16.0
1393197094601	3326.0	102.0	41.0	90.0
1393197094611	3326.0	149.0	88.0	15.0
1393197094621	3326.0	150.0	88.0	14.0
1393197094631	3324.0	150.0	88.0	14.0
1393197094644	3324.0	150.0	88.0	14.0
1393197094651	3324.0	149.0	88.0	15.0
1393197094661	3324.0	149.0	88.0	16.0
1393197094671	3321.0	148.0	88.0	16.0
1393197094681	3321.0	148.0	88.0	17.0
1393197094692	3321.0	148.0	88.0	16.0
1393197094705	3321.0	148.0	88.0	16.0
1393197094713	3322.0	149.0	88.0	15.0
1393197094723	3322.0	150.0	88.0	14.0
1393197094731	3322.0	151.0	88.0	13.0
1393197094743	3322.0	152.0	88.0	12.0
1393197094751	3319.0	153.0	88.0	11.0
1393197094763	3319.0	153.0	88.0	11.0
1393197094772	3319.0	154.0	88.0	10.0
1393197094781	3316.0	153.0	88.0	11.0
1393197094793	3316.0	153.0	88.0	12.0
1393197094801	3316.0	152.0	88.0	12.0
1393197094811	3316.0	151.0	88.0	13.0
1393197094825	3314.0	150.0	88.0	14.0
1393197094831	3314.0	150.0	88.0	14.0
1393197094844	3314.0	150.0	88.0	14.0
1393197094851	3314.0	151.0	88.0	14.0
1393197094861	3316.0	151.0	88.0	13.0
1393197094875	3316.0	152.0	88.0	12.0
1393197094883	3316.0	153.0	88.0	11.0
1393197094893	3316.0	153.0	88.0	11.0
1393197094902	3315.0	153.0	88.0	11.0
1393197094911	3315.0	153.0	88.0	11.0
1393197094925	3315.0	153.0	88.0	12.0
1393197094932	3317.0	152.0	88.0	12.0
1393197094944	3317.0	152.0	88.0	12.0
1393197094951	3317.0	152.0	88.0	12.0
1393197094962	3317.0	152.0	88.0	12.0
1393197094976	3319.0	152.0	88.0	12.0
1393197094981	3319.0	152.0	88.0	12.0
1393197095004	3319.0	152.0	88.0	12.0
1393197095009	3319.0	152.0	88.0	12.0
1393197095013	3322.0	152.0	88.0	12.0
1393197095027	3322.0	152.0	88.0	12.0
1393197095035	3322.0	152.0	88.0	12.0
1393197095044	3322.0	152.0	88.0	12.0
1393197095056	3324.0	152.0	88.0	13.0
1393197095063	3324.0	152.0	88.0	13.0
1393197095073	3324.0	152.0	88.0	12.0
1393197095081	3323.0	153.0	88.0	11.0
1393197095091	3323.0	154.0	88.0	10.0
1393197095101	3323.0	156.0	88.0	8.0
1393197095112	3323.0	156.0	88.0	8.0
1393197095127	3326.0	157.0	88.0	7.0
1393197095131	3326.0	157.0	88.0	7.0
1393197095142	3326.0	157.0	88.0	7.0
1393197095151	3326.0	158.0	88.0	6.0
1393197095165	3325.0	158.0	88.0	6.0
1393197095175	3325.0	158.0	88.0	6.0
1393197095184	3325.0	158.0	89.0	6.0
1393197095193	3325.0	157.0	89.0	7.0
1393197095204	3325.0	157.0	88.0	7.0
1393197095211	3325.0	158.0	88.0	7.0
1393197095224	3325.0	158.0	88.0	6.0
1393197095231	3327.0	159.0	88.0	6.0
1393197095243	3327.0	159.0	88.0	5.0
1393197095251	3327.0	159.0	88.0	5.0
1393197095262	3327.0	159.0	88.0	5.0
1393197095275	3328.0	158.0	88.0	6.0
1393197095282	3328.0	158.0	88.0	6.0
1393197095292	3328.0	158.0	88.0	7.0
1393197095311	3328.0	157.0	88.0	7.0
1393197095313	3326.0	157.0	88.0	7.0
1393197095325	3326.0	157.0	88.0	7.0
1393197095332	3326.0	157.0	88.0	7.0
1393197095342	3327.0	157.0	88.0	7.0
1393197095353	3327.0	157.0	88.0	7.0
1393197095365	3327.0	158.0	88.0	7.0
1393197095378	3327.0	158.0	88.0	6.0
1393197095382	3325.0	159.0	88.0	5.0
1393197095398	3325.0	160.0	88.0	4.0
1393197095404	3325.0	160.0	88.0	4.0
1393197095411	3325.0	161.0	88.0	3.0
1393197095424	3328.0	161.0	88.0	3.0
1393197095431	3328.0	161.0	88.0	3.0
1393197095442	3328.0	161.0	88.0	3.0
1393197095451	3328.0	162.0	88.0	2.0
1393197095462	3330.0	163.0	88.0	2.0
1393197095477	3330.0	164.0	88.0	0.0
1393197095484	3330.0	165.0	88.0	1.0
1393197095492	3329.0	166.0	88.0	2.0
1393197095502	3329.0	167.0	88.0	3.0
1393197095513	3329.0	168.0	88.0	4.0
1393197095525	3329.0	169.0	88.0	5.0
1393197095533	3335.0	170.0	88.0	5.0
1393197095545	3335.0	170.0	88.0	6.0
1393197095553	3335.0	170.0	88.0	5.0
1393197095562	3335.0	170.0	88.0	5.0
1393197095572	3336.0	170.0	88.0	5.0
1393197095582	3336.0	170.0	88.0	6.0
1393197095592	3336.0	170.0	88.0	6.0
1393197095607	3336.0	171.0	89.0	7.0
1393197095612	3335.0	172.0	89.0	8.0
1393197095625	3335.0	173.0	89.0	9.0
1393197095632	3335.0	173.0	89.0	9.0
1393197095643	3336.0	174.0	89.0	9.0
1393197095657	3336.0	174.0	89.0	10.0
1393197095665	3336.0	175.0	89.0	11.0
1393197095674	3336.0	175.0	88.0	10.0
1393197095682	3339.0	174.0	88.0	10.0
1393197095692	3339.0	174.0	88.0	9.0
1393197095702	3339.0	173.0	88.0	8.0
1393197095712	3339.0	172.0	88.0	7.0
1393197095724	3340.0	171.0	88.0	7.0
1393197095731	3340.0	171.0	88.0	6.0
1393197095742	3340.0	170.0	88.0	6.0
1393197095751	3340.0	170.0	88.0	6.0
1393197095762	3337.0	170.0	88.0	5.0
1393197095773	3337.0	169.0	88.0	5.0
1393197095785	3337.0	169.0	88.0	5.0
1393197095792	3338.0	168.0	88.0	4.0
1393197095806	3338.0	168.0	88.0	4.0
1393197095822	3338.0	167.0	88.0	3.0
1393197095824	3338.0	167.0	88.0	3.0
1393197095832	3337.0	166.0	88.0	2.0
1393197095845	3337.0	166.0	88.0	1.0
1393197095852	3337.0	165.0	88.0	0.0
1393197095863	3337.0	164.0	88.0	0.0
1393197095872	3337.0	164.0	88.0	1.0
1393197095882	3337.0	164.0	88.0	1.0
1393197095892	3337.0	163.0	88.0	1.0
1393197095907	3337.0	162.0	88.0	2.0
1393197095912	3337.0	162.0	88.0	2.0
1393197095924	3337.0	162.0	88.0	2.0
1393197095932	3337.0	162.0	88.0	2.0
1393197095942	3339.0	163.0	88.0	1.0
1393197095954	3339.0	164.0	88.0	0.0
1393197095964	3339.0	165.0	88.0	1.0
1393197095974	3339.0	166.0	88.0	2.0
1393197095982	3335.0	167.0	88.0	3.0
1393197095992	3335.0	168.0	88.0	3.0
1393197096009	3335.0	168.0	88.0	4.0
1393197096014	3335.0	169.0	88.0	5.0
1393197096025	3338.0	169.0	88.0	5.0
1393197096033	3338.0	169.0	88.0	5.0
1393197096043	3338.0	169.0	88.0	5.0
1393197096063	3338.0	0.0	2.0	16.0
1393197096072	3336.0	170.0	88.0	5.0
1393197096076	3336.0	170.0	88.0	5.0
1393197096094	3336.0	170.0	88.0	6.0
1393197096098	3334.0	170.0	88.0	6.0
1393197096106	3334.0	170.0	88.0	6.0
1393197096114	3334.0	170.0	88.0	6.0
1393197096126	3334.0	170.0	88.0	6.0
1393197096137	3332.0	170.0	88.0	6.0
1393197096146	3332.0	171.0	88.0	7.0
1393197096226	3332.0	171.0	88.0	7.0
1393197096227	3332.0	172.0	88.0	8.0
1393197096229	3332.0	173.0	88.0	8.0
1393197096231	3332.0	173.0	88.0	9.0
1393197096233	3332.0	174.0	88.0	9.0
1393197096234	3333.0	174.0	88.0	10.0
1393197096235	3333.0	174.0	88.0	10.0
1393197096236	3333.0	174.0	88.0	10.0
1393197096237	3333.0	174.0	88.0	10.0
1393197096242	3334.0	174.0	88.0	10.0
1393197096254	3334.0	174.0	88.0	10.0
1393197096264	3334.0	174.0	88.0	10.0
1393197096271	3334.0	175.0	88.0	10.0
1393197096282	3328.0	175.0	88.0	11.0
1393197096291	3328.0	175.0	88.0	10.0
1393197096303	3328.0	174.0	88.0	10.0
1393197096312	3328.0	174.0	88.0	10.0
1393197096324	3328.0	174.0	88.0	10.0
1393197096334	3328.0	174.0	88.0	10.0
1393197096342	3328.0	174.0	88.0	10.0
1393197096356	3328.0	174.0	88.0	10.0
1393197096363	3328.0	174.0	88.0	10.0
1393197096374	3328.0	174.0	88.0	9.0
1393197096395	3328.0	173.0	88.0	9.0
1393197096397	3326.0	173.0	88.0	8.0
1393197096406	3326.0	172.0	88.0	8.0
1393197096412	3326.0	173.0	88.0	8.0
1393197096422	3326.0	173.0	88.0	9.0
1393197096432	3324.0	174.0	88.0	9.0
1393197096444	3324.0	174.0	88.0	10.0
1393197096453	3324.0	175.0	88.0	11.0
1393197096462	3324.0	175.0	88.0	11.0
1393197096472	3324.0	175.0	88.0	11.0
1393197096482	3324.0	176.0	88.0	11.0
1393197096492	3324.0	176.0	88.0	11.0
1393197096506	3322.0	176.0	88.0	11.0
1393197096513	3322.0	176.0	88.0	12.0
1393197096524	3322.0	176.0	88.0	12.0
1393197096534	3322.0	176.0	88.0	12.0
1393197096543	3320.0	176.0	88.0	12.0
1393197096558	3320.0	176.0	88.0	12.0
1393197096565	3320.0	176.0	88.0	12.0
1393197096573	3320.0	176.0	88.0	12.0
1393197096583	3318.0	177.0	88.0	12.0
1393197096593	3318.0	177.0	88.0	12.0
1393197096606	3318.0	177.0	88.0	12.0
1393197096613	3318.0	177.0	88.0	12.0
1393197096625	3316.0	177.0	88.0	13.0
1393197096634	3316.0	177.0	88.0	13.0
1393197096643	3316.0	178.0	88.0	14.0
1393197096655	3314.0	179.0	88.0	15.0
1393197096663	3314.0	179.0	88.0	15.0
1393197096673	3314.0	180.0	88.0	15.0
1393197096689	3314.0	180.0	88.0	16.0
1393197096693	3312.0	179.0	88.0	16.0
1393197096705	3312.0	180.0	88.0	16.0
1393197096713	3312.0	180.0	89.0	15.0
1393197096723	3312.0	179.0	89.0	15.0
1393197096735	3311.0	103.0	41.0	90.0
1393197096745	3311.0	180.0	88.0	16.0
1393197096754	3311.0	180.0	88.0	16.0
1393197096762	3311.0	103.0	41.0	90.0
1393197096773	3310.0	179.0	88.0	15.0
1393197096783	3310.0	178.0	88.0	14.0
1393197096795	3310.0	176.0	88.0	12.0
1393197096811	3310.0	176.0	88.0	12.0
1393197096813	3310.0	176.0	88.0	11.0
1393197096823	3310.0	175.0	88.0	11.0
1393197096838	3310.0	175.0	88.0	11.0
1393197096843	3314.0	175.0	88.0	11.0
1393197096854	3314.0	175.0	88.0	11.0
1393197096866	3314.0	175.0	88.0	11.0
1393197096873	3314.0	174.0	88.0	10.0
1393197096887	3314.0	174.0	88.0	10.0
1393197096893	3314.0	174.0	88.0	10.0
1393197096904	3314.0	175.0	88.0	10.0
1393197096913	3311.0	175.0	88.0	11.0
1393197096925	3311.0	176.0	88.0	12.0
1393197096937	3311.0	176.0	88.0	12.0
1393197096943	3311.0	177.0	88.0	13.0
1393197096954	3309.0	177.0	88.0	13.0
1393197096963	3309.0	178.0	88.0	13.0
1393197096973	3309.0	179.0	88.0	15.0
1393197096987	3309.0	180.0	88.0	16.0
1393197096993	3309.0	179.0	88.0	16.0
1393197097004	3309.0	179.0	88.0	17.0
1393197097014	3309.0	179.0	88.0	17.0
1393197097023	3309.0	179.0	88.0	17.0
1393197097036	3308.0	178.0	88.0	18.0
1393197097045	3308.0	178.0	88.0	18.0
1393197097063	3309.0	179.0	88.0	17.0
1393197097076	3309.0	179.0	88.0	17.0
1393197097086	3309.0	179.0	88.0	17.0
1393197097093	3309.0	178.0	88.0	18.0
1393197097105	3311.0	177.0	88.0	19.0
1393197097113	3311.0	176.0	88.0	20.0
1393197097123	3311.0	176.0	88.0	20.0
1393197097134	3311.0	176.0	88.0	20.0
1393197097143	3308.0	176.0	88.0	19.0
1393197097153	3308.0	176.0	88.0	20.0
1393197097171	3308.0	176.0	88.0	19.0
1393197097173	3308.0	176.0	88.0	19.0
1393197097185	3311.0	177.0	88.0	19.0
1393197097193	3311.0	176.0	88.0	20.0
1393197097204	3311.0	109.0	88.0	20.0
1393197097225	3315.0	173.0	88.0	23.0
1393197097235	3315.0	173.0	88.0	23.0
1393197097243	3315.0	172.0	88.0	24.0
1393197097255	3315.0	172.0	88.0	23.0
1393197097270	3315.0	102.0	41.0	90.0
1393197097277	3315.0	173.0	88.0	23.0
1393197097286	3315.0	173.0	88.0	23.0
1393197097293	3314.0	173.0	88.0	23.0
1393197097305	3314.0	17.0	47.0	28.0
1393197097323	3314.0	0.0	2.0	16.0
1393197097326	3314.0	173.0	88.0	23.0
1393197097335	3315.0	173.0	88.0	23.0
1393197097345	3315.0	173.0	88.0	23.0
1393197097363	3315.0	174.0	88.0	21.0
1393197097374	3315.0	175.0	88.0	21.0
1393197097393	3315.0	175.0	88.0	21.0
1393197097395	3315.0	174.0	89.0	22.0
1393197097405	3314.0	173.0	89.0	23.0
1393197097414	3314.0	172.0	89.0	24.0
1393197097423	3314.0	172.0	89.0	24.0
1393197097434	3314.0	171.0	88.0	25.0
1393197097443	3316.0	171.0	88.0	25.0
1393197097455	3316.0	171.0	88.0	25.0
1393197097469	3316.0	171.0	88.0	25.0
1393197097474	3316.0	171.0	88.0	25.0
1393197097486	3318.0	171.0	88.0	25.0
1393197097494	3318.0	171.0	88.0	25.0
1393197097505	3318.0	170.0	88.0	26.0
1393197097514	3317.0	169.0	88.0	27.0
1393197097526	3317.0	168.0	88.0	28.0
1393197097537	3317.0	167.0	88.0	28.0
1393197097544	3317.0	167.0	88.0	29.0
1393197097554	3316.0	166.0	88.0	29.0
1393197097565	3316.0	166.0	88.0	30.0
1393197097574	3316.0	165.0	88.0	31.0
1393197097586	3316.0	164.0	88.0	31.0
1393197097593	3317.0	164.0	88.0	32.0
1393197097605	3317.0	163.0	88.0	32.0
1393197097619	3317.0	163.0	88.0	33.0
1393197097624	3317.0	162.0	88.0	34.0
1393197097637	3315.0	161.0	88.0	35.0
1393197097646	3315.0	160.0	89.0	36.0
1393197097655	3315.0	159.0	89.0	36.0
1393197097664	3315.0	159.0	89.0	37.0
1393197097674	3315.0	158.0	89.0	38.0
1393197097685	3315.0	156.0	89.0	39.0
1393197097694	3315.0	155.0	89.0	41.0
1393197097706	3311.0	154.0	89.0	42.0
1393197097724	3311.0	154.0	89.0	42.0
1393197097726	3311.0	154.0	89.0	42.0
1393197097734	3311.0	155.0	89.0	41.0
1393197097743	3311.0	156.0	89.0	40.0
1393197097754	3311.0	157.0	89.0	39.0
1393197097768	3311.0	158.0	89.0	38.0
1393197097774	3311.0	159.0	89.0	37.0
1393197097785	3311.0	160.0	89.0	36.0
1393197097794	3311.0	161.0	89.0	35.0
1393197097804	3311.0	162.0	89.0	33.0
1393197097818	3309.0	164.0	89.0	32.0
1393197097826	3309.0	165.0	89.0	31.0
1393197097835	3309.0	165.0	89.0	31.0
1393197097844	3309.0	166.0	89.0	30.0
1393197097854	3305.0	166.0	89.0	30.0
1393197097868	3305.0	166.0	89.0	30.0
1393197097875	3305.0	166.0	89.0	30.0
1393197097889	3305.0	166.0	89.0	30.0
1393197097894	3305.0	166.0	89.0	30.0
1393197097905	3305.0	166.0	89.0	30.0
1393197097915	3305.0	166.0	89.0	30.0
1393197097924	3302.0	165.0	89.0	31.0
1393197097934	3302.0	164.0	89.0	32.0
1393197097947	3302.0	163.0	89.0	32.0
1393197097955	3302.0	163.0	89.0	33.0
1393197097964	3299.0	162.0	89.0	33.0
1393197097974	3299.0	162.0	89.0	33.0
1393197097986	3299.0	162.0	89.0	34.0
1393197097994	3299.0	163.0	89.0	33.0
1393197098007	3299.0	164.0	89.0	32.0
1393197098020	3299.0	164.0	88.0	32.0
1393197098024	3299.0	164.0	88.0	32.0
1393197098039	3299.0	164.0	88.0	32.0
1393197098048	3299.0	163.0	89.0	33.0
1393197098055	3299.0	163.0	89.0	33.0
1393197098066	3299.0	162.0	89.0	34.0
1393197098073	3297.0	161.0	89.0	34.0
1393197098084	3297.0	161.0	89.0	35.0
1393197098093	3297.0	160.0	89.0	36.0
1393197098105	3297.0	159.0	89.0	36.0
1393197098115	3299.0	159.0	89.0	37.0
1393197098126	3299.0	158.0	89.0	37.0
1393197098134	3299.0	158.0	89.0	38.0
1393197098144	3299.0	158.0	89.0	38.0
1393197098154	3298.0	158.0	89.0	38.0
1393197098166	3298.0	158.0	88.0	38.0
1393197098174	3298.0	158.0	88.0	38.0
1393197098186	3298.0	158.0	88.0	38.0
1393197098193	3298.0	158.0	88.0	38.0
1393197098204	3298.0	157.0	88.0	39.0
1393197098216	3298.0	157.0	88.0	39.0
1393197098223	3298.0	157.0	88.0	38.0
1393197098234	3298.0	158.0	88.0	38.0
1393197098248	3298.0	159.0	88.0	37.0
1393197098254	3298.0	160.0	88.0	36.0
1393197098265	3302.0	160.0	88.0	36.0
1393197098273	3302.0	161.0	88.0	35.0
1393197098284	3302.0	160.0	88.0	35.0
1393197098294	3302.0	160.0	88.0	35.0
1393197098307	3301.0	160.0	88.0	35.0
1393197098318	3301.0	161.0	88.0	35.0
1393197098325	3301.0	161.0	88.0	35.0
1393197098335	3301.0	161.0	88.0	34.0
1393197098347	3300.0	162.0	88.0	34.0
1393197098356	3300.0	161.0	88.0	34.0
1393197098379	3300.0	161.0	88.0	35.0
1393197098384	3304.0	1.0	2.0	16.0
1393197098386	3304.0	160.0	88.0	36.0
1393197098395	3304.0	160.0	88.0	36.0
1393197098407	3304.0	160.0	88.0	36.0
1393197098418	3303.0	160.0	88.0	36.0
1393197098427	3303.0	161.0	88.0	35.0
1393197098442	3303.0	161.0	88.0	34.0
1393197098448	3303.0	162.0	88.0	33.0
1393197098455	3306.0	163.0	88.0	33.0
1393197098465	3306.0	163.0	88.0	32.0
1393197098484	3306.0	163.0	88.0	33.0
1393197098495	3307.0	163.0	88.0	33.0
1393197098497	3307.0	162.0	88.0	34.0
1393197098505	3307.0	161.0	88.0	35.0
1393197098517	3307.0	160.0	88.0	36.0
1393197098524	3306.0	158.0	88.0	37.0
1393197098534	3306.0	157.0	88.0	38.0
1393197098547	3306.0	157.0	88.0	39.0
1393197098556	3306.0	156.0	88.0	39.0
1393197098568	3309.0	156.0	88.0	40.0
1393197098575	3309.0	155.0	88.0	41.0
1393197098585	3309.0	153.0	88.0	42.0
1393197098599	3309.0	151.0	88.0	44.0
1393197098607	3306.0	150.0	88.0	46.0
1393197098617	3306.0	149.0	88.0	47.0
1393197098625	3306.0	149.0	88.0	47.0
1393197098635	3307.0	149.0	88.0	46.0
1393197098649	3307.0	150.0	88.0	45.0
1393197098655	3307.0	151.0	88.0	44.0
1393197098667	3307.0	152.0	88.0	44.0
1393197098674	3307.0	152.0	88.0	44.0
1393197098684	3307.0	152.0	88.0	44.0
1393197098698	3307.0	152.0	88.0	44.0
1393197098707	3307.0	151.0	88.0	45.0
1393197098717	3309.0	150.0	88.0	45.0
1393197098732	3309.0	149.0	88.0	46.0
1393197098735	3309.0	149.0	88.0	47.0
1393197098749	3309.0	149.0	88.0	47.0
1393197098756	3310.0	149.0	88.0	46.0
1393197098767	3310.0	150.0	88.0	45.0
1393197098775	3310.0	150.0	88.0	45.0
1393197098788	3307.0	150.0	88.0	46.0
1393197098799	3307.0	149.0	88.0	46.0
1393197098805	3307.0	149.0	88.0	46.0
1393197098816	3307.0	150.0	88.0	46.0
1393197098825	3305.0	150.0	88.0	45.0
1393197098835	3305.0	151.0	88.0	44.0
1393197098849	3305.0	153.0	88.0	42.0
1393197098855	3305.0	155.0	88.0	41.0
1393197098865	3308.0	155.0	88.0	40.0
1393197098875	3308.0	156.0	88.0	40.0
1393197098886	3308.0	156.0	89.0	40.0
1393197098898	3308.0	155.0	89.0	40.0
1393197098907	3308.0	154.0	89.0	41.0
1393197098916	3308.0	153.0	89.0	42.0
1393197098925	3308.0	152.0	89.0	43.0
1393197098936	3304.0	152.0	89.0	44.0
1393197098948	3304.0	151.0	89.0	44.0
1393197098955	3304.0	151.0	89.0	44.0
1393197098968	3304.0	151.0	89.0	44.0
1393197098986	3304.0	152.0	88.0	44.0
1393197099012	3304.0	152.0	88.0	44.0
1393197099015	3304.0	153.0	88.0	42.0
1393197099017	3306.0	153.0	88.0	42.0
1393197099032	3306.0	154.0	88.0	41.0
1393197099035	3306.0	155.0	88.0	41.0
1393197099049	3306.0	155.0	88.0	40.0
1393197099055	3304.0	154.0	88.0	41.0
1393197099065	3304.0	153.0	88.0	43.0
1393197099075	3304.0	151.0	88.0	44.0
1393197099088	3302.0	149.0	88.0	46.0
1393197099098	3302.0	148.0	88.0	47.0
1393197099105	3302.0	148.0	88.0	48.0
1393197099115	3302.0	149.0	88.0	47.0
1393197099125	3300.0	150.0	88.0	46.0
1393197099135	3300.0	151.0	88.0	44.0
1393197099149	3300.0	153.0	88.0	43.0
1393197099156	3300.0	155.0	88.0	41.0
1393197099165	3301.0	156.0	88.0	39.0
1393197099175	3301.0	157.0	88.0	38.0
1393197099185	3301.0	157.0	88.0	38.0
1393197099195	3303.0	157.0	88.0	38.0
1393197099208	3303.0	156.0	88.0	39.0
1393197099216	3303.0	156.0	88.0	40.0
1393197099226	3303.0	102.0	41.0	90.0
1393197099236	3301.0	156.0	88.0	40.0
1393197099246	3301.0	156.0	88.0	40.0
1393197099256	3301.0	156.0	88.0	39.0
1393197099267	3301.0	156.0	88.0	40.0
1393197099277	3300.0	155.0	88.0	40.0
1393197099285	3300.0	154.0	88.0	42.0
1393197099328	3300.0	153.0	88.0	43.0
1393197099330	3300.0	152.0	88.0	44.0
1393197099331	3301.0	151.0	88.0	44.0
1393197099333	3301.0	151.0	88.0	45.0
1393197099334	3301.0	151.0	88.0	45.0
1393197099345	3298.0	151.0	88.0	44.0
1393197099356	3298.0	152.0	88.0	43.0
1393197099365	3298.0	153.0	88.0	42.0
1393197099376	3298.0	154.0	88.0	41.0
1393197099388	3300.0	155.0	88.0	40.0
1393197099395	3300.0	155.0	88.0	40.0
1393197099406	3300.0	155.0	88.0	40.0
1393197099415	3300.0	155.0	88.0	41.0
1393197099427	3303.0	154.0	88.0	42.0
1393197099435	3303.0	153.0	88.0	43.0
1393197099448	3303.0	152.0	88.0	43.0
1393197099456	3303.0	151.0	88.0	44.0
1393197099466	3299.0	151.0	88.0	45.0
1393197099480	3299.0	150.0	88.0	45.0
1393197099485	3299.0	149.0	88.0	46.0
1393197099498	3301.0	149.0	88.0	47.0
1393197099511	3301.0	148.0	88.0	47.0
1393197099520	3301.0	148.0	88.0	47.0
1393197099536	3301.0	136.0	16.0	178.0
1393197099538	3298.0	146.0	88.0	49.0
1393197099547	3298.0	146.0	88.0	50.0
1393197099556	3298.0	146.0	88.0	49.0
1393197099568	3298.0	147.0	88.0	49.0
1393197099580	3300.0	147.0	88.0	48.0
1393197099586	3300.0	148.0	88.0	48.0
1393197099600	3300.0	148.0	88.0	47.0
1393197099608	3300.0	148.0	88.0	48.0
1393197099617	3299.0	148.0	88.0	48.0
1393197099635	3299.0	54.0	51.0	61.0
1393197099647	3299.0	1.0	2.0	15.0
1393197099660	3294.0	150.0	88.0	45.0
1393197099661	3294.0	152.0	88.0	44.0
1393197099665	3294.0	153.0	88.0	43.0
1393197099678	3294.0	154.0	88.0	42.0
1393197099688	3292.0	154.0	88.0	41.0
1393197099695	3292.0	154.0	88.0	41.0
1393197099706	3292.0	155.0	88.0	41.0
1393197099716	3292.0	155.0	88.0	40.0
1393197099728	3290.0	156.0	88.0	40.0
1393197099736	3290.0	156.0	88.0	39.0
1393197099748	3290.0	156.0	88.0	39.0
1393197099756	3290.0	156.0	88.0	39.0
1393197099766	3287.0	157.0	88.0	39.0
1393197099779	3287.0	156.0	88.0	39.0
1393197099787	3287.0	156.0	88.0	40.0
1393197099797	3285.0	155.0	88.0	41.0
1393197099812	3285.0	154.0	88.0	41.0
1393197099816	3285.0	154.0	88.0	41.0
1393197099828	3285.0	154.0	88.0	41.0
1393197099836	3280.0	154.0	88.0	41.0
1393197099847	3280.0	154.0	88.0	41.0
1393197099856	3280.0	154.0	88.0	41.0
1393197099869	3280.0	154.0	88.0	41.0
1393197099878	3280.0	154.0	88.0	41.0
1393197099886	3280.0	154.0	88.0	41.0
1393197099896	3280.0	155.0	88.0	41.0
1393197099906	3280.0	155.0	88.0	41.0
1393197099916	3278.0	154.0	88.0	41.0
1393197099929	3278.0	154.0	88.0	41.0
1393197099936	3278.0	153.0	88.0	42.0
1393197099946	3272.0	153.0	88.0	42.0
1393197099956	3272.0	153.0	88.0	42.0
1393197099966	3272.0	153.0	88.0	42.0
1393197099979	3272.0	153.0	88.0	43.0
1393197099988	3262.0	152.0	88.0	43.0
1393197099997	3262.0	151.0	88.0	44.0
1393197100006	3262.0	151.0	88.0	45.0
1393197100017	3262.0	151.0	88.0	45.0
1393197100029	3257.0	151.0	88.0	44.0
1393197100036	3257.0	102.0	41.0	90.0
1393197100049	3257.0	151.0	88.0	44.0
1393197100056	3248.0	102.0	41.0	90.0
1393197100067	3248.0	150.0	88.0	45.0
1393197100079	3248.0	149.0	88.0	46.0
1393197100086	3248.0	102.0	41.0	90.0
1393197100097	3240.0	148.0	88.0	48.0
1393197100112	3240.0	148.0	88.0	48.0
1393197100116	3240.0	102.0	42.0	90.0
1393197100129	3240.0	148.0	88.0	47.0
1393197100136	3238.0	102.0	41.0	90.0
1393197100146	3238.0	150.0	88.0	45.0
1393197100157	3238.0	102.0	41.0	90.0
1393197100170	3238.0	152.0	88.0	43.0
1393197100177	3235.0	152.0	88.0	44.0
1393197100186	3235.0	151.0	88.0	44.0
1393197100197	3235.0	150.0	88.0	46.0
1393197100211	3230.0	149.0	88.0	47.0
1393197100217	3230.0	102.0	42.0	90.0
1393197100229	3230.0	147.0	88.0	48.0
1393197100237	3230.0	102.0	42.0	90.0
1393197100247	3228.0	102.0	41.0	90.0
1393197100261	3228.0	144.0	88.0	51.0
1393197100268	3228.0	102.0	41.0	90.0
1393197100280	3228.0	143.0	88.0	52.0
1393197100289	3225.0	102.0	42.0	90.0
1393197100301	3225.0	145.0	88.0	50.0
1393197100307	3225.0	102.0	42.0	90.0
1393197100317	3225.0	102.0	42.0	90.0
1393197100328	3225.0	149.0	88.0	46.0
1393197100337	3225.0	102.0	42.0	90.0
1393197100349	3225.0	150.0	88.0	45.0
1393197100361	3224.0	150.0	88.0	45.0
1393197100367	3224.0	102.0	42.0	90.0
1393197100381	3224.0	150.0	88.0	45.0
1393197100387	3224.0	102.0	42.0	90.0
1393197100401	3223.0	150.0	88.0	45.0
1393197100410	3223.0	150.0	88.0	45.0
1393197100417	3223.0	102.0	42.0	90.0
1393197100430	3223.0	149.0	88.0	46.0
1393197100438	3221.0	149.0	88.0	46.0
1393197100450	3221.0	150.0	88.0	46.0
1393197100465	3221.0	151.0	88.0	45.0
1393197100471	3221.0	152.0	88.0	43.0
1393197100480	3220.0	153.0	88.0	43.0
1393197100487	3220.0	102.0	42.0	90.0
1393197100497	3220.0	102.0	42.0	90.0
1393197100512	3220.0	156.0	88.0	39.0
1393197100517	3220.0	102.0	41.0	90.0
1393197100537	3220.0	102.0	41.0	90.0
1393197100547	3221.0	102.0	42.0	90.0
1393197100560	3221.0	159.0	87.0	36.0
1393197100567	3221.0	102.0	42.0	90.0
1393197100578	3221.0	159.0	87.0	36.0
1393197100599	3217.0	159.0	87.0	37.0
1393197100606	3217.0	159.0	87.0	37.0
1393197100612	3217.0	159.0	87.0	37.0
1393197100617	3217.0	158.0	87.0	37.0
1393197100627	3214.0	158.0	87.0	37.0
1393197100638	3214.0	158.0	87.0	37.0
1393197100649	3214.0	158.0	87.0	37.0
1393197100659	3214.0	158.0	87.0	37.0
1393197100667	3214.0	158.0	87.0	37.0
1393197100677	3214.0	158.0	87.0	37.0
1393197100687	3214.0	158.0	87.0	37.0
1393197100697	3216.0	158.0	87.0	37.0
1393197100709	3216.0	159.0	87.0	37.0
1393197100718	3216.0	159.0	87.0	37.0
1393197100727	3216.0	159.0	87.0	36.0
1393197100737	3219.0	160.0	87.0	36.0
1393197100747	3219.0	160.0	87.0	36.0
1393197100767	3219.0	160.0	87.0	35.0
1393197100770	3218.0	161.0	87.0	35.0
1393197100778	3218.0	161.0	87.0	35.0
1393197100793	3218.0	160.0	87.0	35.0
1393197100804	3218.0	160.0	87.0	36.0
1393197100816	3218.0	70.0	21.0	55.0
1393197100818	3218.0	160.0	87.0	36.0
1393197100829	3218.0	160.0	87.0	36.0
1393197100836	3218.0	160.0	87.0	36.0
1393197100846	3220.0	160.0	87.0	36.0
1393197100859	3220.0	159.0	87.0	36.0
1393197100867	3220.0	159.0	87.0	36.0
1393197100877	3220.0	159.0	87.0	36.0
1393197100892	3216.0	159.0	87.0	37.0
1393197100898	3216.0	159.0	87.0	37.0
1393197100910	3216.0	158.0	87.0	37.0
1393197100916	3216.0	159.0	87.0	37.0
1393197100936	3216.0	159.0	87.0	36.0
1393197100940	3216.0	160.0	87.0	36.0
1393197100949	3216.0	160.0	87.0	36.0
1393197100958	3215.0	160.0	87.0	36.0
1393197100966	3215.0	160.0	87.0	36.0
1393197100976	3215.0	160.0	87.0	36.0
1393197100986	3215.0	159.0	87.0	36.0
1393197100996	3210.0	159.0	87.0	36.0
1393197101012	3210.0	160.0	87.0	36.0
1393197101017	3210.0	160.0	87.0	36.0
1393197101028	3210.0	160.0	87.0	36.0
1393197101039	3215.0	160.0	87.0	36.0
1393197101047	3215.0	159.0	87.0	36.0
1393197101061	3215.0	160.0	87.0	36.0
1393197101069	3216.0	160.0	87.0	35.0
1393197101078	3216.0	161.0	87.0	35.0
1393197101087	3216.0	161.0	87.0	34.0
1393197101097	3216.0	162.0	87.0	34.0
1393197101109	3215.0	163.0	87.0	33.0
1393197101117	3215.0	102.0	41.0	90.0
1393197101129	3215.0	163.0	87.0	32.0
1393197101137	3215.0	102.0	41.0	90.0
1393197101147	3217.0	163.0	87.0	32.0
1393197101158	3217.0	163.0	87.0	33.0
1393197101167	3217.0	162.0	87.0	33.0
1393197101177	3217.0	162.0	87.0	33.0
1393197101227	3216.0	162.0	87.0	34.0
1393197101244	3216.0	162.0	87.0	34.0
1393197101245	3216.0	161.0	87.0	34.0
1393197101247	3217.0	162.0	87.0	34.0
1393197101249	3217.0	162.0	87.0	34.0
1393197101250	3217.0	162.0	87.0	33.0
1393197101251	3217.0	162.0	87.0	33.0
1393197101257	3217.0	163.0	87.0	33.0
1393197101266	3217.0	163.0	86.0	32.0
1393197101277	3217.0	163.0	87.0	32.0
1393197101288	3217.0	164.0	87.0	32.0
1393197101296	3217.0	163.0	87.0	32.0
1393197101309	3217.0	163.0	87.0	32.0
1393197101317	3217.0	163.0	87.0	33.0
1393197101327	3217.0	162.0	87.0	33.0
1393197101337	3216.0	162.0	87.0	33.0
1393197101347	3216.0	162.0	87.0	34.0
1393197101359	3216.0	162.0	87.0	34.0
1393197101370	3216.0	162.0	87.0	34.0
1393197101378	3216.0	162.0	87.0	33.0
1393197101398	3216.0	162.0	87.0	33.0
1393197101400	3216.0	162.0	87.0	33.0
1393197101409	3222.0	162.0	87.0	33.0
1393197101417	3222.0	163.0	87.0	33.0
1393197101430	3222.0	163.0	87.0	32.0
1393197101441	3222.0	163.0	87.0	32.0
1393197101448	3220.0	163.0	87.0	32.0
1393197101458	3220.0	163.0	87.0	32.0
1393197101467	3220.0	163.0	87.0	32.0
1393197101478	3220.0	163.0	87.0	32.0
1393197101491	3220.0	163.0	87.0	32.0
1393197101497	3220.0	163.0	87.0	32.0
1393197101509	3220.0	163.0	87.0	32.0
1393197101517	3222.0	164.0	87.0	32.0
1393197101527	3222.0	164.0	87.0	32.0
1393197101550	3222.0	163.0	87.0	32.0
1393197101567	3221.0	163.0	87.0	33.0
1393197101568	3221.0	163.0	87.0	33.0
1393197101577	3221.0	163.0	87.0	33.0
1393197101589	3221.0	163.0	87.0	33.0
1393197101597	3223.0	162.0	87.0	33.0
1393197101610	3223.0	162.0	87.0	33.0
1393197101617	3223.0	162.0	87.0	33.0
1393197101628	3223.0	162.0	87.0	33.0
1393197101641	3223.0	163.0	87.0	33.0
1393197101647	3223.0	163.0	87.0	32.0
1393197101659	3223.0	164.0	87.0	32.0
1393197101674	3224.0	164.0	87.0	31.0
1393197101677	3224.0	165.0	87.0	31.0
1393197101691	3224.0	165.0	87.0	31.0
1393197101697	3224.0	165.0	87.0	30.0
1393197101708	3222.0	166.0	87.0	30.0
1393197101717	3222.0	166.0	87.0	30.0
1393197101730	3222.0	166.0	86.0	29.0
1393197101740	3222.0	167.0	86.0	29.0
1393197101748	3226.0	167.0	86.0	29.0
1393197101758	3226.0	167.0	86.0	29.0
1393197101767	3226.0	166.0	86.0	29.0
1393197101777	3225.0	166.0	86.0	29.0
1393197101790	3225.0	166.0	86.0	29.0
1393197101797	3225.0	166.0	86.0	29.0
1393197101808	3225.0	166.0	86.0	29.0
1393197101819	3224.0	102.0	41.0	90.0
1393197101829	3224.0	166.0	86.0	30.0
1393197101839	3224.0	166.0	86.0	30.0
1393197101851	3224.0	166.0	86.0	30.0
1393197101858	3225.0	102.0	41.0	90.0
1393197101869	3225.0	102.0	41.0	90.0
1393197101879	3225.0	167.0	86.0	29.0
1393197101889	3225.0	167.0	86.0	28.0
1393197101898	3226.0	102.0	41.0	90.0
1393197101912	3226.0	167.0	86.0	28.0
1393197101932	3226.0	167.0	86.0	29.0
1393197101935	3226.0	166.0	86.0	29.0
1393197101940	3226.0	166.0	86.0	30.0
1393197101948	3226.0	102.0	41.0	90.0
1393197101958	3226.0	166.0	86.0	30.0
1393197101978	3225.0	166.0	86.0	30.0
1393197101979	3225.0	166.0	86.0	30.0
1393197101989	3225.0	165.0	86.0	30.0
1393197101998	3225.0	165.0	86.0	30.0
1393197102007	3224.0	165.0	86.0	30.0
1393197102017	3224.0	166.0	86.0	30.0
1393197102030	3224.0	166.0	86.0	30.0
1393197102038	3224.0	165.0	87.0	30.0
1393197102047	3225.0	165.0	87.0	30.0
1393197102057	3225.0	165.0	87.0	31.0
1393197102067	3225.0	165.0	87.0	31.0
1393197102078	3221.0	164.0	87.0	31.0
1393197102089	3221.0	164.0	87.0	31.0
1393197102097	3221.0	164.0	87.0	31.0
1393197102108	3221.0	164.0	87.0	31.0
1393197102119	3221.0	165.0	87.0	31.0
1393197102128	3221.0	165.0	87.0	30.0
1393197102139	3221.0	166.0	86.0	30.0
1393197102150	3221.0	166.0	86.0	29.0
1393197102159	3222.0	167.0	86.0	29.0
1393197102169	3222.0	167.0	86.0	29.0
1393197102178	3222.0	167.0	86.0	29.0
1393197102190	3222.0	167.0	86.0	28.0
1393197102198	3221.0	167.0	86.0	28.0
1393197102211	3221.0	167.0	86.0	28.0
1393197102221	3221.0	168.0	86.0	28.0
1393197102228	3221.0	168.0	86.0	28.0
1393197102238	3221.0	168.0	86.0	28.0
1393197102248	3221.0	167.0	86.0	28.0
1393197102258	3221.0	167.0	86.0	29.0
1393197102273	3216.0	167.0	86.0	29.0
1393197102278	3216.0	166.0	86.0	29.0
1393197102291	3216.0	166.0	86.0	29.0
1393197102298	3216.0	166.0	86.0	29.0
1393197102309	3216.0	166.0	86.0	29.0
1393197102322	3216.0	166.0	86.0	29.0
1393197102330	3216.0	166.0	86.0	29.0
1393197102339	3214.0	166.0	86.0	29.0
1393197102348	3214.0	167.0	86.0	29.0
1393197102359	3214.0	167.0	86.0	29.0
1393197102378	3214.0	1.0	3.0	16.0
1393197102381	3217.0	167.0	86.0	29.0
1393197102403	3217.0	167.0	86.0	29.0
1393197102406	3217.0	167.0	86.0	29.0
1393197102408	3217.0	167.0	86.0	29.0
1393197102421	3215.0	167.0	86.0	29.0
1393197102428	3215.0	166.0	86.0	29.0
1393197102439	3215.0	166.0	86.0	29.0
1393197102450	3215.0	166.0	86.0	29.0
1393197102459	3215.0	166.0	86.0	29.0
1393197102472	3215.0	167.0	86.0	29.0
1393197102479	3215.0	167.0	86.0	29.0
1393197102489	3213.0	167.0	86.0	29.0
1393197102499	3213.0	167.0	86.0	29.0
1393197102511	3213.0	167.0	86.0	29.0
1393197102523	3213.0	166.0	86.0	29.0
1393197102529	3213.0	166.0	86.0	29.0
1393197102539	3213.0	166.0	86.0	29.0
1393197102549	3213.0	166.0	86.0	29.0
1393197102558	3213.0	166.0	86.0	29.0
1393197102575	3214.0	166.0	86.0	30.0
1393197102578	3214.0	166.0	86.0	30.0
1393197102594	3214.0	166.0	86.0	30.0
1393197102603	3214.0	166.0	86.0	30.0
1393197102608	3213.0	166.0	86.0	30.0
1393197102620	3213.0	165.0	86.0	30.0
1393197102630	3213.0	165.0	86.0	30.0
1393197102638	3212.0	165.0	86.0	30.0
1393197102648	3212.0	166.0	86.0	30.0
1393197102658	3212.0	166.0	86.0	30.0
1393197102669	3212.0	166.0	86.0	30.0
1393197102678	3211.0	166.0	86.0	30.0
1393197102690	3211.0	166.0	86.0	30.0
1393197102698	3211.0	165.0	86.0	30.0
1393197102708	3211.0	165.0	86.0	30.0
1393197102719	3212.0	165.0	86.0	30.0
1393197102728	3212.0	166.0	86.0	30.0
1393197102738	3212.0	165.0	86.0	30.0
1393197102755	3212.0	165.0	86.0	30.0
1393197102759	3213.0	165.0	86.0	30.0
1393197102771	3213.0	165.0	86.0	30.0
1393197102779	3213.0	99.0	12.0	77.0
1393197102790	3215.0	165.0	86.0	30.0
1393197102800	3215.0	166.0	86.0	30.0
1393197102811	3215.0	166.0	86.0	30.0
1393197102830	3214.0	166.0	86.0	30.0
1393197102842	3214.0	166.0	86.0	30.0
1393197102849	3214.0	165.0	86.0	30.0
1393197102865	3214.0	165.0	86.0	31.0
1393197102888	3215.0	164.0	86.0	32.0
1393197102889	3215.0	164.0	86.0	32.0
1393197102891	3215.0	163.0	86.0	32.0
1393197102899	3215.0	163.0	86.0	33.0
1393197102909	3214.0	163.0	86.0	33.0
1393197102921	3214.0	163.0	86.0	33.0
1393197102931	3214.0	163.0	86.0	33.0
1393197102939	3214.0	163.0	86.0	33.0
1393197102950	3214.0	102.0	41.0	90.0
1393197102960	3214.0	163.0	86.0	32.0
1393197102969	3214.0	163.0	86.0	32.0
1393197102979	3214.0	164.0	86.0	32.0
1393197102991	3214.0	164.0	86.0	32.0
1393197103000	3214.0	164.0	86.0	32.0
1393197103009	3214.0	164.0	86.0	32.0
1393197103023	3212.0	163.0	86.0	32.0
1393197103030	3212.0	163.0	86.0	33.0
1393197103039	3212.0	162.0	86.0	33.0
1393197103054	3212.0	162.0	86.0	34.0
1393197103060	3212.0	161.0	86.0	34.0
1393197103071	3212.0	161.0	86.0	35.0
1393197103082	3212.0	161.0	86.0	35.0
1393197103096	3212.0	161.0	86.0	35.0
1393197103104	3212.0	161.0	86.0	35.0
1393197103116	3212.0	161.0	86.0	34.0
1393197103126	3212.0	161.0	86.0	34.0
1393197103135	3209.0	161.0	86.0	34.0
1393197103140	3209.0	161.0	86.0	34.0
1393197103169	3209.0	161.0	86.0	34.0
1393197103172	3209.0	161.0	86.0	34.0
1393197103176	3209.0	161.0	86.0	34.0
1393197103180	3209.0	161.0	86.0	34.0
1393197103190	3209.0	161.0	86.0	35.0
1393197103206	3208.0	161.0	86.0	35.0
1393197103209	3208.0	161.0	86.0	35.0
1393197103219	3208.0	161.0	86.0	35.0
1393197103231	3208.0	161.0	86.0	35.0
1393197103239	3204.0	161.0	86.0	35.0
1393197103250	3204.0	161.0	86.0	35.0
1393197103259	3204.0	161.0	86.0	35.0
1393197103270	3204.0	161.0	86.0	35.0
1393197103279	3204.0	161.0	86.0	35.0
1393197103292	3204.0	161.0	86.0	34.0
1393197103301	3204.0	161.0	86.0	34.0
1393197103309	3204.0	162.0	86.0	34.0
1393197103319	3200.0	162.0	86.0	34.0
1393197103329	3200.0	162.0	86.0	33.0
1393197103340	3200.0	162.0	86.0	33.0
1393197103351	3198.0	162.0	86.0	34.0
1393197103359	3198.0	161.0	86.0	34.0
1393197103370	3198.0	161.0	86.0	34.0
1393197103382	3198.0	161.0	86.0	35.0
1393197103399	3195.0	127.0	32.0	158.0
1393197103401	3195.0	160.0	86.0	36.0
1393197103412	3195.0	160.0	86.0	36.0
1393197103420	3195.0	159.0	86.0	36.0
1393197103429	3195.0	159.0	86.0	36.0
1393197103439	3195.0	159.0	86.0	36.0
1393197103454	3195.0	159.0	86.0	36.0
1393197103474	3196.0	161.0	86.0	35.0
1393197103480	3196.0	162.0	86.0	34.0
1393197103498	3196.0	162.0	86.0	33.0
1393197103503	3198.0	163.0	86.0	33.0
1393197103509	3198.0	162.0	86.0	33.0
1393197103520	3198.0	162.0	86.0	33.0
1393197103535	3198.0	162.0	86.0	33.0
1393197103539	3200.0	162.0	86.0	33.0
1393197103552	3200.0	162.0	86.0	34.0
1393197103560	3200.0	161.0	86.0	34.0
1393197103570	3200.0	162.0	86.0	34.0
1393197103580	3198.0	162.0	86.0	33.0
1393197103593	3198.0	162.0	86.0	33.0
1393197103604	3198.0	163.0	86.0	32.0
1393197103610	3198.0	163.0	86.0	32.0
1393197103622	3205.0	163.0	86.0	32.0
1393197103631	3205.0	164.0	86.0	32.0
1393197103641	3205.0	164.0	86.0	32.0
1393197103656	3205.0	164.0	86.0	32.0
1393197103660	3205.0	164.0	86.0	31.0
1393197103670	3205.0	164.0	86.0	31.0
1393197103680	3205.0	164.0	86.0	31.0
1393197103690	3203.0	164.0	86.0	31.0
1393197103702	3203.0	164.0	86.0	31.0
1393197103711	3203.0	164.0	86.0	31.0
1393197103719	3203.0	164.0	86.0	31.0
1393197103729	3209.0	164.0	86.0	31.0
1393197103739	3209.0	164.0	86.0	31.0
1393197103749	3209.0	164.0	86.0	32.0
1393197103760	3208.0	164.0	86.0	32.0
1393197103772	3208.0	164.0	86.0	32.0
1393197103781	3208.0	164.0	86.0	31.0
1393197103790	3208.0	164.0	86.0	31.0
1393197103800	3208.0	165.0	86.0	30.0
1393197103810	3208.0	165.0	86.0	30.0
1393197103820	3208.0	166.0	86.0	30.0
1393197103832	3208.0	166.0	86.0	29.0
1393197103840	3209.0	166.0	86.0	29.0
1393197103854	3209.0	166.0	86.0	29.0
1393197103861	3209.0	166.0	86.0	29.0
1393197103870	3209.0	166.0	86.0	30.0
1393197103884	3208.0	166.0	86.0	30.0
1393197103892	3208.0	166.0	86.0	30.0
1393197103903	3208.0	166.0	86.0	30.0
1393197103910	3208.0	166.0	86.0	29.0
1393197103921	3208.0	166.0	86.0	30.0
1393197103931	3208.0	165.0	86.0	30.0
1393197103940	3208.0	165.0	86.0	30.0
1393197103952	3209.0	165.0	86.0	30.0
1393197103960	3209.0	166.0	86.0	30.0
1393197103970	3209.0	166.0	86.0	30.0
1393197103986	3209.0	166.0	86.0	30.0
1393197103992	3210.0	165.0	86.0	30.0
1393197104004	3210.0	165.0	86.0	31.0
1393197104014	3210.0	164.0	86.0	31.0
1393197104020	3210.0	164.0	86.0	31.0
1393197104031	3207.0	165.0	86.0	31.0
1393197104040	3207.0	165.0	86.0	30.0
1393197104053	3207.0	166.0	86.0	29.0
1393197104060	3208.0	168.0	86.0	27.0
1393197104073	3208.0	170.0	86.0	25.0
1393197104084	3208.0	171.0	86.0	24.0
1393197104091	3208.0	171.0	86.0	24.0
1393197104110	3206.0	170.0	85.0	25.0
1393197104123	3206.0	170.0	85.0	25.0
1393197104133	3206.0	170.0	85.0	25.0
1393197104140	3205.0	168.0	86.0	27.0
1393197104154	3205.0	164.0	86.0	32.0
1393197104160	3205.0	160.0	86.0	35.0
1393197104171	3205.0	159.0	86.0	36.0
1393197104183	3210.0	159.0	86.0	36.0
1393197104193	3210.0	160.0	86.0	36.0
1393197104200	3210.0	161.0	86.0	34.0
1393197104210	3209.0	163.0	86.0	33.0
1393197104221	3209.0	164.0	85.0	31.0
1393197104234	3209.0	166.0	85.0	30.0
1393197104240	3209.0	167.0	85.0	28.0
1393197104253	3209.0	168.0	85.0	27.0
1393197104260	3209.0	169.0	85.0	27.0
1393197104278	3209.0	169.0	85.0	27.0
1393197104284	3209.0	169.0	86.0	27.0
1393197104290	3207.0	168.0	86.0	27.0
1393197104301	3207.0	168.0	86.0	27.0
1393197104353	3207.0	167.0	86.0	28.0
1393197104355	3207.0	167.0	86.0	29.0
1393197104356	3209.0	167.0	86.0	28.0
1393197104357	3209.0	168.0	86.0	28.0
1393197104359	3209.0	168.0	86.0	27.0
1393197104360	3211.0	169.0	86.0	26.0
1393197104372	3211.0	170.0	86.0	26.0
1393197104383	3211.0	171.0	86.0	24.0
1393197104389	3211.0	172.0	86.0	23.0
1393197104402	3216.0	173.0	86.0	22.0
1393197104409	3216.0	173.0	86.0	22.0
1393197104420	3216.0	173.0	86.0	22.0
1393197104432	3216.0	173.0	86.0	23.0
1393197104440	3216.0	173.0	86.0	23.0
1393197104450	3216.0	172.0	86.0	23.0
1393197104460	3216.0	172.0	86.0	24.0
1393197104470	3216.0	171.0	86.0	25.0
1393197104483	3215.0	170.0	86.0	25.0
1393197104492	3215.0	170.0	86.0	26.0
1393197104500	3215.0	170.0	86.0	26.0
1393197104510	3214.0	169.0	86.0	26.0
1393197104521	3214.0	170.0	86.0	25.0
1393197104530	3214.0	171.0	86.0	24.0
1393197104540	3214.0	172.0	86.0	23.0
1393197104554	3211.0	173.0	86.0	22.0
1393197104563	3211.0	173.0	86.0	22.0
1393197104571	3211.0	173.0	86.0	23.0
1393197104584	3211.0	172.0	86.0	23.0
1393197104591	3212.0	172.0	86.0	24.0
1393197104601	3212.0	171.0	86.0	24.0
1393197104623	3210.0	171.0	86.0	25.0
1393197104639	3210.0	170.0	86.0	26.0
1393197104644	3210.0	169.0	86.0	26.0
1393197104652	3210.0	169.0	86.0	27.0
1393197104670	3204.0	169.0	86.0	27.0
1393197104677	3204.0	169.0	86.0	27.0
1393197104683	3204.0	169.0	86.0	27.0
1393197104693	3204.0	169.0	86.0	26.0
1393197104705	3205.0	169.0	86.0	26.0
1393197104711	3205.0	169.0	86.0	26.0
1393197104721	3205.0	169.0	86.0	26.0
1393197104733	3205.0	170.0	86.0	26.0
1393197104741	3204.0	171.0	86.0	25.0
1393197104752	3204.0	171.0	86.0	24.0
1393197104761	3204.0	172.0	86.0	24.0
1393197104779	3202.0	171.0	86.0	24.0
1393197104782	3202.0	171.0	86.0	24.0
1393197104795	3202.0	171.0	86.0	25.0
1393197104804	3202.0	171.0	86.0	25.0
1393197104810	3202.0	171.0	85.0	25.0
1393197104820	3202.0	171.0	85.0	24.0
1393197104832	3202.0	172.0	85.0	24.0
1393197104840	3202.0	172.0	85.0	23.0
1393197104854	3200.0	172.0	85.0	23.0
1393197104862	3200.0	172.0	85.0	23.0
1393197104870	3200.0	172.0	85.0	24.0
1393197104880	3200.0	172.0	85.0	24.0
1393197104890	3200.0	171.0	86.0	24.0
1393197104900	3200.0	171.0	85.0	25.0
1393197104918	3200.0	171.0	85.0	25.0
1393197104921	3197.0	171.0	85.0	25.0
1393197104935	3197.0	171.0	85.0	25.0
1393197104941	3197.0	171.0	85.0	24.0
1393197104950	3197.0	171.0	85.0	24.0
1393197104961	3195.0	172.0	85.0	24.0
1393197104973	3195.0	171.0	85.0	24.0
1393197104982	3195.0	171.0	85.0	25.0
1393197104991	3195.0	170.0	85.0	25.0
1393197105001	3197.0	170.0	85.0	26.0
1393197105014	3197.0	170.0	85.0	26.0
1393197105021	3197.0	170.0	85.0	26.0
1393197105033	3197.0	170.0	85.0	26.0
1393197105041	3199.0	170.0	85.0	26.0
1393197105051	3199.0	170.0	85.0	25.0
1393197105080	3199.0	171.0	85.0	25.0
1393197105081	3198.0	171.0	85.0	25.0
1393197105083	3198.0	170.0	85.0	26.0
1393197105095	3198.0	168.0	86.0	28.0
1393197105102	3198.0	165.0	86.0	30.0
1393197105112	3201.0	162.0	86.0	33.0
1393197105120	3201.0	161.0	86.0	34.0
1393197105133	3201.0	162.0	86.0	33.0
1393197105140	3201.0	165.0	86.0	31.0
1393197105153	3203.0	166.0	85.0	29.0
1393197105164	3203.0	168.0	85.0	28.0
1393197105170	3203.0	169.0	85.0	27.0
1393197105180	3203.0	170.0	85.0	25.0
1393197105190	3205.0	171.0	85.0	24.0
1393197105200	3205.0	172.0	85.0	24.0
1393197105521	3205.0	171.0	85.0	24.0
1393197105523	3208.0	170.0	85.0	25.0
1393197105524	3208.0	169.0	85.0	27.0
1393197105525	3208.0	167.0	85.0	28.0
1393197105527	3208.0	166.0	85.0	30.0
1393197105528	3207.0	165.0	85.0	31.0
1393197105531	3207.0	164.0	85.0	31.0
1393197105532	3207.0	165.0	85.0	31.0
1393197105533	3207.0	165.0	85.0	30.0
1393197105535	3205.0	166.0	85.0	29.0
1393197105536	3205.0	167.0	85.0	28.0
1393197105537	3205.0	169.0	85.0	27.0
1393197105538	3212.0	170.0	85.0	26.0
1393197105539	3212.0	170.0	85.0	25.0
1393197105540	3212.0	171.0	85.0	24.0
1393197105542	3212.0	172.0	85.0	23.0
1393197105543	3214.0	172.0	85.0	23.0
1393197105544	3214.0	172.0	85.0	23.0
1393197105546	3214.0	173.0	85.0	22.0
1393197105547	3214.0	174.0	85.0	21.0
1393197105558	3211.0	175.0	85.0	20.0
1393197105559	3211.0	176.0	85.0	19.0
1393197105560	3211.0	177.0	85.0	18.0
1393197105561	3211.0	178.0	85.0	18.0
1393197105564	3205.0	178.0	85.0	18.0
1393197105565	3205.0	178.0	85.0	17.0
1393197105593	3205.0	179.0	86.0	17.0
