1393197157655	338.0	149.0	83.0	37.0
1393197157660	338.0	148.0	83.0	38.0
1393197157670	337.0	145.0	83.0	40.0
1393197157679	337.0	145.0	83.0	41.0
1393197157689	337.0	145.0	83.0	40.0
1393197157700	337.0	144.0	83.0	41.0
1393197157713	337.0	143.0	84.0	43.0
1393197157720	337.0	143.0	84.0	42.0
1393197157730	337.0	146.0	84.0	39.0
1393197157740	337.0	151.0	84.0	35.0
1393197157755	337.0	152.0	84.0	34.0
1393197157760	337.0	150.0	85.0	35.0
1393197157772	337.0	148.0	85.0	38.0
1393197157780	336.0	146.0	85.0	39.0
1393197157790	336.0	144.0	85.0	41.0
1393197157799	336.0	140.0	84.0	45.0
1393197157809	339.0	137.0	84.0	49.0
1393197157819	339.0	134.0	84.0	51.0
1393197157832	339.0	134.0	83.0	51.0
1393197157839	339.0	136.0	83.0	49.0
1393197157851	341.0	138.0	82.0	48.0
1393197157859	341.0	140.0	82.0	46.0
1393197157870	341.0	143.0	82.0	42.0
1393197157880	341.0	144.0	82.0	41.0
1393197157892	340.0	143.0	83.0	43.0
1393197157900	340.0	139.0	83.0	46.0
1393197157910	340.0	136.0	83.0	50.0
1393197157920	340.0	134.0	84.0	51.0
1393197157930	339.0	135.0	84.0	50.0
1393197157940	339.0	138.0	84.0	47.0
1393197157952	339.0	140.0	84.0	45.0
1393197157960	343.0	142.0	84.0	44.0
1393197157980	343.0	145.0	84.0	40.0
1393197157991	343.0	147.0	83.0	39.0
1393197158003	346.0	148.0	83.0	37.0
1393197158013	346.0	150.0	83.0	36.0
1393197158020	346.0	151.0	83.0	35.0
1393197158031	346.0	151.0	83.0	34.0
1393197158041	348.0	145.0	83.0	40.0
1393197158051	348.0	145.0	83.0	40.0
1393197158061	348.0	145.0	83.0	40.0
1393197158075	348.0	145.0	83.0	41.0
1393197158081	347.0	144.0	84.0	41.0
1393197158091	347.0	144.0	84.0	41.0
1393197158101	347.0	145.0	84.0	41.0
1393197158110	348.0	145.0	84.0	40.0
1393197158120	348.0	146.0	84.0	40.0
1393197158135	348.0	146.0	84.0	39.0
1393197158140	348.0	147.0	84.0	39.0
1393197158212	350.0	148.0	84.0	38.0
1393197158214	350.0	148.0	84.0	37.0
1393197158217	350.0	149.0	84.0	37.0
1393197158220	350.0	151.0	84.0	35.0
1393197158221	352.0	150.0	84.0	36.0
1393197158222	352.0	150.0	84.0	36.0
1393197158224	352.0	150.0	84.0	35.0
1393197158225	352.0	151.0	84.0	35.0
1393197158230	353.0	151.0	84.0	35.0
1393197158276	353.0	152.0	84.0	34.0
1393197158279	353.0	152.0	84.0	34.0
1393197158280	354.0	151.0	84.0	35.0
1393197158282	354.0	151.0	84.0	35.0
1393197158284	354.0	151.0	84.0	35.0
1393197158291	354.0	151.0	84.0	35.0
1393197158302	354.0	151.0	84.0	35.0
1393197158313	354.0	151.0	84.0	36.0
1393197158321	354.0	150.0	84.0	36.0
1393197158331	354.0	150.0	84.0	36.0
1393197158346	352.0	149.0	84.0	37.0
1393197158351	352.0	149.0	84.0	38.0
1393197158361	352.0	148.0	84.0	38.0
1393197158373	352.0	148.0	84.0	38.0
1393197158388	351.0	148.0	84.0	38.0
1393197158392	351.0	147.0	84.0	39.0
1393197158405	351.0	147.0	84.0	39.0
1393197158410	352.0	147.0	84.0	39.0
1393197158423	352.0	147.0	84.0	39.0
1393197158440	352.0	147.0	84.0	39.0
1393197158451	351.0	147.0	84.0	39.0
1393197158461	351.0	147.0	84.0	39.0
1393197158471	351.0	146.0	84.0	39.0
1393197158481	351.0	146.0	84.0	40.0
1393197158493	349.0	96.0	83.0	90.0
1393197158502	349.0	145.0	84.0	41.0
1393197158511	349.0	145.0	84.0	41.0
1393197158521	348.0	145.0	84.0	41.0
1393197158535	348.0	96.0	83.0	90.0
1393197158541	348.0	144.0	84.0	41.0
1393197158553	348.0	96.0	83.0	90.0
1393197158561	349.0	96.0	83.0	90.0
1393197158571	349.0	144.0	84.0	42.0
1393197158585	349.0	144.0	84.0	42.0
1393197158591	349.0	144.0	84.0	42.0
1393197158602	347.0	144.0	84.0	42.0
1393197158614	347.0	143.0	84.0	43.0
1393197158621	347.0	143.0	84.0	43.0
1393197158631	347.0	142.0	84.0	44.0
1393197158641	344.0	142.0	84.0	44.0
1393197158656	344.0	141.0	84.0	45.0
1393197158661	344.0	141.0	84.0	45.0
1393197158673	341.0	140.0	84.0	46.0
1393197158687	341.0	139.0	84.0	47.0
1393197158691	341.0	138.0	84.0	47.0
1393197158703	341.0	137.0	84.0	48.0
1393197158711	340.0	137.0	84.0	49.0
1393197158729	340.0	136.0	84.0	50.0
1393197158734	340.0	136.0	84.0	50.0
1393197158741	340.0	136.0	84.0	50.0
1393197158758	340.0	135.0	84.0	50.0
1393197158762	340.0	135.0	84.0	51.0
1393197158771	340.0	134.0	84.0	51.0
1393197158785	340.0	134.0	85.0	52.0
1393197158794	338.0	134.0	85.0	52.0
1393197158802	338.0	134.0	85.0	52.0
1393197158811	338.0	133.0	85.0	53.0
1393197158821	338.0	133.0	85.0	53.0
1393197158835	338.0	132.0	85.0	54.0
1393197158841	338.0	131.0	85.0	55.0
1393197158854	338.0	130.0	85.0	55.0
1393197158862	337.0	130.0	85.0	56.0
1393197158877	337.0	129.0	85.0	57.0
1393197158888	337.0	128.0	85.0	58.0
1393197158891	337.0	127.0	85.0	58.0
1393197158902	335.0	126.0	85.0	59.0
1393197158918	335.0	125.0	85.0	61.0
1393197158922	335.0	124.0	85.0	62.0
1393197158937	335.0	123.0	85.0	63.0
1393197158941	332.0	121.0	85.0	64.0
1393197158951	332.0	120.0	85.0	66.0
1393197158962	332.0	119.0	85.0	67.0
1393197158974	330.0	118.0	85.0	67.0
1393197158983	330.0	118.0	85.0	68.0
1393197158991	330.0	118.0	85.0	68.0
1393197159003	330.0	118.0	85.0	68.0
1393197159012	331.0	118.0	85.0	68.0
1393197159022	331.0	117.0	85.0	68.0
1393197159036	331.0	117.0	85.0	68.0
1393197159041	331.0	117.0	85.0	69.0
1393197159053	332.0	116.0	85.0	69.0
1393197159065	332.0	116.0	85.0	70.0
1393197159072	332.0	116.0	85.0	70.0
1393197159086	332.0	116.0	85.0	70.0
1393197159094	332.0	117.0	85.0	69.0
1393197159102	332.0	118.0	85.0	68.0
1393197159114	332.0	118.0	85.0	67.0
1393197159122	334.0	119.0	85.0	66.0
1393197159135	334.0	120.0	85.0	66.0
1393197159143	334.0	121.0	85.0	65.0
1393197159154	334.0	122.0	85.0	64.0
1393197159162	335.0	122.0	85.0	63.0
1393197159173	335.0	123.0	85.0	62.0
1393197159191	335.0	124.0	85.0	61.0
1393197159195	335.0	125.0	85.0	61.0
1393197159205	335.0	125.0	85.0	60.0
1393197159218	335.0	125.0	86.0	60.0
1393197159222	335.0	126.0	86.0	59.0
1393197159235	335.0	127.0	86.0	59.0
1393197159242	335.0	127.0	86.0	58.0
1393197159252	335.0	128.0	86.0	57.0
1393197159261	335.0	129.0	86.0	57.0
1393197159274	336.0	130.0	86.0	56.0
1393197159283	336.0	130.0	86.0	55.0
1393197159292	336.0	131.0	86.0	54.0
1393197159303	336.0	132.0	86.0	54.0
1393197159313	337.0	132.0	86.0	53.0
1393197159322	337.0	132.0	86.0	53.0
1393197159342	337.0	132.0	86.0	53.0
1393197159352	338.0	132.0	86.0	54.0
1393197159362	338.0	132.0	85.0	54.0
1393197159375	338.0	131.0	85.0	54.0
1393197159389	338.0	131.0	85.0	55.0
1393197159401	338.0	130.0	85.0	56.0
1393197159408	338.0	129.0	85.0	56.0
1393197159414	338.0	129.0	86.0	57.0
1393197159427	336.0	128.0	86.0	58.0
1393197159432	336.0	127.0	86.0	58.0
1393197159442	336.0	126.0	86.0	59.0
1393197159454	336.0	125.0	86.0	61.0
1393197159463	333.0	123.0	86.0	62.0
1393197159472	333.0	122.0	86.0	64.0
1393197159486	333.0	121.0	86.0	65.0
1393197159492	333.0	120.0	86.0	65.0
1393197159502	332.0	120.0	86.0	65.0
1393197159517	332.0	121.0	86.0	65.0
1393197159522	332.0	122.0	86.0	64.0
1393197159534	333.0	122.0	86.0	63.0
1393197159542	333.0	123.0	86.0	62.0
1393197159552	333.0	124.0	86.0	61.0
1393197159569	333.0	125.0	86.0	60.0
1393197159574	334.0	126.0	86.0	59.0
1393197159582	334.0	127.0	86.0	58.0
1393197159605	334.0	128.0	86.0	57.0
1393197159609	334.0	129.0	86.0	57.0
1393197159611	336.0	96.0	83.0	90.0
1393197159621	336.0	131.0	86.0	55.0
1393197159634	336.0	132.0	86.0	53.0
1393197159641	336.0	133.0	86.0	52.0
1393197159657	339.0	135.0	86.0	51.0
1393197159663	339.0	136.0	86.0	49.0
1393197159672	339.0	138.0	86.0	48.0
1393197159684	342.0	139.0	85.0	47.0
1393197159694	342.0	139.0	85.0	46.0
1393197159702	342.0	140.0	86.0	46.0
1393197159716	342.0	140.0	86.0	46.0
1393197159722	341.0	140.0	86.0	46.0
1393197159735	341.0	140.0	86.0	45.0
1393197159742	341.0	140.0	86.0	45.0
1393197159755	341.0	141.0	86.0	44.0
1393197159765	341.0	142.0	86.0	44.0
1393197159772	341.0	143.0	86.0	43.0
1393197159783	341.0	144.0	86.0	42.0
1393197159791	343.0	145.0	86.0	41.0
1393197159802	343.0	146.0	86.0	40.0
1393197159816	343.0	146.0	86.0	39.0
1393197159822	343.0	148.0	86.0	38.0
1393197159833	344.0	149.0	86.0	37.0
1393197159842	344.0	150.0	86.0	36.0
1393197159853	344.0	150.0	86.0	35.0
1393197159868	344.0	150.0	86.0	35.0
1393197159874	343.0	151.0	86.0	35.0
1393197159882	343.0	151.0	86.0	35.0
1393197159892	343.0	151.0	86.0	35.0
1393197159905	343.0	152.0	86.0	34.0
1393197159913	344.0	152.0	86.0	34.0
1393197159922	344.0	152.0	86.0	34.0
1393197159935	344.0	152.0	86.0	33.0
1393197159942	345.0	152.0	86.0	34.0
1393197159952	345.0	152.0	86.0	34.0
1393197159963	345.0	151.0	86.0	35.0
1393197159972	345.0	151.0	86.0	35.0
1393197159982	344.0	150.0	86.0	36.0
1393197160004	344.0	149.0	86.0	36.0
1393197160005	344.0	149.0	86.0	37.0
1393197160012	344.0	149.0	86.0	37.0
1393197160022	343.0	149.0	86.0	37.0
1393197160032	343.0	148.0	86.0	38.0
1393197160042	343.0	148.0	86.0	38.0
1393197160055	343.0	147.0	86.0	39.0
1393197160063	343.0	146.0	86.0	39.0
1393197160072	343.0	146.0	86.0	40.0
1393197160083	343.0	145.0	86.0	40.0
1393197160092	343.0	145.0	86.0	41.0
1393197160103	343.0	145.0	86.0	41.0
1393197160116	343.0	146.0	86.0	40.0
1393197160123	343.0	147.0	86.0	39.0
1393197160133	344.0	147.0	86.0	39.0
1393197160146	344.0	148.0	86.0	38.0
1393197160155	344.0	148.0	86.0	38.0
1393197160168	344.0	148.0	86.0	37.0
1393197160178	345.0	149.0	86.0	37.0
1393197160185	345.0	149.0	86.0	37.0
1393197160204	345.0	4.0	23.0	95.0
1393197160207	345.0	147.0	86.0	39.0
1393197160215	344.0	147.0	86.0	39.0
1393197160223	344.0	146.0	86.0	40.0
1393197160236	344.0	146.0	85.0	40.0
1393197160244	344.0	146.0	85.0	40.0
1393197160256	344.0	146.0	85.0	40.0
1393197160274	344.0	113.0	24.0	54.0
1393197160278	344.0	145.0	85.0	41.0
1393197160285	343.0	145.0	85.0	41.0
1393197160305	343.0	145.0	85.0	41.0
1393197160307	343.0	145.0	85.0	41.0
1393197160318	343.0	145.0	85.0	41.0
1393197160323	343.0	145.0	85.0	41.0
1393197160334	343.0	145.0	85.0	41.0
1393197160345	343.0	145.0	85.0	41.0
1393197160359	343.0	145.0	85.0	41.0
1393197160368	344.0	145.0	85.0	41.0
1393197160374	344.0	144.0	85.0	41.0
1393197160384	344.0	144.0	85.0	42.0
1393197160404	344.0	96.0	83.0	90.0
1393197160409	344.0	144.0	85.0	42.0
1393197160428	344.0	144.0	85.0	42.0
1393197160430	344.0	144.0	85.0	42.0
1393197160433	344.0	144.0	85.0	42.0
1393197160447	344.0	143.0	85.0	42.0
1393197160455	344.0	143.0	85.0	43.0
1393197160471	344.0	143.0	85.0	43.0
1393197160476	344.0	143.0	85.0	43.0
1393197160487	344.0	143.0	85.0	43.0
1393197160501	344.0	143.0	85.0	43.0
1393197160505	344.0	143.0	85.0	43.0
1393197160518	344.0	143.0	85.0	43.0
1393197160524	344.0	142.0	85.0	43.0
1393197160536	344.0	143.0	85.0	43.0
1393197160548	344.0	143.0	85.0	43.0
1393197160554	344.0	96.0	83.0	90.0
1393197160567	344.0	143.0	85.0	43.0
1393197160573	344.0	96.0	83.0	90.0
1393197160583	344.0	143.0	85.0	42.0
1393197160596	344.0	144.0	85.0	42.0
1393197160605	344.0	144.0	85.0	42.0
1393197160624	344.0	96.0	83.0	90.0
1393197160634	344.0	145.0	85.0	41.0
1393197160657	344.0	145.0	85.0	40.0
1393197160658	344.0	145.0	85.0	40.0
1393197160664	344.0	145.0	85.0	40.0
1393197160683	344.0	96.0	83.0	90.0
1393197160695	345.0	145.0	85.0	40.0
1393197160706	345.0	57.0	22.0	21.0
1393197160721	345.0	146.0	85.0	40.0
1393197160729	345.0	146.0	85.0	40.0
1393197160734	345.0	146.0	85.0	40.0
1393197160747	345.0	146.0	85.0	39.0
1393197160764	345.0	96.0	83.0	90.0
1393197160773	345.0	147.0	85.0	39.0
1393197160780	346.0	147.0	85.0	38.0
1393197160785	346.0	148.0	85.0	38.0
1393197160800	346.0	148.0	85.0	38.0
1393197160815	347.0	148.0	85.0	37.0
1393197160816	347.0	148.0	85.0	38.0
1393197160823	347.0	148.0	85.0	38.0
1393197160835	347.0	147.0	85.0	39.0
1393197160846	346.0	146.0	85.0	39.0
1393197160853	346.0	146.0	85.0	40.0
1393197160864	346.0	145.0	85.0	40.0
1393197160873	346.0	145.0	85.0	41.0
1393197160883	346.0	145.0	85.0	41.0
1393197160896	346.0	145.0	85.0	41.0
1393197160905	346.0	145.0	85.0	41.0
1393197160916	346.0	145.0	85.0	41.0
1393197160924	346.0	144.0	85.0	41.0
1393197160934	346.0	144.0	85.0	42.0
1393197160945	346.0	143.0	85.0	43.0
1393197160956	344.0	142.0	85.0	44.0
1393197160965	344.0	141.0	85.0	45.0
1393197160974	344.0	140.0	85.0	46.0
1393197160984	344.0	139.0	85.0	47.0
1393197160996	343.0	138.0	85.0	47.0
1393197161004	343.0	138.0	85.0	48.0
1393197161021	343.0	137.0	85.0	48.0
1393197161027	343.0	137.0	85.0	49.0
1393197161035	342.0	137.0	85.0	49.0
1393197161048	342.0	137.0	85.0	49.0
1393197161058	342.0	137.0	85.0	48.0
1393197161068	342.0	138.0	85.0	48.0
1393197161076	342.0	138.0	85.0	48.0
1393197161084	342.0	139.0	85.0	47.0
1393197161098	342.0	140.0	85.0	46.0
1393197161104	344.0	140.0	85.0	45.0
1393197161114	344.0	141.0	85.0	45.0
1393197161124	344.0	141.0	85.0	45.0
1393197161136	344.0	141.0	85.0	44.0
1393197161145	345.0	142.0	85.0	44.0
1393197161155	345.0	142.0	85.0	44.0
1393197161165	345.0	142.0	85.0	43.0
1393197161174	345.0	143.0	85.0	43.0
1393197161184	346.0	143.0	85.0	43.0
1393197161196	346.0	143.0	85.0	43.0
1393197161205	346.0	143.0	85.0	43.0
1393197161214	346.0	142.0	85.0	43.0
1393197161224	346.0	142.0	85.0	43.0
1393197161236	346.0	143.0	85.0	43.0
1393197161247	346.0	143.0	85.0	42.0
1393197161272	347.0	145.0	85.0	40.0
1393197161295	347.0	32.0	52.0	31.0
1393197161298	347.0	147.0	85.0	38.0
1393197161300	349.0	148.0	85.0	37.0
1393197161306	349.0	150.0	85.0	36.0
1393197161316	349.0	151.0	85.0	35.0
1393197161324	349.0	151.0	85.0	35.0
1393197161334	351.0	151.0	85.0	34.0
1393197161344	351.0	152.0	85.0	34.0
1393197161356	351.0	152.0	85.0	34.0
1393197161364	351.0	152.0	85.0	34.0
1393197161380	351.0	153.0	85.0	33.0
1393197161385	351.0	153.0	85.0	32.0
1393197161401	351.0	154.0	85.0	32.0
1393197161408	355.0	155.0	84.0	31.0
1393197161427	355.0	155.0	84.0	31.0
1393197161429	355.0	155.0	84.0	31.0
1393197161436	355.0	155.0	84.0	31.0
1393197161449	357.0	156.0	84.0	30.0
1393197161454	357.0	156.0	84.0	30.0
1393197161465	357.0	157.0	84.0	29.0
1393197161478	357.0	157.0	84.0	29.0
1393197161485	358.0	157.0	84.0	29.0
1393197161497	358.0	157.0	84.0	29.0
1393197161504	358.0	157.0	84.0	29.0
1393197161515	358.0	157.0	84.0	29.0
1393197161529	358.0	157.0	84.0	29.0
1393197161534	358.0	156.0	84.0	30.0
1393197161546	358.0	156.0	84.0	30.0
1393197161557	358.0	155.0	84.0	31.0
1393197161565	358.0	155.0	84.0	31.0
1393197161581	358.0	154.0	84.0	32.0
1393197161585	358.0	154.0	84.0	32.0
1393197161595	357.0	153.0	84.0	33.0
1393197161604	357.0	153.0	84.0	33.0
1393197161617	357.0	153.0	84.0	33.0
1393197161634	357.0	152.0	84.0	34.0
1393197161636	357.0	152.0	84.0	34.0
1393197161644	357.0	152.0	83.0	34.0
1393197161654	357.0	151.0	83.0	35.0
1393197161665	357.0	151.0	83.0	35.0
1393197161677	357.0	150.0	83.0	36.0
1393197161684	357.0	150.0	83.0	36.0
1393197161694	357.0	150.0	83.0	36.0
1393197161704	356.0	150.0	83.0	36.0
1393197161715	356.0	149.0	83.0	37.0
1393197161730	356.0	148.0	83.0	38.0
1393197161737	356.0	147.0	83.0	39.0
1393197161744	353.0	146.0	83.0	40.0
1393197161754	353.0	145.0	84.0	41.0
1393197161765	353.0	144.0	84.0	42.0
1393197161777	351.0	143.0	84.0	43.0
1393197161784	351.0	142.0	84.0	44.0
1393197161797	351.0	141.0	84.0	45.0
1393197161805	351.0	140.0	84.0	46.0
1393197161815	347.0	139.0	84.0	47.0
1393197161827	347.0	138.0	84.0	48.0
1393197161835	347.0	137.0	84.0	49.0
1393197161847	347.0	136.0	84.0	50.0
1393197161859	345.0	136.0	84.0	50.0
1393197161864	345.0	136.0	84.0	50.0
1393197161875	345.0	136.0	84.0	50.0
1393197161884	345.0	136.0	84.0	50.0
1393197161894	344.0	136.0	84.0	50.0
1393197161904	344.0	135.0	84.0	51.0
1393197161916	344.0	135.0	84.0	51.0
1393197161935	343.0	134.0	84.0	52.0
1393197161936	343.0	133.0	84.0	53.0
1393197161944	343.0	132.0	84.0	53.0
1393197161967	343.0	80.0	8.0	35.0
1393197161969	342.0	132.0	84.0	54.0
1393197161976	342.0	132.0	84.0	53.0
1393197161983	342.0	133.0	84.0	53.0
1393197161994	342.0	133.0	84.0	53.0
1393197162006	342.0	133.0	84.0	53.0
1393197162015	342.0	133.0	84.0	53.0
1393197162024	342.0	133.0	84.0	53.0
1393197162036	342.0	132.0	84.0	53.0
1393197162047	340.0	132.0	84.0	54.0
1393197162059	340.0	132.0	84.0	54.0
1393197162066	340.0	131.0	84.0	55.0
1393197162080	338.0	130.0	84.0	56.0
1393197162085	338.0	129.0	84.0	56.0
1393197162099	338.0	129.0	84.0	57.0
1393197162111	338.0	128.0	84.0	57.0
1393197162117	337.0	128.0	84.0	58.0
1393197162128	337.0	128.0	84.0	58.0
1393197162137	337.0	127.0	84.0	58.0
1393197162145	337.0	127.0	84.0	58.0
1393197162157	336.0	127.0	84.0	59.0
1393197162164	336.0	127.0	84.0	59.0
1393197162174	336.0	126.0	84.0	59.0
1393197162184	336.0	126.0	84.0	59.0
1393197162194	336.0	126.0	84.0	59.0
1393197162204	336.0	126.0	84.0	60.0
1393197162217	336.0	125.0	84.0	60.0
1393197162225	336.0	125.0	84.0	60.0
1393197162234	336.0	125.0	84.0	60.0
1393197162245	336.0	125.0	84.0	60.0
1393197162255	336.0	125.0	84.0	61.0
1393197162265	335.0	125.0	84.0	61.0
1393197162279	335.0	125.0	84.0	60.0
1393197162285	335.0	125.0	84.0	60.0
1393197162295	335.0	125.0	84.0	60.0
1393197162306	336.0	125.0	84.0	60.0
1393197162316	336.0	125.0	84.0	60.0
1393197162327	336.0	126.0	84.0	60.0
1393197162358	336.0	126.0	84.0	59.0
1393197162366	336.0	126.0	84.0	59.0
1393197162368	336.0	126.0	84.0	59.0
1393197162376	336.0	126.0	83.0	59.0
1393197162378	336.0	126.0	83.0	59.0
1393197162385	336.0	126.0	83.0	59.0
1393197162398	336.0	126.0	83.0	59.0
1393197162414	336.0	125.0	84.0	60.0
1393197162416	334.0	125.0	84.0	60.0
1393197162424	334.0	125.0	84.0	61.0
1393197162434	334.0	124.0	84.0	61.0
1393197162445	334.0	124.0	84.0	61.0
1393197162460	333.0	124.0	84.0	62.0
1393197162465	333.0	123.0	84.0	62.0
1393197162478	333.0	123.0	84.0	62.0
1393197162485	332.0	122.0	84.0	63.0
1393197162496	332.0	122.0	84.0	63.0
1393197162511	332.0	121.0	84.0	64.0
1393197162517	332.0	121.0	84.0	64.0
1393197162525	333.0	122.0	84.0	64.0
1393197162545	333.0	122.0	83.0	63.0
1393197162567	333.0	122.0	83.0	63.0
1393197162569	333.0	122.0	83.0	63.0
1393197162578	333.0	122.0	83.0	63.0
1393197162585	333.0	122.0	83.0	63.0
1393197162595	333.0	122.0	83.0	63.0
1393197162610	333.0	122.0	83.0	64.0
1393197162615	333.0	122.0	83.0	64.0
1393197162627	333.0	122.0	83.0	64.0
1393197162643	332.0	122.0	83.0	64.0
1393197162646	332.0	122.0	83.0	64.0
1393197162658	332.0	121.0	83.0	64.0
1393197162665	332.0	121.0	83.0	64.0
1393197162675	331.0	121.0	84.0	65.0
1393197162685	331.0	121.0	84.0	64.0
1393197162697	331.0	121.0	84.0	64.0
1393197162705	331.0	121.0	84.0	64.0
1393197162715	330.0	121.0	84.0	64.0
1393197162726	330.0	121.0	84.0	64.0
1393197162735	330.0	121.0	84.0	64.0
1393197162745	330.0	121.0	84.0	64.0
1393197162761	330.0	122.0	84.0	64.0
1393197162765	330.0	122.0	84.0	63.0
1393197162776	330.0	122.0	84.0	63.0
1393197162787	330.0	122.0	84.0	63.0
1393197162796	330.0	122.0	84.0	64.0
1393197162810	330.0	121.0	84.0	64.0
1393197162818	330.0	121.0	84.0	64.0
1393197162826	328.0	121.0	84.0	65.0
1393197162836	328.0	120.0	84.0	65.0
1393197162846	328.0	120.0	84.0	65.0
1393197162858	328.0	120.0	84.0	65.0
1393197162865	328.0	96.0	83.0	90.0
1393197162878	328.0	121.0	84.0	65.0
1393197162890	328.0	121.0	84.0	64.0
1393197162901	328.0	121.0	84.0	64.0
1393197162907	328.0	121.0	84.0	64.0
1393197162915	328.0	121.0	84.0	64.0
1393197162925	328.0	121.0	84.0	65.0
1393197162941	328.0	120.0	84.0	65.0
1393197162945	328.0	120.0	84.0	65.0
1393197162957	328.0	120.0	84.0	65.0
1393197162965	328.0	120.0	84.0	65.0
1393197162975	326.0	120.0	84.0	66.0
1393197162986	326.0	119.0	84.0	66.0
1393197162998	326.0	119.0	84.0	66.0
1393197163008	326.0	119.0	84.0	66.0
1393197163015	327.0	119.0	84.0	66.0
1393197163025	327.0	119.0	84.0	66.0
1393197163053	327.0	96.0	83.0	90.0
1393197163055	327.0	120.0	84.0	65.0
1393197163063	327.0	120.0	84.0	65.0
1393197163066	327.0	120.0	84.0	65.0
1393197163076	327.0	120.0	84.0	65.0
1393197163095	328.0	121.0	84.0	65.0
1393197163105	328.0	121.0	84.0	64.0
1393197163107	328.0	121.0	84.0	64.0
1393197163118	328.0	122.0	84.0	64.0
1393197163125	329.0	122.0	84.0	64.0
1393197163154	329.0	122.0	84.0	64.0
1393197163155	329.0	122.0	84.0	64.0
1393197163157	329.0	122.0	84.0	64.0
1393197163165	328.0	122.0	84.0	64.0
1393197163187	328.0	122.0	84.0	63.0
1393197163196	329.0	122.0	84.0	63.0
1393197163217	329.0	122.0	84.0	63.0
1393197163220	329.0	122.0	84.0	63.0
1393197163225	329.0	122.0	84.0	63.0
1393197163239	328.0	122.0	84.0	63.0
1393197163245	328.0	122.0	84.0	63.0
1393197163258	328.0	122.0	84.0	63.0
1393197163266	328.0	122.0	84.0	63.0
1393197163276	328.0	123.0	84.0	63.0
1393197163294	328.0	123.0	84.0	63.0
1393197163298	328.0	123.0	84.0	62.0
1393197163309	328.0	123.0	84.0	62.0
1393197163315	328.0	123.0	84.0	62.0
1393197163325	328.0	123.0	84.0	62.0
1393197163339	328.0	124.0	84.0	62.0
1393197163345	328.0	124.0	84.0	62.0
1393197163361	328.0	124.0	84.0	61.0
1393197163366	328.0	124.0	84.0	61.0
1393197163377	328.0	124.0	84.0	61.0
1393197163390	327.0	124.0	84.0	61.0
1393197163397	327.0	124.0	84.0	61.0
1393197163410	327.0	124.0	84.0	61.0
1393197163427	327.0	5.0	3.0	5.0
1393197163428	326.0	124.0	84.0	62.0
1393197163437	326.0	124.0	84.0	62.0
1393197163446	326.0	123.0	84.0	62.0
1393197163457	326.0	123.0	84.0	62.0
1393197163466	326.0	123.0	84.0	62.0
1393197163479	326.0	123.0	84.0	62.0
1393197163489	326.0	123.0	84.0	62.0
1393197163496	326.0	123.0	84.0	62.0
1393197163506	326.0	123.0	84.0	62.0
1393197163516	326.0	123.0	84.0	62.0
1393197163526	326.0	123.0	84.0	62.0
1393197163539	325.0	123.0	84.0	62.0
1393197163546	325.0	123.0	84.0	62.0
1393197163556	325.0	123.0	84.0	62.0
1393197163566	325.0	123.0	84.0	63.0
1393197163576	326.0	123.0	84.0	63.0
1393197163589	326.0	123.0	84.0	63.0
1393197163598	326.0	123.0	84.0	63.0
1393197163607	326.0	123.0	84.0	63.0
1393197163616	326.0	123.0	84.0	63.0
1393197163627	326.0	123.0	84.0	63.0
1393197163636	326.0	123.0	84.0	63.0
1393197163646	325.0	123.0	84.0	63.0
1393197163659	325.0	123.0	84.0	63.0
1393197163666	325.0	123.0	84.0	63.0
1393197163676	325.0	123.0	84.0	63.0
1393197163690	325.0	122.0	84.0	63.0
1393197163696	325.0	122.0	84.0	63.0
1393197163706	325.0	122.0	84.0	64.0
1393197163722	325.0	122.0	84.0	64.0
1393197163727	325.0	122.0	84.0	63.0
1393197163738	325.0	122.0	84.0	63.0
1393197163746	325.0	122.0	84.0	63.0
1393197163757	325.0	123.0	84.0	63.0
1393197163767	325.0	123.0	84.0	63.0
1393197163779	325.0	123.0	84.0	62.0
1393197163788	325.0	124.0	84.0	61.0
1393197163797	326.0	124.0	84.0	61.0
1393197163807	326.0	125.0	84.0	60.0
1393197163817	326.0	125.0	84.0	60.0
1393197163827	326.0	125.0	84.0	61.0
1393197163839	325.0	124.0	84.0	61.0
1393197163847	325.0	124.0	84.0	61.0
1393197163857	325.0	124.0	84.0	61.0
1393197163871	325.0	124.0	84.0	61.0
1393197163883	325.0	124.0	84.0	61.0
1393197163889	325.0	124.0	84.0	61.0
1393197163900	325.0	125.0	84.0	61.0
1393197163909	326.0	125.0	84.0	60.0
1393197163917	326.0	126.0	84.0	60.0
1393197163927	326.0	126.0	84.0	59.0
1393197163939	326.0	126.0	84.0	59.0
1393197163947	326.0	126.0	84.0	59.0
1393197163959	326.0	127.0	84.0	58.0
1393197163968	326.0	127.0	84.0	58.0
1393197163977	326.0	128.0	84.0	58.0
1393197163989	327.0	128.0	84.0	57.0
1393197163996	327.0	128.0	84.0	57.0
1393197164007	327.0	129.0	84.0	57.0
1393197164025	327.0	129.0	84.0	57.0
1393197164028	327.0	129.0	84.0	56.0
1393197164040	327.0	129.0	84.0	56.0
1393197164047	327.0	129.0	84.0	56.0
1393197164057	328.0	129.0	84.0	56.0
1393197164079	328.0	130.0	84.0	56.0
1393197164090	328.0	130.0	84.0	56.0
1393197164096	328.0	130.0	84.0	56.0
1393197164107	328.0	129.0	84.0	56.0
1393197164121	328.0	129.0	84.0	56.0
1393197164126	328.0	129.0	84.0	56.0
1393197164139	328.0	129.0	84.0	56.0
1393197164146	328.0	129.0	84.0	56.0
1393197164157	328.0	129.0	84.0	56.0
1393197164172	328.0	129.0	84.0	56.0
1393197164177	329.0	129.0	84.0	56.0
1393197164192	329.0	129.0	84.0	56.0
1393197164201	329.0	96.0	83.0	90.0
1393197164207	329.0	129.0	84.0	56.0
1393197164219	329.0	129.0	84.0	56.0
1393197164227	329.0	129.0	84.0	56.0
1393197164238	329.0	129.0	84.0	56.0
1393197164247	329.0	129.0	84.0	56.0
1393197164264	329.0	129.0	84.0	56.0
1393197164269	329.0	129.0	84.0	56.0
1393197164277	329.0	129.0	84.0	56.0
1393197164304	329.0	129.0	84.0	56.0
1393197164308	329.0	129.0	84.0	57.0
1393197164309	329.0	129.0	84.0	57.0
1393197164321	329.0	128.0	84.0	57.0
1393197164326	328.0	128.0	84.0	57.0
1393197164336	328.0	128.0	84.0	57.0
1393197164347	328.0	128.0	84.0	58.0
1393197164357	327.0	128.0	84.0	58.0
1393197164368	327.0	127.0	84.0	58.0
1393197164379	327.0	127.0	84.0	58.0
1393197164388	327.0	127.0	84.0	58.0
1393197164400	328.0	127.0	84.0	58.0
1393197164407	328.0	127.0	84.0	58.0
1393197164425	328.0	127.0	84.0	58.0
1393197164427	328.0	127.0	84.0	58.0
1393197164443	327.0	127.0	84.0	58.0
1393197164447	327.0	127.0	84.0	58.0
1393197164471	327.0	127.0	84.0	58.0
1393197164477	327.0	127.0	84.0	59.0
1393197164502	327.0	127.0	84.0	59.0
1393197164506	327.0	127.0	84.0	58.0
1393197164508	326.0	127.0	84.0	58.0
1393197164521	326.0	127.0	84.0	58.0
1393197164528	326.0	127.0	84.0	58.0
1393197164537	326.0	127.0	84.0	58.0
1393197164549	326.0	127.0	84.0	58.0
1393197164560	326.0	127.0	84.0	58.0
1393197164570	326.0	127.0	84.0	59.0
1393197164577	326.0	126.0	84.0	59.0
1393197164589	326.0	126.0	84.0	59.0
1393197164597	326.0	126.0	84.0	60.0
1393197164608	326.0	125.0	84.0	60.0
1393197164619	325.0	125.0	84.0	60.0
1393197164626	325.0	125.0	84.0	60.0
1393197164637	325.0	125.0	84.0	60.0
1393197164648	325.0	125.0	84.0	60.0
1393197164658	326.0	125.0	84.0	60.0
1393197164671	326.0	125.0	83.0	60.0
1393197164679	326.0	126.0	83.0	60.0
1393197164687	326.0	126.0	83.0	60.0
1393197164697	326.0	126.0	83.0	60.0
1393197164707	326.0	126.0	83.0	60.0
1393197164720	326.0	126.0	84.0	60.0
1393197164727	326.0	126.0	84.0	60.0
1393197164740	326.0	126.0	84.0	59.0
1393197164749	326.0	126.0	84.0	59.0
1393197164757	326.0	126.0	84.0	59.0
1393197164772	326.0	126.0	84.0	59.0
1393197164778	326.0	126.0	84.0	59.0
1393197164788	326.0	126.0	83.0	59.0
1393197164805	326.0	126.0	83.0	59.0
1393197164807	326.0	126.0	83.0	59.0
1393197164821	326.0	126.0	83.0	59.0
1393197164827	326.0	126.0	84.0	60.0
1393197164837	326.0	125.0	84.0	60.0
1393197164849	325.0	125.0	84.0	60.0
1393197164859	325.0	125.0	84.0	60.0
1393197164872	325.0	125.0	84.0	60.0
1393197164877	325.0	125.0	84.0	60.0
1393197164888	325.0	125.0	84.0	60.0
1393197164898	325.0	126.0	84.0	60.0
1393197164908	325.0	126.0	84.0	60.0
1393197164920	325.0	126.0	84.0	60.0
1393197164927	325.0	126.0	84.0	60.0
1393197164937	325.0	125.0	84.0	60.0
1393197164947	325.0	125.0	84.0	60.0
1393197164957	325.0	125.0	84.0	60.0
1393197164967	325.0	125.0	84.0	60.0
1393197164979	325.0	125.0	84.0	60.0
1393197164987	325.0	125.0	84.0	60.0
1393197164997	325.0	125.0	84.0	60.0
1393197165008	325.0	125.0	84.0	60.0
1393197165018	325.0	126.0	84.0	60.0
1393197165027	325.0	126.0	84.0	60.0
1393197165040	325.0	126.0	84.0	60.0
1393197165051	325.0	126.0	84.0	59.0
1393197165057	325.0	126.0	84.0	59.0
1393197165068	325.0	126.0	84.0	59.0
1393197165077	325.0	126.0	84.0	59.0
1393197165087	325.0	126.0	84.0	59.0
1393197165107	324.0	126.0	84.0	60.0
1393197165127	324.0	98.0	15.0	75.0
1393197165128	324.0	126.0	84.0	60.0
1393197165137	324.0	126.0	84.0	60.0
1393197165151	324.0	126.0	84.0	60.0
1393197165159	324.0	126.0	84.0	60.0
1393197165168	324.0	126.0	84.0	59.0
1393197165177	325.0	126.0	84.0	59.0
1393197165188	325.0	126.0	84.0	59.0
1393197165203	325.0	127.0	84.0	59.0
1393197165207	325.0	126.0	84.0	59.0
1393197165220	324.0	126.0	84.0	59.0
1393197165227	324.0	126.0	84.0	59.0
1393197165238	324.0	126.0	84.0	59.0
1393197165250	324.0	127.0	84.0	59.0
1393197165257	325.0	127.0	84.0	58.0
1393197165268	325.0	127.0	84.0	58.0
1393197165280	325.0	127.0	84.0	58.0
1393197165287	325.0	127.0	84.0	58.0
1393197165300	325.0	127.0	84.0	58.0
1393197165308	325.0	127.0	84.0	58.0
1393197165318	325.0	127.0	84.0	58.0
1393197165327	325.0	128.0	84.0	58.0
1393197165340	325.0	128.0	84.0	57.0
1393197165350	325.0	128.0	84.0	57.0
1393197165358	325.0	128.0	84.0	57.0
1393197165368	326.0	129.0	84.0	56.0
1393197165378	326.0	129.0	84.0	56.0
1393197165388	326.0	129.0	84.0	56.0
1393197165402	326.0	129.0	84.0	56.0
1393197165408	326.0	129.0	84.0	56.0
1393197165431	326.0	129.0	84.0	56.0
1393197165437	326.0	130.0	84.0	56.0
1393197165440	326.0	130.0	84.0	55.0
1393197165454	326.0	130.0	84.0	55.0
1393197165460	326.0	130.0	84.0	55.0
1393197165470	326.0	130.0	84.0	55.0
1393197165478	326.0	130.0	84.0	55.0
1393197165488	326.0	130.0	84.0	55.0
1393197165498	326.0	130.0	84.0	55.0
1393197165508	326.0	130.0	84.0	56.0
1393197165521	326.0	130.0	84.0	55.0
1393197165527	326.0	130.0	84.0	55.0
1393197165538	326.0	130.0	84.0	55.0
1393197165549	326.0	130.0	84.0	55.0
1393197165558	327.0	130.0	84.0	55.0
1393197165568	327.0	131.0	84.0	55.0
1393197165583	327.0	131.0	84.0	54.0
1393197165588	327.0	131.0	84.0	54.0
1393197165599	327.0	131.0	84.0	54.0
1393197165608	327.0	131.0	84.0	54.0
1393197165618	327.0	131.0	84.0	54.0
1393197165628	328.0	131.0	84.0	54.0
1393197165640	328.0	131.0	84.0	54.0
1393197165649	328.0	131.0	84.0	54.0
1393197165658	328.0	131.0	84.0	54.0
1393197165668	327.0	131.0	84.0	55.0
1393197165679	327.0	130.0	84.0	55.0
1393197165688	327.0	131.0	84.0	55.0
1393197165700	327.0	131.0	84.0	54.0
1393197165708	328.0	131.0	84.0	54.0
1393197165718	328.0	131.0	84.0	54.0
1393197165729	328.0	131.0	84.0	54.0
1393197165757	329.0	132.0	84.0	53.0
1393197165760	329.0	132.0	84.0	53.0
1393197165768	329.0	132.0	84.0	53.0
1393197165781	330.0	132.0	84.0	53.0
1393197165789	330.0	132.0	84.0	53.0
1393197165803	330.0	132.0	84.0	53.0
1393197165809	330.0	132.0	84.0	54.0
1393197165821	330.0	131.0	84.0	54.0
1393197165830	330.0	131.0	84.0	54.0
1393197165839	330.0	131.0	83.0	55.0
1393197165853	330.0	130.0	83.0	55.0
1393197165858	332.0	130.0	83.0	55.0
1393197165868	332.0	130.0	83.0	55.0
1393197165887	332.0	130.0	83.0	55.0
1393197165893	334.0	130.0	83.0	55.0
1393197165899	334.0	130.0	83.0	55.0
1393197165908	334.0	130.0	84.0	55.0
1393197165918	334.0	130.0	84.0	55.0
1393197165928	334.0	130.0	84.0	55.0
1393197165940	334.0	130.0	84.0	55.0
1393197165951	334.0	130.0	83.0	55.0
1393197165958	334.0	129.0	83.0	56.0
1393197165968	335.0	129.0	83.0	56.0
1393197165983	335.0	129.0	83.0	56.0
1393197165988	335.0	129.0	83.0	56.0
1393197166001	335.0	129.0	83.0	56.0
1393197166008	336.0	129.0	83.0	56.0
1393197166018	336.0	129.0	83.0	56.0
1393197166033	336.0	129.0	83.0	56.0
1393197166038	337.0	130.0	83.0	56.0
1393197166050	337.0	130.0	83.0	55.0
1393197166062	337.0	130.0	83.0	55.0
1393197166068	337.0	131.0	83.0	55.0
1393197166082	339.0	131.0	83.0	54.0
1393197166088	339.0	131.0	83.0	54.0
1393197166098	339.0	131.0	83.0	54.0
1393197166108	339.0	131.0	83.0	54.0
1393197166121	340.0	131.0	83.0	54.0
1393197166139	340.0	131.0	83.0	54.0
1393197166141	340.0	131.0	83.0	54.0
1393197166148	340.0	131.0	83.0	54.0
1393197166158	341.0	131.0	83.0	54.0
1393197166168	341.0	131.0	83.0	54.0
1393197166181	341.0	131.0	83.0	54.0
1393197166188	342.0	132.0	83.0	53.0
1393197166198	342.0	132.0	83.0	53.0
1393197166208	342.0	133.0	83.0	52.0
1393197166218	342.0	133.0	83.0	52.0
1393197166232	344.0	133.0	83.0	52.0
1393197166240	344.0	134.0	83.0	51.0
1393197166249	344.0	134.0	83.0	51.0
1393197166258	344.0	134.0	83.0	51.0
1393197166270	344.0	134.0	83.0	51.0
1393197166278	344.0	134.0	83.0	51.0
1393197166288	344.0	134.0	83.0	51.0
1393197166301	344.0	134.0	83.0	51.0
1393197166309	344.0	134.0	83.0	50.0
1393197166320	344.0	135.0	83.0	50.0
1393197166336	344.0	134.0	83.0	50.0
1393197166340	345.0	134.0	83.0	50.0
1393197166351	345.0	135.0	83.0	50.0
1393197166365	345.0	135.0	83.0	50.0
1393197166369	345.0	135.0	83.0	50.0
1393197166381	347.0	135.0	83.0	50.0
1393197166389	347.0	136.0	83.0	49.0
1393197166404	347.0	136.0	83.0	49.0
1393197166409	347.0	136.0	83.0	49.0
1393197166421	348.0	137.0	83.0	49.0
1393197166431	348.0	137.0	83.0	48.0
1393197166440	348.0	137.0	83.0	48.0
1393197166455	349.0	138.0	83.0	48.0
1393197166459	349.0	138.0	83.0	48.0
1393197166469	349.0	138.0	83.0	48.0
1393197166482	349.0	138.0	83.0	48.0
1393197166489	349.0	138.0	83.0	48.0
1393197166499	349.0	137.0	83.0	48.0
1393197166510	349.0	137.0	83.0	48.0
1393197166520	349.0	137.0	83.0	48.0
1393197166535	349.0	137.0	83.0	48.0
1393197166542	349.0	137.0	83.0	48.0
1393197166550	349.0	137.0	83.0	48.0
1393197166561	349.0	137.0	83.0	48.0
1393197166574	350.0	138.0	83.0	47.0
1393197166581	350.0	138.0	83.0	47.0
1393197166590	350.0	139.0	83.0	47.0
1393197166603	351.0	139.0	83.0	46.0
1393197166619	351.0	5.0	2.0	5.0
1393197166639	351.0	85.0	83.0	45.0
1393197166648	351.0	140.0	83.0	45.0
1393197166653	352.0	140.0	83.0	45.0
1393197166656	352.0	140.0	83.0	45.0
1393197166674	352.0	141.0	83.0	45.0
1393197166676	352.0	141.0	83.0	45.0
1393197166679	351.0	141.0	83.0	45.0
1393197166690	351.0	141.0	83.0	45.0
1393197166700	351.0	141.0	83.0	45.0
1393197166709	351.0	141.0	83.0	44.0
1393197166721	351.0	141.0	83.0	44.0
1393197166730	351.0	141.0	83.0	44.0
1393197166739	351.0	141.0	83.0	45.0
1393197166749	351.0	141.0	83.0	45.0
1393197166759	351.0	141.0	83.0	45.0
1393197166769	351.0	141.0	83.0	45.0
1393197166781	351.0	141.0	83.0	45.0
1393197166789	352.0	141.0	83.0	45.0
1393197166800	352.0	141.0	83.0	45.0
1393197166809	352.0	141.0	83.0	45.0
1393197166821	352.0	141.0	83.0	44.0
1393197166835	351.0	141.0	83.0	44.0
1393197166844	351.0	141.0	83.0	44.0
1393197166852	351.0	141.0	83.0	44.0
1393197166858	351.0	141.0	83.0	44.0
1393197166868	350.0	141.0	83.0	44.0
1393197166878	350.0	141.0	83.0	44.0
1393197166888	350.0	141.0	83.0	45.0
1393197166901	351.0	141.0	83.0	45.0
1393197166922	351.0	4.0	2.0	5.0
1393197166926	351.0	140.0	83.0	45.0
1393197166936	351.0	140.0	83.0	45.0
1393197166939	350.0	140.0	83.0	46.0
1393197166950	350.0	140.0	83.0	46.0
1393197166962	350.0	140.0	83.0	46.0
1393197166968	350.0	140.0	83.0	46.0
1393197166979	350.0	140.0	83.0	46.0
1393197166988	350.0	140.0	83.0	46.0
1393197166998	350.0	140.0	83.0	46.0
1393197167013	350.0	140.0	83.0	46.0
1393197167031	349.0	140.0	83.0	46.0
1393197167039	349.0	140.0	83.0	46.0
1393197167053	349.0	139.0	83.0	46.0
1393197167061	349.0	139.0	83.0	46.0
1393197167069	349.0	139.0	83.0	46.0
1393197167081	349.0	139.0	83.0	46.0
1393197167089	350.0	139.0	83.0	46.0
1393197167099	350.0	139.0	83.0	46.0
1393197167113	350.0	139.0	83.0	46.0
1393197167119	350.0	139.0	83.0	46.0
1393197167131	350.0	139.0	83.0	46.0
1393197167142	350.0	139.0	83.0	46.0
1393197167150	350.0	139.0	83.0	46.0
1393197167160	350.0	139.0	83.0	47.0
1393197167170	350.0	139.0	83.0	47.0
1393197167183	350.0	139.0	83.0	47.0
1393197167192	350.0	139.0	83.0	47.0
1393197167203	349.0	139.0	83.0	47.0
1393197167212	349.0	139.0	83.0	47.0
1393197167220	349.0	139.0	83.0	47.0
1393197167233	349.0	139.0	83.0	47.0
1393197167243	349.0	139.0	83.0	47.0
1393197167251	349.0	139.0	83.0	47.0
1393197167263	349.0	139.0	83.0	47.0
1393197167269	349.0	139.0	83.0	47.0
1393197167280	349.0	139.0	83.0	47.0
1393197167291	349.0	139.0	83.0	46.0
1393197167299	349.0	139.0	83.0	46.0
1393197167317	350.0	139.0	83.0	46.0
1393197167323	350.0	139.0	83.0	46.0
1393197167330	350.0	139.0	83.0	46.0
1393197167356	350.0	139.0	83.0	46.0
1393197167365	349.0	139.0	83.0	46.0
1393197167368	349.0	139.0	83.0	46.0
1393197167373	349.0	139.0	83.0	46.0
1393197167382	349.0	139.0	83.0	47.0
1393197167390	349.0	139.0	83.0	47.0
1393197167405	349.0	139.0	83.0	47.0
1393197167425	349.0	138.0	83.0	47.0
1393197167427	349.0	138.0	83.0	47.0
1393197167430	349.0	138.0	83.0	47.0
1393197167445	349.0	138.0	83.0	47.0
1393197167451	349.0	138.0	83.0	47.0
1393197167461	349.0	138.0	83.0	47.0
1393197167470	349.0	138.0	83.0	47.0
1393197167480	349.0	138.0	83.0	47.0
1393197167492	349.0	138.0	83.0	47.0
1393197167502	350.0	138.0	83.0	47.0
1393197167511	350.0	139.0	83.0	47.0
1393197167520	350.0	139.0	83.0	47.0
1393197167531	350.0	139.0	83.0	47.0
1393197167542	350.0	139.0	83.0	47.0
1393197167550	350.0	139.0	83.0	47.0
1393197167566	350.0	139.0	83.0	47.0
1393197167570	350.0	139.0	83.0	47.0
1393197167581	350.0	139.0	83.0	47.0
1393197167594	350.0	139.0	83.0	47.0
1393197167601	350.0	139.0	83.0	47.0
1393197167614	350.0	139.0	83.0	47.0
1393197167622	350.0	139.0	83.0	46.0
1393197167630	350.0	139.0	83.0	46.0
1393197167650	351.0	139.0	83.0	46.0
1393197167661	351.0	139.0	83.0	46.0
1393197167670	351.0	139.0	83.0	46.0
1393197167683	351.0	140.0	83.0	46.0
1393197167700	351.0	140.0	83.0	46.0
1393197167702	351.0	140.0	83.0	45.0
1393197167710	351.0	140.0	83.0	45.0
1393197167720	351.0	140.0	83.0	45.0
1393197167730	352.0	140.0	83.0	45.0
1393197167743	352.0	140.0	83.0	45.0
1393197167750	352.0	140.0	83.0	45.0
1393197167770	351.0	140.0	83.0	45.0
1393197167781	351.0	140.0	83.0	45.0
1393197167795	351.0	141.0	83.0	45.0
1393197167811	352.0	141.0	83.0	45.0
1393197167817	352.0	141.0	83.0	45.0
1393197167821	352.0	141.0	83.0	45.0
1393197167833	352.0	141.0	83.0	45.0
1393197167841	352.0	141.0	83.0	45.0
1393197167863	352.0	141.0	83.0	45.0
1393197167867	352.0	141.0	83.0	45.0
1393197167870	352.0	141.0	83.0	44.0
1393197167880	352.0	141.0	82.0	44.0
1393197167892	352.0	141.0	82.0	44.0
1393197167900	352.0	141.0	82.0	44.0
1393197167915	353.0	141.0	82.0	44.0
1393197167931	353.0	141.0	82.0	44.0
1393197167933	353.0	141.0	82.0	44.0
1393197167945	353.0	141.0	82.0	44.0
1393197167950	353.0	141.0	82.0	44.0
1393197167962	353.0	141.0	82.0	44.0
1393197167970	353.0	141.0	82.0	44.0
1393197167982	353.0	141.0	82.0	45.0
1393197167992	353.0	141.0	82.0	44.0
1393197168000	353.0	141.0	82.0	44.0
1393197168011	353.0	141.0	82.0	44.0
1393197168020	353.0	141.0	82.0	45.0
1393197168031	353.0	141.0	82.0	45.0
1393197168049	353.0	141.0	82.0	44.0
1393197168050	353.0	141.0	82.0	44.0
1393197168060	353.0	141.0	82.0	44.0
1393197168070	353.0	141.0	82.0	44.0
1393197168080	353.0	141.0	82.0	44.0
1393197168092	353.0	141.0	82.0	45.0
1393197168104	353.0	141.0	82.0	45.0
1393197168111	353.0	141.0	82.0	45.0
1393197168120	353.0	141.0	82.0	45.0
1393197168131	353.0	141.0	82.0	45.0
1393197168143	353.0	141.0	82.0	44.0
1393197168150	353.0	141.0	82.0	44.0
1393197168164	353.0	96.0	83.0	90.0
1393197168171	354.0	141.0	82.0	45.0
1393197168181	354.0	141.0	82.0	45.0
1393197168194	354.0	141.0	82.0	45.0
1393197168201	354.0	141.0	82.0	44.0
1393197168212	355.0	141.0	82.0	44.0
1393197168231	355.0	153.0	41.0	155.0
1393197168235	355.0	141.0	82.0	44.0
1393197168246	355.0	142.0	82.0	44.0
1393197168251	355.0	142.0	82.0	44.0
1393197168262	355.0	142.0	82.0	44.0
1393197168271	355.0	96.0	83.0	90.0
1393197168283	355.0	142.0	82.0	43.0
1393197168294	355.0	142.0	82.0	43.0
1393197168313	355.0	142.0	82.0	43.0
1393197168321	355.0	96.0	83.0	90.0
1393197168334	355.0	142.0	82.0	43.0
1393197168345	355.0	142.0	82.0	43.0
1393197168351	355.0	142.0	82.0	44.0
1393197168362	354.0	142.0	82.0	44.0
1393197168373	354.0	142.0	82.0	44.0
1393197168381	354.0	142.0	82.0	43.0
1393197168392	354.0	142.0	82.0	43.0
1393197168406	354.0	142.0	82.0	43.0
1393197168413	354.0	142.0	82.0	43.0
1393197168424	354.0	142.0	82.0	43.0
1393197168448	354.0	142.0	82.0	43.0
1393197168452	356.0	143.0	82.0	43.0
1393197168454	356.0	143.0	82.0	42.0
1393197168464	356.0	143.0	82.0	42.0
1393197168477	356.0	143.0	82.0	42.0
1393197168481	356.0	143.0	82.0	42.0
1393197168493	356.0	143.0	82.0	42.0
1393197168501	356.0	143.0	82.0	42.0
1393197168511	355.0	143.0	82.0	42.0
1393197168527	355.0	143.0	82.0	42.0
1393197168531	355.0	143.0	82.0	43.0
1393197168544	355.0	142.0	82.0	43.0
1393197168551	353.0	142.0	82.0	43.0
1393197168561	353.0	142.0	82.0	44.0
1393197168571	353.0	141.0	82.0	44.0
1393197168584	351.0	141.0	82.0	44.0
1393197168594	351.0	141.0	82.0	45.0
1393197168601	351.0	140.0	82.0	45.0
1393197168611	351.0	140.0	82.0	45.0
1393197168621	350.0	140.0	82.0	45.0
1393197168631	350.0	140.0	82.0	45.0
1393197168643	350.0	140.0	82.0	45.0
1393197168651	350.0	140.0	83.0	45.0
1393197168662	349.0	140.0	83.0	45.0
1393197168676	349.0	140.0	83.0	46.0
1393197168682	349.0	140.0	83.0	46.0
1393197168694	349.0	139.0	83.0	46.0
1393197168704	348.0	140.0	83.0	46.0
1393197168711	348.0	140.0	83.0	46.0
1393197168724	348.0	140.0	83.0	46.0
1393197168731	349.0	140.0	83.0	45.0
1393197168744	349.0	140.0	82.0	45.0
1393197168751	349.0	140.0	82.0	45.0
1393197168764	349.0	140.0	82.0	45.0
1393197168771	350.0	141.0	82.0	45.0
1393197168781	350.0	141.0	82.0	44.0
1393197168791	350.0	141.0	82.0	44.0
1393197168801	350.0	141.0	82.0	44.0
1393197168811	350.0	141.0	82.0	44.0
1393197168827	350.0	141.0	82.0	45.0
1393197168831	350.0	140.0	82.0	45.0
1393197168843	350.0	140.0	82.0	45.0
1393197168851	349.0	140.0	82.0	45.0
1393197168861	349.0	140.0	82.0	45.0
1393197168875	349.0	140.0	82.0	46.0
1393197168883	349.0	140.0	82.0	46.0
1393197168893	349.0	139.0	82.0	46.0
1393197168901	349.0	139.0	83.0	46.0
1393197168911	349.0	138.0	83.0	47.0
1393197168925	347.0	138.0	83.0	47.0
1393197168931	347.0	138.0	83.0	47.0
1393197168951	347.0	138.0	83.0	48.0
1393197168974	347.0	138.0	83.0	48.0
1393197168976	347.0	137.0	83.0	48.0
1393197168982	347.0	138.0	83.0	48.0
1393197168995	347.0	138.0	83.0	47.0
1393197169005	347.0	103.0	21.0	111.0
1393197169011	347.0	138.0	83.0	47.0
1393197169029	347.0	138.0	83.0	47.0
1393197169032	347.0	138.0	83.0	47.0
1393197169041	347.0	138.0	83.0	47.0
1393197169051	347.0	139.0	83.0	47.0
1393197169063	347.0	139.0	83.0	47.0
1393197169073	347.0	139.0	83.0	47.0
1393197169081	347.0	139.0	83.0	47.0
1393197169092	347.0	138.0	83.0	47.0
1393197169100	347.0	138.0	83.0	47.0
1393197169111	347.0	138.0	83.0	48.0
1393197169123	347.0	137.0	83.0	48.0
1393197169131	347.0	137.0	83.0	48.0
1393197169141	347.0	137.0	83.0	48.0
1393197169151	345.0	137.0	83.0	48.0
1393197169161	345.0	137.0	83.0	48.0
1393197169171	345.0	137.0	83.0	48.0
1393197169183	345.0	137.0	83.0	48.0
1393197169191	345.0	138.0	83.0	48.0
1393197169200	345.0	138.0	83.0	47.0
1393197169211	345.0	138.0	83.0	47.0
1393197169225	345.0	139.0	83.0	47.0
1393197169231	345.0	139.0	83.0	46.0
1393197169244	345.0	139.0	83.0	46.0
1393197169253	345.0	139.0	83.0	46.0
1393197169265	344.0	139.0	83.0	46.0
1393197169275	344.0	139.0	83.0	46.0
1393197169281	344.0	139.0	83.0	46.0
1393197169294	344.0	139.0	83.0	46.0
1393197169307	344.0	139.0	83.0	46.0
1393197169311	344.0	139.0	83.0	46.0
1393197169325	344.0	140.0	83.0	46.0
1393197169331	345.0	140.0	83.0	46.0
1393197169341	345.0	140.0	83.0	46.0
1393197169353	345.0	139.0	83.0	46.0
1393197169364	345.0	139.0	83.0	46.0
1393197169371	346.0	139.0	83.0	47.0
1393197169381	346.0	138.0	83.0	47.0
1393197169391	346.0	138.0	83.0	47.0
1393197169402	346.0	138.0	83.0	47.0
1393197169413	345.0	138.0	83.0	47.0
1393197169424	345.0	138.0	83.0	48.0
1393197169431	345.0	138.0	83.0	48.0
1393197169441	345.0	138.0	83.0	48.0
1393197169453	345.0	138.0	83.0	48.0
1393197169462	345.0	138.0	83.0	47.0
1393197169473	345.0	138.0	83.0	47.0
1393197169484	344.0	138.0	83.0	47.0
1393197169492	344.0	137.0	83.0	48.0
1393197169504	344.0	137.0	83.0	48.0
1393197169512	344.0	137.0	83.0	48.0
1393197169524	344.0	137.0	83.0	48.0
1393197169531	344.0	95.0	83.0	90.0
1393197169544	344.0	136.0	83.0	49.0
1393197169554	344.0	95.0	83.0	90.0
1393197169564	343.0	136.0	83.0	49.0
1393197169578	343.0	136.0	83.0	49.0
1393197169595	344.0	137.0	83.0	49.0
1393197169615	344.0	137.0	83.0	49.0
1393197169617	344.0	137.0	83.0	48.0
1393197169624	344.0	137.0	83.0	48.0
1393197169632	343.0	137.0	83.0	49.0
1393197169642	343.0	136.0	83.0	49.0
1393197169656	343.0	136.0	83.0	50.0
1393197169664	343.0	135.0	83.0	50.0
1393197169672	341.0	135.0	83.0	51.0
1393197169681	341.0	134.0	83.0	51.0
1393197169692	341.0	134.0	83.0	51.0
1393197169707	341.0	134.0	83.0	51.0
1393197169713	340.0	134.0	83.0	52.0
1393197169725	340.0	134.0	83.0	52.0
1393197169732	340.0	133.0	83.0	52.0
1393197169742	340.0	133.0	83.0	52.0
1393197169755	340.0	133.0	83.0	52.0
1393197169763	340.0	134.0	83.0	52.0
1393197169776	340.0	134.0	83.0	52.0
1393197169788	340.0	134.0	83.0	51.0
1393197169792	340.0	134.0	83.0	51.0
1393197169806	340.0	134.0	83.0	51.0
1393197169812	340.0	134.0	83.0	51.0
1393197169823	340.0	134.0	83.0	51.0
1393197169832	340.0	134.0	83.0	51.0
1393197169855	340.0	134.0	83.0	52.0
1393197169862	340.0	134.0	83.0	52.0
1393197169872	340.0	133.0	83.0	52.0
1393197169882	340.0	133.0	83.0	52.0
1393197169892	340.0	133.0	83.0	52.0
1393197169904	340.0	132.0	83.0	53.0
1393197169912	340.0	132.0	83.0	53.0
1393197169922	340.0	132.0	83.0	54.0
1393197169932	339.0	131.0	83.0	54.0
1393197169942	339.0	131.0	83.0	54.0
1393197169957	339.0	131.0	83.0	54.0
1393197169965	339.0	132.0	83.0	54.0
1393197169983	339.0	91.0	3.0	123.0
1393197169987	339.0	132.0	83.0	53.0
1393197169992	339.0	133.0	83.0	53.0
1393197170004	340.0	133.0	83.0	52.0
1393197170012	340.0	133.0	83.0	52.0
1393197170024	340.0	134.0	83.0	51.0
1393197170032	340.0	134.0	83.0	51.0
1393197170042	342.0	134.0	83.0	51.0
1393197170054	342.0	135.0	83.0	51.0
1393197170063	342.0	135.0	83.0	50.0
1393197170073	342.0	135.0	83.0	50.0
1393197170088	342.0	135.0	83.0	50.0
1393197170092	342.0	135.0	83.0	50.0
1393197170106	342.0	135.0	83.0	50.0
1393197170112	342.0	135.0	83.0	50.0
1393197170122	342.0	135.0	83.0	50.0
1393197170134	342.0	135.0	83.0	50.0
1393197170144	342.0	135.0	83.0	50.0
1393197170156	341.0	135.0	83.0	50.0
1393197170163	341.0	135.0	83.0	50.0
1393197170172	341.0	135.0	83.0	50.0
1393197170182	341.0	136.0	83.0	50.0
1393197170201	343.0	136.0	83.0	49.0
1393197170205	343.0	137.0	83.0	49.0
1393197170212	343.0	137.0	83.0	48.0
1393197170234	344.0	138.0	83.0	47.0
1393197170246	344.0	138.0	83.0	47.0
1393197170255	344.0	138.0	83.0	47.0
1393197170265	344.0	139.0	83.0	47.0
1393197170272	344.0	139.0	83.0	47.0
1393197170283	344.0	139.0	83.0	46.0
1393197170293	344.0	139.0	83.0	46.0
1393197170305	345.0	140.0	83.0	46.0
1393197170313	345.0	140.0	83.0	45.0
1393197170325	345.0	141.0	83.0	45.0
1393197170333	345.0	141.0	83.0	44.0
1393197170343	346.0	141.0	83.0	44.0
1393197170356	346.0	141.0	83.0	44.0
1393197170362	346.0	141.0	83.0	44.0
1393197170372	346.0	140.0	83.0	45.0
1393197170386	345.0	140.0	83.0	45.0
1393197170392	345.0	140.0	83.0	45.0
1393197170405	345.0	140.0	83.0	46.0
1393197170412	345.0	140.0	83.0	46.0
1393197170429	344.0	139.0	83.0	46.0
1393197170433	344.0	139.0	83.0	46.0
1393197170445	344.0	139.0	83.0	46.0
1393197170453	344.0	139.0	83.0	47.0
1393197170463	344.0	139.0	83.0	47.0
1393197170473	344.0	139.0	83.0	47.0
1393197170483	344.0	139.0	83.0	47.0
1393197170493	344.0	139.0	83.0	47.0
1393197170505	344.0	139.0	83.0	47.0
1393197170513	344.0	139.0	83.0	47.0
1393197170524	344.0	139.0	83.0	47.0
1393197170537	344.0	139.0	83.0	46.0
1393197170543	344.0	139.0	83.0	46.0
1393197170554	344.0	139.0	83.0	46.0
1393197170565	344.0	140.0	83.0	46.0
1393197170574	345.0	140.0	83.0	46.0
1393197170587	345.0	140.0	83.0	45.0
1393197170593	345.0	140.0	83.0	45.0
1393197170605	345.0	140.0	83.0	45.0
1393197170613	345.0	140.0	83.0	45.0
1393197170625	345.0	141.0	83.0	45.0
1393197170640	345.0	141.0	83.0	44.0
1393197170643	346.0	141.0	83.0	44.0
1393197170654	346.0	142.0	83.0	44.0
1393197170665	346.0	142.0	83.0	44.0
1393197170676	346.0	142.0	83.0	44.0
1393197170686	346.0	142.0	83.0	43.0
1393197170695	346.0	142.0	83.0	43.0
1393197170717	346.0	4.0	3.0	5.0
1393197170722	346.0	143.0	83.0	43.0
1393197170736	346.0	71.0	26.0	42.0
1393197170739	346.0	143.0	83.0	42.0
1393197170747	346.0	143.0	83.0	42.0
1393197170757	346.0	143.0	83.0	42.0
1393197170762	346.0	143.0	83.0	42.0
1393197170772	346.0	143.0	83.0	43.0
1393197170784	346.0	142.0	83.0	43.0
1393197170792	345.0	142.0	83.0	43.0
1393197170804	345.0	142.0	83.0	44.0
1393197170813	345.0	141.0	83.0	44.0
1393197170822	345.0	141.0	83.0	44.0
1393197170833	344.0	141.0	83.0	44.0
1393197170843	344.0	141.0	83.0	44.0
1393197170853	344.0	141.0	83.0	44.0
1393197170877	344.0	141.0	83.0	45.0
1393197170889	344.0	140.0	83.0	45.0
1393197170892	344.0	140.0	83.0	45.0
1393197170903	344.0	140.0	83.0	45.0
1393197170913	344.0	140.0	83.0	45.0
1393197170924	344.0	140.0	83.0	45.0
1393197170935	344.0	140.0	83.0	45.0
1393197170951	343.0	140.0	83.0	45.0
1393197170953	343.0	140.0	83.0	46.0
1393197170963	343.0	139.0	83.0	46.0
1393197170972	343.0	139.0	83.0	46.0
1393197170984	343.0	139.0	83.0	46.0
1393197170992	343.0	139.0	83.0	47.0
1393197171004	343.0	138.0	83.0	47.0
1393197171014	343.0	138.0	83.0	47.0
1393197171023	343.0	96.0	83.0	90.0
1393197171036	343.0	138.0	83.0	47.0
1393197171045	343.0	138.0	83.0	47.0
1393197171053	343.0	138.0	83.0	47.0
1393197171064	343.0	138.0	83.0	47.0
1393197171073	343.0	96.0	83.0	90.0
1393197171086	343.0	138.0	83.0	47.0
1393197171093	343.0	138.0	83.0	47.0
1393197171105	343.0	138.0	83.0	47.0
1393197171114	343.0	138.0	83.0	47.0
1393197171123	343.0	138.0	83.0	47.0
1393197171137	342.0	138.0	83.0	47.0
1393197171143	342.0	138.0	83.0	47.0
1393197171153	342.0	138.0	83.0	47.0
1393197171171	343.0	138.0	83.0	47.0
1393197171173	343.0	138.0	83.0	47.0
1393197171184	343.0	138.0	83.0	47.0
1393197171193	343.0	138.0	83.0	47.0
1393197171204	343.0	138.0	83.0	47.0
1393197171214	343.0	95.0	83.0	90.0
1393197171226	343.0	138.0	83.0	47.0
1393197171237	343.0	138.0	83.0	48.0
1393197171243	342.0	138.0	83.0	48.0
1393197171256	342.0	138.0	83.0	48.0
1393197171270	342.0	138.0	83.0	48.0
1393197171273	342.0	138.0	83.0	48.0
1393197171286	342.0	137.0	83.0	48.0
1393197171293	342.0	137.0	83.0	48.0
1393197171303	342.0	137.0	83.0	48.0
1393197171315	342.0	116.0	20.0	135.0
1393197171327	342.0	138.0	83.0	48.0
1393197171334	342.0	138.0	83.0	47.0
1393197171346	342.0	138.0	83.0	47.0
1393197171365	342.0	138.0	83.0	47.0
1393197171367	342.0	138.0	83.0	47.0
1393197171373	342.0	138.0	83.0	47.0
1393197171388	342.0	138.0	83.0	47.0
1393197171393	342.0	138.0	83.0	47.0
1393197171406	342.0	138.0	83.0	47.0
1393197171423	342.0	138.0	83.0	47.0
1393197171425	342.0	138.0	83.0	47.0
1393197171472	342.0	138.0	83.0	47.0
1393197171473	342.0	138.0	83.0	48.0
1393197171474	342.0	138.0	83.0	48.0
1393197171476	342.0	138.0	83.0	48.0
1393197171477	342.0	137.0	83.0	48.0
1393197171490	342.0	137.0	83.0	48.0
1393197171493	342.0	137.0	83.0	48.0
1393197171518	342.0	137.0	83.0	48.0
1393197171525	342.0	137.0	83.0	48.0
1393197171537	342.0	137.0	83.0	48.0
1393197171543	342.0	137.0	83.0	48.0
1393197171555	342.0	137.0	83.0	48.0
1393197171565	342.0	137.0	83.0	48.0
1393197171573	342.0	137.0	83.0	48.0
1393197171586	342.0	137.0	83.0	48.0
1393197171593	342.0	137.0	83.0	48.0
1393197171604	342.0	137.0	83.0	48.0
1393197171617	341.0	137.0	83.0	48.0
1393197171624	341.0	137.0	83.0	48.0
1393197171634	341.0	137.0	83.0	48.0
1393197171647	341.0	137.0	83.0	48.0
1393197171654	341.0	137.0	83.0	48.0
1393197171668	341.0	137.0	83.0	48.0
1393197171674	341.0	137.0	83.0	49.0
1393197171687	341.0	137.0	83.0	49.0
1393197171694	341.0	137.0	83.0	48.0
1393197171708	341.0	137.0	83.0	48.0
1393197171721	341.0	137.0	83.0	48.0
1393197171726	341.0	137.0	83.0	48.0
1393197171736	341.0	137.0	83.0	48.0
1393197171746	341.0	137.0	83.0	48.0
1393197171758	341.0	137.0	83.0	48.0
1393197171775	341.0	137.0	83.0	48.0
1393197171781	341.0	137.0	83.0	48.0
1393197171792	341.0	137.0	83.0	48.0
1393197171797	341.0	137.0	83.0	48.0
1393197171805	341.0	137.0	83.0	48.0
1393197171817	341.0	137.0	83.0	49.0
1393197171826	341.0	95.0	83.0	90.0
1393197171834	341.0	137.0	83.0	49.0
1393197171844	341.0	95.0	83.0	90.0
1393197171854	341.0	137.0	83.0	48.0
1393197171867	341.0	137.0	83.0	48.0
1393197171874	342.0	95.0	83.0	90.0
1393197171886	342.0	95.0	83.0	90.0
1393197171894	342.0	95.0	83.0	90.0
1393197171905	342.0	137.0	83.0	48.0
1393197171917	341.0	137.0	83.0	48.0
1393197171924	341.0	95.0	83.0	90.0
1393197171935	341.0	137.0	83.0	48.0
1393197171951	341.0	137.0	83.0	48.0
1393197171954	341.0	137.0	83.0	48.0
1393197171967	341.0	137.0	83.0	48.0
1393197171974	341.0	137.0	83.0	48.0
1393197171985	341.0	137.0	83.0	48.0
1393197171994	341.0	137.0	83.0	49.0
1393197172006	341.0	137.0	83.0	49.0
1393197172017	341.0	137.0	83.0	48.0
1393197172024	341.0	137.0	83.0	49.0
1393197172034	341.0	137.0	83.0	49.0
1393197172044	341.0	137.0	83.0	49.0
1393197172054	341.0	137.0	83.0	49.0
1393197172067	341.0	137.0	83.0	48.0
1393197172074	341.0	137.0	83.0	48.0
1393197172084	341.0	137.0	83.0	48.0
1393197172094	341.0	137.0	83.0	48.0
1393197172104	341.0	137.0	83.0	48.0
1393197172114	341.0	137.0	83.0	48.0
1393197172127	341.0	137.0	83.0	48.0
1393197172136	341.0	137.0	83.0	48.0
1393197172156	341.0	137.0	83.0	49.0
1393197172172	341.0	136.0	83.0	49.0
1393197172176	340.0	136.0	83.0	49.0
1393197172199	340.0	136.0	83.0	49.0
1393197172202	340.0	136.0	83.0	49.0
1393197172205	340.0	136.0	83.0	49.0
1393197172224	340.0	95.0	83.0	90.0
1393197172235	340.0	136.0	83.0	49.0
1393197172248	340.0	136.0	83.0	49.0
1393197172255	341.0	136.0	83.0	49.0
1393197172267	341.0	136.0	83.0	49.0
1393197172275	341.0	136.0	83.0	49.0
1393197172285	342.0	137.0	83.0	49.0
1393197172301	342.0	137.0	83.0	48.0
1393197172309	342.0	137.0	83.0	48.0
1393197172325	342.0	137.0	83.0	48.0
1393197172328	341.0	137.0	83.0	48.0
1393197172339	341.0	137.0	83.0	48.0
1393197172356	341.0	137.0	83.0	48.0
1393197172359	341.0	137.0	83.0	48.0
1393197172367	341.0	137.0	83.0	48.0
1393197172374	341.0	137.0	83.0	48.0
1393197172400	341.0	137.0	83.0	48.0
1393197172402	341.0	138.0	83.0	48.0
1393197172406	342.0	138.0	83.0	48.0
1393197172431	342.0	138.0	83.0	47.0
1393197172434	342.0	138.0	83.0	47.0
1393197172436	342.0	138.0	83.0	47.0
1393197172450	342.0	139.0	83.0	47.0
1393197172455	342.0	139.0	83.0	47.0
1393197172470	342.0	139.0	83.0	46.0
1393197172475	342.0	139.0	83.0	46.0
1393197172488	342.0	139.0	83.0	46.0
1393197172511	342.0	140.0	83.0	46.0
1393197172515	342.0	140.0	83.0	46.0
1393197172517	342.0	140.0	83.0	46.0
1393197172525	342.0	139.0	83.0	46.0
1393197172535	342.0	139.0	83.0	46.0
1393197172553	342.0	139.0	83.0	46.0
1393197172556	342.0	139.0	83.0	46.0
1393197172571	342.0	139.0	83.0	46.0
1393197172575	342.0	139.0	83.0	46.0
1393197172585	341.0	139.0	83.0	46.0
1393197172602	341.0	139.0	83.0	46.0
1393197172606	341.0	139.0	83.0	46.0
1393197172614	341.0	139.0	83.0	46.0
1393197172624	341.0	139.0	83.0	46.0
1393197172634	341.0	139.0	83.0	46.0
1393197172648	341.0	139.0	83.0	46.0
1393197172655	341.0	139.0	83.0	47.0
1393197172668	339.0	139.0	83.0	47.0
1393197172675	339.0	138.0	83.0	47.0
1393197172685	339.0	138.0	83.0	47.0
1393197172698	339.0	138.0	83.0	47.0
1393197172704	339.0	138.0	83.0	48.0
1393197172716	339.0	137.0	83.0	48.0
1393197172728	339.0	90.0	7.0	117.0
1393197172736	337.0	137.0	83.0	49.0
1393197172748	337.0	136.0	83.0	49.0
1393197172755	337.0	136.0	83.0	49.0
1393197172766	337.0	136.0	83.0	49.0
1393197172776	336.0	136.0	83.0	49.0
1393197172798	336.0	136.0	83.0	49.0
1393197172805	336.0	136.0	83.0	50.0
1393197172829	335.0	136.0	83.0	50.0
1393197172831	335.0	135.0	83.0	50.0
1393197172835	335.0	135.0	83.0	50.0
1393197172851	335.0	135.0	83.0	50.0
1393197172855	335.0	135.0	83.0	50.0
1393197172866	335.0	135.0	83.0	50.0
1393197172875	335.0	135.0	83.0	50.0
1393197172885	334.0	135.0	83.0	50.0
1393197172897	334.0	135.0	83.0	51.0
1393197172907	334.0	135.0	83.0	51.0
1393197172916	334.0	134.0	83.0	51.0
1393197172927	333.0	134.0	83.0	51.0
1393197172936	333.0	134.0	83.0	51.0
1393197172947	333.0	134.0	83.0	51.0
1393197172955	333.0	134.0	83.0	51.0
1393197172968	332.0	134.0	83.0	51.0
1393197172976	332.0	134.0	83.0	51.0
1393197172985	332.0	134.0	83.0	52.0
1393197172996	331.0	133.0	83.0	52.0
1393197173005	331.0	133.0	83.0	52.0
1393197173016	331.0	133.0	83.0	52.0
1393197173032	331.0	133.0	83.0	53.0
1393197173035	330.0	132.0	83.0	53.0
1393197173064	330.0	132.0	83.0	54.0
1393197173065	330.0	132.0	83.0	54.0
1393197173067	330.0	132.0	83.0	54.0
1393197173075	330.0	131.0	83.0	54.0
1393197173087	330.0	131.0	83.0	54.0
1393197173098	330.0	132.0	83.0	54.0
1393197173105	330.0	132.0	83.0	53.0
1393197173117	330.0	132.0	83.0	53.0
1393197173127	330.0	132.0	83.0	53.0
1393197173137	330.0	132.0	83.0	53.0
1393197173147	329.0	132.0	83.0	54.0
1393197173155	329.0	132.0	83.0	53.0
1393197173165	329.0	132.0	83.0	53.0
1393197173177	329.0	132.0	83.0	54.0
1393197173185	328.0	132.0	83.0	54.0
1393197173195	328.0	131.0	83.0	54.0
1393197173207	328.0	131.0	83.0	54.0
1393197173215	328.0	131.0	83.0	54.0
1393197173225	328.0	131.0	83.0	54.0
1393197173235	328.0	132.0	83.0	54.0
1393197173245	328.0	131.0	83.0	54.0
1393197173255	328.0	131.0	83.0	54.0
1393197173267	327.0	131.0	83.0	54.0
1393197173279	327.0	131.0	83.0	54.0
1393197173285	327.0	131.0	83.0	54.0
1393197173295	327.0	131.0	83.0	54.0
1393197173306	327.0	131.0	83.0	54.0
1393197173316	327.0	132.0	83.0	54.0
1393197173330	327.0	132.0	83.0	54.0
1393197173336	327.0	132.0	83.0	53.0
1393197173347	327.0	132.0	83.0	53.0
1393197173355	327.0	132.0	83.0	53.0
1393197173365	327.0	132.0	83.0	54.0
1393197173379	327.0	131.0	83.0	54.0
1393197173388	327.0	131.0	83.0	54.0
1393197173395	327.0	132.0	83.0	54.0
1393197173405	327.0	132.0	83.0	54.0
1393197173415	327.0	131.0	83.0	54.0
1393197173437	327.0	131.0	83.0	54.0
1393197173450	326.0	131.0	83.0	54.0
1393197173455	326.0	131.0	83.0	54.0
1393197173465	326.0	131.0	83.0	54.0
1393197173478	326.0	131.0	83.0	54.0
1393197173485	326.0	131.0	83.0	54.0
1393197173495	326.0	131.0	83.0	54.0
1393197173510	326.0	131.0	83.0	55.0
1393197173518	326.0	131.0	83.0	55.0
1393197173526	326.0	131.0	83.0	55.0
1393197173536	326.0	131.0	83.0	55.0
1393197173547	326.0	130.0	83.0	55.0
1393197173556	325.0	130.0	83.0	55.0
1393197173569	325.0	130.0	83.0	55.0
1393197173581	325.0	130.0	84.0	55.0
1393197173586	325.0	131.0	84.0	55.0
1393197173598	325.0	131.0	84.0	55.0
1393197173606	325.0	131.0	84.0	55.0
1393197173617	325.0	131.0	84.0	54.0
1393197173631	325.0	131.0	84.0	54.0
1393197173636	325.0	131.0	84.0	54.0
1393197173648	325.0	131.0	84.0	54.0
1393197173656	325.0	131.0	84.0	54.0
1393197173666	325.0	131.0	84.0	54.0
1393197173681	324.0	131.0	84.0	54.0
1393197173689	324.0	131.0	84.0	54.0
1393197173705	324.0	131.0	84.0	55.0
1393197173713	324.0	131.0	84.0	55.0
1393197173734	324.0	130.0	84.0	55.0
1393197173738	324.0	130.0	84.0	55.0
1393197173741	324.0	130.0	84.0	55.0
1393197173751	324.0	130.0	84.0	55.0
1393197173758	324.0	130.0	84.0	55.0
1393197173775	324.0	5.0	3.0	5.0
1393197173784	324.0	130.0	84.0	55.0
1393197173785	325.0	131.0	84.0	55.0
1393197173799	325.0	131.0	84.0	54.0
1393197173809	325.0	131.0	84.0	54.0
1393197173820	325.0	131.0	84.0	54.0
1393197173825	325.0	131.0	84.0	54.0
1393197173835	325.0	131.0	84.0	54.0
1393197173845	325.0	131.0	84.0	54.0
1393197173855	325.0	131.0	84.0	54.0
1393197173868	325.0	131.0	84.0	54.0
1393197173878	325.0	131.0	84.0	54.0
1393197173885	325.0	131.0	84.0	55.0
1393197173895	324.0	131.0	84.0	55.0
1393197173906	324.0	130.0	83.0	55.0
1393197173916	324.0	130.0	83.0	55.0
1393197173928	324.0	130.0	83.0	55.0
1393197173936	324.0	130.0	83.0	55.0
1393197173946	324.0	129.0	83.0	56.0
1393197173956	324.0	129.0	84.0	56.0
1393197173966	324.0	129.0	84.0	56.0
1393197173977	324.0	130.0	84.0	56.0
1393197173988	324.0	130.0	83.0	56.0
1393197173996	324.0	130.0	83.0	55.0
1393197174006	324.0	130.0	83.0	55.0
1393197174016	324.0	130.0	83.0	56.0
1393197174027	324.0	130.0	83.0	56.0
1393197174036	324.0	130.0	83.0	55.0
1393197174048	324.0	130.0	83.0	55.0
1393197174058	324.0	130.0	83.0	55.0
1393197174080	324.0	130.0	83.0	55.0
1393197174086	324.0	130.0	84.0	55.0
1393197174102	324.0	130.0	84.0	55.0
1393197174112	324.0	130.0	84.0	55.0
1393197174116	324.0	130.0	84.0	55.0
1393197174128	324.0	130.0	84.0	55.0
1393197174137	324.0	130.0	84.0	55.0
1393197174147	324.0	130.0	84.0	55.0
1393197174156	324.0	130.0	84.0	55.0
1393197174168	324.0	130.0	84.0	55.0
1393197174176	324.0	130.0	83.0	55.0
1393197174186	324.0	130.0	83.0	56.0
1393197174196	324.0	130.0	83.0	56.0
1393197174206	324.0	130.0	83.0	56.0
1393197174216	324.0	130.0	83.0	56.0
1393197174230	324.0	130.0	83.0	55.0
1393197174236	324.0	130.0	83.0	55.0
1393197174246	324.0	130.0	83.0	55.0
1393197174258	324.0	130.0	83.0	55.0
1393197174266	324.0	130.0	84.0	55.0
1393197174276	324.0	130.0	84.0	55.0
1393197174289	324.0	130.0	84.0	55.0
1393197174296	324.0	130.0	84.0	55.0
1393197174307	324.0	130.0	84.0	55.0
1393197174316	324.0	130.0	84.0	55.0
1393197174329	324.0	130.0	83.0	55.0
1393197174337	324.0	130.0	83.0	55.0
1393197174348	324.0	130.0	83.0	55.0
1393197174359	324.0	130.0	83.0	56.0
1393197174366	324.0	130.0	83.0	56.0
1393197174377	324.0	129.0	83.0	56.0
1393197174391	323.0	129.0	84.0	56.0
1393197174399	323.0	129.0	84.0	56.0
1393197174410	323.0	129.0	84.0	56.0
1393197174416	323.0	95.0	84.0	90.0
1393197174432	323.0	129.0	84.0	56.0
1393197174437	323.0	95.0	84.0	90.0
1393197174447	323.0	95.0	84.0	90.0
1393197174460	323.0	130.0	84.0	55.0
1393197174469	323.0	95.0	84.0	90.0
1393197174477	323.0	95.0	84.0	90.0
1393197174486	323.0	95.0	84.0	90.0
1393197174497	323.0	95.0	84.0	90.0
1393197174509	323.0	131.0	84.0	54.0
1393197174517	323.0	95.0	84.0	90.0
1393197174529	323.0	131.0	84.0	54.0
1393197174537	324.0	131.0	84.0	54.0
1393197174547	324.0	95.0	84.0	90.0
1393197174558	324.0	131.0	84.0	54.0
1393197174566	324.0	104.0	61.0	100.0
1393197174576	324.0	131.0	84.0	54.0
1393197174591	324.0	131.0	84.0	54.0
1393197174597	324.0	130.0	84.0	55.0
1393197174613	323.0	130.0	84.0	55.0
1393197174616	323.0	130.0	84.0	55.0
1393197174626	323.0	131.0	84.0	54.0
1393197174639	323.0	131.0	84.0	54.0
1393197174650	324.0	131.0	84.0	54.0
1393197174661	324.0	131.0	84.0	54.0
1393197174667	324.0	131.0	84.0	54.0
1393197174678	324.0	131.0	84.0	54.0
1393197174689	324.0	131.0	84.0	54.0
1393197174696	324.0	131.0	84.0	54.0
1393197174716	324.0	131.0	84.0	54.0
1393197174719	324.0	131.0	84.0	54.0
1393197174728	324.0	131.0	84.0	54.0
1393197174738	324.0	131.0	84.0	54.0
1393197174756	324.0	131.0	84.0	54.0
1393197174757	323.0	131.0	84.0	54.0
1393197174768	323.0	131.0	84.0	55.0
1393197174776	323.0	130.0	84.0	55.0
1393197174786	323.0	130.0	84.0	55.0
1393197174796	323.0	130.0	84.0	55.0
1393197174807	323.0	130.0	84.0	55.0
1393197174816	323.0	130.0	83.0	55.0
1393197174829	323.0	130.0	83.0	55.0
1393197174836	323.0	130.0	83.0	55.0
1393197174846	323.0	95.0	84.0	90.0
1393197174859	323.0	130.0	83.0	55.0
1393197174867	323.0	130.0	83.0	55.0
1393197174883	323.0	130.0	83.0	55.0
1393197174894	323.0	130.0	84.0	55.0
1393197174897	323.0	130.0	84.0	55.0
1393197174915	323.0	130.0	84.0	55.0
1393197174917	323.0	130.0	83.0	55.0
1393197174926	323.0	130.0	83.0	55.0
1393197174936	323.0	130.0	83.0	55.0
1393197174948	323.0	130.0	83.0	55.0
1393197174959	323.0	130.0	83.0	55.0
1393197174967	323.0	130.0	83.0	55.0
1393197174977	323.0	130.0	83.0	55.0
1393197174989	323.0	130.0	83.0	55.0
1393197174997	323.0	130.0	83.0	55.0
1393197175010	323.0	130.0	83.0	55.0
1393197175017	323.0	130.0	83.0	55.0
1393197175027	323.0	130.0	83.0	55.0
1393197175037	323.0	130.0	83.0	55.0
1393197175047	323.0	130.0	83.0	55.0
1393197175059	323.0	130.0	83.0	55.0
1393197175071	323.0	130.0	83.0	56.0
1393197175079	323.0	129.0	83.0	56.0
1393197175089	323.0	129.0	83.0	56.0
1393197175097	323.0	129.0	83.0	56.0
1393197175111	323.0	129.0	83.0	56.0
1393197175118	323.0	129.0	83.0	56.0
1393197175130	323.0	129.0	83.0	56.0
1393197175144	323.0	130.0	83.0	55.0
1393197175148	323.0	130.0	83.0	55.0
1393197175162	323.0	130.0	83.0	55.0
1393197175170	323.0	130.0	83.0	55.0
1393197175178	323.0	130.0	83.0	55.0
1393197175195	323.0	130.0	83.0	55.0
1393197175199	323.0	130.0	83.0	55.0
1393197175208	323.0	130.0	83.0	55.0
1393197175219	323.0	130.0	83.0	55.0
1393197175227	323.0	130.0	83.0	55.0
1393197175241	323.0	130.0	83.0	55.0
1393197175250	323.0	130.0	83.0	55.0
1393197175258	323.0	130.0	83.0	55.0
1393197175268	323.0	130.0	84.0	55.0
1393197175277	323.0	130.0	84.0	55.0
1393197175291	323.0	130.0	84.0	55.0
1393197175298	323.0	130.0	84.0	55.0
1393197175310	323.0	130.0	83.0	55.0
1393197175318	323.0	130.0	83.0	55.0
1393197175328	323.0	130.0	83.0	55.0
1393197175341	323.0	130.0	83.0	55.0
1393197175359	323.0	130.0	83.0	55.0
1393197175383	323.0	130.0	83.0	55.0
1393197175385	323.0	130.0	83.0	55.0
1393197175391	323.0	130.0	83.0	55.0
1393197175398	324.0	130.0	83.0	55.0
1393197175410	324.0	130.0	83.0	55.0
1393197175417	324.0	130.0	83.0	55.0
1393197175438	323.0	130.0	83.0	55.0
1393197175440	323.0	130.0	83.0	55.0
1393197175447	323.0	130.0	83.0	55.0
1393197175458	323.0	130.0	83.0	55.0
1393197175467	324.0	130.0	83.0	55.0
1393197175478	324.0	130.0	83.0	55.0
1393197175492	324.0	130.0	83.0	55.0
1393197175497	324.0	130.0	83.0	55.0
1393197175508	323.0	130.0	83.0	55.0
1393197175517	323.0	130.0	83.0	55.0
1393197175527	323.0	130.0	83.0	55.0
1393197175541	323.0	130.0	83.0	55.0
1393197175550	323.0	130.0	83.0	56.0
1393197175558	323.0	129.0	83.0	56.0
1393197175567	323.0	129.0	83.0	56.0
1393197175578	323.0	129.0	83.0	56.0
1393197175590	323.0	129.0	83.0	56.0
1393197175597	323.0	129.0	83.0	56.0
1393197175610	323.0	129.0	83.0	55.0
1393197175620	324.0	130.0	83.0	55.0
1393197175628	324.0	129.0	83.0	55.0
1393197175641	324.0	129.0	83.0	56.0
1393197175648	324.0	129.0	83.0	56.0
1393197175660	324.0	129.0	83.0	56.0
1393197175674	324.0	129.0	83.0	56.0
1393197175678	324.0	129.0	83.0	56.0
1393197175691	324.0	129.0	83.0	55.0
1393197175698	324.0	130.0	83.0	55.0
1393197175708	324.0	130.0	83.0	55.0
1393197175721	324.0	130.0	83.0	55.0
1393197175730	324.0	130.0	83.0	55.0
1393197175739	324.0	130.0	83.0	55.0
1393197175747	324.0	130.0	83.0	55.0
1393197175761	324.0	130.0	83.0	55.0
1393197175771	323.0	130.0	83.0	55.0
1393197175778	323.0	130.0	83.0	55.0
1393197175792	323.0	129.0	83.0	55.0
1393197175799	323.0	130.0	83.0	55.0
1393197175810	324.0	130.0	83.0	55.0
1393197175820	324.0	130.0	83.0	55.0
1393197175828	324.0	129.0	83.0	55.0
1393197175844	323.0	129.0	83.0	56.0
1393197175853	323.0	129.0	83.0	56.0
1393197175858	323.0	129.0	83.0	55.0
1393197175868	323.0	130.0	83.0	55.0
1393197175878	324.0	130.0	83.0	55.0
1393197175887	324.0	130.0	83.0	55.0
1393197175897	324.0	130.0	83.0	55.0
1393197175910	324.0	130.0	83.0	55.0
1393197175918	324.0	130.0	83.0	55.0
1393197175927	324.0	130.0	83.0	55.0
1393197175948	324.0	130.0	83.0	55.0
1393197175952	324.0	130.0	83.0	55.0
1393197175958	323.0	130.0	83.0	55.0
1393197175971	323.0	130.0	83.0	55.0
1393197175978	323.0	130.0	83.0	55.0
1393197175998	324.0	130.0	83.0	55.0
1393197176013	324.0	130.0	83.0	55.0
1393197176024	324.0	130.0	83.0	55.0
1393197176033	323.0	130.0	83.0	55.0
1393197176046	323.0	130.0	83.0	55.0
1393197176048	323.0	95.0	84.0	90.0
1393197176058	323.0	130.0	83.0	55.0
1393197176068	324.0	130.0	83.0	55.0
1393197176078	324.0	130.0	83.0	55.0
1393197176097	324.0	130.0	83.0	55.0
1393197176100	324.0	130.0	83.0	55.0
1393197176108	324.0	130.0	83.0	55.0
1393197176120	324.0	130.0	83.0	55.0
1393197176128	324.0	130.0	83.0	55.0
1393197176138	324.0	130.0	83.0	55.0
1393197176151	324.0	130.0	83.0	55.0
1393197176158	324.0	130.0	83.0	55.0
1393197176171	324.0	130.0	83.0	55.0
1393197176178	324.0	130.0	83.0	55.0
1393197176189	324.0	130.0	83.0	55.0
1393197176198	324.0	131.0	83.0	54.0
1393197176210	324.0	131.0	83.0	54.0
1393197176221	324.0	131.0	83.0	54.0
1393197176228	324.0	131.0	83.0	54.0
1393197176239	324.0	131.0	83.0	54.0
1393197176248	325.0	131.0	83.0	54.0
1393197176258	325.0	131.0	83.0	54.0
1393197176272	325.0	131.0	83.0	54.0
1393197176278	325.0	131.0	83.0	54.0
1393197176288	324.0	130.0	83.0	54.0
1393197176298	324.0	130.0	83.0	55.0
1393197176308	324.0	130.0	83.0	55.0
1393197176321	324.0	130.0	83.0	55.0
1393197176330	324.0	130.0	83.0	55.0
1393197176338	324.0	130.0	83.0	55.0
1393197176348	324.0	130.0	83.0	55.0
1393197176358	324.0	130.0	83.0	55.0
1393197176371	324.0	130.0	83.0	55.0
1393197176378	324.0	130.0	83.0	55.0
1393197176390	324.0	130.0	83.0	55.0
1393197176409	325.0	130.0	83.0	54.0
1393197176411	325.0	131.0	83.0	54.0
1393197176438	325.0	131.0	83.0	54.0
1393197176440	325.0	131.0	83.0	54.0
1393197176442	324.0	131.0	83.0	54.0
1393197176454	324.0	131.0	83.0	54.0
1393197176457	324.0	131.0	83.0	54.0
1393197176469	324.0	131.0	83.0	54.0
1393197176478	324.0	131.0	83.0	54.0
1393197176488	324.0	131.0	83.0	54.0
1393197176497	324.0	131.0	83.0	54.0
1393197176510	324.0	131.0	83.0	54.0
1393197176520	325.0	131.0	83.0	54.0
1393197176528	325.0	131.0	83.0	54.0
1393197176539	325.0	131.0	83.0	54.0
1393197176548	324.0	131.0	83.0	54.0
1393197176558	324.0	131.0	83.0	54.0
1393197176572	324.0	131.0	83.0	54.0
1393197176578	324.0	131.0	83.0	54.0
1393197176589	324.0	131.0	83.0	54.0
1393197176598	324.0	131.0	83.0	54.0
1393197176608	324.0	131.0	83.0	54.0
1393197176621	324.0	130.0	83.0	54.0
1393197176641	324.0	130.0	83.0	55.0
1393197176648	324.0	130.0	83.0	55.0
1393197176661	324.0	130.0	83.0	55.0
1393197176672	324.0	130.0	83.0	55.0
1393197176678	324.0	130.0	83.0	55.0
1393197176691	324.0	130.0	83.0	54.0
1393197176699	324.0	131.0	83.0	54.0
1393197176709	324.0	131.0	83.0	54.0
1393197176720	324.0	131.0	83.0	54.0
1393197176729	324.0	131.0	83.0	54.0
1393197176739	324.0	131.0	83.0	54.0
1393197176755	324.0	131.0	83.0	54.0
1393197176758	324.0	131.0	83.0	54.0
1393197176770	324.0	131.0	83.0	54.0
1393197176778	324.0	131.0	83.0	54.0
1393197176788	324.0	131.0	83.0	53.0
1393197176798	324.0	131.0	83.0	53.0
1393197176812	324.0	131.0	83.0	54.0
1393197176819	324.0	131.0	83.0	54.0
1393197176829	324.0	131.0	83.0	54.0
1393197176838	324.0	131.0	83.0	54.0
1393197176849	324.0	131.0	83.0	54.0
1393197176860	324.0	131.0	83.0	54.0
1393197176871	324.0	130.0	83.0	54.0
1393197176878	324.0	130.0	83.0	54.0
1393197176889	324.0	130.0	83.0	54.0
1393197176899	324.0	131.0	83.0	54.0
1393197176909	324.0	131.0	83.0	54.0
1393197176919	324.0	131.0	83.0	54.0
1393197176931	324.0	131.0	83.0	54.0
1393197176939	324.0	131.0	83.0	54.0
1393197176954	324.0	131.0	83.0	54.0
1393197176959	324.0	131.0	83.0	54.0
1393197176969	324.0	131.0	83.0	54.0
1393197176979	324.0	131.0	83.0	54.0
1393197176991	324.0	131.0	83.0	54.0
1393197177002	324.0	131.0	83.0	54.0
1393197177009	324.0	131.0	83.0	54.0
1393197177019	324.0	131.0	83.0	54.0
1393197177029	324.0	130.0	83.0	54.0
1393197177039	323.0	130.0	83.0	54.0
1393197177052	323.0	130.0	83.0	54.0
1393197177059	323.0	130.0	83.0	55.0
1393197177069	323.0	130.0	83.0	55.0
1393197177079	324.0	130.0	83.0	55.0
1393197177090	324.0	130.0	83.0	55.0
1393197177103	324.0	130.0	83.0	55.0
1393197177111	323.0	130.0	84.0	55.0
1393197177119	323.0	130.0	84.0	55.0
1393197177129	323.0	130.0	84.0	55.0
1393197177139	323.0	130.0	84.0	55.0
1393197177152	323.0	130.0	83.0	55.0
1393197177159	323.0	130.0	83.0	55.0
1393197177172	323.0	130.0	83.0	55.0
1393197177179	323.0	130.0	83.0	55.0
1393197177190	324.0	130.0	83.0	55.0
1393197177203	324.0	130.0	83.0	55.0
1393197177209	324.0	130.0	84.0	55.0
1393197177224	324.0	130.0	84.0	55.0
1393197177245	323.0	130.0	84.0	55.0
1393197177260	323.0	130.0	84.0	55.0
1393197177261	323.0	129.0	84.0	55.0
1393197177264	323.0	129.0	84.0	56.0
1393197177279	323.0	129.0	84.0	56.0
1393197177294	323.0	129.0	84.0	56.0
1393197177299	322.0	128.0	84.0	56.0
1393197177309	322.0	128.0	84.0	57.0
1393197177320	322.0	128.0	84.0	57.0
1393197177329	322.0	128.0	84.0	57.0
1393197177339	321.0	128.0	84.0	57.0
1393197177353	321.0	128.0	84.0	57.0
1393197177359	321.0	128.0	84.0	57.0
1393197177371	321.0	128.0	84.0	57.0
1393197177379	322.0	128.0	84.0	57.0
1393197177394	322.0	128.0	84.0	57.0
1393197177404	322.0	128.0	84.0	57.0
1393197177411	321.0	128.0	84.0	57.0
1393197177429	321.0	6.0	51.0	132.0
1393197177432	321.0	128.0	84.0	57.0
1393197177439	321.0	128.0	84.0	57.0
1393197177451	321.0	128.0	84.0	57.0
1393197177459	321.0	128.0	84.0	57.0
1393197177471	321.0	128.0	84.0	57.0
1393197177479	321.0	128.0	84.0	57.0
1393197177489	321.0	128.0	84.0	57.0
1393197177503	321.0	128.0	84.0	57.0
1393197177509	321.0	128.0	84.0	57.0
1393197177519	321.0	127.0	84.0	57.0
1393197177534	320.0	127.0	84.0	57.0
1393197177539	320.0	127.0	84.0	57.0
1393197177551	320.0	127.0	84.0	57.0
1393197177559	320.0	127.0	84.0	57.0
1393197177569	320.0	128.0	84.0	57.0
1393197177580	320.0	128.0	84.0	57.0
1393197177592	320.0	128.0	84.0	57.0
1393197177603	321.0	128.0	84.0	56.0
1393197177609	321.0	129.0	84.0	56.0
1393197177621	321.0	128.0	84.0	56.0
1393197177631	321.0	128.0	84.0	56.0
1393197177640	321.0	128.0	84.0	57.0
1393197177652	321.0	128.0	84.0	57.0
1393197177661	321.0	128.0	84.0	57.0
1393197177670	321.0	128.0	84.0	57.0
1393197177680	321.0	128.0	84.0	57.0
1393197177690	321.0	128.0	84.0	57.0
1393197177700	321.0	128.0	84.0	56.0
1393197177713	322.0	129.0	84.0	56.0
1393197177720	322.0	129.0	84.0	56.0
1393197177730	322.0	129.0	84.0	56.0
1393197177740	322.0	129.0	84.0	56.0
1393197177750	321.0	129.0	84.0	56.0
1393197177760	321.0	129.0	84.0	56.0
1393197177773	321.0	129.0	84.0	56.0
1393197177785	321.0	129.0	84.0	56.0
1393197177792	322.0	129.0	84.0	56.0
1393197177801	322.0	129.0	84.0	56.0
1393197177810	322.0	128.0	84.0	56.0
1393197177821	322.0	128.0	84.0	57.0
1393197177838	322.0	128.0	84.0	57.0
1393197177841	322.0	128.0	84.0	57.0
1393197177851	322.0	128.0	84.0	56.0
1393197177861	322.0	128.0	84.0	57.0
1393197177871	322.0	128.0	84.0	57.0
1393197177885	322.0	128.0	84.0	57.0
1393197177893	322.0	128.0	84.0	57.0
1393197177901	322.0	128.0	84.0	57.0
1393197177921	322.0	129.0	84.0	56.0
1393197177941	322.0	129.0	84.0	56.0
1393197177943	322.0	129.0	84.0	56.0
1393197177954	322.0	129.0	84.0	56.0
1393197177960	322.0	129.0	84.0	56.0
1393197177970	322.0	129.0	84.0	56.0
1393197177983	322.0	129.0	84.0	56.0
1393197177990	322.0	129.0	84.0	56.0
1393197178000	322.0	129.0	84.0	56.0
1393197178016	322.0	129.0	84.0	56.0
1393197178020	322.0	129.0	84.0	56.0
1393197178033	322.0	129.0	84.0	56.0
1393197178040	322.0	129.0	84.0	56.0
1393197178050	321.0	128.0	84.0	56.0
1393197178060	321.0	128.0	84.0	57.0
1393197178073	321.0	128.0	84.0	57.0
1393197178083	321.0	128.0	84.0	57.0
1393197178090	321.0	128.0	84.0	57.0
1393197178100	321.0	128.0	84.0	57.0
1393197178110	321.0	128.0	84.0	57.0
1393197178121	321.0	128.0	84.0	56.0
1393197178134	321.0	129.0	84.0	56.0
1393197178140	321.0	129.0	84.0	56.0
1393197178151	321.0	129.0	84.0	56.0
1393197178160	321.0	129.0	84.0	56.0
1393197178170	321.0	129.0	84.0	56.0
1393197178182	321.0	129.0	84.0	56.0
1393197178192	321.0	129.0	84.0	56.0
1393197178200	322.0	129.0	84.0	56.0
1393197178210	322.0	129.0	84.0	56.0
1393197178220	322.0	129.0	84.0	56.0
1393197178235	322.0	129.0	84.0	56.0
1393197178240	321.0	129.0	84.0	56.0
1393197178253	321.0	129.0	84.0	56.0
1393197178260	321.0	129.0	84.0	56.0
1393197178270	322.0	130.0	84.0	55.0
1393197178281	322.0	130.0	84.0	55.0
1393197178290	322.0	130.0	84.0	55.0
1393197178302	322.0	129.0	84.0	56.0
1393197178314	321.0	128.0	84.0	57.0
1393197178320	321.0	127.0	84.0	57.0
1393197178335	321.0	127.0	84.0	58.0
1393197178341	321.0	126.0	84.0	59.0
1393197178351	319.0	125.0	84.0	59.0
1393197178361	319.0	125.0	84.0	60.0
1393197178385	319.0	124.0	84.0	61.0
1393197178391	317.0	123.0	84.0	62.0
1393197178402	317.0	123.0	84.0	62.0
1393197178406	317.0	122.0	84.0	63.0
1393197178412	317.0	122.0	84.0	63.0
1393197178440	315.0	121.0	84.0	64.0
1393197178442	315.0	120.0	84.0	65.0
1393197178445	315.0	119.0	84.0	66.0
1393197178459	315.0	118.0	84.0	67.0
1393197178460	313.0	118.0	84.0	67.0
1393197178470	313.0	117.0	84.0	68.0
1393197178480	313.0	116.0	84.0	69.0
1393197178492	313.0	116.0	84.0	69.0
1393197178500	311.0	115.0	84.0	70.0
1393197178511	311.0	116.0	84.0	69.0
1393197178521	311.0	116.0	84.0	69.0
1393197178532	311.0	116.0	84.0	69.0
1393197178541	311.0	116.0	84.0	69.0
1393197178564	311.0	116.0	84.0	69.0
1393197178574	311.0	116.0	84.0	69.0
1393197178589	311.0	117.0	84.0	68.0
1393197178591	311.0	117.0	84.0	68.0
1393197178601	311.0	117.0	84.0	68.0
1393197178614	311.0	117.0	84.0	68.0
1393197178621	311.0	116.0	84.0	69.0
1393197178631	311.0	116.0	84.0	69.0
1393197178641	311.0	116.0	84.0	69.0
1393197178651	310.0	116.0	84.0	69.0
1393197178664	310.0	115.0	84.0	70.0
1393197178673	310.0	115.0	84.0	70.0
1393197178682	311.0	115.0	84.0	70.0
1393197178691	311.0	116.0	84.0	69.0
1393197178701	311.0	116.0	84.0	69.0
1393197178714	311.0	116.0	84.0	69.0
1393197178726	312.0	117.0	84.0	68.0
1393197178734	312.0	117.0	84.0	68.0
1393197178744	312.0	117.0	84.0	67.0
1393197178754	312.0	118.0	84.0	67.0
1393197178764	311.0	118.0	84.0	67.0
1393197178770	311.0	118.0	84.0	67.0
1393197178782	311.0	118.0	84.0	67.0
1393197178794	311.0	118.0	84.0	67.0
1393197178800	312.0	119.0	84.0	66.0
1393197178816	312.0	119.0	84.0	66.0
1393197178822	312.0	119.0	84.0	65.0
1393197178834	314.0	120.0	84.0	65.0
1393197178841	314.0	120.0	84.0	65.0
1393197178854	314.0	120.0	84.0	65.0
1393197178863	314.0	121.0	84.0	64.0
1393197178870	315.0	121.0	84.0	64.0
1393197178881	315.0	122.0	84.0	63.0
1393197178890	315.0	122.0	84.0	62.0
1393197178901	315.0	123.0	84.0	62.0
1393197178916	317.0	123.0	84.0	62.0
1393197178922	317.0	124.0	84.0	61.0
1393197178932	317.0	125.0	84.0	60.0
1393197178941	319.0	126.0	84.0	59.0
1393197178951	319.0	126.0	84.0	59.0
1393197178966	319.0	126.0	84.0	59.0
1393197178974	319.0	126.0	84.0	58.0
1393197178982	321.0	126.0	83.0	59.0
1393197178991	321.0	126.0	83.0	59.0
1393197179001	321.0	126.0	83.0	59.0
1393197179018	321.0	126.0	83.0	59.0
1393197179021	322.0	126.0	83.0	59.0
1393197179033	322.0	126.0	83.0	59.0
1393197179041	322.0	126.0	83.0	59.0
1393197179054	322.0	125.0	83.0	60.0
1393197179073	322.0	125.0	83.0	60.0
1393197179076	322.0	125.0	83.0	60.0
1393197179081	322.0	125.0	84.0	60.0
1393197179099	323.0	126.0	84.0	59.0
1393197179102	323.0	126.0	84.0	59.0
1393197179122	323.0	127.0	84.0	58.0
1393197179127	323.0	127.0	84.0	58.0
1393197179153	324.0	127.0	84.0	58.0
1393197179154	324.0	127.0	84.0	57.0
1393197179156	324.0	127.0	84.0	58.0
1393197179164	324.0	127.0	84.0	58.0
1393197179172	324.0	128.0	84.0	58.0
1393197179180	324.0	128.0	84.0	57.0
1393197179190	324.0	129.0	84.0	57.0
1393197179200	324.0	129.0	84.0	56.0
1393197179223	325.0	130.0	84.0	56.0
1393197179225	325.0	130.0	84.0	55.0
1393197179233	325.0	130.0	84.0	55.0
1393197179243	325.0	130.0	84.0	55.0
1393197179251	325.0	130.0	84.0	55.0
1393197179261	325.0	130.0	84.0	55.0
1393197179273	325.0	130.0	84.0	56.0
1393197179280	323.0	129.0	84.0	56.0
1393197179290	323.0	128.0	84.0	57.0
1393197179301	323.0	128.0	84.0	57.0
1393197179313	323.0	127.0	84.0	58.0
1393197179321	320.0	126.0	84.0	59.0
1393197179334	320.0	126.0	84.0	60.0
1393197179342	320.0	125.0	84.0	60.0
1393197179351	320.0	125.0	84.0	60.0
1393197179362	320.0	125.0	84.0	60.0
1393197179371	320.0	125.0	84.0	60.0
1393197179382	320.0	126.0	84.0	60.0
1393197179396	320.0	126.0	84.0	59.0
1393197179401	320.0	95.0	84.0	90.0
1393197179414	320.0	126.0	84.0	59.0
1393197179421	320.0	95.0	84.0	90.0
1393197179441	320.0	126.0	84.0	59.0
1393197179443	320.0	126.0	84.0	59.0
1393197179454	320.0	126.0	84.0	59.0
1393197179466	320.0	126.0	84.0	59.0
1393197179471	319.0	126.0	84.0	59.0
1393197179481	319.0	126.0	84.0	59.0
1393197179491	319.0	126.0	84.0	59.0
1393197179501	319.0	127.0	84.0	58.0
1393197179514	319.0	127.0	84.0	58.0
1393197179522	319.0	126.0	84.0	59.0
1393197179536	319.0	126.0	84.0	59.0
1393197179548	318.0	126.0	84.0	59.0
1393197179552	318.0	126.0	84.0	59.0
1393197179567	318.0	126.0	84.0	59.0
1393197179588	318.0	125.0	84.0	60.0
1393197179597	317.0	125.0	84.0	60.0
1393197179600	317.0	125.0	84.0	60.0
1393197179602	317.0	125.0	84.0	60.0
1393197179611	317.0	125.0	84.0	60.0
1393197179622	317.0	125.0	84.0	60.0
1393197179634	317.0	125.0	84.0	60.0
1393197179645	317.0	125.0	85.0	60.0
1393197179652	317.0	125.0	85.0	60.0
1393197179662	317.0	125.0	84.0	60.0
1393197179672	317.0	125.0	84.0	60.0
1393197179682	317.0	125.0	84.0	60.0
1393197179696	317.0	125.0	84.0	60.0
1393197179703	317.0	125.0	84.0	60.0
1393197179717	317.0	125.0	84.0	60.0
1393197179723	317.0	125.0	85.0	60.0
1393197179737	317.0	125.0	85.0	60.0
1393197179741	317.0	125.0	85.0	60.0
1393197179754	317.0	125.0	85.0	60.0
1393197179765	317.0	125.0	85.0	60.0
1393197179772	317.0	125.0	85.0	60.0
1393197179785	317.0	125.0	84.0	60.0
1393197179793	317.0	125.0	84.0	60.0
1393197179802	317.0	125.0	84.0	60.0
1393197179815	317.0	125.0	84.0	60.0
1393197179822	317.0	125.0	84.0	60.0
1393197179832	317.0	125.0	84.0	60.0
1393197179852	317.0	124.0	84.0	61.0
1393197179854	317.0	124.0	84.0	61.0
1393197179863	317.0	124.0	84.0	61.0
1393197179875	317.0	124.0	84.0	61.0
1393197179882	317.0	124.0	84.0	61.0
1393197179897	317.0	124.0	84.0	61.0
1393197179903	317.0	124.0	84.0	61.0
1393197179912	317.0	124.0	84.0	61.0
1393197179924	317.0	124.0	84.0	61.0
1393197179935	317.0	124.0	84.0	61.0
1393197179948	317.0	125.0	84.0	60.0
1393197179953	318.0	125.0	84.0	60.0
1393197179966	318.0	125.0	84.0	60.0
1393197179974	318.0	125.0	84.0	60.0
1393197179984	318.0	125.0	84.0	60.0
1393197179999	319.0	125.0	84.0	60.0
1393197180005	319.0	125.0	84.0	60.0
1393197180013	319.0	126.0	84.0	59.0
1393197180024	319.0	126.0	84.0	59.0
1393197180034	320.0	126.0	84.0	59.0
1393197180055	320.0	127.0	84.0	58.0
1393197180056	320.0	127.0	84.0	58.0
1393197180061	320.0	127.0	84.0	58.0
1393197180071	320.0	127.0	84.0	58.0
1393197180081	320.0	127.0	84.0	58.0
1393197180093	320.0	127.0	84.0	58.0
1393197180101	320.0	127.0	84.0	58.0
1393197180114	320.0	127.0	84.0	58.0
1393197180121	320.0	127.0	84.0	58.0
1393197180131	320.0	126.0	84.0	59.0
1393197180145	318.0	124.0	84.0	61.0
1393197180151	318.0	122.0	84.0	63.0
1393197180162	318.0	123.0	84.0	62.0
1393197180175	318.0	125.0	84.0	60.0
1393197180418	321.0	127.0	84.0	58.0
1393197180422	321.0	128.0	84.0	57.0
1393197180423	321.0	127.0	84.0	57.0
1393197180424	321.0	127.0	84.0	58.0
1393197180424	322.0	127.0	84.0	58.0
1393197180425	322.0	127.0	84.0	58.0
1393197180426	322.0	127.0	84.0	57.0
1393197180427	323.0	128.0	84.0	57.0
1393197180428	323.0	128.0	84.0	57.0
1393197180428	323.0	128.0	84.0	57.0
1393197180429	323.0	128.0	84.0	57.0
1393197180430	323.0	128.0	84.0	57.0
1393197180431	323.0	128.0	84.0	57.0
1393197180432	323.0	128.0	84.0	57.0
1393197180433	323.0	128.0	84.0	57.0
1393197180433	323.0	128.0	84.0	57.0
1393197180434	323.0	128.0	84.0	57.0
1393197180435	323.0	128.0	84.0	57.0
1393197180436	323.0	129.0	84.0	56.0
1393197180436	323.0	129.0	84.0	56.0
1393197180453	323.0	129.0	84.0	56.0
