1393197011277	1762.0	148.0	85.0	36.0
1393197011286	1762.0	140.0	86.0	45.0
1393197011295	1761.0	136.0	86.0	48.0
1393197011304	1761.0	139.0	86.0	46.0
1393197011314	1761.0	142.0	85.0	42.0
1393197011329	1761.0	146.0	85.0	38.0
1393197011336	1763.0	151.0	84.0	34.0
1393197011344	1763.0	156.0	83.0	29.0
1393197011354	1763.0	159.0	83.0	26.0
1393197011364	1767.0	158.0	83.0	27.0
1393197011375	1767.0	155.0	83.0	30.0
1393197011384	1767.0	151.0	84.0	34.0
1393197011396	1767.0	147.0	84.0	38.0
1393197011404	1766.0	145.0	85.0	40.0
1393197011414	1766.0	143.0	86.0	42.0
1393197011426	1766.0	140.0	86.0	44.0
1393197011434	1766.0	136.0	86.0	48.0
1393197011445	1768.0	131.0	86.0	53.0
1393197011460	1768.0	126.0	86.0	58.0
1393197011465	1768.0	126.0	86.0	59.0
1393197011475	1768.0	130.0	86.0	55.0
1393197011485	1768.0	137.0	86.0	48.0
1393197011495	1768.0	144.0	86.0	41.0
1393197011505	1768.0	148.0	85.0	36.0
1393197011517	1768.0	151.0	85.0	33.0
1393197011526	1768.0	95.0	63.0	90.0
1393197011535	1768.0	153.0	85.0	32.0
1393197011545	1768.0	152.0	85.0	32.0
1393197011555	1770.0	151.0	85.0	34.0
1393197011565	1770.0	150.0	85.0	35.0
1393197011577	1770.0	151.0	85.0	34.0
1393197011585	1770.0	153.0	85.0	31.0
1393197011596	1770.0	154.0	85.0	31.0
1393197011605	1770.0	152.0	86.0	33.0
1393197011615	1770.0	149.0	86.0	36.0
1393197011625	1770.0	148.0	86.0	37.0
1393197011637	1772.0	148.0	86.0	37.0
1393197011645	1772.0	146.0	86.0	38.0
1393197011656	1772.0	145.0	85.0	40.0
1393197011683	1774.0	148.0	85.0	37.0
1393197011686	1774.0	148.0	85.0	37.0
1393197011705	1774.0	96.0	63.0	90.0
1393197011715	1774.0	96.0	63.0	90.0
1393197011727	1774.0	151.0	85.0	34.0
1393197011737	1774.0	96.0	63.0	90.0
1393197011746	1776.0	152.0	85.0	33.0
1393197011845	1776.0	152.0	85.0	33.0
1393197011847	1776.0	153.0	85.0	32.0
1393197011849	1776.0	152.0	85.0	33.0
1393197011851	1777.0	152.0	85.0	33.0
1393197011853	1777.0	152.0	85.0	33.0
1393197011856	1777.0	152.0	85.0	33.0
1393197011858	1782.0	152.0	85.0	33.0
1393197011859	1782.0	151.0	85.0	34.0
1393197011860	1782.0	151.0	85.0	34.0
1393197011861	1782.0	152.0	85.0	34.0
1393197011862	1782.0	152.0	85.0	33.0
1393197011910	1782.0	152.0	85.0	33.0
1393197011912	1782.0	152.0	85.0	33.0
1393197011913	1782.0	152.0	85.0	33.0
1393197011914	1783.0	152.0	85.0	33.0
1393197011915	1783.0	152.0	85.0	33.0
1393197011922	1783.0	152.0	85.0	33.0
1393197011933	1783.0	152.0	85.0	33.0
1393197011937	1783.0	152.0	85.0	33.0
1393197011953	1783.0	152.0	85.0	34.0
1393197011956	1783.0	152.0	85.0	33.0
1393197011965	1783.0	152.0	85.0	33.0
1393197011976	1783.0	153.0	85.0	33.0
1393197011985	1783.0	153.0	85.0	32.0
1393197011999	1783.0	154.0	85.0	31.0
1393197012005	1786.0	154.0	85.0	31.0
1393197012015	1786.0	155.0	85.0	31.0
1393197012028	1786.0	155.0	85.0	30.0
1393197012035	1786.0	155.0	86.0	30.0
1393197012045	1786.0	156.0	86.0	30.0
1393197012063	1786.0	156.0	86.0	29.0
1393197012065	1786.0	156.0	86.0	29.0
1393197012079	1793.0	156.0	86.0	29.0
1393197012085	1793.0	156.0	85.0	29.0
1393197012096	1793.0	156.0	85.0	29.0
1393197012107	1793.0	156.0	85.0	29.0
1393197012118	1799.0	156.0	85.0	29.0
1393197012126	1799.0	157.0	85.0	29.0
1393197012135	1799.0	157.0	85.0	28.0
1393197012147	1799.0	158.0	85.0	27.0
1393197012156	1802.0	158.0	85.0	27.0
1393197012165	1802.0	157.0	85.0	28.0
1393197012177	1802.0	156.0	85.0	29.0
1393197012185	1802.0	156.0	85.0	30.0
1393197012195	1812.0	155.0	85.0	30.0
1393197012207	1812.0	155.0	85.0	30.0
1393197012215	1812.0	155.0	85.0	30.0
1393197012227	1821.0	156.0	85.0	30.0
1393197012238	1821.0	156.0	85.0	29.0
1393197012247	1821.0	157.0	85.0	28.0
1393197012258	1821.0	158.0	85.0	28.0
1393197012266	1829.0	158.0	85.0	27.0
1393197012281	1829.0	159.0	85.0	26.0
1393197012286	1829.0	160.0	85.0	25.0
1393197012299	1829.0	161.0	85.0	24.0
1393197012307	1836.0	162.0	85.0	24.0
1393197012318	1836.0	162.0	85.0	23.0
1393197012334	1836.0	162.0	85.0	23.0
1393197012336	1836.0	162.0	84.0	23.0
1393197012346	1848.0	162.0	84.0	24.0
1393197012360	1848.0	162.0	84.0	24.0
1393197012365	1848.0	162.0	84.0	23.0
1393197012377	1858.0	163.0	84.0	23.0
1393197012385	1858.0	163.0	84.0	22.0
1393197012397	1858.0	163.0	84.0	22.0
1393197012407	1858.0	163.0	84.0	22.0
1393197012418	1863.0	164.0	84.0	22.0
1393197012426	1863.0	164.0	84.0	22.0
1393197012436	1863.0	164.0	84.0	21.0
1393197012446	1863.0	164.0	84.0	22.0
1393197012457	1870.0	163.0	85.0	22.0
1393197012466	1870.0	163.0	84.0	22.0
1393197012478	1870.0	163.0	84.0	23.0
1393197012486	1870.0	163.0	84.0	22.0
1393197012496	1875.0	164.0	84.0	22.0
1393197012509	1875.0	164.0	84.0	21.0
1393197012516	1875.0	164.0	84.0	21.0
1393197012526	1880.0	165.0	84.0	21.0
1393197012538	1880.0	165.0	84.0	21.0
1393197012547	1880.0	164.0	84.0	22.0
1393197012559	1880.0	163.0	84.0	22.0
1393197012566	1881.0	162.0	84.0	23.0
1393197012576	1881.0	163.0	84.0	23.0
1393197012590	1881.0	163.0	84.0	22.0
1393197012601	1881.0	164.0	85.0	22.0
1393197012609	1879.0	164.0	85.0	22.0
1393197012617	1879.0	164.0	85.0	21.0
1393197012626	1879.0	165.0	85.0	21.0
1393197012640	1879.0	166.0	85.0	20.0
1393197012651	1875.0	166.0	86.0	20.0
1393197012665	1875.0	165.0	86.0	21.0
1393197012668	1875.0	162.0	86.0	23.0
1393197012679	1882.0	161.0	86.0	25.0
1393197012687	1882.0	160.0	85.0	26.0
1393197012714	1882.0	159.0	85.0	26.0
1393197012716	1882.0	159.0	85.0	26.0
1393197012718	1886.0	159.0	85.0	27.0
1393197012727	1886.0	159.0	85.0	27.0
1393197012736	1886.0	159.0	85.0	26.0
1393197012746	1886.0	159.0	85.0	26.0
1393197012760	1877.0	160.0	85.0	26.0
1393197012766	1877.0	160.0	85.0	25.0
1393197012778	1877.0	160.0	85.0	25.0
1393197012786	1870.0	160.0	85.0	25.0
1393197012797	1870.0	160.0	85.0	26.0
1393197012810	1870.0	158.0	85.0	27.0
1393197012816	1870.0	157.0	85.0	29.0
1393197012829	1867.0	155.0	85.0	30.0
1393197012846	1867.0	132.0	85.0	31.0
1393197012849	1867.0	154.0	85.0	32.0
1393197012862	1867.0	153.0	85.0	32.0
1393197012866	1868.0	153.0	85.0	33.0
1393197012878	1868.0	152.0	85.0	34.0
1393197012888	1868.0	150.0	85.0	35.0
1393197012899	1868.0	147.0	85.0	38.0
1393197012909	1864.0	144.0	85.0	41.0
1393197012916	1864.0	142.0	85.0	43.0
1393197012926	1864.0	140.0	85.0	45.0
1393197012936	1857.0	140.0	85.0	46.0
1393197012962	1857.0	139.0	85.0	47.0
1393197012966	1857.0	138.0	85.0	47.0
1393197012983	1856.0	137.0	85.0	48.0
1393197012989	1856.0	136.0	85.0	49.0
1393197012996	1856.0	135.0	85.0	50.0
1393197013015	1856.0	134.0	85.0	51.0
1393197013019	1859.0	134.0	85.0	51.0
1393197013026	1859.0	135.0	85.0	51.0
1393197013039	1859.0	135.0	85.0	50.0
1393197013050	1859.0	135.0	85.0	50.0
1393197013061	1856.0	135.0	85.0	51.0
1393197013068	1856.0	133.0	85.0	52.0
1393197013093	1856.0	132.0	86.0	53.0
1393197013096	1852.0	131.0	86.0	54.0
1393197013102	1852.0	130.0	86.0	55.0
1393197013113	1852.0	131.0	86.0	54.0
1393197013117	1852.0	131.0	86.0	54.0
1393197013133	1851.0	131.0	86.0	54.0
1393197013143	1851.0	131.0	86.0	54.0
1393197013147	1851.0	130.0	86.0	55.0
1393197013164	1851.0	130.0	86.0	55.0
1393197013167	1846.0	129.0	86.0	56.0
1393197013177	1846.0	129.0	86.0	57.0
1393197013189	1846.0	128.0	86.0	57.0
1393197013199	1846.0	128.0	86.0	57.0
1393197013208	1844.0	128.0	86.0	57.0
1393197013216	1844.0	128.0	86.0	57.0
1393197013226	1844.0	128.0	86.0	57.0
1393197013238	1843.0	128.0	86.0	57.0
1393197013246	1843.0	128.0	86.0	57.0
1393197013259	1843.0	128.0	86.0	57.0
1393197013266	1843.0	128.0	86.0	57.0
1393197013276	1842.0	127.0	86.0	58.0
1393197013286	1842.0	127.0	86.0	58.0
1393197013296	1842.0	126.0	86.0	59.0
1393197013310	1842.0	126.0	86.0	59.0
1393197013319	1840.0	126.0	86.0	59.0
1393197013328	1840.0	125.0	86.0	60.0
1393197013337	1840.0	125.0	86.0	60.0
1393197013347	1840.0	125.0	86.0	60.0
1393197013367	1840.0	126.0	86.0	59.0
1393197013373	1840.0	126.0	86.0	59.0
1393197013379	1840.0	96.0	62.0	90.0
1393197013390	1837.0	126.0	86.0	59.0
1393197013397	1837.0	96.0	63.0	90.0
1393197013410	1837.0	125.0	86.0	60.0
1393197013416	1837.0	96.0	63.0	90.0
1393197013427	1836.0	96.0	63.0	90.0
1393197013441	1836.0	123.0	86.0	62.0
1393197013446	1836.0	96.0	63.0	90.0
1393197013461	1836.0	122.0	86.0	63.0
1393197013469	1836.0	122.0	86.0	63.0
1393197013478	1836.0	121.0	86.0	64.0
1393197013493	1836.0	121.0	87.0	64.0
1393197013500	1836.0	121.0	87.0	64.0
1393197013508	1834.0	120.0	87.0	64.0
1393197013518	1834.0	120.0	87.0	65.0
1393197013528	1834.0	120.0	87.0	65.0
1393197013543	1831.0	119.0	87.0	66.0
1393197013548	1831.0	119.0	87.0	66.0
1393197013560	1831.0	118.0	87.0	67.0
1393197013567	1831.0	117.0	87.0	68.0
1393197013577	1831.0	96.0	62.0	90.0
1393197013590	1831.0	116.0	87.0	69.0
1393197013597	1831.0	96.0	62.0	90.0
1393197013623	1831.0	115.0	87.0	70.0
1393197013626	1830.0	115.0	87.0	70.0
1393197013629	1830.0	115.0	87.0	69.0
1393197013643	1830.0	115.0	87.0	69.0
1393197013648	1830.0	115.0	87.0	69.0
1393197013657	1830.0	115.0	87.0	69.0
1393197013667	1830.0	115.0	87.0	70.0
1393197013679	1830.0	115.0	87.0	70.0
1393197013690	1830.0	114.0	87.0	71.0
1393197013697	1830.0	113.0	87.0	72.0
1393197013707	1830.0	112.0	87.0	73.0
1393197013717	1830.0	112.0	87.0	73.0
1393197013728	1826.0	112.0	87.0	73.0
1393197013741	1826.0	112.0	87.0	72.0
1393197013747	1826.0	113.0	87.0	72.0
1393197013760	1826.0	113.0	87.0	72.0
1393197013768	1827.0	112.0	87.0	72.0
1393197013778	1827.0	112.0	87.0	73.0
1393197013792	1827.0	111.0	87.0	74.0
1393197013800	1826.0	110.0	87.0	75.0
1393197013807	1826.0	110.0	87.0	75.0
1393197013817	1826.0	109.0	87.0	76.0
1393197013828	1826.0	109.0	87.0	75.0
1393197013841	1823.0	109.0	87.0	76.0
1393197013847	1823.0	109.0	87.0	76.0
1393197013859	1823.0	108.0	87.0	77.0
1393197013867	1823.0	107.0	87.0	78.0
1393197013877	1823.0	107.0	87.0	78.0
1393197013891	1823.0	106.0	87.0	79.0
1393197013897	1823.0	106.0	87.0	79.0
1393197013909	1823.0	105.0	87.0	80.0
1393197013922	1822.0	104.0	87.0	81.0
1393197013927	1822.0	103.0	87.0	81.0
1393197013941	1822.0	103.0	87.0	81.0
1393197013947	1819.0	104.0	87.0	81.0
1393197013957	1819.0	103.0	87.0	81.0
1393197013967	1819.0	103.0	87.0	82.0
1393197013979	1819.0	103.0	87.0	82.0
1393197013990	1821.0	102.0	87.0	83.0
1393197013997	1821.0	102.0	87.0	83.0
1393197014018	1821.0	32.0	30.0	22.0
1393197014022	1821.0	102.0	87.0	83.0
1393197014027	1820.0	103.0	87.0	82.0
1393197014040	1820.0	103.0	87.0	81.0
1393197014047	1820.0	104.0	87.0	81.0
1393197014058	1820.0	103.0	87.0	82.0
1393197014069	1819.0	102.0	87.0	83.0
1393197014077	1819.0	101.0	87.0	84.0
1393197014088	1819.0	101.0	87.0	84.0
1393197014100	1819.0	101.0	87.0	84.0
1393197014107	1819.0	101.0	87.0	83.0
1393197014119	1819.0	101.0	87.0	83.0
1393197014127	1819.0	101.0	87.0	84.0
1393197014141	1819.0	101.0	88.0	84.0
1393197014147	1819.0	101.0	88.0	84.0
1393197014160	1819.0	102.0	88.0	82.0
1393197014169	1819.0	104.0	88.0	81.0
1393197014178	1818.0	104.0	88.0	80.0
1393197014190	1818.0	105.0	88.0	80.0
1393197014197	1818.0	104.0	88.0	81.0
1393197014208	1818.0	103.0	88.0	81.0
1393197014226	1816.0	103.0	88.0	82.0
1393197014228	1816.0	102.0	88.0	82.0
1393197014242	1816.0	102.0	88.0	83.0
1393197014269	1817.0	2.0	3.0	4.0
1393197014274	1817.0	103.0	88.0	82.0
1393197014279	1817.0	103.0	88.0	82.0
1393197014287	1818.0	103.0	88.0	81.0
1393197014297	1818.0	104.0	88.0	81.0
1393197014307	1818.0	104.0	88.0	81.0
1393197014321	1818.0	104.0	88.0	80.0
1393197014327	1819.0	104.0	88.0	81.0
1393197014339	1819.0	103.0	88.0	81.0
1393197014347	1819.0	103.0	88.0	82.0
1393197014357	1819.0	103.0	88.0	82.0
1393197014372	1820.0	103.0	88.0	82.0
1393197014378	1820.0	103.0	87.0	81.0
1393197014389	1820.0	103.0	87.0	81.0
1393197014402	1819.0	103.0	87.0	81.0
1393197014409	1819.0	103.0	87.0	81.0
1393197014421	1819.0	103.0	87.0	81.0
1393197014428	1819.0	104.0	87.0	81.0
1393197014439	1819.0	104.0	87.0	81.0
1393197014447	1819.0	104.0	87.0	80.0
1393197014460	1819.0	105.0	87.0	80.0
1393197014472	1819.0	106.0	88.0	79.0
1393197014491	1821.0	107.0	88.0	78.0
1393197014498	1821.0	106.0	88.0	78.0
1393197014509	1821.0	106.0	88.0	79.0
1393197014524	1820.0	105.0	88.0	79.0
1393197014528	1820.0	105.0	88.0	79.0
1393197014540	1820.0	105.0	87.0	79.0
1393197014548	1819.0	105.0	87.0	80.0
1393197014558	1819.0	104.0	87.0	80.0
1393197014571	1819.0	104.0	87.0	81.0
1393197014580	1819.0	104.0	87.0	81.0
1393197014588	1818.0	104.0	87.0	80.0
1393197014597	1818.0	105.0	87.0	80.0
1393197014608	1818.0	106.0	87.0	79.0
1393197014621	1818.0	106.0	87.0	79.0
1393197014628	1818.0	106.0	87.0	79.0
1393197014640	1818.0	106.0	87.0	79.0
1393197014647	1818.0	105.0	87.0	79.0
1393197014658	1818.0	105.0	87.0	80.0
1393197014668	1818.0	105.0	87.0	80.0
1393197014678	1818.0	105.0	88.0	80.0
1393197014688	1818.0	105.0	88.0	79.0
1393197014710	1817.0	2.0	3.0	4.0
1393197014713	1817.0	106.0	88.0	79.0
1393197014719	1817.0	105.0	88.0	79.0
1393197014728	1817.0	105.0	88.0	79.0
1393197014739	1819.0	106.0	88.0	79.0
1393197014752	1819.0	106.0	88.0	79.0
1393197014762	1819.0	106.0	88.0	78.0
1393197014774	1819.0	106.0	88.0	78.0
1393197014782	1817.0	106.0	88.0	78.0
1393197014789	1817.0	106.0	88.0	78.0
1393197014800	1817.0	106.0	88.0	78.0
1393197014815	1818.0	106.0	88.0	78.0
1393197014822	1818.0	106.0	88.0	78.0
1393197014832	1818.0	106.0	88.0	78.0
1393197014853	1818.0	91.0	5.0	67.0
1393197014856	1818.0	106.0	88.0	79.0
1393197014859	1818.0	106.0	88.0	79.0
1393197014869	1818.0	106.0	88.0	79.0
1393197014880	1818.0	106.0	88.0	79.0
1393197014890	1818.0	105.0	88.0	79.0
1393197014897	1818.0	95.0	63.0	90.0
1393197014908	1818.0	95.0	63.0	90.0
1393197014920	1818.0	106.0	88.0	79.0
1393197014928	1818.0	107.0	88.0	78.0
1393197014940	1818.0	96.0	63.0	90.0
1393197014952	1818.0	108.0	88.0	77.0
1393197014961	1818.0	108.0	88.0	77.0
1393197014970	1818.0	108.0	88.0	77.0
1393197014978	1818.0	96.0	63.0	90.0
1393197014993	1818.0	108.0	88.0	77.0
1393197015012	1819.0	108.0	88.0	77.0
1393197015017	1819.0	134.0	3.0	5.0
1393197015019	1819.0	109.0	88.0	76.0
1393197015028	1819.0	96.0	62.0	90.0
1393197015038	1819.0	96.0	63.0	90.0
1393197015048	1819.0	108.0	88.0	76.0
1393197015060	1819.0	96.0	63.0	90.0
1393197015069	1819.0	108.0	88.0	77.0
1393197015078	1820.0	96.0	63.0	90.0
1393197015088	1820.0	96.0	63.0	90.0
1393197015107	1820.0	107.0	88.0	77.0
1393197015111	1818.0	107.0	88.0	77.0
1393197015123	1818.0	108.0	88.0	77.0
1393197015128	1818.0	95.0	63.0	90.0
1393197015138	1818.0	108.0	88.0	76.0
1393197015155	1820.0	108.0	88.0	76.0
1393197015159	1820.0	108.0	88.0	76.0
1393197015172	1820.0	108.0	88.0	77.0
1393197015182	1820.0	108.0	88.0	77.0
1393197015191	1818.0	107.0	88.0	77.0
1393197015205	1818.0	107.0	88.0	77.0
1393197015209	1818.0	107.0	88.0	77.0
1393197015222	1818.0	107.0	88.0	77.0
1393197015228	1819.0	107.0	88.0	77.0
1393197015241	1819.0	107.0	88.0	77.0
1393197015255	1819.0	107.0	88.0	77.0
1393197015258	1819.0	107.0	88.0	77.0
1393197015273	1819.0	108.0	88.0	77.0
1393197015279	1819.0	108.0	88.0	77.0
1393197015290	1819.0	108.0	88.0	77.0
1393197015306	1821.0	108.0	88.0	76.0
1393197015310	1821.0	108.0	88.0	76.0
1393197015323	1821.0	109.0	88.0	76.0
1393197015329	1821.0	109.0	87.0	75.0
1393197015339	1819.0	110.0	87.0	75.0
1393197015365	1819.0	110.0	87.0	75.0
1393197015368	1819.0	110.0	87.0	75.0
1393197015371	1819.0	110.0	87.0	74.0
1393197015381	1820.0	111.0	87.0	74.0
1393197015401	1820.0	111.0	87.0	74.0
1393197015404	1820.0	111.0	87.0	74.0
1393197015409	1819.0	110.0	87.0	74.0
1393197015421	1819.0	110.0	87.0	74.0
1393197015430	1819.0	110.0	88.0	74.0
1393197015439	1819.0	111.0	88.0	73.0
1393197015453	1820.0	112.0	88.0	72.0
1393197015459	1820.0	114.0	88.0	71.0
1393197015470	1820.0	114.0	88.0	70.0
1393197015483	1820.0	114.0	88.0	70.0
1393197015489	1821.0	114.0	88.0	70.0
1393197015504	1821.0	114.0	88.0	70.0
1393197015509	1821.0	114.0	88.0	70.0
1393197015522	1822.0	115.0	88.0	70.0
1393197015529	1822.0	115.0	88.0	70.0
1393197015546	1822.0	114.0	88.0	70.0
1393197015561	1822.0	113.0	88.0	71.0
1393197015569	1822.0	101.0	47.0	106.0
1393197015571	1822.0	113.0	88.0	72.0
1393197015579	1822.0	113.0	88.0	71.0
1393197015590	1822.0	114.0	88.0	71.0
1393197015603	1822.0	114.0	88.0	70.0
1393197015609	1822.0	115.0	88.0	70.0
1393197015656	1822.0	115.0	88.0	69.0
1393197015660	1822.0	2.0	3.0	4.0
1393197015663	1820.0	116.0	88.0	68.0
1393197015666	1820.0	116.0	88.0	68.0
1393197015669	1820.0	2.0	3.0	4.0
1393197015682	1821.0	115.0	88.0	70.0
1393197015688	1821.0	114.0	88.0	70.0
1393197015690	1821.0	114.0	88.0	71.0
1393197015701	1821.0	114.0	88.0	70.0
1393197015708	1820.0	115.0	88.0	70.0
1393197015721	1820.0	115.0	88.0	69.0
1393197015728	1820.0	116.0	88.0	69.0
1393197015738	1820.0	117.0	88.0	68.0
1393197015749	1818.0	118.0	88.0	67.0
1393197015758	1818.0	118.0	88.0	67.0
1393197015768	1818.0	118.0	88.0	66.0
1393197015782	1818.0	118.0	88.0	67.0
1393197015806	1819.0	117.0	88.0	67.0
1393197015808	1819.0	117.0	88.0	67.0
1393197015809	1819.0	118.0	88.0	67.0
1393197015819	1818.0	118.0	88.0	67.0
1393197015830	1818.0	118.0	88.0	67.0
1393197015841	1818.0	118.0	88.0	67.0
1393197015848	1818.0	118.0	88.0	67.0
1393197015858	1818.0	118.0	88.0	67.0
1393197015868	1818.0	118.0	88.0	67.0
1393197015878	1818.0	118.0	88.0	66.0
1393197015888	1818.0	119.0	88.0	66.0
1393197015901	1820.0	119.0	88.0	66.0
1393197015908	1820.0	119.0	88.0	66.0
1393197015918	1820.0	119.0	88.0	66.0
1393197015928	1820.0	119.0	88.0	66.0
1393197015938	1821.0	119.0	88.0	66.0
1393197015950	1821.0	120.0	88.0	65.0
1393197015961	1821.0	121.0	88.0	64.0
1393197015969	1820.0	122.0	88.0	63.0
1393197015980	1820.0	123.0	88.0	62.0
1393197015989	1820.0	124.0	88.0	61.0
1393197016003	1820.0	124.0	88.0	61.0
1393197016009	1820.0	124.0	88.0	61.0
1393197016022	1820.0	124.0	88.0	61.0
1393197016033	1820.0	124.0	88.0	61.0
1393197016039	1820.0	124.0	88.0	61.0
1393197016050	1818.0	124.0	88.0	61.0
1393197016059	1818.0	123.0	88.0	62.0
1393197016069	1818.0	122.0	88.0	62.0
1393197016085	1818.0	122.0	88.0	63.0
1393197016089	1818.0	121.0	88.0	63.0
1393197016099	1818.0	122.0	88.0	63.0
1393197016110	1818.0	122.0	88.0	63.0
1393197016119	1819.0	123.0	88.0	62.0
1393197016133	1819.0	124.0	88.0	61.0
1393197016141	1819.0	124.0	88.0	60.0
1393197016159	1821.0	125.0	88.0	59.0
1393197016172	1821.0	126.0	88.0	59.0
1393197016183	1821.0	127.0	88.0	58.0
1393197016189	1821.0	127.0	88.0	57.0
1393197016203	1820.0	128.0	88.0	57.0
1393197016209	1820.0	129.0	88.0	56.0
1393197016219	1820.0	129.0	88.0	56.0
1393197016232	1820.0	130.0	88.0	55.0
1393197016239	1819.0	131.0	88.0	54.0
1393197016249	1819.0	132.0	88.0	53.0
1393197016262	1819.0	134.0	88.0	51.0
1393197016269	1821.0	135.0	88.0	49.0
1393197016283	1821.0	136.0	88.0	48.0
1393197016289	1821.0	137.0	88.0	48.0
1393197016300	1821.0	137.0	88.0	48.0
1393197016309	1821.0	137.0	88.0	48.0
1393197016322	1821.0	137.0	88.0	48.0
1393197016333	1821.0	137.0	88.0	48.0
1393197016339	1821.0	137.0	88.0	48.0
1393197016350	1821.0	136.0	88.0	49.0
1393197016359	1821.0	136.0	88.0	49.0
1393197016370	1821.0	136.0	88.0	49.0
1393197016384	1819.0	136.0	88.0	49.0
1393197016389	1819.0	136.0	88.0	49.0
1393197016399	1819.0	135.0	88.0	49.0
1393197016409	1819.0	135.0	88.0	50.0
1393197016420	1819.0	135.0	88.0	50.0
1393197016433	1819.0	134.0	88.0	50.0
1393197016442	1819.0	133.0	88.0	52.0
1393197016450	1819.0	132.0	88.0	53.0
1393197016459	1819.0	131.0	88.0	54.0
1393197016476	1819.0	131.0	88.0	54.0
1393197016485	1819.0	130.0	88.0	55.0
1393197016490	1819.0	129.0	88.0	55.0
1393197016509	1817.0	2.0	3.0	5.0
1393197016511	1817.0	128.0	88.0	57.0
1393197016520	1817.0	127.0	88.0	57.0
1393197016532	1816.0	127.0	88.0	58.0
1393197016539	1816.0	127.0	88.0	58.0
1393197016549	1816.0	127.0	88.0	58.0
1393197016567	1816.0	127.0	88.0	58.0
1393197016570	1817.0	126.0	88.0	59.0
1393197016582	1817.0	125.0	88.0	60.0
1393197016590	1817.0	125.0	88.0	60.0
1393197016600	1817.0	125.0	88.0	60.0
1393197016611	1817.0	124.0	88.0	60.0
1393197016622	1817.0	125.0	88.0	60.0
1393197016630	1817.0	125.0	88.0	60.0
1393197016639	1817.0	124.0	88.0	61.0
1393197016650	1815.0	123.0	88.0	61.0
1393197016662	1815.0	123.0	88.0	62.0
1393197016670	1815.0	123.0	88.0	62.0
1393197016683	1815.0	123.0	88.0	62.0
1393197016690	1815.0	124.0	88.0	61.0
1393197016701	1815.0	124.0	88.0	61.0
1393197016711	1815.0	124.0	88.0	60.0
1393197016721	1814.0	124.0	88.0	61.0
1393197016735	1814.0	124.0	88.0	61.0
1393197016742	1814.0	124.0	88.0	61.0
1393197016750	1814.0	124.0	88.0	61.0
1393197016770	1814.0	125.0	88.0	60.0
1393197016781	1814.0	125.0	88.0	60.0
1393197016790	1814.0	124.0	88.0	61.0
1393197016803	1814.0	124.0	88.0	61.0
1393197016820	1814.0	123.0	88.0	62.0
1393197016822	1814.0	123.0	88.0	62.0
1393197016831	1812.0	123.0	88.0	62.0
1393197016840	1812.0	122.0	88.0	63.0
1393197016850	1812.0	122.0	88.0	63.0
1393197016864	1812.0	121.0	88.0	63.0
1393197016871	1813.0	121.0	88.0	63.0
1393197016885	1813.0	121.0	88.0	63.0
1393197016890	1813.0	121.0	88.0	64.0
1393197016901	1813.0	121.0	88.0	64.0
1393197016910	1812.0	120.0	88.0	64.0
1393197016922	1812.0	120.0	88.0	65.0
1393197016933	1812.0	120.0	88.0	65.0
1393197016940	1812.0	121.0	88.0	64.0
1393197016950	1812.0	122.0	88.0	63.0
1393197016960	1812.0	122.0	88.0	63.0
1393197016970	1812.0	122.0	88.0	63.0
1393197016983	1814.0	122.0	88.0	63.0
1393197016991	1814.0	122.0	88.0	63.0
1393197017000	1814.0	122.0	88.0	62.0
1393197017020	1814.0	122.0	88.0	63.0
1393197017022	1812.0	122.0	88.0	63.0
1393197017030	1812.0	122.0	88.0	62.0
1393197017042	1812.0	123.0	88.0	62.0
1393197017051	1812.0	124.0	88.0	61.0
1393197017064	1812.0	124.0	88.0	61.0
1393197017070	1812.0	124.0	88.0	61.0
1393197017080	1812.0	124.0	88.0	61.0
1393197017090	1812.0	124.0	88.0	61.0
1393197017102	1810.0	124.0	88.0	61.0
1393197017113	1810.0	124.0	88.0	61.0
1393197017120	1810.0	125.0	88.0	60.0
1393197017130	1810.0	125.0	88.0	59.0
1393197017140	1810.0	126.0	88.0	59.0
1393197017150	1810.0	126.0	88.0	59.0
1393197017163	1810.0	126.0	88.0	58.0
1393197017170	1808.0	127.0	88.0	58.0
1393197017183	1808.0	127.0	88.0	58.0
1393197017190	1808.0	127.0	88.0	58.0
1393197017200	1808.0	127.0	88.0	58.0
1393197017216	1807.0	126.0	88.0	58.0
1393197017222	1807.0	126.0	88.0	59.0
1393197017230	1807.0	124.0	88.0	60.0
1393197017240	1807.0	124.0	88.0	61.0
1393197017250	1807.0	124.0	88.0	61.0
1393197017263	1807.0	124.0	88.0	61.0
1393197017270	1807.0	124.0	88.0	61.0
1393197017283	1806.0	123.0	88.0	62.0
1393197017290	1806.0	96.0	63.0	90.0
1393197017300	1806.0	123.0	88.0	62.0
1393197017313	1806.0	123.0	88.0	62.0
1393197017320	1804.0	123.0	88.0	61.0
1393197017330	1804.0	123.0	88.0	61.0
1393197017347	1804.0	123.0	88.0	62.0
1393197017350	1804.0	123.0	88.0	62.0
1393197017363	1804.0	122.0	88.0	62.0
1393197017370	1804.0	122.0	88.0	62.0
1393197017382	1804.0	123.0	88.0	62.0
1393197017393	1803.0	123.0	88.0	61.0
1393197017403	1803.0	124.0	88.0	61.0
1393197017411	1803.0	124.0	88.0	61.0
1393197017421	1803.0	124.0	88.0	61.0
1393197017431	1802.0	124.0	88.0	61.0
1393197017442	1802.0	123.0	88.0	61.0
1393197017451	1802.0	123.0	88.0	62.0
1393197017463	1802.0	122.0	88.0	63.0
1393197017471	1802.0	122.0	88.0	63.0
1393197017481	1802.0	122.0	88.0	62.0
1393197017493	1802.0	123.0	88.0	62.0
1393197017502	1802.0	122.0	88.0	62.0
1393197017512	1800.0	122.0	88.0	63.0
1393197017527	1800.0	122.0	88.0	63.0
1393197017537	1800.0	122.0	88.0	62.0
1393197017543	1802.0	123.0	88.0	62.0
1393197017552	1802.0	123.0	88.0	62.0
1393197017576	1802.0	123.0	88.0	61.0
1393197017583	1802.0	123.0	88.0	61.0
1393197017593	1801.0	124.0	88.0	61.0
1393197017610	1801.0	8.0	88.0	61.0
1393197017612	1801.0	124.0	88.0	61.0
1393197017614	1801.0	124.0	88.0	61.0
1393197017621	1802.0	96.0	63.0	90.0
1393197017633	1802.0	123.0	88.0	61.0
1393197017657	1802.0	124.0	88.0	61.0
1393197017658	1802.0	124.0	88.0	61.0
1393197017660	1801.0	124.0	88.0	60.0
1393197017670	1801.0	125.0	88.0	60.0
1393197017681	1801.0	125.0	88.0	60.0
1393197017692	1802.0	126.0	88.0	58.0
1393197017703	1802.0	128.0	88.0	57.0
1393197017711	1802.0	129.0	88.0	56.0
1393197017722	1802.0	129.0	88.0	55.0
1393197017734	1803.0	129.0	88.0	55.0
1393197017751	1803.0	2.0	3.0	5.0
1393197017755	1803.0	128.0	88.0	57.0
1393197017763	1803.0	127.0	88.0	58.0
1393197017771	1802.0	126.0	88.0	58.0
1393197017781	1802.0	126.0	88.0	58.0
1393197017792	1802.0	127.0	88.0	58.0
1393197017800	1802.0	127.0	88.0	58.0
1393197017810	1802.0	128.0	88.0	57.0
1393197017823	1802.0	128.0	88.0	56.0
1393197017830	1802.0	129.0	88.0	56.0
1393197017840	1802.0	129.0	88.0	56.0
1393197017850	1802.0	128.0	88.0	57.0
1393197017862	1802.0	128.0	88.0	57.0
1393197017871	1802.0	128.0	88.0	57.0
1393197017883	1803.0	128.0	88.0	57.0
1393197017891	1803.0	128.0	88.0	57.0
1393197017901	1803.0	128.0	88.0	57.0
1393197017912	1803.0	128.0	88.0	57.0
1393197017921	1801.0	128.0	88.0	57.0
1393197017931	1801.0	128.0	88.0	57.0
1393197017951	1801.0	129.0	88.0	56.0
1393197017961	1803.0	130.0	88.0	55.0
1393197017970	1803.0	130.0	88.0	54.0
1393197017981	1803.0	131.0	88.0	54.0
1393197017991	1802.0	131.0	88.0	54.0
1393197018005	1802.0	131.0	88.0	54.0
1393197018020	1802.0	131.0	88.0	54.0
1393197018022	1802.0	130.0	88.0	54.0
1393197018031	1803.0	130.0	88.0	55.0
1393197018041	1803.0	130.0	88.0	54.0
1393197018052	1803.0	131.0	88.0	54.0
1393197018064	1803.0	131.0	88.0	54.0
1393197018081	1800.0	131.0	88.0	54.0
1393197018100	1800.0	130.0	88.0	54.0
1393197018102	1799.0	130.0	88.0	55.0
1393197018111	1799.0	130.0	88.0	55.0
1393197018123	1799.0	96.0	63.0	90.0
1393197018131	1799.0	130.0	88.0	55.0
1393197018144	1799.0	130.0	88.0	55.0
1393197018151	1799.0	130.0	88.0	55.0
1393197018161	1799.0	130.0	88.0	55.0
1393197018171	1799.0	130.0	87.0	55.0
1393197018184	1802.0	130.0	87.0	55.0
1393197018196	1802.0	131.0	87.0	54.0
1393197018201	1802.0	132.0	87.0	52.0
1393197018212	1802.0	133.0	87.0	51.0
1393197018221	1803.0	134.0	87.0	51.0
1393197018232	1803.0	135.0	87.0	50.0
1393197018246	1803.0	135.0	87.0	49.0
1393197018251	1804.0	96.0	63.0	90.0
1393197018262	1804.0	135.0	87.0	50.0
1393197018271	1804.0	135.0	87.0	49.0
1393197018282	1804.0	136.0	87.0	49.0
1393197018295	1805.0	136.0	87.0	49.0
1393197018303	1805.0	136.0	87.0	48.0
1393197018312	1805.0	136.0	87.0	48.0
1393197018321	1805.0	136.0	87.0	48.0
1393197018331	1806.0	136.0	87.0	49.0
1393197018344	1806.0	136.0	87.0	48.0
1393197018351	1806.0	136.0	87.0	48.0
1393197018376	1806.0	137.0	87.0	48.0
1393197018381	1805.0	124.0	3.0	5.0
1393197018387	1805.0	137.0	87.0	48.0
1393197018393	1805.0	137.0	87.0	47.0
1393197018402	1806.0	137.0	87.0	47.0
1393197018413	1806.0	137.0	87.0	48.0
1393197018428	1806.0	137.0	87.0	48.0
1393197018431	1806.0	136.0	87.0	48.0
1393197018442	1807.0	136.0	87.0	49.0
1393197018451	1807.0	136.0	87.0	49.0
1393197018461	1807.0	136.0	87.0	49.0
1393197018472	1807.0	136.0	87.0	49.0
1393197018484	1808.0	135.0	87.0	49.0
1393197018493	1808.0	135.0	87.0	49.0
1393197018502	1808.0	135.0	87.0	50.0
1393197018512	1808.0	135.0	87.0	50.0
1393197018522	1808.0	96.0	63.0	90.0
1393197018532	1808.0	134.0	87.0	50.0
1393197018544	1808.0	134.0	87.0	50.0
1393197018562	1807.0	134.0	87.0	50.0
1393197018574	1807.0	96.0	63.0	90.0
1393197018584	1807.0	135.0	87.0	50.0
1393197018594	1807.0	135.0	87.0	50.0
1393197018605	1807.0	96.0	63.0	90.0
1393197018612	1807.0	136.0	87.0	49.0
1393197018622	1807.0	96.0	63.0	90.0
1393197018632	1810.0	137.0	87.0	48.0
1393197018645	1810.0	137.0	87.0	48.0
1393197018653	1810.0	137.0	87.0	48.0
1393197018664	1810.0	137.0	87.0	48.0
1393197018672	1808.0	137.0	87.0	48.0
1393197018682	1808.0	137.0	87.0	48.0
1393197018694	1808.0	137.0	87.0	48.0
1393197018702	1807.0	136.0	87.0	49.0
1393197018712	1807.0	136.0	87.0	49.0
1393197018729	1807.0	135.0	87.0	49.0
1393197018732	1807.0	136.0	87.0	49.0
1393197018762	1809.0	136.0	87.0	49.0
1393197018765	1809.0	136.0	87.0	49.0
1393197018774	1809.0	105.0	12.0	137.0
1393197018776	1809.0	136.0	87.0	49.0
1393197018785	1808.0	135.0	87.0	49.0
1393197018804	1808.0	136.0	87.0	49.0
1393197018806	1808.0	136.0	87.0	49.0
1393197018813	1808.0	136.0	87.0	49.0
1393197018822	1808.0	136.0	87.0	49.0
1393197018831	1808.0	136.0	87.0	49.0
1393197018845	1808.0	136.0	87.0	49.0
1393197018851	1807.0	136.0	87.0	49.0
1393197018862	1807.0	136.0	87.0	49.0
1393197018875	1807.0	136.0	87.0	49.0
1393197018882	1807.0	136.0	87.0	49.0
1393197018896	1806.0	135.0	87.0	49.0
1393197018907	1806.0	135.0	87.0	49.0
1393197018911	1806.0	135.0	87.0	49.0
1393197018924	1806.0	135.0	87.0	50.0
1393197018931	1805.0	135.0	87.0	50.0
1393197018942	1805.0	135.0	87.0	49.0
1393197018951	1805.0	136.0	87.0	49.0
1393197018965	1806.0	136.0	87.0	49.0
1393197018975	1806.0	136.0	87.0	48.0
1393197018982	1806.0	136.0	87.0	48.0
1393197018993	1806.0	137.0	87.0	48.0
1393197019002	1806.0	137.0	87.0	48.0
1393197019014	1806.0	137.0	87.0	48.0
1393197019025	1806.0	136.0	87.0	48.0
1393197019032	1806.0	136.0	87.0	49.0
1393197019043	1806.0	135.0	87.0	50.0
1393197019052	1806.0	135.0	87.0	50.0
1393197019062	1806.0	135.0	87.0	49.0
1393197019075	1806.0	135.0	87.0	49.0
1393197019084	1805.0	135.0	87.0	49.0
1393197019092	1805.0	135.0	87.0	50.0
1393197019102	1805.0	136.0	87.0	49.0
1393197019113	1805.0	136.0	87.0	49.0
1393197019125	1805.0	136.0	87.0	48.0
1393197019132	1805.0	137.0	87.0	48.0
1393197019145	1805.0	137.0	87.0	48.0
1393197019153	1806.0	137.0	87.0	48.0
1393197019162	1806.0	137.0	87.0	48.0
1393197019175	1806.0	137.0	87.0	48.0
1393197019182	1806.0	137.0	87.0	48.0
1393197019192	1806.0	137.0	87.0	48.0
1393197019209	1806.0	137.0	87.0	48.0
1393197019212	1806.0	137.0	87.0	48.0
1393197019226	1806.0	137.0	87.0	48.0
1393197019232	1803.0	137.0	87.0	48.0
1393197019243	1803.0	137.0	87.0	48.0
1393197019252	1803.0	137.0	87.0	47.0
1393197019265	1803.0	138.0	87.0	47.0
1393197019272	1803.0	138.0	87.0	46.0
1393197019282	1803.0	139.0	87.0	46.0
1393197019292	1803.0	139.0	87.0	45.0
1393197019302	1802.0	139.0	87.0	45.0
1393197019313	1802.0	139.0	87.0	46.0
1393197019325	1802.0	138.0	87.0	46.0
1393197019333	1802.0	138.0	87.0	47.0
1393197019344	1802.0	137.0	87.0	47.0
1393197019364	1802.0	137.0	87.0	48.0
1393197019383	1802.0	137.0	87.0	48.0
1393197019390	1803.0	137.0	87.0	48.0
1393197019414	1803.0	137.0	87.0	48.0
1393197019416	1803.0	137.0	87.0	48.0
1393197019418	1803.0	136.0	87.0	48.0
1393197019426	1803.0	136.0	87.0	48.0
1393197019433	1803.0	96.0	63.0	90.0
1393197019445	1803.0	137.0	87.0	48.0
1393197019457	1802.0	137.0	87.0	47.0
1393197019464	1802.0	96.0	63.0	90.0
1393197019475	1802.0	138.0	87.0	47.0
1393197019483	1802.0	137.0	87.0	47.0
1393197019494	1803.0	96.0	63.0	90.0
1393197019507	1803.0	137.0	87.0	48.0
1393197019512	1803.0	137.0	87.0	48.0
1393197019524	1803.0	137.0	87.0	48.0
1393197019533	1802.0	137.0	87.0	47.0
1393197019545	1802.0	138.0	87.0	47.0
1393197019553	1802.0	138.0	87.0	47.0
1393197019565	1803.0	138.0	87.0	46.0
1393197019578	1803.0	139.0	87.0	46.0
1393197019583	1803.0	139.0	87.0	46.0
1393197019595	1803.0	139.0	87.0	46.0
1393197019603	1801.0	139.0	87.0	46.0
1393197019612	1801.0	139.0	87.0	46.0
1393197019625	1801.0	139.0	87.0	46.0
1393197019632	1801.0	96.0	63.0	90.0
1393197019642	1801.0	138.0	87.0	47.0
1393197019652	1801.0	137.0	87.0	47.0
1393197019662	1801.0	137.0	87.0	47.0
1393197019672	1801.0	137.0	87.0	48.0
1393197019684	1801.0	137.0	87.0	48.0
1393197019692	1801.0	137.0	87.0	48.0
1393197019703	1801.0	137.0	87.0	48.0
1393197019713	1800.0	137.0	87.0	48.0
1393197019724	1800.0	137.0	87.0	48.0
1393197019733	1800.0	137.0	87.0	48.0
1393197019745	1800.0	136.0	87.0	48.0
1393197019753	1800.0	136.0	87.0	48.0
1393197019763	1800.0	137.0	87.0	48.0
1393197019774	1800.0	137.0	87.0	47.0
1393197019783	1800.0	137.0	87.0	47.0
1393197019793	1799.0	138.0	87.0	47.0
1393197019807	1799.0	138.0	87.0	46.0
1393197019813	1799.0	138.0	87.0	46.0
1393197019823	1799.0	139.0	87.0	46.0
1393197019833	1799.0	138.0	87.0	46.0
1393197019843	1799.0	138.0	87.0	46.0
1393197019859	1799.0	139.0	87.0	46.0
1393197019866	1799.0	139.0	87.0	46.0
1393197019876	1799.0	139.0	87.0	46.0
1393197019883	1799.0	139.0	87.0	46.0
1393197019893	1799.0	138.0	87.0	46.0
1393197019910	1799.0	138.0	87.0	46.0
1393197019919	1799.0	138.0	87.0	46.0
1393197019926	1799.0	138.0	87.0	46.0
1393197019934	1799.0	138.0	87.0	46.0
1393197019944	1800.0	117.0	39.0	130.0
1393197019970	1800.0	138.0	87.0	46.0
1393197019972	1800.0	138.0	87.0	46.0
1393197019974	1799.0	139.0	87.0	46.0
1393197019991	1799.0	139.0	87.0	46.0
1393197020015	1799.0	138.0	87.0	46.0
1393197020017	1801.0	138.0	87.0	46.0
1393197020032	1801.0	138.0	87.0	47.0
1393197020035	1801.0	138.0	87.0	47.0
1393197020046	1801.0	137.0	87.0	47.0
1393197020054	1801.0	137.0	87.0	48.0
1393197020063	1801.0	137.0	87.0	47.0
1393197020073	1801.0	138.0	87.0	47.0
1393197020083	1801.0	138.0	87.0	47.0
1393197020093	1802.0	137.0	87.0	47.0
1393197020105	1802.0	137.0	87.0	47.0
1393197020113	1802.0	137.0	87.0	47.0
1393197020123	1802.0	138.0	87.0	47.0
1393197020134	1802.0	138.0	87.0	47.0
1393197020144	1802.0	138.0	87.0	46.0
1393197020155	1802.0	138.0	87.0	46.0
1393197020166	1803.0	138.0	87.0	46.0
1393197020174	1803.0	138.0	87.0	46.0
1393197020184	1803.0	138.0	87.0	46.0
1393197020195	1803.0	139.0	87.0	46.0
1393197020207	1805.0	139.0	87.0	46.0
1393197020215	1805.0	139.0	87.0	46.0
1393197020229	1805.0	139.0	87.0	46.0
1393197020235	1805.0	138.0	87.0	46.0
1393197020247	1804.0	138.0	87.0	47.0
1393197020258	1804.0	137.0	87.0	47.0
1393197020263	1804.0	95.0	63.0	90.0
1393197020273	1805.0	95.0	63.0	90.0
1393197020287	1805.0	138.0	87.0	47.0
1393197020294	1805.0	138.0	87.0	47.0
1393197020307	1805.0	138.0	87.0	47.0
1393197020315	1805.0	138.0	87.0	47.0
1393197020324	1805.0	138.0	87.0	47.0
1393197020334	1805.0	138.0	87.0	47.0
1393197020347	1805.0	138.0	87.0	47.0
1393197020362	1806.0	138.0	87.0	47.0
1393197020365	1806.0	138.0	87.0	47.0
1393197020375	1806.0	137.0	87.0	47.0
1393197020384	1806.0	137.0	87.0	47.0
1393197020394	1806.0	137.0	87.0	47.0
1393197020409	1806.0	137.0	87.0	48.0
1393197020415	1806.0	137.0	87.0	48.0
1393197020427	1806.0	137.0	87.0	48.0
1393197020435	1806.0	137.0	87.0	47.0
1393197020446	1806.0	138.0	87.0	47.0
1393197020457	1806.0	138.0	87.0	46.0
1393197020466	1806.0	138.0	87.0	46.0
1393197020474	1806.0	139.0	87.0	46.0
1393197020485	1806.0	139.0	87.0	46.0
1393197020495	1806.0	139.0	87.0	46.0
1393197020505	1805.0	139.0	87.0	46.0
1393197020515	1805.0	138.0	87.0	46.0
1393197020527	1805.0	138.0	87.0	46.0
1393197020539	1805.0	138.0	87.0	47.0
1393197020544	1806.0	95.0	63.0	90.0
1393197020559	1806.0	138.0	87.0	47.0
1393197020565	1806.0	138.0	87.0	46.0
1393197020576	1806.0	138.0	87.0	46.0
1393197020588	1806.0	139.0	87.0	46.0
1393197020596	1806.0	139.0	87.0	46.0
1393197020608	1806.0	139.0	87.0	46.0
1393197020615	1805.0	139.0	87.0	46.0
1393197020625	1805.0	139.0	87.0	46.0
1393197020640	1805.0	138.0	87.0	46.0
1393197020649	1805.0	138.0	87.0	46.0
1393197020659	1805.0	138.0	87.0	47.0
1393197020664	1805.0	95.0	63.0	90.0
1393197020679	1805.0	137.0	87.0	47.0
1393197020685	1806.0	138.0	87.0	47.0
1393197020701	1806.0	138.0	87.0	47.0
1393197020710	1806.0	138.0	87.0	46.0
1393197020715	1806.0	138.0	87.0	46.0
1393197020724	1803.0	138.0	87.0	46.0
1393197020738	1803.0	138.0	87.0	46.0
1393197020744	1803.0	96.0	63.0	90.0
1393197020755	1803.0	138.0	87.0	46.0
1393197020769	1805.0	138.0	87.0	46.0
1393197020773	1805.0	138.0	87.0	46.0
1393197020785	1805.0	138.0	87.0	46.0
1393197020794	1805.0	138.0	87.0	46.0
1393197020804	1805.0	138.0	87.0	47.0
1393197020814	1805.0	138.0	87.0	47.0
1393197020826	1805.0	138.0	87.0	47.0
1393197020836	1806.0	138.0	87.0	46.0
1393197020845	1806.0	139.0	87.0	46.0
1393197020855	1806.0	139.0	87.0	46.0
1393197020868	1806.0	139.0	87.0	46.0
1393197020877	1804.0	139.0	87.0	46.0
1393197020892	1804.0	139.0	87.0	46.0
1393197020910	1804.0	139.0	87.0	46.0
1393197020912	1804.0	139.0	87.0	46.0
1393197020916	1804.0	139.0	87.0	46.0
1393197020926	1804.0	139.0	87.0	45.0
1393197020938	1804.0	139.0	87.0	45.0
1393197020947	1804.0	139.0	87.0	45.0
1393197020957	1806.0	139.0	87.0	45.0
1393197020966	1806.0	139.0	87.0	45.0
1393197020975	1806.0	139.0	87.0	45.0
1393197020987	1804.0	139.0	87.0	45.0
1393197020995	1804.0	139.0	87.0	45.0
1393197021007	1804.0	139.0	87.0	46.0
1393197021014	1804.0	139.0	87.0	46.0
1393197021025	1804.0	139.0	87.0	46.0
1393197021050	1804.0	138.0	87.0	46.0
1393197021054	1804.0	108.0	20.0	132.0
1393197021056	1804.0	138.0	87.0	47.0
1393197021076	1805.0	138.0	87.0	47.0
1393197021078	1805.0	138.0	87.0	47.0
1393197021086	1805.0	138.0	87.0	46.0
1393197021094	1805.0	139.0	87.0	46.0
1393197021104	1806.0	139.0	87.0	45.0
1393197021114	1806.0	139.0	87.0	45.0
1393197021126	1806.0	139.0	87.0	46.0
1393197021135	1804.0	138.0	87.0	46.0
1393197021144	1804.0	138.0	87.0	47.0
1393197021157	1804.0	137.0	87.0	48.0
1393197021165	1804.0	137.0	87.0	48.0
1393197021175	1805.0	137.0	87.0	48.0
1393197021189	1805.0	137.0	87.0	47.0
1393197021196	1805.0	137.0	87.0	47.0
1393197021205	1805.0	137.0	87.0	47.0
1393197021215	1805.0	137.0	87.0	47.0
1393197021226	1805.0	137.0	87.0	47.0
1393197021239	1805.0	137.0	87.0	47.0
1393197021248	1805.0	137.0	87.0	47.0
1393197021256	1806.0	137.0	87.0	47.0
1393197021265	1806.0	137.0	87.0	47.0
1393197021288	1806.0	137.0	87.0	47.0
1393197021295	1806.0	138.0	87.0	47.0
1393197021310	1806.0	138.0	87.0	46.0
1393197021317	1806.0	138.0	87.0	46.0
1393197021324	1805.0	138.0	87.0	46.0
1393197021337	1805.0	139.0	87.0	46.0
1393197021345	1805.0	139.0	87.0	46.0
1393197021356	1805.0	139.0	87.0	46.0
1393197021367	1806.0	139.0	87.0	46.0
1393197021375	1806.0	139.0	87.0	46.0
1393197021386	1806.0	139.0	87.0	45.0
1393197021395	1805.0	139.0	87.0	45.0
1393197021406	1805.0	139.0	87.0	46.0
1393197021416	1805.0	139.0	87.0	46.0
1393197021427	1805.0	139.0	87.0	46.0
1393197021437	1805.0	139.0	87.0	46.0
1393197021445	1805.0	139.0	87.0	46.0
1393197021455	1805.0	139.0	87.0	46.0
1393197021470	1805.0	139.0	87.0	46.0
1393197021475	1806.0	139.0	87.0	46.0
1393197021487	1806.0	139.0	87.0	46.0
1393197021495	1806.0	139.0	87.0	46.0
1393197021507	1806.0	139.0	87.0	46.0
1393197021518	1805.0	139.0	87.0	46.0
1393197021524	1805.0	139.0	87.0	46.0
1393197021537	1805.0	139.0	87.0	46.0
1393197021550	1804.0	139.0	87.0	46.0
1393197021560	1804.0	139.0	87.0	46.0
1393197021570	1804.0	139.0	87.0	46.0
1393197021574	1804.0	138.0	87.0	46.0
1393197021585	1805.0	138.0	87.0	46.0
1393197021595	1805.0	138.0	87.0	46.0
1393197021607	1805.0	138.0	87.0	46.0
1393197021618	1805.0	138.0	87.0	46.0
1393197021625	1805.0	138.0	87.0	46.0
1393197021634	1805.0	138.0	87.0	46.0
1393197021644	1805.0	138.0	87.0	47.0
1393197021655	1805.0	138.0	87.0	47.0
1393197021670	1804.0	138.0	87.0	47.0
1393197021675	1804.0	138.0	87.0	46.0
1393197021687	1804.0	139.0	87.0	46.0
1393197021694	1804.0	139.0	87.0	46.0
1393197021706	1804.0	139.0	87.0	46.0
1393197021717	1804.0	139.0	87.0	46.0
1393197021727	1804.0	139.0	87.0	46.0
1393197021735	1803.0	139.0	87.0	46.0
1393197021745	1803.0	139.0	87.0	46.0
1393197021755	1803.0	139.0	87.0	45.0
1393197021768	1803.0	140.0	87.0	45.0
1393197021775	1802.0	140.0	87.0	45.0
1393197021788	1802.0	139.0	87.0	45.0
1393197021795	1802.0	139.0	87.0	45.0
1393197021805	1802.0	139.0	87.0	45.0
1393197021819	1804.0	139.0	87.0	45.0
1393197021825	1804.0	139.0	87.0	46.0
1393197021835	1804.0	139.0	87.0	46.0
1393197021852	1802.0	139.0	87.0	46.0
1393197021855	1802.0	139.0	87.0	46.0
1393197021868	1802.0	139.0	87.0	46.0
1393197021875	1802.0	139.0	87.0	46.0
1393197021886	1802.0	139.0	87.0	46.0
1393197021895	1802.0	139.0	87.0	46.0
1393197021907	1802.0	139.0	87.0	46.0
1393197021925	1803.0	139.0	87.0	46.0
1393197021936	1803.0	139.0	87.0	46.0
1393197021945	1803.0	139.0	87.0	46.0
1393197021959	1803.0	139.0	87.0	46.0
1393197021967	1801.0	139.0	87.0	46.0
1393197021975	1801.0	139.0	87.0	46.0
1393197021985	1801.0	139.0	87.0	46.0
1393197021996	1802.0	139.0	87.0	45.0
1393197022005	1802.0	140.0	87.0	45.0
1393197022023	1802.0	140.0	87.0	45.0
1393197022029	1802.0	140.0	87.0	45.0
1393197022035	1803.0	140.0	87.0	45.0
1393197022046	1803.0	140.0	87.0	45.0
1393197022055	1803.0	140.0	87.0	45.0
1393197022067	1803.0	139.0	87.0	45.0
1393197022076	1802.0	139.0	87.0	46.0
1393197022087	1802.0	139.0	87.0	46.0
1393197022095	1802.0	138.0	87.0	46.0
1393197022106	1802.0	138.0	87.0	47.0
1393197022118	1802.0	138.0	87.0	47.0
1393197022127	1802.0	138.0	87.0	47.0
1393197022136	1802.0	138.0	87.0	47.0
1393197022156	1803.0	96.0	0.0	34.0
1393197022159	1803.0	138.0	87.0	46.0
1393197022176	1803.0	139.0	87.0	46.0
1393197022180	1803.0	139.0	87.0	46.0
1393197022199	1803.0	2.0	3.0	4.0
1393197022204	1803.0	139.0	87.0	46.0
1393197022208	1803.0	139.0	87.0	46.0
1393197022229	1803.0	139.0	87.0	45.0
1393197022236	1803.0	139.0	87.0	45.0
1393197022245	1803.0	140.0	87.0	45.0
1393197022255	1805.0	140.0	87.0	45.0
1393197022267	1805.0	140.0	87.0	45.0
1393197022275	1805.0	140.0	87.0	45.0
1393197022285	1805.0	139.0	87.0	45.0
1393197022295	1805.0	139.0	87.0	45.0
1393197022306	1805.0	140.0	87.0	45.0
1393197022316	1805.0	141.0	87.0	44.0
1393197022327	1805.0	141.0	87.0	44.0
1393197022335	1805.0	141.0	87.0	44.0
1393197022347	1805.0	141.0	87.0	44.0
1393197022356	1805.0	140.0	87.0	44.0
1393197022366	1805.0	140.0	87.0	45.0
1393197022375	1805.0	140.0	87.0	45.0
1393197022388	1805.0	140.0	87.0	45.0
1393197022399	1805.0	140.0	87.0	45.0
1393197022406	1808.0	140.0	87.0	45.0
1393197022417	1808.0	140.0	87.0	45.0
1393197022425	1808.0	140.0	87.0	45.0
1393197022436	1808.0	140.0	87.0	45.0
1393197022449	1807.0	140.0	87.0	44.0
1393197022455	1807.0	141.0	87.0	44.0
1393197022466	1807.0	141.0	87.0	44.0
1393197022475	1807.0	141.0	87.0	44.0
1393197022486	1808.0	141.0	87.0	44.0
1393197022499	1808.0	141.0	87.0	44.0
1393197022509	1808.0	141.0	87.0	44.0
1393197022517	1808.0	141.0	87.0	44.0
1393197022526	1808.0	141.0	87.0	44.0
1393197022536	1808.0	141.0	87.0	44.0
1393197022550	1808.0	141.0	87.0	44.0
1393197022559	1808.0	141.0	87.0	44.0
1393197022574	1808.0	140.0	87.0	44.0
1393197022576	1808.0	141.0	87.0	44.0
1393197022589	1808.0	141.0	87.0	44.0
1393197022602	1807.0	141.0	87.0	44.0
1393197022606	1807.0	141.0	87.0	44.0
1393197022616	1807.0	141.0	87.0	44.0
1393197022628	1807.0	141.0	87.0	44.0
1393197022636	1808.0	141.0	87.0	44.0
1393197022646	1808.0	141.0	87.0	44.0
1393197022656	1808.0	141.0	87.0	44.0
1393197022667	1808.0	141.0	87.0	44.0
1393197022677	1808.0	141.0	87.0	44.0
1393197022688	1808.0	141.0	87.0	43.0
1393197022696	1808.0	141.0	87.0	43.0
1393197022722	1807.0	96.0	63.0	90.0
1393197022723	1807.0	142.0	87.0	43.0
1393197022728	1807.0	142.0	87.0	43.0
1393197022736	1807.0	142.0	87.0	42.0
1393197022748	1808.0	142.0	87.0	42.0
1393197022756	1808.0	142.0	86.0	42.0
1393197022771	1808.0	143.0	86.0	42.0
1393197022780	1808.0	143.0	86.0	42.0
1393197022787	1809.0	143.0	86.0	42.0
1393197022802	1809.0	143.0	86.0	42.0
1393197022811	1809.0	143.0	86.0	42.0
1393197022823	1809.0	143.0	87.0	42.0
1393197022828	1808.0	143.0	87.0	42.0
1393197022837	1808.0	143.0	86.0	42.0
1393197022852	1808.0	143.0	86.0	41.0
1393197022858	1809.0	144.0	86.0	41.0
1393197022881	1809.0	144.0	86.0	41.0
1393197022885	1809.0	145.0	86.0	40.0
1393197022889	1809.0	145.0	86.0	40.0
1393197022903	1810.0	145.0	86.0	39.0
1393197022908	1810.0	145.0	86.0	39.0
1393197022918	1810.0	145.0	86.0	39.0
1393197022937	1810.0	101.0	14.0	123.0
1393197022940	1810.0	145.0	86.0	40.0
1393197022956	1810.0	145.0	86.0	40.0
1393197022964	1810.0	145.0	86.0	40.0
1393197022970	1810.0	145.0	86.0	40.0
1393197022988	1809.0	145.0	86.0	39.0
1393197022996	1809.0	145.0	87.0	39.0
1393197023000	1809.0	146.0	87.0	39.0
1393197023007	1810.0	146.0	87.0	39.0
1393197023028	1810.0	146.0	87.0	39.0
1393197023036	1810.0	96.0	63.0	90.0
1393197023051	1809.0	146.0	87.0	38.0
1393197023057	1809.0	146.0	86.0	38.0
1393197023069	1809.0	146.0	86.0	38.0
1393197023076	1809.0	96.0	63.0	90.0
1393197023086	1809.0	146.0	86.0	39.0
1393197023099	1809.0	146.0	86.0	39.0
1393197023109	1809.0	96.0	63.0	90.0
1393197023116	1807.0	96.0	63.0	90.0
1393197023126	1807.0	96.0	63.0	90.0
1393197023138	1807.0	146.0	87.0	39.0
1393197023149	1807.0	146.0	87.0	39.0
1393197023156	1807.0	96.0	63.0	90.0
1393197023173	1807.0	146.0	87.0	39.0
1393197023176	1807.0	145.0	87.0	39.0
1393197023187	1807.0	146.0	86.0	39.0
1393197023199	1806.0	146.0	86.0	39.0
1393197023207	1806.0	96.0	63.0	90.0
1393197023217	1806.0	146.0	86.0	39.0
1393197023240	1806.0	145.0	86.0	39.0
1393197023244	1804.0	145.0	86.0	40.0
1393197023250	1804.0	145.0	86.0	40.0
1393197023258	1804.0	96.0	63.0	90.0
1393197023266	1806.0	96.0	63.0	90.0
1393197023276	1806.0	96.0	63.0	90.0
1393197023288	1806.0	96.0	63.0	90.0
1393197023297	1806.0	145.0	86.0	39.0
1393197023306	1805.0	96.0	63.0	90.0
1393197023324	1805.0	146.0	86.0	39.0
1393197023330	1805.0	146.0	86.0	39.0
1393197023336	1805.0	146.0	87.0	38.0
1393197023355	1807.0	147.0	87.0	37.0
1393197023356	1807.0	147.0	87.0	37.0
1393197023366	1807.0	148.0	87.0	37.0
1393197023391	1807.0	148.0	86.0	36.0
1393197023400	1808.0	149.0	86.0	36.0
1393197023402	1808.0	149.0	86.0	36.0
1393197023408	1808.0	148.0	86.0	36.0
1393197023416	1808.0	148.0	86.0	37.0
1393197023429	1808.0	148.0	86.0	37.0
1393197023436	1808.0	147.0	86.0	37.0
1393197023448	1808.0	147.0	86.0	38.0
1393197023456	1806.0	147.0	86.0	38.0
1393197023469	1806.0	147.0	86.0	37.0
1393197023487	1806.0	148.0	86.0	37.0
1393197023489	1806.0	148.0	86.0	37.0
1393197023501	1805.0	148.0	86.0	37.0
1393197023513	1805.0	148.0	86.0	37.0
1393197023526	1805.0	148.0	86.0	37.0
1393197023528	1805.0	148.0	87.0	37.0
1393197023536	1802.0	148.0	87.0	37.0
1393197023546	1802.0	148.0	87.0	36.0
1393197023556	1802.0	149.0	87.0	36.0
1393197023566	1802.0	149.0	87.0	36.0
1393197023578	1802.0	149.0	87.0	36.0
1393197023588	1802.0	149.0	87.0	35.0
1393197023596	1802.0	150.0	87.0	35.0
1393197023606	1802.0	149.0	87.0	35.0
1393197023616	1802.0	149.0	87.0	36.0
1393197023627	1802.0	149.0	87.0	36.0
1393197023636	1802.0	149.0	87.0	36.0
1393197023649	1799.0	149.0	87.0	36.0
1393197023656	1799.0	149.0	87.0	36.0
1393197023666	1799.0	149.0	87.0	36.0
1393197023679	1799.0	149.0	87.0	36.0
1393197023686	1799.0	149.0	87.0	35.0
1393197023697	1799.0	150.0	87.0	35.0
1393197023709	1799.0	150.0	87.0	34.0
1393197023717	1798.0	151.0	87.0	34.0
1393197023728	1798.0	151.0	87.0	34.0
1393197023736	1798.0	150.0	87.0	34.0
1393197023747	1798.0	150.0	87.0	34.0
1393197023760	1796.0	150.0	87.0	35.0
1393197023771	1796.0	150.0	87.0	35.0
1393197023783	1796.0	150.0	87.0	34.0
1393197023789	1796.0	151.0	87.0	34.0
1393197023797	1795.0	151.0	87.0	34.0
1393197023806	1795.0	151.0	87.0	34.0
1393197023816	1795.0	150.0	87.0	34.0
1393197023829	1795.0	150.0	87.0	34.0
1393197023847	1794.0	150.0	87.0	34.0
1393197023856	1794.0	150.0	87.0	35.0
1393197023869	1793.0	150.0	87.0	35.0
1393197023878	1793.0	150.0	87.0	35.0
1393197023889	1793.0	150.0	87.0	35.0
1393197023900	1793.0	150.0	87.0	34.0
1393197023909	1794.0	151.0	87.0	34.0
1393197023918	1794.0	151.0	87.0	34.0
1393197023928	1794.0	151.0	87.0	34.0
1393197023937	1794.0	151.0	87.0	34.0
1393197023949	1793.0	151.0	87.0	33.0
1393197023957	1793.0	152.0	87.0	33.0
1393197023967	1793.0	153.0	87.0	32.0
1393197023978	1793.0	153.0	87.0	31.0
1393197023987	1793.0	154.0	87.0	31.0
1393197023997	1793.0	154.0	87.0	31.0
1393197024017	1793.0	154.0	87.0	31.0
1393197024018	1793.0	154.0	87.0	31.0
1393197024028	1793.0	154.0	87.0	31.0
1393197024037	1793.0	154.0	87.0	30.0
1393197024047	1793.0	154.0	87.0	30.0
1393197024057	1793.0	154.0	87.0	31.0
1393197024069	1793.0	154.0	87.0	31.0
1393197024078	1793.0	153.0	87.0	31.0
1393197024087	1793.0	153.0	87.0	32.0
1393197024097	1793.0	153.0	87.0	32.0
1393197024110	1793.0	152.0	87.0	32.0
1393197024119	1793.0	152.0	87.0	33.0
1393197024130	1796.0	152.0	87.0	33.0
1393197024137	1796.0	152.0	87.0	33.0
1393197024147	1796.0	151.0	87.0	33.0
1393197024157	1796.0	151.0	87.0	34.0
1393197024167	1794.0	151.0	87.0	34.0
1393197024177	1794.0	151.0	87.0	34.0
1393197024189	1794.0	150.0	87.0	34.0
1393197024197	1794.0	150.0	87.0	34.0
1393197024208	1796.0	151.0	87.0	34.0
1393197024217	1796.0	151.0	87.0	34.0
1393197024227	1796.0	151.0	87.0	34.0
1393197024237	1796.0	152.0	87.0	33.0
1393197024249	1797.0	152.0	87.0	33.0
1393197024260	1797.0	153.0	87.0	32.0
1393197024268	1797.0	153.0	87.0	32.0
1393197024280	1796.0	153.0	87.0	32.0
1393197024289	1796.0	152.0	87.0	32.0
1393197024298	1796.0	152.0	87.0	32.0
1393197024315	1796.0	152.0	87.0	32.0
1393197024319	1796.0	153.0	87.0	32.0
1393197024329	1796.0	153.0	87.0	32.0
1393197024341	1796.0	153.0	87.0	32.0
1393197024364	1796.0	153.0	87.0	32.0
1393197024380	1798.0	2.0	3.0	5.0
1393197024389	1798.0	153.0	87.0	32.0
1393197024397	1798.0	153.0	87.0	32.0
1393197024400	1798.0	153.0	86.0	32.0
1393197024411	1799.0	153.0	86.0	32.0
1393197024412	1799.0	153.0	86.0	32.0
1393197024417	1799.0	153.0	87.0	32.0
1393197024429	1799.0	152.0	87.0	32.0
1393197024437	1799.0	152.0	87.0	32.0
1393197024447	1799.0	152.0	87.0	33.0
1393197024467	1799.0	152.0	87.0	32.0
1393197024485	1800.0	153.0	87.0	32.0
1393197024487	1800.0	153.0	87.0	32.0
1393197024497	1800.0	153.0	87.0	32.0
1393197024498	1800.0	152.0	87.0	32.0
1393197024519	1798.0	152.0	87.0	32.0
1393197024520	1798.0	152.0	87.0	32.0
1393197024539	1798.0	152.0	87.0	32.0
1393197024540	1798.0	153.0	87.0	32.0
1393197024549	1799.0	153.0	87.0	31.0
1393197024558	1799.0	154.0	87.0	31.0
1393197024567	1799.0	154.0	87.0	31.0
1393197024578	1799.0	154.0	87.0	30.0
1393197024587	1799.0	154.0	87.0	30.0
1393197024597	1799.0	155.0	87.0	30.0
1393197024611	1799.0	155.0	87.0	30.0
1393197024617	1798.0	155.0	87.0	30.0
1393197024641	1798.0	155.0	87.0	29.0
1393197024643	1798.0	156.0	87.0	29.0
1393197024647	1798.0	156.0	87.0	29.0
1393197024659	1798.0	156.0	87.0	29.0
1393197024669	1798.0	155.0	87.0	29.0
1393197024677	1798.0	155.0	87.0	30.0
1393197024687	1798.0	155.0	87.0	30.0
1393197024697	1798.0	154.0	87.0	30.0
1393197024712	1798.0	154.0	87.0	31.0
1393197024717	1798.0	154.0	87.0	31.0
1393197024731	1798.0	153.0	87.0	31.0
1393197024740	1798.0	153.0	87.0	32.0
1393197024748	1798.0	153.0	87.0	32.0
1393197024762	1798.0	152.0	87.0	32.0
1393197024767	1798.0	152.0	87.0	32.0
1393197024778	1798.0	152.0	87.0	32.0
1393197024794	1798.0	153.0	87.0	32.0
1393197024797	1798.0	153.0	87.0	32.0
1393197024813	1799.0	153.0	87.0	31.0
1393197024817	1799.0	153.0	87.0	31.0
1393197024830	1799.0	154.0	87.0	31.0
1393197024840	1798.0	154.0	87.0	31.0
1393197024850	1798.0	154.0	87.0	31.0
1393197024863	1798.0	154.0	87.0	31.0
1393197024867	1798.0	154.0	87.0	31.0
1393197024877	1799.0	154.0	87.0	31.0
1393197024887	1799.0	154.0	87.0	31.0
1393197024901	1799.0	154.0	87.0	30.0
1393197024911	1799.0	154.0	87.0	31.0
1393197024917	1798.0	154.0	87.0	31.0
1393197024927	1798.0	154.0	87.0	31.0
1393197024937	1798.0	154.0	87.0	31.0
1393197024947	1798.0	154.0	87.0	31.0
1393197024960	1798.0	154.0	87.0	30.0
1393197024969	1798.0	154.0	87.0	30.0
1393197024977	1798.0	154.0	87.0	31.0
1393197024987	1797.0	154.0	87.0	31.0
1393197024997	1797.0	154.0	87.0	31.0
1393197025020	1797.0	154.0	87.0	31.0
1393197025025	1797.0	153.0	87.0	31.0
1393197025030	1798.0	153.0	87.0	31.0
1393197025039	1798.0	154.0	87.0	31.0
1393197025048	1798.0	154.0	87.0	31.0
1393197025059	1798.0	154.0	87.0	30.0
1393197025067	1797.0	155.0	87.0	30.0
1393197025077	1797.0	155.0	87.0	30.0
1393197025090	1797.0	155.0	87.0	30.0
1393197025097	1797.0	155.0	87.0	30.0
1393197025112	1798.0	154.0	87.0	30.0
1393197025119	1798.0	154.0	87.0	30.0
1393197025128	1798.0	154.0	87.0	30.0
1393197025204	1796.0	155.0	87.0	30.0
1393197025257	1796.0	95.0	4.0	76.0
1393197025258	1796.0	155.0	87.0	29.0
1393197025259	1796.0	156.0	87.0	29.0
1393197025261	1797.0	157.0	87.0	28.0
1393197025262	1797.0	157.0	87.0	28.0
1393197025271	1797.0	157.0	87.0	28.0
1393197025272	1797.0	157.0	87.0	28.0
1393197025273	1797.0	157.0	87.0	28.0
1393197025274	1797.0	157.0	87.0	28.0
1393197025277	1797.0	156.0	87.0	28.0
1393197025280	1797.0	156.0	87.0	28.0
1393197025290	1797.0	156.0	87.0	29.0
1393197025292	1797.0	155.0	87.0	29.0
1393197025296	1797.0	155.0	87.0	30.0
1393197025299	1796.0	155.0	87.0	30.0
1393197025301	1796.0	155.0	87.0	30.0
1393197025327	1796.0	155.0	87.0	30.0
1393197025329	1796.0	155.0	87.0	30.0
1393197025330	1796.0	155.0	87.0	30.0
1393197025346	1796.0	154.0	87.0	30.0
1393197025348	1796.0	154.0	87.0	30.0
1393197025358	1796.0	154.0	87.0	31.0
1393197025368	1797.0	154.0	87.0	31.0
1393197025378	1797.0	153.0	87.0	32.0
1393197025392	1797.0	153.0	87.0	32.0
1393197025398	1797.0	152.0	87.0	33.0
1393197025422	1799.0	152.0	87.0	33.0
1393197025424	1799.0	152.0	87.0	33.0
1393197025428	1799.0	152.0	87.0	33.0
1393197025444	1797.0	152.0	87.0	33.0
1393197025452	1797.0	152.0	87.0	33.0
1393197025461	1797.0	152.0	87.0	33.0
1393197025476	1797.0	152.0	87.0	32.0
1393197025497	1798.0	152.0	87.0	32.0
1393197025500	1798.0	152.0	87.0	32.0
1393197025504	1798.0	152.0	87.0	32.0
1393197025515	1798.0	152.0	87.0	32.0
1393197025526	1798.0	152.0	87.0	32.0
1393197025528	1798.0	152.0	87.0	33.0
1393197025540	1798.0	151.0	87.0	33.0
1393197025548	1798.0	151.0	87.0	34.0
1393197025559	1798.0	151.0	87.0	34.0
1393197025576	1798.0	151.0	87.0	34.0
1393197025578	1798.0	151.0	87.0	34.0
1393197025593	1798.0	151.0	87.0	34.0
1393197025598	1798.0	151.0	87.0	33.0
1393197025610	1798.0	152.0	87.0	33.0
1393197025619	1798.0	152.0	87.0	33.0
1393197025631	1798.0	153.0	87.0	32.0
1393197025643	1798.0	153.0	87.0	32.0
1393197025649	1798.0	153.0	87.0	32.0
1393197025660	1798.0	153.0	87.0	32.0
1393197025668	1796.0	153.0	87.0	32.0
1393197025678	1796.0	153.0	87.0	32.0
1393197025693	1796.0	153.0	87.0	32.0
1393197025698	1797.0	153.0	87.0	32.0
1393197025709	1797.0	153.0	87.0	32.0
1393197025718	1797.0	153.0	87.0	32.0
1393197025729	1797.0	153.0	87.0	32.0
1393197025741	1798.0	153.0	87.0	32.0
1393197025750	1798.0	153.0	87.0	32.0
1393197025758	1798.0	153.0	87.0	32.0
1393197025769	1798.0	153.0	87.0	32.0
1393197025778	1797.0	152.0	87.0	32.0
1393197025799	1797.0	152.0	87.0	33.0
1393197025800	1797.0	151.0	87.0	34.0
1393197025810	1797.0	151.0	87.0	34.0
1393197025818	1798.0	152.0	87.0	33.0
1393197025828	1798.0	152.0	87.0	33.0
1393197025838	1798.0	152.0	87.0	33.0
1393197025848	1799.0	152.0	87.0	33.0
1393197025860	1799.0	152.0	87.0	32.0
1393197025876	1799.0	153.0	87.0	32.0
1393197025881	1799.0	154.0	87.0	31.0
1393197025892	1798.0	154.0	87.0	31.0
1393197025898	1798.0	155.0	87.0	30.0
1393197025920	1798.0	155.0	87.0	30.0
1393197025922	1798.0	155.0	87.0	30.0
1393197025931	1798.0	155.0	87.0	30.0
1393197025940	1798.0	155.0	87.0	30.0
1393197025949	1798.0	155.0	87.0	30.0
1393197025959	1798.0	155.0	87.0	30.0
1393197025971	1797.0	155.0	87.0	30.0
1393197025979	1797.0	155.0	87.0	29.0
1393197025991	1797.0	155.0	87.0	30.0
1393197025998	1798.0	155.0	87.0	30.0
1393197026013	1798.0	155.0	87.0	30.0
1393197026019	1798.0	155.0	87.0	30.0
1393197026029	1798.0	155.0	87.0	30.0
1393197026040	1798.0	155.0	87.0	29.0
1393197026051	1798.0	155.0	87.0	30.0
1393197026059	1798.0	155.0	87.0	30.0
1393197026069	1798.0	155.0	87.0	30.0
1393197026079	1799.0	154.0	87.0	30.0
1393197026090	1799.0	154.0	87.0	31.0
1393197026099	1799.0	154.0	87.0	31.0
1393197026112	1799.0	154.0	87.0	31.0
1393197026119	1799.0	153.0	87.0	32.0
1393197026130	1799.0	153.0	87.0	32.0
1393197026141	1799.0	153.0	87.0	31.0
1393197026149	1797.0	154.0	87.0	31.0
1393197026159	1797.0	155.0	87.0	30.0
1393197026173	1797.0	155.0	87.0	30.0
1393197026179	1797.0	155.0	87.0	29.0
1393197026190	1800.0	156.0	87.0	29.0
1393197026199	1800.0	156.0	87.0	29.0
1393197026209	1800.0	156.0	87.0	29.0
1393197026222	1800.0	156.0	87.0	29.0
1393197026232	1799.0	156.0	87.0	29.0
1393197026239	1799.0	156.0	87.0	29.0
1393197026249	1799.0	155.0	87.0	29.0
1393197026259	1799.0	155.0	87.0	30.0
1393197026273	1797.0	155.0	87.0	30.0
1393197026279	1797.0	155.0	87.0	30.0
1393197026291	1797.0	155.0	87.0	30.0
1393197026299	1797.0	155.0	87.0	29.0
1393197026310	1797.0	156.0	87.0	29.0
1393197026323	1797.0	156.0	87.0	29.0
1393197026329	1797.0	156.0	87.0	29.0
1393197026340	1798.0	157.0	87.0	28.0
1393197026357	1798.0	157.0	87.0	28.0
1393197026360	1798.0	157.0	87.0	28.0
1393197026373	1798.0	157.0	87.0	28.0
1393197026379	1799.0	157.0	87.0	27.0
1393197026391	1799.0	157.0	87.0	27.0
1393197026399	1799.0	158.0	87.0	27.0
1393197026411	1797.0	158.0	87.0	27.0
1393197026431	1797.0	158.0	87.0	27.0
1393197026435	1797.0	159.0	87.0	26.0
1393197026439	1797.0	159.0	87.0	26.0
1393197026449	1797.0	96.0	63.0	90.0
1393197026459	1797.0	160.0	87.0	25.0
1393197026474	1797.0	160.0	87.0	25.0
1393197026479	1797.0	160.0	87.0	25.0
1393197026490	1796.0	160.0	87.0	25.0
1393197026500	1796.0	159.0	87.0	26.0
1393197026511	1796.0	159.0	87.0	26.0
1393197026528	1796.0	159.0	87.0	26.0
1393197026536	1797.0	158.0	87.0	26.0
1393197026545	1797.0	158.0	87.0	27.0
1393197026551	1797.0	158.0	87.0	27.0
1393197026559	1796.0	158.0	87.0	27.0
1393197026576	1796.0	158.0	87.0	26.0
1393197026579	1796.0	159.0	87.0	26.0
1393197026592	1796.0	159.0	87.0	26.0
1393197026599	1795.0	159.0	87.0	26.0
1393197026609	1795.0	158.0	87.0	26.0
1393197026621	1795.0	158.0	87.0	27.0
1393197026630	1795.0	158.0	87.0	27.0
1393197026639	1796.0	158.0	87.0	27.0
1393197026655	1796.0	158.0	87.0	27.0
1393197026660	1796.0	158.0	87.0	27.0
1393197026674	1796.0	158.0	87.0	27.0
1393197026680	1797.0	158.0	87.0	27.0
1393197026691	1797.0	158.0	87.0	27.0
1393197026700	1797.0	158.0	87.0	27.0
1393197026713	1799.0	158.0	87.0	27.0
1393197026721	1799.0	158.0	87.0	27.0
1393197026729	1799.0	158.0	87.0	27.0
1393197026740	1799.0	158.0	87.0	27.0
1393197026750	1799.0	159.0	87.0	26.0
1393197026760	1799.0	159.0	87.0	26.0
1393197026772	1799.0	159.0	87.0	26.0
1393197026779	1799.0	160.0	87.0	25.0
1393197026789	1799.0	160.0	87.0	25.0
1393197026800	1799.0	160.0	87.0	24.0
1393197026810	1799.0	160.0	87.0	24.0
1393197026820	1799.0	160.0	87.0	24.0
1393197026832	1799.0	161.0	87.0	24.0
1393197026839	1799.0	161.0	87.0	24.0
1393197026850	1799.0	160.0	87.0	25.0
1393197026860	1799.0	160.0	87.0	25.0
1393197026871	1799.0	159.0	87.0	26.0
1393197026879	1799.0	158.0	87.0	26.0
1393197026893	1799.0	158.0	87.0	27.0
1393197026900	1800.0	158.0	87.0	27.0
1393197026910	1800.0	157.0	87.0	27.0
1393197026920	1800.0	157.0	87.0	28.0
1393197026929	1800.0	157.0	87.0	28.0
1393197026940	1800.0	157.0	87.0	28.0
1393197026954	1800.0	157.0	87.0	28.0
1393197026959	1800.0	157.0	87.0	28.0
1393197026970	1800.0	157.0	87.0	28.0
1393197026979	1800.0	157.0	87.0	28.0
1393197026993	1800.0	157.0	87.0	28.0
1393197027005	1800.0	157.0	87.0	28.0
1393197027012	1799.0	157.0	87.0	27.0
1393197027027	1799.0	158.0	87.0	27.0
1393197027030	1799.0	158.0	87.0	27.0
1393197027055	1798.0	159.0	87.0	26.0
1393197027060	1798.0	159.0	87.0	26.0
1393197027077	1798.0	159.0	87.0	25.0
1393197027080	1798.0	160.0	87.0	25.0
1393197027090	1798.0	160.0	87.0	25.0
1393197027104	1798.0	159.0	87.0	25.0
1393197027110	1798.0	159.0	87.0	25.0
1393197027121	1798.0	159.0	87.0	26.0
1393197027132	1796.0	159.0	87.0	26.0
1393197027140	1796.0	159.0	87.0	26.0
1393197027151	1796.0	158.0	87.0	26.0
1393197027160	1795.0	158.0	87.0	27.0
1393197027170	1795.0	158.0	87.0	27.0
1393197027180	1795.0	158.0	87.0	27.0
1393197027192	1795.0	158.0	87.0	27.0
1393197027200	1797.0	158.0	87.0	27.0
1393197027210	1797.0	158.0	87.0	27.0
1393197027224	1797.0	158.0	87.0	27.0
1393197027231	1797.0	158.0	87.0	27.0
1393197027241	1796.0	158.0	87.0	27.0
1393197027258	1796.0	158.0	87.0	26.0
1393197027261	1796.0	158.0	87.0	26.0
1393197027272	1795.0	158.0	87.0	26.0
1393197027282	1795.0	158.0	87.0	27.0
1393197027294	1795.0	158.0	87.0	27.0
1393197027302	1795.0	158.0	87.0	27.0
1393197027314	1795.0	157.0	87.0	27.0
1393197027325	1795.0	157.0	87.0	28.0
1393197027332	1795.0	157.0	87.0	27.0
1393197027342	1795.0	157.0	87.0	27.0
1393197027357	1796.0	158.0	87.0	27.0
1393197027362	1796.0	158.0	87.0	27.0
1393197027375	1796.0	158.0	87.0	27.0
1393197027383	1796.0	158.0	87.0	27.0
1393197027395	1793.0	158.0	87.0	26.0
1393197027402	1793.0	158.0	87.0	26.0
1393197027410	1793.0	96.0	63.0	90.0
1393197027420	1794.0	158.0	87.0	27.0
1393197027434	1794.0	158.0	87.0	27.0
1393197027440	1794.0	157.0	87.0	27.0
1393197027451	1794.0	157.0	87.0	28.0
1393197027461	1793.0	157.0	87.0	28.0
1393197027470	1793.0	156.0	87.0	28.0
1393197027481	1793.0	156.0	87.0	29.0
1393197027494	1793.0	156.0	87.0	29.0
1393197027502	1795.0	156.0	87.0	29.0
1393197027510	1795.0	156.0	87.0	28.0
1393197027522	1795.0	157.0	87.0	28.0
1393197027533	1795.0	157.0	87.0	28.0
1393197027540	1793.0	157.0	87.0	28.0
1393197027553	1793.0	157.0	87.0	28.0
1393197027560	1793.0	157.0	87.0	28.0
1393197027571	1794.0	157.0	87.0	28.0
1393197027582	1794.0	156.0	87.0	28.0
1393197027591	1794.0	156.0	87.0	29.0
1393197027602	1794.0	155.0	87.0	29.0
1393197027613	1794.0	155.0	87.0	30.0
1393197027621	1794.0	155.0	87.0	30.0
1393197027631	1794.0	154.0	87.0	30.0
1393197027642	1794.0	154.0	87.0	30.0
1393197027657	1794.0	154.0	87.0	30.0
1393197027661	1794.0	154.0	87.0	30.0
1393197027673	1794.0	155.0	87.0	30.0
1393197027681	1794.0	155.0	87.0	30.0
1393197027694	1793.0	155.0	87.0	30.0
1393197027718	1793.0	155.0	87.0	30.0
1393197027721	1793.0	155.0	87.0	29.0
1393197027734	1791.0	156.0	87.0	29.0
1393197027736	1791.0	156.0	87.0	29.0
1393197027740	1791.0	156.0	87.0	29.0
1393197027753	1791.0	156.0	87.0	29.0
1393197027760	1790.0	156.0	87.0	29.0
1393197027771	1790.0	155.0	87.0	29.0
1393197027780	1790.0	155.0	87.0	30.0
1393197027792	1790.0	155.0	87.0	30.0
1393197027800	1792.0	154.0	87.0	30.0
1393197027810	1792.0	154.0	87.0	30.0
1393197027821	1792.0	154.0	87.0	30.0
1393197027832	1792.0	154.0	87.0	30.0
1393197027841	1790.0	154.0	87.0	30.0
1393197027854	1790.0	155.0	87.0	30.0
1393197027860	1790.0	155.0	87.0	30.0
1393197027871	1789.0	155.0	87.0	29.0
1393197027881	1789.0	155.0	87.0	29.0
1393197027891	1789.0	156.0	87.0	29.0
1393197027904	1789.0	155.0	87.0	29.0
1393197027913	1789.0	155.0	87.0	30.0
1393197027921	1789.0	154.0	87.0	30.0
1393197027931	1789.0	154.0	87.0	31.0
1393197027941	1789.0	154.0	87.0	31.0
1393197027951	1791.0	153.0	87.0	31.0
1393197027960	1791.0	153.0	87.0	31.0
1393197027974	1791.0	153.0	87.0	32.0
1393197027985	1791.0	153.0	87.0	32.0
1393197027990	1790.0	153.0	87.0	31.0
1393197028006	1790.0	154.0	87.0	31.0
1393197028011	1790.0	154.0	87.0	30.0
1393197028026	1790.0	154.0	87.0	30.0
1393197028033	1790.0	154.0	87.0	30.0
1393197028041	1790.0	96.0	63.0	90.0
1393197028053	1790.0	154.0	86.0	31.0
1393197028061	1792.0	96.0	63.0	90.0
1393197028071	1792.0	96.0	63.0	90.0
1393197028085	1792.0	154.0	87.0	31.0
1393197028094	1792.0	96.0	63.0	90.0
1393197028101	1791.0	96.0	63.0	90.0
1393197028111	1791.0	96.0	63.0	90.0
1393197028123	1791.0	153.0	87.0	31.0
1393197028132	1792.0	153.0	87.0	31.0
1393197028141	1792.0	153.0	87.0	32.0
1393197028154	1792.0	153.0	87.0	32.0
1393197028161	1792.0	153.0	87.0	32.0
1393197028171	1794.0	152.0	87.0	32.0
1393197028186	1794.0	152.0	87.0	33.0
1393197028191	1794.0	152.0	87.0	33.0
1393197028203	1794.0	152.0	87.0	33.0
1393197028217	1792.0	152.0	87.0	33.0
1393197028221	1792.0	96.0	63.0	90.0
1393197028234	1792.0	152.0	87.0	33.0
1393197028241	1792.0	96.0	63.0	90.0
1393197028256	1793.0	152.0	87.0	33.0
1393197028265	1793.0	152.0	87.0	33.0
1393197028274	1793.0	152.0	87.0	33.0
1393197028287	1793.0	152.0	87.0	32.0
1393197028293	1793.0	152.0	87.0	32.0
1393197028304	1793.0	152.0	87.0	32.0
1393197028311	1793.0	152.0	87.0	32.0
1393197028324	1792.0	152.0	87.0	32.0
1393197028338	1792.0	152.0	87.0	33.0
1393197028342	1792.0	152.0	87.0	33.0
1393197028360	1792.0	69.0	23.0	44.0
1393197028364	1791.0	152.0	87.0	33.0
1393197028375	1791.0	152.0	87.0	33.0
1393197028386	1791.0	151.0	87.0	33.0
1393197028410	1791.0	151.0	87.0	33.0
1393197028415	1790.0	151.0	87.0	33.0
1393197028418	1790.0	151.0	87.0	33.0
1393197028421	1790.0	151.0	87.0	33.0
1393197028437	1791.0	151.0	87.0	33.0
1393197028441	1791.0	151.0	87.0	33.0
1393197028453	1791.0	151.0	87.0	33.0
1393197028463	1791.0	151.0	87.0	33.0
1393197028472	1788.0	150.0	87.0	34.0
1393197028490	1788.0	150.0	87.0	34.0
1393197028493	1788.0	150.0	87.0	35.0
1393197028501	1788.0	150.0	87.0	35.0
1393197028515	1789.0	150.0	87.0	35.0
1393197028521	1789.0	149.0	87.0	35.0
1393197028531	1789.0	149.0	87.0	35.0
1393197028540	1789.0	150.0	87.0	35.0
1393197028551	1789.0	150.0	87.0	35.0
1393197028561	1789.0	150.0	87.0	34.0
1393197028573	1789.0	150.0	87.0	34.0
1393197028582	1786.0	151.0	87.0	34.0
1393197028591	1786.0	151.0	87.0	33.0
1393197028601	1786.0	152.0	87.0	33.0
1393197028613	1786.0	151.0	87.0	33.0
1393197028622	1787.0	151.0	87.0	34.0
1393197028635	1787.0	151.0	87.0	34.0
1393197028643	1787.0	151.0	87.0	34.0
1393197028654	1787.0	151.0	87.0	34.0
1393197028662	1785.0	151.0	87.0	34.0
1393197028672	1785.0	150.0	87.0	34.0
1393197028685	1785.0	150.0	87.0	35.0
1393197028695	1785.0	150.0	87.0	35.0
1393197028703	1784.0	149.0	87.0	36.0
1393197028712	1784.0	149.0	87.0	36.0
1393197028722	1784.0	148.0	87.0	36.0
1393197028733	1785.0	148.0	87.0	37.0
1393197028742	1785.0	148.0	87.0	37.0
1393197028754	1785.0	148.0	87.0	37.0
1393197028762	1785.0	148.0	87.0	37.0
1393197028775	1783.0	148.0	87.0	37.0
1393197028784	1783.0	148.0	87.0	36.0
1393197028792	1783.0	149.0	87.0	36.0
1393197028802	1783.0	149.0	87.0	35.0
1393197028815	1784.0	150.0	87.0	35.0
1393197028821	1784.0	150.0	87.0	34.0
1393197028833	1784.0	150.0	87.0	34.0
1393197028841	1784.0	150.0	87.0	34.0
1393197028851	1783.0	150.0	87.0	35.0
1393197028867	1783.0	150.0	87.0	35.0
1393197028874	1783.0	150.0	87.0	35.0
1393197028885	1785.0	150.0	87.0	35.0
1393197028897	1785.0	150.0	87.0	34.0
1393197028906	1785.0	150.0	87.0	35.0
1393197028914	1785.0	150.0	87.0	35.0
1393197028921	1784.0	150.0	87.0	35.0
1393197028938	1784.0	150.0	87.0	35.0
1393197028942	1784.0	150.0	87.0	35.0
1393197028951	1784.0	150.0	87.0	35.0
1393197028964	1785.0	150.0	87.0	34.0
1393197028971	1785.0	150.0	87.0	34.0
1393197028983	1785.0	150.0	87.0	34.0
1393197028995	1785.0	150.0	87.0	34.0
1393197029006	1785.0	150.0	87.0	35.0
1393197029021	1785.0	150.0	87.0	35.0
1393197029022	1785.0	150.0	87.0	35.0
1393197029033	1784.0	150.0	87.0	35.0
1393197029041	1784.0	150.0	87.0	34.0
1393197029054	1784.0	151.0	87.0	34.0
1393197029064	1784.0	151.0	87.0	33.0
1393197029071	1785.0	152.0	87.0	33.0
1393197029083	1785.0	152.0	87.0	33.0
1393197029092	1785.0	152.0	87.0	32.0
1393197029105	1785.0	152.0	87.0	32.0
1393197029114	1784.0	152.0	87.0	32.0
1393197029122	1784.0	152.0	87.0	32.0
1393197029134	1784.0	152.0	87.0	32.0
1393197029142	1785.0	152.0	87.0	32.0
1393197029152	1785.0	152.0	87.0	32.0
1393197029164	1785.0	152.0	87.0	32.0
1393197029174	1785.0	152.0	87.0	32.0
1393197029185	1783.0	152.0	87.0	32.0
1393197029191	1783.0	152.0	87.0	32.0
1393197029202	1783.0	152.0	87.0	32.0
1393197029213	1783.0	152.0	87.0	32.0
1393197029221	1784.0	152.0	87.0	33.0
1393197029237	1784.0	152.0	87.0	33.0
1393197029242	1784.0	151.0	87.0	33.0
1393197029252	1784.0	151.0	87.0	34.0
1393197029265	1784.0	151.0	87.0	34.0
1393197029272	1784.0	151.0	87.0	34.0
1393197029282	1784.0	151.0	87.0	34.0
1393197029296	1784.0	151.0	87.0	34.0
1393197029302	1784.0	151.0	87.0	34.0
1393197029314	1784.0	151.0	87.0	33.0
1393197029322	1784.0	151.0	87.0	33.0
1393197029332	1784.0	152.0	87.0	33.0
1393197029342	1784.0	152.0	87.0	32.0
1393197029354	1784.0	152.0	87.0	32.0
1393197029364	1784.0	152.0	87.0	32.0
1393197029372	1784.0	152.0	87.0	32.0
1393197029382	1784.0	152.0	87.0	32.0
1393197029396	1784.0	152.0	87.0	33.0
1393197029408	1784.0	151.0	87.0	33.0
1393197029414	1784.0	151.0	87.0	34.0
1393197029422	1784.0	151.0	87.0	34.0
1393197029432	1784.0	150.0	87.0	34.0
1393197029442	1782.0	150.0	87.0	34.0
1393197029453	1782.0	150.0	87.0	34.0
1393197029464	1782.0	150.0	87.0	34.0
1393197029474	1782.0	150.0	87.0	34.0
1393197029482	1785.0	150.0	87.0	35.0
1393197029493	1785.0	150.0	87.0	35.0
1393197029503	1785.0	150.0	87.0	35.0
1393197029513	1785.0	150.0	87.0	34.0
1393197029522	1785.0	150.0	87.0	34.0
1393197029535	1785.0	150.0	87.0	34.0
1393197029543	1785.0	151.0	87.0	34.0
1393197029553	1785.0	151.0	87.0	34.0
1393197029563	1784.0	151.0	87.0	34.0
1393197029572	1784.0	151.0	87.0	34.0
1393197029582	1784.0	151.0	87.0	34.0
1393197029596	1786.0	151.0	87.0	34.0
1393197029614	1786.0	151.0	87.0	34.0
1393197029634	1786.0	2.0	3.0	4.0
1393197029648	1785.0	151.0	87.0	34.0
1393197029649	1785.0	151.0	87.0	34.0
1393197029654	1785.0	150.0	87.0	34.0
1393197029666	1785.0	150.0	87.0	34.0
1393197029672	1786.0	150.0	87.0	35.0
1393197029682	1786.0	149.0	87.0	35.0
1393197029697	1786.0	149.0	87.0	35.0
1393197029702	1787.0	149.0	87.0	35.0
1393197029714	1787.0	149.0	87.0	36.0
1393197029722	1787.0	149.0	87.0	36.0
1393197029732	1787.0	149.0	87.0	36.0
1393197029751	1789.0	149.0	87.0	36.0
1393197029753	1789.0	149.0	87.0	36.0
1393197029765	1789.0	149.0	87.0	36.0
1393197029777	1789.0	149.0	87.0	36.0
1393197029785	1787.0	149.0	87.0	35.0
1393197029794	1787.0	149.0	87.0	35.0
1393197029803	1787.0	150.0	87.0	35.0
1393197029815	1787.0	150.0	87.0	35.0
1393197029822	1789.0	150.0	87.0	35.0
1393197029835	1789.0	149.0	87.0	35.0
1393197029843	1789.0	149.0	87.0	36.0
1393197029853	1788.0	149.0	87.0	36.0
1393197029864	1788.0	148.0	87.0	36.0
1393197029874	1788.0	148.0	87.0	36.0
1393197029883	1788.0	148.0	87.0	36.0
1393197029897	1789.0	148.0	87.0	36.0
1393197029903	1789.0	149.0	86.0	36.0
1393197029914	1789.0	149.0	86.0	36.0
1393197029924	1789.0	149.0	86.0	35.0
1393197029933	1790.0	150.0	86.0	35.0
1393197029946	1790.0	150.0	86.0	35.0
1393197029960	1790.0	150.0	86.0	34.0
1393197029963	1790.0	150.0	86.0	34.0
1393197029973	1790.0	95.0	63.0	90.0
1393197029984	1790.0	151.0	86.0	34.0
1393197030000	1790.0	151.0	86.0	34.0
1393197030005	1793.0	150.0	86.0	34.0
1393197030023	1793.0	2.0	3.0	4.0
1393197030030	1793.0	150.0	86.0	34.0
1393197030034	1793.0	150.0	86.0	34.0
1393197030057	1791.0	4.0	58.0	1.0
1393197030059	1791.0	150.0	86.0	34.0
1393197030063	1791.0	150.0	86.0	35.0
1393197030080	1791.0	150.0	86.0	35.0
1393197030083	1791.0	150.0	86.0	35.0
1393197030093	1791.0	150.0	86.0	35.0
1393197030103	1791.0	150.0	86.0	35.0
1393197030118	1791.0	150.0	86.0	35.0
1393197030126	1789.0	150.0	86.0	35.0
1393197030135	1789.0	150.0	86.0	35.0
1393197030147	1789.0	149.0	86.0	35.0
1393197030154	1790.0	149.0	86.0	35.0
1393197030163	1790.0	149.0	86.0	36.0
1393197030173	1790.0	149.0	86.0	36.0
1393197030183	1790.0	148.0	86.0	36.0
1393197030196	1789.0	148.0	86.0	36.0
1393197030203	1789.0	148.0	86.0	37.0
1393197030213	1789.0	148.0	86.0	37.0
1393197030225	1789.0	148.0	86.0	37.0
1393197030233	1787.0	148.0	86.0	37.0
1393197030256	1787.0	148.0	86.0	36.0
1393197030270	1787.0	148.0	86.0	36.0
1393197030275	1788.0	148.0	86.0	36.0
1393197030284	1788.0	148.0	86.0	37.0
1393197030296	1788.0	148.0	86.0	37.0
1393197030303	1788.0	147.0	86.0	37.0
1393197030316	1788.0	147.0	86.0	37.0
1393197030325	1788.0	147.0	86.0	37.0
1393197030334	1788.0	148.0	86.0	37.0
1393197030345	1787.0	148.0	86.0	37.0
1393197030353	1787.0	148.0	86.0	37.0
1393197030363	1787.0	148.0	86.0	37.0
1393197030378	1787.0	148.0	86.0	37.0
1393197030383	1786.0	148.0	86.0	37.0
1393197030396	1786.0	148.0	86.0	37.0
1393197030403	1786.0	148.0	86.0	37.0
1393197030414	1786.0	148.0	86.0	37.0
1393197030425	1785.0	148.0	86.0	37.0
1393197030435	1785.0	148.0	86.0	37.0
1393197030447	1785.0	148.0	86.0	37.0
1393197030453	1786.0	148.0	86.0	37.0
1393197030464	1786.0	148.0	86.0	37.0
1393197030477	1786.0	148.0	86.0	37.0
1393197030484	1786.0	147.0	86.0	37.0
1393197030497	1787.0	147.0	86.0	38.0
1393197030503	1787.0	95.0	63.0	90.0
1393197030513	1787.0	146.0	86.0	38.0
1393197030525	1787.0	146.0	87.0	38.0
1393197030534	1786.0	147.0	87.0	38.0
1393197030544	1786.0	147.0	87.0	38.0
1393197030556	1786.0	147.0	86.0	38.0
1393197030563	1786.0	147.0	86.0	38.0
1393197030579	1786.0	147.0	87.0	38.0
1393197030583	1786.0	147.0	87.0	38.0
1393197030593	1786.0	147.0	87.0	38.0
1393197030604	1784.0	147.0	87.0	38.0
1393197030616	1784.0	147.0	87.0	38.0
1393197030625	1784.0	147.0	87.0	38.0
1393197030634	1784.0	147.0	87.0	38.0
1393197030646	1785.0	147.0	87.0	38.0
1393197030655	1785.0	146.0	87.0	38.0
1393197030664	1785.0	146.0	87.0	38.0
1393197030679	1785.0	146.0	87.0	38.0
1393197030684	1784.0	146.0	87.0	38.0
1393197030696	1784.0	146.0	87.0	39.0
1393197030704	1784.0	146.0	87.0	39.0
1393197030714	1784.0	146.0	87.0	38.0
1393197030727	1784.0	146.0	87.0	38.0
1393197030736	1784.0	146.0	87.0	38.0
1393197030747	1784.0	146.0	87.0	38.0
1393197030754	1785.0	96.0	63.0	90.0
1393197030764	1785.0	146.0	87.0	38.0
1393197030781	1785.0	146.0	87.0	38.0
1393197030787	1785.0	146.0	87.0	39.0
1393197030797	1784.0	146.0	87.0	39.0
1393197030804	1784.0	146.0	87.0	39.0
1393197030814	1784.0	146.0	87.0	39.0
1393197030830	1784.0	145.0	87.0	39.0
1393197030835	1784.0	146.0	87.0	39.0
1393197030849	1784.0	146.0	87.0	39.0
1393197030880	1784.0	146.0	87.0	39.0
1393197030884	1785.0	146.0	87.0	39.0
1393197030886	1785.0	146.0	87.0	39.0
1393197030891	1785.0	146.0	87.0	38.0
1393197030898	1785.0	147.0	87.0	38.0
1393197030904	1786.0	147.0	87.0	38.0
1393197030917	1786.0	147.0	87.0	37.0
1393197030931	1786.0	147.0	87.0	37.0
1393197030933	1786.0	147.0	87.0	37.0
1393197030943	1786.0	147.0	87.0	37.0
1393197030953	1786.0	147.0	87.0	37.0
1393197030963	1786.0	147.0	87.0	37.0
1393197030976	1786.0	147.0	87.0	37.0
1393197030983	1787.0	147.0	87.0	37.0
1393197030994	1787.0	147.0	87.0	37.0
1393197031007	1787.0	147.0	87.0	37.0
1393197031020	1787.0	147.0	87.0	37.0
1393197031031	1787.0	147.0	87.0	37.0
1393197031036	1787.0	147.0	87.0	37.0
1393197031045	1787.0	147.0	87.0	37.0
1393197031054	1784.0	147.0	87.0	37.0
1393197031065	1784.0	147.0	87.0	38.0
1393197031077	1784.0	146.0	87.0	38.0
1393197031083	1784.0	146.0	87.0	39.0
1393197031096	1784.0	146.0	87.0	39.0
1393197031106	1784.0	145.0	87.0	39.0
1393197031114	1784.0	145.0	87.0	39.0
1393197031127	1784.0	145.0	87.0	39.0
1393197031134	1784.0	145.0	87.0	39.0
1393197031145	1784.0	146.0	87.0	39.0
1393197031160	1784.0	146.0	87.0	39.0
1393197031163	1784.0	146.0	87.0	39.0
1393197031178	1784.0	146.0	87.0	38.0
1393197031184	1784.0	146.0	87.0	38.0
1393197031194	1784.0	146.0	87.0	38.0
1393197031206	1782.0	146.0	87.0	38.0
1393197031218	1782.0	146.0	87.0	39.0
1393197031226	1782.0	146.0	87.0	38.0
1393197031234	1782.0	147.0	87.0	38.0
1393197031250	1783.0	147.0	87.0	38.0
1393197031256	1783.0	147.0	87.0	38.0
1393197031265	1783.0	74.0	6.0	166.0
1393197031275	1783.0	147.0	87.0	38.0
1393197031283	1783.0	146.0	87.0	38.0
1393197031293	1783.0	146.0	87.0	38.0
1393197031305	1783.0	146.0	87.0	38.0
1393197031314	1782.0	146.0	87.0	38.0
1393197031324	1782.0	146.0	87.0	38.0
1393197031337	1782.0	146.0	87.0	38.0
1393197031344	1782.0	146.0	87.0	38.0
1393197031356	1782.0	147.0	87.0	38.0
1393197031364	1782.0	147.0	87.0	37.0
1393197031376	1782.0	148.0	87.0	37.0
1393197031384	1782.0	148.0	87.0	37.0
1393197031397	1781.0	148.0	87.0	36.0
1393197031408	1781.0	148.0	87.0	36.0
1393197031418	1781.0	148.0	87.0	36.0
1393197031430	1781.0	148.0	87.0	37.0
1393197031435	1781.0	147.0	87.0	37.0
1393197031445	1781.0	147.0	87.0	38.0
1393197031463	1781.0	147.0	87.0	38.0
1393197031465	1783.0	147.0	87.0	37.0
1393197031475	1783.0	147.0	87.0	37.0
1393197031484	1783.0	147.0	87.0	37.0
1393197031494	1783.0	148.0	87.0	37.0
1393197031506	1781.0	148.0	87.0	36.0
1393197031516	1781.0	148.0	87.0	36.0
1393197031527	1781.0	148.0	87.0	36.0
1393197031534	1781.0	148.0	87.0	36.0
1393197031549	1781.0	148.0	87.0	36.0
1393197031559	1781.0	148.0	87.0	37.0
1393197031565	1781.0	147.0	87.0	37.0
1393197031576	1781.0	147.0	87.0	37.0
1393197031584	1781.0	147.0	87.0	38.0
1393197031595	1781.0	147.0	87.0	38.0
1393197031608	1781.0	147.0	87.0	38.0
1393197031614	1781.0	147.0	87.0	38.0
1393197031625	1781.0	147.0	87.0	37.0
1393197031636	1781.0	147.0	87.0	37.0
1393197031644	1781.0	147.0	87.0	37.0
1393197031655	1782.0	147.0	87.0	37.0
1393197031664	1782.0	147.0	87.0	37.0
1393197031676	1782.0	148.0	87.0	37.0
1393197031684	1782.0	148.0	87.0	37.0
1393197031697	1779.0	147.0	87.0	37.0
1393197031710	1779.0	147.0	87.0	37.0
1393197031714	1779.0	147.0	87.0	38.0
1393197031726	1780.0	147.0	87.0	38.0
1393197031734	1780.0	147.0	87.0	38.0
1393197031744	1780.0	147.0	87.0	38.0
1393197031758	1780.0	146.0	87.0	38.0
1393197031764	1781.0	146.0	87.0	38.0
1393197031774	1781.0	147.0	87.0	38.0
1393197031784	1781.0	147.0	87.0	37.0
1393197031794	1781.0	147.0	87.0	37.0
1393197031809	1780.0	147.0	87.0	37.0
1393197031816	1780.0	147.0	87.0	37.0
1393197031826	1780.0	147.0	87.0	37.0
1393197031834	1780.0	147.0	87.0	37.0
1393197031845	1782.0	147.0	87.0	37.0
1393197031856	1782.0	147.0	87.0	38.0
1393197031865	1782.0	147.0	87.0	38.0
1393197031879	1780.0	147.0	87.0	37.0
1393197031885	1780.0	147.0	87.0	37.0
1393197031895	1780.0	147.0	87.0	37.0
1393197031914	1780.0	147.0	87.0	37.0
1393197031918	1783.0	147.0	87.0	37.0
1393197031926	1783.0	147.0	87.0	38.0
1393197031947	1783.0	147.0	87.0	38.0
1393197031952	1783.0	147.0	87.0	38.0
1393197031956	1784.0	147.0	87.0	38.0
1393197031967	1784.0	147.0	87.0	38.0
1393197031976	1784.0	147.0	87.0	38.0
1393197031987	1784.0	147.0	87.0	37.0
1393197032000	1784.0	148.0	87.0	37.0
1393197032009	1784.0	148.0	87.0	37.0
1393197032016	1784.0	148.0	87.0	37.0
1393197032045	1784.0	148.0	87.0	37.0
1393197032048	1784.0	148.0	87.0	37.0
1393197032052	1784.0	148.0	87.0	37.0
1393197032062	1784.0	148.0	87.0	37.0
1393197032065	1784.0	148.0	87.0	37.0
1393197032075	1784.0	148.0	87.0	37.0
1393197032087	1784.0	148.0	87.0	37.0
1393197032096	1784.0	148.0	87.0	37.0
1393197032106	1784.0	148.0	87.0	37.0
1393197032120	1784.0	148.0	87.0	36.0
1393197032129	1784.0	148.0	87.0	36.0
1393197032137	1784.0	149.0	87.0	36.0
1393197032145	1783.0	149.0	87.0	36.0
1393197032157	1783.0	148.0	87.0	36.0
1393197032165	1783.0	149.0	87.0	36.0
1393197032178	1784.0	149.0	87.0	36.0
1393197032186	1784.0	149.0	87.0	35.0
1393197032197	1784.0	150.0	87.0	35.0
1393197032223	1784.0	150.0	87.0	35.0
1393197032226	1787.0	150.0	87.0	34.0
1393197032229	1787.0	151.0	87.0	34.0
1393197032240	1787.0	151.0	87.0	34.0
1393197032244	1787.0	96.0	63.0	90.0
1393197032260	1787.0	151.0	87.0	34.0
1393197032265	1787.0	151.0	87.0	33.0
1393197032275	1787.0	151.0	87.0	33.0
1393197032291	1789.0	151.0	87.0	33.0
1393197032298	1789.0	151.0	87.0	34.0
1393197032311	1789.0	150.0	87.0	34.0
1393197032315	1789.0	95.0	63.0	90.0
1393197032336	1789.0	149.0	87.0	36.0
1393197032337	1789.0	148.0	87.0	37.0
1393197032346	1789.0	148.0	87.0	37.0
1393197032362	1789.0	147.0	87.0	37.0
1393197032368	1790.0	148.0	87.0	37.0
1393197032383	1790.0	148.0	87.0	37.0
1393197032389	1790.0	148.0	87.0	36.0
1393197032395	1790.0	149.0	87.0	36.0
1393197032410	1790.0	149.0	87.0	35.0
1393197032418	1790.0	149.0	87.0	35.0
1393197032428	1790.0	149.0	87.0	35.0
1393197032442	1787.0	149.0	87.0	35.0
1393197032446	1787.0	149.0	87.0	35.0
1393197032458	1787.0	150.0	87.0	35.0
1393197032466	1787.0	150.0	87.0	35.0
1393197032478	1787.0	150.0	87.0	34.0
1393197032489	1787.0	150.0	87.0	34.0
1393197032496	1787.0	151.0	87.0	34.0
1393197032507	1787.0	151.0	87.0	34.0
1393197032515	1787.0	151.0	87.0	34.0
1393197032525	1787.0	151.0	87.0	34.0
1393197032539	1787.0	151.0	87.0	34.0
1393197032545	1787.0	151.0	87.0	34.0
1393197032556	1784.0	151.0	87.0	34.0
1393197032565	1784.0	150.0	87.0	34.0
1393197032575	1784.0	150.0	87.0	34.0
1393197032589	1785.0	151.0	87.0	34.0
1393197032598	1785.0	151.0	87.0	33.0
1393197032606	1785.0	152.0	87.0	33.0
1393197032615	1785.0	152.0	87.0	33.0
1393197032626	1787.0	152.0	87.0	33.0
1393197032639	1787.0	152.0	87.0	33.0
1393197032645	1787.0	151.0	87.0	33.0
1393197032659	1787.0	151.0	87.0	33.0
1393197032666	1789.0	151.0	87.0	33.0
1393197032675	1789.0	152.0	87.0	33.0
1393197032690	1789.0	152.0	87.0	32.0
1393197032696	1789.0	153.0	87.0	31.0
1393197032707	1791.0	154.0	87.0	30.0
1393197032733	1791.0	95.0	63.0	90.0
1393197032741	1792.0	157.0	87.0	27.0
1393197032745	1792.0	159.0	87.0	26.0
1393197032756	1792.0	160.0	87.0	25.0
1393197032765	1792.0	160.0	87.0	24.0
1393197032778	1793.0	160.0	87.0	24.0
1393197032789	1793.0	160.0	87.0	24.0
1393197032796	1793.0	160.0	87.0	24.0
1393197032808	1793.0	160.0	87.0	25.0
1393197032816	1796.0	160.0	87.0	25.0
1393197032826	1796.0	159.0	87.0	25.0
1393197032848	1796.0	160.0	87.0	25.0
1393197032852	1796.0	160.0	87.0	25.0
1393197032856	1796.0	160.0	87.0	24.0
1393197032865	1796.0	161.0	87.0	24.0
1393197032875	1796.0	161.0	87.0	24.0
1393197032885	1796.0	161.0	87.0	24.0
1393197032897	1796.0	161.0	87.0	23.0
1393197032906	1796.0	162.0	87.0	23.0
1393197032918	1796.0	162.0	87.0	22.0
1393197032926	1797.0	163.0	87.0	22.0
1393197032938	1797.0	163.0	87.0	22.0
1393197032945	1797.0	163.0	87.0	22.0
1393197032958	1797.0	163.0	87.0	22.0
1393197032967	1797.0	96.0	63.0	90.0
1393197032977	1797.0	162.0	87.0	22.0
1393197032991	1797.0	162.0	87.0	23.0
1393197032996	1797.0	96.0	63.0	90.0
1393197033021	1794.0	161.0	87.0	24.0
1393197033025	1794.0	87.0	3.0	5.0
1393197033028	1794.0	161.0	87.0	24.0
1393197033041	1794.0	160.0	87.0	24.0
1393197033047	1794.0	161.0	87.0	24.0
1393197033059	1794.0	161.0	87.0	23.0
1393197033067	1794.0	162.0	87.0	23.0
1393197033089	1793.0	163.0	87.0	22.0
1393197033090	1793.0	163.0	87.0	22.0
1393197033096	1793.0	163.0	87.0	22.0
1393197033106	1793.0	163.0	87.0	22.0
1393197033117	1791.0	162.0	87.0	23.0
1393197033126	1791.0	162.0	87.0	23.0
1393197033138	1791.0	161.0	87.0	24.0
1393197033146	1788.0	161.0	87.0	24.0
1393197033155	1788.0	160.0	87.0	24.0
1393197033165	1788.0	161.0	87.0	24.0
1393197033175	1788.0	161.0	87.0	24.0
1393197033187	1789.0	161.0	87.0	23.0
1393197033200	1789.0	162.0	87.0	23.0
1393197033207	1789.0	162.0	87.0	23.0
1393197033217	1789.0	162.0	87.0	23.0
1393197033225	1787.0	162.0	87.0	23.0
1393197033237	1787.0	163.0	86.0	22.0
1393197033246	1787.0	163.0	86.0	22.0
1393197033258	1787.0	163.0	86.0	21.0
1393197033266	1785.0	163.0	86.0	22.0
1393197033276	1785.0	163.0	86.0	22.0
1393197033287	1785.0	163.0	86.0	22.0
1393197033295	1783.0	163.0	86.0	22.0
1393197033306	1783.0	163.0	86.0	21.0
1393197033320	1783.0	164.0	86.0	21.0
1393197033326	1783.0	164.0	86.0	21.0
1393197033338	1780.0	164.0	86.0	21.0
1393197033346	1780.0	164.0	86.0	21.0
1393197033356	1780.0	164.0	86.0	21.0
1393197033366	1780.0	163.0	86.0	21.0
1393197033378	1779.0	163.0	86.0	22.0
1393197033390	1779.0	163.0	86.0	22.0
1393197033396	1779.0	162.0	86.0	22.0
1393197033413	1779.0	162.0	86.0	23.0
1393197033417	1779.0	161.0	86.0	23.0
1393197033427	1779.0	161.0	86.0	24.0
1393197033439	1779.0	161.0	86.0	24.0
1393197033457	1777.0	161.0	86.0	24.0
1393197033485	1777.0	161.0	86.0	24.0
1393197033488	1777.0	161.0	86.0	23.0
1393197033501	1777.0	1.0	3.0	5.0
1393197033505	1777.0	162.0	86.0	23.0
1393197033511	1777.0	162.0	86.0	23.0
1393197033518	1777.0	162.0	86.0	23.0
1393197033526	1776.0	161.0	86.0	23.0
1393197033544	1776.0	161.0	86.0	24.0
1393197033546	1776.0	161.0	86.0	24.0
1393197033558	1776.0	160.0	86.0	25.0
1393197033568	1775.0	160.0	86.0	25.0
1393197033575	1775.0	159.0	86.0	26.0
1393197033585	1775.0	159.0	86.0	26.0
1393197033595	1774.0	159.0	86.0	26.0
1393197033607	1774.0	159.0	86.0	26.0
1393197033621	1774.0	159.0	86.0	26.0
1393197033626	1774.0	159.0	86.0	26.0
1393197033636	1772.0	159.0	86.0	26.0
1393197033646	1772.0	159.0	86.0	26.0
1393197033656	1772.0	159.0	86.0	26.0
1393197033669	1772.0	159.0	86.0	26.0
1393197033678	1773.0	159.0	86.0	26.0
1393197033686	1773.0	158.0	86.0	27.0
1393197033696	1773.0	158.0	86.0	27.0
1393197033707	1773.0	158.0	86.0	27.0
1393197033717	1775.0	157.0	86.0	27.0
1393197033727	1775.0	157.0	86.0	28.0
1393197033739	1775.0	157.0	86.0	27.0
1393197033747	1776.0	158.0	86.0	27.0
1393197033758	1776.0	158.0	86.0	27.0
1393197033779	1776.0	159.0	86.0	26.0
1393197033789	1777.0	159.0	86.0	26.0
1393197033808	1777.0	159.0	86.0	26.0
1393197033817	1777.0	159.0	86.0	26.0
1393197033828	1777.0	160.0	86.0	25.0
1393197033834	1778.0	160.0	86.0	25.0
1393197033839	1778.0	160.0	86.0	25.0
1393197033849	1778.0	160.0	86.0	25.0
1393197033861	1778.0	160.0	86.0	25.0
1393197033870	1778.0	160.0	86.0	24.0
1393197033878	1778.0	160.0	86.0	25.0
1393197033894	1778.0	160.0	86.0	25.0
1393197033899	1778.0	160.0	86.0	25.0
1393197033907	1778.0	160.0	86.0	25.0
1393197033921	1778.0	160.0	86.0	25.0
1393197033926	1778.0	96.0	63.0	90.0
1393197033937	1779.0	160.0	86.0	25.0
1393197033948	1779.0	160.0	86.0	25.0
1393197033958	1779.0	160.0	86.0	24.0
1393197033968	1779.0	160.0	86.0	25.0
1393197033980	1779.0	160.0	86.0	25.0
1393197033990	1779.0	160.0	86.0	24.0
1393197034001	1779.0	160.0	86.0	24.0
1393197034008	1779.0	160.0	86.0	24.0
1393197034034	1779.0	160.0	86.0	24.0
1393197034038	1779.0	160.0	86.0	24.0
1393197034041	1779.0	160.0	86.0	24.0
1393197034084	1779.0	160.0	86.0	24.0
1393197034088	1779.0	161.0	86.0	24.0
1393197034089	1779.0	161.0	86.0	24.0
1393197034090	1779.0	161.0	86.0	24.0
1393197034104	1781.0	161.0	86.0	24.0
1393197034106	1781.0	161.0	86.0	24.0
1393197034107	1781.0	161.0	86.0	24.0
1393197034117	1781.0	161.0	86.0	23.0
1393197034126	1781.0	162.0	86.0	23.0
1393197034140	1781.0	162.0	86.0	23.0
1393197034147	1781.0	162.0	86.0	23.0
1393197034158	1781.0	161.0	86.0	23.0
1393197034167	1781.0	161.0	86.0	24.0
1393197034176	1781.0	161.0	86.0	24.0
1393197034186	1781.0	161.0	86.0	24.0
1393197034197	1782.0	160.0	86.0	24.0
1393197034206	1782.0	160.0	86.0	25.0
1393197034218	1782.0	160.0	86.0	25.0
1393197034226	1782.0	160.0	86.0	25.0
1393197034237	1782.0	160.0	86.0	25.0
1393197034247	1782.0	160.0	86.0	25.0
1393197034257	1782.0	160.0	86.0	25.0
1393197034269	1782.0	160.0	86.0	25.0
1393197034280	1782.0	160.0	86.0	25.0
1393197034286	1782.0	159.0	86.0	25.0
1393197034298	1782.0	159.0	86.0	26.0
1393197034306	1781.0	159.0	86.0	26.0
1393197034318	1781.0	159.0	86.0	25.0
1393197034326	1781.0	159.0	86.0	25.0
1393197034338	1781.0	160.0	86.0	25.0
1393197034347	1782.0	160.0	86.0	25.0
1393197034356	1782.0	160.0	86.0	24.0
1393197034368	1782.0	161.0	86.0	24.0
1393197034376	1782.0	161.0	86.0	24.0
1393197034387	1782.0	161.0	86.0	23.0
1393197034404	1782.0	161.0	86.0	24.0
1393197034406	1782.0	161.0	86.0	24.0
1393197034417	1782.0	160.0	86.0	24.0
1393197034426	1783.0	160.0	86.0	25.0
1393197034444	1783.0	160.0	86.0	25.0
1393197034456	1783.0	159.0	86.0	26.0
1393197034460	1784.0	159.0	86.0	26.0
1393197034474	1784.0	158.0	86.0	26.0
1393197034479	1784.0	158.0	86.0	27.0
1393197034487	1784.0	157.0	86.0	27.0
1393197034500	1782.0	157.0	86.0	27.0
1393197034507	1782.0	157.0	86.0	28.0
1393197034519	1782.0	157.0	86.0	28.0
1393197034526	1782.0	157.0	86.0	28.0
1393197034537	1782.0	157.0	86.0	28.0
1393197034550	1782.0	156.0	86.0	28.0
1393197034557	1782.0	156.0	86.0	29.0
1393197034568	1782.0	156.0	86.0	29.0
1393197034586	1782.0	155.0	86.0	29.0
1393197034587	1782.0	155.0	86.0	29.0
1393197034598	1782.0	155.0	86.0	30.0
1393197034607	1782.0	154.0	86.0	30.0
1393197034617	1782.0	154.0	86.0	30.0
1393197034638	1782.0	2.0	3.0	5.0
1393197034649	1782.0	154.0	86.0	31.0
1393197034650	1783.0	153.0	86.0	31.0
1393197034657	1783.0	153.0	86.0	31.0
1393197034667	1783.0	153.0	86.0	32.0
1393197034677	1783.0	153.0	86.0	32.0
1393197034687	1782.0	152.0	86.0	32.0
1393197034702	1782.0	152.0	86.0	32.0
1393197034709	1782.0	152.0	86.0	32.0
1393197034717	1784.0	152.0	86.0	33.0
1393197034726	1784.0	151.0	86.0	33.0
1393197034736	1784.0	151.0	86.0	33.0
1393197034750	1784.0	151.0	86.0	33.0
1393197034759	1783.0	151.0	86.0	34.0
1393197034770	1783.0	151.0	86.0	33.0
1393197034777	1783.0	152.0	86.0	32.0
1393197034787	1783.0	153.0	86.0	31.0
1393197034798	1778.0	155.0	87.0	30.0
1393197034807	1778.0	156.0	87.0	28.0
1393197034821	1778.0	158.0	87.0	26.0
1393197034829	1778.0	161.0	87.0	24.0
1393197034838	1779.0	163.0	87.0	21.0
1393197034850	1779.0	166.0	87.0	19.0
1393197034858	1779.0	167.0	87.0	17.0
1393197034868	1788.0	168.0	87.0	17.0
1393197034885	1788.0	167.0	87.0	18.0
1393197034888	1788.0	165.0	87.0	19.0
1393197034898	1788.0	164.0	86.0	20.0
1393197034908	1796.0	163.0	86.0	21.0
1393197034919	1796.0	162.0	86.0	23.0
1393197034932	1796.0	161.0	86.0	24.0
1393197034940	1796.0	160.0	86.0	25.0
1393197034950	1799.0	160.0	86.0	25.0
1393197034958	1799.0	159.0	85.0	25.0
1393197034968	1799.0	159.0	86.0	26.0
1393197034978	1799.0	159.0	86.0	25.0
1393197034988	1794.0	160.0	86.0	25.0
1393197035001	1794.0	160.0	86.0	25.0
1393197035008	1794.0	161.0	86.0	24.0
1393197035021	1793.0	160.0	86.0	25.0
1393197035028	1793.0	159.0	86.0	26.0
1393197035038	1793.0	158.0	86.0	27.0
1393197035049	1793.0	157.0	86.0	28.0
1393197035060	1797.0	157.0	86.0	28.0
1393197035068	1797.0	156.0	86.0	29.0
1393197035078	1797.0	156.0	86.0	29.0
1393197035088	1797.0	155.0	86.0	29.0
1393197035101	1797.0	155.0	86.0	29.0
1393197035108	1797.0	155.0	86.0	29.0
1393197035120	1797.0	155.0	86.0	29.0
1393197035130	1797.0	156.0	86.0	29.0
1393197035138	1797.0	156.0	86.0	29.0
1393197035148	1797.0	157.0	86.0	28.0
1393197035158	1797.0	157.0	86.0	28.0
1393197035168	1794.0	157.0	86.0	28.0
1393197035181	1794.0	156.0	86.0	28.0
1393197035189	1794.0	156.0	86.0	29.0
1393197035200	1794.0	155.0	86.0	29.0
1393197035209	1794.0	155.0	86.0	30.0
1393197035218	1794.0	155.0	86.0	30.0
1393197035232	1794.0	155.0	86.0	30.0
1393197035240	1794.0	154.0	86.0	30.0
1393197035251	1794.0	154.0	86.0	31.0
1393197035258	1794.0	153.0	86.0	31.0
1393197035268	1794.0	153.0	86.0	32.0
1393197035281	1794.0	153.0	86.0	32.0
1393197035287	1796.0	153.0	86.0	32.0
1393197035300	1796.0	153.0	86.0	32.0
1393197035308	1796.0	153.0	86.0	32.0
1393197035318	1794.0	154.0	86.0	31.0
1393197035331	1794.0	154.0	86.0	31.0
1393197035338	1794.0	154.0	86.0	30.0
1393197035348	1794.0	154.0	86.0	30.0
1393197035364	1793.0	155.0	86.0	30.0
1393197035368	1793.0	155.0	86.0	30.0
1393197035382	1793.0	155.0	86.0	30.0
1393197035388	1793.0	155.0	86.0	29.0
1393197035409	1791.0	155.0	86.0	29.0
1393197035411	1791.0	155.0	86.0	29.0
1393197035421	1791.0	155.0	86.0	30.0
1393197035431	1791.0	154.0	86.0	30.0
1393197035438	1792.0	154.0	86.0	31.0
1393197035450	1792.0	154.0	86.0	31.0
1393197035458	1792.0	154.0	86.0	31.0
1393197035468	1794.0	154.0	86.0	31.0
1393197035483	1794.0	154.0	86.0	31.0
1393197035488	1794.0	154.0	86.0	31.0
1393197035500	1794.0	154.0	86.0	31.0
1393197035508	1791.0	154.0	86.0	31.0
1393197035518	1791.0	154.0	87.0	30.0
1393197035532	1791.0	154.0	87.0	30.0
1393197035541	1791.0	154.0	87.0	31.0
1393197035550	1790.0	154.0	87.0	30.0
1393197035558	1790.0	155.0	87.0	30.0
1393197035568	1790.0	156.0	87.0	29.0
1393197035581	1790.0	156.0	87.0	28.0
1393197035588	1790.0	156.0	87.0	29.0
1393197035601	1790.0	156.0	87.0	29.0
1393197035608	1790.0	156.0	87.0	28.0
1393197035619	1790.0	157.0	87.0	28.0
1393197035633	1790.0	157.0	87.0	28.0
1393197035638	1790.0	156.0	87.0	28.0
1393197035651	1790.0	156.0	87.0	28.0
1393197035667	1790.0	156.0	87.0	28.0
1393197035670	1790.0	157.0	87.0	28.0
1393197035682	1790.0	157.0	87.0	28.0
1393197035688	1790.0	157.0	87.0	28.0
1393197035712	1789.0	158.0	87.0	27.0
1393197035714	1789.0	158.0	87.0	27.0
1393197035726	1789.0	157.0	87.0	28.0
1393197035729	1787.0	155.0	87.0	29.0
1393197035738	1787.0	155.0	87.0	30.0
1393197035748	1787.0	154.0	87.0	31.0
1393197035758	1787.0	154.0	87.0	31.0
1393197035768	1788.0	153.0	86.0	32.0
1393197035781	1788.0	154.0	86.0	31.0
1393197035790	1788.0	154.0	86.0	31.0
1393197035831	1788.0	155.0	87.0	30.0
1393197035883	1784.0	155.0	87.0	30.0
1393197035884	1784.0	156.0	87.0	29.0
1393197035908	1784.0	156.0	87.0	29.0
