1393196901186	3697.0	179.0	84.0	16.0
1393196901194	3697.0	177.0	84.0	18.0
1393196901204	3694.0	177.0	84.0	18.0
1393196901214	3694.0	179.0	85.0	17.0
1393196901224	3694.0	180.0	85.0	15.0
1393196901234	3700.0	179.0	85.0	14.0
1393196901246	3700.0	179.0	85.0	14.0
1393196901254	3700.0	179.0	84.0	14.0
1393196901264	3700.0	178.0	84.0	13.0
1393196901274	3694.0	178.0	84.0	13.0
1393196901284	3694.0	177.0	84.0	12.0
1393196901294	3694.0	177.0	84.0	12.0
1393196901307	3694.0	177.0	84.0	12.0
1393196901314	3692.0	176.0	84.0	11.0
1393196901324	3692.0	175.0	84.0	10.0
1393196901334	3692.0	175.0	84.0	10.0
1393196901344	3692.0	174.0	84.0	9.0
1393196901354	3692.0	174.0	84.0	9.0
1393196901366	3692.0	176.0	84.0	11.0
1393196901374	3692.0	176.0	84.0	11.0
1393196901384	3691.0	177.0	84.0	12.0
1393196901394	3691.0	177.0	84.0	12.0
1393196901405	3691.0	178.0	84.0	13.0
1393196901417	3691.0	178.0	84.0	13.0
1393196901428	3691.0	177.0	84.0	13.0
1393196901434	3691.0	176.0	84.0	11.0
1393196901445	3691.0	175.0	84.0	10.0
1393196901456	3691.0	174.0	84.0	9.0
1393196901468	3689.0	174.0	85.0	9.0
1393196901481	3689.0	174.0	85.0	10.0
1393196901487	3689.0	175.0	84.0	10.0
1393196901495	3689.0	176.0	84.0	11.0
1393196901505	3692.0	177.0	84.0	13.0
1393196901514	3692.0	178.0	84.0	13.0
1393196901526	3692.0	178.0	84.0	13.0
1393196901534	3690.0	179.0	84.0	14.0
1393196901546	3690.0	179.0	84.0	14.0
1393196901556	3690.0	104.0	44.0	90.0
1393196901564	3690.0	177.0	84.0	12.0
1393196901574	3690.0	177.0	84.0	12.0
1393196901584	3690.0	177.0	84.0	12.0
1393196901594	3690.0	177.0	84.0	12.0
1393196901609	3690.0	177.0	84.0	12.0
1393196901615	3693.0	177.0	84.0	12.0
1393196901678	3693.0	177.0	84.0	12.0
1393196901679	3693.0	177.0	84.0	12.0
1393196901681	3693.0	177.0	84.0	12.0
1393196901682	3688.0	177.0	84.0	12.0
1393196901683	3688.0	177.0	84.0	12.0
1393196901684	3688.0	49.0	18.0	168.0
1393196901685	3689.0	177.0	84.0	12.0
1393196901747	3689.0	177.0	84.0	12.0
1393196901748	3689.0	177.0	84.0	12.0
1393196901750	3689.0	177.0	84.0	12.0
1393196901752	3691.0	177.0	84.0	12.0
1393196901756	3691.0	177.0	84.0	12.0
1393196901758	3691.0	177.0	84.0	12.0
1393196901766	3691.0	95.0	2.0	159.0
1393196901768	3689.0	177.0	84.0	12.0
1393196901776	3689.0	177.0	84.0	12.0
1393196901788	3689.0	177.0	84.0	12.0
1393196901795	3691.0	177.0	84.0	12.0
1393196901810	3691.0	177.0	84.0	12.0
1393196901815	3691.0	177.0	84.0	12.0
1393196901828	3691.0	177.0	84.0	12.0
1393196901836	3692.0	177.0	84.0	12.0
1393196901848	3692.0	177.0	84.0	12.0
1393196901860	3692.0	177.0	84.0	12.0
1393196901866	3692.0	177.0	84.0	12.0
1393196901877	3692.0	176.0	84.0	12.0
1393196901886	3692.0	176.0	84.0	12.0
1393196901899	3692.0	177.0	84.0	12.0
1393196901916	3692.0	177.0	84.0	12.0
1393196901918	3693.0	177.0	84.0	12.0
1393196901926	3693.0	177.0	84.0	12.0
1393196901935	3693.0	177.0	84.0	13.0
1393196901945	3693.0	177.0	84.0	13.0
1393196901957	3693.0	177.0	84.0	12.0
1393196901967	3693.0	177.0	84.0	12.0
1393196901975	3693.0	177.0	84.0	12.0
1393196901985	3689.0	177.0	84.0	12.0
1393196901995	3689.0	177.0	84.0	12.0
1393196902008	3689.0	176.0	84.0	12.0
1393196902015	3689.0	176.0	84.0	12.0
1393196902029	3687.0	176.0	84.0	12.0
1393196902035	3687.0	176.0	84.0	12.0
1393196902046	3687.0	176.0	84.0	12.0
1393196902064	3687.0	176.0	84.0	11.0
1393196902066	3688.0	176.0	84.0	12.0
1393196902075	3688.0	177.0	84.0	12.0
1393196902091	3688.0	177.0	84.0	12.0
1393196902096	3690.0	177.0	84.0	13.0
1393196902110	3690.0	178.0	84.0	13.0
1393196902116	3690.0	179.0	84.0	14.0
1393196902127	3690.0	179.0	84.0	14.0
1393196902136	3691.0	179.0	84.0	15.0
1393196902148	3691.0	89.0	15.0	53.0
1393196902163	3691.0	180.0	84.0	15.0
1393196902166	3691.0	180.0	85.0	15.0
1393196902179	3696.0	180.0	85.0	15.0
1393196902190	3696.0	179.0	85.0	16.0
1393196902201	3696.0	179.0	85.0	16.0
1393196902209	3696.0	178.0	85.0	17.0
1393196902229	3702.0	177.0	85.0	18.0
1393196902236	3702.0	176.0	85.0	19.0
1393196902253	3709.0	176.0	85.0	19.0
1393196902257	3709.0	176.0	85.0	20.0
1393196902268	3709.0	176.0	85.0	20.0
1393196902276	3709.0	176.0	85.0	19.0
1393196902286	3695.0	176.0	85.0	19.0
1393196902296	3695.0	176.0	85.0	19.0
1393196902306	3695.0	176.0	85.0	19.0
1393196902316	3695.0	176.0	85.0	19.0
1393196902328	3701.0	176.0	85.0	19.0
1393196902337	3701.0	175.0	85.0	20.0
1393196902346	3701.0	174.0	85.0	21.0
1393196902364	3701.0	173.0	85.0	22.0
1393196902367	3713.0	172.0	85.0	23.0
1393196902377	3713.0	172.0	85.0	24.0
1393196902394	3713.0	171.0	85.0	24.0
1393196902397	3714.0	172.0	85.0	24.0
1393196902412	3714.0	172.0	85.0	23.0
1393196902417	3714.0	173.0	85.0	23.0
1393196902444	3714.0	173.0	85.0	22.0
1393196902446	3708.0	173.0	85.0	22.0
1393196902449	3708.0	173.0	85.0	23.0
1393196902457	3708.0	172.0	85.0	23.0
1393196902466	3708.0	172.0	85.0	23.0
1393196902476	3711.0	172.0	85.0	23.0
1393196902490	3711.0	172.0	85.0	23.0
1393196902496	3711.0	172.0	85.0	23.0
1393196902509	3711.0	172.0	85.0	23.0
1393196902516	3714.0	172.0	85.0	23.0
1393196902527	3714.0	172.0	85.0	23.0
1393196902547	3705.0	173.0	85.0	23.0
1393196902556	3705.0	173.0	85.0	22.0
1393196902569	3705.0	173.0	85.0	22.0
1393196902576	3705.0	173.0	85.0	22.0
1393196902590	3710.0	172.0	85.0	23.0
1393196902597	3710.0	171.0	85.0	24.0
1393196902607	3710.0	170.0	85.0	25.0
1393196902616	3710.0	170.0	85.0	25.0
1393196902630	3717.0	170.0	85.0	26.0
1393196902640	3717.0	169.0	85.0	26.0
1393196902655	3717.0	169.0	85.0	26.0
1393196902658	3714.0	169.0	85.0	27.0
1393196902667	3714.0	169.0	85.0	26.0
1393196902687	3714.0	169.0	85.0	26.0
1393196902689	3714.0	170.0	85.0	26.0
1393196902697	3711.0	170.0	85.0	25.0
1393196902706	3711.0	170.0	85.0	25.0
1393196902716	3711.0	170.0	85.0	25.0
1393196902726	3711.0	170.0	85.0	26.0
1393196902739	3714.0	169.0	85.0	26.0
1393196902748	3714.0	169.0	85.0	26.0
1393196902758	3714.0	168.0	85.0	27.0
1393196902766	3714.0	167.0	85.0	28.0
1393196902777	3722.0	167.0	85.0	28.0
1393196902791	3722.0	167.0	85.0	29.0
1393196902796	3722.0	166.0	85.0	29.0
1393196902809	3715.0	166.0	85.0	29.0
1393196902817	3715.0	167.0	85.0	28.0
1393196902827	3715.0	167.0	85.0	28.0
1393196902840	3715.0	167.0	85.0	28.0
1393196902847	3714.0	166.0	85.0	29.0
1393196902869	3714.0	166.0	85.0	29.0
1393196902881	3714.0	165.0	85.0	29.0
1393196902898	3715.0	165.0	85.0	30.0
1393196902904	3715.0	165.0	85.0	30.0
1393196902921	3715.0	165.0	85.0	30.0
1393196902923	3715.0	165.0	85.0	30.0
1393196902929	3714.0	165.0	85.0	30.0
1393196902941	3714.0	165.0	85.0	30.0
1393196902946	3714.0	165.0	85.0	30.0
1393196902958	3712.0	165.0	85.0	30.0
1393196902966	3712.0	165.0	85.0	30.0
1393196902979	3712.0	165.0	85.0	30.0
1393196902993	3712.0	164.0	85.0	31.0
1393196902996	3720.0	163.0	85.0	31.0
1393196903010	3720.0	163.0	85.0	32.0
1393196903016	3720.0	162.0	85.0	33.0
1393196903026	3720.0	161.0	85.0	33.0
1393196903046	3726.0	161.0	85.0	34.0
1393196903048	3726.0	161.0	85.0	33.0
1393196903056	3726.0	162.0	85.0	33.0
1393196903069	3726.0	162.0	85.0	33.0
1393196903079	3726.0	161.0	85.0	33.0
1393196903088	3726.0	161.0	85.0	34.0
1393196903096	3726.0	160.0	85.0	34.0
1393196903114	3731.0	160.0	85.0	35.0
1393196903119	3731.0	159.0	85.0	36.0
1393196903127	3731.0	158.0	85.0	36.0
1393196903147	3731.0	158.0	85.0	37.0
1393196903149	3738.0	157.0	85.0	38.0
1393196903156	3738.0	157.0	85.0	38.0
1393196903178	3738.0	157.0	85.0	38.0
1393196903179	3738.0	157.0	85.0	38.0
1393196903187	3734.0	157.0	85.0	38.0
1393196903196	3734.0	157.0	85.0	37.0
1393196903207	3734.0	157.0	85.0	37.0
1393196903219	3734.0	157.0	85.0	37.0
1393196903229	3738.0	157.0	85.0	38.0
1393196903241	3738.0	157.0	85.0	38.0
1393196903248	3738.0	157.0	85.0	38.0
1393196903257	3743.0	156.0	85.0	39.0
1393196903269	3743.0	156.0	85.0	39.0
1393196903276	3743.0	155.0	85.0	40.0
1393196903289	3743.0	155.0	85.0	40.0
1393196903296	3750.0	154.0	85.0	40.0
1393196903308	3750.0	154.0	85.0	40.0
1393196903320	3750.0	154.0	85.0	40.0
1393196903327	3750.0	154.0	85.0	40.0
1393196903341	3748.0	154.0	85.0	40.0
1393196903349	3748.0	154.0	85.0	41.0
1393196903359	3748.0	154.0	85.0	41.0
1393196903368	3748.0	153.0	85.0	41.0
1393196903377	3751.0	153.0	85.0	41.0
1393196903388	3751.0	153.0	85.0	42.0
1393196903396	3751.0	153.0	85.0	41.0
1393196903410	3747.0	153.0	85.0	41.0
1393196903419	3747.0	153.0	85.0	41.0
1393196903427	3747.0	153.0	85.0	41.0
1393196903438	3747.0	153.0	85.0	41.0
1393196903447	3749.0	153.0	85.0	41.0
1393196903457	3749.0	153.0	85.0	42.0
1393196903471	3749.0	153.0	85.0	42.0
1393196903476	3749.0	152.0	85.0	42.0
1393196903487	3751.0	152.0	85.0	43.0
1393196903497	3751.0	152.0	85.0	43.0
1393196903507	3751.0	152.0	85.0	43.0
1393196903528	3752.0	152.0	85.0	43.0
1393196903530	3752.0	152.0	85.0	43.0
1393196903537	3752.0	152.0	85.0	42.0
1393196903547	3752.0	152.0	85.0	42.0
1393196903557	3749.0	152.0	85.0	43.0
1393196903571	3749.0	152.0	85.0	43.0
1393196903577	3749.0	152.0	85.0	43.0
1393196903591	3749.0	151.0	85.0	43.0
1393196903597	3748.0	151.0	85.0	44.0
1393196903607	3748.0	150.0	85.0	44.0
1393196903618	3748.0	150.0	85.0	44.0
1393196903627	3748.0	150.0	85.0	45.0
1393196903637	3752.0	150.0	85.0	45.0
1393196903655	3752.0	150.0	85.0	44.0
1393196903657	3752.0	151.0	85.0	44.0
1393196903671	3752.0	151.0	85.0	44.0
1393196903677	3752.0	151.0	85.0	44.0
1393196903688	3752.0	151.0	85.0	44.0
1393196903697	3752.0	151.0	85.0	43.0
1393196903710	3751.0	151.0	85.0	44.0
1393196903721	3751.0	151.0	85.0	44.0
1393196903730	3751.0	151.0	85.0	44.0
1393196903740	3751.0	151.0	85.0	44.0
1393196903747	3755.0	151.0	85.0	44.0
1393196903763	3755.0	151.0	85.0	44.0
1393196903770	3755.0	151.0	86.0	44.0
1393196903777	3755.0	151.0	86.0	44.0
1393196903810	3757.0	151.0	86.0	44.0
1393196903811	3757.0	151.0	86.0	44.0
1393196903814	3757.0	150.0	86.0	44.0
1393196903817	3763.0	104.0	43.0	90.0
1393196903829	3763.0	149.0	86.0	46.0
1393196903836	3763.0	149.0	86.0	46.0
1393196903846	3763.0	149.0	86.0	46.0
1393196903857	3761.0	149.0	86.0	46.0
1393196903870	3761.0	149.0	86.0	46.0
1393196903877	3761.0	148.0	86.0	46.0
1393196903889	3761.0	148.0	86.0	47.0
1393196903897	3763.0	148.0	86.0	47.0
1393196903907	3763.0	147.0	86.0	48.0
1393196903928	3763.0	147.0	86.0	48.0
1393196903930	3763.0	146.0	86.0	49.0
1393196903937	3765.0	146.0	86.0	49.0
1393196903957	3765.0	146.0	86.0	49.0
1393196903959	3765.0	145.0	86.0	49.0
1393196903969	3768.0	145.0	86.0	50.0
1393196903978	3768.0	145.0	86.0	50.0
1393196903993	3768.0	145.0	86.0	50.0
1393196904000	3768.0	145.0	86.0	50.0
1393196904011	3769.0	145.0	86.0	50.0
1393196904026	3769.0	145.0	86.0	50.0
1393196904029	3769.0	145.0	86.0	50.0
1393196904039	3769.0	145.0	86.0	50.0
1393196904051	3770.0	144.0	86.0	50.0
1393196904061	3770.0	144.0	86.0	51.0
1393196904071	3770.0	144.0	86.0	51.0
1393196904079	3770.0	144.0	86.0	51.0
1393196904094	3770.0	144.0	86.0	51.0
1393196904101	3770.0	143.0	86.0	51.0
1393196904109	3770.0	143.0	86.0	52.0
1393196904126	3768.0	143.0	86.0	52.0
1393196904133	3768.0	143.0	86.0	52.0
1393196904139	3768.0	143.0	86.0	52.0
1393196904149	3768.0	143.0	86.0	52.0
1393196904163	3770.0	143.0	86.0	52.0
1393196904191	3770.0	144.0	86.0	51.0
1393196904194	3770.0	143.0	86.0	52.0
1393196904200	3770.0	44.0	7.0	20.0
1393196904204	3769.0	144.0	86.0	51.0
1393196904210	3769.0	144.0	86.0	51.0
1393196904218	3769.0	144.0	86.0	51.0
1393196904227	3769.0	104.0	44.0	90.0
1393196904237	3772.0	104.0	43.0	90.0
1393196904252	3772.0	144.0	86.0	51.0
1393196904257	3772.0	104.0	43.0	90.0
1393196904274	3769.0	144.0	86.0	51.0
1393196904279	3769.0	144.0	86.0	51.0
1393196904288	3769.0	104.0	43.0	90.0
1393196904298	3769.0	144.0	86.0	51.0
1393196904310	3769.0	144.0	86.0	51.0
1393196904321	3769.0	144.0	86.0	51.0
1393196904330	3769.0	144.0	86.0	51.0
1393196904338	3769.0	144.0	86.0	51.0
1393196904349	3771.0	144.0	86.0	51.0
1393196904360	3771.0	144.0	86.0	51.0
1393196904372	3771.0	143.0	86.0	51.0
1393196904381	3770.0	143.0	86.0	52.0
1393196904395	3770.0	143.0	86.0	51.0
1393196904404	3770.0	144.0	86.0	51.0
1393196904411	3770.0	144.0	86.0	51.0
1393196904427	3770.0	144.0	86.0	51.0
1393196904438	3770.0	163.0	8.0	18.0
1393196904441	3770.0	143.0	86.0	51.0
1393196904460	3770.0	143.0	86.0	52.0
1393196904464	3774.0	143.0	86.0	52.0
1393196904470	3774.0	143.0	86.0	52.0
1393196904480	3774.0	142.0	86.0	52.0
1393196904492	3774.0	142.0	86.0	53.0
1393196904509	3776.0	6.0	49.0	161.0
1393196904511	3776.0	141.0	86.0	54.0
1393196904519	3776.0	140.0	86.0	54.0
1393196904529	3781.0	140.0	86.0	55.0
1393196904539	3781.0	140.0	86.0	55.0
1393196904558	3781.0	144.0	86.0	56.0
1393196904560	3781.0	139.0	86.0	56.0
1393196904573	3783.0	139.0	86.0	56.0
1393196904579	3783.0	138.0	86.0	56.0
1393196904593	3783.0	138.0	86.0	57.0
1393196904605	3783.0	138.0	86.0	57.0
1393196904610	3782.0	138.0	86.0	57.0
1393196904621	3782.0	138.0	86.0	57.0
1393196904631	3782.0	138.0	86.0	57.0
1393196904640	3782.0	138.0	86.0	56.0
1393196904653	3785.0	139.0	87.0	56.0
1393196904658	3785.0	139.0	87.0	55.0
1393196904671	3785.0	140.0	87.0	55.0
1393196904678	3781.0	140.0	87.0	55.0
1393196904688	3781.0	140.0	87.0	54.0
1393196904701	3781.0	140.0	87.0	54.0
1393196904708	3781.0	140.0	87.0	55.0
1393196904719	3788.0	139.0	87.0	55.0
1393196904735	3788.0	139.0	87.0	56.0
1393196904738	3788.0	139.0	87.0	56.0
1393196904751	3788.0	138.0	87.0	56.0
1393196904758	3787.0	138.0	87.0	57.0
1393196904770	3787.0	137.0	87.0	57.0
1393196904778	3787.0	137.0	87.0	58.0
1393196904790	3787.0	137.0	87.0	58.0
1393196904807	3786.0	137.0	87.0	58.0
1393196904846	3786.0	137.0	87.0	58.0
1393196904858	3786.0	137.0	87.0	58.0
1393196904859	3789.0	136.0	87.0	58.0
1393196904860	3789.0	136.0	87.0	59.0
1393196904861	3789.0	135.0	87.0	59.0
1393196904867	3789.0	135.0	87.0	60.0
1393196904872	3791.0	134.0	87.0	61.0
1393196904878	3791.0	134.0	87.0	61.0
1393196904892	3791.0	134.0	87.0	61.0
1393196904901	3791.0	133.0	87.0	61.0
1393196904910	3796.0	133.0	87.0	62.0
1393196904919	3796.0	132.0	87.0	63.0
1393196904927	3796.0	132.0	87.0	63.0
1393196904937	3796.0	132.0	87.0	63.0
1393196904948	3792.0	132.0	87.0	62.0
1393196904957	3792.0	133.0	87.0	62.0
1393196904970	3792.0	133.0	87.0	62.0
1393196904977	3793.0	133.0	87.0	62.0
1393196904988	3793.0	133.0	87.0	62.0
1393196904999	3793.0	133.0	87.0	61.0
1393196905008	3793.0	134.0	87.0	61.0
1393196905018	3795.0	134.0	87.0	61.0
1393196905033	3795.0	134.0	87.0	61.0
1393196905038	3795.0	134.0	87.0	61.0
1393196905050	3795.0	134.0	87.0	61.0
1393196905059	3792.0	134.0	87.0	61.0
1393196905068	3792.0	134.0	87.0	61.0
1393196905080	3792.0	134.0	87.0	61.0
1393196905091	3792.0	134.0	87.0	61.0
1393196905101	3794.0	134.0	87.0	61.0
1393196905108	3794.0	134.0	87.0	61.0
1393196905120	3794.0	134.0	87.0	61.0
1393196905131	3796.0	133.0	87.0	62.0
1393196905170	3796.0	133.0	87.0	62.0
1393196905172	3796.0	133.0	87.0	62.0
1393196905174	3796.0	133.0	87.0	62.0
1393196905176	3799.0	133.0	87.0	62.0
1393196905184	3799.0	133.0	87.0	61.0
1393196905209	3799.0	135.0	87.0	60.0
1393196905211	3799.0	136.0	87.0	59.0
1393196905213	3800.0	137.0	87.0	58.0
1393196905239	3800.0	138.0	87.0	57.0
1393196905241	3800.0	138.0	87.0	57.0
1393196905243	3794.0	138.0	87.0	57.0
1393196905254	3794.0	138.0	87.0	57.0
1393196905258	3794.0	138.0	87.0	57.0
1393196905271	3794.0	138.0	87.0	57.0
1393196905281	3795.0	138.0	87.0	57.0
1393196905288	3795.0	138.0	87.0	57.0
1393196905300	3795.0	138.0	87.0	57.0
1393196905310	3795.0	138.0	87.0	57.0
1393196905321	3794.0	138.0	87.0	57.0
1393196905334	3794.0	138.0	87.0	57.0
1393196905339	3794.0	138.0	87.0	57.0
1393196905360	3794.0	138.0	87.0	57.0
1393196905362	3791.0	138.0	87.0	57.0
1393196905369	3791.0	138.0	87.0	57.0
1393196905379	3791.0	137.0	87.0	57.0
1393196905390	3794.0	137.0	87.0	58.0
1393196905403	3794.0	137.0	87.0	58.0
1393196905408	3794.0	137.0	87.0	58.0
1393196905418	3794.0	137.0	87.0	58.0
1393196905432	3794.0	136.0	87.0	59.0
1393196905438	3794.0	136.0	87.0	58.0
1393196905451	3794.0	137.0	87.0	58.0
1393196905458	3794.0	137.0	87.0	58.0
1393196905468	3794.0	137.0	87.0	58.0
1393196905483	3794.0	137.0	87.0	58.0
1393196905488	3794.0	137.0	87.0	58.0
1393196905499	3794.0	137.0	87.0	58.0
1393196905511	3794.0	136.0	87.0	59.0
1393196905518	3794.0	136.0	87.0	59.0
1393196905536	3794.0	136.0	87.0	59.0
1393196905538	3793.0	136.0	87.0	59.0
1393196905548	3793.0	136.0	87.0	59.0
1393196905558	3793.0	136.0	87.0	59.0
1393196905570	3793.0	136.0	87.0	59.0
1393196905579	3796.0	136.0	87.0	59.0
1393196905588	3796.0	136.0	87.0	59.0
1393196905598	3796.0	136.0	87.0	59.0
1393196905608	3796.0	136.0	87.0	58.0
1393196905618	3793.0	137.0	87.0	58.0
1393196905631	3793.0	137.0	87.0	58.0
1393196905638	3793.0	137.0	87.0	58.0
1393196905648	3793.0	137.0	87.0	58.0
1393196905659	3794.0	137.0	87.0	58.0
1393196905669	3794.0	137.0	87.0	58.0
1393196905682	3794.0	137.0	87.0	58.0
1393196905691	3793.0	137.0	87.0	58.0
1393196905701	3793.0	137.0	87.0	58.0
1393196905709	3793.0	137.0	87.0	58.0
1393196905719	3793.0	137.0	87.0	58.0
1393196905732	3792.0	138.0	87.0	57.0
1393196905739	3792.0	138.0	87.0	57.0
1393196905757	3792.0	139.0	87.0	56.0
1393196905759	3792.0	139.0	87.0	56.0
1393196905768	3793.0	139.0	87.0	56.0
1393196905782	3793.0	139.0	87.0	56.0
1393196905792	3793.0	140.0	87.0	55.0
1393196905802	3793.0	140.0	87.0	55.0
1393196905813	3794.0	140.0	87.0	55.0
1393196905819	3794.0	140.0	87.0	55.0
1393196905889	3794.0	139.0	87.0	56.0
1393196905896	3790.0	139.0	87.0	56.0
1393196905899	3790.0	139.0	87.0	56.0
1393196905900	3790.0	139.0	87.0	56.0
1393196905902	3790.0	139.0	87.0	56.0
1393196905904	3790.0	139.0	87.0	56.0
1393196905905	3790.0	139.0	87.0	56.0
1393196905907	3790.0	139.0	87.0	56.0
1393196905910	3790.0	139.0	87.0	56.0
1393196905920	3789.0	139.0	87.0	56.0
1393196905931	3789.0	138.0	87.0	57.0
1393196905938	3789.0	138.0	87.0	57.0
1393196905949	3789.0	138.0	87.0	57.0
1393196905959	3793.0	138.0	87.0	57.0
1393196905969	3793.0	138.0	87.0	57.0
1393196905981	3793.0	138.0	87.0	57.0
1393196905991	3792.0	138.0	87.0	57.0
1393196905999	3792.0	138.0	87.0	57.0
1393196906011	3792.0	138.0	87.0	57.0
1393196906020	3792.0	138.0	87.0	57.0
1393196906034	3788.0	138.0	87.0	57.0
1393196906039	3788.0	138.0	87.0	57.0
1393196906054	3788.0	138.0	87.0	57.0
1393196906061	3788.0	138.0	87.0	57.0
1393196906069	3788.0	138.0	87.0	57.0
1393196906085	3788.0	138.0	87.0	57.0
1393196906089	3788.0	138.0	87.0	57.0
1393196906099	3788.0	138.0	87.0	57.0
1393196906114	3786.0	138.0	87.0	57.0
1393196906119	3786.0	138.0	87.0	57.0
1393196906131	3786.0	138.0	87.0	57.0
1393196906139	3787.0	138.0	87.0	57.0
1393196906149	3787.0	138.0	87.0	57.0
1393196906159	3787.0	139.0	87.0	56.0
1393196906172	3787.0	139.0	87.0	56.0
1393196906180	3786.0	139.0	87.0	56.0
1393196906189	3786.0	139.0	87.0	56.0
1393196906199	3786.0	139.0	87.0	56.0
1393196906214	3786.0	139.0	87.0	56.0
1393196906220	3788.0	139.0	87.0	56.0
1393196906232	3788.0	139.0	87.0	55.0
1393196906239	3788.0	140.0	87.0	55.0
1393196906249	3788.0	140.0	87.0	55.0
1393196906269	3788.0	140.0	87.0	55.0
1393196906272	3788.0	140.0	87.0	55.0
1393196906282	3788.0	140.0	87.0	55.0
1393196906292	3786.0	140.0	87.0	55.0
1393196906301	3786.0	140.0	87.0	55.0
1393196906311	3786.0	141.0	87.0	54.0
1393196906327	3786.0	141.0	87.0	54.0
1393196906337	3782.0	141.0	87.0	54.0
1393196906342	3782.0	142.0	87.0	53.0
1393196906353	3782.0	142.0	87.0	53.0
1393196906372	3782.0	142.0	87.0	53.0
1393196906376	3783.0	142.0	87.0	53.0
1393196906381	3783.0	142.0	87.0	53.0
1393196906393	3783.0	142.0	87.0	53.0
1393196906402	3784.0	142.0	87.0	53.0
1393196906414	3784.0	142.0	87.0	53.0
1393196906419	3784.0	104.0	43.0	90.0
1393196906432	3784.0	141.0	87.0	54.0
1393196906441	3787.0	141.0	87.0	54.0
1393196906449	3787.0	104.0	43.0	90.0
1393196906464	3787.0	141.0	87.0	54.0
1393196906473	3787.0	141.0	87.0	54.0
1393196906479	3782.0	104.0	43.0	90.0
1393196906489	3782.0	141.0	87.0	54.0
1393196906500	3782.0	104.0	43.0	90.0
1393196906514	3782.0	142.0	87.0	53.0
1393196906521	3783.0	142.0	87.0	53.0
1393196906534	3783.0	142.0	87.0	53.0
1393196906542	3783.0	142.0	87.0	53.0
1393196906551	3784.0	142.0	87.0	53.0
1393196906564	3784.0	142.0	87.0	53.0
1393196906570	3784.0	142.0	87.0	53.0
1393196906580	3784.0	142.0	87.0	53.0
1393196906592	3783.0	142.0	87.0	53.0
1393196906601	3783.0	142.0	87.0	53.0
1393196906614	3783.0	142.0	87.0	53.0
1393196906621	3783.0	142.0	87.0	53.0
1393196906631	3785.0	142.0	87.0	53.0
1393196906640	3785.0	142.0	87.0	53.0
1393196906653	3785.0	142.0	87.0	53.0
1393196906664	3785.0	142.0	87.0	53.0
1393196906670	3784.0	142.0	87.0	53.0
1393196906680	3784.0	142.0	87.0	53.0
1393196906690	3784.0	142.0	87.0	53.0
1393196906716	3782.0	142.0	86.0	52.0
1393196906720	3782.0	104.0	43.0	90.0
1393196906742	3782.0	142.0	86.0	53.0
1393196906744	3786.0	142.0	86.0	53.0
1393196906750	3786.0	104.0	43.0	90.0
1393196906764	3786.0	142.0	87.0	53.0
1393196906773	3786.0	142.0	87.0	53.0
1393196906782	3782.0	142.0	87.0	53.0
1393196906798	3782.0	104.0	43.0	90.0
1393196906808	3782.0	141.0	86.0	54.0
1393196906814	3782.0	141.0	86.0	54.0
1393196906821	3785.0	141.0	87.0	54.0
1393196906839	3785.0	141.0	87.0	54.0
1393196906843	3785.0	141.0	87.0	54.0
1393196906858	3786.0	141.0	87.0	54.0
1393196906864	3786.0	141.0	87.0	54.0
1393196906870	3786.0	141.0	87.0	54.0
1393196906880	3786.0	141.0	87.0	54.0
1393196906895	3782.0	141.0	87.0	53.0
1393196906899	3782.0	142.0	87.0	53.0
1393196906914	3782.0	142.0	87.0	53.0
1393196906919	3782.0	143.0	87.0	52.0
1393196906936	3784.0	143.0	86.0	52.0
1393196906940	3784.0	143.0	86.0	52.0
1393196906952	3784.0	143.0	86.0	52.0
1393196906962	3784.0	143.0	86.0	52.0
1393196906970	3785.0	143.0	86.0	52.0
1393196906981	3785.0	142.0	86.0	53.0
1393196906990	3785.0	142.0	86.0	53.0
1393196907000	3782.0	141.0	86.0	54.0
1393196907012	3782.0	141.0	86.0	54.0
1393196907020	3782.0	141.0	86.0	54.0
1393196907030	3782.0	141.0	86.0	54.0
1393196907040	3785.0	140.0	86.0	54.0
1393196907050	3785.0	140.0	86.0	55.0
1393196907061	3785.0	140.0	86.0	55.0
1393196907073	3785.0	140.0	86.0	54.0
1393196907081	3787.0	141.0	86.0	54.0
1393196907091	3787.0	141.0	86.0	54.0
1393196907101	3787.0	141.0	86.0	54.0
1393196907117	3783.0	141.0	86.0	54.0
1393196907120	3783.0	141.0	86.0	54.0
1393196907134	3783.0	141.0	86.0	54.0
1393196907146	3783.0	141.0	86.0	54.0
1393196907151	3784.0	141.0	86.0	54.0
1393196907162	3784.0	141.0	86.0	54.0
1393196907170	3784.0	142.0	86.0	53.0
1393196907181	3784.0	142.0	86.0	53.0
1393196907195	3780.0	142.0	86.0	53.0
1393196907200	3780.0	142.0	86.0	53.0
1393196907213	3780.0	142.0	86.0	53.0
1393196907220	3780.0	142.0	86.0	53.0
1393196907233	3785.0	142.0	86.0	53.0
1393196907240	3785.0	142.0	86.0	53.0
1393196907253	3785.0	142.0	86.0	53.0
1393196907262	3781.0	142.0	86.0	53.0
1393196907270	3781.0	142.0	86.0	53.0
1393196907281	3781.0	141.0	86.0	53.0
1393196907295	3781.0	142.0	86.0	53.0
1393196907300	3780.0	142.0	86.0	53.0
1393196907314	3780.0	142.0	86.0	53.0
1393196907321	3780.0	142.0	86.0	53.0
1393196907331	3780.0	142.0	86.0	53.0
1393196907351	3783.0	142.0	86.0	53.0
1393196907363	3783.0	142.0	86.0	53.0
1393196907377	3783.0	141.0	86.0	54.0
1393196907385	3781.0	141.0	86.0	54.0
1393196907391	3781.0	141.0	86.0	53.0
1393196907401	3781.0	142.0	86.0	53.0
1393196907412	3781.0	142.0	86.0	53.0
1393196907421	3781.0	142.0	86.0	53.0
1393196907433	3781.0	141.0	86.0	53.0
1393196907444	3781.0	141.0	86.0	54.0
1393196907452	3781.0	141.0	86.0	54.0
1393196907461	3781.0	141.0	86.0	54.0
1393196907471	3781.0	141.0	86.0	54.0
1393196907481	3781.0	140.0	86.0	54.0
1393196907493	3783.0	140.0	86.0	55.0
1393196907502	3783.0	139.0	86.0	55.0
1393196907521	3783.0	139.0	86.0	56.0
1393196907523	3783.0	139.0	86.0	56.0
1393196907531	3787.0	139.0	86.0	56.0
1393196907546	3787.0	139.0	86.0	56.0
1393196907555	3787.0	139.0	86.0	56.0
1393196907568	3784.0	138.0	86.0	57.0
1393196907573	3784.0	138.0	86.0	57.0
1393196907583	3784.0	138.0	86.0	57.0
1393196907598	3784.0	138.0	86.0	57.0
1393196907604	3786.0	138.0	86.0	57.0
1393196907617	3786.0	138.0	86.0	57.0
1393196907621	3786.0	138.0	86.0	57.0
1393196907631	3786.0	138.0	86.0	57.0
1393196907643	3787.0	138.0	86.0	57.0
1393196907651	3787.0	138.0	86.0	57.0
1393196907661	3787.0	138.0	86.0	57.0
1393196907677	3787.0	138.0	86.0	57.0
1393196907681	3784.0	138.0	86.0	57.0
1393196907694	3784.0	138.0	86.0	57.0
1393196907701	3784.0	138.0	86.0	57.0
1393196907714	3789.0	139.0	86.0	56.0
1393196907723	3789.0	139.0	86.0	56.0
1393196907734	3789.0	139.0	86.0	56.0
1393196907744	3789.0	138.0	86.0	57.0
1393196907752	3786.0	139.0	86.0	56.0
1393196907763	3786.0	139.0	86.0	56.0
1393196907771	3786.0	139.0	86.0	56.0
1393196907781	3786.0	139.0	86.0	56.0
1393196907794	3790.0	138.0	86.0	57.0
1393196907801	3790.0	138.0	86.0	57.0
1393196907815	3790.0	138.0	86.0	57.0
1393196907821	3790.0	138.0	86.0	57.0
1393196907831	3790.0	138.0	86.0	57.0
1393196907844	3790.0	138.0	86.0	57.0
1393196907853	3790.0	138.0	86.0	57.0
1393196907861	3790.0	138.0	86.0	57.0
1393196907871	3790.0	138.0	86.0	57.0
1393196907881	3790.0	138.0	86.0	57.0
1393196907894	3790.0	138.0	86.0	57.0
1393196907901	3792.0	138.0	86.0	57.0
1393196907913	3792.0	138.0	86.0	57.0
1393196907921	3792.0	138.0	86.0	57.0
1393196907933	3792.0	138.0	86.0	57.0
1393196907946	3787.0	139.0	86.0	56.0
1393196907951	3787.0	139.0	86.0	56.0
1393196907961	3787.0	139.0	86.0	55.0
1393196907991	3785.0	140.0	86.0	55.0
1393196907994	3785.0	140.0	86.0	55.0
1393196907997	3785.0	140.0	86.0	55.0
1393196908001	3785.0	140.0	86.0	55.0
1393196908011	3782.0	140.0	86.0	55.0
1393196908021	3782.0	140.0	86.0	55.0
1393196908033	3782.0	140.0	86.0	55.0
1393196908041	3782.0	140.0	86.0	55.0
1393196908050	3785.0	140.0	86.0	55.0
1393196908061	3785.0	140.0	86.0	55.0
1393196908073	3785.0	140.0	86.0	55.0
1393196908081	3785.0	140.0	86.0	55.0
1393196908093	3784.0	140.0	86.0	55.0
1393196908101	3784.0	140.0	86.0	55.0
1393196908111	3784.0	140.0	86.0	55.0
1393196908125	3785.0	140.0	86.0	55.0
1393196908132	3785.0	140.0	86.0	55.0
1393196908142	3785.0	140.0	86.0	55.0
1393196908156	3785.0	140.0	86.0	55.0
1393196908161	3783.0	140.0	86.0	55.0
1393196908176	3783.0	140.0	86.0	55.0
1393196908181	3783.0	140.0	86.0	55.0
1393196908192	3783.0	140.0	86.0	55.0
1393196908201	3784.0	140.0	86.0	55.0
1393196908214	3784.0	140.0	86.0	55.0
1393196908226	3784.0	140.0	86.0	55.0
1393196908232	3784.0	140.0	86.0	55.0
1393196908243	3787.0	140.0	86.0	55.0
1393196908251	3787.0	140.0	86.0	55.0
1393196908261	3787.0	139.0	86.0	56.0
1393196908279	3788.0	139.0	86.0	56.0
1393196908283	3788.0	139.0	86.0	56.0
1393196908293	3788.0	139.0	86.0	56.0
1393196908302	3788.0	139.0	86.0	56.0
1393196908312	3786.0	139.0	86.0	56.0
1393196908324	3786.0	139.0	86.0	56.0
1393196908334	3786.0	140.0	86.0	55.0
1393196908342	3786.0	140.0	86.0	55.0
1393196908351	3784.0	140.0	86.0	55.0
1393196908361	3784.0	140.0	86.0	55.0
1393196908375	3784.0	140.0	86.0	55.0
1393196908381	3784.0	140.0	86.0	54.0
1393196908394	3785.0	141.0	86.0	54.0
1393196908401	3785.0	140.0	86.0	55.0
1393196908413	3785.0	140.0	86.0	55.0
1393196908426	3787.0	140.0	86.0	55.0
1393196908432	3787.0	140.0	86.0	55.0
1393196908443	3787.0	140.0	86.0	55.0
1393196908464	3787.0	140.0	86.0	55.0
1393196908466	3789.0	140.0	86.0	55.0
1393196908476	3789.0	139.0	86.0	56.0
1393196908482	3789.0	139.0	86.0	56.0
1393196908493	3789.0	138.0	86.0	57.0
1393196908504	3792.0	138.0	86.0	57.0
1393196908514	3792.0	138.0	86.0	57.0
1393196908525	3792.0	138.0	86.0	57.0
1393196908531	3792.0	138.0	86.0	57.0
1393196908541	3790.0	139.0	86.0	56.0
1393196908551	3790.0	139.0	86.0	56.0
1393196908561	3790.0	139.0	86.0	56.0
1393196908574	3786.0	139.0	86.0	56.0
1393196908581	3786.0	139.0	86.0	56.0
1393196908591	3786.0	139.0	86.0	56.0
1393196908601	3786.0	139.0	86.0	56.0
1393196908611	3785.0	139.0	86.0	56.0
1393196908624	3785.0	139.0	86.0	56.0
1393196908634	3785.0	139.0	86.0	56.0
1393196908642	3785.0	139.0	86.0	56.0
1393196908652	3785.0	140.0	86.0	55.0
1393196908665	3785.0	140.0	86.0	55.0
1393196908672	3785.0	140.0	86.0	55.0
1393196908682	3785.0	140.0	86.0	55.0
1393196908695	3784.0	140.0	86.0	54.0
1393196908702	3784.0	141.0	86.0	54.0
1393196908712	3784.0	141.0	86.0	54.0
1393196908725	3781.0	141.0	86.0	54.0
1393196908732	3781.0	141.0	86.0	54.0
1393196908742	3781.0	141.0	86.0	54.0
1393196908756	3781.0	141.0	86.0	54.0
1393196908763	3783.0	141.0	86.0	54.0
1393196908776	3783.0	141.0	86.0	54.0
1393196908782	3783.0	141.0	86.0	54.0
1393196908793	3783.0	141.0	86.0	54.0
1393196908804	3780.0	142.0	86.0	53.0
1393196908815	3780.0	142.0	86.0	53.0
1393196908824	3780.0	141.0	86.0	54.0
1393196908832	3780.0	141.0	86.0	54.0
1393196908842	3781.0	142.0	86.0	54.0
1393196908854	3781.0	142.0	86.0	53.0
1393196908862	3781.0	142.0	86.0	53.0
1393196908874	3784.0	142.0	86.0	53.0
1393196908882	3784.0	142.0	86.0	53.0
1393196908892	3784.0	142.0	86.0	53.0
1393196908903	3784.0	142.0	86.0	54.0
1393196908914	3782.0	141.0	86.0	54.0
1393196908923	3782.0	141.0	86.0	54.0
1393196908936	3782.0	141.0	86.0	54.0
1393196908942	3782.0	141.0	86.0	54.0
1393196908953	3783.0	142.0	86.0	53.0
1393196908962	3783.0	142.0	86.0	53.0
1393196908973	3783.0	142.0	86.0	53.0
1393196908982	3784.0	142.0	86.0	53.0
1393196908994	3784.0	142.0	86.0	53.0
1393196909006	3784.0	142.0	86.0	53.0
1393196909012	3784.0	141.0	86.0	54.0
1393196909023	3781.0	141.0	86.0	53.0
1393196909032	3781.0	142.0	86.0	53.0
1393196909042	3781.0	142.0	86.0	53.0
1393196909056	3781.0	142.0	86.0	53.0
1393196909071	3781.0	142.0	86.0	53.0
1393196909075	3781.0	142.0	86.0	53.0
1393196909082	3781.0	141.0	86.0	53.0
1393196909092	3781.0	141.0	86.0	54.0
1393196909106	3783.0	141.0	86.0	54.0
1393196909114	3783.0	141.0	86.0	54.0
1393196909122	3783.0	141.0	86.0	54.0
1393196909132	3781.0	142.0	86.0	53.0
1393196909142	3781.0	142.0	86.0	53.0
1393196909156	3781.0	142.0	86.0	53.0
1393196909162	3781.0	142.0	86.0	53.0
1393196909174	3780.0	142.0	86.0	52.0
1393196909182	3780.0	143.0	86.0	52.0
1393196909193	3780.0	143.0	86.0	52.0
1393196909207	3780.0	143.0	86.0	52.0
1393196909212	3777.0	143.0	86.0	52.0
1393196909222	3777.0	143.0	86.0	52.0
1393196909236	3777.0	143.0	86.0	52.0
1393196909242	3777.0	142.0	86.0	53.0
1393196909252	3778.0	142.0	86.0	52.0
1393196909262	3778.0	143.0	86.0	52.0
1393196909272	3778.0	143.0	86.0	52.0
1393196909282	3778.0	143.0	86.0	52.0
1393196909294	3778.0	143.0	86.0	52.0
1393196909303	3778.0	143.0	86.0	52.0
1393196909313	3778.0	143.0	86.0	52.0
1393196909324	3778.0	143.0	86.0	52.0
1393196909334	3778.0	143.0	86.0	52.0
1393196909343	3778.0	143.0	86.0	52.0
1393196909355	3778.0	142.0	86.0	52.0
1393196909363	3777.0	143.0	86.0	52.0
1393196909375	3777.0	143.0	86.0	52.0
1393196909384	3777.0	143.0	86.0	52.0
1393196909393	3777.0	143.0	86.0	52.0
1393196909406	3777.0	143.0	86.0	52.0
1393196909419	3777.0	143.0	86.0	52.0
1393196909430	3777.0	143.0	86.0	52.0
1393196909435	3779.0	142.0	86.0	53.0
1393196909444	3779.0	142.0	86.0	53.0
1393196909457	3779.0	142.0	86.0	53.0
1393196909463	3779.0	142.0	86.0	53.0
1393196909475	3781.0	142.0	86.0	53.0
1393196909483	3781.0	142.0	86.0	52.0
1393196909493	3781.0	143.0	86.0	52.0
1393196909506	3781.0	143.0	86.0	52.0
1393196909514	3779.0	143.0	86.0	52.0
1393196909523	3779.0	143.0	86.0	52.0
1393196909539	3779.0	143.0	86.0	52.0
1393196909543	3779.0	143.0	86.0	52.0
1393196909556	3779.0	143.0	86.0	52.0
1393196909563	3779.0	143.0	86.0	52.0
1393196909573	3779.0	143.0	86.0	52.0
1393196909583	3779.0	143.0	86.0	52.0
1393196909595	3779.0	143.0	86.0	52.0
1393196909605	3779.0	143.0	86.0	52.0
1393196909613	3779.0	143.0	86.0	52.0
1393196909624	3777.0	142.0	86.0	52.0
1393196909635	3777.0	142.0	86.0	53.0
1393196909643	3777.0	142.0	86.0	53.0
1393196909656	3777.0	142.0	86.0	53.0
1393196909664	3778.0	142.0	86.0	53.0
1393196909673	3778.0	142.0	86.0	52.0
1393196909685	3778.0	143.0	86.0	52.0
1393196909693	3778.0	143.0	86.0	52.0
1393196909707	3778.0	143.0	86.0	52.0
1393196909716	3778.0	142.0	86.0	52.0
1393196909725	3778.0	142.0	86.0	52.0
1393196909738	3778.0	142.0	86.0	53.0
1393196909743	3778.0	142.0	86.0	53.0
1393196909757	3778.0	142.0	86.0	53.0
1393196909764	3778.0	142.0	86.0	52.0
1393196909776	3778.0	143.0	86.0	52.0
1393196909783	3778.0	143.0	86.0	52.0
1393196909793	3778.0	143.0	86.0	52.0
1393196909803	3778.0	143.0	86.0	52.0
1393196909813	3779.0	143.0	86.0	52.0
1393196909859	3779.0	143.0	86.0	52.0
1393196909904	3779.0	143.0	86.0	52.0
1393196909905	3776.0	143.0	86.0	52.0
1393196909907	3776.0	143.0	86.0	51.0
1393196909908	3776.0	143.0	86.0	51.0
1393196909910	3776.0	144.0	86.0	51.0
1393196909912	3776.0	3.0	5.0	15.0
1393196909914	3776.0	144.0	86.0	51.0
1393196909919	3776.0	144.0	86.0	51.0
1393196909923	3773.0	144.0	86.0	51.0
1393196909933	3773.0	144.0	86.0	51.0
1393196909945	3773.0	144.0	86.0	51.0
1393196909963	3773.0	144.0	86.0	51.0
1393196909965	3776.0	144.0	86.0	51.0
1393196909973	3776.0	144.0	86.0	51.0
1393196909983	3776.0	144.0	86.0	51.0
1393196909995	3774.0	144.0	86.0	51.0
1393196910005	3774.0	144.0	86.0	51.0
1393196910015	3774.0	144.0	86.0	51.0
1393196910023	3774.0	144.0	86.0	51.0
1393196910033	3775.0	144.0	86.0	51.0
1393196910044	3775.0	144.0	86.0	51.0
1393196910054	3775.0	144.0	86.0	51.0
1393196910062	3775.0	144.0	86.0	51.0
1393196910076	3774.0	144.0	85.0	51.0
1393196910085	3774.0	144.0	85.0	51.0
1393196910093	3774.0	144.0	85.0	51.0
1393196910105	3774.0	144.0	85.0	51.0
1393196910114	3773.0	144.0	85.0	51.0
1393196910123	3773.0	144.0	85.0	51.0
1393196910142	3773.0	144.0	85.0	51.0
1393196910145	3773.0	143.0	85.0	52.0
1393196910157	3773.0	143.0	85.0	52.0
1393196910164	3773.0	143.0	85.0	52.0
1393196910173	3773.0	143.0	85.0	52.0
1393196910187	3774.0	143.0	85.0	52.0
1393196910201	3774.0	143.0	85.0	52.0
1393196910207	3774.0	143.0	85.0	51.0
1393196910213	3774.0	143.0	85.0	51.0
1393196910223	3775.0	143.0	85.0	51.0
1393196910238	3775.0	144.0	85.0	51.0
1393196910243	3775.0	144.0	85.0	51.0
1393196910255	3775.0	144.0	85.0	51.0
1393196910273	3776.0	143.0	85.0	52.0
1393196910285	3776.0	143.0	85.0	52.0
1393196910293	3778.0	143.0	86.0	52.0
1393196910305	3778.0	143.0	86.0	52.0
1393196910321	3778.0	142.0	86.0	53.0
1393196910324	3778.0	142.0	86.0	53.0
1393196910337	3781.0	142.0	86.0	53.0
1393196910344	3781.0	142.0	86.0	53.0
1393196910354	3781.0	142.0	85.0	53.0
1393196910364	3781.0	142.0	85.0	53.0
1393196910376	3775.0	142.0	85.0	53.0
1393196910388	3775.0	142.0	85.0	52.0
1393196910394	3775.0	142.0	85.0	52.0
1393196910404	3775.0	142.0	85.0	52.0
1393196910416	3777.0	143.0	85.0	52.0
1393196910424	3777.0	143.0	85.0	52.0
1393196910437	3777.0	143.0	85.0	52.0
1393196910444	3773.0	143.0	85.0	52.0
1393196910458	3773.0	143.0	85.0	52.0
1393196910467	3773.0	143.0	85.0	52.0
1393196910476	3773.0	143.0	85.0	52.0
1393196910490	3775.0	143.0	85.0	52.0
1393196910505	3775.0	144.0	85.0	51.0
1393196910510	3775.0	144.0	85.0	51.0
1393196910526	3775.0	119.0	2.0	20.0
1393196910529	3771.0	144.0	85.0	50.0
1393196910537	3771.0	145.0	85.0	50.0
1393196910563	3771.0	145.0	85.0	50.0
1393196910567	3771.0	145.0	85.0	50.0
1393196910590	3771.0	145.0	85.0	50.0
1393196910596	3771.0	146.0	85.0	49.0
1393196910599	3768.0	146.0	85.0	49.0
1393196910609	3768.0	146.0	85.0	49.0
1393196910619	3768.0	147.0	85.0	48.0
1393196910623	3768.0	147.0	85.0	48.0
1393196910636	3764.0	147.0	85.0	47.0
1393196910643	3764.0	148.0	85.0	47.0
1393196910655	3764.0	148.0	85.0	47.0
1393196910664	3764.0	148.0	85.0	47.0
1393196910676	3766.0	148.0	85.0	47.0
1393196910688	3766.0	149.0	85.0	46.0
1393196910694	3766.0	149.0	85.0	46.0
1393196910705	3766.0	149.0	85.0	46.0
1393196910723	3765.0	149.0	85.0	46.0
1393196910725	3765.0	149.0	85.0	46.0
1393196910739	3765.0	149.0	85.0	46.0
1393196910744	3762.0	149.0	85.0	45.0
1393196910757	3762.0	150.0	85.0	45.0
1393196910773	3762.0	150.0	85.0	45.0
1393196910776	3762.0	150.0	85.0	45.0
1393196910788	3763.0	150.0	85.0	45.0
1393196910798	3763.0	150.0	85.0	45.0
1393196910808	3763.0	150.0	85.0	45.0
1393196910875	3763.0	150.0	85.0	45.0
1393196910877	3763.0	150.0	85.0	45.0
1393196910878	3763.0	150.0	85.0	45.0
1393196910880	3763.0	150.0	85.0	45.0
1393196910881	3762.0	150.0	85.0	45.0
1393196910883	3762.0	120.0	69.0	105.0
1393196910884	3762.0	150.0	85.0	45.0
1393196910888	3762.0	150.0	85.0	45.0
1393196910893	3759.0	150.0	85.0	45.0
1393196910905	3759.0	150.0	85.0	45.0
1393196910921	3759.0	150.0	85.0	45.0
1393196910923	3759.0	150.0	85.0	45.0
1393196910935	3759.0	150.0	85.0	45.0
1393196910944	3759.0	150.0	85.0	45.0
1393196910953	3759.0	150.0	85.0	45.0
1393196910965	3759.0	150.0	85.0	45.0
1393196910977	3755.0	150.0	85.0	45.0
1393196910988	3755.0	150.0	85.0	45.0
1393196910994	3755.0	104.0	44.0	90.0
1393196911004	3755.0	150.0	85.0	45.0
1393196911019	3755.0	150.0	85.0	45.0
1393196911024	3755.0	150.0	85.0	45.0
1393196911038	3755.0	150.0	85.0	45.0
1393196911044	3757.0	150.0	85.0	45.0
1393196911054	3757.0	150.0	85.0	45.0
1393196911070	3757.0	150.0	85.0	45.0
1393196911077	3757.0	150.0	85.0	45.0
1393196911106	3761.0	150.0	85.0	45.0
1393196911107	3761.0	150.0	85.0	45.0
1393196911114	3761.0	150.0	85.0	45.0
1393196911125	3760.0	150.0	85.0	45.0
1393196911138	3760.0	150.0	85.0	45.0
1393196911144	3760.0	150.0	85.0	45.0
1393196911156	3757.0	150.0	85.0	45.0
1393196911169	3757.0	150.0	85.0	45.0
1393196911174	3757.0	150.0	85.0	45.0
1393196911205	3757.0	150.0	85.0	45.0
1393196911207	3758.0	150.0	85.0	45.0
1393196911209	3758.0	150.0	85.0	45.0
1393196911217	3758.0	150.0	85.0	45.0
1393196911224	3758.0	150.0	85.0	45.0
1393196911234	3755.0	150.0	85.0	45.0
1393196911243	3755.0	150.0	85.0	45.0
1393196911256	3755.0	150.0	85.0	45.0
1393196911265	3755.0	150.0	85.0	44.0
1393196911276	3756.0	150.0	85.0	44.0
1393196911284	3756.0	151.0	85.0	44.0
1393196911294	3756.0	151.0	85.0	44.0
1393196911304	3752.0	151.0	85.0	44.0
1393196911314	3752.0	151.0	85.0	44.0
1393196911329	3752.0	151.0	85.0	44.0
1393196911337	3752.0	151.0	85.0	44.0
1393196911347	3751.0	151.0	85.0	44.0
1393196911355	3751.0	150.0	85.0	45.0
1393196911368	3751.0	150.0	85.0	45.0
1393196911374	3751.0	150.0	85.0	45.0
1393196911385	3756.0	150.0	85.0	45.0
1393196911398	3756.0	150.0	85.0	45.0
1393196911404	3756.0	150.0	85.0	45.0
1393196911418	3756.0	150.0	85.0	45.0
1393196911424	3753.0	150.0	85.0	45.0
1393196911435	3753.0	149.0	85.0	45.0
1393196911445	3753.0	149.0	85.0	45.0
1393196911457	3753.0	149.0	85.0	45.0
1393196911465	3753.0	150.0	85.0	45.0
1393196911475	3753.0	150.0	85.0	45.0
1393196911485	3753.0	150.0	85.0	45.0
1393196911496	3752.0	150.0	84.0	45.0
1393196911505	3752.0	150.0	84.0	44.0
1393196911517	3752.0	151.0	84.0	44.0
1393196911526	3752.0	151.0	85.0	44.0
1393196911535	3753.0	151.0	85.0	44.0
1393196911545	3753.0	151.0	85.0	44.0
1393196911555	3753.0	151.0	85.0	44.0
1393196911567	3753.0	151.0	85.0	44.0
1393196911579	3750.0	151.0	84.0	44.0
1393196911586	3750.0	151.0	84.0	43.0
1393196911595	3750.0	151.0	84.0	43.0
1393196911606	3746.0	151.0	85.0	44.0
1393196911615	3746.0	151.0	85.0	44.0
1393196911624	3746.0	151.0	85.0	44.0
1393196911638	3746.0	151.0	85.0	43.0
1393196911645	3751.0	152.0	85.0	43.0
1393196911655	3751.0	152.0	85.0	43.0
1393196911667	3751.0	152.0	85.0	43.0
1393196911675	3751.0	152.0	85.0	43.0
1393196911685	3749.0	152.0	85.0	43.0
1393196911700	3749.0	151.0	85.0	43.0
1393196911704	3749.0	151.0	85.0	44.0
1393196911717	3748.0	151.0	85.0	44.0
1393196911725	3748.0	151.0	85.0	44.0
1393196911735	3748.0	151.0	85.0	44.0
1393196911745	3748.0	151.0	85.0	44.0
1393196911757	3745.0	151.0	85.0	44.0
1393196911768	3745.0	151.0	85.0	44.0
1393196911774	3745.0	151.0	85.0	44.0
1393196911785	3745.0	151.0	85.0	44.0
1393196911795	3752.0	151.0	85.0	43.0
1393196911805	3752.0	151.0	85.0	43.0
1393196911817	3752.0	151.0	85.0	43.0
1393196911835	3753.0	151.0	85.0	44.0
1393196911857	3753.0	151.0	85.0	44.0
1393196911859	3753.0	151.0	85.0	44.0
1393196911865	3753.0	151.0	85.0	44.0
1393196911877	3753.0	151.0	85.0	44.0
1393196911885	3753.0	151.0	85.0	44.0
1393196911901	3753.0	151.0	85.0	44.0
1393196911905	3751.0	151.0	85.0	44.0
1393196911930	3751.0	151.0	85.0	44.0
1393196911932	3751.0	151.0	85.0	44.0
1393196911938	3751.0	151.0	85.0	44.0
1393196911950	3752.0	150.0	85.0	44.0
1393196911955	3752.0	150.0	85.0	44.0
1393196911966	3752.0	150.0	85.0	44.0
1393196911975	3752.0	151.0	85.0	44.0
1393196911985	3750.0	151.0	85.0	44.0
1393196911999	3750.0	151.0	85.0	44.0
1393196912005	3750.0	152.0	85.0	43.0
1393196912016	3747.0	152.0	85.0	43.0
1393196912025	3747.0	152.0	85.0	43.0
1393196912035	3747.0	152.0	85.0	43.0
1393196912048	3747.0	152.0	85.0	43.0
1393196912057	3747.0	152.0	84.0	43.0
1393196912066	3747.0	152.0	84.0	43.0
1393196912077	3747.0	152.0	84.0	43.0
1393196912085	3747.0	152.0	84.0	43.0
1393196912099	3744.0	152.0	85.0	43.0
1393196912105	3744.0	152.0	85.0	43.0
1393196912118	3744.0	152.0	85.0	43.0
1393196912125	3744.0	152.0	85.0	42.0
1393196912135	3742.0	153.0	85.0	42.0
1393196912148	3742.0	153.0	84.0	42.0
1393196912156	3742.0	153.0	84.0	42.0
1393196912165	3741.0	153.0	84.0	42.0
1393196912177	3741.0	153.0	85.0	41.0
1393196912185	3741.0	154.0	85.0	41.0
1393196912196	3741.0	154.0	84.0	41.0
1393196912206	3742.0	154.0	84.0	41.0
1393196912215	3742.0	154.0	84.0	41.0
1393196912225	3742.0	154.0	85.0	41.0
1393196912238	3742.0	154.0	85.0	41.0
1393196912245	3744.0	154.0	85.0	41.0
1393196912255	3744.0	153.0	84.0	41.0
1393196912265	3744.0	153.0	84.0	41.0
1393196912277	3744.0	153.0	84.0	41.0
1393196912286	3739.0	153.0	84.0	41.0
1393196912298	3739.0	153.0	84.0	41.0
1393196912305	3739.0	153.0	84.0	41.0
1393196912317	3742.0	153.0	84.0	41.0
1393196912325	3742.0	153.0	84.0	41.0
1393196912335	3742.0	153.0	84.0	41.0
1393196912347	3742.0	153.0	84.0	41.0
1393196912358	3741.0	154.0	84.0	41.0
1393196912370	3741.0	154.0	84.0	41.0
1393196912378	3741.0	154.0	84.0	41.0
1393196912387	3741.0	154.0	84.0	41.0
1393196912403	3745.0	153.0	84.0	41.0
1393196912407	3745.0	104.0	43.0	90.0
1393196912418	3745.0	153.0	84.0	42.0
1393196912428	3745.0	153.0	84.0	42.0
1393196912457	3745.0	153.0	84.0	42.0
1393196912459	3745.0	153.0	84.0	42.0
1393196912463	3745.0	153.0	84.0	42.0
1393196912467	3741.0	153.0	84.0	42.0
1393196912499	3741.0	153.0	84.0	42.0
1393196912501	3741.0	153.0	84.0	42.0
1393196912511	3741.0	153.0	84.0	42.0
1393196912512	3744.0	153.0	84.0	42.0
1393196912515	3744.0	153.0	84.0	42.0
1393196912526	3744.0	153.0	84.0	42.0
1393196912537	3744.0	153.0	84.0	42.0
1393196912547	3743.0	153.0	84.0	42.0
1393196912556	3743.0	153.0	84.0	42.0
1393196912566	3743.0	153.0	84.0	42.0
1393196912576	3743.0	153.0	84.0	42.0
1393196912586	3747.0	153.0	84.0	42.0
1393196912598	3747.0	152.0	84.0	42.0
1393196912606	3747.0	152.0	84.0	43.0
1393196912616	3745.0	152.0	84.0	43.0
1393196912626	3745.0	152.0	84.0	42.0
1393196912636	3745.0	153.0	84.0	42.0
1393196912646	3745.0	153.0	84.0	42.0
1393196912658	3743.0	153.0	84.0	42.0
1393196912666	3743.0	153.0	84.0	42.0
1393196912680	3743.0	153.0	84.0	42.0
1393196912687	3743.0	153.0	84.0	42.0
1393196912696	3743.0	153.0	84.0	42.0
1393196912706	3743.0	153.0	84.0	42.0
1393196912718	3743.0	152.0	84.0	43.0
1393196912729	3744.0	152.0	84.0	43.0
1393196912737	3744.0	152.0	84.0	43.0
1393196912748	3744.0	153.0	84.0	42.0
1393196912756	3744.0	153.0	84.0	42.0
1393196912767	3743.0	153.0	84.0	42.0
1393196912781	3743.0	153.0	84.0	42.0
1393196912786	3743.0	153.0	84.0	42.0
1393196912799	3743.0	153.0	84.0	42.0
1393196912806	3746.0	153.0	84.0	42.0
1393196912816	3746.0	153.0	84.0	42.0
1393196912829	3746.0	153.0	84.0	42.0
1393196912838	3746.0	153.0	84.0	42.0
1393196912846	3744.0	153.0	84.0	42.0
1393196912856	3744.0	153.0	84.0	42.0
1393196912867	3744.0	153.0	84.0	42.0
1393196912880	3745.0	153.0	84.0	42.0
1393196912886	3745.0	153.0	84.0	42.0
1393196912899	3745.0	153.0	84.0	41.0
1393196912906	3745.0	153.0	84.0	41.0
1393196912916	3742.0	153.0	84.0	41.0
1393196912937	3742.0	153.0	84.0	41.0
1393196912938	3742.0	153.0	84.0	41.0
1393196912946	3742.0	153.0	84.0	42.0
1393196912966	3742.0	153.0	84.0	42.0
1393196912968	3742.0	153.0	84.0	42.0
1393196912980	3742.0	153.0	84.0	42.0
1393196912986	3742.0	153.0	84.0	42.0
1393196912998	3741.0	153.0	84.0	41.0
1393196913006	3741.0	154.0	84.0	41.0
1393196913019	3741.0	154.0	84.0	41.0
1393196913027	3738.0	154.0	84.0	41.0
1393196913037	3738.0	154.0	84.0	41.0
1393196913048	3738.0	154.0	84.0	41.0
1393196913057	3738.0	154.0	84.0	41.0
1393196913066	3740.0	154.0	84.0	41.0
1393196913079	3740.0	154.0	84.0	41.0
1393196913086	3740.0	154.0	84.0	41.0
1393196913097	3740.0	154.0	84.0	41.0
1393196913117	3739.0	153.0	84.0	41.0
1393196913134	3739.0	153.0	84.0	41.0
1393196913139	3739.0	153.0	84.0	41.0
1393196913147	3739.0	153.0	84.0	41.0
1393196913158	3739.0	154.0	84.0	41.0
1393196913168	3739.0	154.0	84.0	41.0
1393196913179	3737.0	154.0	84.0	41.0
1393196913187	3737.0	154.0	84.0	41.0
1393196913200	3737.0	154.0	84.0	40.0
1393196913207	3737.0	154.0	84.0	40.0
1393196913219	3738.0	154.0	84.0	41.0
1393196913228	3738.0	154.0	84.0	41.0
1393196913237	3738.0	154.0	84.0	41.0
1393196913247	3738.0	154.0	84.0	41.0
1393196913261	3740.0	153.0	84.0	41.0
1393196913266	3740.0	153.0	84.0	41.0
1393196913278	3740.0	153.0	84.0	41.0
1393196913287	3740.0	154.0	84.0	41.0
1393196913297	3739.0	154.0	84.0	41.0
1393196913307	3739.0	154.0	84.0	41.0
1393196913319	3739.0	154.0	84.0	41.0
1393196913328	3741.0	154.0	84.0	41.0
1393196913337	3741.0	154.0	84.0	41.0
1393196913347	3741.0	154.0	84.0	41.0
1393196913359	3741.0	154.0	84.0	41.0
1393196913369	3738.0	154.0	84.0	41.0
1393196913379	3738.0	153.0	84.0	41.0
1393196913387	3738.0	153.0	84.0	42.0
1393196913397	3738.0	153.0	84.0	42.0
1393196913408	3740.0	153.0	84.0	42.0
1393196913417	3740.0	153.0	84.0	42.0
1393196913428	3740.0	153.0	84.0	42.0
1393196913439	3740.0	153.0	84.0	42.0
1393196913447	3739.0	153.0	84.0	42.0
1393196913457	3739.0	153.0	84.0	42.0
1393196913467	3739.0	153.0	84.0	42.0
1393196913478	3741.0	153.0	84.0	42.0
1393196913487	3741.0	153.0	84.0	42.0
1393196913499	3741.0	153.0	84.0	42.0
1393196913508	3741.0	153.0	84.0	42.0
1393196913517	3737.0	153.0	84.0	42.0
1393196913529	3737.0	153.0	84.0	42.0
1393196913537	3737.0	153.0	84.0	42.0
1393196913555	3737.0	153.0	84.0	42.0
1393196913565	3740.0	153.0	84.0	42.0
1393196913573	3740.0	153.0	84.0	42.0
1393196913577	3740.0	153.0	84.0	42.0
1393196913587	3739.0	153.0	84.0	42.0
1393196913598	3739.0	153.0	84.0	42.0
1393196913611	3739.0	153.0	84.0	42.0
1393196913618	3739.0	153.0	84.0	41.0
1393196913628	3737.0	153.0	84.0	41.0
1393196913636	3737.0	154.0	84.0	41.0
1393196913646	3737.0	154.0	84.0	41.0
1393196913660	3737.0	154.0	84.0	41.0
1393196913667	3734.0	154.0	84.0	40.0
1393196913679	3734.0	155.0	84.0	40.0
1393196913687	3734.0	155.0	84.0	40.0
1393196913697	3734.0	154.0	84.0	40.0
1393196913710	3735.0	154.0	84.0	40.0
1393196913717	3735.0	154.0	84.0	40.0
1393196913727	3735.0	155.0	84.0	40.0
1393196913743	3738.0	155.0	84.0	40.0
1393196913763	3738.0	155.0	84.0	40.0
1393196913768	3738.0	155.0	84.0	40.0
1393196913783	3737.0	155.0	84.0	40.0
1393196913787	3737.0	155.0	84.0	40.0
1393196913799	3737.0	155.0	84.0	40.0
1393196913809	3737.0	155.0	84.0	40.0
1393196913817	3737.0	155.0	84.0	40.0
1393196913827	3737.0	155.0	84.0	40.0
1393196913837	3737.0	155.0	84.0	40.0
1393196913848	3737.0	155.0	84.0	40.0
1393196913859	3734.0	155.0	84.0	40.0
1393196913866	3734.0	155.0	84.0	40.0
1393196913877	3734.0	155.0	84.0	40.0
1393196913887	3738.0	155.0	84.0	40.0
1393196913898	3738.0	155.0	84.0	40.0
1393196913919	3738.0	154.0	84.0	40.0
1393196913920	3738.0	154.0	84.0	41.0
1393196913929	3737.0	154.0	84.0	41.0
1393196913938	3737.0	154.0	84.0	41.0
1393196913947	3737.0	154.0	84.0	41.0
1393196913960	3737.0	154.0	84.0	41.0
1393196913967	3738.0	154.0	84.0	40.0
1393196913979	3738.0	155.0	84.0	40.0
1393196913987	3738.0	155.0	84.0	40.0
1393196913997	3738.0	155.0	84.0	40.0
1393196914009	3738.0	155.0	84.0	40.0
1393196914017	3738.0	155.0	84.0	40.0
1393196914027	3738.0	155.0	84.0	40.0
1393196914043	3737.0	155.0	84.0	40.0
1393196914049	3737.0	155.0	84.0	40.0
1393196914059	3737.0	155.0	84.0	40.0
1393196914068	3737.0	155.0	84.0	40.0
1393196914077	3738.0	155.0	84.0	40.0
1393196914087	3738.0	155.0	84.0	40.0
1393196914100	3738.0	155.0	84.0	40.0
1393196914109	3738.0	155.0	84.0	40.0
1393196914117	3734.0	155.0	84.0	40.0
1393196914127	3734.0	155.0	84.0	40.0
1393196914137	3734.0	155.0	84.0	40.0
1393196914148	3734.0	154.0	84.0	40.0
1393196914159	3737.0	154.0	84.0	41.0
1393196914167	3737.0	154.0	84.0	41.0
1393196914178	3737.0	154.0	84.0	41.0
1393196914187	3738.0	154.0	84.0	41.0
1393196914198	3738.0	154.0	84.0	41.0
1393196914208	3738.0	154.0	84.0	41.0
1393196914219	3738.0	154.0	84.0	41.0
1393196914227	3737.0	154.0	84.0	41.0
1393196914237	3737.0	153.0	84.0	41.0
1393196914248	3737.0	153.0	84.0	41.0
1393196914258	3737.0	153.0	84.0	41.0
1393196914267	3737.0	153.0	84.0	41.0
1393196914280	3737.0	154.0	84.0	41.0
1393196914287	3737.0	154.0	84.0	41.0
1393196914298	3737.0	154.0	84.0	41.0
1393196914316	3736.0	154.0	84.0	41.0
1393196914320	3736.0	154.0	84.0	41.0
1393196914329	3736.0	154.0	84.0	41.0
1393196914344	3735.0	154.0	84.0	41.0
1393196914347	3735.0	154.0	84.0	41.0
1393196914360	3735.0	154.0	84.0	41.0
1393196914367	3735.0	153.0	84.0	41.0
1393196914377	3736.0	153.0	84.0	41.0
1393196914399	3736.0	153.0	84.0	41.0
1393196914416	3736.0	3.0	5.0	15.0
1393196914418	3737.0	154.0	84.0	41.0
1393196914427	3737.0	154.0	84.0	41.0
1393196914442	3737.0	104.0	44.0	90.0
1393196914447	3734.0	154.0	84.0	41.0
1393196914460	3734.0	154.0	84.0	41.0
1393196914467	3734.0	154.0	84.0	41.0
1393196914477	3734.0	154.0	84.0	41.0
1393196914491	3731.0	154.0	84.0	41.0
1393196914497	3731.0	154.0	84.0	41.0
1393196914508	3731.0	154.0	84.0	41.0
1393196914519	3731.0	154.0	84.0	41.0
1393196914527	3733.0	154.0	84.0	41.0
1393196914541	3733.0	154.0	84.0	41.0
1393196914547	3733.0	154.0	84.0	41.0
1393196914558	3733.0	154.0	84.0	41.0
1393196914567	3730.0	154.0	84.0	41.0
1393196914580	3730.0	154.0	84.0	41.0
1393196914591	3730.0	154.0	84.0	41.0
1393196914597	3733.0	154.0	84.0	40.0
1393196914608	3733.0	154.0	84.0	40.0
1393196914617	3733.0	155.0	84.0	40.0
1393196914627	3733.0	155.0	84.0	40.0
1393196914641	3731.0	155.0	84.0	40.0
1393196914647	3731.0	155.0	84.0	40.0
1393196914658	3731.0	155.0	84.0	40.0
1393196914667	3731.0	155.0	84.0	40.0
1393196914682	3731.0	155.0	84.0	40.0
1393196914691	3731.0	155.0	84.0	40.0
1393196914700	3731.0	155.0	84.0	40.0
1393196914708	3731.0	155.0	84.0	39.0
1393196914718	3725.0	155.0	84.0	39.0
1393196914733	3725.0	155.0	84.0	40.0
1393196914741	3725.0	155.0	84.0	40.0
1393196914748	3729.0	155.0	84.0	40.0
1393196914760	3729.0	155.0	84.0	40.0
1393196914767	3729.0	155.0	84.0	40.0
1393196914777	3729.0	155.0	84.0	40.0
1393196914789	3727.0	154.0	84.0	40.0
1393196914797	3727.0	154.0	84.0	41.0
1393196914808	3727.0	154.0	84.0	41.0
1393196914820	3727.0	154.0	84.0	40.0
1393196914828	3729.0	155.0	84.0	40.0
1393196914838	3729.0	155.0	84.0	40.0
1393196914848	3729.0	155.0	84.0	40.0
1393196914860	3729.0	155.0	84.0	40.0
1393196914895	3726.0	155.0	84.0	40.0
1393196914910	3726.0	155.0	84.0	40.0
1393196914911	3726.0	155.0	84.0	40.0
1393196914912	3726.0	155.0	84.0	40.0
1393196914915	3726.0	155.0	84.0	40.0
1393196914917	3726.0	155.0	84.0	40.0
1393196914928	3726.0	155.0	84.0	40.0
1393196914941	3723.0	155.0	84.0	40.0
1393196914947	3723.0	104.0	44.0	90.0
1393196914958	3723.0	155.0	83.0	40.0
1393196914969	3723.0	155.0	83.0	40.0
1393196914978	3723.0	155.0	84.0	40.0
1393196914989	3723.0	155.0	84.0	40.0
1393196915000	3723.0	155.0	84.0	40.0
1393196915008	3723.0	155.0	84.0	39.0
1393196915018	3724.0	155.0	84.0	39.0
1393196915051	3724.0	156.0	84.0	39.0
1393196915054	3726.0	156.0	84.0	39.0
1393196915060	3726.0	156.0	84.0	39.0
1393196915068	3726.0	156.0	84.0	39.0
1393196915078	3726.0	156.0	84.0	39.0
1393196915089	3725.0	156.0	84.0	39.0
1393196915098	3725.0	156.0	84.0	39.0
1393196915108	3725.0	156.0	84.0	39.0
1393196915123	3725.0	156.0	84.0	39.0
1393196915129	3723.0	156.0	84.0	39.0
1393196915140	3723.0	155.0	84.0	39.0
1393196915148	3723.0	155.0	84.0	40.0
1393196915158	3723.0	155.0	84.0	40.0
1393196915169	3722.0	155.0	84.0	40.0
1393196915181	3722.0	155.0	84.0	40.0
1393196915191	3722.0	155.0	84.0	40.0
1393196915198	3725.0	155.0	84.0	40.0
1393196915208	3725.0	155.0	84.0	40.0
1393196915218	3725.0	155.0	84.0	40.0
1393196915228	3725.0	155.0	84.0	40.0
1393196915240	3723.0	155.0	83.0	40.0
1393196915248	3723.0	155.0	83.0	40.0
1393196915259	3723.0	155.0	83.0	40.0
1393196915268	3723.0	155.0	83.0	40.0
1393196915278	3722.0	155.0	83.0	40.0
1393196915290	3722.0	155.0	83.0	40.0
1393196915300	3722.0	155.0	83.0	40.0
1393196915309	3722.0	156.0	83.0	39.0
1393196915326	3723.0	156.0	83.0	39.0
1393196915329	3723.0	156.0	84.0	39.0
1393196915343	3723.0	156.0	84.0	39.0
1393196915349	3728.0	156.0	84.0	39.0
1393196915362	3728.0	155.0	84.0	39.0
1393196915376	3728.0	155.0	84.0	40.0
1393196915379	3728.0	155.0	84.0	40.0
1393196915394	3729.0	155.0	84.0	40.0
1393196915399	3729.0	155.0	84.0	40.0
1393196915411	3729.0	155.0	84.0	40.0
1393196915427	3729.0	155.0	84.0	40.0
1393196915430	3729.0	155.0	84.0	40.0
1393196915444	3729.0	155.0	84.0	40.0
1393196915449	3729.0	155.0	83.0	40.0
1393196915459	3728.0	155.0	83.0	40.0
1393196915475	3728.0	155.0	83.0	40.0
1393196915481	3728.0	155.0	83.0	40.0
1393196915489	3728.0	155.0	83.0	40.0
1393196915499	3724.0	155.0	83.0	40.0
1393196915509	3724.0	155.0	83.0	40.0
1393196915520	3724.0	155.0	83.0	40.0
1393196915529	3724.0	155.0	83.0	40.0
1393196915542	3723.0	155.0	83.0	40.0
1393196915549	3723.0	155.0	83.0	40.0
1393196915559	3723.0	155.0	83.0	40.0
1393196915570	3723.0	155.0	83.0	40.0
1393196915579	3726.0	155.0	83.0	40.0
1393196915591	3726.0	155.0	83.0	40.0
1393196915602	3726.0	155.0	83.0	40.0
1393196915611	3725.0	155.0	83.0	40.0
1393196915624	3725.0	155.0	83.0	40.0
1393196915630	3725.0	156.0	83.0	39.0
1393196915641	3725.0	156.0	83.0	39.0
1393196915650	3722.0	156.0	83.0	39.0
1393196915661	3722.0	156.0	83.0	39.0
1393196915679	3722.0	156.0	83.0	39.0
1393196915696	3722.0	156.0	83.0	39.0
1393196915699	3722.0	156.0	83.0	39.0
1393196915709	3722.0	156.0	83.0	39.0
1393196915721	3722.0	156.0	83.0	39.0
1393196915729	3722.0	156.0	83.0	39.0
1393196915739	3722.0	156.0	83.0	39.0
1393196915749	3722.0	156.0	83.0	39.0
1393196915759	3721.0	156.0	83.0	39.0
1393196915771	3721.0	156.0	83.0	39.0
1393196915781	3721.0	156.0	83.0	39.0
1393196915789	3721.0	156.0	83.0	39.0
1393196915799	3718.0	156.0	83.0	39.0
1393196915819	3718.0	156.0	83.0	39.0
1393196915826	3718.0	156.0	83.0	39.0
1393196915858	3718.0	156.0	83.0	39.0
1393196915859	3718.0	156.0	83.0	39.0
1393196915860	3718.0	156.0	83.0	39.0
1393196915862	3718.0	156.0	83.0	39.0
1393196915870	3718.0	156.0	83.0	39.0
1393196915878	3720.0	156.0	83.0	39.0
1393196915888	3720.0	156.0	83.0	39.0
1393196915906	3720.0	156.0	83.0	39.0
1393196915909	3720.0	156.0	83.0	39.0
1393196915927	3720.0	156.0	83.0	39.0
1393196915929	3720.0	156.0	83.0	39.0
1393196915941	3720.0	156.0	83.0	39.0
1393196915951	3724.0	156.0	83.0	39.0
1393196915961	3724.0	156.0	83.0	39.0
1393196915979	3724.0	156.0	83.0	39.0
1393196915981	3724.0	155.0	83.0	39.0
1393196915993	3722.0	155.0	83.0	40.0
1393196915998	3722.0	155.0	83.0	40.0
1393196916009	3722.0	155.0	83.0	39.0
1393196916021	3722.0	155.0	83.0	39.0
1393196916029	3720.0	155.0	83.0	40.0
1393196916038	3720.0	155.0	83.0	40.0
1393196916050	3720.0	155.0	83.0	40.0
1393196916059	3722.0	155.0	83.0	39.0
1393196916072	3722.0	156.0	83.0	39.0
1393196916081	3722.0	156.0	83.0	39.0
1393196916089	3722.0	156.0	83.0	39.0
1393196916099	3721.0	156.0	83.0	39.0
1393196916109	3721.0	156.0	83.0	39.0
1393196916120	3721.0	156.0	83.0	39.0
1393196916129	3721.0	156.0	83.0	38.0
1393196916141	3719.0	157.0	83.0	38.0
1393196916149	3719.0	157.0	83.0	38.0
1393196916159	3719.0	157.0	83.0	38.0
1393196916170	3719.0	157.0	83.0	38.0
1393196916179	3719.0	157.0	83.0	38.0
1393196916189	3719.0	157.0	83.0	38.0
1393196916202	3719.0	157.0	83.0	38.0
1393196916209	3721.0	157.0	83.0	38.0
1393196916219	3721.0	156.0	83.0	38.0
1393196916229	3721.0	156.0	83.0	38.0
1393196916239	3721.0	156.0	83.0	38.0
1393196916252	3719.0	156.0	83.0	38.0
1393196916261	3719.0	156.0	83.0	38.0
1393196916269	3719.0	157.0	83.0	38.0
1393196916279	3719.0	157.0	83.0	38.0
1393196916289	3722.0	157.0	83.0	38.0
1393196916304	3722.0	157.0	83.0	38.0
1393196916309	3722.0	157.0	83.0	38.0
1393196916324	3720.0	157.0	83.0	38.0
1393196916329	3720.0	157.0	83.0	38.0
1393196916343	3720.0	157.0	83.0	38.0
1393196916352	3720.0	157.0	83.0	38.0
1393196916359	3720.0	157.0	83.0	38.0
1393196916369	3720.0	157.0	83.0	38.0
1393196916383	3720.0	157.0	83.0	38.0
1393196916389	3720.0	157.0	83.0	38.0
1393196916402	3715.0	157.0	83.0	38.0
1393196916409	3715.0	157.0	83.0	38.0
1393196916420	3715.0	157.0	83.0	38.0
1393196916431	3715.0	157.0	83.0	38.0
1393196916442	3719.0	157.0	83.0	38.0
1393196916451	3719.0	156.0	83.0	38.0
1393196916459	3719.0	156.0	83.0	38.0
1393196916469	3717.0	156.0	83.0	38.0
1393196916479	3717.0	156.0	83.0	38.0
1393196916489	3717.0	156.0	83.0	38.0
1393196916501	3717.0	156.0	83.0	39.0
1393196916510	3719.0	156.0	83.0	39.0
1393196916520	3719.0	156.0	83.0	39.0
1393196916530	3719.0	156.0	83.0	39.0
1393196916540	3719.0	156.0	83.0	39.0
1393196916555	3717.0	156.0	83.0	39.0
1393196916562	3717.0	156.0	83.0	39.0
1393196916572	3717.0	156.0	83.0	39.0
1393196916580	3717.0	156.0	83.0	39.0
1393196916590	3722.0	156.0	83.0	39.0
1393196916602	3722.0	156.0	83.0	39.0
1393196916610	3722.0	156.0	83.0	39.0
1393196916622	3720.0	156.0	83.0	39.0
1393196916629	3720.0	156.0	83.0	39.0
1393196916639	3720.0	156.0	83.0	39.0
1393196916651	3720.0	156.0	83.0	39.0
1393196916660	3717.0	156.0	83.0	39.0
1393196916670	3717.0	156.0	83.0	39.0
1393196916684	3717.0	156.0	83.0	39.0
1393196916689	3717.0	156.0	83.0	39.0
1393196916701	3720.0	156.0	83.0	39.0
1393196916710	3720.0	156.0	83.0	39.0
1393196916720	3720.0	156.0	83.0	39.0
1393196916729	3720.0	156.0	83.0	38.0
1393196916742	3716.0	156.0	83.0	38.0
1393196916754	3716.0	156.0	83.0	38.0
1393196916759	3716.0	156.0	83.0	38.0
1393196916769	3716.0	156.0	83.0	38.0
1393196916779	3716.0	157.0	83.0	38.0
1393196916789	3716.0	157.0	83.0	38.0
1393196916803	3716.0	157.0	83.0	38.0
1393196916809	3716.0	157.0	83.0	38.0
1393196916820	3716.0	157.0	83.0	38.0
1393196916829	3716.0	157.0	83.0	38.0
1393196916840	3716.0	157.0	83.0	38.0
1393196916852	3718.0	157.0	83.0	38.0
1393196916863	3718.0	157.0	83.0	38.0
1393196916871	3718.0	157.0	83.0	38.0
1393196916880	3718.0	157.0	83.0	38.0
1393196916890	3717.0	157.0	83.0	38.0
1393196916932	3717.0	157.0	83.0	38.0
1393196916941	3717.0	157.0	83.0	38.0
1393196916949	3718.0	157.0	83.0	38.0
1393196916955	3718.0	157.0	83.0	38.0
1393196916982	3718.0	157.0	83.0	38.0
1393196916988	3719.0	157.0	83.0	38.0
1393196916991	3719.0	157.0	83.0	38.0
1393196916993	3719.0	157.0	83.0	38.0
1393196916994	3719.0	157.0	83.0	38.0
1393196917005	3722.0	157.0	83.0	38.0
1393196917009	3722.0	157.0	83.0	38.0
1393196917019	3722.0	157.0	83.0	38.0
1393196917029	3722.0	157.0	83.0	38.0
1393196917041	3721.0	157.0	83.0	38.0
1393196917049	3721.0	157.0	83.0	38.0
1393196917059	3721.0	157.0	83.0	38.0
1393196917070	3721.0	157.0	83.0	38.0
1393196917081	3721.0	156.0	83.0	38.0
1393196917089	3721.0	157.0	83.0	38.0
1393196917102	3721.0	157.0	83.0	38.0
1393196917109	3723.0	157.0	83.0	38.0
1393196917120	3723.0	157.0	83.0	38.0
1393196917131	3723.0	157.0	83.0	38.0
1393196917140	3723.0	157.0	83.0	38.0
1393196917150	3719.0	157.0	83.0	37.0
1393196917162	3719.0	157.0	83.0	38.0
1393196917169	3719.0	157.0	83.0	38.0
1393196917179	3719.0	157.0	83.0	38.0
1393196917190	3721.0	157.0	83.0	38.0
1393196917199	3721.0	157.0	83.0	38.0
1393196917210	3721.0	157.0	83.0	38.0
1393196917222	3718.0	157.0	83.0	38.0
1393196917230	3718.0	157.0	83.0	38.0
1393196917240	3718.0	157.0	83.0	38.0
1393196917250	3718.0	157.0	83.0	38.0
1393196917261	3718.0	157.0	83.0	38.0
1393196917271	3718.0	157.0	83.0	38.0
1393196917283	3718.0	157.0	83.0	38.0
1393196917291	3718.0	157.0	83.0	38.0
1393196917303	3719.0	157.0	83.0	37.0
1393196917311	3719.0	157.0	83.0	37.0
1393196917321	3719.0	157.0	83.0	37.0
1393196917334	3721.0	157.0	83.0	38.0
1393196917342	3721.0	104.0	44.0	90.0
1393196917352	3721.0	157.0	83.0	38.0
1393196917361	3721.0	104.0	44.0	90.0
1393196917376	3720.0	157.0	83.0	38.0
1393196917387	3720.0	157.0	83.0	38.0
1393196917391	3720.0	157.0	83.0	38.0
1393196917403	3720.0	157.0	83.0	38.0
1393196917410	3718.0	157.0	83.0	38.0
1393196917421	3718.0	157.0	83.0	38.0
1393196917434	3718.0	157.0	83.0	38.0
1393196917440	3718.0	157.0	83.0	38.0
1393196917452	3717.0	157.0	83.0	38.0
1393196917463	3717.0	157.0	83.0	38.0
1393196917470	3717.0	157.0	83.0	38.0
1393196917483	3718.0	157.0	83.0	38.0
1393196917490	3718.0	157.0	83.0	38.0
1393196917500	3718.0	157.0	83.0	38.0
1393196917510	3718.0	157.0	83.0	38.0
1393196917523	3718.0	157.0	83.0	38.0
1393196917537	3718.0	157.0	83.0	37.0
1393196917540	3718.0	157.0	83.0	37.0
1393196917552	3718.0	158.0	83.0	37.0
1393196917560	3718.0	158.0	83.0	37.0
1393196917572	3718.0	158.0	83.0	37.0
1393196917585	3718.0	158.0	83.0	37.0
1393196917604	3716.0	158.0	83.0	37.0
1393196917610	3716.0	157.0	83.0	37.0
1393196917624	3716.0	157.0	83.0	37.0
1393196917632	3715.0	158.0	83.0	37.0
1393196917643	3715.0	158.0	83.0	37.0
1393196917650	3715.0	158.0	83.0	37.0
1393196917660	3715.0	158.0	83.0	37.0
1393196917671	3713.0	158.0	83.0	37.0
1393196917683	3713.0	158.0	83.0	37.0
1393196917690	3713.0	157.0	83.0	37.0
1393196917703	3713.0	157.0	83.0	37.0
1393196917710	3715.0	157.0	83.0	37.0
1393196917720	3715.0	157.0	83.0	37.0
1393196917730	3715.0	157.0	83.0	37.0
1393196917740	3715.0	157.0	83.0	37.0
1393196917751	3717.0	157.0	83.0	37.0
1393196917770	3717.0	157.0	83.0	37.0
1393196917771	3717.0	158.0	83.0	37.0
1393196917812	3718.0	158.0	83.0	37.0
1393196917813	3718.0	157.0	83.0	37.0
1393196917814	3718.0	157.0	83.0	37.0
1393196917815	3718.0	157.0	83.0	37.0
1393196917822	3719.0	157.0	83.0	37.0
1393196917830	3719.0	157.0	83.0	37.0
1393196917842	3719.0	157.0	83.0	38.0
1393196917851	3719.0	157.0	83.0	38.0
1393196917861	3721.0	157.0	83.0	38.0
1393196917871	3721.0	157.0	83.0	38.0
1393196917884	3721.0	157.0	83.0	38.0
1393196917891	3721.0	157.0	83.0	38.0
1393196917903	3719.0	157.0	83.0	38.0
1393196917912	3719.0	157.0	83.0	38.0
1393196917934	3719.0	157.0	83.0	38.0
1393196917937	3719.0	157.0	83.0	38.0
1393196917945	3719.0	157.0	83.0	38.0
1393196917953	3719.0	157.0	83.0	38.0
1393196917962	3719.0	157.0	83.0	38.0
1393196917970	3718.0	157.0	83.0	38.0
1393196917981	3718.0	157.0	83.0	38.0
1393196917990	3718.0	157.0	83.0	38.0
1393196918007	3718.0	157.0	83.0	38.0
1393196918011	3719.0	157.0	83.0	38.0
1393196918021	3719.0	157.0	83.0	38.0
1393196918037	3719.0	157.0	83.0	38.0
1393196918041	3719.0	157.0	83.0	38.0
1393196918051	3720.0	156.0	83.0	38.0
1393196918065	3720.0	156.0	83.0	39.0
1393196918077	3720.0	156.0	83.0	39.0
1393196918081	3720.0	156.0	83.0	39.0
1393196918091	3720.0	156.0	83.0	39.0
1393196918101	3720.0	156.0	83.0	39.0
1393196918111	3720.0	156.0	83.0	39.0
1393196918123	3719.0	156.0	83.0	39.0
1393196918131	3719.0	156.0	83.0	39.0
1393196918141	3719.0	156.0	83.0	39.0
1393196918151	3719.0	156.0	83.0	39.0
1393196918166	3717.0	156.0	83.0	39.0
1393196918171	3717.0	156.0	83.0	39.0
1393196918183	3717.0	156.0	83.0	39.0
1393196918191	3716.0	156.0	83.0	39.0
1393196918201	3716.0	156.0	83.0	39.0
1393196918215	3716.0	156.0	83.0	39.0
1393196918222	3716.0	156.0	83.0	39.0
1393196918244	3723.0	156.0	83.0	39.0
1393196918264	3723.0	156.0	83.0	39.0
1393196918267	3723.0	156.0	83.0	39.0
1393196918272	3721.0	156.0	83.0	39.0
1393196918283	3721.0	156.0	83.0	39.0
1393196918292	3721.0	156.0	83.0	39.0
1393196918305	3721.0	156.0	83.0	39.0
1393196918324	3718.0	156.0	83.0	39.0
1393196918329	3718.0	156.0	83.0	39.0
1393196918334	3718.0	156.0	83.0	39.0
1393196918343	3716.0	156.0	83.0	39.0
1393196918358	3716.0	156.0	83.0	39.0
1393196918364	3716.0	114.0	14.0	52.0
1393196918371	3716.0	156.0	83.0	39.0
1393196918382	3717.0	156.0	83.0	39.0
1393196918391	3717.0	156.0	83.0	39.0
1393196918402	3717.0	156.0	83.0	39.0
1393196918423	3717.0	156.0	83.0	39.0
1393196918426	3719.0	156.0	83.0	39.0
1393196918436	3719.0	156.0	83.0	39.0
1393196918442	3719.0	156.0	83.0	39.0
1393196918452	3719.0	156.0	83.0	39.0
1393196918464	3719.0	156.0	83.0	39.0
1393196918471	3719.0	156.0	83.0	39.0
1393196918483	3719.0	156.0	83.0	39.0
1393196918491	3717.0	156.0	83.0	39.0
1393196918502	3717.0	156.0	83.0	39.0
1393196918514	3717.0	156.0	83.0	39.0
1393196918521	3717.0	156.0	83.0	39.0
1393196918532	3719.0	156.0	83.0	39.0
1393196918547	3719.0	156.0	83.0	39.0
1393196918551	3719.0	156.0	83.0	39.0
1393196918564	3719.0	156.0	83.0	39.0
1393196918571	3720.0	156.0	83.0	39.0
1393196918583	3720.0	156.0	83.0	38.0
1393196918595	3720.0	156.0	83.0	38.0
1393196918605	3720.0	156.0	83.0	38.0
1393196918611	3717.0	156.0	83.0	38.0
1393196918621	3717.0	157.0	83.0	38.0
1393196918633	3717.0	156.0	83.0	38.0
1393196918642	3718.0	156.0	83.0	39.0
1393196918651	3718.0	156.0	83.0	39.0
1393196918667	3718.0	156.0	83.0	39.0
1393196918672	3718.0	156.0	83.0	39.0
1393196918686	3717.0	156.0	83.0	39.0
1393196918693	3717.0	156.0	83.0	39.0
1393196918702	3717.0	156.0	83.0	39.0
1393196918716	3717.0	156.0	83.0	39.0
1393196918725	3716.0	156.0	83.0	39.0
1393196918734	3716.0	156.0	83.0	39.0
1393196918743	3716.0	156.0	83.0	39.0
1393196918753	3716.0	156.0	83.0	39.0
1393196918767	3713.0	156.0	83.0	39.0
1393196918771	3713.0	156.0	83.0	38.0
1393196918784	3713.0	156.0	83.0	38.0
1393196918791	3713.0	156.0	83.0	38.0
1393196918803	3713.0	157.0	83.0	38.0
1393196918812	3713.0	157.0	83.0	38.0
1393196918822	3713.0	157.0	83.0	38.0
1393196918835	3714.0	157.0	83.0	38.0
1393196918844	3714.0	157.0	83.0	38.0
1393196918852	3714.0	157.0	83.0	38.0
1393196918867	3714.0	157.0	83.0	38.0
1393196918885	3710.0	157.0	83.0	37.0
1393196918893	3710.0	157.0	83.0	37.0
1393196918912	3710.0	157.0	83.0	38.0
1393196918914	3710.0	157.0	83.0	38.0
1393196918922	3710.0	157.0	83.0	38.0
1393196918942	3710.0	157.0	83.0	38.0
1393196918945	3710.0	157.0	83.0	38.0
1393196918952	3710.0	157.0	83.0	38.0
1393196918964	3710.0	157.0	83.0	38.0
1393196918977	3710.0	157.0	83.0	38.0
1393196918982	3711.0	157.0	83.0	38.0
1393196918992	3711.0	157.0	83.0	38.0
1393196919003	3711.0	157.0	83.0	38.0
1393196919016	3711.0	156.0	83.0	38.0
1393196919024	3711.0	156.0	83.0	38.0
1393196919032	3711.0	157.0	83.0	38.0
1393196919043	3711.0	157.0	83.0	38.0
1393196919054	3711.0	157.0	83.0	38.0
1393196919067	3706.0	157.0	83.0	38.0
1393196919073	3706.0	157.0	83.0	38.0
1393196919084	3706.0	157.0	83.0	38.0
1393196919099	3712.0	157.0	83.0	38.0
1393196919102	3712.0	157.0	83.0	38.0
1393196919114	3712.0	157.0	83.0	38.0
1393196919122	3712.0	157.0	83.0	38.0
1393196919132	3711.0	157.0	83.0	38.0
1393196919146	3711.0	157.0	83.0	38.0
1393196919152	3711.0	156.0	83.0	38.0
1393196919162	3711.0	157.0	83.0	38.0
1393196919172	3709.0	157.0	83.0	38.0
1393196919186	3709.0	157.0	83.0	38.0
1393196919197	3709.0	157.0	83.0	38.0
1393196919204	3711.0	157.0	83.0	38.0
1393196919221	3711.0	157.0	83.0	38.0
1393196919222	3711.0	157.0	83.0	38.0
1393196919232	3711.0	157.0	83.0	38.0
1393196919244	3709.0	157.0	83.0	38.0
1393196919251	3709.0	157.0	83.0	38.0
1393196919264	3709.0	157.0	83.0	38.0
1393196919272	3709.0	156.0	83.0	38.0
1393196919282	3709.0	156.0	83.0	38.0
1393196919296	3709.0	156.0	83.0	38.0
1393196919302	3709.0	156.0	83.0	38.0
1393196919313	3709.0	157.0	83.0	38.0
1393196919330	3712.0	157.0	83.0	38.0
1393196919333	3712.0	157.0	83.0	38.0
1393196919346	3712.0	157.0	83.0	38.0
1393196919355	3708.0	157.0	83.0	38.0
1393196919363	3708.0	157.0	83.0	37.0
1393196919374	3708.0	158.0	83.0	37.0
1393196919384	3708.0	158.0	83.0	37.0
1393196919395	3708.0	158.0	83.0	37.0
1393196919402	3708.0	158.0	83.0	37.0
1393196919413	3708.0	157.0	83.0	37.0
1393196919422	3708.0	157.0	83.0	37.0
1393196919432	3709.0	157.0	83.0	37.0
1393196919446	3709.0	157.0	83.0	38.0
1393196919452	3709.0	157.0	83.0	38.0
1393196919462	3709.0	157.0	83.0	38.0
1393196919472	3711.0	157.0	83.0	38.0
1393196919482	3711.0	157.0	83.0	38.0
1393196919495	3711.0	157.0	83.0	38.0
1393196919505	3713.0	157.0	83.0	38.0
1393196919513	3713.0	157.0	83.0	38.0
1393196919523	3713.0	157.0	83.0	38.0
1393196919533	3713.0	157.0	83.0	38.0
1393196919552	3709.0	3.0	5.0	15.0
1393196919554	3709.0	157.0	83.0	37.0
1393196919565	3709.0	157.0	83.0	37.0
1393196919572	3709.0	157.0	83.0	37.0
1393196919583	3709.0	157.0	83.0	37.0
1393196919595	3709.0	157.0	83.0	38.0
1393196919602	3709.0	157.0	83.0	38.0
1393196919613	3709.0	157.0	83.0	38.0
1393196919629	3712.0	157.0	83.0	38.0
1393196919633	3712.0	157.0	83.0	38.0
1393196919644	3712.0	157.0	83.0	38.0
1393196919653	3708.0	157.0	83.0	38.0
1393196919664	3708.0	157.0	83.0	38.0
1393196919673	3708.0	157.0	83.0	38.0
1393196919685	3708.0	157.0	83.0	38.0
1393196919695	3713.0	157.0	83.0	37.0
1393196919703	3713.0	157.0	83.0	37.0
1393196919712	3713.0	157.0	83.0	37.0
1393196919722	3713.0	157.0	83.0	37.0
1393196919732	3711.0	157.0	83.0	37.0
1393196919745	3711.0	157.0	83.0	37.0
1393196919753	3711.0	157.0	83.0	37.0
1393196919765	3711.0	157.0	83.0	37.0
1393196919773	3710.0	157.0	83.0	37.0
1393196919783	3710.0	157.0	83.0	37.0
1393196919796	3710.0	157.0	83.0	37.0
1393196919806	3708.0	157.0	83.0	37.0
1393196919817	3708.0	157.0	83.0	37.0
1393196919824	3708.0	157.0	83.0	37.0
1393196919834	3708.0	158.0	83.0	37.0
1393196919844	3706.0	158.0	83.0	37.0
1393196919854	3706.0	158.0	83.0	37.0
1393196919866	3706.0	158.0	83.0	37.0
1393196919876	3706.0	158.0	83.0	37.0
1393196919911	3707.0	158.0	83.0	37.0
1393196919941	3707.0	158.0	83.0	37.0
1393196919945	3707.0	158.0	83.0	37.0
1393196919947	3707.0	158.0	83.0	37.0
1393196919949	3708.0	157.0	83.0	37.0
1393196919952	3708.0	157.0	83.0	37.0
1393196919956	3708.0	157.0	83.0	38.0
1393196919957	3712.0	157.0	83.0	38.0
1393196919967	3712.0	157.0	83.0	38.0
1393196919974	3712.0	157.0	83.0	38.0
1393196919984	3712.0	157.0	83.0	38.0
1393196919993	3711.0	157.0	83.0	38.0
1393196920003	3711.0	157.0	83.0	38.0
1393196920012	3711.0	157.0	83.0	38.0
1393196920026	3711.0	157.0	83.0	38.0
1393196920032	3713.0	157.0	83.0	38.0
1393196920044	3713.0	157.0	83.0	38.0
1393196920053	3713.0	157.0	83.0	38.0
1393196920062	3712.0	157.0	83.0	38.0
1393196920078	3712.0	157.0	83.0	38.0
1393196920085	3712.0	157.0	83.0	38.0
1393196920094	3712.0	157.0	83.0	38.0
1393196920105	3712.0	157.0	83.0	38.0
1393196920113	3712.0	157.0	83.0	37.0
1393196920130	3712.0	157.0	83.0	37.0
1393196920134	3712.0	157.0	83.0	37.0
1393196920145	3713.0	157.0	83.0	38.0
1393196920165	3713.0	157.0	83.0	38.0
1393196920182	3713.0	157.0	83.0	38.0
1393196920183	3714.0	157.0	83.0	38.0
1393196920193	3714.0	157.0	83.0	38.0
1393196920204	3714.0	157.0	83.0	38.0
1393196920213	3716.0	157.0	83.0	38.0
1393196920226	3716.0	157.0	83.0	38.0
1393196920233	3716.0	156.0	83.0	38.0
1393196920243	3716.0	156.0	83.0	39.0
1393196920253	3715.0	156.0	83.0	39.0
1393196920263	3715.0	156.0	83.0	39.0
1393196920275	3715.0	156.0	83.0	38.0
1393196920290	3715.0	156.0	83.0	38.0
1393196920301	3713.0	157.0	83.0	38.0
1393196920303	3713.0	157.0	83.0	38.0
1393196920313	3713.0	157.0	83.0	38.0
1393196920331	3713.0	157.0	83.0	38.0
1393196920334	3714.0	157.0	83.0	38.0
1393196920345	3714.0	157.0	83.0	38.0
1393196920353	3714.0	157.0	83.0	38.0
1393196920364	3718.0	157.0	83.0	38.0
1393196920373	3718.0	157.0	83.0	38.0
1393196920382	3718.0	157.0	83.0	38.0
1393196920393	3718.0	157.0	83.0	37.0
1393196920428	3716.0	158.0	83.0	37.0
1393196920429	3716.0	158.0	83.0	37.0
1393196920430	3716.0	158.0	83.0	37.0
1393196920432	3716.0	158.0	83.0	37.0
1393196920442	3716.0	158.0	83.0	37.0
1393196920453	3716.0	158.0	83.0	37.0
1393196920465	3716.0	158.0	83.0	37.0
1393196920474	3716.0	158.0	83.0	37.0
1393196920483	3717.0	158.0	83.0	37.0
1393196920493	3717.0	158.0	83.0	37.0
1393196920505	3717.0	158.0	83.0	37.0
1393196920513	3719.0	158.0	83.0	37.0
1393196920525	3719.0	158.0	83.0	37.0
1393196920533	3719.0	158.0	83.0	37.0
1393196920543	3719.0	158.0	83.0	37.0
1393196920554	3716.0	158.0	83.0	37.0
1393196920563	3716.0	157.0	83.0	37.0
1393196920573	3716.0	157.0	83.0	38.0
1393196920587	3716.0	157.0	83.0	38.0
1393196920594	3716.0	157.0	83.0	38.0
1393196920614	3716.0	52.0	57.0	150.0
1393196920627	3716.0	157.0	83.0	38.0
1393196920637	3715.0	157.0	83.0	38.0
1393196920646	3715.0	157.0	83.0	38.0
1393196920656	3715.0	157.0	83.0	38.0
1393196920667	3716.0	157.0	83.0	38.0
1393196920683	3716.0	157.0	83.0	38.0
1393196920686	3716.0	157.0	83.0	38.0
1393196920695	3716.0	157.0	83.0	38.0
1393196920714	3714.0	78.0	59.0	59.0
1393196920717	3714.0	157.0	83.0	38.0
1393196920730	3714.0	157.0	83.0	38.0
1393196920736	3714.0	157.0	83.0	37.0
1393196920749	3716.0	157.0	83.0	37.0
1393196920766	3716.0	3.0	5.0	15.0
1393196920771	3716.0	157.0	83.0	37.0
1393196920775	3716.0	157.0	83.0	37.0
1393196920785	3718.0	157.0	83.0	37.0
1393196920820	3718.0	150.0	64.0	136.0
1393196920825	3715.0	157.0	83.0	38.0
1393196920851	3715.0	157.0	83.0	38.0
1393196920855	3715.0	157.0	83.0	38.0
1393196920856	3715.0	157.0	83.0	38.0
1393196920858	3713.0	157.0	83.0	38.0
1393196920863	3713.0	104.0	44.0	90.0
1393196920874	3713.0	157.0	83.0	38.0
1393196920885	3713.0	104.0	44.0	90.0
1393196920894	3715.0	157.0	83.0	38.0
1393196920913	3715.0	157.0	83.0	38.0
1393196920916	3715.0	157.0	83.0	38.0
1393196920963	3715.0	3.0	5.0	15.0
1393196920965	3716.0	157.0	83.0	38.0
1393196920967	3716.0	157.0	83.0	38.0
1393196920970	3716.0	156.0	83.0	39.0
1393196920973	3720.0	3.0	5.0	15.0
1393196920981	3720.0	156.0	83.0	39.0
1393196920984	3720.0	156.0	83.0	39.0
1393196920994	3720.0	156.0	83.0	39.0
1393196921009	3715.0	156.0	83.0	39.0
1393196921014	3715.0	156.0	83.0	39.0
1393196921026	3715.0	156.0	83.0	39.0
1393196921033	3715.0	157.0	83.0	38.0
1393196921044	3716.0	157.0	83.0	38.0
1393196921057	3716.0	157.0	83.0	38.0
1393196921066	3716.0	157.0	83.0	38.0
1393196921074	3716.0	157.0	83.0	38.0
1393196921083	3716.0	157.0	83.0	38.0
1393196921093	3716.0	157.0	83.0	38.0
1393196921107	3716.0	157.0	83.0	38.0
1393196921114	3715.0	157.0	83.0	38.0
1393196921127	3715.0	157.0	83.0	38.0
1393196921134	3715.0	157.0	83.0	38.0
1393196921144	3715.0	157.0	83.0	38.0
1393196921157	3713.0	157.0	83.0	38.0
1393196921164	3713.0	157.0	83.0	38.0
1393196921177	3713.0	157.0	83.0	38.0
1393196921187	3713.0	157.0	83.0	38.0
1393196921194	3718.0	157.0	83.0	38.0
1393196921207	3718.0	157.0	83.0	38.0
1393196921214	3718.0	157.0	83.0	38.0
1393196921228	3717.0	157.0	83.0	38.0
1393196921237	3717.0	157.0	83.0	38.0
1393196921247	3717.0	157.0	83.0	38.0
1393196921257	3717.0	157.0	83.0	38.0
1393196921264	3714.0	157.0	83.0	38.0
1393196921277	3714.0	157.0	83.0	38.0
1393196921284	3714.0	157.0	83.0	38.0
1393196921295	3714.0	157.0	83.0	38.0
1393196921310	3718.0	157.0	83.0	38.0
1393196921314	3718.0	157.0	83.0	38.0
1393196921326	3718.0	157.0	83.0	38.0
1393196921335	3718.0	156.0	83.0	38.0
1393196921345	3716.0	156.0	83.0	39.0
1393196921357	3716.0	156.0	83.0	39.0
1393196921366	3716.0	156.0	83.0	39.0
1393196921375	3718.0	156.0	83.0	39.0
1393196921384	3718.0	156.0	83.0	39.0
1393196921394	3718.0	156.0	83.0	39.0
1393196921413	3718.0	156.0	83.0	39.0
1393196921415	3715.0	156.0	83.0	39.0
1393196921426	3715.0	156.0	83.0	39.0
1393196921449	3715.0	156.0	83.0	39.0
1393196921468	3717.0	156.0	83.0	39.0
1393196921469	3717.0	156.0	83.0	39.0
1393196921473	3717.0	156.0	83.0	39.0
1393196921487	3717.0	156.0	83.0	39.0
1393196921493	3717.0	156.0	83.0	39.0
1393196921505	3717.0	156.0	83.0	39.0
1393196921514	3717.0	156.0	83.0	39.0
1393196921524	3717.0	156.0	83.0	39.0
1393196921536	3717.0	156.0	83.0	39.0
1393196921546	3717.0	156.0	83.0	39.0
1393196921555	3717.0	156.0	83.0	39.0
1393196921564	3718.0	156.0	83.0	39.0
1393196921574	3718.0	156.0	83.0	39.0
1393196921586	3718.0	156.0	83.0	39.0
1393196921594	3718.0	156.0	83.0	39.0
1393196921608	3717.0	156.0	83.0	39.0
1393196921614	3717.0	156.0	83.0	39.0
1393196921625	3717.0	156.0	83.0	39.0
1393196921636	3717.0	156.0	83.0	39.0
1393196921644	3720.0	156.0	83.0	39.0
1393196921655	3720.0	156.0	83.0	39.0
1393196921667	3720.0	156.0	83.0	39.0
1393196921674	3721.0	156.0	83.0	39.0
1393196921684	3721.0	156.0	83.0	39.0
1393196921694	3721.0	156.0	83.0	39.0
1393196921706	3721.0	156.0	83.0	39.0
1393196921714	3723.0	156.0	83.0	39.0
1393196921727	3723.0	156.0	83.0	38.0
1393196921740	3723.0	157.0	83.0	38.0
1393196921745	3723.0	157.0	83.0	38.0
1393196921757	3719.0	157.0	83.0	38.0
1393196921765	3719.0	157.0	83.0	38.0
1393196921775	3719.0	156.0	83.0	38.0
1393196921791	3719.0	156.0	83.0	39.0
1393196921795	3719.0	156.0	83.0	39.0
1393196921807	3719.0	156.0	83.0	39.0
1393196921814	3719.0	156.0	83.0	39.0
1393196921824	3720.0	156.0	83.0	39.0
1393196921840	3720.0	156.0	83.0	38.0
1393196921847	3720.0	157.0	83.0	38.0
1393196921854	3720.0	157.0	83.0	38.0
1393196921864	3723.0	157.0	83.0	38.0
1393196921875	3723.0	157.0	83.0	38.0
1393196921885	3723.0	157.0	83.0	38.0
1393196921894	3723.0	157.0	83.0	38.0
1393196921907	3718.0	157.0	83.0	38.0
1393196921915	3718.0	157.0	83.0	38.0
1393196921939	3718.0	157.0	83.0	38.0
1393196921943	3724.0	156.0	83.0	38.0
1393196921955	3724.0	156.0	84.0	39.0
1393196921965	3724.0	156.0	84.0	39.0
1393196921970	3724.0	156.0	84.0	39.0
1393196921975	3724.0	156.0	84.0	39.0
1393196921990	3724.0	156.0	84.0	38.0
1393196921997	3724.0	156.0	84.0	38.0
1393196922006	3724.0	156.0	84.0	38.0
1393196922015	3723.0	156.0	84.0	39.0
1393196922028	3723.0	156.0	84.0	39.0
1393196922041	3723.0	156.0	84.0	39.0
1393196922045	3723.0	156.0	84.0	39.0
1393196922056	3727.0	156.0	84.0	39.0
1393196922065	3727.0	156.0	84.0	39.0
1393196922097	3725.0	156.0	84.0	39.0
1393196922099	3725.0	156.0	84.0	39.0
1393196922105	3725.0	156.0	84.0	39.0
1393196922114	3725.0	156.0	84.0	39.0
1393196922125	3724.0	156.0	84.0	38.0
1393196922137	3724.0	156.0	84.0	38.0
1393196922147	3724.0	156.0	84.0	38.0
1393196922154	3724.0	156.0	84.0	38.0
1393196922164	3721.0	157.0	84.0	38.0
1393196922176	3721.0	157.0	84.0	38.0
1393196922189	3721.0	156.0	83.0	38.0
1393196922195	3721.0	156.0	83.0	38.0
1393196922208	3722.0	156.0	83.0	38.0
1393196922218	3722.0	156.0	83.0	39.0
1393196922226	3722.0	156.0	83.0	39.0
1393196922238	3720.0	156.0	83.0	39.0
1393196922245	3720.0	156.0	83.0	39.0
1393196922255	3720.0	156.0	83.0	39.0
1393196922271	3720.0	156.0	83.0	39.0
1393196922275	3723.0	156.0	83.0	39.0
1393196922287	3723.0	156.0	83.0	39.0
1393196922294	3723.0	156.0	83.0	39.0
1393196922305	3723.0	156.0	83.0	39.0
1393196922315	3719.0	155.0	83.0	39.0
1393196922327	3719.0	155.0	83.0	39.0
1393196922337	3719.0	155.0	83.0	39.0
1393196922345	3719.0	155.0	83.0	40.0
1393196922355	3720.0	155.0	83.0	40.0
1393196922365	3720.0	155.0	83.0	40.0
1393196922375	3720.0	155.0	83.0	40.0
1393196922388	3718.0	155.0	83.0	40.0
1393196922395	3718.0	155.0	83.0	40.0
1393196922405	3718.0	155.0	83.0	39.0
1393196922416	3718.0	155.0	83.0	39.0
1393196922425	3721.0	155.0	83.0	39.0
1393196922437	3721.0	155.0	83.0	39.0
1393196922462	3721.0	156.0	83.0	39.0
1393196922466	3721.0	156.0	83.0	39.0
1393196922469	3719.0	156.0	83.0	39.0
1393196922477	3719.0	155.0	83.0	39.0
1393196922487	3719.0	155.0	83.0	40.0
1393196922495	3719.0	104.0	44.0	90.0
1393196922508	3720.0	155.0	83.0	40.0
1393196922525	3720.0	104.0	44.0	90.0
1393196922545	3718.0	155.0	83.0	40.0
1393196922556	3718.0	155.0	83.0	40.0
1393196922566	3718.0	155.0	83.0	40.0
1393196922580	3718.0	155.0	83.0	40.0
1393196922586	3722.0	3.0	5.0	15.0
1393196922588	3722.0	155.0	83.0	40.0
1393196922595	3722.0	155.0	83.0	40.0
1393196922605	3722.0	155.0	83.0	40.0
1393196922616	3723.0	155.0	83.0	40.0
1393196922627	3723.0	155.0	83.0	40.0
1393196922635	3723.0	155.0	83.0	40.0
1393196922645	3723.0	155.0	83.0	40.0
1393196922655	3722.0	155.0	83.0	40.0
1393196922665	3722.0	155.0	83.0	40.0
1393196922675	3722.0	155.0	83.0	40.0
1393196922687	3720.0	155.0	83.0	40.0
1393196922695	3720.0	155.0	83.0	40.0
1393196922705	3720.0	155.0	83.0	40.0
1393196922725	3719.0	155.0	83.0	40.0
1393196922738	3719.0	155.0	83.0	40.0
1393196922747	3719.0	155.0	83.0	40.0
1393196922755	3719.0	155.0	83.0	39.0
1393196922768	3721.0	155.0	83.0	39.0
1393196922775	3721.0	155.0	83.0	39.0
1393196922787	3721.0	156.0	83.0	39.0
1393196922795	3721.0	156.0	83.0	39.0
1393196922807	3718.0	156.0	83.0	39.0
1393196922820	3718.0	156.0	83.0	39.0
1393196922825	3718.0	156.0	83.0	39.0
1393196922839	3716.0	156.0	83.0	39.0
1393196922845	3716.0	156.0	83.0	39.0
1393196922856	3716.0	156.0	83.0	39.0
1393196922870	3716.0	156.0	83.0	39.0
1393196922875	3718.0	156.0	83.0	39.0
1393196922886	3718.0	156.0	83.0	39.0
1393196922900	3718.0	156.0	83.0	39.0
1393196922908	3718.0	155.0	83.0	39.0
1393196922925	3720.0	155.0	83.0	39.0
1393196922936	3720.0	155.0	83.0	40.0
1393196922945	3719.0	155.0	83.0	40.0
1393196922957	3719.0	155.0	83.0	40.0
1393196922968	3719.0	155.0	83.0	40.0
1393196922976	3719.0	155.0	83.0	40.0
1393196922988	3716.0	155.0	83.0	40.0
1393196922996	3716.0	155.0	83.0	40.0
1393196923006	3716.0	155.0	83.0	40.0
1393196923018	3716.0	155.0	83.0	40.0
1393196923026	3716.0	155.0	83.0	40.0
1393196923036	3716.0	155.0	83.0	40.0
1393196923049	3716.0	155.0	83.0	40.0
1393196923056	3716.0	155.0	83.0	40.0
1393196923066	3721.0	155.0	83.0	40.0
1393196923076	3721.0	155.0	83.0	40.0
1393196923087	3721.0	155.0	83.0	40.0
1393196923097	3716.0	155.0	83.0	40.0
1393196923109	3716.0	155.0	83.0	40.0
1393196923122	3716.0	155.0	83.0	40.0
1393196923127	3716.0	155.0	83.0	40.0
1393196923137	3717.0	155.0	83.0	40.0
1393196923148	3717.0	155.0	83.0	40.0
1393196923158	3717.0	155.0	83.0	40.0
1393196923170	3717.0	155.0	83.0	40.0
1393196923180	3717.0	155.0	83.0	40.0
1393196923192	3717.0	155.0	83.0	40.0
1393196923200	3717.0	155.0	83.0	40.0
1393196923208	3717.0	155.0	83.0	40.0
1393196923224	3716.0	155.0	83.0	40.0
1393196923236	3716.0	155.0	83.0	40.0
1393196923240	3716.0	155.0	83.0	40.0
1393196923248	3714.0	155.0	83.0	40.0
1393196923257	3714.0	155.0	83.0	40.0
1393196923271	3714.0	155.0	83.0	40.0
1393196923277	3714.0	155.0	83.0	39.0
1393196923289	3717.0	155.0	83.0	39.0
1393196923297	3717.0	155.0	83.0	39.0
1393196923307	3717.0	155.0	83.0	39.0
1393196923322	3717.0	155.0	83.0	39.0
1393196923327	3716.0	155.0	83.0	39.0
1393196923337	3716.0	155.0	83.0	39.0
1393196923354	3716.0	155.0	83.0	39.0
1393196923384	3716.0	156.0	83.0	39.0
1393196923387	3716.0	156.0	83.0	39.0
1393196923390	3716.0	156.0	83.0	39.0
1393196923397	3716.0	156.0	83.0	39.0
1393196923408	3716.0	156.0	83.0	39.0
1393196923418	3716.0	156.0	83.0	39.0
1393196923426	3716.0	156.0	83.0	39.0
1393196923436	3713.0	156.0	83.0	39.0
1393196923450	3713.0	156.0	83.0	39.0
1393196923456	3713.0	156.0	83.0	39.0
1393196923471	3713.0	156.0	83.0	39.0
1393196923476	3714.0	156.0	83.0	39.0
1393196923487	3714.0	156.0	83.0	39.0
1393196923501	3714.0	156.0	83.0	39.0
1393196923506	3714.0	156.0	83.0	39.0
1393196923517	3715.0	156.0	83.0	39.0
1393196923528	3715.0	156.0	83.0	39.0
1393196923536	3715.0	156.0	83.0	39.0
1393196923550	3717.0	156.0	83.0	39.0
1393196923556	3717.0	156.0	83.0	39.0
1393196923567	3717.0	156.0	83.0	39.0
1393196923576	3717.0	155.0	83.0	39.0
1393196923588	3716.0	155.0	83.0	39.0
1393196923596	3716.0	155.0	83.0	39.0
1393196923606	3716.0	155.0	83.0	39.0
1393196923618	3716.0	155.0	83.0	39.0
1393196923626	3717.0	155.0	83.0	39.0
1393196923636	3717.0	155.0	83.0	39.0
1393196923649	3717.0	155.0	83.0	39.0
1393196923656	3717.0	155.0	83.0	39.0
1393196923678	3719.0	155.0	83.0	39.0
1393196923680	3719.0	155.0	83.0	39.0
1393196923697	3719.0	155.0	83.0	39.0
1393196923698	3718.0	155.0	83.0	39.0
1393196923717	3718.0	155.0	83.0	40.0
1393196923721	3718.0	155.0	83.0	40.0
1393196923725	3718.0	155.0	83.0	39.0
1393196923736	3719.0	155.0	83.0	39.0
1393196923747	3719.0	155.0	83.0	39.0
1393196923756	3719.0	155.0	83.0	40.0
1393196923768	3719.0	155.0	83.0	40.0
1393196923776	3720.0	155.0	83.0	40.0
1393196923786	3720.0	155.0	83.0	40.0
1393196923799	3720.0	155.0	83.0	40.0
1393196923806	3720.0	155.0	83.0	40.0
1393196923817	3720.0	155.0	83.0	40.0
1393196923836	3720.0	106.0	48.0	93.0
1393196923838	3720.0	155.0	83.0	40.0
1393196923853	3718.0	155.0	83.0	40.0
1393196923856	3718.0	155.0	83.0	39.0
1393196923867	3718.0	155.0	83.0	39.0
1393196923876	3718.0	155.0	83.0	40.0
1393196923889	3717.0	155.0	83.0	40.0
1393196923903	3717.0	155.0	83.0	40.0
1393196923907	3717.0	155.0	83.0	40.0
1393196923925	3717.0	155.0	83.0	40.0
1393196923928	3720.0	155.0	83.0	40.0
1393196923936	3720.0	155.0	83.0	40.0
1393196923951	3720.0	154.0	83.0	40.0
1393196923956	3719.0	154.0	83.0	40.0
1393196923967	3719.0	154.0	83.0	40.0
1393196923977	3719.0	154.0	83.0	40.0
1393196923986	3719.0	154.0	83.0	40.0
1393196924009	3717.0	154.0	83.0	40.0
1393196924026	3717.0	155.0	83.0	40.0
1393196924028	3717.0	155.0	83.0	40.0
1393196924037	3711.0	155.0	83.0	40.0
1393196924048	3711.0	155.0	83.0	39.0
1393196924056	3711.0	155.0	83.0	39.0
1393196924068	3711.0	155.0	83.0	39.0
1393196924076	3713.0	155.0	83.0	40.0
1393196924086	3713.0	155.0	83.0	40.0
1393196924097	3713.0	155.0	83.0	40.0
1393196924107	3708.0	155.0	83.0	40.0
1393196924116	3708.0	155.0	83.0	40.0
1393196924131	3708.0	154.0	83.0	40.0
1393196924136	3708.0	154.0	83.0	41.0
1393196924148	3716.0	154.0	83.0	41.0
1393196924156	3716.0	154.0	83.0	41.0
1393196924167	3716.0	154.0	83.0	41.0
1393196924178	3716.0	154.0	83.0	41.0
1393196924189	3715.0	154.0	83.0	41.0
1393196924200	3715.0	154.0	83.0	41.0
1393196924207	3715.0	154.0	83.0	41.0
1393196924216	3715.0	154.0	83.0	41.0
1393196924227	3716.0	154.0	83.0	40.0
1393196924237	3716.0	155.0	83.0	40.0
1393196924249	3716.0	155.0	83.0	40.0
1393196924257	3717.0	155.0	83.0	40.0
1393196924268	3717.0	155.0	83.0	40.0
1393196924277	3717.0	155.0	83.0	40.0
1393196924287	3717.0	155.0	83.0	39.0
1393196924298	3712.0	156.0	83.0	39.0
1393196924309	3712.0	156.0	83.0	39.0
1393196924317	3712.0	156.0	83.0	39.0
1393196924328	3712.0	156.0	83.0	39.0
1393196924337	3707.0	157.0	83.0	38.0
1393196924350	3707.0	157.0	83.0	38.0
1393196924357	3707.0	157.0	83.0	38.0
1393196924369	3707.0	157.0	83.0	38.0
1393196924377	3703.0	157.0	83.0	38.0
1393196924387	3703.0	157.0	83.0	38.0
1393196924399	3703.0	157.0	83.0	38.0
1393196924407	3705.0	157.0	83.0	38.0
1393196924417	3705.0	157.0	83.0	38.0
1393196924431	3705.0	157.0	83.0	38.0
1393196924437	3705.0	157.0	83.0	38.0
1393196924447	3705.0	157.0	83.0	38.0
1393196924457	3705.0	157.0	83.0	38.0
1393196924467	3705.0	157.0	83.0	38.0
1393196924480	3705.0	45.0	20.0	29.0
1393196924489	3698.0	157.0	83.0	38.0
1393196924498	3698.0	157.0	83.0	37.0
1393196924507	3698.0	158.0	83.0	37.0
1393196924517	3698.0	158.0	83.0	37.0
1393196924531	3699.0	158.0	83.0	37.0
1393196924537	3699.0	158.0	83.0	37.0
1393196924550	3699.0	158.0	83.0	37.0
1393196924557	3702.0	158.0	83.0	37.0
1393196924570	3702.0	158.0	83.0	37.0
1393196924579	3702.0	158.0	83.0	37.0
1393196924588	3702.0	158.0	83.0	37.0
1393196924602	3702.0	158.0	83.0	37.0
1393196924610	3702.0	158.0	83.0	37.0
1393196924617	3702.0	158.0	83.0	37.0
1393196924630	3702.0	158.0	83.0	37.0
1393196924637	3705.0	158.0	83.0	37.0
1393196924651	3705.0	158.0	83.0	37.0
1393196924659	3705.0	158.0	83.0	37.0
1393196924679	3705.0	158.0	83.0	37.0
1393196924680	3702.0	158.0	83.0	37.0
1393196924687	3702.0	104.0	44.0	90.0
1393196924700	3702.0	158.0	83.0	37.0
1393196924710	3704.0	158.0	83.0	37.0
1393196924717	3704.0	158.0	83.0	37.0
1393196924730	3704.0	158.0	83.0	37.0
1393196924737	3704.0	158.0	83.0	37.0
1393196924748	3707.0	158.0	83.0	37.0
1393196924759	3707.0	158.0	83.0	37.0
1393196924768	3707.0	158.0	83.0	37.0
1393196924790	3707.0	158.0	83.0	37.0
1393196924794	3707.0	158.0	83.0	37.0
1393196924798	3707.0	158.0	83.0	37.0
1393196924808	3707.0	158.0	83.0	37.0
1393196924818	3707.0	158.0	83.0	37.0
1393196924840	3707.0	158.0	83.0	37.0
1393196924842	3707.0	158.0	83.0	37.0
1393196924850	3707.0	158.0	83.0	37.0
1393196924857	3708.0	158.0	83.0	37.0
1393196924867	3708.0	158.0	83.0	37.0
1393196924879	3708.0	158.0	83.0	37.0
1393196924887	3708.0	158.0	83.0	37.0
1393196924928	3708.0	158.0	83.0	37.0
1393196924949	3708.0	158.0	83.0	37.0
1393196924950	3708.0	158.0	83.0	37.0
1393196924952	3708.0	158.0	83.0	37.0
1393196924954	3705.0	158.0	83.0	37.0
1393196924956	3705.0	158.0	83.0	37.0
1393196924958	3705.0	157.0	83.0	37.0
1393196924969	3708.0	157.0	83.0	37.0
1393196924978	3708.0	157.0	83.0	38.0
1393196924987	3708.0	157.0	83.0	38.0
1393196924997	3708.0	157.0	83.0	38.0
1393196925008	3712.0	157.0	83.0	38.0
1393196925017	3712.0	157.0	83.0	38.0
1393196925030	3712.0	157.0	83.0	38.0
1393196925037	3712.0	157.0	83.0	37.0
1393196925048	3710.0	157.0	83.0	37.0
1393196925058	3710.0	158.0	83.0	37.0
1393196925068	3710.0	158.0	83.0	37.0
1393196925080	3710.0	158.0	83.0	37.0
1393196925090	3713.0	158.0	83.0	37.0
1393196925098	3713.0	158.0	83.0	37.0
1393196925108	3713.0	158.0	83.0	37.0
1393196925118	3712.0	158.0	83.0	37.0
1393196925129	3712.0	158.0	83.0	37.0
1393196925138	3712.0	158.0	83.0	37.0
1393196925150	3712.0	158.0	83.0	37.0
1393196925158	3714.0	158.0	83.0	37.0
1393196925168	3714.0	158.0	83.0	37.0
1393196925182	3714.0	158.0	83.0	37.0
1393196925188	3714.0	158.0	83.0	37.0
1393196925199	3713.0	158.0	83.0	37.0
1393196925215	3713.0	158.0	83.0	37.0
1393196925218	3713.0	157.0	83.0	37.0
1393196925231	3713.0	157.0	83.0	38.0
1393196925238	3714.0	157.0	83.0	38.0
1393196925248	3714.0	157.0	83.0	38.0
1393196925258	3714.0	157.0	83.0	38.0
1393196925271	3715.0	157.0	83.0	38.0
1393196925288	3715.0	157.0	83.0	38.0
1393196925298	3715.0	157.0	83.0	38.0
1393196925309	3717.0	157.0	83.0	38.0
1393196925323	3717.0	157.0	83.0	38.0
1393196925330	3717.0	157.0	83.0	38.0
1393196925338	3717.0	157.0	83.0	38.0
1393196925348	3715.0	157.0	83.0	38.0
1393196925359	3715.0	157.0	83.0	38.0
1393196925368	3715.0	157.0	83.0	38.0
1393196925378	3715.0	157.0	83.0	38.0
1393196925391	3712.0	157.0	83.0	38.0
1393196925398	3712.0	157.0	83.0	38.0
1393196925461	3712.0	3.0	5.0	15.0
1393196925463	3716.0	157.0	83.0	38.0
1393196925464	3716.0	157.0	83.0	38.0
1393196925465	3716.0	157.0	83.0	38.0
1393196925467	3716.0	157.0	83.0	38.0
1393196925468	3717.0	157.0	83.0	38.0
1393196925470	3717.0	156.0	83.0	38.0
1393196925479	3717.0	156.0	83.0	38.0
1393196925487	3717.0	156.0	83.0	39.0
1393196925497	3715.0	156.0	83.0	39.0
1393196925513	3715.0	156.0	83.0	39.0
1393196925518	3715.0	156.0	83.0	38.0
1393196925530	3715.0	156.0	83.0	39.0
1393196925538	3717.0	156.0	83.0	39.0
1393196925548	3717.0	156.0	83.0	39.0
1393196925561	3717.0	156.0	83.0	39.0
1393196925570	3718.0	156.0	83.0	39.0
1393196925580	3718.0	156.0	83.0	39.0
1393196925588	3718.0	156.0	83.0	39.0
1393196925598	3718.0	156.0	83.0	39.0
1393196925614	3720.0	156.0	83.0	39.0
1393196925619	3720.0	156.0	83.0	39.0
1393196925631	3720.0	156.0	83.0	39.0
1393196925638	3720.0	156.0	83.0	39.0
1393196925650	3719.0	156.0	83.0	39.0
1393196925662	3719.0	156.0	83.0	39.0
1393196925668	3719.0	155.0	83.0	39.0
1393196925680	3719.0	155.0	83.0	40.0
1393196925695	3719.0	155.0	83.0	40.0
1393196925699	3719.0	155.0	83.0	40.0
1393196925711	3719.0	155.0	83.0	40.0
1393196925718	3722.0	155.0	83.0	40.0
1393196925730	3722.0	155.0	83.0	39.0
1393196925738	3722.0	155.0	83.0	39.0
1393196925750	3722.0	155.0	83.0	40.0
1393196925765	3721.0	155.0	83.0	40.0
1393196925771	3721.0	155.0	83.0	40.0
1393196925787	3721.0	155.0	83.0	40.0
1393196925792	3721.0	155.0	83.0	40.0
1393196925798	3721.0	155.0	83.0	40.0
1393196925811	3721.0	155.0	83.0	39.0
1393196925818	3721.0	155.0	83.0	39.0
1393196925834	3721.0	155.0	83.0	39.0
1393196925838	3718.0	156.0	83.0	39.0
1393196925848	3718.0	156.0	83.0	39.0
1393196925859	3718.0	155.0	83.0	39.0
1393196925870	3720.0	155.0	83.0	39.0
1393196925878	3720.0	155.0	83.0	40.0
1393196925888	3720.0	155.0	83.0	40.0
1393196925900	3720.0	155.0	83.0	39.0
1393196925915	3722.0	155.0	83.0	39.0
1393196925918	3722.0	155.0	83.0	39.0
1393196925944	3722.0	156.0	84.0	39.0
1393196925945	3722.0	156.0	83.0	39.0
1393196925949	3722.0	156.0	83.0	39.0
1393196925965	3722.0	156.0	83.0	39.0
1393196925968	3722.0	156.0	83.0	39.0
1393196925978	3722.0	156.0	83.0	39.0
1393196925993	3722.0	156.0	83.0	39.0
1393196925998	3722.0	156.0	83.0	39.0
1393196926013	3722.0	156.0	83.0	39.0
1393196926018	3722.0	156.0	83.0	39.0
1393196926028	3722.0	156.0	83.0	39.0
1393196926038	3722.0	156.0	83.0	39.0
1393196926050	3722.0	156.0	83.0	39.0
1393196926059	3717.0	156.0	83.0	39.0
1393196926068	3717.0	156.0	83.0	39.0
1393196926079	3717.0	156.0	83.0	39.0
1393196926090	3717.0	156.0	83.0	38.0
1393196926099	3718.0	157.0	83.0	38.0
1393196926111	3718.0	157.0	83.0	38.0
1393196926119	3718.0	157.0	83.0	38.0
1393196926129	3720.0	157.0	83.0	38.0
1393196926140	3720.0	157.0	83.0	38.0
1393196926149	3720.0	157.0	83.0	38.0
1393196926160	3720.0	157.0	83.0	38.0
1393196926172	3716.0	157.0	83.0	38.0
1393196926179	3716.0	157.0	83.0	38.0
1393196926190	3716.0	157.0	83.0	38.0
1393196926199	3716.0	157.0	83.0	38.0
1393196926214	3718.0	157.0	83.0	38.0
1393196926221	3718.0	157.0	83.0	38.0
1393196926233	3718.0	157.0	83.0	38.0
1393196926240	3718.0	157.0	83.0	38.0
1393196926250	3718.0	156.0	83.0	38.0
1393196926267	3718.0	156.0	83.0	38.0
1393196926271	3718.0	156.0	83.0	38.0
1393196926280	3722.0	156.0	83.0	38.0
1393196926301	3722.0	169.0	12.0	162.0
1393196926306	3722.0	156.0	83.0	39.0
1393196926311	3722.0	156.0	83.0	39.0
1393196926321	3720.0	156.0	83.0	39.0
1393196926332	3720.0	156.0	83.0	39.0
1393196926354	3720.0	156.0	83.0	39.0
1393196926359	3720.0	75.0	9.0	28.0
1393196926362	3719.0	156.0	83.0	39.0
1393196926370	3719.0	156.0	83.0	39.0
1393196926382	3719.0	156.0	83.0	39.0
1393196926397	3719.0	156.0	83.0	39.0
1393196926401	3719.0	156.0	83.0	39.0
1393196926411	3719.0	156.0	83.0	39.0
1393196926419	3719.0	156.0	83.0	39.0
1393196926429	3722.0	156.0	83.0	39.0
1393196926443	3722.0	156.0	83.0	39.0
1393196926449	3722.0	155.0	83.0	39.0
1393196926459	3722.0	155.0	83.0	39.0
1393196926471	3719.0	155.0	83.0	39.0
1393196926481	3719.0	155.0	83.0	39.0
1393196926506	3719.0	155.0	83.0	39.0
1393196926509	3719.0	173.0	3.0	164.0
1393196926523	3723.0	155.0	83.0	40.0
1393196926524	3723.0	155.0	83.0	40.0
1393196926531	3723.0	155.0	83.0	40.0
1393196926542	3723.0	155.0	83.0	40.0
1393196926548	3717.0	155.0	83.0	40.0
1393196926568	3717.0	155.0	83.0	40.0
1393196926578	3721.0	155.0	83.0	40.0
1393196926597	3721.0	155.0	83.0	40.0
1393196926598	3721.0	155.0	83.0	40.0
1393196926608	3721.0	155.0	83.0	40.0
1393196926618	3721.0	155.0	83.0	40.0
1393196926628	3721.0	155.0	83.0	40.0
1393196926673	3721.0	155.0	83.0	40.0
1393196926704	3721.0	155.0	83.0	40.0
1393196926704	3726.0	155.0	83.0	40.0
1393196926705	3726.0	155.0	83.0	40.0
