1392938983916	62903.0	35.0	84.0	5.0
1392938983925	62903.0	36.0	84.0	3.0
1392938983935	62903.0	36.0	84.0	3.0
1392938983945	62903.0	36.0	84.0	3.0
1392938983957	62903.0	35.0	84.0	4.0
1392938983965	62903.0	30.0	84.0	8.0
1392938983976	62903.0	26.0	84.0	12.0
1392938983985	62903.0	23.0	84.0	14.0
1392938984006	0.0	19.0	83.0	17.0
1392938984025	62903.0	22.0	83.0	14.0
1392938984045	62903.0	151.0	4.0	90.0
1392938984055	62903.0	29.0	82.0	9.0
1392938984075	62903.0	150.0	4.0	90.0
1392938984095	0.0	30.0	82.0	6.0
1392938984105	0.0	33.0	82.0	3.0
1392938984115	0.0	36.0	82.0	1.0
1392938984125	62903.0	41.0	83.0	4.0
1392938984135	62903.0	43.0	83.0	7.0
1392938984145	62903.0	44.0	83.0	9.0
1392938984156	62903.0	134.0	83.0	10.0
1392938984165	62903.0	46.0	82.0	10.0
1392938984175	62903.0	45.0	82.0	9.0
1392938984186	62903.0	44.0	81.0	8.0
1392938984195	0.0	43.0	80.0	6.0
1392938984205	0.0	42.0	79.0	5.0
1392938984216	0.0	41.0	79.0	4.0
1392938984226	62903.0	40.0	78.0	2.0
1392938984235	62903.0	39.0	77.0	1.0
1392938984245	62903.0	37.0	77.0	1.0
1392938984255	62903.0	36.0	76.0	1.0
1392938984265	62903.0	35.0	76.0	2.0
1392938984276	62903.0	34.0	76.0	2.0
1392938984287	62903.0	33.0	77.0	3.0
1392938984296	0.0	33.0	77.0	3.0
1392938984306	0.0	24.0	82.0	6.0
1392938984316	0.0	23.0	82.0	6.0
1392938984327	62903.0	24.0	82.0	6.0
1392938984337	62903.0	23.0	82.0	6.0
1392938984346	62903.0	22.0	82.0	7.0
1392938984356	62903.0	23.0	82.0	8.0
1392938984366	62903.0	22.0	82.0	8.0
1392938984376	62903.0	20.0	82.0	9.0
1392938984387	62903.0	19.0	82.0	10.0
1392938984396	0.0	19.0	82.0	10.0
1392938984445	0.0	56.0	54.0	154.0
1392938984447	0.0	18.0	82.0	11.0
1392938984449	62903.0	18.0	82.0	12.0
1392938984450	62903.0	17.0	83.0	12.0
1392938984451	62903.0	17.0	83.0	12.0
1392938984481	62903.0	17.0	83.0	12.0
1392938984483	62903.0	17.0	83.0	13.0
1392938984485	62903.0	16.0	83.0	13.0
1392938984497	62903.0	16.0	83.0	13.0
1392938984499	0.0	16.0	83.0	14.0
1392938984506	0.0	16.0	83.0	14.0
1392938984517	0.0	15.0	83.0	14.0
1392938984526	62903.0	15.0	83.0	14.0
1392938984540	62903.0	16.0	83.0	14.0
1392938984546	62903.0	16.0	83.0	14.0
1392938984556	62903.0	17.0	84.0	14.0
1392938984566	62903.0	17.0	84.0	14.0
1392938984576	62903.0	17.0	84.0	14.0
1392938984586	62903.0	17.0	84.0	13.0
1392938984596	62903.0	18.0	84.0	13.0
1392938984606	62903.0	19.0	84.0	12.0
1392938984616	62903.0	19.0	84.0	12.0
1392938984626	62903.0	20.0	84.0	12.0
1392938984639	62903.0	20.0	84.0	12.0
1392938984646	62903.0	20.0	84.0	12.0
1392938984657	62903.0	20.0	84.0	12.0
1392938984668	62903.0	20.0	84.0	12.0
1392938984680	62903.0	21.0	84.0	12.0
1392938984691	62903.0	21.0	84.0	12.0
1392938984696	62903.0	21.0	84.0	12.0
1392938984707	62903.0	22.0	84.0	11.0
1392938984716	62903.0	22.0	84.0	11.0
1392938984727	62903.0	23.0	84.0	10.0
1392938984737	62903.0	23.0	84.0	10.0
1392938984746	62903.0	23.0	84.0	10.0
1392938984757	62903.0	24.0	84.0	9.0
1392938984766	62903.0	24.0	84.0	9.0
1392938984776	62903.0	25.0	84.0	8.0
1392938984787	62903.0	25.0	84.0	8.0
1392938984796	62903.0	25.0	84.0	8.0
1392938984808	62903.0	25.0	85.0	8.0
1392938984817	62903.0	27.0	85.0	7.0
1392938984827	62903.0	27.0	85.0	7.0
1392938984839	62903.0	28.0	85.0	6.0
1392938984846	62903.0	29.0	85.0	6.0
1392938984856	62903.0	29.0	85.0	5.0
1392938984869	62903.0	31.0	85.0	5.0
1392938984877	62903.0	31.0	85.0	5.0
1392938984886	62903.0	32.0	85.0	5.0
1392938984896	62903.0	32.0	85.0	4.0
1392938984907	62903.0	32.0	85.0	4.0
1392938984921	62903.0	32.0	85.0	4.0
1392938984927	62903.0	32.0	85.0	4.0
1392938984937	62903.0	33.0	85.0	4.0
1392938984958	62903.0	32.0	85.0	5.0
1392938984981	62903.0	32.0	85.0	5.0
1392938984983	62903.0	32.0	85.0	6.0
1392938984990	62903.0	32.0	85.0	6.0
1392938984997	62903.0	32.0	85.0	6.0
1392938985006	62903.0	32.0	85.0	6.0
1392938985018	62903.0	31.0	85.0	7.0
1392938985026	62903.0	32.0	85.0	7.0
1392938985039	62903.0	31.0	86.0	7.0
1392938985046	62903.0	31.0	86.0	8.0
1392938985057	62903.0	30.0	86.0	8.0
1392938985069	62903.0	30.0	86.0	9.0
1392938985076	62903.0	29.0	86.0	9.0
1392938985086	62903.0	29.0	86.0	10.0
1392938985096	62903.0	28.0	86.0	11.0
1392938985106	62903.0	27.0	86.0	11.0
1392938985117	62903.0	27.0	86.0	12.0
1392938985126	62903.0	26.0	86.0	13.0
1392938985136	62903.0	25.0	86.0	14.0
1392938985146	62903.0	24.0	86.0	15.0
1392938985156	62903.0	23.0	86.0	16.0
1392938985166	62903.0	21.0	86.0	18.0
1392938985177	62903.0	22.0	86.0	18.0
1392938985186	62903.0	22.0	86.0	19.0
1392938985196	62903.0	21.0	86.0	19.0
1392938985206	62903.0	21.0	86.0	19.0
1392938985218	62903.0	23.0	86.0	19.0
1392938985226	62903.0	22.0	86.0	20.0
1392938985237	62903.0	21.0	87.0	20.0
1392938985246	62903.0	22.0	87.0	21.0
1392938985257	62903.0	22.0	87.0	21.0
1392938985268	62903.0	22.0	88.0	22.0
1392938985277	62903.0	20.0	88.0	23.0
1392938985288	62903.0	20.0	88.0	25.0
1392938985297	62903.0	17.0	88.0	28.0
1392938985307	62903.0	13.0	88.0	32.0
1392938985319	62903.0	10.0	88.0	36.0
1392938985327	62903.0	6.0	88.0	39.0
1392938985337	62903.0	5.0	88.0	40.0
1392938985352	62903.0	6.0	88.0	40.0
1392938985357	62903.0	7.0	88.0	38.0
1392938985368	62903.0	10.0	88.0	36.0
1392938985377	62903.0	14.0	88.0	34.0
1392938985387	62903.0	17.0	88.0	31.0
1392938985401	62903.0	20.0	88.0	28.0
1392938985407	62903.0	24.0	88.0	24.0
1392938985417	62903.0	28.0	88.0	21.0
1392938985426	62903.0	32.0	88.0	17.0
1392938985437	62903.0	35.0	89.0	14.0
1392938985450	62903.0	38.0	89.0	11.0
1392938985457	62903.0	41.0	88.0	10.0
1392938985471	62903.0	41.0	88.0	9.0
1392938985477	62903.0	42.0	88.0	9.0
1392938985487	62903.0	42.0	88.0	9.0
1392938985499	62903.0	42.0	88.0	9.0
1392938985507	62903.0	43.0	88.0	8.0
1392938985517	62903.0	44.0	88.0	7.0
1392938985527	62903.0	45.0	88.0	6.0
1392938985538	62903.0	47.0	88.0	4.0
1392938985551	62903.0	48.0	88.0	3.0
1392938985557	62903.0	50.0	88.0	1.0
1392938985567	62903.0	51.0	88.0	0.0
1392938985577	62903.0	52.0	88.0	1.0
1392938985587	62903.0	53.0	88.0	1.0
1392938985601	62903.0	54.0	88.0	2.0
1392938985607	62903.0	55.0	88.0	3.0
1392938985620	62903.0	56.0	88.0	5.0
1392938985627	62903.0	57.0	88.0	6.0
1392938985637	62903.0	58.0	88.0	8.0
1392938985647	62903.0	61.0	88.0	9.0
1392938985658	62903.0	62.0	88.0	11.0
1392938985669	62903.0	63.0	88.0	12.0
1392938985678	62903.0	65.0	88.0	13.0
1392938985689	62903.0	66.0	88.0	14.0
1392938985698	62903.0	66.0	88.0	15.0
1392938985708	62903.0	66.0	88.0	15.0
1392938985718	62903.0	66.0	88.0	15.0
1392938985731	62903.0	66.0	88.0	14.0
1392938985738	62903.0	66.0	88.0	14.0
1392938985748	62903.0	66.0	88.0	14.0
1392938985757	62903.0	65.0	88.0	14.0
1392938985768	62903.0	65.0	88.0	14.0
1392938985781	62903.0	64.0	88.0	14.0
1392938985788	62903.0	64.0	88.0	13.0
1392938985801	62903.0	64.0	88.0	13.0
1392938985808	62903.0	64.0	88.0	12.0
1392938985818	62903.0	63.0	88.0	12.0
1392938985833	62903.0	62.0	88.0	11.0
1392938985839	62903.0	61.0	88.0	10.0
1392938985848	62903.0	60.0	88.0	10.0
1392938985858	62903.0	60.0	88.0	9.0
1392938985867	62903.0	60.0	88.0	9.0
1392938985878	62903.0	59.0	88.0	8.0
1392938985887	62903.0	59.0	88.0	8.0
1392938985899	62903.0	58.0	88.0	8.0
1392938985911	62903.0	58.0	88.0	8.0
1392938985917	62903.0	58.0	88.0	7.0
1392938985931	62903.0	57.0	88.0	7.0
1392938985937	62903.0	56.0	88.0	6.0
1392938985948	62903.0	56.0	88.0	6.0
1392938985960	62903.0	56.0	88.0	6.0
1392938985967	62903.0	56.0	88.0	6.0
1392938985980	62903.0	56.0	88.0	5.0
1392938985987	62903.0	55.0	88.0	5.0
1392938985998	62903.0	55.0	88.0	5.0
1392938986007	62903.0	55.0	88.0	4.0
1392938986018	62903.0	54.0	88.0	4.0
1392938986030	62903.0	54.0	88.0	4.0
1392938986037	62903.0	55.0	88.0	4.0
1392938986058	62903.0	54.0	88.0	3.0
1392938986067	62903.0	53.0	88.0	2.0
1392938986079	62903.0	53.0	88.0	2.0
1392938986087	62903.0	53.0	88.0	2.0
1392938986097	62903.0	53.0	88.0	2.0
1392938986108	62903.0	53.0	88.0	2.0
1392938986117	62903.0	53.0	88.0	3.0
1392938986128	62903.0	54.0	88.0	4.0
1392938986138	62903.0	55.0	88.0	4.0
1392938986147	62903.0	55.0	88.0	4.0
1392938986158	62903.0	54.0	88.0	4.0
1392938986168	62903.0	54.0	88.0	3.0
1392938986179	62903.0	53.0	88.0	2.0
1392938986187	62903.0	53.0	88.0	2.0
1392938986201	62903.0	53.0	88.0	1.0
1392938986215	62903.0	53.0	88.0	1.0
1392938986218	62903.0	53.0	88.0	2.0
1392938986230	62903.0	53.0	88.0	2.0
1392938986249	62903.0	54.0	88.0	2.0
1392938986266	62903.0	54.0	88.0	2.0
1392938986267	62903.0	54.0	88.0	2.0
1392938986277	62903.0	54.0	88.0	2.0
1392938986288	62903.0	54.0	88.0	2.0
1392938986310	62903.0	54.0	88.0	2.0
1392938986323	62903.0	54.0	88.0	2.0
1392938986325	62903.0	53.0	88.0	2.0
1392938986345	62903.0	53.0	88.0	2.0
1392938986348	62903.0	53.0	88.0	2.0
1392938986350	62903.0	53.0	88.0	2.0
1392938986367	62903.0	53.0	88.0	2.0
1392938986369	62903.0	53.0	88.0	2.0
1392938986378	62903.0	51.0	88.0	1.0
1392938986387	62903.0	51.0	88.0	0.0
1392938986397	62903.0	51.0	88.0	0.0
1392938986411	62903.0	51.0	88.0	0.0
1392938986418	62903.0	50.0	88.0	0.0
1392938986430	62903.0	51.0	88.0	1.0
1392938986441	62903.0	52.0	88.0	2.0
1392938986448	62903.0	53.0	88.0	3.0
1392938986459	62903.0	54.0	88.0	4.0
1392938986467	62903.0	53.0	88.0	4.0
1392938986479	62903.0	52.0	88.0	2.0
1392938986490	62903.0	51.0	88.0	1.0
1392938986499	62903.0	49.0	88.0	1.0
1392938986511	62903.0	48.0	87.0	2.0
1392938986518	62903.0	47.0	87.0	3.0
1392938986529	62903.0	47.0	87.0	3.0
1392938986538	62903.0	46.0	87.0	4.0
1392938986548	62903.0	46.0	87.0	5.0
1392938986561	62903.0	46.0	87.0	5.0
1392938986569	62903.0	158.0	4.0	90.0
1392938986579	62903.0	46.0	87.0	6.0
1392938986589	62903.0	46.0	87.0	6.0
1392938986601	62903.0	45.0	87.0	6.0
1392938986608	62903.0	45.0	87.0	6.0
1392938986618	62903.0	45.0	87.0	7.0
1392938986628	62903.0	45.0	87.0	7.0
1392938986641	62903.0	45.0	87.0	7.0
1392938986648	62903.0	44.0	87.0	6.0
1392938986661	62903.0	44.0	87.0	6.0
1392938986668	62903.0	44.0	87.0	6.0
1392938986679	62903.0	44.0	87.0	6.0
1392938986701	62903.0	44.0	87.0	6.0
1392938986703	62903.0	44.0	87.0	7.0
1392938986708	62903.0	44.0	87.0	7.0
1392938986718	62903.0	43.0	87.0	7.0
1392938986728	62903.0	42.0	87.0	7.0
1392938986742	62903.0	42.0	87.0	7.0
1392938986749	62903.0	42.0	87.0	7.0
1392938986759	62903.0	42.0	87.0	8.0
1392938986768	62903.0	42.0	87.0	8.0
1392938986779	62903.0	41.0	87.0	9.0
1392938986788	62903.0	41.0	87.0	9.0
1392938986799	62903.0	40.0	87.0	9.0
1392938986810	62903.0	40.0	87.0	10.0
1392938986820	62903.0	40.0	87.0	10.0
1392938986829	62903.0	39.0	87.0	10.0
1392938986846	62903.0	39.0	87.0	11.0
1392938986849	62903.0	39.0	87.0	11.0
1392938986860	62903.0	38.0	87.0	11.0
1392938986870	62903.0	38.0	87.0	12.0
1392938986889	62903.0	37.0	87.0	13.0
1392938986899	62903.0	37.0	87.0	13.0
1392938986908	62903.0	37.0	87.0	13.0
1392938986919	62903.0	37.0	87.0	12.0
1392938986930	62903.0	38.0	87.0	12.0
1392938986939	62903.0	40.0	87.0	10.0
1392938986948	62903.0	42.0	87.0	9.0
1392938986959	62903.0	43.0	87.0	8.0
1392938986968	62903.0	44.0	86.0	7.0
1392938986979	62903.0	45.0	86.0	7.0
1392938986989	62903.0	45.0	86.0	7.0
1392938986999	62903.0	45.0	86.0	7.0
1392938987008	62903.0	45.0	86.0	7.0
1392938987021	62903.0	45.0	86.0	8.0
1392938987028	62903.0	44.0	86.0	9.0
1392938987039	62903.0	44.0	85.0	9.0
1392938987049	62903.0	44.0	85.0	9.0
1392938987058	62903.0	44.0	85.0	9.0
1392938987071	62903.0	44.0	85.0	9.0
1392938987078	62903.0	44.0	85.0	9.0
1392938987088	62903.0	44.0	85.0	9.0
1392938987099	62903.0	44.0	85.0	9.0
1392938987108	62903.0	44.0	85.0	9.0
1392938987120	62903.0	44.0	85.0	9.0
1392938987128	62903.0	44.0	85.0	9.0
1392938987138	62903.0	45.0	86.0	8.0
1392938987148	62903.0	45.0	86.0	8.0
1392938987159	62903.0	46.0	86.0	7.0
1392938987171	62903.0	46.0	86.0	7.0
1392938987178	62903.0	47.0	86.0	6.0
1392938987193	62903.0	47.0	86.0	5.0
1392938987199	62903.0	48.0	86.0	5.0
1392938987209	62903.0	48.0	86.0	5.0
1392938987220	62903.0	48.0	86.0	4.0
1392938987228	62903.0	49.0	86.0	4.0
1392938987239	62903.0	49.0	86.0	4.0
1392938987248	62903.0	49.0	86.0	4.0
1392938987259	62903.0	49.0	86.0	4.0
1392938987271	62903.0	49.0	86.0	4.0
1392938987279	62903.0	49.0	86.0	4.0
1392938987289	62903.0	49.0	86.0	5.0
1392938987298	62903.0	49.0	86.0	5.0
1392938987309	62903.0	48.0	86.0	5.0
1392938987320	62903.0	48.0	86.0	6.0
1392938987329	62903.0	48.0	86.0	6.0
1392938987339	62903.0	48.0	86.0	6.0
1392938987349	62903.0	47.0	86.0	7.0
1392938987359	62903.0	47.0	86.0	7.0
1392938987370	62903.0	47.0	86.0	7.0
1392938987379	62903.0	46.0	86.0	8.0
1392938987389	62903.0	46.0	86.0	8.0
1392938987403	62903.0	47.0	86.0	8.0
1392938987408	62903.0	47.0	86.0	8.0
1392938987420	62903.0	47.0	86.0	8.0
1392938987429	62903.0	47.0	86.0	8.0
1392938987438	62903.0	47.0	86.0	7.0
1392938987451	62903.0	47.0	86.0	7.0
1392938987459	62903.0	47.0	86.0	7.0
1392938987468	62903.0	47.0	86.0	8.0
1392938987478	62903.0	46.0	86.0	8.0
1392938987489	62903.0	46.0	86.0	8.0
1392938987507	62903.0	46.0	86.0	8.0
1392938987509	62903.0	46.0	86.0	8.0
1392938987529	62903.0	47.0	86.0	8.0
1392938987543	62903.0	47.0	86.0	7.0
1392938987564	62903.0	47.0	86.0	7.0
1392938987565	62903.0	47.0	86.0	7.0
1392938987571	62903.0	47.0	86.0	8.0
1392938987580	62903.0	46.0	86.0	9.0
1392938987589	62903.0	44.0	86.0	10.0
1392938987601	62903.0	43.0	86.0	11.0
1392938987609	62903.0	42.0	86.0	12.0
1392938987620	62903.0	41.0	86.0	12.0
1392938987629	62903.0	41.0	86.0	13.0
1392938987639	62903.0	40.0	86.0	13.0
1392938987652	62903.0	40.0	86.0	14.0
1392938987659	62903.0	39.0	86.0	14.0
1392938987670	62903.0	39.0	86.0	15.0
1392938987679	62903.0	38.0	86.0	15.0
1392938987692	62903.0	37.0	86.0	16.0
1392938987702	62903.0	37.0	86.0	16.0
1392938987709	62903.0	38.0	86.0	15.0
1392938987719	62903.0	39.0	86.0	13.0
1392938987730	62903.0	42.0	86.0	11.0
1392938987739	62903.0	44.0	86.0	9.0
1392938987750	62903.0	47.0	86.0	6.0
1392938987759	62903.0	50.0	86.0	3.0
1392938987769	62903.0	54.0	87.0	2.0
1392938987779	62903.0	59.0	87.0	9.0
1392938987789	62903.0	66.0	86.0	17.0
1392938987800	62903.0	74.0	86.0	24.0
1392938987809	62903.0	80.0	86.0	30.0
1392938987819	62903.0	87.0	85.0	36.0
1392938987829	62903.0	93.0	85.0	41.0
1392938987839	62903.0	97.0	84.0	45.0
1392938987850	62903.0	102.0	84.0	49.0
1392938987859	62903.0	105.0	83.0	53.0
1392938987869	62903.0	108.0	83.0	55.0
1392938987882	62903.0	111.0	82.0	57.0
1392938987889	62903.0	112.0	82.0	58.0
1392938987902	62903.0	115.0	82.0	58.0
1392938987909	62903.0	114.0	81.0	58.0
1392938987919	62903.0	114.0	81.0	58.0
1392938987931	62903.0	114.0	81.0	58.0
1392938987940	62903.0	114.0	81.0	59.0
1392938987950	62903.0	135.0	78.0	100.0
1392938987959	62903.0	115.0	81.0	59.0
1392938987969	62903.0	115.0	81.0	60.0
1392938987981	62903.0	115.0	82.0	61.0
1392938987989	62903.0	115.0	82.0	61.0
1392938988000	62903.0	98.0	79.0	36.0
1392938988009	62903.0	108.0	79.0	46.0
1392938988019	62903.0	116.0	79.0	56.0
1392938988031	62903.0	122.0	79.0	64.0
1392938988039	62903.0	125.0	79.0	68.0
1392938988049	62903.0	123.0	80.0	65.0
1392938988059	62903.0	114.0	81.0	57.0
1392938988069	62903.0	98.0	82.0	42.0
1392938988080	62903.0	82.0	83.0	26.0
1392938988089	62903.0	69.0	84.0	15.0
1392938988100	62903.0	59.0	85.0	7.0
1392938988109	62903.0	49.0	86.0	2.0
1392938988120	62903.0	37.0	86.0	13.0
1392938988130	62903.0	30.0	86.0	22.0
1392938988139	62903.0	27.0	86.0	24.0
1392938988150	62903.0	29.0	87.0	22.0
1392938988160	62903.0	28.0	87.0	23.0
1392938988170	62903.0	23.0	87.0	27.0
1392938988181	62903.0	13.0	88.0	36.0
1392938988189	62903.0	3.0	88.0	50.0
1392938988202	62903.0	20.0	88.0	66.0
1392938988209	62903.0	29.0	88.0	75.0
1392938988219	62903.0	30.0	87.0	75.0
1392938988230	62903.0	27.0	87.0	72.0
1392938988239	62903.0	25.0	86.0	69.0
1392938988250	62903.0	25.0	86.0	66.0
1392938988260	62903.0	20.0	85.0	62.0
1392938988269	62903.0	16.0	84.0	57.0
1392938988280	62903.0	10.0	83.0	51.0
1392938988289	62903.0	5.0	82.0	46.0
1392938988300	62903.0	2.0	80.0	39.0
1392938988312	62903.0	15.0	78.0	32.0
1392938988319	62903.0	26.0	75.0	26.0
1392938988329	62903.0	42.0	71.0	22.0
1392938988339	62903.0	61.0	67.0	20.0
1392938988350	62903.0	84.0	62.0	19.0
1392938988364	62903.0	107.0	58.0	18.0
1392938988370	62903.0	122.0	54.0	16.0
1392938988380	62903.0	121.0	55.0	16.0
1392938988389	62903.0	124.0	52.0	5.0
1392938988403	62903.0	118.0	55.0	2.0
1392938988415	62903.0	111.0	59.0	11.0
1392938988420	62903.0	105.0	65.0	21.0
1392938988430	62903.0	99.0	71.0	28.0
1392938988440	62903.0	92.0	75.0	28.0
1392938988451	62903.0	82.0	77.0	22.0
1392938988462	62903.0	73.0	78.0	16.0
1392938988470	62903.0	66.0	79.0	11.0
1392938988480	62903.0	61.0	80.0	7.0
1392938988489	62903.0	58.0	81.0	4.0
1392938988500	62903.0	55.0	82.0	3.0
1392938988512	62903.0	56.0	83.0	3.0
1392938988519	62903.0	60.0	84.0	7.0
1392938988530	62903.0	68.0	85.0	14.0
1392938988540	62903.0	76.0	85.0	24.0
1392938988551	62903.0	86.0	86.0	35.0
1392938988561	62903.0	98.0	87.0	47.0
1392938988570	62903.0	111.0	88.0	62.0
1392938988580	62903.0	121.0	88.0	73.0
1392938988590	62903.0	122.0	88.0	75.0
1392938988600	62903.0	109.0	88.0	62.0
1392938988631	62903.0	76.0	87.0	27.0
1392938988633	62903.0	76.0	87.0	27.0
1392938988634	62903.0	71.0	86.0	19.0
1392938988640	62903.0	68.0	84.0	14.0
1392938988650	62903.0	68.0	83.0	12.0
1392938988660	62903.0	68.0	82.0	10.0
1392938988669	62903.0	68.0	81.0	8.0
1392938988679	62903.0	66.0	80.0	7.0
1392938988691	62903.0	64.0	80.0	5.0
1392938988701	62903.0	66.0	80.0	7.0
1392938988710	62903.0	68.0	80.0	9.0
1392938988724	62903.0	69.0	80.0	10.0
1392938988730	62903.0	52.0	77.0	11.0
1392938988742	62903.0	41.0	75.0	20.0
1392938988750	62903.0	26.0	73.0	31.0
1392938988763	62903.0	4.0	70.0	42.0
1392938988769	62903.0	27.0	67.0	51.0
1392938988780	62903.0	63.0	64.0	59.0
1392938988791	62903.0	89.0	61.0	64.0
1392938988810	62903.0	95.0	61.0	64.0
1392938988820	62903.0	96.0	61.0	64.0
1392938988830	62903.0	98.0	60.0	64.0
1392938988840	62903.0	39.0	64.0	50.0
1392938988850	62903.0	2.0	67.0	45.0
1392938988860	62903.0	8.0	69.0	42.0
1392938988870	62903.0	10.0	70.0	42.0
1392938988892	62903.0	6.0	72.0	46.0
1392938988901	62903.0	4.0	73.0	47.0
1392938988910	62903.0	5.0	75.0	47.0
1392938988920	62903.0	8.0	76.0	45.0
1392938988930	62903.0	12.0	78.0	43.0
1392938988944	62903.0	17.0	79.0	41.0
1392938988950	62903.0	18.0	81.0	40.0
1392938988960	62903.0	18.0	82.0	41.0
1392938988970	62903.0	13.0	84.0	43.0
1392938988981	62903.0	3.0	86.0	51.0
1392938988992	62903.0	17.0	87.0	70.0
1392938989000	62903.0	57.0	88.0	107.0
1392938989010	62903.0	92.0	87.0	142.0
1392938989023	62903.0	110.0	86.0	157.0
1392938989030	62903.0	116.0	86.0	161.0
1392938989041	62903.0	113.0	86.0	159.0
1392938989050	62903.0	106.0	86.0	151.0
1392938989060	62903.0	90.0	87.0	136.0
1392938989070	62903.0	56.0	88.0	103.0
1392938989081	62903.0	13.0	87.0	61.0
1392938989090	62903.0	11.0	86.0	39.0
1392938989100	62903.0	16.0	85.0	34.0
1392938989111	62903.0	13.0	83.0	36.0
1392938989125	62903.0	6.0	82.0	41.0
1392938989130	62903.0	4.0	81.0	47.0
1392938989142	62903.0	11.0	79.0	52.0
1392938989151	62903.0	24.0	77.0	55.0
1392938989160	62903.0	32.0	76.0	57.0
1392938989173	62903.0	36.0	74.0	58.0
1392938989180	62903.0	47.0	72.0	59.0
1392938989190	62903.0	62.0	69.0	62.0
1392938989201	62903.0	85.0	67.0	66.0
1392938989210	62903.0	98.0	65.0	70.0
1392938989223	62903.0	96.0	65.0	70.0
1392938989231	62903.0	99.0	66.0	70.0
1392938989241	62903.0	95.0	66.0	70.0
1392938989250	62903.0	97.0	66.0	70.0
1392938989261	62903.0	90.0	66.0	56.0
1392938989274	62903.0	47.0	67.0	42.0
1392938989280	62903.0	40.0	68.0	28.0
1392938989291	62903.0	69.0	69.0	16.0
1392938989301	62903.0	77.0	71.0	5.0
1392938989311	62903.0	83.0	73.0	6.0
1392938989325	62903.0	88.0	75.0	17.0
1392938989331	62903.0	92.0	77.0	25.0
1392938989341	62903.0	92.0	78.0	29.0
1392938989353	62903.0	87.0	80.0	28.0
1392938989362	62903.0	80.0	81.0	23.0
1392938989374	62903.0	74.0	81.0	19.0
1392938989384	62903.0	71.0	82.0	17.0
1392938989392	62903.0	75.0	82.0	20.0
1392938989402	62903.0	83.0	81.0	27.0
1392938989411	62903.0	92.0	81.0	35.0
1392938989425	62903.0	100.0	82.0	43.0
1392938989431	62903.0	105.0	82.0	50.0
1392938989442	62903.0	111.0	82.0	56.0
1392938989453	62903.0	116.0	83.0	63.0
1392938989463	62903.0	121.0	83.0	69.0
1392938989480	62903.0	124.0	84.0	73.0
1392938989482	62903.0	125.0	84.0	75.0
1392938989490	62903.0	125.0	84.0	75.0
1392938989504	62903.0	125.0	84.0	76.0
1392938989511	62903.0	124.0	84.0	75.0
1392938989521	62903.0	122.0	84.0	71.0
1392938989530	62903.0	118.0	82.0	65.0
1392938989541	62903.0	114.0	81.0	58.0
1392938989556	62903.0	112.0	79.0	52.0
1392938989563	62903.0	111.0	78.0	49.0
1392938989676	62903.0	113.0	76.0	48.0
1392938989677	62903.0	115.0	75.0	49.0
1392938989678	62903.0	119.0	74.0	52.0
1392938989679	62903.0	121.0	73.0	55.0
1392938989680	62903.0	122.0	73.0	56.0
1392938989681	62903.0	122.0	73.0	57.0
1392938989682	62903.0	123.0	73.0	57.0
1392938989683	62903.0	123.0	73.0	57.0
1392938989684	62903.0	112.0	73.0	45.0
1392938989685	62903.0	104.0	74.0	35.0
1392938989687	62903.0	92.0	74.0	23.0
1392938989688	62903.0	77.0	75.0	10.0
1392938989699	62903.0	59.0	74.0	5.0
1392938989701	62903.0	47.0	71.0	18.0
1392938989710	62903.0	86.0	64.0	26.0
1392938989721	62903.0	167.0	55.0	28.0
1392938989730	62903.0	175.0	44.0	29.0
1392938989742	62903.0	176.0	34.0	29.0
1392938989754	62903.0	177.0	27.0	28.0
1392938989761	62903.0	176.0	23.0	27.0
1392938989771	62903.0	176.0	23.0	27.0
1392938989781	62903.0	176.0	23.0	27.0
1392938989791	62903.0	169.0	33.0	20.0
1392938989803	62903.0	163.0	43.0	18.0
1392938989811	62903.0	150.0	53.0	17.0
1392938989824	62903.0	116.0	61.0	16.0
1392938989831	62903.0	80.0	67.0	11.0
1392938989841	62903.0	72.0	71.0	5.0
1392938989852	62903.0	73.0	74.0	2.0
1392938989862	62903.0	71.0	76.0	6.0
1392938989871	62903.0	68.0	78.0	9.0
1392938989881	62903.0	69.0	80.0	14.0
1392938989891	62903.0	75.0	81.0	20.0
1392938989903	62903.0	82.0	81.0	24.0
1392938989911	62903.0	84.0	81.0	25.0
1392938989922	62903.0	85.0	81.0	23.0
1392938989931	62903.0	82.0	82.0	19.0
1392938989941	62903.0	77.0	83.0	16.0
1392938989962	62903.0	132.0	71.0	161.0
1392938989965	62903.0	70.0	87.0	14.0
1392938989972	62903.0	69.0	89.0	17.0
1392938989986	62903.0	115.0	89.0	165.0
1392938989991	62903.0	118.0	88.0	167.0
1392938990002	62903.0	122.0	87.0	168.0
1392938990011	62903.0	127.0	87.0	172.0
1392938990021	62903.0	133.0	87.0	179.0
1392938990035	62903.0	144.0	88.0	170.0
1392938990041	62903.0	167.0	89.0	146.0
1392938990052	62903.0	150.0	89.0	101.0
1392938990061	62903.0	129.0	89.0	79.0
1392938990071	62903.0	131.0	88.0	81.0
1392938990082	62903.0	138.0	88.0	87.0
1392938990091	62903.0	138.0	87.0	90.0
1392938990102	62903.0	135.0	87.0	87.0
1392938990111	62903.0	125.0	86.0	77.0
1392938990127	62903.0	113.0	86.0	64.0
1392938990132	62903.0	101.0	85.0	51.0
1392938990141	62903.0	88.0	85.0	39.0
1392938990153	62903.0	80.0	85.0	29.0
1392938990165	62903.0	88.0	84.0	34.0
1392938990171	62903.0	92.0	84.0	39.0
1392938990185	62903.0	64.0	85.0	13.0
1392938990191	62903.0	45.0	84.0	5.0
1392938990202	62903.0	26.0	81.0	23.0
1392938990211	62903.0	3.0	76.0	37.0
1392938990222	62903.0	65.0	68.0	47.0
1392938990235	62903.0	140.0	61.0	53.0
1392938990241	62903.0	156.0	53.0	55.0
1392938990251	62903.0	163.0	47.0	55.0
1392938990261	62903.0	167.0	41.0	53.0
1392938990271	62903.0	171.0	37.0	49.0
1392938990284	62903.0	176.0	36.0	43.0
1392938990291	62903.0	179.0	38.0	35.0
1392938990301	62903.0	169.0	44.0	26.0
1392938990312	62903.0	152.0	52.0	16.0
1392938990322	62903.0	125.0	61.0	6.0
1392938990333	62903.0	101.0	69.0	6.0
1392938990341	62903.0	95.0	75.0	20.0
1392938990351	62903.0	101.0	78.0	35.0
1392938990363	62903.0	108.0	79.0	46.0
1392938990382	62903.0	110.0	80.0	51.0
1392938990391	62903.0	109.0	81.0	51.0
1392938990402	62903.0	110.0	81.0	52.0
1392938990415	62903.0	114.0	81.0	55.0
1392938990432	62903.0	123.0	81.0	65.0
1392938990444	62903.0	128.0	80.0	70.0
1392938990452	62903.0	131.0	80.0	74.0
1392938990464	62903.0	132.0	80.0	76.0
1392938990484	62903.0	132.0	80.0	75.0
1392938990489	62903.0	130.0	81.0	73.0
1392938990491	62903.0	128.0	81.0	71.0
1392938990501	62903.0	127.0	81.0	70.0
1392938990513	62903.0	127.0	81.0	69.0
1392938990522	62903.0	128.0	81.0	70.0
1392938990531	62903.0	130.0	80.0	72.0
1392938990541	62903.0	134.0	80.0	75.0
1392938990552	62903.0	137.0	80.0	78.0
1392938990564	62903.0	140.0	79.0	82.0
1392938990572	62903.0	141.0	79.0	83.0
1392938990584	62903.0	141.0	78.0	83.0
1392938990592	62903.0	140.0	78.0	82.0
1392938990603	62903.0	139.0	78.0	80.0
1392938990616	62903.0	136.0	78.0	77.0
1392938990622	62903.0	133.0	78.0	73.0
1392938990633	62903.0	130.0	79.0	69.0
1392938990643	62903.0	129.0	78.0	68.0
1392938990653	62903.0	129.0	78.0	67.0
1392938990664	62903.0	128.0	78.0	67.0
1392938990672	62903.0	128.0	78.0	66.0
1392938990683	62903.0	89.0	84.0	35.0
1392938990694	62903.0	61.0	84.0	9.0
1392938990707	62903.0	38.0	82.0	11.0
1392938990712	62903.0	38.0	82.0	12.0
1392938990733	62903.0	44.0	73.0	23.0
1392938990742	62903.0	81.0	69.0	19.0
1392938990755	62903.0	109.0	65.0	15.0
1392938990762	62903.0	122.0	62.0	12.0
1392938990772	62903.0	124.0	61.0	11.0
1392938990782	62903.0	120.0	62.0	11.0
1392938990796	62903.0	5.0	65.0	11.0
1392938990802	62903.0	81.0	69.0	13.0
1392938990815	62903.0	51.0	74.0	16.0
1392938990824	62903.0	29.0	80.0	21.0
1392938990833	62903.0	17.0	84.0	25.0
1392938990846	62903.0	13.0	87.0	27.0
1392938990852	62903.0	23.0	88.0	18.0
1392938990862	62903.0	36.0	89.0	5.0
1392938990873	62903.0	35.0	88.0	8.0
1392938990882	62903.0	35.0	87.0	9.0
1392938990895	62903.0	43.0	87.0	2.0
1392938990902	62903.0	59.0	87.0	12.0
1392938990912	62903.0	81.0	87.0	32.0
1392938990922	62903.0	104.0	87.0	54.0
1392938990932	62903.0	123.0	86.0	72.0
1392938990944	62903.0	137.0	85.0	84.0
1392938990953	62903.0	147.0	84.0	94.0
1392938990962	62903.0	155.0	83.0	102.0
1392938990972	62903.0	161.0	82.0	108.0
1392938990982	62903.0	164.0	81.0	112.0
1392938990994	62903.0	167.0	81.0	115.0
1392938991005	62903.0	168.0	80.0	116.0
1392938991012	62903.0	167.0	80.0	114.0
1392938991023	62903.0	165.0	80.0	111.0
1392938991033	62903.0	162.0	80.0	107.0
1392938991045	62903.0	158.0	80.0	102.0
1392938991052	62903.0	153.0	80.0	96.0
1392938991063	62903.0	149.0	81.0	92.0
1392938991073	62903.0	146.0	81.0	88.0
1392938991083	62903.0	143.0	82.0	84.0
1392938991095	62903.0	139.0	83.0	81.0
1392938991103	62903.0	133.0	84.0	75.0
1392938991113	62903.0	123.0	84.0	66.0
1392938991127	62903.0	115.0	84.0	57.0
1392938991134	62903.0	109.0	84.0	52.0
1392938991144	62903.0	104.0	84.0	46.0
1392938991153	62903.0	97.0	84.0	39.0
1392938991163	62903.0	93.0	84.0	34.0
1392938991173	62903.0	92.0	84.0	34.0
1392938991183	62903.0	102.0	84.0	37.0
1392938991193	62903.0	100.0	84.0	44.0
1392938991203	62903.0	106.0	84.0	50.0
1392938991213	62903.0	110.0	84.0	55.0
1392938991226	62903.0	110.0	84.0	55.0
1392938991232	62903.0	109.0	84.0	55.0
1392938991242	62903.0	106.0	84.0	52.0
1392938991252	62903.0	104.0	84.0	48.0
1392938991263	62903.0	104.0	83.0	47.0
1392938991275	62903.0	105.0	82.0	46.0
1392938991282	62903.0	107.0	81.0	47.0
1392938991293	62903.0	109.0	81.0	48.0
1392938991313	62903.0	109.0	80.0	45.0
1392938991326	62903.0	108.0	80.0	44.0
1392938991332	62903.0	108.0	79.0	43.0
1392938991343	62903.0	109.0	79.0	44.0
1392938991352	62903.0	110.0	79.0	46.0
1392938991363	62903.0	113.0	80.0	49.0
1392938991382	62903.0	119.0	80.0	58.0
1392938991401	62903.0	123.0	81.0	64.0
1392938991402	62903.0	127.0	81.0	69.0
1392938991412	62903.0	129.0	81.0	72.0
1392938991427	62903.0	129.0	81.0	73.0
1392938991432	62903.0	129.0	82.0	73.0
1392938991442	62903.0	128.0	82.0	72.0
1392938991452	62903.0	127.0	82.0	72.0
1392938991462	62903.0	126.0	82.0	70.0
1392938991473	62903.0	124.0	83.0	68.0
1392938991482	62903.0	121.0	83.0	66.0
1392938991492	62903.0	118.0	83.0	63.0
1392938991502	62903.0	115.0	84.0	60.0
1392938991512	62903.0	110.0	84.0	57.0
1392938991523	62903.0	105.0	85.0	52.0
1392938991532	62903.0	101.0	85.0	47.0
1392938991543	62903.0	94.0	85.0	41.0
1392938991552	62903.0	89.0	84.0	36.0
1392938991564	62903.0	84.0	84.0	32.0
1392938991572	62903.0	82.0	83.0	28.0
1392938991582	62903.0	78.0	83.0	26.0
1392938991592	62903.0	76.0	82.0	24.0
1392938991605	62903.0	76.0	81.0	22.0
1392938991612	62903.0	73.0	81.0	21.0
1392938991623	62903.0	73.0	81.0	20.0
1392938991632	62903.0	73.0	80.0	20.0
1392938991643	62903.0	74.0	80.0	20.0
1392938991652	62903.0	75.0	80.0	20.0
1392938991663	62903.0	74.0	79.0	20.0
1392938991674	62903.0	75.0	79.0	21.0
1392938991682	62903.0	77.0	79.0	22.0
1392938991695	62903.0	77.0	79.0	23.0
1392938991702	62903.0	77.0	78.0	23.0
1392938991712	62903.0	76.0	78.0	22.0
1392938991723	62903.0	76.0	78.0	22.0
1392938991732	62903.0	76.0	78.0	22.0
1392938991754	62903.0	74.0	77.0	19.0
1392938991763	62903.0	73.0	77.0	19.0
1392938991773	62903.0	73.0	77.0	19.0
1392938991783	62903.0	73.0	77.0	20.0
1392938991794	62903.0	72.0	77.0	19.0
1392938991813	62903.0	71.0	76.0	19.0
1392938991823	62903.0	70.0	76.0	18.0
1392938991833	62903.0	69.0	76.0	17.0
1392938991843	62903.0	68.0	76.0	17.0
1392938991857	62903.0	68.0	75.0	16.0
1392938991863	62903.0	68.0	75.0	16.0
1392938991873	62903.0	68.0	75.0	16.0
1392938991884	62903.0	66.0	75.0	15.0
1392938991893	62903.0	67.0	74.0	15.0
1392938991905	62903.0	163.0	74.0	15.0
1392938991914	62903.0	67.0	74.0	15.0
1392938991925	62903.0	67.0	74.0	15.0
1392938991934	62903.0	66.0	73.0	14.0
1392938991943	62903.0	65.0	73.0	14.0
1392938991955	62903.0	66.0	73.0	13.0
1392938991963	62903.0	66.0	73.0	13.0
1392938991973	62903.0	65.0	72.0	14.0
1392938991984	62903.0	65.0	72.0	14.0
1392938991994	62903.0	65.0	73.0	14.0
1392938992006	62903.0	64.0	73.0	13.0
1392938992013	62903.0	64.0	72.0	13.0
1392938992024	62903.0	64.0	72.0	13.0
1392938992034	62903.0	64.0	72.0	13.0
1392938992047	62903.0	64.0	72.0	13.0
1392938992055	62903.0	64.0	72.0	13.0
1392938992063	62903.0	65.0	72.0	14.0
1392938992074	62903.0	66.0	71.0	14.0
1392938992087	62903.0	67.0	71.0	15.0
1392938992093	62903.0	67.0	71.0	16.0
1392938992106	62903.0	67.0	71.0	16.0
1392938992113	62903.0	67.0	71.0	15.0
1392938992124	62903.0	67.0	71.0	15.0
1392938992138	62903.0	66.0	71.0	15.0
1392938992144	62903.0	66.0	71.0	14.0
1392938992156	62903.0	65.0	70.0	14.0
1392938992163	62903.0	65.0	70.0	13.0
1392938992173	62903.0	65.0	70.0	13.0
1392938992186	62903.0	66.0	69.0	13.0
1392938992193	62903.0	67.0	69.0	14.0
1392938992204	62903.0	66.0	69.0	13.0
1392938992213	62903.0	66.0	69.0	13.0
1392938992224	62903.0	66.0	68.0	13.0
1392938992237	62903.0	66.0	68.0	12.0
1392938992243	62903.0	66.0	68.0	12.0
1392938992255	62903.0	65.0	68.0	12.0
1392938992264	62903.0	64.0	68.0	12.0
1392938992274	62903.0	64.0	68.0	11.0
1392938992287	62903.0	63.0	68.0	11.0
1392938992293	62903.0	62.0	68.0	11.0
1392938992305	62903.0	61.0	68.0	10.0
1392938992313	62903.0	61.0	68.0	10.0
1392938992324	62903.0	60.0	67.0	10.0
1392938992336	62903.0	60.0	67.0	10.0
1392938992343	62903.0	60.0	67.0	9.0
1392938992354	62903.0	59.0	67.0	9.0
1392938992368	62903.0	58.0	67.0	9.0
1392938992378	62903.0	58.0	66.0	8.0
1392938992385	62903.0	58.0	66.0	8.0
1392938992394	62903.0	57.0	66.0	8.0
1392938992413	62903.0	57.0	66.0	8.0
1392938992416	62903.0	57.0	66.0	7.0
1392938992423	62903.0	57.0	65.0	7.0
1392938992435	62903.0	56.0	65.0	7.0
1392938992444	62903.0	56.0	65.0	7.0
1392938992454	62903.0	56.0	65.0	7.0
1392938992463	62903.0	56.0	64.0	7.0
1392938992473	62903.0	57.0	64.0	7.0
1392938992484	62903.0	57.0	64.0	7.0
1392938992493	62903.0	57.0	63.0	7.0
1392938992504	62903.0	57.0	63.0	7.0
1392938992514	62903.0	57.0	63.0	7.0
1392938992524	62903.0	57.0	63.0	7.0
1392938992535	62903.0	57.0	62.0	7.0
1392938992544	62903.0	56.0	62.0	7.0
1392938992554	62903.0	57.0	62.0	7.0
1392938992569	62903.0	57.0	62.0	7.0
1392938992574	62903.0	56.0	61.0	6.0
1392938992587	62903.0	56.0	61.0	6.0
1392938992594	62903.0	55.0	61.0	6.0
1392938992604	62903.0	54.0	61.0	6.0
1392938992618	62903.0	54.0	60.0	6.0
1392938992624	62903.0	54.0	60.0	6.0
1392938992634	62903.0	54.0	59.0	6.0
1392938992644	62903.0	54.0	59.0	6.0
1392938992679	62903.0	53.0	59.0	6.0
1392938992682	62903.0	53.0	59.0	6.0
1392938992697	62903.0	52.0	59.0	6.0
1392938992699	62903.0	52.0	59.0	6.0
1392938992703	62903.0	52.0	59.0	6.0
1392938992715	62903.0	51.0	59.0	6.0
1392938992723	62903.0	51.0	59.0	6.0
1392938992734	62903.0	51.0	59.0	6.0
1392938992745	62903.0	51.0	59.0	6.0
1392938992754	62903.0	51.0	58.0	6.0
1392938992766	62903.0	50.0	58.0	5.0
1392938992775	62903.0	50.0	58.0	5.0
1392938992784	62903.0	50.0	58.0	5.0
1392938992794	62903.0	50.0	58.0	5.0
1392938992805	62903.0	49.0	58.0	5.0
1392938992816	62903.0	49.0	58.0	5.0
1392938992824	62903.0	49.0	58.0	5.0
1392938992834	62903.0	48.0	58.0	5.0
1392938992844	62903.0	48.0	58.0	5.0
1392938992854	62903.0	48.0	58.0	5.0
1392938992866	62903.0	48.0	57.0	4.0
1392938992874	62903.0	49.0	57.0	4.0
1392938992884	62903.0	49.0	56.0	4.0
1392938992894	62903.0	48.0	56.0	4.0
1392938992904	62903.0	49.0	55.0	4.0
1392938992914	62903.0	48.0	55.0	4.0
1392938992924	62903.0	49.0	55.0	4.0
1392938992934	62903.0	49.0	55.0	4.0
1392938992947	62903.0	49.0	54.0	4.0
1392938992954	62903.0	49.0	54.0	4.0
1392938992965	62903.0	48.0	54.0	4.0
1392938992974	62903.0	48.0	53.0	4.0
1392938992985	62903.0	48.0	53.0	4.0
1392938992997	62903.0	49.0	53.0	4.0
1392938993004	62903.0	48.0	52.0	4.0
1392938993015	62903.0	48.0	52.0	4.0
1392938993024	62903.0	48.0	52.0	4.0
1392938993034	62903.0	48.0	52.0	4.0
1392938993049	62903.0	47.0	52.0	4.0
1392938993055	62903.0	47.0	52.0	4.0
1392938993065	62903.0	47.0	52.0	4.0
1392938993074	62903.0	46.0	52.0	3.0
1392938993084	62903.0	46.0	51.0	3.0
1392938993098	62903.0	46.0	51.0	3.0
1392938993104	62903.0	46.0	51.0	3.0
1392938993114	62903.0	45.0	51.0	3.0
1392938993124	62903.0	45.0	51.0	3.0
1392938993134	62903.0	45.0	51.0	3.0
1392938993149	62903.0	44.0	51.0	3.0
1392938993154	62903.0	44.0	51.0	3.0
1392938993165	62903.0	45.0	51.0	3.0
1392938993176	62903.0	44.0	51.0	3.0
1392938993284	62903.0	3.0	24.0	162.0
1392938993293	62903.0	44.0	51.0	3.0
1392938993294	62903.0	44.0	51.0	3.0
1392938993295	62903.0	44.0	51.0	4.0
1392938993296	62903.0	45.0	51.0	4.0
1392938993297	62903.0	46.0	52.0	5.0
1392938993298	62903.0	46.0	52.0	6.0
1392938993299	62903.0	47.0	52.0	7.0
1392938993300	62903.0	45.0	52.0	7.0
1392938993301	62903.0	45.0	52.0	7.0
1392938993302	62903.0	44.0	52.0	8.0
1392938993304	62903.0	43.0	52.0	8.0
1392938993314	62903.0	44.0	51.0	9.0
1392938993326	62903.0	45.0	51.0	9.0
1392938993334	62903.0	44.0	51.0	9.0
1392938993345	62903.0	45.0	51.0	10.0
1392938993354	62903.0	44.0	51.0	11.0
1392938993364	62903.0	46.0	51.0	11.0
1392938993377	62903.0	47.0	51.0	12.0
1392938993384	62903.0	47.0	50.0	12.0
1392938993396	62903.0	30.0	50.0	1.0
1392938993405	62903.0	27.0	47.0	1.0
1392938993415	62903.0	25.0	44.0	4.0
1392938993428	62903.0	28.0	39.0	6.0
1392938993434	62903.0	38.0	34.0	6.0
1392938993445	62903.0	70.0	27.0	5.0
1392938993455	62903.0	111.0	21.0	3.0
1392938993465	62903.0	126.0	14.0	2.0
1392938993478	62903.0	130.0	9.0	8.0
1392938993484	62903.0	129.0	5.0	14.0
1392938993494	62903.0	127.0	5.0	17.0
1392938993504	62903.0	122.0	8.0	19.0
1392938993514	62903.0	114.0	14.0	18.0
1392938993526	62903.0	101.0	22.0	17.0
1392938993534	62903.0	82.0	30.0	14.0
1392938993545	62903.0	61.0	38.0	9.0
1392938993554	62903.0	44.0	43.0	4.0
1392938993565	62903.0	30.0	47.0	1.0
1392938993578	62903.0	25.0	49.0	3.0
1392938993585	62903.0	23.0	49.0	4.0
1392938993595	62903.0	23.0	49.0	5.0
1392938993605	62903.0	22.0	49.0	6.0
1392938993623	62903.0	22.0	49.0	6.0
1392938993627	62903.0	22.0	49.0	7.0
1392938993636	62903.0	22.0	49.0	7.0
1392938993645	62903.0	22.0	49.0	7.0
1392938993654	62903.0	22.0	49.0	7.0
1392938993665	62903.0	22.0	48.0	7.0
1392938993679	62903.0	23.0	48.0	6.0
1392938993685	62903.0	37.0	52.0	4.0
1392938993701	62903.0	37.0	53.0	4.0
1392938993706	62903.0	36.0	53.0	4.0
1392938993714	62903.0	36.0	53.0	4.0
1392938993725	62903.0	35.0	54.0	3.0
1392938993735	62903.0	34.0	54.0	3.0
1392938993745	62903.0	33.0	54.0	2.0
1392938993755	62903.0	31.0	54.0	1.0
1392938993765	62903.0	30.0	53.0	0.0
1392938993776	62903.0	30.0	53.0	1.0
1392938993785	62903.0	29.0	52.0	1.0
1392938993795	62903.0	28.0	51.0	2.0
1392938993808	62903.0	29.0	50.0	2.0
1392938993815	62903.0	29.0	49.0	2.0
1392938993825	62903.0	30.0	48.0	2.0
1392938993835	62903.0	31.0	47.0	3.0
1392938993845	62903.0	31.0	44.0	3.0
1392938993858	62903.0	31.0	41.0	5.0
1392938993865	62903.0	30.0	38.0	7.0
1392938993875	62903.0	29.0	34.0	10.0
1392938993886	62903.0	25.0	29.0	13.0
1392938993895	62903.0	31.0	23.0	15.0
1392938993908	62903.0	163.0	17.0	16.0
1392938993915	62903.0	175.0	11.0	16.0
1392938993925	62903.0	172.0	5.0	14.0
1392938993935	62903.0	169.0	1.0	13.0
1392938993945	62903.0	168.0	0.0	12.0
1392938993963	62903.0	166.0	2.0	12.0
1392938993965	62903.0	158.0	8.0	11.0
1392938993975	62903.0	127.0	16.0	9.0
1392938993985	62903.0	67.0	25.0	7.0
1392938993995	62903.0	43.0	32.0	6.0
1392938994008	62903.0	35.0	37.0	5.0
1392938994015	62903.0	29.0	42.0	4.0
1392938994025	62903.0	26.0	46.0	4.0
1392938994035	62903.0	25.0	49.0	3.0
1392938994045	62903.0	25.0	51.0	2.0
1392938994058	62903.0	25.0	54.0	2.0
1392938994066	62903.0	25.0	55.0	1.0
1392938994075	62903.0	25.0	55.0	2.0
1392938994086	62903.0	25.0	55.0	3.0
1392938994095	62903.0	25.0	55.0	3.0
1392938994105	62903.0	26.0	55.0	4.0
1392938994115	62903.0	26.0	55.0	4.0
1392938994125	62903.0	26.0	55.0	4.0
1392938994137	62903.0	113.0	4.0	90.0
1392938994149	62903.0	25.0	55.0	4.0
1392938994158	62903.0	32.0	56.0	1.0
1392938994175	62903.0	19.0	23.0	161.0
1392938994179	62903.0	32.0	56.0	1.0
1392938994186	62903.0	32.0	56.0	1.0
1392938994195	62903.0	32.0	56.0	1.0
1392938994205	62903.0	32.0	56.0	0.0
1392938994215	62903.0	32.0	55.0	0.0
1392938994225	62903.0	32.0	55.0	0.0
1392938994237	62903.0	32.0	54.0	0.0
1392938994246	62903.0	31.0	53.0	0.0
1392938994255	62903.0	32.0	51.0	0.0
1392938994265	62903.0	31.0	50.0	0.0
1392938994275	62903.0	30.0	49.0	0.0
1392938994288	62903.0	33.0	48.0	0.0
1392938994297	62903.0	34.0	48.0	0.0
1392938994306	62903.0	36.0	48.0	1.0
1392938994315	62903.0	37.0	48.0	2.0
1392938994325	62903.0	37.0	48.0	2.0
1392938994337	62903.0	36.0	44.0	1.0
1392938994345	62903.0	36.0	42.0	2.0
1392938994356	62903.0	36.0	39.0	4.0
1392938994366	62903.0	35.0	36.0	6.0
1392938994375	62903.0	32.0	33.0	9.0
1392938994390	62903.0	32.0	30.0	11.0
1392938994395	62903.0	42.0	26.0	12.0
1392938994406	62903.0	114.0	22.0	13.0
1392938994416	62903.0	160.0	18.0	14.0
1392938994426	62903.0	163.0	15.0	13.0
1392938994435	62903.0	158.0	13.0	11.0
1392938994445	62903.0	147.0	13.0	9.0
1392938994456	62903.0	128.0	17.0	6.0
1392938994468	62903.0	98.0	22.0	3.0
1392938994477	62903.0	71.0	29.0	0.0
1392938994490	62903.0	58.0	36.0	2.0
1392938994496	62903.0	50.0	40.0	3.0
1392938994508	62903.0	46.0	42.0	3.0
1392938994516	62903.0	42.0	44.0	2.0
1392938994525	62903.0	39.0	45.0	1.0
1392938994536	62903.0	36.0	46.0	0.0
1392938994546	62903.0	34.0	48.0	0.0
1392938994557	62903.0	34.0	50.0	1.0
1392938994566	62903.0	33.0	52.0	1.0
1392938994576	62903.0	33.0	55.0	2.0
1392938994591	62903.0	34.0	56.0	4.0
1392938994596	62903.0	34.0	57.0	3.0
1392938994611	62903.0	33.0	57.0	3.0
1392938994620	62903.0	34.0	57.0	3.0
1392938994626	62903.0	35.0	58.0	3.0
1392938994637	62903.0	37.0	58.0	3.0
1392938994646	62903.0	49.0	59.0	13.0
1392938994656	62903.0	49.0	59.0	12.0
1392938994669	62903.0	51.0	58.0	12.0
1392938994676	62903.0	49.0	58.0	11.0
1392938994691	62903.0	49.0	57.0	10.0
1392938994696	62903.0	48.0	57.0	10.0
1392938994705	62903.0	48.0	56.0	9.0
1392938994719	62903.0	47.0	56.0	8.0
1392938994727	62903.0	46.0	57.0	8.0
1392938994736	62903.0	46.0	57.0	7.0
1392938994745	62903.0	44.0	57.0	6.0
1392938994756	62903.0	43.0	57.0	5.0
1392938994768	62903.0	41.0	56.0	3.0
1392938994776	62903.0	39.0	56.0	2.0
1392938994786	62903.0	37.0	56.0	0.0
1392938994795	62903.0	35.0	56.0	2.0
1392938994806	62903.0	34.0	55.0	3.0
1392938994821	62903.0	33.0	55.0	4.0
1392938994826	62903.0	33.0	54.0	4.0
1392938994836	62903.0	33.0	52.0	4.0
1392938994846	62903.0	34.0	51.0	5.0
1392938994856	62903.0	34.0	49.0	5.0
1392938994866	62903.0	37.0	49.0	5.0
1392938994876	62903.0	37.0	48.0	5.0
1392938994887	62903.0	35.0	47.0	6.0
1392938994897	62903.0	34.0	46.0	7.0
1392938994910	62903.0	32.0	45.0	9.0
1392938994916	62903.0	28.0	44.0	11.0
1392938994926	62903.0	23.0	43.0	14.0
1392938994936	62903.0	13.0	42.0	17.0
1392938994947	62903.0	3.0	41.0	19.0
1392938994958	62903.0	1.0	42.0	20.0
1392938994970	62903.0	1.0	42.0	21.0
1392938994976	62903.0	0.0	43.0	20.0
1392938994987	62903.0	1.0	45.0	20.0
1392938995003	62903.0	1.0	47.0	20.0
1392938995006	62903.0	0.0	49.0	20.0
1392938995019	62903.0	0.0	51.0	20.0
1392938995026	62903.0	1.0	52.0	20.0
1392938995036	62903.0	3.0	54.0	18.0
1392938995053	62903.0	7.0	56.0	16.0
1392938995056	62903.0	12.0	56.0	14.0
1392938995066	62903.0	16.0	57.0	12.0
1392938995076	62903.0	20.0	56.0	10.0
1392938995087	62903.0	25.0	56.0	7.0
1392938995103	62903.0	28.0	55.0	6.0
1392938995106	62903.0	32.0	54.0	4.0
1392938995116	62903.0	35.0	54.0	3.0
1392938995126	62903.0	37.0	54.0	2.0
1392938995136	62903.0	39.0	54.0	0.0
1392938995153	62903.0	41.0	55.0	1.0
1392938995156	62903.0	41.0	55.0	1.0
1392938995166	62903.0	40.0	56.0	2.0
1392938995176	62903.0	41.0	57.0	2.0
1392938995186	62903.0	41.0	58.0	3.0
1392938995201	62903.0	42.0	59.0	3.0
1392938995207	62903.0	42.0	59.0	3.0
1392938995218	62903.0	43.0	60.0	4.0
1392938995226	62903.0	43.0	61.0	4.0
1392938995236	62903.0	44.0	61.0	5.0
1392938995257	62903.0	44.0	61.0	6.0
1392938995258	62903.0	45.0	62.0	6.0
1392938995267	62903.0	46.0	62.0	7.0
1392938995276	62903.0	46.0	61.0	8.0
1392938995286	62903.0	46.0	61.0	8.0
1392938995302	62903.0	47.0	60.0	8.0
1392938995306	62903.0	47.0	59.0	7.0
1392938995316	62903.0	47.0	58.0	6.0
1392938995332	62903.0	47.0	57.0	5.0
1392938995336	62903.0	47.0	56.0	4.0
1392938995349	62903.0	46.0	55.0	4.0
1392938995356	62903.0	46.0	55.0	3.0
1392938995366	62903.0	45.0	55.0	2.0
1392938995376	62903.0	44.0	55.0	2.0
1392938995387	62903.0	43.0	55.0	1.0
1392938995402	62903.0	42.0	55.0	1.0
1392938995406	62903.0	42.0	55.0	1.0
1392938995416	62903.0	42.0	55.0	1.0
1392938995426	62903.0	42.0	55.0	1.0
1392938995437	62903.0	43.0	55.0	1.0
1392938995447	62903.0	44.0	55.0	2.0
1392938995456	62903.0	45.0	55.0	3.0
1392938995466	62903.0	47.0	54.0	4.0
1392938995478	62903.0	48.0	54.0	4.0
1392938995487	62903.0	49.0	53.0	4.0
1392938995497	62903.0	49.0	52.0	3.0
1392938995507	62903.0	49.0	52.0	3.0
1392938995516	62903.0	49.0	52.0	3.0
1392938995530	62903.0	49.0	52.0	3.0
1392938995537	62903.0	49.0	52.0	4.0
1392938995547	62903.0	50.0	52.0	4.0
1392938995557	62903.0	50.0	52.0	4.0
1392938995567	62903.0	50.0	52.0	4.0
1392938995582	62903.0	50.0	52.0	3.0
1392938995587	62903.0	50.0	51.0	3.0
1392938995598	62903.0	49.0	51.0	3.0
1392938995606	62903.0	49.0	52.0	3.0
1392938995616	62903.0	49.0	52.0	4.0
1392938995629	62903.0	51.0	53.0	5.0
1392938995637	62903.0	52.0	54.0	6.0
1392938995646	62903.0	53.0	54.0	7.0
1392938995656	62903.0	55.0	53.0	8.0
1392938995666	62903.0	55.0	53.0	7.0
1392938995683	62903.0	53.0	53.0	6.0
1392938995687	62903.0	51.0	53.0	5.0
1392938995696	62903.0	50.0	54.0	4.0
1392938995706	62903.0	47.0	55.0	4.0
1392938995717	62903.0	47.0	56.0	5.0
1392938995731	62903.0	47.0	57.0	6.0
1392938995737	62903.0	47.0	58.0	6.0
1392938995747	62903.0	46.0	59.0	6.0
1392938995756	62903.0	45.0	59.0	6.0
1392938995766	62903.0	44.0	59.0	5.0
1392938995779	62903.0	44.0	59.0	5.0
1392938995786	62903.0	45.0	58.0	5.0
1392938995798	62903.0	45.0	57.0	5.0
1392938995812	62903.0	44.0	57.0	5.0
1392938995816	62903.0	122.0	4.0	90.0
1392938995828	62903.0	45.0	57.0	5.0
1392938995836	62903.0	45.0	57.0	5.0
1392938995847	62903.0	45.0	57.0	5.0
1392938995860	62903.0	46.0	57.0	5.0
1392938995867	62903.0	45.0	56.0	5.0
1392938995878	62903.0	45.0	56.0	5.0
1392938995886	62903.0	45.0	56.0	5.0
1392938995897	62903.0	46.0	57.0	6.0
1392938995910	62903.0	46.0	57.0	7.0
1392938995916	62903.0	47.0	57.0	7.0
1392938995927	62903.0	49.0	57.0	8.0
1392938995937	62903.0	50.0	57.0	9.0
1392938995947	62903.0	51.0	57.0	10.0
1392938995960	62903.0	52.0	56.0	10.0
1392938995967	62903.0	53.0	56.0	10.0
1392938995977	62903.0	53.0	56.0	10.0
1392938995987	62903.0	52.0	56.0	10.0
1392938995997	62903.0	51.0	56.0	9.0
1392938996012	62903.0	51.0	56.0	9.0
1392938996017	62903.0	50.0	56.0	8.0
1392938996029	62903.0	48.0	57.0	7.0
1392938996041	62903.0	47.0	57.0	6.0
1392938996053	62903.0	45.0	57.0	6.0
1392938996058	62903.0	45.0	58.0	6.0
1392938996067	62903.0	44.0	58.0	5.0
1392938996077	62903.0	43.0	58.0	5.0
1392938996087	62903.0	44.0	58.0	5.0
1392938996097	62903.0	44.0	58.0	5.0
1392938996116	62903.0	44.0	58.0	4.0
1392938996121	62903.0	44.0	57.0	4.0
1392938996129	62903.0	45.0	57.0	4.0
1392938996138	62903.0	45.0	57.0	5.0
1392938996147	62903.0	45.0	57.0	5.0
1392938996158	62903.0	46.0	57.0	5.0
1392938996168	62903.0	46.0	57.0	5.0
1392938996178	62903.0	46.0	56.0	5.0
1392938996189	62903.0	46.0	56.0	5.0
1392938996197	62903.0	46.0	56.0	5.0
1392938996211	62903.0	46.0	56.0	5.0
1392938996218	62903.0	47.0	56.0	5.0
1392938996229	62903.0	47.0	56.0	5.0
1392938996243	62903.0	48.0	56.0	5.0
1392938996248	62903.0	47.0	56.0	6.0
1392938996260	62903.0	47.0	56.0	6.0
1392938996269	62903.0	48.0	56.0	6.0
1392938996278	62903.0	48.0	56.0	6.0
1392938996292	62903.0	47.0	56.0	6.0
1392938996298	62903.0	47.0	56.0	6.0
1392938996310	62903.0	48.0	56.0	7.0
1392938996318	62903.0	48.0	56.0	7.0
1392938996328	62903.0	48.0	56.0	7.0
1392938996341	62903.0	48.0	56.0	8.0
1392938996348	62903.0	48.0	56.0	8.0
1392938996359	62903.0	48.0	57.0	8.0
1392938996368	62903.0	48.0	57.0	8.0
1392938996378	62903.0	48.0	57.0	8.0
1392938996391	62903.0	48.0	57.0	8.0
1392938996397	62903.0	48.0	57.0	8.0
1392938996408	62903.0	48.0	58.0	8.0
1392938996417	62903.0	48.0	58.0	9.0
1392938996428	62903.0	48.0	58.0	9.0
1392938996441	62903.0	48.0	58.0	9.0
1392938996447	62903.0	48.0	58.0	9.0
1392938996458	62903.0	48.0	58.0	8.0
1392938996468	62903.0	47.0	58.0	8.0
1392938996479	62903.0	47.0	58.0	8.0
1392938996490	62903.0	48.0	59.0	8.0
1392938996497	62903.0	48.0	59.0	8.0
1392938996507	62903.0	47.0	59.0	8.0
1392938996517	62903.0	48.0	59.0	8.0
1392938996531	62903.0	47.0	59.0	8.0
1392938996540	62903.0	47.0	59.0	8.0
1392938996547	62903.0	47.0	59.0	8.0
1392938996557	62903.0	48.0	60.0	8.0
1392938996568	62903.0	48.0	60.0	8.0
1392938996577	62903.0	48.0	60.0	8.0
1392938996590	62903.0	48.0	60.0	7.0
1392938996597	62903.0	48.0	60.0	7.0
1392938996608	62903.0	48.0	61.0	7.0
1392938996618	62903.0	48.0	61.0	8.0
1392938996627	62903.0	48.0	61.0	8.0
1392938996639	62903.0	49.0	61.0	8.0
1392938996648	62903.0	49.0	62.0	8.0
1392938996658	62903.0	48.0	62.0	8.0
1392938996669	62903.0	48.0	62.0	8.0
1392938996678	62903.0	48.0	63.0	8.0
1392938996696	62903.0	48.0	63.0	8.0
1392938996698	62903.0	48.0	63.0	8.0
1392938996708	62903.0	49.0	64.0	8.0
1392938996721	62903.0	49.0	64.0	8.0
1392938996727	62903.0	49.0	64.0	8.0
1392938996740	62903.0	49.0	65.0	8.0
1392938996747	62903.0	49.0	65.0	8.0
1392938996758	62903.0	49.0	65.0	8.0
1392938996773	62903.0	50.0	65.0	8.0
1392938996778	62903.0	49.0	65.0	8.0
1392938996791	62903.0	49.0	66.0	8.0
1392938996798	62903.0	48.0	66.0	8.0
1392938996808	62903.0	49.0	67.0	8.0
1392938996821	62903.0	49.0	67.0	8.0
1392938996828	62903.0	49.0	67.0	8.0
1392938996839	62903.0	49.0	67.0	8.0
1392938996848	62903.0	49.0	68.0	8.0
1392938996858	62903.0	50.0	68.0	8.0
1392938996871	62903.0	50.0	68.0	8.0
1392938996878	62903.0	50.0	68.0	9.0
1392938996888	62903.0	51.0	69.0	9.0
1392938996898	62903.0	52.0	69.0	9.0
1392938996908	62903.0	52.0	69.0	9.0
1392938996920	62903.0	52.0	69.0	10.0
1392938996928	62903.0	53.0	70.0	10.0
1392938996938	62903.0	53.0	70.0	10.0
1392938996950	62903.0	135.0	4.0	90.0
1392938996958	62903.0	54.0	70.0	10.0
1392938996971	62903.0	54.0	71.0	11.0
1392938996979	62903.0	54.0	71.0	11.0
1392938996988	62903.0	54.0	71.0	11.0
1392938996999	62903.0	55.0	72.0	11.0
1392938997008	62903.0	54.0	72.0	11.0
1392938997020	62903.0	55.0	72.0	11.0
1392938997028	62903.0	55.0	72.0	12.0
1392938997038	62903.0	56.0	72.0	12.0
1392938997058	62903.0	56.0	73.0	12.0
1392938997068	62903.0	56.0	73.0	12.0
1392938997078	62903.0	56.0	73.0	12.0
1392938997088	62903.0	139.0	4.0	90.0
1392938997102	62903.0	56.0	73.0	12.0
1392938997109	62903.0	56.0	73.0	12.0
1392938997119	62903.0	56.0	74.0	12.0
1392938997129	62903.0	56.0	74.0	12.0
1392938997138	62903.0	56.0	74.0	11.0
1392938997158	62903.0	56.0	74.0	11.0
1392938997177	62903.0	56.0	74.0	11.0
1392938997178	62903.0	56.0	75.0	12.0
1392938997189	62903.0	56.0	75.0	12.0
1392938997203	62903.0	56.0	75.0	12.0
1392938997208	62903.0	57.0	75.0	12.0
1392938997219	62903.0	57.0	75.0	12.0
1392938997229	62903.0	57.0	75.0	12.0
1392938997239	62903.0	57.0	76.0	13.0
1392938997252	62903.0	57.0	76.0	13.0
1392938997258	62903.0	57.0	76.0	13.0
1392938997269	62903.0	57.0	76.0	13.0
1392938997278	62903.0	58.0	76.0	13.0
1392938997288	62903.0	57.0	77.0	13.0
1392938997304	62903.0	58.0	77.0	14.0
1392938997309	62903.0	58.0	77.0	14.0
1392938997320	62903.0	59.0	78.0	14.0
1392938997328	62903.0	58.0	78.0	15.0
1392938997339	62903.0	58.0	78.0	15.0
1392938997352	62903.0	59.0	78.0	15.0
1392938997358	62903.0	59.0	79.0	15.0
1392938997369	62903.0	59.0	79.0	15.0
1392938997378	62903.0	60.0	79.0	15.0
1392938997389	62903.0	60.0	79.0	16.0
1392938997402	62903.0	60.0	79.0	16.0
1392938997410	62903.0	61.0	79.0	16.0
1392938997422	62903.0	61.0	79.0	16.0
1392938997431	62903.0	61.0	79.0	16.0
1392938997439	62903.0	62.0	80.0	16.0
1392938997452	62903.0	62.0	80.0	16.0
1392938997458	62903.0	62.0	80.0	16.0
1392938997468	62903.0	62.0	80.0	16.0
1392938997478	62903.0	62.0	80.0	16.0
1392938997490	62903.0	62.0	80.0	16.0
1392938997505	62903.0	62.0	80.0	16.0
1392938997510	62903.0	62.0	80.0	16.0
1392938997519	62903.0	63.0	80.0	16.0
1392938997530	62903.0	63.0	80.0	17.0
1392938997540	62903.0	63.0	80.0	17.0
1392938997549	62903.0	63.0	80.0	17.0
1392938997558	62903.0	63.0	80.0	17.0
1392938997570	62903.0	63.0	81.0	17.0
1392938997579	62903.0	63.0	81.0	17.0
1392938997588	62903.0	63.0	81.0	17.0
1392938997599	62903.0	63.0	81.0	17.0
1392938997610	62903.0	63.0	81.0	17.0
1392938997619	62903.0	63.0	81.0	17.0
1392938997632	62903.0	64.0	81.0	17.0
1392938997639	62903.0	64.0	81.0	17.0
1392938997649	62903.0	64.0	81.0	17.0
1392938997659	62903.0	64.0	81.0	17.0
1392938997670	62903.0	64.0	81.0	17.0
1392938997683	62903.0	64.0	81.0	17.0
1392938997689	62903.0	64.0	81.0	17.0
1392938997706	62903.0	64.0	81.0	17.0
1392938997719	62903.0	65.0	81.0	16.0
1392938997732	62903.0	65.0	81.0	16.0
1392938997739	62903.0	64.0	81.0	16.0
1392938997749	62903.0	65.0	81.0	16.0
1392938997759	62903.0	65.0	81.0	16.0
1392938997769	62903.0	65.0	81.0	16.0
1392938997782	62903.0	66.0	81.0	16.0
1392938997799	62903.0	66.0	81.0	16.0
1392938997809	62903.0	66.0	81.0	16.0
1392938997819	62903.0	66.0	81.0	16.0
1392938997830	62903.0	66.0	81.0	16.0
1392938997839	62903.0	66.0	81.0	16.0
1392938997850	62903.0	66.0	81.0	16.0
1392938997859	62903.0	66.0	81.0	16.0
1392938997869	62903.0	66.0	81.0	16.0
1392938997880	62903.0	66.0	81.0	16.0
1392938997889	62903.0	66.0	81.0	17.0
1392938997902	62903.0	67.0	81.0	17.0
1392938997917	62903.0	67.0	81.0	17.0
1392938997925	62903.0	67.0	81.0	17.0
1392938997933	62903.0	67.0	81.0	17.0
1392938997939	62903.0	66.0	81.0	17.0
1392938997950	62903.0	66.0	81.0	17.0
1392938997966	62903.0	66.0	81.0	17.0
1392938997969	62903.0	66.0	81.0	17.0
1392938997979	62903.0	66.0	81.0	17.0
1392938997989	62903.0	66.0	81.0	17.0
1392938998001	62903.0	66.0	81.0	17.0
1392938998013	62903.0	67.0	81.0	17.0
1392938998030	62903.0	66.0	81.0	17.0
1392938998039	62903.0	66.0	80.0	17.0
1392938998049	62903.0	67.0	80.0	17.0
1392938998062	62903.0	67.0	80.0	17.0
1392938998069	62903.0	67.0	80.0	17.0
1392938998079	62903.0	67.0	80.0	17.0
1392938998090	62903.0	67.0	80.0	17.0
1392938998100	62903.0	82.0	69.0	9.0
1392938998112	62903.0	67.0	80.0	18.0
1392938998120	62903.0	67.0	80.0	18.0
1392938998129	62903.0	68.0	80.0	18.0
1392938998139	62903.0	68.0	80.0	18.0
1392938998150	62903.0	68.0	80.0	18.0
1392938998161	62903.0	68.0	80.0	18.0
1392938998171	62903.0	68.0	80.0	18.0
1392938998180	62903.0	68.0	80.0	18.0
1392938998189	62903.0	68.0	80.0	18.0
1392938998201	62903.0	68.0	80.0	18.0
1392938998212	62903.0	68.0	80.0	18.0
1392938998219	62903.0	68.0	80.0	18.0
1392938998229	62903.0	68.0	80.0	18.0
1392938998239	62903.0	68.0	80.0	18.0
1392938998249	62903.0	68.0	80.0	18.0
1392938998259	62903.0	68.0	80.0	18.0
1392938998270	62903.0	68.0	80.0	18.0
1392938998280	62903.0	68.0	80.0	18.0
1392938998289	62903.0	68.0	80.0	18.0
1392938998300	62903.0	179.0	53.0	35.0
1392938998310	62903.0	68.0	81.0	18.0
1392938998319	62903.0	67.0	81.0	19.0
1392938998329	62903.0	67.0	81.0	19.0
1392938998339	62903.0	67.0	81.0	19.0
1392938998350	62903.0	67.0	81.0	19.0
1392938998360	62903.0	67.0	81.0	19.0
1392938998369	62903.0	67.0	81.0	20.0
1392938998379	62903.0	68.0	81.0	20.0
1392938998392	62903.0	68.0	82.0	20.0
1392938998400	62903.0	68.0	82.0	20.0
1392938998410	62903.0	68.0	82.0	20.0
1392938998419	62903.0	68.0	82.0	20.0
1392938998448	62903.0	68.0	82.0	20.0
1392938998450	62903.0	68.0	82.0	20.0
1392938998460	62903.0	69.0	82.0	20.0
1392938998470	62903.0	68.0	83.0	20.0
1392938998480	62903.0	68.0	83.0	20.0
1392938998493	62903.0	68.0	83.0	19.0
1392938998500	62903.0	68.0	83.0	19.0
1392938998510	62903.0	68.0	83.0	19.0
1392938998520	62903.0	69.0	83.0	19.0
1392938998530	62903.0	69.0	83.0	19.0
1392938998543	62903.0	69.0	83.0	19.0
1392938998550	62903.0	69.0	83.0	20.0
1392938998560	62903.0	69.0	83.0	19.0
1392938998571	62903.0	69.0	83.0	19.0
1392938998580	62903.0	68.0	84.0	19.0
1392938998594	62903.0	68.0	84.0	19.0
1392938998601	62903.0	68.0	84.0	19.0
1392938998610	62903.0	68.0	84.0	19.0
1392938998621	62903.0	68.0	84.0	19.0
1392938998631	62903.0	68.0	84.0	19.0
1392938998643	62903.0	68.0	84.0	20.0
1392938998651	62903.0	68.0	84.0	20.0
1392938998660	62903.0	69.0	84.0	20.0
1392938998670	62903.0	69.0	84.0	20.0
1392938998680	62903.0	69.0	84.0	20.0
1392938998696	62903.0	69.0	84.0	20.0
1392938998699	62903.0	68.0	84.0	19.0
1392938998710	62903.0	68.0	84.0	19.0
1392938998719	62903.0	67.0	84.0	18.0
1392938998730	62903.0	67.0	84.0	17.0
1392938998742	62903.0	66.0	84.0	17.0
1392938998759	62903.0	65.0	83.0	16.0
1392938998761	62903.0	64.0	83.0	15.0
1392938998770	62903.0	64.0	83.0	14.0
1392938998780	62903.0	63.0	83.0	14.0
1392938998791	62903.0	63.0	83.0	14.0
1392938998799	62903.0	63.0	83.0	14.0
1392938998810	62903.0	63.0	83.0	14.0
1392938998819	62903.0	64.0	83.0	14.0
1392938998829	62903.0	65.0	83.0	15.0
1392938998842	62903.0	66.0	83.0	16.0
1392938998850	62903.0	67.0	83.0	17.0
1392938998859	62903.0	68.0	83.0	18.0
1392938998872	62903.0	69.0	83.0	19.0
1392938998879	62903.0	70.0	83.0	19.0
1392938998890	62903.0	70.0	83.0	20.0
1392938998900	62903.0	71.0	83.0	20.0
1392938998909	62903.0	70.0	83.0	19.0
1392938998921	62903.0	70.0	83.0	19.0
1392938998930	62903.0	70.0	83.0	19.0
1392938998940	62903.0	69.0	83.0	18.0
1392938998950	62903.0	69.0	83.0	18.0
1392938998960	62903.0	68.0	83.0	18.0
1392938998973	62903.0	67.0	83.0	17.0
1392938998980	62903.0	67.0	83.0	17.0
1392938998990	62903.0	67.0	83.0	16.0
1392938999003	62903.0	66.0	83.0	16.0
1392938999010	62903.0	66.0	83.0	16.0
1392938999021	62903.0	66.0	83.0	16.0
1392938999030	62903.0	66.0	83.0	16.0
1392938999040	62903.0	66.0	83.0	16.0
1392938999057	62903.0	66.0	83.0	16.0
1392938999060	62903.0	66.0	83.0	17.0
1392938999073	62903.0	66.0	83.0	17.0
1392938999080	62903.0	67.0	83.0	17.0
1392938999094	62903.0	68.0	83.0	18.0
1392938999100	62903.0	68.0	82.0	18.0
1392938999111	62903.0	69.0	82.0	18.0
1392938999121	62903.0	69.0	82.0	19.0
1392938999130	62903.0	69.0	82.0	19.0
1392938999140	62903.0	70.0	82.0	19.0
1392938999150	62903.0	70.0	82.0	19.0
1392938999160	62903.0	70.0	82.0	19.0
1392938999171	62903.0	70.0	82.0	19.0
1392938999180	62903.0	70.0	82.0	19.0
1392938999273	62903.0	70.0	82.0	19.0
1392938999274	62903.0	70.0	82.0	19.0
1392938999274	62903.0	69.0	82.0	19.0
1392938999275	62903.0	69.0	82.0	19.0
1392938999276	62903.0	70.0	83.0	20.0
1392938999277	62903.0	70.0	83.0	20.0
1392938999278	62903.0	70.0	83.0	20.0
1392938999279	62903.0	70.0	83.0	21.0
1392938999280	62903.0	70.0	83.0	21.0
1392938999281	62903.0	71.0	83.0	21.0
1392938999291	62903.0	72.0	83.0	21.0
1392938999303	62903.0	72.0	83.0	21.0
1392938999310	62903.0	71.0	83.0	21.0
1392938999320	62903.0	71.0	83.0	21.0
1392938999330	62903.0	71.0	83.0	21.0
1392938999340	62903.0	71.0	83.0	21.0
1392938999354	62903.0	71.0	83.0	21.0
1392938999360	62903.0	71.0	83.0	21.0
1392938999371	62903.0	71.0	83.0	21.0
1392938999380	62903.0	71.0	83.0	21.0
1392938999390	62903.0	71.0	83.0	22.0
1392938999403	62903.0	71.0	83.0	22.0
1392938999410	62903.0	72.0	83.0	22.0
1392938999420	62903.0	72.0	83.0	22.0
1392938999430	62903.0	72.0	83.0	21.0
1392938999440	62903.0	72.0	83.0	21.0
1392938999453	62903.0	71.0	83.0	21.0
1392938999460	62903.0	71.0	83.0	21.0
1392938999471	62903.0	71.0	83.0	21.0
1392938999480	62903.0	72.0	84.0	21.0
1392938999490	62903.0	72.0	84.0	21.0
1392938999503	62903.0	72.0	84.0	21.0
1392938999510	62903.0	73.0	84.0	22.0
1392938999520	62903.0	73.0	84.0	23.0
1392938999531	62903.0	74.0	84.0	24.0
1392938999540	62903.0	75.0	84.0	24.0
1392938999551	62903.0	76.0	84.0	24.0
1392938999560	62903.0	76.0	84.0	24.0
1392938999575	62903.0	76.0	84.0	24.0
1392938999582	62903.0	76.0	84.0	24.0
1392938999591	62903.0	76.0	84.0	24.0
1392938999602	62903.0	76.0	84.0	24.0
1392938999610	62903.0	76.0	84.0	24.0
1392938999620	62903.0	76.0	85.0	25.0
1392938999630	62903.0	77.0	85.0	26.0
1392938999640	62903.0	77.0	85.0	27.0
1392938999652	62903.0	78.0	85.0	27.0
1392938999660	62903.0	79.0	85.0	28.0
1392938999671	62903.0	79.0	85.0	28.0
1392938999687	62903.0	79.0	85.0	28.0
1392938999691	62903.0	80.0	85.0	28.0
1392938999719	62903.0	80.0	85.0	29.0
1392938999720	62903.0	81.0	85.0	29.0
1392938999722	62903.0	81.0	85.0	29.0
1392938999735	62903.0	80.0	85.0	29.0
1392938999741	62903.0	80.0	85.0	29.0
1392938999755	62903.0	80.0	85.0	29.0
1392938999761	62903.0	81.0	85.0	29.0
1392938999775	62903.0	81.0	85.0	29.0
1392938999781	62903.0	81.0	85.0	29.0
1392938999792	62903.0	82.0	85.0	29.0
1392938999801	62903.0	82.0	85.0	30.0
1392938999810	62903.0	83.0	85.0	30.0
1392938999821	62903.0	84.0	85.0	31.0
1392938999832	62903.0	84.0	85.0	31.0
1392938999840	62903.0	84.0	86.0	32.0
1392938999851	62903.0	85.0	86.0	32.0
1392938999861	62903.0	84.0	86.0	32.0
1392938999871	62903.0	85.0	86.0	33.0
1392938999882	62903.0	85.0	86.0	33.0
1392938999891	62903.0	85.0	86.0	33.0
1392938999901	62903.0	85.0	86.0	34.0
1392938999911	62903.0	86.0	86.0	34.0
1392938999921	62903.0	87.0	86.0	35.0
1392938999932	62903.0	87.0	86.0	36.0
1392938999941	62903.0	88.0	86.0	36.0
1392938999956	62903.0	88.0	86.0	37.0
1392938999961	62903.0	88.0	86.0	37.0
1392938999972	62903.0	88.0	86.0	37.0
1392938999983	62903.0	88.0	86.0	37.0
1392938999991	62903.0	88.0	86.0	36.0
1392939000003	62903.0	88.0	86.0	36.0
1392939000012	62903.0	88.0	86.0	36.0
1392939000021	62903.0	89.0	86.0	37.0
1392939000039	62903.0	89.0	86.0	37.0
1392939000045	62903.0	89.0	86.0	38.0
1392939000055	62903.0	90.0	86.0	39.0
1392939000061	62903.0	91.0	86.0	39.0
1392939000071	62903.0	159.0	4.0	90.0
1392939000081	62903.0	92.0	87.0	41.0
1392939000094	62903.0	93.0	87.0	42.0
1392939000104	62903.0	95.0	87.0	43.0
1392939000114	62903.0	97.0	87.0	45.0
1392939000121	62903.0	98.0	87.0	46.0
1392939000132	62903.0	99.0	87.0	47.0
1392939000141	62903.0	100.0	87.0	48.0
1392939000151	62903.0	102.0	87.0	50.0
1392939000163	62903.0	104.0	87.0	51.0
1392939000171	62903.0	105.0	87.0	52.0
1392939000181	62903.0	106.0	87.0	53.0
1392939000192	62903.0	107.0	87.0	54.0
1392939000201	62903.0	108.0	87.0	56.0
1392939000212	62903.0	110.0	87.0	57.0
1392939000221	62903.0	111.0	87.0	58.0
1392939000231	62903.0	112.0	87.0	59.0
1392939000241	62903.0	113.0	87.0	59.0
1392939000251	62903.0	115.0	87.0	61.0
1392939000262	62903.0	117.0	88.0	62.0
1392939000271	62903.0	119.0	88.0	65.0
1392939000281	62903.0	123.0	88.0	68.0
1392939000291	62903.0	127.0	88.0	72.0
1392939000301	62903.0	131.0	88.0	77.0
1392939000311	62903.0	135.0	88.0	80.0
1392939000321	62903.0	138.0	88.0	83.0
1392939000339	62903.0	141.0	88.0	86.0
1392939000345	62903.0	144.0	88.0	89.0
1392939000357	62903.0	145.0	88.0	91.0
1392939000363	62903.0	147.0	88.0	92.0
1392939000372	62903.0	149.0	88.0	93.0
1392939000381	62903.0	150.0	88.0	95.0
1392939000391	62903.0	152.0	88.0	97.0
1392939000402	62903.0	155.0	88.0	99.0
1392939000414	62903.0	157.0	88.0	102.0
1392939000421	62903.0	159.0	88.0	104.0
1392939000432	62903.0	160.0	88.0	105.0
1392939000441	62903.0	162.0	88.0	106.0
1392939000451	62903.0	163.0	88.0	107.0
1392939000462	62903.0	164.0	88.0	108.0
1392939000471	62903.0	165.0	88.0	109.0
1392939000481	62903.0	167.0	88.0	111.0
1392939000491	62903.0	170.0	88.0	114.0
1392939000503	62903.0	173.0	88.0	117.0
1392939000512	62903.0	176.0	87.0	120.0
1392939000524	62903.0	179.0	87.0	123.0
1392939000532	62903.0	178.0	87.0	127.0
1392939000546	62903.0	174.0	87.0	130.0
1392939000552	62903.0	172.0	87.0	133.0
1392939000563	62903.0	168.0	87.0	136.0
1392939000584	62903.0	164.0	87.0	141.0
1392939000594	62903.0	161.0	86.0	143.0
1392939000602	62903.0	160.0	86.0	145.0
1392939000612	62903.0	157.0	86.0	147.0
1392939000622	62903.0	156.0	86.0	149.0
1392939000634	62903.0	154.0	86.0	150.0
1392939000646	62903.0	150.0	85.0	152.0
1392939000652	62903.0	148.0	85.0	153.0
1392939000664	62903.0	147.0	85.0	154.0
1392939000672	62903.0	147.0	84.0	155.0
1392939000682	62903.0	145.0	84.0	156.0
1392939000700	62903.0	144.0	83.0	156.0
1392939000704	62903.0	145.0	83.0	157.0
1392939000712	62903.0	146.0	83.0	158.0
1392939000732	62903.0	144.0	82.0	159.0
1392939000743	62903.0	143.0	81.0	159.0
1392939000751	62903.0	143.0	81.0	160.0
1392939000764	62903.0	142.0	81.0	160.0
1392939000772	62903.0	143.0	80.0	160.0
1392939000782	62903.0	143.0	80.0	161.0
1392939000793	62903.0	141.0	79.0	161.0
1392939000801	62903.0	141.0	79.0	162.0
1392939000811	62903.0	142.0	79.0	162.0
1392939000826	62903.0	142.0	78.0	163.0
1392939000831	62903.0	142.0	78.0	163.0
1392939000846	62903.0	141.0	78.0	163.0
1392939000853	62903.0	142.0	77.0	163.0
1392939000863	62903.0	140.0	77.0	163.0
1392939000877	62903.0	140.0	77.0	164.0
1392939000890	62903.0	141.0	76.0	164.0
1392939000899	62903.0	140.0	76.0	164.0
1392939000902	61563.0	140.0	76.0	165.0
1392939000913	61563.0	139.0	75.0	165.0
1392939000925	61563.0	139.0	75.0	165.0
1392939000932	61563.0	138.0	74.0	165.0
1392939000945	61864.0	138.0	74.0	165.0
1392939000953	61864.0	138.0	74.0	166.0
1392939000963	61864.0	137.0	73.0	166.0
1392939000976	61864.0	136.0	73.0	166.0
1392939000982	60776.0	135.0	73.0	167.0
1392939000993	60776.0	134.0	72.0	167.0
1392939001004	60776.0	134.0	72.0	168.0
1392939001012	57290.0	134.0	71.0	168.0
1392939001031	57290.0	133.0	71.0	168.0
1392939001033	57290.0	135.0	71.0	169.0
1392939001042	57290.0	134.0	71.0	169.0
1392939001052	55318.0	135.0	70.0	169.0
1392939001064	55318.0	134.0	70.0	169.0
1392939001075	55318.0	134.0	70.0	170.0
1392939001082	53569.0	134.0	70.0	170.0
1392939001093	53569.0	134.0	70.0	170.0
1392939001102	53569.0	134.0	69.0	170.0
1392939001112	53569.0	134.0	69.0	170.0
1392939001124	53326.0	134.0	69.0	170.0
1392939001132	53326.0	136.0	69.0	170.0
1392939001142	53326.0	136.0	69.0	170.0
1392939001153	53326.0	135.0	68.0	170.0
1392939001162	53114.0	135.0	68.0	170.0
1392939001175	53114.0	135.0	68.0	171.0
1392939001186	53114.0	143.0	68.0	171.0
1392939001192	51478.0	147.0	68.0	171.0
1392939001202	51478.0	148.0	68.0	171.0
1392939001213	51478.0	151.0	68.0	171.0
1392939001224	51478.0	151.0	67.0	171.0
1392939001233	47776.0	152.0	67.0	171.0
1392939001245	47776.0	152.0	67.0	172.0
1392939001254	47776.0	152.0	67.0	172.0
1392939001263	44432.0	153.0	66.0	172.0
1392939001276	44432.0	154.0	66.0	172.0
1392939001283	44432.0	154.0	66.0	172.0
1392939001293	44432.0	153.0	66.0	172.0
1392939001310	45141.0	153.0	66.0	172.0
1392939001313	45141.0	154.0	65.0	172.0
1392939001325	45141.0	152.0	65.0	172.0
1392939001333	42573.0	154.0	65.0	172.0
1392939001343	40663.0	153.0	64.0	172.0
1392939001357	40663.0	154.0	64.0	172.0
1392939001366	40663.0	155.0	64.0	173.0
1392939001375	35129.0	156.0	63.0	173.0
1392939001383	35129.0	156.0	63.0	173.0
1392939001394	35129.0	157.0	62.0	173.0
1392939001407	35129.0	156.0	62.0	173.0
1392939001414	34372.0	156.0	61.0	174.0
1392939001426	34372.0	157.0	61.0	174.0
1392939001433	34372.0	157.0	61.0	174.0
1392939001443	32168.0	156.0	60.0	174.0
1392939001456	32168.0	156.0	60.0	174.0
1392939001463	32168.0	157.0	60.0	174.0
1392939001473	32168.0	156.0	60.0	174.0
1392939001489	28816.0	156.0	59.0	174.0
1392939001493	28816.0	156.0	59.0	174.0
1392939001504	28816.0	157.0	59.0	174.0
1392939001514	25648.0	157.0	59.0	174.0
1392939001523	25648.0	157.0	58.0	174.0
1392939001533	25648.0	157.0	58.0	174.0
1392939001546	25648.0	157.0	58.0	174.0
1392939001556	25071.0	157.0	58.0	173.0
1392939001567	25071.0	156.0	58.0	173.0
1392939001574	25071.0	156.0	57.0	173.0
1392939001585	25071.0	156.0	57.0	173.0
1392939001605	24194.0	156.0	57.0	173.0
1392939001611	24194.0	156.0	57.0	173.0
1392939001613	24194.0	156.0	57.0	173.0
1392939001623	24122.0	156.0	57.0	173.0
1392939001638	24122.0	155.0	57.0	173.0
1392939001657	24122.0	155.0	57.0	173.0
1392939001667	24751.0	155.0	57.0	173.0
1392939001680	24751.0	155.0	57.0	173.0
1392939001705	24832.0	156.0	57.0	173.0
1392939001713	24832.0	156.0	57.0	173.0
1392939001725	24832.0	156.0	57.0	173.0
1392939001734	24372.0	156.0	57.0	173.0
1392939001743	24372.0	156.0	57.0	173.0
1392939001753	24372.0	156.0	57.0	173.0
1392939001763	24372.0	156.0	57.0	173.0
1392939001773	23766.0	156.0	57.0	173.0
1392939001789	23766.0	156.0	57.0	173.0
1392939001793	23766.0	156.0	57.0	173.0
1392939001803	23706.0	156.0	57.0	173.0
1392939001814	23706.0	156.0	57.0	173.0
1392939001823	23706.0	157.0	57.0	173.0
1392939001836	23706.0	157.0	57.0	173.0
1392939001845	24196.0	157.0	57.0	173.0
1392939001853	24196.0	157.0	57.0	173.0
1392939001863	24196.0	157.0	57.0	173.0
1392939001873	24280.0	157.0	57.0	173.0
1392939001886	24375.0	157.0	57.0	173.0
1392939001893	24375.0	157.0	57.0	173.0
1392939001905	24375.0	157.0	57.0	173.0
1392939001913	24717.0	157.0	57.0	173.0
1392939001923	24717.0	157.0	58.0	173.0
1392939001935	24717.0	157.0	58.0	173.0
1392939001944	24717.0	157.0	58.0	173.0
1392939001953	25000.0	157.0	58.0	173.0
1392939001967	25000.0	157.0	58.0	173.0
1392939001972	25000.0	157.0	58.0	173.0
1392939001984	25262.0	157.0	58.0	173.0
1392939001994	25262.0	156.0	58.0	173.0
1392939002003	25262.0	156.0	58.0	173.0
1392939002013	25262.0	156.0	58.0	173.0
1392939002026	24489.0	156.0	58.0	173.0
1392939002035	24489.0	156.0	57.0	173.0
1392939002043	24489.0	155.0	57.0	173.0
1392939002053	21771.0	155.0	57.0	173.0
1392939002064	21771.0	156.0	57.0	172.0
1392939002073	21771.0	156.0	56.0	172.0
1392939002084	21771.0	156.0	55.0	171.0
1392939002093	18592.0	156.0	55.0	171.0
1392939002103	18592.0	157.0	54.0	170.0
1392939002117	18592.0	158.0	54.0	170.0
1392939002123	18592.0	159.0	54.0	169.0
1392939002133	20123.0	158.0	54.0	168.0
1392939002144	20123.0	159.0	55.0	168.0
1392939002156	20123.0	159.0	55.0	167.0
1392939002166	26641.0	160.0	56.0	166.0
1392939002174	26641.0	159.0	56.0	165.0
1392939002183	26641.0	159.0	57.0	163.0
1392939002193	26641.0	160.0	57.0	162.0
1392939002203	31194.0	160.0	57.0	161.0
1392939002216	31194.0	160.0	57.0	160.0
1392939002223	31194.0	160.0	57.0	159.0
1392939002234	32821.0	160.0	58.0	159.0
1392939002243	32821.0	160.0	58.0	158.0
1392939002253	32821.0	160.0	58.0	158.0
1392939002267	32821.0	160.0	58.0	158.0
1392939002273	34472.0	161.0	59.0	158.0
1392939002283	34472.0	161.0	59.0	159.0
1392939002294	34472.0	161.0	59.0	159.0
1392939002303	34472.0	161.0	59.0	160.0
1392939002324	33820.0	161.0	59.0	161.0
1392939002325	33820.0	162.0	59.0	161.0
1392939002333	33820.0	132.0	77.0	96.0
1392939002343	30363.0	100.0	80.0	127.0
1392939002354	30363.0	125.0	78.0	165.0
1392939002368	30363.0	151.0	72.0	180.0
1392939002373	30363.0	158.0	68.0	175.0
1392939002384	26556.0	160.0	65.0	172.0
1392939002393	26556.0	161.0	64.0	171.0
1392939002403	26556.0	159.0	64.0	171.0
1392939002414	26006.0	156.0	64.0	172.0
1392939002423	26006.0	152.0	64.0	173.0
1392939002433	26006.0	152.0	63.0	174.0
1392939002445	26006.0	150.0	63.0	175.0
1392939002453	24602.0	151.0	63.0	175.0
1392939002465	24602.0	150.0	62.0	175.0
1392939002474	24602.0	151.0	62.0	175.0
1392939002483	24602.0	149.0	61.0	175.0
1392939002494	21048.0	149.0	61.0	175.0
1392939002504	21048.0	152.0	61.0	175.0
1392939002515	21048.0	152.0	61.0	175.0
1392939002523	23735.0	159.0	53.0	173.0
1392939002534	23735.0	159.0	54.0	173.0
1392939002543	23735.0	158.0	54.0	172.0
1392939002553	23735.0	158.0	54.0	171.0
1392939002564	28073.0	158.0	54.0	170.0
1392939002573	28073.0	158.0	54.0	169.0
1392939002583	28073.0	157.0	55.0	167.0
1392939002596	34834.0	158.0	55.0	165.0
1392939002603	34834.0	159.0	56.0	163.0
1392939002613	34834.0	159.0	57.0	161.0
1392939002624	34834.0	160.0	58.0	159.0
1392939002633	34720.0	160.0	59.0	157.0
1392939002647	34720.0	161.0	60.0	155.0
1392939002653	34720.0	162.0	60.0	155.0
1392939002663	34720.0	161.0	60.0	154.0
1392939002673	34333.0	162.0	59.0	154.0
1392939002684	34333.0	163.0	58.0	158.0
1392939002699	34333.0	162.0	58.0	160.0
1392939002703	36774.0	163.0	58.0	164.0
1392939002714	36774.0	162.0	59.0	172.0
1392939002723	36774.0	163.0	60.0	174.0
1392939002733	36774.0	171.0	60.0	148.0
1392939002746	39768.0	177.0	53.0	121.0
1392939002754	39768.0	174.0	44.0	106.0
1392939002764	39768.0	174.0	39.0	101.0
1392939002774	35491.0	174.0	39.0	100.0
1392939002784	35491.0	173.0	47.0	104.0
1392939002797	35491.0	175.0	59.0	117.0
1392939002806	35491.0	169.0	69.0	146.0
1392939002816	33530.0	155.0	69.0	178.0
1392939002824	33530.0	157.0	67.0	168.0
1392939002835	33530.0	158.0	65.0	163.0
1392939002847	33530.0	157.0	64.0	162.0
1392939002854	35020.0	157.0	64.0	163.0
1392939002865	35020.0	155.0	64.0	167.0
1392939002874	35020.0	155.0	63.0	170.0
1392939002884	32994.0	155.0	63.0	171.0
1392939002896	32994.0	154.0	62.0	170.0
1392939002904	32994.0	155.0	61.0	169.0
1392939002914	32994.0	154.0	61.0	170.0
1392939002924	30114.0	154.0	61.0	170.0
1392939002946	30114.0	155.0	60.0	172.0
1392939002954	27786.0	155.0	60.0	172.0
1392939002970	27786.0	155.0	60.0	172.0
1392939002980	27786.0	157.0	57.0	173.0
1392939002984	27786.0	157.0	57.0	173.0
1392939002996	29935.0	157.0	57.0	173.0
1392939003004	29935.0	156.0	57.0	172.0
1392939003014	29935.0	156.0	57.0	172.0
1392939003024	29935.0	156.0	57.0	171.0
1392939003035	33150.0	155.0	58.0	170.0
1392939003044	33150.0	154.0	58.0	170.0
1392939003054	33150.0	154.0	59.0	169.0
1392939003065	37166.0	153.0	60.0	168.0
1392939003081	37166.0	153.0	61.0	166.0
1392939003085	37166.0	152.0	62.0	164.0
1392939003094	37166.0	152.0	63.0	163.0
1392939003104	39739.0	151.0	64.0	162.0
1392939003114	39739.0	151.0	64.0	162.0
1392939003127	39739.0	151.0	64.0	161.0
1392939003144	38116.0	152.0	63.0	168.0
1392939003155	38116.0	153.0	62.0	173.0
1392939003164	38116.0	154.0	61.0	180.0
1392939003182	37648.0	157.0	58.0	171.0
1392939003310	37648.0	162.0	55.0	160.0
1392939003323	37648.0	167.0	50.0	148.0
1392939003324	37648.0	172.0	45.0	137.0
1392939003326	37296.0	175.0	39.0	130.0
1392939003327	37296.0	177.0	34.0	127.0
1392939003328	37296.0	177.0	34.0	127.0
1392939003330	37581.0	177.0	34.0	127.0
1392939003331	37581.0	177.0	34.0	126.0
1392939003332	37581.0	172.0	44.0	139.0
1392939003334	37581.0	167.0	53.0	150.0
1392939003335	36280.0	160.0	60.0	162.0
1392939003336	36280.0	155.0	63.0	174.0
1392939003338	36280.0	153.0	65.0	177.0
1392939003339	35842.0	151.0	67.0	172.0
1392939003340	35842.0	150.0	68.0	169.0
1392939003345	35842.0	150.0	68.0	168.0
1392939003347	35842.0	151.0	67.0	167.0
1392939003354	34134.0	153.0	65.0	166.0
1392939003364	34134.0	153.0	65.0	166.0
1392939003380	34134.0	153.0	64.0	167.0
1392939003384	34134.0	153.0	64.0	168.0
1392939003394	33538.0	150.0	64.0	168.0
1392939003404	33538.0	149.0	63.0	168.0
1392939003414	33538.0	150.0	63.0	169.0
1392939003425	34467.0	149.0	63.0	169.0
1392939003435	34467.0	149.0	64.0	169.0
1392939003446	34467.0	153.0	59.0	169.0
1392939003464	34467.0	3.0	59.0	168.0
1392939003466	37571.0	151.0	60.0	168.0
1392939003482	37571.0	151.0	60.0	168.0
1392939003484	37571.0	152.0	61.0	168.0
1392939003495	43842.0	153.0	62.0	167.0
1392939003508	43842.0	153.0	63.0	165.0
1392939003515	43842.0	155.0	65.0	164.0
1392939003525	43842.0	154.0	66.0	162.0
1392939003535	50302.0	154.0	68.0	159.0
1392939003546	50302.0	154.0	70.0	155.0
1392939003559	50302.0	155.0	71.0	151.0
1392939003565	50302.0	155.0	72.0	149.0
1392939003584	50085.0	152.0	72.0	149.0
1392939003594	50085.0	153.0	71.0	149.0
1392939003613	47788.0	152.0	70.0	156.0
1392939003615	47788.0	152.0	68.0	159.0
1392939003625	47788.0	153.0	66.0	162.0
1392939003635	47788.0	153.0	63.0	167.0
1392939003651	44213.0	154.0	60.0	176.0
1392939003656	44213.0	156.0	56.0	172.0
1392939003664	44213.0	160.0	49.0	159.0
1392939003676	41911.0	164.0	40.0	147.0
1392939003685	41911.0	167.0	33.0	140.0
1392939003694	41911.0	169.0	29.0	137.0
1392939003705	41911.0	170.0	29.0	136.0
1392939003714	40313.0	170.0	31.0	136.0
1392939003724	40313.0	169.0	36.0	137.0
1392939003735	40313.0	166.0	43.0	141.0
1392939003744	40313.0	162.0	50.0	146.0
1392939003758	39026.0	158.0	55.0	151.0
1392939003764	39026.0	155.0	59.0	154.0
1392939003775	39026.0	152.0	62.0	158.0
1392939003786	35355.0	150.0	64.0	162.0
1392939003796	35355.0	148.0	65.0	168.0
1392939003808	35355.0	148.0	65.0	175.0
1392939003815	35355.0	150.0	65.0	179.0
1392939003825	34016.0	152.0	63.0	174.0
1392939003840	34016.0	162.0	47.0	153.0
1392939003845	34016.0	152.0	62.0	175.0
1392939003858	33144.0	152.0	62.0	175.0
1392939003875	33144.0	151.0	62.0	176.0
1392939003885	33144.0	151.0	62.0	177.0
1392939003895	35030.0	154.0	59.0	169.0
1392939003905	35030.0	153.0	60.0	168.0
1392939003915	35030.0	153.0	60.0	168.0
1392939003926	35030.0	153.0	61.0	167.0
1392939003938	40038.0	153.0	61.0	166.0
1392939003945	40038.0	153.0	61.0	164.0
1392939003955	40038.0	153.0	61.0	162.0
1392939003965	42828.0	153.0	62.0	160.0
1392939003975	42828.0	155.0	62.0	158.0
1392939003988	42828.0	155.0	63.0	156.0
1392939003995	42828.0	155.0	64.0	156.0
1392939004005	46839.0	155.0	65.0	156.0
1392939004014	46839.0	154.0	66.0	157.0
1392939004025	46839.0	153.0	66.0	159.0
1392939004038	47376.0	151.0	66.0	164.0
1392939004045	47376.0	151.0	65.0	169.0
1392939004055	47376.0	151.0	64.0	173.0
1392939004065	47376.0	151.0	63.0	178.0
1392939004075	47143.0	151.0	62.0	176.0
1392939004088	47143.0	152.0	60.0	168.0
1392939004095	47143.0	154.0	57.0	157.0
1392939004105	47143.0	159.0	52.0	146.0
1392939004115	46775.0	164.0	46.0	137.0
1392939004125	46775.0	168.0	40.0	130.0
1392939004137	46775.0	171.0	35.0	125.0
1392939004145	44737.0	172.0	30.0	121.0
1392939004156	44737.0	174.0	27.0	118.0
1392939004165	44737.0	175.0	24.0	116.0
1392939004175	44737.0	175.0	24.0	116.0
1392939004195	41442.0	164.0	77.0	81.0
1392939004200	41442.0	176.0	27.0	112.0
1392939004205	41442.0	175.0	32.0	115.0
1392939004215	41123.0	174.0	39.0	119.0
1392939004225	41123.0	170.0	46.0	126.0
1392939004241	41123.0	164.0	53.0	135.0
1392939004245	41123.0	157.0	59.0	146.0
1392939004255	40673.0	152.0	62.0	159.0
1392939004270	40673.0	152.0	62.0	169.0
1392939004276	40673.0	153.0	61.0	177.0
1392939004286	40673.0	155.0	60.0	176.0
1392939004295	36955.0	156.0	59.0	172.0
1392939004305	36955.0	157.0	58.0	169.0
1392939004321	36955.0	157.0	59.0	166.0
1392939004325	39870.0	157.0	60.0	163.0
1392939004337	39870.0	157.0	61.0	161.0
1392939004347	39870.0	156.0	62.0	159.0
1392939004356	39870.0	156.0	62.0	158.0
1392939004373	40243.0	156.0	63.0	157.0
1392939004376	40243.0	177.0	7.0	90.0
1392939004387	40243.0	156.0	63.0	156.0
1392939004397	40189.0	156.0	63.0	156.0
1392939004405	40189.0	156.0	63.0	156.0
1392939004418	40189.0	156.0	63.0	156.0
1392939004425	40189.0	156.0	64.0	155.0
1392939004436	40006.0	156.0	64.0	154.0
1392939004445	40006.0	156.0	65.0	154.0
1392939004457	40006.0	156.0	65.0	153.0
1392939004470	40006.0	156.0	65.0	153.0
1392939004477	40663.0	156.0	65.0	154.0
1392939004486	40663.0	156.0	65.0	155.0
1392939004495	40663.0	157.0	64.0	157.0
1392939004506	37755.0	157.0	63.0	158.0
1392939004519	37755.0	158.0	62.0	160.0
1392939004525	37755.0	158.0	61.0	161.0
1392939004536	37755.0	159.0	60.0	161.0
1392939004546	37956.0	158.0	61.0	161.0
1392939004556	37956.0	158.0	61.0	160.0
1392939004567	37956.0	158.0	62.0	165.0
1392939004575	36721.0	156.0	63.0	171.0
1392939004585	36721.0	156.0	62.0	177.0
1392939004595	36721.0	159.0	59.0	164.0
1392939004605	36721.0	164.0	54.0	152.0
1392939004616	35998.0	169.0	48.0	142.0
1392939004625	35998.0	173.0	43.0	134.0
1392939004637	35998.0	175.0	38.0	127.0
1392939004646	35998.0	178.0	34.0	119.0
1392939004656	36352.0	180.0	31.0	111.0
1392939004668	36352.0	177.0	28.0	103.0
1392939004675	36352.0	176.0	27.0	96.0
1392939004693	37114.0	175.0	30.0	92.0
1392939004696	37114.0	174.0	35.0	92.0
1392939004707	37114.0	174.0	43.0	97.0
1392939004720	37114.0	176.0	52.0	105.0
1392939004726	35183.0	177.0	60.0	117.0
1392939004736	35183.0	163.0	65.0	132.0
1392939004751	35183.0	151.0	67.0	146.0
1392939004756	34411.0	146.0	68.0	158.0
1392939004769	34411.0	145.0	67.0	167.0
1392939004777	34411.0	146.0	66.0	175.0
1392939004786	34411.0	149.0	65.0	179.0
1392939004801	30337.0	151.0	63.0	175.0
1392939004806	30337.0	151.0	62.0	175.0
1392939004818	30337.0	151.0	62.0	175.0
1392939004826	28531.0	151.0	61.0	176.0
1392939004836	26625.0	152.0	61.0	176.0
1392939004852	26625.0	152.0	61.0	176.0
1392939004870	26992.0	152.0	61.0	176.0
1392939004880	26992.0	151.0	61.0	176.0
1392939004893	26992.0	151.0	61.0	176.0
1392939004896	26992.0	156.0	54.0	173.0
1392939004905	31855.0	156.0	55.0	172.0
1392939004916	31855.0	155.0	55.0	172.0
1392939004925	31855.0	156.0	56.0	170.0
1392939004937	40997.0	157.0	57.0	169.0
1392939004949	40997.0	158.0	58.0	167.0
1392939004956	40997.0	158.0	59.0	165.0
1392939004966	40997.0	159.0	60.0	163.0
1392939004977	49027.0	160.0	61.0	160.0
1392939004986	49027.0	160.0	62.0	158.0
1392939004998	49027.0	159.0	62.0	157.0
1392939005006	49136.0	159.0	62.0	156.0
1392939005016	49534.0	159.0	62.0	161.0
1392939005027	49534.0	159.0	61.0	164.0
1392939005036	49534.0	159.0	59.0	167.0
1392939005047	42934.0	159.0	58.0	169.0
1392939005057	42934.0	161.0	56.0	170.0
1392939005066	42934.0	161.0	56.0	170.0
1392939005076	42934.0	161.0	56.0	170.0
1392939005086	41687.0	162.0	56.0	170.0
1392939005097	41687.0	162.0	56.0	171.0
1392939005106	41687.0	162.0	56.0	171.0
1392939005116	43552.0	162.0	56.0	171.0
1392939005126	43552.0	159.0	62.0	179.0
1392939005136	43552.0	155.0	66.0	178.0
1392939005147	43552.0	150.0	70.0	175.0
1392939005156	42143.0	145.0	73.0	171.0
1392939005166	42143.0	142.0	74.0	168.0
1392939005180	42143.0	140.0	74.0	167.0
1392939005186	37965.0	140.0	75.0	167.0
1392939005196	37965.0	139.0	75.0	169.0
1392939005206	37965.0	138.0	75.0	171.0
1392939005216	37965.0	139.0	74.0	174.0
1392939005229	35794.0	142.0	73.0	177.0
1392939005237	35794.0	145.0	71.0	179.0
1392939005252	35794.0	146.0	69.0	179.0
1392939005256	35794.0	148.0	67.0	176.0
1392939005266	32412.0	150.0	65.0	174.0
1392939005287	32412.0	152.0	61.0	172.0
1392939005289	32412.0	152.0	61.0	172.0
1392939005296	29388.0	152.0	60.0	173.0
1392939005306	29388.0	153.0	59.0	174.0
1392939005316	29388.0	153.0	58.0	174.0
1392939005328	29388.0	153.0	57.0	175.0
1392939005336	29074.0	153.0	57.0	175.0
1392939005346	29074.0	152.0	58.0	175.0
1392939005358	29074.0	151.0	58.0	176.0
1392939005366	31046.0	151.0	58.0	176.0
1392939005379	31046.0	149.0	58.0	176.0
1392939005386	31046.0	149.0	58.0	177.0
1392939005397	31046.0	149.0	57.0	176.0
1392939005406	33527.0	150.0	57.0	176.0
1392939005417	33527.0	150.0	57.0	175.0
1392939005427	33527.0	149.0	57.0	174.0
1392939005436	33527.0	150.0	57.0	174.0
1392939005446	40350.0	150.0	58.0	174.0
1392939005458	40350.0	150.0	59.0	174.0
1392939005466	40350.0	149.0	61.0	175.0
1392939005478	47598.0	148.0	63.0	176.0
1392939005486	47598.0	147.0	64.0	177.0
1392939005496	47598.0	146.0	65.0	178.0
1392939005514	47598.0	87.0	66.0	179.0
1392939005516	54480.0	143.0	67.0	180.0
1392939005533	54480.0	143.0	67.0	179.0
1392939005536	54480.0	142.0	68.0	178.0
1392939005546	56981.0	142.0	68.0	177.0
1392939005561	56981.0	142.0	69.0	177.0
1392939005566	56981.0	141.0	69.0	176.0
1392939005577	56981.0	140.0	70.0	177.0
1392939005586	55184.0	140.0	71.0	178.0
1392939005597	55184.0	140.0	71.0	178.0
1392939005608	55184.0	140.0	71.0	179.0
1392939005616	55184.0	140.0	71.0	179.0
1392939005626	55444.0	139.0	72.0	179.0
1392939005636	55444.0	139.0	72.0	180.0
1392939005646	55444.0	139.0	72.0	180.0
1392939005661	57145.0	138.0	72.0	179.0
1392939005666	57145.0	139.0	72.0	179.0
1392939005682	57145.0	139.0	72.0	177.0
1392939005686	57145.0	140.0	72.0	176.0
1392939005697	59754.0	141.0	72.0	175.0
1392939005706	59754.0	142.0	71.0	176.0
1392939005717	59754.0	141.0	71.0	176.0
1392939005726	62718.0	141.0	72.0	177.0
1392939005737	62718.0	140.0	72.0	177.0
1392939005746	62718.0	140.0	73.0	177.0
1392939005759	62718.0	140.0	73.0	176.0
1392939005766	62162.0	140.0	73.0	176.0
1392939005777	62162.0	140.0	74.0	176.0
1392939005787	62162.0	141.0	74.0	177.0
1392939005797	62162.0	141.0	75.0	177.0
1392939005810	62903.0	141.0	75.0	177.0
1392939005816	62903.0	142.0	76.0	177.0
1392939005826	62903.0	141.0	77.0	177.0
1392939005837	62903.0	142.0	77.0	177.0
1392939005846	62903.0	143.0	78.0	176.0
1392939005858	62903.0	144.0	78.0	175.0
1392939005867	62903.0	145.0	78.0	174.0
1392939005880	62903.0	145.0	79.0	173.0
1392939005888	62903.0	145.0	79.0	173.0
1392939005905	62903.0	145.0	80.0	173.0
1392939005907	62903.0	144.0	80.0	173.0
1392939005927	62903.0	145.0	81.0	175.0
1392939005937	62903.0	144.0	82.0	176.0
1392939005947	62903.0	145.0	82.0	176.0
1392939005959	62903.0	142.0	83.0	178.0
1392939005967	62903.0	141.0	84.0	180.0
1392939005977	62903.0	138.0	84.0	177.0
1392939005987	62903.0	136.0	85.0	176.0
1392939005997	62903.0	134.0	85.0	174.0
1392939006007	62903.0	131.0	86.0	171.0
1392939006017	62903.0	129.0	86.0	170.0
1392939006027	62903.0	128.0	86.0	169.0
1392939006040	62903.0	127.0	87.0	169.0
1392939006047	62903.0	127.0	87.0	169.0
1392939006057	62903.0	125.0	87.0	168.0
1392939006067	62903.0	125.0	88.0	167.0
1392939006077	62903.0	125.0	88.0	167.0
1392939006089	62903.0	127.0	88.0	170.0
1392939006097	62903.0	130.0	89.0	174.0
1392939006108	62903.0	133.0	89.0	177.0
1392939006117	62903.0	136.0	89.0	180.0
1392939006127	62903.0	142.0	89.0	175.0
1392939006141	62903.0	145.0	88.0	171.0
1392939006147	62903.0	147.0	88.0	170.0
1392939006159	62903.0	150.0	88.0	167.0
1392939006167	62903.0	157.0	89.0	160.0
1392939006179	62903.0	168.0	89.0	148.0
1392939006187	62903.0	125.0	90.0	82.0
1392939006197	62903.0	55.0	89.0	12.0
1392939006207	62903.0	48.0	88.0	5.0
1392939006218	62903.0	48.0	88.0	5.0
1392939006227	62903.0	47.0	87.0	4.0
1392939006239	62903.0	47.0	87.0	2.0
1392939006247	62903.0	45.0	86.0	1.0
1392939006257	62903.0	49.0	86.0	4.0
1392939006267	62903.0	54.0	86.0	9.0
1392939006277	62903.0	59.0	86.0	13.0
1392939006290	62903.0	63.0	86.0	16.0
1392939006297	62903.0	66.0	86.0	20.0
1392939006307	62903.0	69.0	86.0	22.0
1392939006319	62903.0	69.0	86.0	22.0
1392939006327	62903.0	68.0	85.0	21.0
1392939006339	62903.0	67.0	85.0	20.0
1392939006347	62903.0	68.0	85.0	21.0
1392939006357	62903.0	68.0	85.0	21.0
1392939006368	62903.0	69.0	85.0	22.0
1392939006377	62903.0	69.0	85.0	23.0
1392939006388	62903.0	69.0	85.0	23.0
1392939006397	62903.0	68.0	85.0	22.0
1392939006407	62903.0	67.0	85.0	21.0
1392939006421	62903.0	66.0	85.0	20.0
1392939006427	62903.0	64.0	85.0	20.0
1392939006437	62903.0	63.0	85.0	19.0
1392939006447	62903.0	63.0	84.0	18.0
1392939006457	62903.0	61.0	84.0	18.0
1392939006470	62903.0	61.0	84.0	17.0
1392939006477	62903.0	58.0	84.0	14.0
1392939006487	62903.0	55.0	84.0	11.0
1392939006498	62903.0	53.0	84.0	9.0
1392939006507	62903.0	53.0	84.0	9.0
1392939006521	62903.0	53.0	84.0	10.0
1392939006527	62903.0	53.0	84.0	10.0
1392939006537	62903.0	53.0	84.0	10.0
1392939006547	62903.0	53.0	84.0	10.0
1392939006558	62903.0	53.0	84.0	10.0
1392939006569	62903.0	52.0	83.0	8.0
1392939006577	62903.0	50.0	83.0	7.0
1392939006587	62903.0	48.0	83.0	5.0
1392939006597	62903.0	47.0	83.0	4.0
1392939006608	62903.0	47.0	83.0	4.0
1392939006619	62903.0	46.0	84.0	3.0
1392939006627	62903.0	45.0	84.0	3.0
1392939006637	62903.0	45.0	84.0	3.0
1392939006647	62903.0	44.0	84.0	2.0
1392939006657	62903.0	44.0	83.0	2.0
1392939006669	62903.0	44.0	83.0	2.0
1392939006678	62903.0	45.0	83.0	3.0
1392939006688	62903.0	46.0	83.0	3.0
1392939006697	62903.0	46.0	83.0	4.0
1392939006707	62903.0	47.0	83.0	4.0
1392939006717	62903.0	48.0	83.0	5.0
1392939006727	62903.0	48.0	83.0	6.0
1392939006738	62903.0	49.0	83.0	6.0
1392939006747	62903.0	49.0	83.0	6.0
1392939006757	62903.0	49.0	83.0	7.0
1392939006772	62903.0	50.0	83.0	7.0
1392939006789	62903.0	52.0	83.0	9.0
1392939006810	62903.0	52.0	82.0	10.0
1392939006811	62903.0	53.0	82.0	10.0
1392939006817	62903.0	53.0	82.0	10.0
1392939006827	62903.0	53.0	83.0	10.0
1392939006838	62903.0	52.0	83.0	10.0
1392939006854	62903.0	52.0	83.0	9.0
1392939006859	62903.0	153.0	4.0	90.0
1392939006869	62903.0	51.0	83.0	9.0
1392939006878	62903.0	50.0	83.0	9.0
1392939006888	62903.0	50.0	83.0	9.0
1392939006903	62903.0	51.0	83.0	9.0
1392939006908	62903.0	50.0	83.0	9.0
1392939006919	62903.0	50.0	83.0	8.0
1392939006928	62903.0	49.0	83.0	8.0
1392939006938	62903.0	49.0	83.0	8.0
1392939006952	62903.0	50.0	83.0	8.0
1392939006957	62903.0	50.0	84.0	9.0
1392939006968	62903.0	51.0	84.0	10.0
1392939006978	62903.0	53.0	84.0	11.0
1392939006988	62903.0	55.0	84.0	12.0
1392939007001	62903.0	56.0	84.0	13.0
1392939007007	62903.0	57.0	84.0	14.0
1392939007018	62903.0	58.0	84.0	15.0
1392939007028	62903.0	58.0	84.0	15.0
1392939007039	62903.0	58.0	84.0	15.0
1392939007050	62903.0	57.0	84.0	15.0
1392939007058	62903.0	56.0	84.0	14.0
1392939007068	62903.0	55.0	84.0	12.0
1392939007078	62903.0	54.0	84.0	11.0
1392939007088	62903.0	52.0	83.0	10.0
1392939007102	62903.0	51.0	83.0	9.0
1392939007108	62903.0	51.0	83.0	9.0
1392939007123	62903.0	50.0	83.0	8.0
1392939007129	62903.0	49.0	83.0	8.0
1392939007139	62903.0	50.0	83.0	8.0
1392939007153	62903.0	50.0	83.0	9.0
1392939007161	62903.0	51.0	83.0	10.0
1392939007168	62903.0	51.0	84.0	10.0
1392939007178	62903.0	51.0	84.0	11.0
1392939007188	62903.0	52.0	84.0	11.0
1392939007199	62903.0	52.0	84.0	12.0
1392939007208	62903.0	53.0	84.0	12.0
1392939007219	62903.0	53.0	84.0	12.0
1392939007228	62903.0	53.0	84.0	12.0
1392939007238	62903.0	53.0	84.0	13.0
1392939007249	62903.0	54.0	84.0	13.0
1392939007258	62903.0	54.0	84.0	13.0
1392939007268	62903.0	54.0	84.0	13.0
1392939007281	62903.0	53.0	84.0	13.0
1392939007288	62903.0	53.0	84.0	13.0
1392939007298	62903.0	53.0	84.0	12.0
1392939007308	62903.0	53.0	84.0	12.0
1392939007318	62903.0	53.0	84.0	12.0
1392939007332	62903.0	53.0	84.0	12.0
1392939007339	62903.0	53.0	84.0	12.0
1392939007349	62903.0	53.0	84.0	12.0
1392939007358	62903.0	52.0	84.0	12.0
1392939007368	62903.0	52.0	84.0	12.0
1392939007381	62903.0	52.0	84.0	12.0
1392939007388	62903.0	52.0	84.0	12.0
1392939007401	62903.0	52.0	84.0	12.0
1392939007410	62903.0	52.0	84.0	12.0
1392939007434	62903.0	53.0	84.0	12.0
1392939007439	62903.0	53.0	84.0	12.0
1392939007454	62903.0	53.0	84.0	12.0
1392939007459	62903.0	53.0	84.0	12.0
1392939007469	62903.0	53.0	84.0	12.0
1392939007481	62903.0	53.0	84.0	12.0
1392939007489	62903.0	53.0	84.0	12.0
1392939007505	62903.0	53.0	83.0	12.0
1392939007511	62903.0	53.0	83.0	12.0
1392939007520	62903.0	53.0	83.0	12.0
1392939007533	62903.0	53.0	83.0	12.0
1392939007540	62903.0	53.0	84.0	12.0
1392939007550	62903.0	53.0	84.0	12.0
1392939007558	62903.0	53.0	84.0	13.0
1392939007569	62903.0	53.0	84.0	13.0
1392939007580	62903.0	53.0	84.0	13.0
1392939007589	62903.0	53.0	84.0	13.0
1392939007599	62903.0	53.0	84.0	13.0
1392939007613	62903.0	53.0	84.0	13.0
1392939007619	62903.0	54.0	84.0	13.0
1392939007629	62903.0	54.0	84.0	13.0
1392939007639	62903.0	55.0	84.0	14.0
1392939007649	62903.0	153.0	4.0	90.0
1392939007662	62903.0	55.0	84.0	14.0
1392939007669	62903.0	55.0	84.0	14.0
1392939007680	62903.0	55.0	84.0	14.0
1392939007689	62903.0	55.0	84.0	14.0
1392939007700	62903.0	55.0	84.0	14.0
1392939007709	62903.0	55.0	84.0	14.0
1392939007719	62903.0	56.0	84.0	14.0
1392939007730	62903.0	56.0	84.0	14.0
1392939007739	62903.0	56.0	84.0	14.0
1392939007749	62903.0	56.0	84.0	14.0
1392939007762	62903.0	56.0	84.0	14.0
1392939007769	62903.0	56.0	84.0	14.0
1392939007779	62903.0	56.0	84.0	14.0
1392939007790	62903.0	55.0	84.0	14.0
1392939007799	62903.0	56.0	84.0	14.0
1392939007811	62903.0	56.0	84.0	14.0
1392939007819	62903.0	56.0	84.0	14.0
1392939007829	62903.0	55.0	84.0	13.0
1392939007839	62903.0	55.0	84.0	13.0
1392939007849	62903.0	55.0	84.0	12.0
1392939007861	62903.0	54.0	84.0	12.0
1392939007868	62903.0	55.0	85.0	12.0
1392939007879	62903.0	54.0	85.0	12.0
1392939007888	62903.0	54.0	85.0	12.0
1392939007899	62903.0	53.0	85.0	11.0
1392939007911	62903.0	53.0	85.0	10.0
1392939007919	62903.0	52.0	85.0	10.0
1392939007929	62903.0	51.0	85.0	9.0
1392939007939	62903.0	50.0	85.0	8.0
1392939007949	62903.0	50.0	85.0	7.0
1392939007961	62903.0	49.0	85.0	6.0
1392939007969	62903.0	49.0	85.0	6.0
1392939007978	62903.0	49.0	85.0	6.0
1392939007988	62903.0	48.0	85.0	5.0
1392939007999	62903.0	48.0	85.0	5.0
1392939008009	62903.0	48.0	85.0	5.0
1392939008019	62903.0	47.0	85.0	4.0
1392939008029	62903.0	46.0	85.0	3.0
1392939008039	62903.0	46.0	85.0	3.0
1392939008049	62903.0	45.0	85.0	2.0
1392939008060	62903.0	45.0	85.0	2.0
1392939008079	62903.0	45.0	85.0	2.0
1392939008097	62903.0	45.0	85.0	2.0
1392939008100	62903.0	44.0	85.0	1.0
1392939008110	62903.0	43.0	85.0	0.0
1392939008121	62903.0	41.0	85.0	1.0
1392939008130	62903.0	41.0	85.0	1.0
1392939008143	62903.0	41.0	85.0	2.0
1392939008150	62903.0	40.0	85.0	1.0
1392939008160	62903.0	42.0	85.0	0.0
1392939008169	62903.0	42.0	85.0	1.0
1392939008180	62903.0	43.0	85.0	1.0
1392939008193	62903.0	41.0	85.0	0.0
1392939008199	62903.0	40.0	85.0	1.0
1392939008209	62903.0	39.0	85.0	1.0
1392939008219	62903.0	38.0	85.0	1.0
1392939008230	62903.0	38.0	84.0	2.0
1392939008242	62903.0	38.0	84.0	2.0
1392939008249	62903.0	38.0	84.0	1.0
1392939008260	62903.0	38.0	84.0	1.0
1392939008269	62903.0	38.0	84.0	1.0
1392939008280	62903.0	37.0	84.0	0.0
1392939008292	62903.0	37.0	84.0	0.0
1392939008300	62903.0	36.0	83.0	0.0
1392939008310	62903.0	35.0	83.0	1.0
1392939008319	62903.0	35.0	83.0	1.0
1392939008329	62903.0	33.0	83.0	2.0
1392939008342	62903.0	31.0	83.0	4.0
1392939008350	62903.0	29.0	83.0	5.0
1392939008360	62903.0	27.0	83.0	6.0
1392939008369	62903.0	26.0	83.0	7.0
1392939008380	62903.0	24.0	83.0	8.0
1392939008389	62903.0	23.0	83.0	9.0
1392939008399	62903.0	23.0	83.0	9.0
1392939008409	62903.0	22.0	83.0	9.0
1392939008420	62903.0	21.0	83.0	10.0
1392939008429	62903.0	20.0	83.0	10.0
1392939008441	62903.0	20.0	83.0	10.0
1392939008450	62903.0	19.0	83.0	11.0
1392939008459	62903.0	19.0	83.0	11.0
1392939008469	62903.0	20.0	83.0	10.0
1392939008480	62903.0	20.0	83.0	10.0
1392939008492	62903.0	19.0	83.0	11.0
1392939008500	62903.0	19.0	84.0	11.0
1392939008511	62903.0	18.0	84.0	11.0
1392939008523	62903.0	18.0	84.0	11.0
1392939008529	62903.0	18.0	84.0	11.0
1392939008540	62903.0	19.0	84.0	10.0
1392939008551	62903.0	21.0	84.0	8.0
1392939008561	62903.0	23.0	84.0	7.0
1392939008574	62903.0	25.0	84.0	5.0
1392939008580	62903.0	27.0	85.0	3.0
1392939008592	62903.0	30.0	85.0	1.0
1392939008600	62903.0	33.0	85.0	1.0
1392939008610	62903.0	34.0	85.0	3.0
1392939008623	62903.0	35.0	85.0	3.0
1392939008631	62903.0	34.0	85.0	3.0
1392939008642	62903.0	32.0	85.0	1.0
1392939008650	62903.0	30.0	84.0	1.0
1392939008670	62903.0	29.0	84.0	2.0
1392939008673	62903.0	28.0	84.0	4.0
1392939008680	62903.0	26.0	84.0	5.0
1392939008697	62903.0	26.0	84.0	5.0
1392939008700	62903.0	25.0	84.0	6.0
1392939008710	62903.0	25.0	85.0	6.0
1392939008723	62903.0	24.0	85.0	7.0
1392939008729	62903.0	22.0	85.0	9.0
1392939008743	62903.0	21.0	84.0	10.0
1392939008750	62903.0	19.0	84.0	11.0
1392939008759	62903.0	19.0	84.0	12.0
1392939008771	62903.0	18.0	84.0	12.0
1392939008780	62903.0	17.0	84.0	13.0
1392939008790	62903.0	16.0	84.0	14.0
1392939008800	62903.0	15.0	84.0	15.0
1392939008809	62903.0	13.0	84.0	16.0
1392939008821	62903.0	11.0	84.0	18.0
1392939008829	62903.0	10.0	84.0	19.0
1392939008840	62903.0	9.0	84.0	20.0
1392939008851	62903.0	8.0	84.0	21.0
1392939008859	62903.0	6.0	84.0	22.0
1392939008871	62903.0	6.0	84.0	23.0
1392939008879	62903.0	5.0	84.0	23.0
1392939008889	62903.0	4.0	84.0	24.0
1392939008902	62903.0	3.0	84.0	24.0
1392939008909	62903.0	3.0	83.0	25.0
1392939008921	62903.0	2.0	84.0	25.0
1392939008930	62903.0	2.0	84.0	25.0
1392939008939	62903.0	2.0	84.0	25.0
1392939008949	62903.0	2.0	84.0	25.0
1392939008961	62903.0	2.0	84.0	24.0
1392939008971	62903.0	3.0	84.0	24.0
1392939008979	62903.0	4.0	84.0	23.0
1392939008989	62903.0	5.0	84.0	22.0
1392939009009	62903.0	5.0	84.0	22.0
1392939009013	62903.0	6.0	84.0	21.0
1392939009021	62903.0	6.0	85.0	21.0
1392939009036	62903.0	6.0	85.0	21.0
1392939009045	62903.0	7.0	85.0	21.0
1392939009050	62903.0	7.0	85.0	21.0
1392939009061	62903.0	7.0	85.0	21.0
1392939009081	62903.0	8.0	85.0	20.0
1392939009082	62903.0	10.0	85.0	19.0
1392939009090	62903.0	11.0	85.0	18.0
1392939009103	62903.0	12.0	85.0	17.0
1392939009109	62903.0	14.0	85.0	16.0
1392939009120	62903.0	15.0	85.0	14.0
1392939009129	62903.0	17.0	86.0	13.0
1392939009141	62903.0	17.0	86.0	13.0
1392939009152	62903.0	17.0	86.0	13.0
1392939009160	62903.0	17.0	86.0	13.0
1392939009171	62903.0	17.0	86.0	13.0
1392939009181	62903.0	16.0	86.0	14.0
1392939009191	62903.0	15.0	86.0	15.0
1392939009201	62903.0	14.0	86.0	16.0
1392939009210	62903.0	13.0	86.0	16.0
1392939009220	62903.0	13.0	86.0	17.0
1392939009232	62903.0	12.0	86.0	17.0
1392939009240	62903.0	11.0	86.0	18.0
1392939009252	62903.0	10.0	86.0	19.0
1392939009261	62903.0	8.0	86.0	20.0
1392939009270	62903.0	7.0	86.0	21.0
1392939009280	62903.0	6.0	86.0	23.0
1392939009290	62903.0	5.0	86.0	24.0
1392939009302	62903.0	3.0	86.0	25.0
1392939009311	62903.0	2.0	86.0	26.0
1392939009320	62903.0	1.0	85.0	26.0
1392939009334	62903.0	0.0	85.0	27.0
1392939009340	62903.0	1.0	85.0	28.0
1392939009352	62903.0	2.0	85.0	28.0
1392939009360	62903.0	2.0	85.0	29.0
1392939009373	62903.0	2.0	85.0	29.0
1392939009384	62903.0	3.0	85.0	29.0
1392939009391	62903.0	3.0	85.0	29.0
1392939009401	62903.0	3.0	85.0	29.0
1392939009410	62903.0	3.0	85.0	29.0
1392939009420	62903.0	3.0	85.0	29.0
1392939009433	62903.0	3.0	85.0	29.0
1392939009440	62903.0	3.0	85.0	30.0
1392939009450	62903.0	3.0	85.0	30.0
1392939009460	62903.0	4.0	85.0	30.0
1392939009471	62903.0	4.0	85.0	31.0
1392939009483	62903.0	4.0	85.0	32.0
1392939009490	62903.0	5.0	85.0	33.0
1392939009500	62903.0	6.0	85.0	33.0
1392939009510	62903.0	6.0	85.0	34.0
1392939009521	62903.0	6.0	85.0	34.0
1392939009533	62903.0	6.0	85.0	34.0
1392939009540	62903.0	6.0	85.0	34.0
1392939009550	62903.0	5.0	85.0	34.0
1392939009561	62903.0	5.0	85.0	34.0
1392939009570	62903.0	5.0	85.0	34.0
1392939009582	62903.0	5.0	85.0	34.0
1392939009590	62903.0	6.0	85.0	34.0
1392939009601	62903.0	6.0	85.0	34.0
1392939009611	62903.0	7.0	85.0	35.0
1392939009621	62903.0	7.0	85.0	35.0
1392939009632	62903.0	6.0	84.0	35.0
1392939009640	62903.0	6.0	84.0	35.0
1392939009650	62903.0	6.0	84.0	35.0
1392939009660	62903.0	7.0	84.0	36.0
1392939009670	62903.0	7.0	84.0	36.0
1392939009683	62903.0	8.0	84.0	37.0
1392939009690	62903.0	9.0	84.0	37.0
1392939009705	62903.0	9.0	84.0	38.0
1392939009710	62903.0	10.0	84.0	38.0
1392939009721	62903.0	10.0	84.0	39.0
1392939009737	62903.0	10.0	84.0	39.0
1392939009741	62903.0	11.0	84.0	40.0
1392939009751	62903.0	11.0	84.0	40.0
1392939009768	62903.0	10.0	84.0	39.0
1392939009770	62903.0	9.0	84.0	39.0
1392939009780	62903.0	10.0	84.0	40.0
1392939009790	62903.0	15.0	84.0	44.0
1392939009801	62903.0	23.0	84.0	51.0
1392939009811	62903.0	31.0	85.0	58.0
1392939009820	62903.0	37.0	85.0	64.0
1392939009832	62903.0	41.0	85.0	67.0
1392939009840	62903.0	42.0	85.0	68.0
1392939009851	62903.0	39.0	84.0	65.0
1392939009888	62903.0	34.0	84.0	60.0
1392939009926	62903.0	27.0	84.0	54.0
1392939009927	62903.0	20.0	83.0	48.0
1392939009947	62903.0	15.0	83.0	44.0
