1392939068962	62903.0	67.0	85.0	7.0
1392939068972	62903.0	62.0	86.0	3.0
1392939068982	62903.0	60.0	86.0	2.0
1392939068992	62903.0	59.0	86.0	1.0
1392939069002	62903.0	60.0	86.0	3.0
1392939069012	62903.0	63.0	86.0	6.0
1392939069023	62903.0	68.0	86.0	11.0
1392939069033	62903.0	75.0	86.0	17.0
1392939069042	62903.0	79.0	85.0	20.0
1392939069052	62903.0	82.0	85.0	23.0
1392939069062	62903.0	83.0	84.0	22.0
1392939069072	62903.0	83.0	83.0	19.0
1392939069083	62903.0	160.0	4.0	90.0
1392939069092	62903.0	83.0	80.0	15.0
1392939069102	62903.0	83.0	79.0	14.0
1392939069112	62903.0	85.0	79.0	14.0
1392939069123	62903.0	84.0	79.0	15.0
1392939069132	62903.0	85.0	80.0	16.0
1392939069143	62903.0	84.0	80.0	18.0
1392939069152	62903.0	82.0	81.0	18.0
1392939069162	62903.0	81.0	82.0	17.0
1392939069172	62903.0	79.0	82.0	17.0
1392939069183	62903.0	76.0	83.0	15.0
1392939069192	62903.0	73.0	83.0	12.0
1392939069204	62903.0	71.0	83.0	10.0
1392939069213	62903.0	70.0	83.0	9.0
1392939069224	62903.0	69.0	83.0	8.0
1392939069233	62903.0	69.0	83.0	8.0
1392939069243	62903.0	69.0	83.0	8.0
1392939069253	62903.0	68.0	83.0	7.0
1392939069263	62903.0	68.0	83.0	7.0
1392939069272	62903.0	66.0	83.0	7.0
1392939069282	62903.0	65.0	84.0	6.0
1392939069293	62903.0	63.0	84.0	5.0
1392939069304	62903.0	62.0	84.0	4.0
1392939069313	62903.0	60.0	84.0	3.0
1392939069323	62903.0	60.0	84.0	3.0
1392939069333	62903.0	62.0	85.0	6.0
1392939069343	62903.0	68.0	85.0	11.0
1392939069355	62903.0	71.0	84.0	12.0
1392939069363	62903.0	73.0	84.0	14.0
1392939069373	62903.0	74.0	84.0	15.0
1392939069411	62903.0	75.0	83.0	16.0
1392939069413	62903.0	75.0	83.0	16.0
1392939069414	62903.0	76.0	83.0	16.0
1392939069415	62903.0	76.0	83.0	16.0
1392939069438	62903.0	76.0	83.0	16.0
1392939069440	62903.0	76.0	83.0	16.0
1392939069443	62903.0	76.0	83.0	16.0
1392939069454	62903.0	76.0	83.0	16.0
1392939069463	62903.0	76.0	83.0	17.0
1392939069474	62903.0	76.0	83.0	17.0
1392939069485	62903.0	76.0	83.0	17.0
1392939069493	62903.0	76.0	83.0	17.0
1392939069503	62903.0	76.0	83.0	18.0
1392939069513	62903.0	77.0	83.0	18.0
1392939069523	62903.0	77.0	83.0	18.0
1392939069534	62903.0	78.0	83.0	19.0
1392939069543	62903.0	78.0	83.0	19.0
1392939069553	62903.0	78.0	83.0	19.0
1392939069567	62903.0	78.0	83.0	19.0
1392939069573	62903.0	78.0	83.0	19.0
1392939069584	62903.0	78.0	83.0	19.0
1392939069593	62903.0	78.0	83.0	19.0
1392939069603	62903.0	78.0	83.0	20.0
1392939069616	62903.0	78.0	83.0	20.0
1392939069623	62903.0	77.0	83.0	20.0
1392939069633	62903.0	77.0	83.0	20.0
1392939069643	62903.0	77.0	83.0	20.0
1392939069653	62903.0	78.0	83.0	20.0
1392939069665	62903.0	78.0	83.0	20.0
1392939069673	62903.0	78.0	83.0	20.0
1392939069683	62903.0	78.0	83.0	21.0
1392939069693	62903.0	79.0	83.0	21.0
1392939069719	62903.0	79.0	83.0	22.0
1392939069723	62903.0	80.0	83.0	22.0
1392939069733	62903.0	80.0	83.0	22.0
1392939069743	62903.0	80.0	83.0	22.0
1392939069753	62903.0	80.0	83.0	22.0
1392939069765	62903.0	80.0	83.0	22.0
1392939069773	62903.0	80.0	83.0	22.0
1392939069783	62903.0	80.0	83.0	22.0
1392939069793	62903.0	81.0	83.0	22.0
1392939069803	62903.0	81.0	83.0	22.0
1392939069814	62903.0	81.0	83.0	22.0
1392939069823	62903.0	81.0	83.0	22.0
1392939069833	62903.0	81.0	83.0	22.0
1392939069843	62903.0	81.0	83.0	22.0
1392939069853	62903.0	81.0	83.0	22.0
1392939069863	62903.0	81.0	83.0	22.0
1392939069874	62903.0	81.0	83.0	22.0
1392939069883	62903.0	81.0	83.0	23.0
1392939069894	62903.0	82.0	83.0	23.0
1392939069903	62903.0	82.0	83.0	23.0
1392939069918	62903.0	82.0	83.0	23.0
1392939069924	62903.0	82.0	83.0	23.0
1392939069933	62903.0	82.0	83.0	23.0
1392939069944	62903.0	82.0	83.0	23.0
1392939069955	62903.0	82.0	83.0	23.0
1392939069965	62903.0	82.0	83.0	23.0
1392939069975	62903.0	83.0	83.0	23.0
1392939069984	62903.0	83.0	83.0	23.0
1392939069998	62903.0	83.0	83.0	23.0
1392939070005	62903.0	83.0	83.0	24.0
1392939070027	62903.0	83.0	82.0	23.0
1392939070028	62903.0	83.0	82.0	23.0
1392939070033	62903.0	83.0	82.0	23.0
1392939070046	62903.0	82.0	82.0	22.0
1392939070053	62903.0	82.0	82.0	22.0
1392939070064	62903.0	82.0	82.0	22.0
1392939070073	62903.0	135.0	82.0	22.0
1392939070083	62903.0	83.0	82.0	22.0
1392939070096	62903.0	82.0	82.0	22.0
1392939070104	62903.0	158.0	4.0	90.0
1392939070113	62903.0	81.0	82.0	21.0
1392939070123	62903.0	1.0	82.0	21.0
1392939070133	62903.0	80.0	82.0	20.0
1392939070146	62903.0	80.0	82.0	20.0
1392939070153	62903.0	79.0	82.0	20.0
1392939070164	62903.0	79.0	82.0	19.0
1392939070174	62903.0	79.0	82.0	19.0
1392939070183	62903.0	79.0	82.0	19.0
1392939070194	62903.0	79.0	82.0	19.0
1392939070203	62903.0	80.0	82.0	18.0
1392939070214	62903.0	79.0	82.0	18.0
1392939070224	62903.0	80.0	82.0	18.0
1392939070234	62903.0	78.0	82.0	18.0
1392939070245	62903.0	78.0	82.0	17.0
1392939070253	62903.0	77.0	82.0	16.0
1392939070264	62903.0	77.0	82.0	16.0
1392939070274	62903.0	76.0	82.0	15.0
1392939070284	62903.0	75.0	82.0	15.0
1392939070294	62903.0	75.0	82.0	14.0
1392939070303	62903.0	75.0	82.0	14.0
1392939070314	62903.0	75.0	82.0	15.0
1392939070324	62903.0	75.0	83.0	15.0
1392939070333	62903.0	75.0	83.0	15.0
1392939070346	62903.0	75.0	83.0	15.0
1392939070354	62903.0	75.0	83.0	15.0
1392939070364	62903.0	76.0	83.0	15.0
1392939070378	62903.0	76.0	83.0	15.0
1392939070388	62903.0	76.0	83.0	15.0
1392939070394	62903.0	75.0	83.0	15.0
1392939070404	62903.0	75.0	83.0	15.0
1392939070413	62903.0	75.0	83.0	15.0
1392939070424	62903.0	75.0	83.0	15.0
1392939070434	62903.0	75.0	83.0	15.0
1392939070443	62903.0	75.0	83.0	15.0
1392939070454	62903.0	75.0	83.0	15.0
1392939070465	62903.0	75.0	83.0	15.0
1392939070480	62903.0	75.0	83.0	15.0
1392939070485	62903.0	74.0	83.0	15.0
1392939070498	62903.0	75.0	83.0	15.0
1392939070503	62903.0	75.0	83.0	15.0
1392939070515	62903.0	75.0	83.0	15.0
1392939070527	62903.0	75.0	83.0	15.0
1392939070534	62903.0	75.0	83.0	15.0
1392939070544	62903.0	75.0	83.0	15.0
1392939070555	62903.0	75.0	83.0	15.0
1392939070564	62903.0	75.0	83.0	15.0
1392939070582	62903.0	75.0	83.0	15.0
1392939070585	62903.0	75.0	83.0	16.0
1392939070594	62903.0	75.0	83.0	16.0
1392939070604	62903.0	75.0	83.0	16.0
1392939070614	62903.0	75.0	83.0	16.0
1392939070627	62903.0	75.0	84.0	17.0
1392939070634	62903.0	75.0	84.0	17.0
1392939070645	62903.0	76.0	84.0	17.0
1392939070653	62903.0	76.0	84.0	17.0
1392939070664	62903.0	76.0	84.0	17.0
1392939070676	62903.0	77.0	84.0	18.0
1392939070688	62903.0	77.0	84.0	18.0
1392939070694	62903.0	78.0	84.0	18.0
1392939070707	62903.0	78.0	84.0	18.0
1392939070716	62903.0	78.0	84.0	18.0
1392939070732	62903.0	77.0	84.0	18.0
1392939070734	62903.0	77.0	84.0	18.0
1392939070744	62903.0	76.0	84.0	18.0
1392939070754	62903.0	77.0	84.0	17.0
1392939070764	62903.0	77.0	84.0	17.0
1392939070776	62903.0	77.0	84.0	18.0
1392939070783	62903.0	77.0	84.0	18.0
1392939070794	62903.0	78.0	84.0	19.0
1392939070804	62903.0	79.0	84.0	19.0
1392939070814	62903.0	79.0	84.0	19.0
1392939070824	62903.0	79.0	84.0	19.0
1392939070834	62903.0	79.0	84.0	19.0
1392939070844	62903.0	79.0	84.0	19.0
1392939070854	62903.0	79.0	84.0	19.0
1392939070864	62903.0	79.0	84.0	19.0
1392939070874	62903.0	79.0	84.0	19.0
1392939070884	62903.0	79.0	84.0	19.0
1392939070894	62903.0	80.0	84.0	19.0
1392939070906	62903.0	80.0	84.0	19.0
1392939070914	62903.0	80.0	84.0	20.0
1392939070924	62903.0	80.0	84.0	20.0
1392939070934	62903.0	80.0	84.0	20.0
1392939070945	62903.0	81.0	84.0	20.0
1392939070956	62903.0	81.0	84.0	20.0
1392939070964	62903.0	81.0	84.0	20.0
1392939070974	62903.0	81.0	84.0	20.0
1392939070984	62903.0	81.0	84.0	21.0
1392939070995	62903.0	81.0	84.0	21.0
1392939071006	62903.0	81.0	84.0	21.0
1392939071014	62903.0	81.0	84.0	21.0
1392939071025	62903.0	82.0	84.0	21.0
1392939071034	62903.0	82.0	84.0	21.0
1392939071044	62903.0	82.0	84.0	21.0
1392939071056	62903.0	82.0	84.0	21.0
1392939071065	62903.0	82.0	84.0	22.0
1392939071074	62903.0	83.0	84.0	22.0
1392939071084	62903.0	83.0	84.0	22.0
1392939071094	62903.0	83.0	84.0	22.0
1392939071105	62903.0	83.0	84.0	22.0
1392939071114	62903.0	83.0	84.0	22.0
1392939071125	62903.0	84.0	84.0	23.0
1392939071134	62903.0	84.0	84.0	23.0
1392939071144	62903.0	84.0	84.0	23.0
1392939071155	62903.0	84.0	84.0	23.0
1392939071164	62903.0	84.0	84.0	23.0
1392939071175	62903.0	84.0	84.0	23.0
1392939071188	62903.0	83.0	84.0	23.0
1392939071194	62903.0	83.0	84.0	23.0
1392939071205	62903.0	84.0	83.0	23.0
1392939071214	62903.0	84.0	83.0	23.0
1392939071225	62903.0	84.0	83.0	23.0
1392939071237	62903.0	84.0	83.0	24.0
1392939071245	62903.0	84.0	83.0	24.0
1392939071254	62903.0	85.0	83.0	24.0
1392939071264	62903.0	85.0	83.0	24.0
1392939071290	62903.0	86.0	83.0	25.0
1392939071294	62903.0	86.0	83.0	25.0
1392939071310	62903.0	86.0	84.0	26.0
1392939071314	62903.0	86.0	84.0	26.0
1392939071325	62903.0	87.0	84.0	26.0
1392939071335	62903.0	87.0	84.0	26.0
1392939071344	62903.0	87.0	84.0	27.0
1392939071355	62903.0	87.0	84.0	27.0
1392939071365	62903.0	88.0	84.0	27.0
1392939071375	62903.0	88.0	84.0	27.0
1392939071388	62903.0	88.0	84.0	28.0
1392939071395	62903.0	89.0	84.0	28.0
1392939071406	62903.0	89.0	84.0	29.0
1392939071416	62903.0	89.0	84.0	29.0
1392939071425	62903.0	90.0	84.0	29.0
1392939071441	62903.0	90.0	84.0	29.0
1392939071446	62903.0	90.0	84.0	30.0
1392939071455	62903.0	90.0	84.0	30.0
1392939071465	62903.0	91.0	84.0	30.0
1392939071475	62903.0	91.0	84.0	30.0
1392939071488	62903.0	91.0	84.0	30.0
1392939071495	62903.0	91.0	84.0	30.0
1392939071505	62903.0	91.0	84.0	31.0
1392939071517	62903.0	91.0	84.0	31.0
1392939071525	62903.0	91.0	84.0	31.0
1392939071538	62903.0	91.0	84.0	31.0
1392939071546	62903.0	90.0	84.0	31.0
1392939071555	62903.0	90.0	84.0	31.0
1392939071566	62903.0	90.0	84.0	31.0
1392939071579	62903.0	91.0	84.0	31.0
1392939071587	62903.0	91.0	84.0	31.0
1392939071595	62903.0	91.0	84.0	31.0
1392939071605	62903.0	152.0	84.0	32.0
1392939071616	62903.0	92.0	84.0	32.0
1392939071625	62903.0	92.0	84.0	31.0
1392939071636	62903.0	91.0	84.0	31.0
1392939071644	62903.0	91.0	84.0	31.0
1392939071654	62903.0	91.0	84.0	31.0
1392939071668	62903.0	92.0	84.0	32.0
1392939071675	62903.0	92.0	84.0	32.0
1392939071685	62903.0	93.0	84.0	33.0
1392939071695	62903.0	93.0	84.0	33.0
1392939071705	62903.0	93.0	84.0	33.0
1392939071726	62903.0	93.0	84.0	33.0
1392939071727	62903.0	93.0	84.0	33.0
1392939071735	62903.0	94.0	84.0	33.0
1392939071745	62903.0	94.0	84.0	33.0
1392939071755	62903.0	94.0	84.0	34.0
1392939071769	62903.0	95.0	84.0	34.0
1392939071775	62903.0	95.0	84.0	34.0
1392939071788	62903.0	95.0	84.0	34.0
1392939071924	62903.0	178.0	84.0	34.0
1392939071925	62903.0	95.0	84.0	34.0
1392939071926	62903.0	95.0	84.0	34.0
1392939071927	62903.0	95.0	84.0	34.0
1392939071928	62903.0	94.0	83.0	34.0
1392939071929	62903.0	94.0	83.0	34.0
1392939071930	62903.0	94.0	83.0	34.0
1392939071953	62903.0	95.0	83.0	34.0
1392939071954	62903.0	95.0	83.0	34.0
1392939071955	62903.0	95.0	83.0	34.0
1392939071956	62903.0	95.0	83.0	34.0
1392939071957	62903.0	96.0	83.0	34.0
1392939071959	62903.0	96.0	83.0	34.0
1392939071970	62903.0	96.0	83.0	34.0
1392939071971	62903.0	96.0	83.0	34.0
1392939071973	62903.0	96.0	83.0	34.0
1392939071979	62903.0	96.0	83.0	34.0
1392939071980	62903.0	97.0	83.0	34.0
1392939071985	62903.0	96.0	83.0	34.0
1392939071997	62903.0	97.0	83.0	35.0
1392939072008	62903.0	97.0	83.0	35.0
1392939072018	62903.0	97.0	83.0	36.0
1392939072025	62903.0	98.0	83.0	36.0
1392939072035	62903.0	98.0	83.0	36.0
1392939072045	62903.0	98.0	83.0	37.0
1392939072056	62903.0	98.0	83.0	37.0
1392939072068	62903.0	98.0	83.0	37.0
1392939072076	62903.0	99.0	83.0	37.0
1392939072086	62903.0	100.0	83.0	38.0
1392939072100	62903.0	100.0	83.0	38.0
1392939072105	62903.0	100.0	83.0	38.0
1392939072116	62903.0	100.0	83.0	38.0
1392939072125	62903.0	100.0	83.0	38.0
1392939072136	62903.0	100.0	83.0	38.0
1392939072150	62903.0	100.0	83.0	39.0
1392939072156	62903.0	100.0	83.0	39.0
1392939072166	62903.0	100.0	83.0	39.0
1392939072176	62903.0	100.0	83.0	39.0
1392939072185	62903.0	101.0	83.0	40.0
1392939072197	62903.0	101.0	83.0	40.0
1392939072206	62903.0	101.0	83.0	40.0
1392939072216	62903.0	101.0	83.0	40.0
1392939072226	62903.0	101.0	83.0	40.0
1392939072236	62903.0	101.0	83.0	40.0
1392939072247	62903.0	101.0	83.0	40.0
1392939072256	62903.0	101.0	83.0	40.0
1392939072266	62903.0	101.0	83.0	40.0
1392939072275	62903.0	101.0	83.0	40.0
1392939072286	62903.0	101.0	83.0	40.0
1392939072296	62903.0	101.0	82.0	40.0
1392939072306	62903.0	102.0	82.0	40.0
1392939072317	62903.0	102.0	82.0	40.0
1392939072327	62903.0	102.0	82.0	41.0
1392939072336	62903.0	102.0	82.0	41.0
1392939072347	62903.0	102.0	82.0	41.0
1392939072356	62903.0	103.0	82.0	41.0
1392939072366	62903.0	103.0	82.0	41.0
1392939072376	62903.0	103.0	82.0	42.0
1392939072387	62903.0	103.0	82.0	42.0
1392939072398	62903.0	103.0	82.0	42.0
1392939072407	62903.0	104.0	82.0	43.0
1392939072416	62903.0	104.0	82.0	43.0
1392939072429	62903.0	104.0	82.0	43.0
1392939072437	62903.0	104.0	82.0	43.0
1392939072448	62903.0	104.0	82.0	43.0
1392939072457	62903.0	104.0	82.0	43.0
1392939072466	62903.0	105.0	82.0	43.0
1392939072479	62903.0	105.0	82.0	43.0
1392939072486	62903.0	104.0	82.0	44.0
1392939072496	62903.0	104.0	82.0	44.0
1392939072506	62903.0	104.0	82.0	44.0
1392939072515	62903.0	105.0	82.0	44.0
1392939072526	62903.0	105.0	82.0	44.0
1392939072536	62903.0	105.0	82.0	45.0
1392939072545	62903.0	105.0	82.0	45.0
1392939072555	62903.0	160.0	4.0	90.0
1392939072566	62903.0	106.0	82.0	45.0
1392939072587	62903.0	105.0	82.0	45.0
1392939072596	62903.0	106.0	82.0	45.0
1392939072606	62903.0	106.0	82.0	45.0
1392939072616	62903.0	106.0	82.0	45.0
1392939072629	62903.0	106.0	82.0	45.0
1392939072636	62903.0	106.0	82.0	45.0
1392939072646	62903.0	106.0	82.0	45.0
1392939072656	62903.0	106.0	82.0	46.0
1392939072666	62903.0	106.0	82.0	46.0
1392939072678	62903.0	107.0	82.0	46.0
1392939072686	62903.0	107.0	82.0	46.0
1392939072698	62903.0	106.0	82.0	46.0
1392939072706	62903.0	106.0	82.0	46.0
1392939072720	62903.0	106.0	82.0	46.0
1392939072729	62903.0	106.0	82.0	47.0
1392939072736	62903.0	106.0	82.0	46.0
1392939072746	62903.0	105.0	82.0	45.0
1392939072756	62903.0	105.0	82.0	45.0
1392939072766	62903.0	104.0	82.0	44.0
1392939072778	62903.0	104.0	82.0	44.0
1392939072786	62903.0	105.0	82.0	45.0
1392939072796	62903.0	105.0	82.0	45.0
1392939072807	62903.0	106.0	82.0	46.0
1392939072816	62903.0	106.0	82.0	46.0
1392939072828	62903.0	106.0	82.0	47.0
1392939072836	62903.0	106.0	82.0	46.0
1392939072846	62903.0	106.0	82.0	46.0
1392939072856	62903.0	105.0	82.0	46.0
1392939072867	62903.0	105.0	82.0	46.0
1392939072877	62903.0	105.0	82.0	46.0
1392939072886	62903.0	105.0	82.0	45.0
1392939072896	62903.0	105.0	82.0	45.0
1392939072910	62903.0	104.0	82.0	44.0
1392939072916	62903.0	104.0	82.0	44.0
1392939072928	62903.0	104.0	82.0	43.0
1392939072936	62903.0	104.0	82.0	43.0
1392939072946	62903.0	103.0	82.0	43.0
1392939072960	62903.0	103.0	82.0	42.0
1392939072966	62903.0	103.0	82.0	43.0
1392939072979	62903.0	103.0	82.0	43.0
1392939072987	62903.0	104.0	82.0	43.0
1392939072996	62903.0	104.0	82.0	44.0
1392939073009	62903.0	104.0	82.0	44.0
1392939073016	62903.0	104.0	82.0	44.0
1392939073027	62903.0	105.0	82.0	44.0
1392939073036	62903.0	105.0	82.0	45.0
1392939073047	62903.0	106.0	82.0	45.0
1392939073060	62903.0	106.0	82.0	46.0
1392939073066	62903.0	106.0	82.0	46.0
1392939073076	62903.0	107.0	82.0	46.0
1392939073086	62903.0	107.0	82.0	47.0
1392939073096	62903.0	107.0	82.0	47.0
1392939073110	62903.0	108.0	82.0	47.0
1392939073116	62903.0	108.0	82.0	48.0
1392939073126	62903.0	108.0	82.0	48.0
1392939073136	62903.0	108.0	82.0	48.0
1392939073146	62903.0	108.0	82.0	48.0
1392939073159	62903.0	107.0	82.0	47.0
1392939073167	62903.0	107.0	82.0	46.0
1392939073176	62903.0	106.0	82.0	46.0
1392939073186	62903.0	106.0	82.0	46.0
1392939073196	62903.0	106.0	82.0	46.0
1392939073216	62903.0	106.0	82.0	46.0
1392939073230	62903.0	106.0	82.0	46.0
1392939073237	62903.0	106.0	83.0	46.0
1392939073248	62903.0	106.0	83.0	46.0
1392939073259	62903.0	106.0	83.0	46.0
1392939073266	62903.0	106.0	83.0	46.0
1392939073276	62903.0	106.0	83.0	47.0
1392939073287	62903.0	107.0	83.0	47.0
1392939073296	62903.0	107.0	83.0	47.0
1392939073308	62903.0	106.0	83.0	47.0
1392939073316	62903.0	106.0	83.0	46.0
1392939073327	62903.0	106.0	83.0	46.0
1392939073337	62903.0	105.0	83.0	45.0
1392939073347	62903.0	105.0	82.0	45.0
1392939073358	62903.0	104.0	82.0	44.0
1392939073367	62903.0	104.0	82.0	44.0
1392939073377	62903.0	104.0	83.0	44.0
1392939073390	62903.0	104.0	83.0	44.0
1392939073396	62903.0	104.0	83.0	45.0
1392939073407	62903.0	104.0	83.0	45.0
1392939073417	62903.0	105.0	83.0	46.0
1392939073426	62903.0	105.0	83.0	46.0
1392939073440	62903.0	105.0	83.0	46.0
1392939073446	62903.0	105.0	83.0	46.0
1392939073457	62903.0	105.0	83.0	46.0
1392939073467	62903.0	104.0	83.0	45.0
1392939073477	62903.0	104.0	83.0	44.0
1392939073490	62903.0	103.0	83.0	44.0
1392939073496	62903.0	103.0	83.0	44.0
1392939073507	62903.0	103.0	83.0	44.0
1392939073516	62903.0	103.0	83.0	44.0
1392939073527	62903.0	102.0	83.0	44.0
1392939073540	62903.0	102.0	83.0	43.0
1392939073546	62903.0	102.0	83.0	43.0
1392939073556	62903.0	102.0	83.0	43.0
1392939073567	62903.0	102.0	83.0	42.0
1392939073576	62903.0	101.0	82.0	42.0
1392939073587	62903.0	101.0	83.0	42.0
1392939073597	62903.0	102.0	83.0	42.0
1392939073607	62903.0	102.0	83.0	42.0
1392939073618	62903.0	102.0	83.0	43.0
1392939073628	62903.0	102.0	83.0	43.0
1392939073640	62903.0	102.0	83.0	43.0
1392939073647	62903.0	102.0	83.0	43.0
1392939073657	62903.0	102.0	83.0	43.0
1392939073667	62903.0	103.0	83.0	43.0
1392939073677	62903.0	103.0	83.0	43.0
1392939073689	62903.0	103.0	83.0	43.0
1392939073697	62903.0	103.0	83.0	43.0
1392939073708	62903.0	103.0	83.0	43.0
1392939073718	62903.0	102.0	83.0	42.0
1392939073729	62903.0	102.0	83.0	42.0
1392939073737	62903.0	102.0	83.0	42.0
1392939073751	62903.0	102.0	83.0	42.0
1392939073758	62903.0	101.0	83.0	42.0
1392939073772	62903.0	101.0	83.0	41.0
1392939073789	62903.0	101.0	83.0	41.0
1392939073801	62903.0	101.0	83.0	41.0
1392939073803	62903.0	101.0	83.0	41.0
1392939073807	62903.0	101.0	83.0	41.0
1392939073817	62903.0	101.0	83.0	41.0
1392939073827	62903.0	101.0	83.0	41.0
1392939073837	62903.0	101.0	82.0	41.0
1392939073846	62903.0	101.0	82.0	41.0
1392939073857	62903.0	101.0	83.0	41.0
1392939073874	62903.0	101.0	83.0	41.0
1392939073877	62903.0	101.0	83.0	41.0
1392939073888	62903.0	101.0	83.0	41.0
1392939073897	62903.0	101.0	83.0	41.0
1392939073908	62903.0	101.0	83.0	41.0
1392939073921	62903.0	101.0	83.0	41.0
1392939073927	62903.0	101.0	83.0	41.0
1392939073937	62903.0	101.0	83.0	41.0
1392939073947	62903.0	101.0	83.0	41.0
1392939073957	62903.0	101.0	83.0	41.0
1392939073970	62903.0	101.0	83.0	40.0
1392939073977	62903.0	101.0	82.0	40.0
1392939073987	62903.0	101.0	82.0	40.0
1392939073997	62903.0	160.0	4.0	90.0
1392939074007	62903.0	100.0	83.0	40.0
1392939074021	62903.0	101.0	83.0	40.0
1392939074029	62903.0	100.0	83.0	40.0
1392939074038	62903.0	101.0	83.0	40.0
1392939074048	62903.0	101.0	83.0	41.0
1392939074057	62903.0	101.0	83.0	41.0
1392939074069	62903.0	101.0	83.0	41.0
1392939074078	62903.0	101.0	83.0	41.0
1392939074087	62903.0	101.0	83.0	41.0
1392939074098	62903.0	101.0	83.0	41.0
1392939074107	62903.0	102.0	83.0	41.0
1392939074119	62903.0	102.0	83.0	41.0
1392939074128	62903.0	102.0	83.0	42.0
1392939074138	62903.0	102.0	83.0	42.0
1392939074148	62903.0	102.0	82.0	42.0
1392939074159	62903.0	102.0	82.0	42.0
1392939074170	62903.0	102.0	82.0	42.0
1392939074178	62903.0	103.0	82.0	42.0
1392939074188	62903.0	103.0	82.0	42.0
1392939074202	62903.0	103.0	82.0	42.0
1392939074207	62903.0	104.0	82.0	42.0
1392939074218	62903.0	103.0	82.0	42.0
1392939074228	62903.0	103.0	82.0	42.0
1392939074238	62903.0	103.0	82.0	41.0
1392939074251	62903.0	103.0	82.0	41.0
1392939074257	62903.0	103.0	82.0	41.0
1392939074268	62903.0	102.0	82.0	41.0
1392939074277	62903.0	102.0	82.0	41.0
1392939074289	62903.0	102.0	82.0	40.0
1392939074300	62903.0	102.0	83.0	40.0
1392939074308	62903.0	102.0	83.0	40.0
1392939074318	62903.0	102.0	83.0	40.0
1392939074327	62903.0	102.0	83.0	40.0
1392939074338	62903.0	102.0	82.0	41.0
1392939074351	62903.0	102.0	82.0	41.0
1392939074357	62903.0	102.0	82.0	41.0
1392939074368	62903.0	102.0	82.0	41.0
1392939074377	62903.0	102.0	82.0	41.0
1392939074387	62903.0	102.0	82.0	41.0
1392939074401	62903.0	102.0	82.0	41.0
1392939074407	62903.0	102.0	82.0	41.0
1392939074417	62903.0	102.0	82.0	41.0
1392939074428	62903.0	102.0	82.0	41.0
1392939074437	62903.0	103.0	82.0	41.0
1392939074451	62903.0	103.0	82.0	41.0
1392939074457	62903.0	103.0	82.0	41.0
1392939074467	62903.0	103.0	82.0	41.0
1392939074478	62903.0	103.0	82.0	41.0
1392939074488	62903.0	102.0	82.0	41.0
1392939074502	62903.0	102.0	82.0	41.0
1392939074507	62903.0	102.0	82.0	41.0
1392939074522	62903.0	102.0	82.0	41.0
1392939074527	62903.0	102.0	82.0	41.0
1392939074537	62903.0	102.0	82.0	41.0
1392939074550	62903.0	102.0	82.0	41.0
1392939074557	62903.0	102.0	82.0	41.0
1392939074568	62903.0	101.0	82.0	40.0
1392939074579	62903.0	101.0	82.0	40.0
1392939074588	62903.0	101.0	82.0	40.0
1392939074598	62903.0	101.0	82.0	40.0
1392939074608	62903.0	101.0	82.0	40.0
1392939074618	62903.0	101.0	82.0	40.0
1392939074628	62903.0	101.0	82.0	40.0
1392939074637	62903.0	101.0	82.0	40.0
1392939074648	62903.0	101.0	82.0	40.0
1392939074657	62903.0	101.0	82.0	40.0
1392939074669	62903.0	101.0	82.0	40.0
1392939074681	62903.0	101.0	82.0	40.0
1392939074688	62903.0	101.0	82.0	40.0
1392939074700	62903.0	101.0	82.0	40.0
1392939074708	62903.0	101.0	82.0	40.0
1392939074721	62903.0	101.0	82.0	40.0
1392939074730	62903.0	101.0	82.0	40.0
1392939074737	62903.0	101.0	82.0	40.0
1392939074748	62903.0	101.0	82.0	40.0
1392939074757	62903.0	101.0	82.0	40.0
1392939074768	62903.0	101.0	82.0	40.0
1392939074781	62903.0	101.0	82.0	40.0
1392939074788	62903.0	102.0	82.0	41.0
1392939074798	62903.0	102.0	82.0	41.0
1392939074808	62903.0	103.0	82.0	41.0
1392939074817	62903.0	103.0	82.0	41.0
1392939074830	62903.0	103.0	82.0	41.0
1392939074838	62903.0	103.0	82.0	41.0
1392939074848	62903.0	103.0	82.0	41.0
1392939074858	62903.0	103.0	82.0	41.0
1392939074869	62903.0	103.0	82.0	41.0
1392939074880	62903.0	103.0	82.0	41.0
1392939074888	62903.0	103.0	82.0	41.0
1392939074898	62903.0	102.0	82.0	41.0
1392939074909	62903.0	102.0	82.0	40.0
1392939074919	62903.0	102.0	82.0	40.0
1392939074929	62903.0	102.0	82.0	40.0
1392939074938	62903.0	102.0	82.0	40.0
1392939074948	62903.0	101.0	82.0	40.0
1392939074958	62903.0	101.0	82.0	40.0
1392939074969	62903.0	102.0	82.0	40.0
1392939074980	62903.0	102.0	82.0	41.0
1392939074988	62903.0	102.0	82.0	41.0
1392939074998	62903.0	102.0	82.0	41.0
1392939075008	62903.0	102.0	82.0	41.0
1392939075018	62903.0	102.0	82.0	41.0
1392939075029	62903.0	102.0	82.0	41.0
1392939075038	62903.0	102.0	82.0	41.0
1392939075049	62903.0	102.0	82.0	40.0
1392939075064	62903.0	102.0	82.0	39.0
1392939075068	62903.0	101.0	82.0	39.0
1392939075081	62903.0	101.0	82.0	39.0
1392939075089	62903.0	101.0	82.0	39.0
1392939075100	62903.0	101.0	82.0	39.0
1392939075111	62903.0	101.0	82.0	39.0
1392939075118	62903.0	101.0	82.0	39.0
1392939075138	62903.0	101.0	82.0	39.0
1392939075150	62903.0	101.0	82.0	39.0
1392939075163	62903.0	101.0	82.0	39.0
1392939075168	62903.0	101.0	82.0	39.0
1392939075185	62903.0	101.0	82.0	39.0
1392939075188	62903.0	101.0	82.0	39.0
1392939075199	62903.0	101.0	82.0	39.0
1392939075213	62903.0	101.0	82.0	39.0
1392939075336	62903.0	101.0	82.0	39.0
1392939075348	62903.0	102.0	82.0	41.0
1392939075350	62903.0	100.0	82.0	39.0
1392939075351	62903.0	100.0	82.0	38.0
1392939075351	62903.0	100.0	82.0	39.0
1392939075352	62903.0	101.0	82.0	39.0
1392939075353	62903.0	101.0	82.0	39.0
1392939075356	62903.0	101.0	82.0	40.0
1392939075357	62903.0	102.0	82.0	40.0
1392939075357	62903.0	106.0	82.0	41.0
1392939075358	62903.0	102.0	82.0	41.0
1392939075360	62903.0	102.0	82.0	41.0
1392939075361	62903.0	102.0	82.0	41.0
1392939075362	62903.0	102.0	82.0	41.0
1392939075363	62903.0	101.0	82.0	41.0
1392939075368	62903.0	101.0	82.0	40.0
1392939075381	62903.0	101.0	82.0	40.0
1392939075392	62903.0	100.0	82.0	39.0
1392939075409	62903.0	100.0	82.0	39.0
1392939075419	62903.0	99.0	82.0	38.0
1392939075429	62903.0	99.0	82.0	38.0
1392939075439	62903.0	99.0	82.0	38.0
1392939075450	62903.0	99.0	82.0	38.0
1392939075461	62903.0	99.0	82.0	38.0
1392939075469	62903.0	99.0	82.0	38.0
1392939075479	62903.0	99.0	82.0	38.0
1392939075494	62903.0	99.0	82.0	38.0
1392939075502	62903.0	99.0	82.0	38.0
1392939075509	62903.0	99.0	82.0	38.0
1392939075519	62903.0	99.0	82.0	38.0
1392939075538	62903.0	99.0	82.0	38.0
1392939075541	62903.0	99.0	82.0	38.0
1392939075548	62903.0	99.0	82.0	38.0
1392939075558	62903.0	99.0	82.0	38.0
1392939075569	62903.0	99.0	82.0	38.0
1392939075579	62903.0	100.0	82.0	38.0
1392939075593	62903.0	100.0	82.0	39.0
1392939075600	62903.0	100.0	82.0	39.0
1392939075610	62903.0	100.0	82.0	39.0
1392939075619	62903.0	100.0	82.0	39.0
1392939075629	62903.0	100.0	82.0	39.0
1392939075642	62903.0	101.0	82.0	39.0
1392939075650	62903.0	101.0	82.0	39.0
1392939075659	62903.0	101.0	82.0	39.0
1392939075670	62903.0	100.0	82.0	39.0
1392939075679	62903.0	100.0	82.0	39.0
1392939075694	62903.0	100.0	82.0	39.0
1392939075699	62903.0	100.0	82.0	39.0
1392939075717	62903.0	100.0	82.0	39.0
1392939075721	62903.0	100.0	82.0	38.0
1392939075729	62903.0	100.0	82.0	38.0
1392939075740	62903.0	100.0	82.0	38.0
1392939075752	62903.0	99.0	82.0	38.0
1392939075759	62903.0	99.0	82.0	38.0
1392939075780	62903.0	99.0	82.0	38.0
1392939075801	62903.0	99.0	82.0	38.0
1392939075802	62903.0	99.0	82.0	38.0
1392939075809	62903.0	158.0	58.0	41.0
1392939075819	62903.0	100.0	83.0	39.0
1392939075829	62903.0	100.0	83.0	39.0
1392939075840	62903.0	100.0	83.0	39.0
1392939075849	62903.0	100.0	83.0	39.0
1392939075861	62903.0	100.0	83.0	39.0
1392939075875	62903.0	100.0	83.0	39.0
1392939075879	62903.0	100.0	83.0	39.0
1392939075892	62903.0	100.0	83.0	39.0
1392939075902	62903.0	100.0	83.0	39.0
1392939075910	62903.0	100.0	83.0	39.0
1392939075923	62903.0	100.0	83.0	39.0
1392939075929	62903.0	100.0	83.0	39.0
1392939075940	62903.0	100.0	82.0	39.0
1392939075951	62903.0	100.0	82.0	39.0
1392939075959	62903.0	100.0	82.0	39.0
1392939075970	62903.0	101.0	83.0	39.0
1392939075979	62903.0	101.0	83.0	39.0
1392939075989	62903.0	101.0	83.0	39.0
1392939076001	62903.0	100.0	83.0	39.0
1392939076009	62903.0	100.0	83.0	39.0
1392939076021	62903.0	100.0	83.0	39.0
1392939076029	62903.0	100.0	83.0	39.0
1392939076040	62903.0	100.0	83.0	39.0
1392939076051	62903.0	100.0	83.0	39.0
1392939076059	62903.0	100.0	83.0	39.0
1392939076072	62903.0	99.0	83.0	39.0
1392939076079	62903.0	99.0	83.0	39.0
1392939076089	62903.0	99.0	83.0	39.0
1392939076099	62903.0	99.0	83.0	39.0
1392939076109	62903.0	99.0	83.0	39.0
1392939076122	62903.0	99.0	83.0	39.0
1392939076130	62903.0	99.0	83.0	39.0
1392939076139	62903.0	100.0	83.0	39.0
1392939076149	62903.0	100.0	83.0	39.0
1392939076159	62903.0	98.0	64.0	49.0
1392939076171	62903.0	100.0	83.0	39.0
1392939076179	62903.0	100.0	83.0	39.0
1392939076189	62903.0	100.0	83.0	39.0
1392939076200	62903.0	100.0	83.0	39.0
1392939076209	62903.0	100.0	83.0	39.0
1392939076221	62903.0	100.0	83.0	39.0
1392939076232	62903.0	100.0	83.0	39.0
1392939076243	62903.0	100.0	83.0	39.0
1392939076249	62903.0	100.0	83.0	40.0
1392939076259	62903.0	100.0	83.0	40.0
1392939076269	62903.0	100.0	83.0	40.0
1392939076279	62903.0	101.0	83.0	40.0
1392939076291	62903.0	101.0	83.0	40.0
1392939076303	62903.0	100.0	83.0	40.0
1392939076309	62903.0	100.0	83.0	40.0
1392939076320	62903.0	101.0	83.0	40.0
1392939076329	62903.0	101.0	83.0	40.0
1392939076339	62903.0	101.0	83.0	40.0
1392939076352	62903.0	102.0	83.0	41.0
1392939076360	62903.0	102.0	83.0	41.0
1392939076370	62903.0	102.0	83.0	41.0
1392939076379	62903.0	102.0	83.0	41.0
1392939076389	62903.0	102.0	83.0	41.0
1392939076401	62903.0	102.0	83.0	41.0
1392939076410	62903.0	103.0	83.0	41.0
1392939076419	62903.0	103.0	83.0	41.0
1392939076429	62903.0	103.0	83.0	41.0
1392939076440	62903.0	103.0	83.0	41.0
1392939076453	62903.0	103.0	83.0	41.0
1392939076460	62903.0	102.0	83.0	41.0
1392939076470	62903.0	102.0	83.0	41.0
1392939076480	62903.0	102.0	83.0	41.0
1392939076489	62903.0	161.0	4.0	90.0
1392939076501	62903.0	102.0	83.0	41.0
1392939076511	62903.0	102.0	83.0	41.0
1392939076520	62903.0	102.0	83.0	41.0
1392939076530	62903.0	102.0	83.0	41.0
1392939076540	62903.0	102.0	83.0	41.0
1392939076552	62903.0	102.0	83.0	41.0
1392939076560	62903.0	103.0	83.0	41.0
1392939076570	62903.0	103.0	83.0	42.0
1392939076580	62903.0	103.0	83.0	42.0
1392939076591	62903.0	103.0	83.0	42.0
1392939076600	62903.0	103.0	83.0	42.0
1392939076610	62903.0	103.0	83.0	42.0
1392939076620	62903.0	103.0	83.0	42.0
1392939076630	62903.0	103.0	83.0	42.0
1392939076640	62903.0	102.0	83.0	42.0
1392939076651	62903.0	102.0	83.0	41.0
1392939076660	62903.0	102.0	83.0	41.0
1392939076674	62903.0	102.0	83.0	41.0
1392939076690	62903.0	102.0	83.0	41.0
1392939076704	62903.0	102.0	83.0	41.0
1392939076711	62903.0	102.0	83.0	42.0
1392939076724	62903.0	103.0	83.0	42.0
1392939076735	62903.0	103.0	83.0	42.0
1392939076740	62903.0	103.0	83.0	42.0
1392939076751	62903.0	103.0	83.0	42.0
1392939076760	62903.0	103.0	83.0	41.0
1392939076771	62903.0	102.0	83.0	41.0
1392939076784	62903.0	102.0	83.0	41.0
1392939076790	62903.0	102.0	83.0	40.0
1392939076801	62903.0	102.0	83.0	40.0
1392939076810	62903.0	101.0	83.0	40.0
1392939076820	62903.0	101.0	83.0	40.0
1392939076835	62903.0	101.0	83.0	40.0
1392939076840	62903.0	101.0	83.0	40.0
1392939076851	62903.0	101.0	83.0	40.0
1392939076860	62903.0	101.0	83.0	40.0
1392939076870	62903.0	101.0	83.0	40.0
1392939076883	62903.0	101.0	83.0	40.0
1392939076891	62903.0	101.0	83.0	40.0
1392939076901	62903.0	101.0	83.0	41.0
1392939076910	62903.0	101.0	83.0	41.0
1392939076933	62903.0	101.0	83.0	41.0
1392939076940	62903.0	101.0	83.0	41.0
1392939076951	62903.0	101.0	83.0	41.0
1392939076970	62903.0	101.0	83.0	41.0
1392939076982	62903.0	101.0	83.0	41.0
1392939076990	62903.0	102.0	83.0	40.0
1392939077001	62903.0	101.0	83.0	40.0
1392939077011	62903.0	101.0	83.0	40.0
1392939077020	62903.0	101.0	83.0	40.0
1392939077033	62903.0	101.0	83.0	40.0
1392939077040	62903.0	101.0	83.0	40.0
1392939077050	62903.0	101.0	83.0	40.0
1392939077060	62903.0	101.0	83.0	40.0
1392939077071	62903.0	102.0	83.0	40.0
1392939077089	62903.0	102.0	83.0	41.0
1392939077092	62903.0	102.0	83.0	41.0
1392939077102	62903.0	102.0	83.0	41.0
1392939077111	62903.0	102.0	83.0	41.0
1392939077121	62903.0	102.0	83.0	41.0
1392939077132	62903.0	102.0	83.0	41.0
1392939077140	62903.0	102.0	83.0	41.0
1392939077150	62903.0	102.0	83.0	41.0
1392939077163	62903.0	102.0	83.0	41.0
1392939077170	62903.0	101.0	83.0	41.0
1392939077183	62903.0	101.0	83.0	40.0
1392939077190	62903.0	101.0	83.0	40.0
1392939077201	62903.0	101.0	83.0	40.0
1392939077216	62903.0	100.0	83.0	40.0
1392939077221	62903.0	101.0	83.0	40.0
1392939077231	62903.0	101.0	83.0	40.0
1392939077240	62903.0	101.0	83.0	40.0
1392939077252	62903.0	101.0	83.0	40.0
1392939077263	62903.0	101.0	83.0	40.0
1392939077271	62903.0	102.0	83.0	41.0
1392939077283	62903.0	102.0	83.0	41.0
1392939077291	62903.0	102.0	83.0	41.0
1392939077301	62903.0	103.0	83.0	41.0
1392939077315	62903.0	103.0	83.0	42.0
1392939077321	62903.0	103.0	83.0	42.0
1392939077333	62903.0	103.0	83.0	42.0
1392939077341	62903.0	103.0	83.0	42.0
1392939077351	62903.0	103.0	83.0	42.0
1392939077363	62903.0	103.0	83.0	41.0
1392939077371	62903.0	103.0	83.0	41.0
1392939077381	62903.0	102.0	83.0	41.0
1392939077392	62903.0	103.0	83.0	41.0
1392939077401	62903.0	103.0	83.0	41.0
1392939077415	62903.0	103.0	83.0	42.0
1392939077430	62903.0	103.0	83.0	42.0
1392939077432	62903.0	103.0	83.0	42.0
1392939077441	62903.0	103.0	83.0	42.0
1392939077452	62903.0	103.0	83.0	42.0
1392939077462	62903.0	103.0	83.0	42.0
1392939077473	62903.0	103.0	83.0	42.0
1392939077481	62903.0	103.0	83.0	42.0
1392939077495	62903.0	103.0	83.0	42.0
1392939077501	62903.0	103.0	83.0	42.0
1392939077511	62903.0	103.0	83.0	42.0
1392939077521	62903.0	103.0	83.0	42.0
1392939077531	62903.0	103.0	83.0	41.0
1392939077541	62903.0	103.0	83.0	41.0
1392939077551	62903.0	102.0	83.0	41.0
1392939077561	62903.0	102.0	83.0	41.0
1392939077571	62903.0	102.0	83.0	41.0
1392939077581	62903.0	102.0	83.0	41.0
1392939077594	62903.0	102.0	83.0	41.0
1392939077602	62903.0	102.0	83.0	41.0
1392939077612	62903.0	102.0	83.0	41.0
1392939077621	62903.0	103.0	83.0	41.0
1392939077631	62903.0	103.0	83.0	41.0
1392939077644	62903.0	103.0	83.0	41.0
1392939077651	62903.0	103.0	83.0	41.0
1392939077661	62903.0	103.0	83.0	41.0
1392939077672	62903.0	103.0	83.0	41.0
1392939077681	62903.0	103.0	83.0	41.0
1392939077702	62903.0	103.0	83.0	41.0
1392939077718	62903.0	103.0	83.0	41.0
1392939077721	62903.0	103.0	83.0	41.0
1392939077733	62903.0	103.0	83.0	41.0
1392939077743	62903.0	103.0	83.0	42.0
1392939077751	62903.0	103.0	83.0	42.0
1392939077761	62903.0	103.0	83.0	42.0
1392939077771	62903.0	103.0	83.0	42.0
1392939077781	62903.0	103.0	83.0	41.0
1392939077792	62903.0	103.0	83.0	41.0
1392939077801	62903.0	102.0	83.0	41.0
1392939077812	62903.0	102.0	83.0	41.0
1392939077821	62903.0	102.0	83.0	41.0
1392939077832	62903.0	102.0	83.0	41.0
1392939077842	62903.0	102.0	83.0	41.0
1392939077852	62903.0	102.0	83.0	41.0
1392939077862	62903.0	102.0	83.0	41.0
1392939077871	62903.0	102.0	83.0	41.0
1392939077881	62903.0	102.0	83.0	41.0
1392939077893	62903.0	102.0	83.0	41.0
1392939077901	62903.0	102.0	83.0	41.0
1392939077911	62903.0	102.0	83.0	41.0
1392939077921	62903.0	102.0	83.0	41.0
1392939077931	62903.0	102.0	83.0	41.0
1392939077943	62903.0	102.0	83.0	41.0
1392939077951	62903.0	102.0	83.0	41.0
1392939077961	62903.0	102.0	83.0	41.0
1392939077976	62903.0	102.0	83.0	41.0
1392939077981	62903.0	103.0	83.0	41.0
1392939077993	62903.0	103.0	83.0	41.0
1392939078001	62903.0	103.0	83.0	41.0
1392939078011	62903.0	102.0	82.0	41.0
1392939078026	62903.0	102.0	82.0	41.0
1392939078031	62903.0	102.0	82.0	41.0
1392939078042	62903.0	102.0	82.0	41.0
1392939078051	62903.0	103.0	82.0	41.0
1392939078063	62903.0	103.0	82.0	41.0
1392939078079	62903.0	103.0	82.0	42.0
1392939078082	62903.0	103.0	82.0	42.0
1392939078092	62903.0	102.0	82.0	42.0
1392939078101	62903.0	102.0	83.0	42.0
1392939078112	62903.0	102.0	83.0	42.0
1392939078126	62903.0	102.0	83.0	42.0
1392939078131	62903.0	102.0	83.0	42.0
1392939078141	62903.0	102.0	83.0	42.0
1392939078151	62903.0	101.0	83.0	42.0
1392939078161	62903.0	101.0	83.0	42.0
1392939078171	62903.0	102.0	83.0	41.0
1392939078181	62903.0	101.0	83.0	41.0
1392939078194	62903.0	101.0	83.0	40.0
1392939078202	62903.0	101.0	82.0	40.0
1392939078213	62903.0	101.0	82.0	40.0
1392939078226	62903.0	100.0	82.0	40.0
1392939078232	62903.0	100.0	82.0	40.0
1392939078242	62903.0	100.0	82.0	40.0
1392939078252	62903.0	100.0	82.0	40.0
1392939078261	62903.0	100.0	83.0	40.0
1392939078274	62903.0	100.0	83.0	40.0
1392939078282	62903.0	100.0	83.0	41.0
1392939078291	62903.0	100.0	83.0	41.0
1392939078302	62903.0	100.0	83.0	41.0
1392939078312	62903.0	100.0	83.0	40.0
1392939078323	62903.0	100.0	83.0	40.0
1392939078332	62903.0	100.0	83.0	40.0
1392939078351	62903.0	100.0	83.0	40.0
1392939078366	62903.0	100.0	83.0	40.0
1392939078372	62903.0	99.0	83.0	40.0
1392939078381	62903.0	100.0	83.0	40.0
1392939078392	62903.0	100.0	83.0	40.0
1392939078404	62903.0	101.0	83.0	40.0
1392939078411	62903.0	101.0	83.0	41.0
1392939078421	62903.0	101.0	83.0	41.0
1392939078431	62903.0	102.0	82.0	41.0
1392939078444	62903.0	102.0	82.0	42.0
1392939078457	62903.0	102.0	82.0	42.0
1392939078461	62903.0	102.0	83.0	42.0
1392939078471	62903.0	102.0	83.0	41.0
1392939078481	62903.0	102.0	83.0	41.0
1392939078492	62903.0	102.0	83.0	41.0
1392939078503	62903.0	102.0	83.0	41.0
1392939078511	62903.0	102.0	82.0	41.0
1392939078522	62903.0	102.0	82.0	41.0
1392939078531	62903.0	102.0	82.0	41.0
1392939078542	62903.0	102.0	82.0	42.0
1392939078555	62903.0	102.0	82.0	42.0
1392939078561	62903.0	102.0	83.0	42.0
1392939078573	62903.0	102.0	83.0	42.0
1392939078581	62903.0	102.0	83.0	42.0
1392939078591	62903.0	102.0	83.0	42.0
1392939078605	62903.0	102.0	82.0	42.0
1392939078612	62903.0	102.0	82.0	42.0
1392939078622	62903.0	102.0	82.0	41.0
1392939078632	62903.0	102.0	82.0	41.0
1392939078642	62903.0	102.0	82.0	41.0
1392939078654	62903.0	102.0	82.0	41.0
1392939078662	62903.0	101.0	82.0	41.0
1392939078672	62903.0	101.0	82.0	41.0
1392939078682	62903.0	101.0	83.0	41.0
1392939078692	62903.0	101.0	83.0	41.0
1392939078706	62903.0	102.0	83.0	42.0
1392939078712	62903.0	102.0	83.0	42.0
1392939078727	62903.0	102.0	83.0	42.0
1392939078732	62903.0	102.0	83.0	42.0
1392939078742	62903.0	103.0	83.0	42.0
1392939078755	62903.0	103.0	83.0	42.0
1392939078762	62903.0	103.0	83.0	42.0
1392939078772	62903.0	103.0	83.0	42.0
1392939078782	62903.0	103.0	83.0	42.0
1392939078792	62903.0	103.0	83.0	42.0
1392939078802	62903.0	102.0	83.0	42.0
1392939078812	62903.0	103.0	83.0	42.0
1392939078822	62903.0	102.0	83.0	42.0
1392939078832	62903.0	102.0	83.0	41.0
1392939078842	62903.0	102.0	83.0	41.0
1392939078852	62903.0	102.0	82.0	41.0
1392939078862	62903.0	102.0	82.0	41.0
1392939078872	62903.0	102.0	82.0	41.0
1392939078883	62903.0	102.0	82.0	40.0
1392939078892	62903.0	101.0	82.0	40.0
1392939078902	62903.0	101.0	82.0	40.0
1392939078912	62903.0	101.0	82.0	39.0
1392939078922	62903.0	101.0	82.0	39.0
1392939078936	62903.0	100.0	82.0	40.0
1392939078942	62903.0	100.0	82.0	40.0
1392939078953	62903.0	101.0	82.0	40.0
1392939078962	62903.0	101.0	82.0	41.0
1392939078972	62903.0	101.0	82.0	41.0
1392939078986	62903.0	101.0	82.0	41.0
1392939078992	62903.0	101.0	82.0	41.0
1392939079004	62903.0	101.0	82.0	41.0
1392939079012	62903.0	101.0	82.0	41.0
1392939079024	62903.0	101.0	82.0	40.0
1392939079033	62903.0	101.0	82.0	40.0
1392939079042	62903.0	100.0	82.0	40.0
1392939079053	62903.0	100.0	82.0	40.0
1392939079062	62903.0	100.0	82.0	39.0
1392939079072	62903.0	100.0	82.0	39.0
1392939079085	62903.0	100.0	82.0	39.0
1392939079092	62903.0	100.0	82.0	39.0
1392939079103	62903.0	99.0	82.0	39.0
1392939079117	62903.0	99.0	82.0	39.0
1392939079122	62903.0	99.0	82.0	39.0
1392939079134	62903.0	99.0	82.0	38.0
1392939079142	62903.0	99.0	82.0	38.0
1392939079152	62903.0	99.0	82.0	38.0
1392939079162	62903.0	99.0	82.0	38.0
1392939079173	62903.0	99.0	82.0	38.0
1392939079189	62903.0	99.0	82.0	38.0
1392939079319	62903.0	99.0	82.0	38.0
1392939079324	62903.0	99.0	82.0	38.0
1392939079325	62903.0	99.0	82.0	38.0
1392939079329	62903.0	99.0	82.0	38.0
1392939079330	62903.0	99.0	82.0	38.0
1392939079332	62903.0	99.0	82.0	38.0
1392939079333	62903.0	99.0	82.0	38.0
1392939079334	62903.0	99.0	82.0	38.0
1392939079340	62903.0	99.0	82.0	38.0
1392939079345	62903.0	99.0	82.0	38.0
1392939079346	62903.0	99.0	82.0	38.0
1392939079347	62903.0	99.0	82.0	38.0
1392939079358	62903.0	99.0	82.0	38.0
1392939079360	62903.0	99.0	82.0	38.0
1392939079361	62903.0	98.0	82.0	38.0
1392939079362	62903.0	98.0	82.0	38.0
1392939079364	62903.0	98.0	82.0	38.0
1392939079365	62903.0	99.0	82.0	38.0
1392939079372	62903.0	98.0	82.0	38.0
1392939079382	62903.0	98.0	82.0	37.0
1392939079392	62903.0	98.0	82.0	37.0
1392939079402	62903.0	98.0	82.0	37.0
1392939079414	62903.0	97.0	82.0	37.0
1392939079422	62903.0	97.0	82.0	37.0
1392939079432	62903.0	97.0	82.0	37.0
1392939079442	62903.0	97.0	82.0	37.0
1392939079452	62903.0	97.0	82.0	37.0
1392939079464	62903.0	98.0	82.0	37.0
1392939079473	62903.0	98.0	82.0	37.0
1392939079482	62903.0	98.0	82.0	37.0
1392939079492	62903.0	98.0	82.0	37.0
1392939079502	62903.0	98.0	82.0	37.0
1392939079514	62903.0	98.0	82.0	37.0
1392939079522	62903.0	98.0	82.0	37.0
1392939079533	62903.0	99.0	82.0	38.0
1392939079542	62903.0	99.0	82.0	38.0
1392939079552	62903.0	99.0	82.0	38.0
1392939079563	62903.0	100.0	82.0	38.0
1392939079572	62903.0	100.0	83.0	38.0
1392939079583	62903.0	99.0	82.0	38.0
1392939079593	62903.0	99.0	82.0	38.0
1392939079603	62903.0	99.0	82.0	38.0
1392939079614	62903.0	99.0	82.0	38.0
1392939079624	62903.0	99.0	82.0	38.0
1392939079637	62903.0	99.0	82.0	38.0
1392939079644	62903.0	99.0	82.0	37.0
1392939079666	62903.0	99.0	82.0	37.0
1392939079668	62903.0	99.0	82.0	37.0
1392939079673	62903.0	99.0	82.0	37.0
1392939079685	62903.0	99.0	82.0	37.0
1392939079694	62903.0	99.0	82.0	37.0
1392939079703	62903.0	99.0	82.0	37.0
1392939079719	62903.0	98.0	82.0	37.0
1392939079723	62903.0	99.0	82.0	37.0
1392939079733	62903.0	99.0	82.0	37.0
1392939079746	62903.0	99.0	82.0	38.0
1392939079753	62903.0	99.0	82.0	38.0
1392939079764	62903.0	99.0	82.0	38.0
1392939079773	62903.0	99.0	82.0	38.0
1392939079783	62903.0	98.0	82.0	37.0
1392939079797	62903.0	98.0	82.0	37.0
1392939079803	62903.0	98.0	82.0	37.0
1392939079813	62903.0	98.0	82.0	37.0
1392939079823	62903.0	98.0	82.0	37.0
1392939079834	62903.0	98.0	82.0	37.0
1392939079843	62903.0	98.0	82.0	37.0
1392939079853	62903.0	98.0	82.0	37.0
1392939079863	62903.0	98.0	82.0	37.0
1392939079874	62903.0	98.0	82.0	37.0
1392939079883	62903.0	99.0	82.0	38.0
1392939079896	62903.0	99.0	82.0	38.0
1392939079903	62903.0	99.0	82.0	38.0
1392939079913	62903.0	99.0	82.0	38.0
1392939079923	62903.0	99.0	82.0	38.0
1392939079933	62903.0	100.0	82.0	38.0
1392939079945	62903.0	99.0	82.0	38.0
1392939079953	62903.0	99.0	82.0	38.0
1392939079964	62903.0	99.0	82.0	38.0
1392939079973	62903.0	99.0	82.0	38.0
1392939079983	62903.0	99.0	82.0	38.0
1392939079995	62903.0	99.0	82.0	38.0
1392939080003	62903.0	99.0	82.0	38.0
1392939080014	62903.0	99.0	82.0	38.0
1392939080024	62903.0	99.0	82.0	39.0
1392939080033	62903.0	99.0	82.0	39.0
1392939080044	62903.0	99.0	82.0	39.0
1392939080053	62903.0	99.0	82.0	39.0
1392939080064	62903.0	99.0	82.0	38.0
1392939080079	62903.0	98.0	82.0	38.0
1392939080083	62903.0	98.0	82.0	38.0
1392939080096	62903.0	98.0	82.0	38.0
1392939080103	62903.0	97.0	82.0	38.0
1392939080113	62903.0	97.0	82.0	38.0
1392939080127	62903.0	97.0	82.0	38.0
1392939080133	62903.0	97.0	82.0	37.0
1392939080144	62903.0	97.0	82.0	37.0
1392939080153	62903.0	97.0	82.0	37.0
1392939080163	62903.0	97.0	82.0	37.0
1392939080181	62903.0	97.0	82.0	37.0
1392939080183	62903.0	97.0	82.0	37.0
1392939080195	62903.0	97.0	82.0	36.0
1392939080203	62903.0	97.0	82.0	36.0
1392939080213	62903.0	97.0	82.0	36.0
1392939080227	62903.0	97.0	82.0	37.0
1392939080233	62903.0	98.0	82.0	37.0
1392939080244	62903.0	98.0	82.0	38.0
1392939080253	62903.0	99.0	82.0	38.0
1392939080263	62903.0	99.0	82.0	39.0
1392939080276	62903.0	99.0	82.0	39.0
1392939080283	62903.0	100.0	82.0	40.0
1392939080297	62903.0	100.0	82.0	40.0
1392939080303	62903.0	100.0	82.0	39.0
1392939080313	62903.0	99.0	82.0	39.0
1392939080325	62903.0	99.0	82.0	39.0
1392939080333	62903.0	99.0	82.0	39.0
1392939080343	62903.0	99.0	82.0	38.0
1392939080353	62903.0	99.0	82.0	38.0
1392939080364	62903.0	99.0	82.0	38.0
1392939080376	62903.0	98.0	82.0	38.0
1392939080390	62903.0	98.0	82.0	38.0
1392939080396	62903.0	99.0	82.0	39.0
1392939080403	62903.0	99.0	82.0	39.0
1392939080413	62903.0	99.0	82.0	39.0
1392939080424	62903.0	99.0	82.0	39.0
1392939080433	62903.0	98.0	82.0	38.0
1392939080444	62903.0	98.0	82.0	38.0
1392939080453	62903.0	99.0	82.0	39.0
1392939080463	62903.0	99.0	82.0	39.0
1392939080476	62903.0	99.0	82.0	39.0
1392939080483	62903.0	99.0	82.0	39.0
1392939080493	62903.0	99.0	82.0	39.0
1392939080503	62903.0	99.0	82.0	39.0
1392939080513	62903.0	99.0	82.0	40.0
1392939080523	62903.0	99.0	82.0	40.0
1392939080533	62903.0	99.0	82.0	40.0
1392939080543	62903.0	99.0	82.0	40.0
1392939080558	62903.0	99.0	82.0	40.0
1392939080564	62903.0	100.0	82.0	40.0
1392939080574	62903.0	100.0	82.0	40.0
1392939080583	62903.0	100.0	82.0	40.0
1392939080593	62903.0	100.0	82.0	40.0
1392939080606	62903.0	100.0	82.0	40.0
1392939080614	62903.0	100.0	82.0	40.0
1392939080625	62903.0	100.0	82.0	40.0
1392939080633	62903.0	100.0	82.0	40.0
1392939080643	62903.0	100.0	82.0	40.0
1392939080656	62903.0	99.0	82.0	40.0
1392939080663	62903.0	99.0	82.0	40.0
1392939080674	62903.0	99.0	82.0	39.0
1392939080683	62903.0	98.0	82.0	39.0
1392939080694	62903.0	98.0	82.0	39.0
1392939080714	62903.0	98.0	82.0	38.0
1392939080716	62903.0	98.0	82.0	38.0
1392939080724	62903.0	98.0	82.0	38.0
1392939080735	62903.0	98.0	82.0	38.0
1392939080743	62903.0	98.0	82.0	38.0
1392939080755	62903.0	98.0	82.0	39.0
1392939080763	62903.0	99.0	82.0	39.0
1392939080774	62903.0	98.0	82.0	39.0
1392939080785	62903.0	98.0	82.0	39.0
1392939080794	62903.0	99.0	82.0	39.0
1392939080804	62903.0	99.0	82.0	39.0
1392939080813	62903.0	99.0	82.0	39.0
1392939080824	62903.0	99.0	82.0	39.0
1392939080833	62903.0	99.0	82.0	40.0
1392939080844	62903.0	99.0	82.0	40.0
1392939080854	62903.0	100.0	82.0	40.0
1392939080863	62903.0	100.0	82.0	40.0
1392939080873	62903.0	100.0	82.0	40.0
1392939080884	62903.0	100.0	82.0	40.0
1392939080893	62903.0	100.0	82.0	40.0
1392939080915	62903.0	100.0	82.0	40.0
1392939080926	62903.0	100.0	82.0	40.0
1392939080958	62903.0	18.0	63.0	135.0
1392939080959	62903.0	101.0	82.0	40.0
1392939080961	62903.0	101.0	82.0	40.0
1392939080963	62903.0	101.0	82.0	40.0
1392939080974	62903.0	100.0	82.0	40.0
1392939080988	62903.0	100.0	82.0	40.0
1392939080994	62903.0	100.0	82.0	40.0
1392939081004	62903.0	100.0	82.0	40.0
1392939081013	62903.0	100.0	82.0	40.0
1392939081024	62903.0	100.0	82.0	40.0
1392939081036	62903.0	100.0	82.0	40.0
1392939081044	62903.0	100.0	82.0	40.0
1392939081058	62903.0	100.0	82.0	40.0
1392939081064	62903.0	100.0	82.0	40.0
1392939081074	62903.0	100.0	82.0	40.0
1392939081089	62903.0	100.0	82.0	40.0
1392939081096	62903.0	100.0	82.0	40.0
1392939081104	62903.0	101.0	82.0	40.0
1392939081115	62903.0	100.0	82.0	40.0
1392939081124	62903.0	100.0	82.0	40.0
1392939081137	62903.0	100.0	82.0	40.0
1392939081145	62903.0	100.0	82.0	40.0
1392939081160	62903.0	100.0	82.0	40.0
1392939081164	62903.0	100.0	82.0	40.0
1392939081174	62903.0	100.0	82.0	41.0
1392939081187	62903.0	100.0	82.0	41.0
1392939081194	62903.0	100.0	82.0	41.0
1392939081210	62903.0	100.0	82.0	41.0
1392939081216	62903.0	100.0	82.0	41.0
1392939081224	62903.0	101.0	82.0	41.0
1392939081236	62903.0	101.0	82.0	41.0
1392939081244	62903.0	101.0	82.0	41.0
1392939081254	62903.0	101.0	82.0	41.0
1392939081264	62903.0	101.0	82.0	41.0
1392939081275	62903.0	101.0	82.0	41.0
1392939081285	62903.0	101.0	82.0	41.0
1392939081294	62903.0	101.0	82.0	41.0
1392939081304	62903.0	101.0	82.0	41.0
1392939081315	62903.0	102.0	82.0	41.0
1392939081324	62903.0	102.0	82.0	41.0
1392939081334	62903.0	102.0	82.0	41.0
1392939081344	62903.0	102.0	82.0	41.0
1392939081354	62903.0	101.0	82.0	41.0
1392939081365	62903.0	102.0	82.0	42.0
1392939081374	62903.0	102.0	82.0	41.0
1392939081384	62903.0	102.0	82.0	41.0
1392939081394	62903.0	101.0	82.0	41.0
1392939081404	62903.0	101.0	82.0	41.0
1392939081416	62903.0	101.0	82.0	41.0
1392939081424	62903.0	101.0	82.0	41.0
1392939081435	62903.0	101.0	82.0	41.0
1392939081444	62903.0	102.0	82.0	42.0
1392939081455	62903.0	101.0	82.0	42.0
1392939081467	62903.0	102.0	82.0	42.0
1392939081475	62903.0	102.0	82.0	42.0
1392939081484	62903.0	102.0	82.0	42.0
1392939081494	62903.0	102.0	82.0	42.0
1392939081504	62903.0	101.0	82.0	42.0
1392939081515	62903.0	101.0	82.0	42.0
1392939081524	62903.0	102.0	82.0	42.0
1392939081535	62903.0	102.0	82.0	43.0
1392939081547	62903.0	102.0	82.0	43.0
1392939081559	62903.0	102.0	82.0	43.0
1392939081566	62903.0	102.0	82.0	43.0
1392939081575	62903.0	102.0	82.0	43.0
1392939081586	62903.0	102.0	82.0	43.0
1392939081594	62903.0	102.0	82.0	43.0
1392939081604	62903.0	102.0	82.0	43.0
1392939081615	62903.0	102.0	82.0	43.0
1392939081624	62903.0	102.0	82.0	43.0
1392939081635	62903.0	102.0	81.0	43.0
1392939081644	62903.0	102.0	81.0	43.0
1392939081654	62903.0	102.0	81.0	43.0
1392939081665	62903.0	102.0	81.0	43.0
1392939081674	62903.0	102.0	81.0	43.0
1392939081684	62903.0	102.0	81.0	43.0
1392939081695	62903.0	102.0	81.0	43.0
1392939081704	62903.0	102.0	81.0	43.0
1392939081719	62903.0	102.0	81.0	42.0
1392939081724	62903.0	101.0	81.0	42.0
1392939081734	62903.0	101.0	81.0	42.0
1392939081744	62903.0	101.0	81.0	42.0
1392939081755	62903.0	101.0	81.0	41.0
1392939081764	62903.0	101.0	81.0	41.0
1392939081774	62903.0	100.0	81.0	41.0
1392939081790	62903.0	100.0	81.0	41.0
1392939081797	62903.0	100.0	81.0	41.0
1392939081804	62903.0	100.0	81.0	41.0
1392939081815	62903.0	100.0	81.0	41.0
1392939081824	62903.0	100.0	81.0	40.0
1392939081834	62903.0	100.0	81.0	40.0
1392939081846	62903.0	99.0	82.0	40.0
1392939081854	62903.0	99.0	82.0	40.0
1392939081865	62903.0	99.0	81.0	40.0
1392939081875	62903.0	100.0	81.0	40.0
1392939081884	62903.0	100.0	81.0	41.0
1392939081897	62903.0	102.0	81.0	42.0
1392939081905	62903.0	102.0	81.0	43.0
1392939081922	62903.0	103.0	81.0	43.0
1392939081935	62903.0	103.0	82.0	44.0
1392939081948	62903.0	103.0	82.0	44.0
1392939081955	62903.0	103.0	82.0	43.0
1392939081966	62903.0	102.0	82.0	43.0
1392939081974	62903.0	102.0	81.0	42.0
1392939081986	62903.0	102.0	81.0	42.0
1392939081999	62903.0	101.0	81.0	41.0
1392939082005	62903.0	101.0	81.0	41.0
1392939082016	62903.0	101.0	81.0	41.0
1392939082025	62903.0	101.0	81.0	41.0
1392939082036	62903.0	101.0	81.0	41.0
1392939082049	62903.0	101.0	81.0	41.0
1392939082055	62903.0	101.0	81.0	41.0
1392939082065	62903.0	102.0	81.0	42.0
1392939082075	62903.0	170.0	37.0	160.0
1392939082085	62903.0	102.0	81.0	43.0
1392939082096	62903.0	102.0	81.0	43.0
1392939082105	62903.0	102.0	81.0	43.0
1392939082116	62903.0	102.0	81.0	42.0
1392939082125	62903.0	102.0	81.0	42.0
1392939082135	62903.0	101.0	81.0	42.0
1392939082147	62903.0	102.0	81.0	42.0
1392939082155	62903.0	102.0	81.0	42.0
1392939082165	62903.0	102.0	81.0	42.0
1392939082193	62903.0	102.0	81.0	43.0
1392939082199	62903.0	103.0	81.0	44.0
1392939082200	62903.0	103.0	81.0	44.0
1392939082205	62903.0	104.0	81.0	44.0
1392939082215	62903.0	104.0	81.0	44.0
1392939082234	62903.0	104.0	81.0	45.0
1392939082235	62903.0	104.0	81.0	45.0
1392939082245	62903.0	104.0	81.0	45.0
1392939082255	62903.0	104.0	81.0	45.0
1392939082266	62903.0	104.0	81.0	45.0
1392939082279	62903.0	104.0	81.0	45.0
1392939082285	62903.0	104.0	81.0	45.0
1392939082296	62903.0	104.0	82.0	45.0
1392939082305	62903.0	104.0	82.0	45.0
1392939082315	62903.0	104.0	82.0	44.0
1392939082329	62903.0	103.0	82.0	44.0
1392939082335	62903.0	104.0	82.0	44.0
1392939082346	62903.0	103.0	82.0	44.0
1392939082358	62903.0	103.0	82.0	44.0
1392939082365	62903.0	103.0	82.0	43.0
1392939082376	62903.0	104.0	82.0	43.0
1392939082385	62903.0	103.0	82.0	43.0
1392939082396	62903.0	103.0	82.0	43.0
1392939082405	62903.0	103.0	82.0	42.0
1392939082415	62903.0	103.0	82.0	42.0
1392939082428	62903.0	102.0	82.0	42.0
1392939082435	62903.0	102.0	81.0	42.0
1392939082446	62903.0	102.0	81.0	42.0
1392939082456	62903.0	102.0	81.0	42.0
1392939082466	62903.0	102.0	81.0	42.0
1392939082478	62903.0	102.0	81.0	42.0
1392939082485	62903.0	103.0	81.0	42.0
1392939082496	62903.0	103.0	82.0	42.0
1392939082506	62903.0	103.0	82.0	43.0
1392939082516	62903.0	103.0	82.0	43.0
1392939082527	62903.0	103.0	82.0	43.0
1392939082537	62903.0	103.0	82.0	43.0
1392939082546	62903.0	103.0	82.0	44.0
1392939082556	62903.0	104.0	82.0	44.0
1392939082566	62903.0	103.0	82.0	44.0
1392939082577	62903.0	103.0	82.0	44.0
1392939082586	62903.0	103.0	82.0	44.0
1392939082596	62903.0	104.0	82.0	44.0
1392939082606	62903.0	104.0	82.0	44.0
1392939082616	62903.0	104.0	81.0	44.0
1392939082626	62903.0	104.0	81.0	44.0
1392939082636	62903.0	103.0	81.0	44.0
1392939082646	62903.0	103.0	81.0	44.0
1392939082660	62903.0	103.0	81.0	44.0
1392939082666	62903.0	103.0	81.0	44.0
1392939082676	62903.0	103.0	81.0	44.0
1392939082686	62903.0	103.0	81.0	43.0
1392939082697	62903.0	103.0	81.0	43.0
1392939082717	62903.0	102.0	81.0	42.0
1392939082719	62903.0	102.0	81.0	42.0
1392939082726	62903.0	102.0	81.0	42.0
1392939082736	62903.0	102.0	81.0	42.0
1392939082746	62903.0	102.0	81.0	42.0
1392939082759	62903.0	102.0	81.0	42.0
1392939082766	62903.0	102.0	81.0	42.0
1392939082777	62903.0	102.0	81.0	42.0
1392939082786	62903.0	102.0	81.0	42.0
1392939082796	62903.0	102.0	81.0	43.0
1392939082809	62903.0	103.0	82.0	43.0
1392939082817	62903.0	103.0	82.0	43.0
1392939082827	62903.0	103.0	82.0	44.0
1392939082837	62903.0	103.0	82.0	44.0
1392939082846	62903.0	103.0	82.0	44.0
1392939082865	62903.0	103.0	82.0	44.0
1392939082867	62903.0	103.0	82.0	43.0
1392939082877	62903.0	103.0	82.0	43.0
1392939082887	62903.0	102.0	82.0	43.0
1392939082898	62903.0	101.0	82.0	42.0
1392939082907	62903.0	101.0	82.0	42.0
1392939082916	62903.0	101.0	81.0	42.0
1392939082926	62903.0	100.0	81.0	41.0
1392939082936	62903.0	100.0	81.0	41.0
1392939082946	62903.0	100.0	81.0	41.0
1392939082958	62903.0	100.0	81.0	41.0
1392939082966	62903.0	100.0	81.0	41.0
1392939082976	62903.0	101.0	81.0	42.0
1392939082986	62903.0	101.0	81.0	42.0
1392939082996	62903.0	101.0	81.0	43.0
1392939083008	62903.0	102.0	82.0	43.0
1392939083016	62903.0	102.0	82.0	43.0
1392939083027	62903.0	102.0	82.0	44.0
1392939083036	62903.0	102.0	82.0	44.0
1392939083055	62903.0	102.0	82.0	43.0
1392939083061	62903.0	102.0	82.0	43.0
1392939083066	62903.0	101.0	82.0	42.0
1392939083077	62903.0	101.0	81.0	42.0
1392939083089	62903.0	100.0	81.0	41.0
1392939083096	62903.0	100.0	81.0	41.0
1392939083110	62903.0	100.0	81.0	41.0
1392939083116	62903.0	100.0	81.0	41.0
1392939083126	62903.0	100.0	81.0	41.0
1392939083141	62903.0	101.0	82.0	41.0
1392939083147	62903.0	101.0	82.0	42.0
1392939083157	62903.0	102.0	82.0	42.0
1392939083166	62903.0	102.0	82.0	42.0
1392939083177	62903.0	102.0	82.0	42.0
1392939083193	62903.0	102.0	82.0	42.0
1392939083197	62903.0	102.0	82.0	42.0
1392939083206	62903.0	101.0	82.0	42.0
1392939083216	62903.0	101.0	82.0	41.0
1392939083226	62903.0	100.0	81.0	41.0
1392939083239	62903.0	101.0	81.0	40.0
1392939083246	62903.0	100.0	81.0	40.0
1392939083257	62903.0	100.0	81.0	40.0
1392939083266	62903.0	100.0	81.0	40.0
1392939083277	62903.0	101.0	81.0	40.0
1392939083286	62903.0	101.0	81.0	40.0
1392939083296	62903.0	100.0	81.0	40.0
1392939083309	62903.0	100.0	81.0	41.0
1392939083318	62903.0	100.0	81.0	41.0
1392939083327	62903.0	101.0	81.0	41.0
1392939083340	62903.0	101.0	81.0	41.0
1392939083347	62903.0	101.0	81.0	42.0
1392939083356	62903.0	101.0	81.0	42.0
1392939083366	62903.0	101.0	81.0	42.0
1392939083376	62903.0	101.0	81.0	42.0
1392939083388	62903.0	102.0	81.0	42.0
1392939083397	62903.0	102.0	81.0	42.0
1392939083408	62903.0	102.0	81.0	43.0
1392939083416	62903.0	102.0	81.0	43.0
1392939083427	62903.0	102.0	81.0	43.0
1392939083437	62903.0	102.0	81.0	43.0
1392939083446	62903.0	102.0	81.0	43.0
1392939083457	62903.0	102.0	81.0	43.0
1392939083467	62903.0	102.0	81.0	43.0
1392939083484	62903.0	102.0	81.0	43.0
1392939083497	62903.0	101.0	81.0	42.0
1392939083500	62903.0	101.0	81.0	42.0
1392939083509	62903.0	101.0	81.0	42.0
1392939083524	62903.0	100.0	81.0	41.0
1392939083527	62903.0	100.0	81.0	41.0
1392939083536	62903.0	101.0	82.0	41.0
1392939083546	62903.0	101.0	82.0	41.0
1392939083557	62903.0	101.0	82.0	41.0
1392939083570	62903.0	100.0	82.0	41.0
1392939083577	62903.0	101.0	82.0	41.0
1392939083587	62903.0	101.0	82.0	41.0
1392939083597	62903.0	101.0	82.0	42.0
1392939083608	62903.0	101.0	82.0	42.0
1392939083621	62903.0	101.0	82.0	42.0
1392939083627	62903.0	102.0	82.0	42.0
1392939083637	62903.0	102.0	82.0	42.0
1392939083647	62903.0	102.0	82.0	42.0
1392939083657	62903.0	102.0	82.0	42.0
1392939083669	62903.0	102.0	82.0	42.0
1392939083677	62903.0	102.0	82.0	42.0
1392939083687	62903.0	102.0	82.0	42.0
1392939083696	62903.0	101.0	82.0	42.0
1392939083707	62903.0	101.0	82.0	42.0
1392939083726	62903.0	102.0	82.0	42.0
1392939083727	62903.0	102.0	82.0	42.0
1392939083738	62903.0	102.0	82.0	42.0
1392939083747	62903.0	102.0	82.0	42.0
1392939083757	62903.0	102.0	82.0	42.0
1392939083769	62903.0	102.0	82.0	42.0
1392939083777	62903.0	101.0	82.0	42.0
1392939083787	62903.0	101.0	82.0	42.0
1392939083798	62903.0	101.0	82.0	42.0
1392939083807	62903.0	101.0	82.0	42.0
1392939083819	62903.0	101.0	82.0	42.0
1392939083826	62903.0	101.0	82.0	41.0
1392939083837	62903.0	100.0	82.0	41.0
1392939083847	62903.0	100.0	82.0	41.0
1392939083858	62903.0	100.0	82.0	41.0
1392939083868	62903.0	100.0	82.0	41.0
1392939083876	62903.0	100.0	82.0	41.0
1392939083887	62903.0	101.0	82.0	41.0
1392939083897	62903.0	100.0	82.0	42.0
1392939083907	62903.0	101.0	82.0	42.0
1392939083917	62903.0	101.0	82.0	42.0
1392939083927	62903.0	101.0	82.0	43.0
1392939083937	62903.0	102.0	82.0	43.0
1392939083951	62903.0	102.0	82.0	43.0
1392939083957	62903.0	102.0	82.0	43.0
1392939083969	62903.0	102.0	82.0	43.0
1392939083977	62903.0	102.0	82.0	43.0
1392939083987	62903.0	102.0	81.0	43.0
1392939084001	62903.0	101.0	81.0	43.0
1392939084006	62903.0	101.0	81.0	42.0
1392939084017	62903.0	101.0	81.0	42.0
1392939084027	62903.0	100.0	81.0	42.0
1392939084037	62903.0	100.0	81.0	42.0
1392939084047	62903.0	100.0	81.0	41.0
1392939084057	62903.0	100.0	81.0	41.0
1392939084067	62903.0	99.0	81.0	41.0
1392939084079	62903.0	100.0	82.0	41.0
1392939084087	62903.0	100.0	82.0	41.0
1392939084100	62903.0	100.0	82.0	41.0
1392939084107	62903.0	100.0	82.0	41.0
1392939084117	62903.0	100.0	82.0	42.0
1392939084137	62903.0	100.0	82.0	42.0
1392939084160	62903.0	100.0	82.0	42.0
1392939084162	62903.0	101.0	82.0	42.0
1392939084168	62903.0	101.0	82.0	42.0
1392939084177	62903.0	101.0	82.0	42.0
1392939084187	62903.0	101.0	81.0	42.0
1392939084198	62903.0	102.0	81.0	42.0
1392939084208	62903.0	102.0	81.0	42.0
1392939084219	62903.0	102.0	81.0	42.0
1392939084227	62903.0	102.0	81.0	42.0
1392939084237	62903.0	102.0	81.0	42.0
1392939084248	62903.0	102.0	81.0	42.0
1392939084257	62903.0	102.0	81.0	42.0
1392939084267	62903.0	102.0	81.0	42.0
1392939084277	62903.0	102.0	81.0	42.0
1392939084288	62903.0	102.0	81.0	42.0
1392939084297	62903.0	102.0	81.0	42.0
1392939084307	62903.0	102.0	81.0	42.0
1392939084318	62903.0	102.0	81.0	42.0
1392939084332	62903.0	102.0	81.0	42.0
1392939084339	62903.0	102.0	81.0	41.0
1392939084349	62903.0	102.0	81.0	41.0
1392939084357	62903.0	102.0	81.0	42.0
1392939084367	62903.0	102.0	81.0	42.0
1392939084382	62903.0	102.0	81.0	42.0
1392939084387	62903.0	102.0	81.0	42.0
1392939084399	62903.0	102.0	81.0	42.0
1392939084408	62903.0	102.0	81.0	42.0
1392939084419	62903.0	101.0	82.0	41.0
1392939084432	62903.0	101.0	82.0	41.0
1392939084438	62903.0	101.0	82.0	41.0
1392939084448	62903.0	101.0	82.0	41.0
1392939084458	62903.0	101.0	82.0	41.0
1392939084467	62903.0	101.0	82.0	41.0
1392939084480	62903.0	101.0	82.0	42.0
1392939084487	62903.0	101.0	82.0	42.0
1392939084498	62903.0	101.0	82.0	41.0
1392939084507	62903.0	101.0	82.0	41.0
1392939084519	62903.0	100.0	82.0	41.0
1392939084530	62903.0	100.0	82.0	40.0
1392939084537	62903.0	100.0	82.0	40.0
1392939084547	62903.0	100.0	82.0	39.0
1392939084557	62903.0	99.0	82.0	39.0
1392939084568	62903.0	100.0	82.0	39.0
1392939084579	62903.0	100.0	82.0	40.0
1392939084587	62903.0	100.0	82.0	40.0
1392939084597	62903.0	100.0	82.0	40.0
1392939084607	62903.0	100.0	82.0	41.0
1392939084618	62903.0	101.0	82.0	41.0
1392939084629	62903.0	101.0	82.0	41.0
1392939084638	62903.0	102.0	82.0	42.0
1392939084647	62903.0	102.0	82.0	42.0
1392939084659	62903.0	102.0	82.0	42.0
1392939084668	62903.0	102.0	82.0	42.0
1392939084677	62903.0	102.0	82.0	42.0
1392939084687	62903.0	102.0	82.0	42.0
1392939084699	62903.0	101.0	82.0	42.0
1392939084708	62903.0	102.0	82.0	42.0
1392939084719	62903.0	102.0	82.0	42.0
1392939084727	62903.0	101.0	82.0	43.0
1392939084737	62903.0	102.0	82.0	43.0
1392939084748	62903.0	102.0	82.0	43.0
1392939084761	62903.0	102.0	82.0	43.0
1392939084783	62903.0	101.0	82.0	43.0
1392939084788	62903.0	101.0	82.0	43.0
1392939084798	62903.0	102.0	82.0	43.0
1392939084811	62903.0	102.0	82.0	43.0
1392939084818	62903.0	102.0	82.0	43.0
1392939084827	62903.0	101.0	82.0	43.0
1392939084838	62903.0	101.0	82.0	43.0
1392939084848	62903.0	101.0	82.0	43.0
1392939084860	62903.0	101.0	82.0	43.0
1392939084868	62903.0	101.0	82.0	44.0
1392939084879	62903.0	102.0	82.0	44.0
1392939084888	62903.0	102.0	82.0	44.0
1392939084898	62903.0	102.0	82.0	44.0
1392939084910	62903.0	102.0	82.0	44.0
1392939084922	62903.0	101.0	82.0	44.0
1392939084928	62903.0	101.0	82.0	43.0
1392939084939	62903.0	101.0	82.0	43.0
1392939084957	62903.0	101.0	82.0	44.0
1392939084959	62903.0	102.0	82.0	44.0
1392939084968	62903.0	102.0	82.0	44.0
1392939084978	62903.0	102.0	82.0	44.0
1392939084988	62903.0	102.0	82.0	44.0
1392939084998	62903.0	102.0	82.0	44.0
1392939085010	62903.0	102.0	82.0	44.0
1392939085019	62903.0	102.0	82.0	44.0
1392939085028	62903.0	102.0	82.0	44.0
1392939085039	62903.0	102.0	82.0	44.0
1392939085048	62903.0	102.0	82.0	44.0
1392939085059	62903.0	102.0	82.0	44.0
1392939085069	62903.0	103.0	82.0	44.0
1392939085078	62903.0	103.0	82.0	44.0
1392939085088	62903.0	103.0	82.0	44.0
1392939085098	62903.0	103.0	82.0	44.0
1392939085108	62903.0	103.0	82.0	44.0
1392939085118	62903.0	104.0	82.0	44.0
1392939085128	62903.0	104.0	82.0	44.0
1392939085145	62903.0	104.0	82.0	44.0
1392939085149	62903.0	103.0	82.0	44.0
1392939085158	62903.0	103.0	82.0	44.0
1392939085168	62903.0	103.0	82.0	44.0
1392939085178	62903.0	103.0	82.0	44.0
1392939085196	62903.0	103.0	82.0	44.0
1392939085198	62903.0	103.0	82.0	44.0
1392939085216	62903.0	103.0	82.0	44.0
1392939085218	62903.0	103.0	82.0	44.0
1392939085230	62903.0	103.0	82.0	43.0
1392939085243	62903.0	103.0	82.0	43.0
1392939085248	62903.0	103.0	82.0	43.0
1392939085259	62903.0	103.0	82.0	43.0
1392939085268	62903.0	103.0	82.0	43.0
1392939085279	62903.0	103.0	82.0	43.0
1392939085293	62903.0	103.0	82.0	43.0
1392939085299	62903.0	103.0	82.0	44.0
1392939085309	62903.0	103.0	82.0	44.0
1392939085318	62903.0	103.0	82.0	44.0
1392939085328	62903.0	103.0	82.0	44.0
1392939085341	62903.0	103.0	82.0	44.0
1392939085348	62903.0	103.0	82.0	44.0
1392939085359	62903.0	103.0	82.0	44.0
1392939085369	62903.0	102.0	82.0	44.0
1392939085378	62903.0	102.0	82.0	44.0
1392939085391	62903.0	102.0	82.0	44.0
1392939085398	62903.0	103.0	82.0	44.0
1392939085421	62903.0	103.0	82.0	44.0
1392939085429	62903.0	102.0	82.0	44.0
1392939085445	62903.0	102.0	82.0	44.0
1392939085448	62903.0	102.0	82.0	44.0
1392939085458	62903.0	102.0	82.0	44.0
1392939085468	62903.0	102.0	82.0	44.0
1392939085479	62903.0	102.0	82.0	44.0
1392939085490	62903.0	102.0	82.0	44.0
1392939085498	62903.0	102.0	82.0	44.0
1392939085508	62903.0	102.0	82.0	44.0
1392939085520	62903.0	102.0	82.0	44.0
1392939085529	62903.0	102.0	82.0	44.0
1392939085539	62903.0	102.0	82.0	44.0
1392939085548	62903.0	102.0	82.0	43.0
1392939085558	62903.0	102.0	82.0	43.0
1392939085568	62903.0	102.0	82.0	43.0
1392939085578	62903.0	102.0	82.0	43.0
1392939085588	62903.0	102.0	82.0	43.0
1392939085599	62903.0	102.0	82.0	43.0
1392939085609	62903.0	102.0	82.0	43.0
1392939085622	62903.0	102.0	82.0	43.0
1392939085628	62903.0	102.0	82.0	43.0
1392939085640	62903.0	102.0	82.0	43.0
1392939085649	62903.0	102.0	82.0	43.0
1392939085659	62903.0	102.0	82.0	43.0
1392939085671	62903.0	103.0	82.0	43.0
1392939085678	62903.0	103.0	82.0	44.0
1392939085688	62903.0	103.0	82.0	44.0
1392939085698	62903.0	103.0	82.0	44.0
1392939085709	62903.0	103.0	82.0	44.0
1392939085726	62903.0	103.0	82.0	43.0
1392939085728	62903.0	103.0	82.0	43.0
1392939085738	62903.0	102.0	82.0	43.0
1392939085748	62903.0	102.0	82.0	43.0
1392939085759	62903.0	102.0	82.0	43.0
1392939085771	62903.0	102.0	82.0	43.0
1392939085779	62903.0	102.0	82.0	43.0
1392939085790	62903.0	102.0	82.0	43.0
1392939085800	62903.0	102.0	82.0	43.0
1392939085808	62903.0	101.0	82.0	43.0
1392939085821	62903.0	101.0	82.0	43.0
1392939085829	62903.0	101.0	82.0	43.0
1392939085839	62903.0	101.0	82.0	43.0
1392939085849	62903.0	101.0	82.0	43.0
1392939085859	62903.0	102.0	82.0	44.0
1392939085870	62903.0	102.0	82.0	44.0
1392939085879	62903.0	102.0	82.0	44.0
1392939085889	62903.0	102.0	82.0	44.0
1392939085899	62903.0	101.0	82.0	44.0
1392939085909	62903.0	101.0	82.0	44.0
1392939085920	62903.0	101.0	82.0	44.0
1392939085929	62903.0	101.0	82.0	44.0
1392939085939	62903.0	101.0	82.0	44.0
1392939085949	62903.0	102.0	82.0	44.0
1392939085960	62903.0	102.0	82.0	44.0
1392939085971	62903.0	102.0	82.0	44.0
1392939085979	62903.0	102.0	82.0	44.0
1392939085989	62903.0	102.0	82.0	44.0
1392939086002	62903.0	102.0	82.0	44.0
1392939086009	62903.0	102.0	82.0	44.0
1392939086020	62903.0	103.0	82.0	44.0
1392939086029	62903.0	103.0	82.0	44.0
1392939086039	62903.0	102.0	82.0	43.0
1392939086054	62903.0	102.0	82.0	43.0
1392939086060	62903.0	102.0	82.0	43.0
1392939086073	62903.0	102.0	82.0	43.0
1392939086080	62903.0	102.0	82.0	44.0
1392939086094	62903.0	103.0	82.0	44.0
1392939086103	62903.0	103.0	82.0	44.0
1392939086109	62903.0	103.0	82.0	44.0
1392939086119	62903.0	104.0	82.0	45.0
1392939086129	62903.0	104.0	82.0	45.0
1392939086140	62903.0	104.0	82.0	44.0
1392939086152	62903.0	104.0	82.0	44.0
1392939086159	62903.0	104.0	82.0	44.0
1392939086169	62903.0	103.0	82.0	44.0
1392939086179	62903.0	103.0	82.0	44.0
1392939086190	62903.0	103.0	82.0	44.0
1392939086203	62903.0	103.0	82.0	44.0
1392939086210	62903.0	103.0	82.0	44.0
1392939086221	62903.0	103.0	82.0	44.0
1392939086230	62903.0	102.0	82.0	44.0
1392939086239	62903.0	102.0	82.0	43.0
1392939086253	62903.0	102.0	82.0	43.0
1392939086260	62903.0	102.0	82.0	44.0
1392939086271	62903.0	102.0	82.0	44.0
1392939086279	62903.0	102.0	82.0	44.0
1392939086290	62903.0	102.0	82.0	44.0
1392939086302	62903.0	102.0	82.0	44.0
1392939086309	62903.0	102.0	82.0	45.0
1392939086321	62903.0	102.0	82.0	45.0
1392939086330	62903.0	103.0	82.0	45.0
1392939086339	62903.0	102.0	82.0	45.0
1392939086353	62903.0	102.0	82.0	45.0
1392939086359	62903.0	102.0	82.0	45.0
1392939086369	62903.0	102.0	82.0	45.0
1392939086384	62903.0	102.0	82.0	45.0
1392939086389	62903.0	102.0	82.0	44.0
1392939086402	62903.0	102.0	82.0	44.0
1392939086409	62903.0	102.0	82.0	44.0
1392939086420	62903.0	102.0	82.0	44.0
1392939086431	62903.0	102.0	82.0	44.0
1392939086440	62903.0	102.0	82.0	45.0
1392939086452	62903.0	102.0	82.0	45.0
1392939086461	62903.0	103.0	82.0	45.0
1392939086470	62903.0	103.0	82.0	45.0
1392939086485	62903.0	103.0	82.0	45.0
1392939086490	62903.0	103.0	82.0	45.0
1392939086501	62903.0	103.0	82.0	45.0
1392939086512	62903.0	103.0	82.0	45.0
1392939086520	62903.0	103.0	82.0	45.0
1392939086534	62903.0	103.0	82.0	45.0
1392939086539	62903.0	103.0	82.0	45.0
1392939086569	62903.0	103.0	82.0	45.0
1392939086582	62903.0	103.0	82.0	45.0
1392939086589	62903.0	103.0	82.0	45.0
1392939086601	62903.0	103.0	82.0	45.0
1392939086610	62903.0	103.0	82.0	44.0
1392939086620	62903.0	103.0	82.0	44.0
1392939086633	62903.0	103.0	82.0	44.0
1392939086640	62903.0	103.0	82.0	44.0
1392939086652	62903.0	103.0	82.0	44.0
1392939086660	62903.0	103.0	82.0	45.0
1392939086670	62903.0	103.0	82.0	45.0
1392939086691	62903.0	104.0	82.0	45.0
1392939086701	62903.0	104.0	82.0	45.0
1392939086709	62903.0	103.0	82.0	45.0
1392939086720	62903.0	103.0	82.0	44.0
1392939086737	62903.0	102.0	82.0	44.0
1392939086740	62903.0	102.0	82.0	44.0
1392939086750	62903.0	102.0	82.0	43.0
1392939086760	62903.0	101.0	82.0	43.0
1392939086770	62903.0	101.0	81.0	43.0
1392939086782	62903.0	102.0	81.0	43.0
1392939086790	62903.0	102.0	81.0	43.0
1392939086801	62903.0	102.0	81.0	43.0
1392939086810	62903.0	102.0	81.0	43.0
1392939086819	62903.0	102.0	81.0	43.0
1392939086832	62903.0	102.0	81.0	44.0
1392939086843	62903.0	103.0	81.0	44.0
1392939086850	62903.0	103.0	81.0	45.0
1392939086871	62903.0	10.0	53.0	172.0
1392939086874	62903.0	104.0	81.0	45.0
1392939086882	62903.0	103.0	81.0	46.0
1392939086890	62903.0	103.0	81.0	46.0
1392939086900	62903.0	103.0	81.0	46.0
1392939086912	62903.0	103.0	81.0	45.0
1392939086920	62903.0	103.0	81.0	45.0
1392939086930	62903.0	103.0	81.0	45.0
1392939086940	62903.0	103.0	81.0	45.0
1392939086950	62903.0	103.0	81.0	45.0
1392939086963	62903.0	103.0	81.0	45.0
1392939086970	62903.0	102.0	81.0	44.0
1392939086980	62903.0	102.0	81.0	44.0
1392939086990	62903.0	102.0	81.0	44.0
1392939087000	62903.0	102.0	81.0	44.0
1392939087010	62903.0	103.0	81.0	44.0
1392939087020	62903.0	103.0	81.0	44.0
1392939087034	62903.0	103.0	81.0	44.0
1392939087041	62903.0	103.0	81.0	44.0
1392939087050	62903.0	103.0	81.0	44.0
1392939087063	62903.0	103.0	81.0	44.0
1392939087070	62903.0	103.0	81.0	44.0
1392939087080	62903.0	103.0	81.0	44.0
1392939087090	62903.0	103.0	81.0	44.0
1392939087100	62903.0	103.0	81.0	45.0
1392939087111	62903.0	103.0	82.0	45.0
1392939087120	62903.0	104.0	81.0	45.0
1392939087131	62903.0	104.0	81.0	45.0
1392939087140	62903.0	103.0	82.0	44.0
1392939087150	62903.0	103.0	82.0	44.0
1392939087161	62903.0	103.0	82.0	44.0
1392939087170	62903.0	103.0	82.0	45.0
1392939087180	62903.0	103.0	82.0	45.0
1392939087190	62903.0	103.0	82.0	45.0
1392939087200	62903.0	103.0	82.0	45.0
1392939087224	62903.0	103.0	82.0	45.0
1392939087225	62903.0	103.0	82.0	45.0
1392939087230	62903.0	103.0	82.0	45.0
1392939087244	62903.0	103.0	82.0	44.0
1392939087250	62903.0	103.0	82.0	44.0
1392939087261	62903.0	102.0	82.0	44.0
1392939087270	62903.0	102.0	82.0	43.0
1392939087280	62903.0	102.0	82.0	43.0
1392939087290	62903.0	102.0	82.0	43.0
1392939087300	62903.0	102.0	82.0	43.0
1392939087310	62903.0	102.0	82.0	43.0
1392939087321	62903.0	102.0	82.0	43.0
1392939087348	62903.0	103.0	82.0	44.0
1392939087350	62903.0	103.0	82.0	44.0
1392939087360	62903.0	103.0	82.0	44.0
1392939087370	62903.0	103.0	82.0	44.0
1392939087380	62903.0	103.0	82.0	44.0
1392939087394	62903.0	103.0	82.0	44.0
1392939087401	62903.0	103.0	82.0	44.0
1392939087411	62903.0	104.0	82.0	44.0
1392939087420	62903.0	103.0	82.0	44.0
1392939087431	62903.0	103.0	82.0	44.0
1392939087443	62903.0	103.0	82.0	44.0
1392939087451	62903.0	103.0	82.0	44.0
1392939087461	62903.0	103.0	82.0	44.0
1392939087470	62903.0	103.0	82.0	43.0
1392939087481	62903.0	103.0	82.0	43.0
1392939087492	62903.0	103.0	82.0	43.0
1392939087501	62903.0	103.0	82.0	43.0
1392939087511	62903.0	103.0	82.0	43.0
1392939087522	62903.0	103.0	82.0	43.0
1392939087532	62903.0	103.0	82.0	43.0
1392939087545	62903.0	103.0	82.0	44.0
1392939087551	62903.0	103.0	82.0	44.0
1392939087561	62903.0	103.0	82.0	44.0
1392939087571	62903.0	103.0	82.0	44.0
1392939087582	62903.0	103.0	82.0	44.0
1392939087591	62903.0	103.0	82.0	44.0
1392939087601	62903.0	103.0	82.0	44.0
1392939087612	62903.0	103.0	82.0	44.0
1392939087626	62903.0	103.0	82.0	44.0
1392939087631	62903.0	103.0	82.0	44.0
1392939087643	62903.0	103.0	82.0	43.0
1392939087651	62903.0	103.0	82.0	43.0
1392939087661	62903.0	103.0	82.0	43.0
1392939087675	62903.0	103.0	82.0	43.0
1392939087681	62903.0	103.0	82.0	43.0
1392939087692	62903.0	103.0	82.0	43.0
1392939087702	62903.0	103.0	82.0	43.0
1392939087711	62903.0	103.0	82.0	43.0
1392939087731	62903.0	108.0	72.0	160.0
1392939087732	62903.0	103.0	82.0	44.0
1392939087742	62903.0	103.0	82.0	44.0
1392939087751	62903.0	103.0	82.0	44.0
1392939087762	62903.0	103.0	82.0	44.0
1392939087776	62903.0	103.0	82.0	44.0
1392939087781	62903.0	103.0	82.0	44.0
1392939087791	62903.0	104.0	82.0	44.0
1392939087801	62903.0	104.0	82.0	44.0
1392939087811	62903.0	104.0	82.0	44.0
1392939087826	62903.0	104.0	82.0	44.0
1392939087830	62903.0	104.0	82.0	44.0
1392939087840	62903.0	104.0	82.0	44.0
1392939087850	62903.0	104.0	82.0	44.0
1392939087862	62903.0	103.0	82.0	44.0
1392939087873	62903.0	103.0	82.0	43.0
1392939087881	62903.0	103.0	82.0	43.0
1392939087891	62903.0	103.0	82.0	43.0
1392939087900	62903.0	103.0	82.0	43.0
1392939087911	62903.0	103.0	82.0	43.0
1392939087923	62903.0	102.0	82.0	43.0
1392939087930	62903.0	102.0	82.0	43.0
1392939087941	62903.0	102.0	82.0	43.0
1392939087951	62903.0	102.0	82.0	43.0
1392939087961	62903.0	102.0	82.0	43.0
1392939087972	62903.0	102.0	82.0	43.0
1392939087981	62903.0	102.0	82.0	43.0
1392939087991	62903.0	102.0	82.0	43.0
1392939088002	62903.0	102.0	82.0	43.0
1392939088015	62903.0	102.0	82.0	43.0
1392939088025	62903.0	102.0	82.0	43.0
1392939088031	62903.0	102.0	82.0	43.0
1392939088041	62903.0	102.0	82.0	43.0
1392939088051	62903.0	102.0	82.0	43.0
1392939088061	62903.0	102.0	82.0	43.0
1392939088071	62903.0	102.0	82.0	43.0
1392939088080	62903.0	102.0	82.0	43.0
1392939088091	62903.0	102.0	82.0	43.0
1392939088104	62903.0	102.0	82.0	43.0
1392939088110	62903.0	103.0	82.0	43.0
1392939088123	62903.0	102.0	82.0	43.0
1392939088132	62903.0	102.0	82.0	43.0
1392939088142	62903.0	102.0	82.0	43.0
1392939088156	62903.0	102.0	82.0	43.0
1392939088161	62903.0	102.0	82.0	43.0
1392939088172	62903.0	103.0	82.0	43.0
1392939088182	62903.0	103.0	82.0	43.0
1392939088191	62903.0	102.0	82.0	43.0
1392939088206	62903.0	102.0	82.0	42.0
1392939088211	62903.0	102.0	82.0	42.0
1392939088221	62903.0	102.0	82.0	42.0
1392939088231	62903.0	102.0	82.0	42.0
1392939088241	62903.0	102.0	82.0	43.0
1392939088255	62903.0	102.0	82.0	43.0
1392939088261	62903.0	102.0	82.0	43.0
1392939088272	62903.0	102.0	82.0	43.0
1392939088281	62903.0	102.0	82.0	43.0
1392939088291	62903.0	102.0	82.0	43.0
1392939088305	62903.0	102.0	82.0	43.0
1392939088312	62903.0	102.0	82.0	43.0
1392939088321	62903.0	101.0	82.0	43.0
1392939088331	62903.0	101.0	82.0	43.0
1392939088341	62903.0	101.0	82.0	43.0
1392939088354	62903.0	101.0	82.0	43.0
1392939088361	62903.0	101.0	82.0	42.0
1392939088371	62903.0	101.0	82.0	42.0
1392939088382	62903.0	101.0	82.0	42.0
1392939088391	62903.0	101.0	81.0	42.0
1392939088403	62903.0	102.0	81.0	43.0
1392939088411	62903.0	102.0	81.0	43.0
1392939088422	62903.0	102.0	81.0	43.0
1392939088432	62903.0	101.0	81.0	43.0
1392939088441	62903.0	101.0	81.0	43.0
1392939088454	62903.0	101.0	81.0	43.0
1392939088461	62903.0	101.0	82.0	43.0
1392939088471	62903.0	101.0	82.0	43.0
1392939088487	62903.0	101.0	82.0	43.0
1392939088491	62903.0	101.0	82.0	43.0
1392939088501	62903.0	101.0	82.0	43.0
1392939088511	62903.0	101.0	82.0	43.0
1392939088521	62903.0	101.0	82.0	43.0
1392939088536	62903.0	102.0	82.0	43.0
1392939088541	62903.0	102.0	82.0	43.0
1392939088551	62903.0	102.0	82.0	43.0
1392939088561	62903.0	102.0	82.0	43.0
1392939088571	62903.0	102.0	82.0	43.0
1392939088584	62903.0	102.0	82.0	43.0
1392939088591	62903.0	103.0	82.0	43.0
1392939088602	62903.0	103.0	82.0	43.0
1392939088611	62903.0	103.0	82.0	43.0
1392939088622	62903.0	103.0	81.0	43.0
1392939088639	62903.0	102.0	81.0	43.0
1392939088641	62903.0	102.0	81.0	43.0
1392939088651	62903.0	102.0	81.0	43.0
1392939088662	62903.0	102.0	81.0	43.0
1392939088672	62903.0	102.0	81.0	43.0
1392939088685	62903.0	102.0	82.0	43.0
1392939088691	62903.0	102.0	82.0	43.0
1392939088703	62903.0	102.0	81.0	43.0
1392939088715	62903.0	103.0	82.0	43.0
1392939088723	62903.0	103.0	82.0	43.0
1392939088732	62903.0	103.0	82.0	43.0
1392939088741	62903.0	103.0	82.0	43.0
1392939088754	62903.0	103.0	82.0	43.0
1392939088761	62903.0	103.0	82.0	43.0
1392939088771	62903.0	103.0	82.0	43.0
1392939088782	62903.0	103.0	82.0	44.0
1392939088791	62903.0	103.0	82.0	44.0
1392939088801	62903.0	103.0	82.0	44.0
1392939088811	62903.0	103.0	82.0	43.0
1392939088822	62903.0	103.0	81.0	43.0
1392939088832	62903.0	103.0	81.0	43.0
1392939088843	62903.0	103.0	81.0	43.0
1392939088851	62903.0	103.0	81.0	43.0
1392939088861	62903.0	102.0	81.0	43.0
1392939088872	62903.0	102.0	81.0	43.0
1392939088883	62903.0	102.0	81.0	43.0
1392939088891	62903.0	102.0	82.0	43.0
1392939088902	62903.0	102.0	82.0	43.0
1392939088911	62903.0	102.0	82.0	43.0
1392939088922	62903.0	102.0	82.0	43.0
1392939088932	62903.0	103.0	82.0	43.0
1392939088941	62903.0	103.0	82.0	43.0
1392939088951	62903.0	103.0	82.0	43.0
1392939088964	62903.0	103.0	82.0	43.0
1392939088971	62903.0	103.0	82.0	43.0
1392939088981	62903.0	103.0	82.0	43.0
1392939088991	62903.0	102.0	82.0	43.0
1392939089001	62903.0	102.0	82.0	43.0
1392939089013	62903.0	103.0	82.0	43.0
1392939089022	62903.0	103.0	82.0	43.0
1392939089032	62903.0	103.0	81.0	43.0
1392939089042	62903.0	103.0	81.0	43.0
1392939089051	62903.0	103.0	81.0	43.0
1392939089063	62903.0	103.0	82.0	43.0
1392939089071	62903.0	103.0	82.0	43.0
1392939089082	62903.0	103.0	82.0	43.0
1392939089091	62903.0	103.0	82.0	43.0
1392939089103	62903.0	103.0	81.0	43.0
1392939089121	62903.0	19.0	64.0	137.0
1392939089125	62903.0	103.0	81.0	42.0
1392939089132	62903.0	102.0	81.0	42.0
1392939089143	62903.0	102.0	81.0	42.0
1392939089154	62903.0	102.0	81.0	42.0
1392939089164	62903.0	101.0	81.0	41.0
1392939089172	62903.0	101.0	81.0	41.0
1392939089182	62903.0	101.0	81.0	41.0
1392939089192	62903.0	101.0	81.0	41.0
1392939089204	62903.0	101.0	81.0	40.0
1392939089213	62903.0	100.0	81.0	40.0
1392939089222	62903.0	100.0	81.0	40.0
1392939089232	62903.0	100.0	81.0	40.0
1392939089242	62903.0	78.0	81.0	40.0
1392939089252	62903.0	100.0	81.0	40.0
1392939089266	62903.0	100.0	81.0	40.0
1392939089272	62903.0	100.0	81.0	40.0
1392939089286	62903.0	100.0	81.0	40.0
1392939089292	62903.0	101.0	81.0	41.0
1392939089312	62903.0	101.0	81.0	42.0
1392939089322	62903.0	102.0	81.0	42.0
1392939089332	62903.0	102.0	81.0	42.0
1392939089342	62903.0	102.0	81.0	42.0
1392939089352	62903.0	102.0	81.0	42.0
1392939089363	62903.0	102.0	81.0	42.0
1392939089372	62903.0	48.0	81.0	42.0
1392939089383	62903.0	102.0	81.0	42.0
1392939089395	62903.0	101.0	81.0	42.0
1392939089403	62903.0	101.0	81.0	41.0
1392939089414	62903.0	101.0	81.0	41.0
1392939089423	62903.0	100.0	81.0	40.0
1392939089433	62903.0	100.0	81.0	40.0
1392939089447	62903.0	99.0	81.0	40.0
1392939089454	62903.0	99.0	81.0	40.0
1392939089463	62903.0	99.0	81.0	40.0
1392939089472	62903.0	99.0	81.0	40.0
1392939089482	62903.0	99.0	81.0	40.0
1392939089494	62903.0	99.0	81.0	40.0
1392939089512	62903.0	100.0	81.0	40.0
1392939089522	62903.0	100.0	81.0	40.0
1392939089532	62903.0	100.0	81.0	40.0
1392939089545	62903.0	99.0	81.0	40.0
1392939089552	62903.0	99.0	81.0	40.0
1392939089563	62903.0	99.0	81.0	40.0
1392939089572	62903.0	99.0	81.0	40.0
1392939089582	62903.0	99.0	81.0	40.0
1392939089595	62903.0	99.0	81.0	40.0
1392939089602	62903.0	99.0	81.0	40.0
1392939089614	62903.0	100.0	81.0	40.0
1392939089623	62903.0	99.0	81.0	39.0
1392939089632	62903.0	99.0	81.0	39.0
1392939089643	62903.0	99.0	81.0	39.0
1392939089652	62903.0	99.0	81.0	39.0
1392939089663	62903.0	99.0	81.0	39.0
1392939089672	62903.0	99.0	81.0	39.0
1392939089683	62903.0	99.0	81.0	39.0
1392939089693	62903.0	99.0	81.0	39.0
1392939089702	62903.0	100.0	81.0	39.0
1392939089713	62903.0	100.0	81.0	40.0
1392939089722	62903.0	101.0	81.0	40.0
1392939089733	62903.0	100.0	81.0	40.0
1392939089743	62903.0	100.0	81.0	40.0
1392939089752	62903.0	100.0	81.0	40.0
1392939089762	62903.0	100.0	81.0	40.0
1392939089772	62903.0	101.0	81.0	40.0
1392939089782	62903.0	100.0	81.0	40.0
1392939089792	62903.0	100.0	81.0	41.0
1392939089803	62903.0	101.0	81.0	41.0
1392939089812	62903.0	101.0	81.0	41.0
1392939089826	62903.0	101.0	81.0	41.0
1392939089832	62903.0	101.0	81.0	41.0
1392939089844	62903.0	101.0	81.0	41.0
1392939089852	62903.0	49.0	81.0	41.0
1392939089864	62903.0	102.0	81.0	41.0
1392939089877	62903.0	101.0	81.0	41.0
1392939089882	62903.0	101.0	81.0	41.0
1392939089892	62903.0	101.0	81.0	41.0
1392939089902	62903.0	101.0	81.0	41.0
1392939089913	62903.0	101.0	81.0	41.0
1392939089932	62903.0	49.0	81.0	41.0
1392939089933	62903.0	101.0	81.0	41.0
1392939089942	62903.0	101.0	81.0	41.0
1392939089952	62903.0	101.0	81.0	40.0
1392939089963	62903.0	100.0	81.0	40.0
1392939089974	62903.0	101.0	81.0	40.0
1392939089983	62903.0	101.0	80.0	39.0
1392939089993	62903.0	101.0	80.0	39.0
1392939090002	62903.0	101.0	80.0	40.0
1392939090014	62903.0	101.0	80.0	40.0
1392939090025	62903.0	101.0	81.0	40.0
1392939090033	62903.0	101.0	81.0	41.0
1392939090043	62903.0	101.0	81.0	41.0
1392939090052	62903.0	101.0	81.0	41.0
1392939090064	62903.0	101.0	81.0	41.0
1392939090075	62903.0	101.0	81.0	42.0
1392939090082	62903.0	102.0	81.0	42.0
1392939090094	62903.0	102.0	81.0	42.0
1392939090107	62903.0	102.0	81.0	42.0
1392939090118	62903.0	102.0	81.0	42.0
1392939090124	62903.0	102.0	81.0	42.0
1392939090133	62903.0	102.0	81.0	42.0
1392939090143	62903.0	102.0	81.0	41.0
1392939090155	62903.0	102.0	81.0	41.0
1392939090163	62903.0	102.0	81.0	41.0
1392939090173	62903.0	102.0	81.0	41.0
1392939090182	62903.0	102.0	81.0	41.0
1392939090193	62903.0	102.0	81.0	41.0
1392939090206	62903.0	101.0	81.0	41.0
1392939090213	62903.0	101.0	81.0	41.0
1392939090223	62903.0	101.0	81.0	41.0
1392939090233	62903.0	101.0	81.0	41.0
1392939090243	62903.0	102.0	81.0	41.0
1392939090256	62903.0	102.0	81.0	41.0
1392939090263	62903.0	102.0	81.0	41.0
1392939090273	62903.0	102.0	81.0	41.0
1392939090283	62903.0	102.0	81.0	41.0
1392939090293	62903.0	103.0	81.0	41.0
1392939090307	62903.0	103.0	81.0	41.0
1392939090313	62903.0	102.0	81.0	41.0
1392939090324	62903.0	102.0	81.0	41.0
1392939090333	62903.0	102.0	81.0	41.0
1392939090343	62903.0	102.0	81.0	41.0
1392939090357	62903.0	102.0	81.0	41.0
1392939090363	62903.0	160.0	4.0	90.0
1392939090373	62903.0	102.0	81.0	41.0
1392939090383	62903.0	102.0	81.0	41.0
1392939090395	62903.0	103.0	81.0	42.0
1392939090404	62903.0	103.0	81.0	41.0
1392939090413	62903.0	103.0	81.0	41.0
1392939090423	62903.0	103.0	81.0	41.0
1392939090433	62903.0	103.0	81.0	42.0
1392939090446	62903.0	103.0	81.0	42.0
1392939090453	62903.0	103.0	81.0	42.0
1392939090464	62903.0	104.0	81.0	42.0
1392939090473	62903.0	104.0	81.0	43.0
1392939090483	62903.0	104.0	81.0	43.0
1392939090493	62903.0	104.0	81.0	43.0
1392939090506	62903.0	103.0	81.0	42.0
1392939090514	62903.0	103.0	81.0	42.0
1392939090524	62903.0	103.0	81.0	42.0
1392939090533	62903.0	102.0	81.0	41.0
1392939090543	62903.0	102.0	81.0	41.0
1392939090558	62903.0	102.0	81.0	41.0
1392939090563	62903.0	102.0	81.0	40.0
1392939090586	62903.0	101.0	81.0	40.0
1392939090594	62903.0	101.0	81.0	40.0
1392939090607	62903.0	101.0	81.0	39.0
1392939090613	62903.0	101.0	81.0	39.0
1392939090627	62903.0	100.0	81.0	39.0
1392939090636	62903.0	100.0	81.0	39.0
1392939090644	62903.0	100.0	81.0	38.0
1392939090653	62903.0	100.0	81.0	38.0
1392939090664	62903.0	100.0	81.0	39.0
1392939090673	62903.0	100.0	81.0	39.0
1392939090686	62903.0	100.0	81.0	39.0
1392939090693	62903.0	101.0	81.0	40.0
1392939090705	62903.0	101.0	81.0	40.0
1392939090714	62903.0	101.0	81.0	40.0
1392939090725	62903.0	101.0	81.0	40.0
1392939090733	62903.0	101.0	81.0	41.0
1392939090743	62903.0	102.0	81.0	41.0
1392939090754	62903.0	102.0	81.0	41.0
1392939090763	62903.0	102.0	81.0	41.0
1392939090773	62903.0	102.0	81.0	41.0
1392939090786	62903.0	102.0	81.0	41.0
1392939090793	62903.0	102.0	81.0	41.0
1392939090803	62903.0	102.0	81.0	41.0
1392939090814	62903.0	101.0	81.0	40.0
1392939090824	62903.0	101.0	81.0	40.0
1392939090834	62903.0	101.0	81.0	40.0
1392939090843	62903.0	101.0	81.0	39.0
1392939090854	62903.0	100.0	81.0	39.0
1392939090864	62903.0	100.0	81.0	38.0
1392939090876	62903.0	99.0	81.0	38.0
1392939090888	62903.0	99.0	81.0	37.0
1392939090894	62903.0	98.0	81.0	37.0
1392939090904	62903.0	98.0	81.0	37.0
1392939090914	62903.0	98.0	81.0	37.0
1392939090924	62903.0	98.0	81.0	37.0
1392939090936	62903.0	98.0	81.0	37.0
1392939090944	62903.0	99.0	81.0	37.0
1392939090954	62903.0	99.0	81.0	37.0
1392939090964	62903.0	99.0	81.0	38.0
1392939090974	62903.0	99.0	81.0	38.0
1392939090984	62903.0	99.0	81.0	38.0
1392939090994	62903.0	99.0	81.0	38.0
1392939091005	62903.0	99.0	81.0	38.0
1392939091014	62903.0	99.0	81.0	38.0
1392939091024	62903.0	99.0	81.0	38.0
1392939091033	62903.0	98.0	81.0	38.0
1392939091043	62903.0	98.0	81.0	37.0
1392939091053	62903.0	98.0	81.0	37.0
1392939091066	62903.0	98.0	81.0	37.0
1392939091073	62903.0	98.0	81.0	36.0
1392939091084	62903.0	98.0	81.0	36.0
1392939091094	62903.0	97.0	81.0	36.0
1392939091105	62903.0	97.0	81.0	36.0
1392939091118	62903.0	97.0	81.0	36.0
1392939091124	62903.0	97.0	81.0	36.0
1392939091134	62903.0	97.0	81.0	36.0
1392939091145	62903.0	97.0	81.0	36.0
1392939091154	62903.0	98.0	81.0	36.0
1392939091167	62903.0	98.0	81.0	36.0
1392939091174	62903.0	98.0	81.0	36.0
1392939091184	62903.0	98.0	81.0	36.0
1392939091194	62903.0	99.0	81.0	37.0
1392939091205	62903.0	99.0	81.0	37.0
1392939091219	62903.0	99.0	81.0	37.0
1392939091223	62903.0	99.0	81.0	36.0
1392939091235	62903.0	98.0	81.0	36.0
1392939091244	62903.0	98.0	81.0	36.0
1392939091254	62903.0	98.0	81.0	36.0
1392939091265	62903.0	98.0	81.0	36.0
1392939091274	62903.0	98.0	81.0	36.0
1392939091285	62903.0	97.0	81.0	36.0
1392939091294	62903.0	97.0	81.0	36.0
1392939091304	62903.0	97.0	81.0	35.0
1392939091315	62903.0	97.0	81.0	35.0
1392939091329	62903.0	97.0	81.0	35.0
1392939091346	62903.0	97.0	81.0	35.0
1392939091347	62903.0	97.0	81.0	35.0
1392939091365	62903.0	97.0	81.0	36.0
1392939091367	62903.0	98.0	81.0	37.0
1392939091374	62903.0	98.0	81.0	37.0
1392939091384	62903.0	98.0	81.0	38.0
1392939091398	62903.0	97.0	81.0	37.0
1392939091408	62903.0	97.0	81.0	36.0
1392939091414	62903.0	96.0	81.0	35.0
1392939091425	62903.0	95.0	81.0	34.0
1392939091434	62903.0	94.0	81.0	32.0
1392939091444	62903.0	93.0	81.0	31.0
1392939091454	62903.0	93.0	80.0	30.0
1392939091466	62903.0	92.0	80.0	29.0
1392939091474	62903.0	92.0	80.0	29.0
1392939091546	62903.0	93.0	80.0	29.0
1392939091548	62903.0	93.0	80.0	30.0
1392939091571	62903.0	93.0	80.0	30.0
