1392938873887	2459.0	134.0	84.0	19.0
1392938873895	2449.0	133.0	84.0	19.0
1392938873905	2449.0	133.0	84.0	19.0
1392938873915	2449.0	133.0	84.0	19.0
1392938873925	2449.0	133.0	84.0	19.0
1392938873935	2439.0	158.0	75.0	61.0
1392938873945	2439.0	133.0	84.0	18.0
1392938873956	2439.0	133.0	84.0	19.0
1392938873965	2439.0	132.0	84.0	19.0
1392938873975	2427.0	132.0	84.0	20.0
1392938873985	2427.0	131.0	84.0	20.0
1392938873995	2427.0	131.0	84.0	20.0
1392938874005	2420.0	131.0	84.0	20.0
1392938874017	2420.0	130.0	84.0	21.0
1392938874025	2420.0	130.0	84.0	21.0
1392938874035	2420.0	129.0	84.0	22.0
1392938874046	2417.0	129.0	84.0	22.0
1392938874057	2417.0	129.0	84.0	22.0
1392938874066	2417.0	129.0	84.0	21.0
1392938874075	2414.0	129.0	84.0	21.0
1392938874085	2414.0	130.0	84.0	21.0
1392938874095	2414.0	130.0	84.0	20.0
1392938874106	2414.0	130.0	84.0	21.0
1392938874116	2413.0	130.0	84.0	21.0
1392938874127	2413.0	129.0	84.0	22.0
1392938874136	2413.0	129.0	84.0	22.0
1392938874145	2413.0	131.0	84.0	21.0
1392938874160	2412.0	131.0	84.0	21.0
1392938874168	2412.0	131.0	84.0	21.0
1392938874176	2412.0	130.0	84.0	22.0
1392938874195	2414.0	130.0	84.0	22.0
1392938874202	2414.0	130.0	84.0	22.0
1392938874205	2414.0	129.0	84.0	22.0
1392938874216	2414.0	129.0	84.0	23.0
1392938874225	2416.0	129.0	84.0	23.0
1392938874235	2416.0	129.0	84.0	24.0
1392938874246	2416.0	129.0	84.0	23.0
1392938874255	2419.0	129.0	84.0	23.0
1392938874265	2419.0	129.0	84.0	23.0
1392938874276	2419.0	130.0	84.0	22.0
1392938874287	2419.0	130.0	84.0	22.0
1392938874295	2420.0	130.0	84.0	22.0
1392938874306	2420.0	130.0	84.0	22.0
1392938874317	2420.0	129.0	84.0	22.0
1392938874326	2420.0	129.0	84.0	22.0
1392938874391	2422.0	129.0	84.0	23.0
1392938874392	2422.0	129.0	84.0	23.0
1392938874395	2422.0	129.0	84.0	23.0
1392938874398	2422.0	128.0	84.0	23.0
1392938874400	2422.0	128.0	84.0	23.0
1392938874402	2422.0	128.0	84.0	23.0
1392938874406	2422.0	128.0	84.0	23.0
1392938874434	2422.0	128.0	84.0	24.0
1392938874436	2422.0	128.0	84.0	24.0
1392938874437	2422.0	128.0	84.0	24.0
1392938874438	2421.0	128.0	84.0	24.0
1392938874446	2421.0	128.0	84.0	24.0
1392938874456	2421.0	127.0	84.0	24.0
1392938874467	2421.0	127.0	84.0	24.0
1392938874475	2419.0	127.0	84.0	25.0
1392938874486	2419.0	127.0	84.0	25.0
1392938874495	2419.0	126.0	84.0	25.0
1392938874506	2419.0	141.0	65.0	90.0
1392938874520	2418.0	126.0	84.0	26.0
1392938874537	2418.0	125.0	84.0	26.0
1392938874547	2419.0	124.0	84.0	27.0
1392938874556	2419.0	141.0	65.0	90.0
1392938874569	2419.0	123.0	84.0	28.0
1392938874576	2419.0	123.0	84.0	28.0
1392938874586	2418.0	123.0	84.0	29.0
1392938874596	2418.0	122.0	84.0	29.0
1392938874608	2418.0	122.0	84.0	29.0
1392938874620	2417.0	121.0	84.0	30.0
1392938874626	2417.0	121.0	84.0	30.0
1392938874642	2417.0	121.0	84.0	30.0
1392938874647	2417.0	120.0	84.0	31.0
1392938874656	2418.0	120.0	84.0	31.0
1392938874666	2418.0	120.0	84.0	31.0
1392938874676	2418.0	120.0	84.0	32.0
1392938874686	2418.0	120.0	84.0	32.0
1392938874696	2415.0	120.0	84.0	32.0
1392938874706	2415.0	120.0	84.0	32.0
1392938874717	2415.0	120.0	84.0	31.0
1392938874726	2417.0	120.0	84.0	31.0
1392938874736	2417.0	120.0	84.0	31.0
1392938874752	2417.0	120.0	84.0	31.0
1392938874756	2417.0	120.0	84.0	31.0
1392938874767	2416.0	120.0	84.0	31.0
1392938874776	2416.0	120.0	84.0	31.0
1392938874787	2416.0	120.0	84.0	31.0
1392938874799	2416.0	120.0	84.0	31.0
1392938874806	2416.0	120.0	84.0	31.0
1392938874816	2416.0	120.0	84.0	31.0
1392938874826	2416.0	120.0	84.0	31.0
1392938874836	2416.0	120.0	84.0	31.0
1392938874849	2416.0	121.0	84.0	30.0
1392938874856	2416.0	121.0	84.0	30.0
1392938874866	2416.0	121.0	84.0	30.0
1392938874876	2416.0	121.0	84.0	30.0
1392938874886	2416.0	121.0	84.0	30.0
1392938874900	2416.0	121.0	84.0	30.0
1392938874907	2418.0	121.0	84.0	30.0
1392938874926	2418.0	121.0	84.0	30.0
1392938874936	2418.0	121.0	84.0	30.0
1392938874954	2417.0	121.0	84.0	29.0
1392938874956	2417.0	121.0	84.0	29.0
1392938874967	2417.0	121.0	84.0	29.0
1392938874976	2419.0	121.0	84.0	29.0
1392938874986	2419.0	121.0	84.0	30.0
1392938874999	2419.0	121.0	84.0	30.0
1392938875006	2419.0	121.0	84.0	30.0
1392938875016	2419.0	122.0	84.0	30.0
1392938875027	2419.0	122.0	84.0	30.0
1392938875036	2419.0	122.0	84.0	30.0
1392938875050	2419.0	121.0	84.0	30.0
1392938875056	2419.0	121.0	84.0	30.0
1392938875068	2419.0	121.0	84.0	30.0
1392938875076	2419.0	121.0	84.0	30.0
1392938875087	2419.0	121.0	84.0	30.0
1392938875097	2419.0	121.0	84.0	30.0
1392938875107	2419.0	121.0	84.0	30.0
1392938875116	2419.0	121.0	84.0	30.0
1392938875127	2420.0	121.0	84.0	30.0
1392938875137	2420.0	121.0	84.0	30.0
1392938875148	2420.0	121.0	84.0	30.0
1392938875156	2421.0	121.0	84.0	30.0
1392938875166	2421.0	121.0	84.0	30.0
1392938875183	2421.0	121.0	84.0	30.0
1392938875188	2421.0	121.0	84.0	30.0
1392938875202	2420.0	121.0	84.0	30.0
1392938875207	2420.0	121.0	84.0	31.0
1392938875217	2420.0	120.0	84.0	31.0
1392938875233	2420.0	120.0	84.0	31.0
1392938875237	2421.0	120.0	84.0	31.0
1392938875247	2421.0	120.0	84.0	32.0
1392938875257	2421.0	119.0	84.0	32.0
1392938875268	2421.0	119.0	84.0	32.0
1392938875279	2421.0	119.0	84.0	32.0
1392938875286	2421.0	119.0	84.0	32.0
1392938875297	2421.0	119.0	84.0	32.0
1392938875307	2419.0	119.0	84.0	33.0
1392938875317	2419.0	119.0	84.0	33.0
1392938875330	2419.0	119.0	84.0	33.0
1392938875346	2420.0	118.0	84.0	33.0
1392938875357	2420.0	118.0	84.0	33.0
1392938875367	2420.0	118.0	84.0	33.0
1392938875378	2419.0	118.0	84.0	33.0
1392938875387	2419.0	118.0	84.0	33.0
1392938875397	2419.0	119.0	84.0	33.0
1392938875407	2419.0	119.0	84.0	33.0
1392938875417	2419.0	119.0	84.0	33.0
1392938875429	2419.0	118.0	84.0	34.0
1392938875437	2419.0	118.0	84.0	34.0
1392938875447	2418.0	118.0	84.0	34.0
1392938875458	2418.0	118.0	84.0	34.0
1392938875467	2418.0	141.0	65.0	90.0
1392938875479	2418.0	118.0	84.0	35.0
1392938875486	2418.0	118.0	84.0	35.0
1392938875496	2418.0	118.0	84.0	35.0
1392938875511	2418.0	117.0	84.0	35.0
1392938875517	2416.0	117.0	84.0	35.0
1392938875541	2416.0	117.0	84.0	35.0
1392938875542	2416.0	117.0	84.0	35.0
1392938875549	2416.0	117.0	84.0	35.0
1392938875558	2416.0	116.0	84.0	35.0
1392938875572	2416.0	116.0	84.0	35.0
1392938875580	2416.0	116.0	84.0	36.0
1392938875587	2417.0	116.0	84.0	36.0
1392938875600	2417.0	116.0	84.0	36.0
1392938875609	2417.0	116.0	84.0	36.0
1392938875616	2417.0	116.0	84.0	36.0
1392938875630	2416.0	115.0	84.0	36.0
1392938875636	2416.0	115.0	84.0	36.0
1392938875647	2416.0	115.0	84.0	36.0
1392938875659	2416.0	115.0	84.0	36.0
1392938875667	2416.0	115.0	84.0	37.0
1392938875677	2416.0	114.0	84.0	37.0
1392938875688	2416.0	6.0	84.0	37.0
1392938875697	2413.0	114.0	84.0	37.0
1392938875711	2413.0	114.0	84.0	37.0
1392938875717	2413.0	114.0	84.0	38.0
1392938875728	2413.0	113.0	84.0	38.0
1392938875737	2413.0	114.0	84.0	38.0
1392938875748	2413.0	114.0	84.0	38.0
1392938875763	2413.0	114.0	84.0	38.0
1392938875767	2416.0	115.0	84.0	38.0
1392938875779	2416.0	114.0	84.0	38.0
1392938875790	2416.0	114.0	84.0	38.0
1392938875798	2416.0	115.0	84.0	38.0
1392938875811	2416.0	114.0	84.0	38.0
1392938875818	2416.0	114.0	84.0	39.0
1392938875828	2416.0	113.0	84.0	39.0
1392938875839	2416.0	114.0	84.0	39.0
1392938875848	2416.0	114.0	84.0	40.0
1392938875859	2416.0	113.0	84.0	40.0
1392938875868	2416.0	113.0	84.0	40.0
1392938875878	2416.0	113.0	84.0	40.0
1392938875889	2416.0	113.0	84.0	40.0
1392938875897	2416.0	113.0	84.0	41.0
1392938875908	2416.0	113.0	84.0	41.0
1392938875917	2415.0	112.0	84.0	41.0
1392938875927	2415.0	112.0	84.0	41.0
1392938875939	2415.0	112.0	84.0	41.0
1392938875947	2415.0	112.0	84.0	41.0
1392938875959	2415.0	112.0	84.0	41.0
1392938875967	2415.0	112.0	84.0	41.0
1392938875977	2415.0	112.0	84.0	42.0
1392938875989	2414.0	112.0	84.0	42.0
1392938875998	2414.0	111.0	84.0	42.0
1392938876010	2414.0	111.0	84.0	42.0
1392938876017	2414.0	111.0	84.0	42.0
1392938876028	2412.0	111.0	84.0	42.0
1392938876040	2412.0	111.0	83.0	42.0
1392938876049	2412.0	111.0	83.0	42.0
1392938876057	2414.0	111.0	83.0	42.0
1392938876067	2414.0	111.0	83.0	42.0
1392938876078	2414.0	110.0	83.0	42.0
1392938876090	2414.0	111.0	83.0	42.0
1392938876097	2414.0	111.0	83.0	42.0
1392938876109	2414.0	110.0	83.0	42.0
1392938876117	2414.0	110.0	83.0	42.0
1392938876127	2415.0	110.0	83.0	42.0
1392938876142	2415.0	110.0	83.0	42.0
1392938876147	2415.0	110.0	83.0	42.0
1392938876158	2415.0	110.0	83.0	42.0
1392938876168	2416.0	110.0	83.0	42.0
1392938876177	2416.0	141.0	65.0	90.0
1392938876191	2416.0	110.0	83.0	42.0
1392938876208	2414.0	110.0	83.0	43.0
1392938876217	2414.0	110.0	83.0	43.0
1392938876230	2414.0	110.0	83.0	43.0
1392938876238	2416.0	110.0	83.0	43.0
1392938876247	2416.0	111.0	83.0	43.0
1392938876258	2416.0	110.0	83.0	43.0
1392938876267	2416.0	110.0	83.0	43.0
1392938876278	2418.0	110.0	83.0	43.0
1392938876293	2418.0	110.0	83.0	43.0
1392938876297	2418.0	110.0	83.0	44.0
1392938876308	2417.0	109.0	83.0	44.0
1392938876319	2417.0	109.0	83.0	44.0
1392938876328	2417.0	109.0	83.0	44.0
1392938876338	2417.0	109.0	83.0	44.0
1392938876348	2416.0	109.0	83.0	44.0
1392938876358	2416.0	109.0	83.0	44.0
1392938876369	2416.0	108.0	83.0	44.0
1392938876378	2416.0	108.0	83.0	45.0
1392938876389	2417.0	108.0	83.0	45.0
1392938876398	2417.0	108.0	83.0	44.0
1392938876408	2417.0	109.0	83.0	44.0
1392938876421	2417.0	109.0	83.0	44.0
1392938876427	2417.0	109.0	83.0	44.0
1392938876438	2417.0	109.0	83.0	44.0
1392938876447	2417.0	109.0	83.0	43.0
1392938876458	2419.0	109.0	83.0	43.0
1392938876471	2419.0	110.0	83.0	42.0
1392938876478	2419.0	111.0	84.0	41.0
1392938876488	2424.0	113.0	84.0	39.0
1392938876498	2424.0	114.0	84.0	37.0
1392938876508	2424.0	116.0	85.0	35.0
1392938876520	2424.0	118.0	85.0	32.0
1392938876528	2430.0	121.0	85.0	29.0
1392938876538	2430.0	124.0	85.0	25.0
1392938876549	2430.0	128.0	85.0	22.0
1392938876558	2430.0	132.0	85.0	17.0
1392938876570	2436.0	136.0	85.0	13.0
1392938876578	2436.0	140.0	85.0	10.0
1392938876589	2436.0	143.0	85.0	6.0
1392938876600	2443.0	146.0	85.0	3.0
1392938876609	2443.0	150.0	85.0	1.0
1392938876625	2443.0	154.0	85.0	5.0
1392938876629	2443.0	159.0	85.0	11.0
1392938876638	2440.0	165.0	85.0	17.0
1392938876653	2440.0	171.0	85.0	22.0
1392938876659	2440.0	177.0	85.0	28.0
1392938876670	2434.0	178.0	85.0	32.0
1392938876678	2434.0	174.0	85.0	37.0
1392938876689	2434.0	171.0	84.0	40.0
1392938876699	2434.0	167.0	84.0	43.0
1392938876709	2430.0	165.0	84.0	45.0
1392938876721	2430.0	165.0	84.0	46.0
1392938876729	2430.0	165.0	84.0	45.0
1392938876740	2437.0	167.0	85.0	43.0
1392938876755	2437.0	170.0	85.0	40.0
1392938876759	2437.0	173.0	85.0	37.0
1392938876770	2437.0	176.0	85.0	33.0
1392938876779	2436.0	180.0	85.0	28.0
1392938876789	2436.0	175.0	85.0	23.0
1392938876802	2436.0	171.0	85.0	18.0
1392938876809	2436.0	167.0	85.0	13.0
1392938876819	2433.0	163.0	85.0	9.0
1392938876829	2433.0	159.0	85.0	5.0
1392938876839	2433.0	154.0	84.0	0.0
1392938876854	2423.0	150.0	84.0	4.0
1392938876859	2423.0	146.0	84.0	8.0
1392938876874	2423.0	143.0	84.0	11.0
1392938876879	2423.0	140.0	85.0	14.0
1392938876890	2413.0	137.0	85.0	17.0
1392938876902	2413.0	134.0	85.0	20.0
1392938876909	2413.0	130.0	85.0	24.0
1392938876919	2401.0	130.0	85.0	24.0
1392938876928	2401.0	125.0	85.0	30.0
1392938876938	2401.0	122.0	85.0	33.0
1392938876951	2401.0	118.0	85.0	36.0
1392938876958	2404.0	115.0	85.0	39.0
1392938876968	2404.0	113.0	85.0	42.0
1392938876978	2404.0	111.0	85.0	43.0
1392938876988	2404.0	111.0	86.0	43.0
1392938877001	2417.0	113.0	86.0	41.0
1392938877009	2417.0	116.0	86.0	37.0
1392938877019	2417.0	120.0	87.0	32.0
1392938877028	2430.0	126.0	87.0	26.0
1392938877039	2430.0	131.0	87.0	21.0
1392938877049	2430.0	135.0	87.0	16.0
1392938877058	2430.0	140.0	87.0	12.0
1392938877069	2445.0	146.0	88.0	5.0
1392938877079	2445.0	157.0	88.0	6.0
1392938877088	2445.0	170.0	88.0	19.0
1392938877100	2445.0	178.0	87.0	32.0
1392938877108	2438.0	168.0	87.0	42.0
1392938877119	2438.0	160.0	86.0	49.0
1392938877130	2438.0	153.0	86.0	54.0
1392938877138	2429.0	148.0	85.0	58.0
1392938877150	2429.0	143.0	85.0	62.0
1392938877159	2429.0	139.0	84.0	64.0
1392938877168	2429.0	137.0	84.0	67.0
1392938877179	2424.0	136.0	83.0	68.0
1392938877189	2424.0	135.0	83.0	69.0
1392938877200	2424.0	134.0	83.0	70.0
1392938877208	2431.0	136.0	84.0	69.0
1392938877219	2431.0	139.0	84.0	67.0
1392938877229	2431.0	142.0	84.0	64.0
1392938877238	2431.0	148.0	85.0	59.0
1392938877250	2449.0	155.0	86.0	52.0
1392938877258	2449.0	167.0	86.0	42.0
1392938877269	2449.0	180.0	87.0	29.0
1392938877282	2450.0	168.0	87.0	16.0
1392938877289	2450.0	154.0	87.0	3.0
1392938877299	2450.0	145.0	87.0	8.0
1392938877309	2450.0	135.0	86.0	17.0
1392938877319	2440.0	128.0	86.0	24.0
1392938877331	2440.0	121.0	86.0	31.0
1392938877339	2440.0	113.0	86.0	39.0
1392938877349	2440.0	107.0	85.0	46.0
1392938877359	2429.0	100.0	85.0	53.0
1392938877369	2429.0	95.0	85.0	59.0
1392938877381	2429.0	93.0	84.0	62.0
1392938877389	2419.0	90.0	84.0	64.0
1392938877402	2419.0	90.0	83.0	65.0
1392938877409	2419.0	89.0	83.0	66.0
1392938877419	2419.0	88.0	83.0	67.0
1392938877431	2416.0	87.0	83.0	69.0
1392938877439	2416.0	86.0	83.0	70.0
1392938877449	2416.0	86.0	83.0	70.0
1392938877459	2418.0	86.0	83.0	70.0
1392938877469	2418.0	87.0	83.0	68.0
1392938877482	2418.0	89.0	83.0	66.0
1392938877489	2418.0	91.0	83.0	64.0
1392938877499	2422.0	93.0	84.0	61.0
1392938877509	2422.0	95.0	84.0	59.0
1392938877519	2422.0	97.0	85.0	55.0
1392938877530	2422.0	101.0	85.0	51.0
1392938877539	2420.0	108.0	86.0	44.0
1392938877550	2420.0	115.0	86.0	37.0
1392938877559	2420.0	124.0	86.0	28.0
1392938877569	2417.0	133.0	86.0	19.0
1392938877580	2417.0	143.0	86.0	10.0
1392938877589	2417.0	152.0	86.0	1.0
1392938877600	2417.0	162.0	86.0	8.0
1392938877610	2414.0	170.0	86.0	17.0
1392938877619	2414.0	177.0	86.0	24.0
1392938877635	2414.0	176.0	86.0	30.0
1392938877639	2423.0	171.0	86.0	36.0
1392938877650	2423.0	166.0	86.0	40.0
1392938877664	2423.0	162.0	86.0	44.0
1392938877670	2423.0	160.0	86.0	47.0
1392938877679	2429.0	158.0	86.0	48.0
1392938877689	2429.0	158.0	87.0	47.0
1392938877700	2429.0	160.0	87.0	45.0
1392938877712	2429.0	165.0	87.0	41.0
1392938877719	2440.0	172.0	87.0	33.0
1392938877729	2440.0	179.0	87.0	26.0
1392938877739	2440.0	175.0	87.0	19.0
1392938877750	2449.0	171.0	87.0	15.0
1392938877764	2449.0	171.0	86.0	14.0
1392938877769	2449.0	171.0	86.0	15.0
1392938877779	2449.0	173.0	86.0	17.0
1392938877790	2451.0	175.0	87.0	19.0
1392938877800	2451.0	176.0	86.0	21.0
1392938877813	2451.0	176.0	86.0	23.0
1392938877819	2451.0	176.0	86.0	24.0
1392938877830	2451.0	178.0	86.0	26.0
1392938877840	2451.0	180.0	85.0	29.0
1392938877850	2451.0	176.0	85.0	34.0
1392938877861	2446.0	172.0	85.0	38.0
1392938877869	2446.0	169.0	85.0	42.0
1392938877879	2446.0	167.0	85.0	44.0
1392938877889	2446.0	165.0	85.0	46.0
1392938877900	2440.0	164.0	85.0	47.0
1392938877911	2440.0	164.0	85.0	47.0
1392938877919	2440.0	166.0	85.0	45.0
1392938877929	2426.0	169.0	85.0	42.0
1392938877939	2426.0	174.0	85.0	38.0
1392938877950	2426.0	179.0	85.0	32.0
1392938877960	2426.0	176.0	85.0	26.0
1392938877969	2414.0	170.0	85.0	20.0
1392938877979	2414.0	163.0	85.0	13.0
1392938877989	2414.0	157.0	85.0	6.0
1392938878000	2401.0	150.0	85.0	1.0
1392938878010	2401.0	145.0	86.0	7.0
1392938878019	2401.0	143.0	86.0	9.0
1392938878030	2401.0	144.0	86.0	8.0
1392938878040	2374.0	149.0	86.0	3.0
1392938878050	2374.0	154.0	86.0	3.0
1392938878060	2374.0	158.0	86.0	6.0
1392938878069	2374.0	159.0	86.0	6.0
1392938878080	2367.0	157.0	86.0	4.0
1392938878093	2367.0	153.0	85.0	0.0
1392938878103	2367.0	148.0	85.0	5.0
1392938878114	2390.0	143.0	85.0	11.0
1392938878120	2390.0	136.0	85.0	17.0
1392938878134	2390.0	131.0	84.0	23.0
1392938878263	2390.0	126.0	84.0	28.0
1392938878265	2414.0	121.0	84.0	32.0
1392938878267	2414.0	117.0	83.0	36.0
1392938878269	2414.0	114.0	83.0	40.0
1392938878270	2432.0	109.0	83.0	43.0
1392938878272	2432.0	105.0	83.0	47.0
1392938878273	2432.0	104.0	83.0	48.0
1392938878274	2432.0	104.0	83.0	48.0
1392938878276	2435.0	104.0	83.0	48.0
1392938878277	2435.0	102.0	83.0	48.0
1392938878278	2435.0	102.0	84.0	49.0
1392938878280	2435.0	102.0	84.0	50.0
1392938878281	2431.0	100.0	85.0	50.0
1392938878282	2431.0	100.0	85.0	50.0
1392938878292	2431.0	103.0	85.0	47.0
1392938878293	2429.0	107.0	85.0	43.0
1392938878299	2429.0	111.0	85.0	38.0
1392938878309	2429.0	116.0	84.0	33.0
1392938878319	2429.0	121.0	84.0	28.0
1392938878330	2425.0	125.0	84.0	23.0
1392938878341	2425.0	129.0	84.0	19.0
1392938878349	2425.0	133.0	84.0	15.0
1392938878360	2437.0	136.0	84.0	11.0
1392938878370	2437.0	139.0	84.0	8.0
1392938878380	2437.0	142.0	84.0	5.0
1392938878391	2437.0	146.0	84.0	1.0
1392938878400	2445.0	151.0	84.0	4.0
1392938878410	2445.0	156.0	84.0	10.0
1392938878420	2445.0	163.0	84.0	17.0
1392938878430	2445.0	169.0	84.0	23.0
1392938878440	2444.0	175.0	84.0	29.0
1392938878451	2444.0	178.0	83.0	35.0
1392938878460	2444.0	173.0	83.0	40.0
1392938878470	2436.0	168.0	83.0	44.0
1392938878480	2436.0	164.0	82.0	47.0
1392938878491	2436.0	161.0	82.0	50.0
1392938878500	2436.0	159.0	82.0	52.0
1392938878510	2436.0	159.0	82.0	53.0
1392938878520	2436.0	157.0	82.0	53.0
1392938878530	2436.0	159.0	82.0	52.0
1392938878540	2439.0	159.0	82.0	50.0
1392938878564	2439.0	166.0	82.0	44.0
1392938878571	2439.0	166.0	82.0	44.0
1392938878573	2439.0	169.0	82.0	41.0
1392938878581	2439.0	172.0	82.0	38.0
1392938878593	2439.0	174.0	82.0	35.0
1392938878600	2439.0	177.0	82.0	32.0
1392938878610	2439.0	179.0	83.0	28.0
1392938878628	2442.0	176.0	83.0	23.0
1392938878631	2442.0	170.0	83.0	16.0
1392938878640	2442.0	161.0	84.0	8.0
1392938878650	2441.0	151.0	84.0	1.0
1392938878662	2441.0	142.0	84.0	10.0
1392938878677	2441.0	136.0	84.0	16.0
1392938878682	2441.0	129.0	85.0	23.0
1392938878695	2439.0	120.0	85.0	30.0
1392938878702	2439.0	108.0	85.0	40.0
1392938878710	2439.0	100.0	85.0	50.0
1392938878723	2431.0	90.0	84.0	58.0
1392938878730	2431.0	84.0	84.0	63.0
1392938878740	2431.0	82.0	83.0	66.0
1392938878752	2431.0	81.0	82.0	67.0
1392938878760	2425.0	80.0	81.0	68.0
1392938878780	2425.0	81.0	81.0	68.0
1392938878793	2425.0	84.0	81.0	67.0
1392938878802	2422.0	85.0	81.0	66.0
1392938878816	2422.0	87.0	81.0	64.0
1392938878820	2422.0	88.0	81.0	62.0
1392938878831	2426.0	91.0	82.0	60.0
1392938878840	2426.0	93.0	83.0	58.0
1392938878851	2426.0	95.0	83.0	55.0
1392938878860	2426.0	99.0	84.0	51.0
1392938878871	2425.0	104.0	85.0	45.0
1392938878880	2425.0	112.0	85.0	38.0
1392938878890	2425.0	120.0	86.0	29.0
1392938878902	2422.0	131.0	86.0	20.0
1392938878911	2422.0	140.0	86.0	10.0
1392938878921	2422.0	150.0	87.0	0.0
1392938878931	2422.0	160.0	87.0	9.0
1392938878945	2420.0	169.0	87.0	18.0
1392938878953	2420.0	178.0	87.0	27.0
1392938878961	2420.0	171.0	87.0	36.0
1392938878971	2422.0	163.0	87.0	43.0
1392938878980	2422.0	158.0	87.0	48.0
1392938878991	2422.0	157.0	87.0	49.0
1392938879005	2422.0	159.0	86.0	47.0
1392938879011	2427.0	162.0	86.0	44.0
1392938879022	2427.0	165.0	86.0	41.0
1392938879032	2427.0	170.0	86.0	37.0
1392938879041	2427.0	175.0	86.0	33.0
1392938879055	2441.0	178.0	86.0	29.0
1392938879060	2441.0	175.0	87.0	23.0
1392938879071	2441.0	168.0	87.0	16.0
1392938879080	2451.0	158.0	87.0	7.0
1392938879094	2451.0	147.0	87.0	3.0
1392938879104	2451.0	137.0	87.0	14.0
1392938879111	2451.0	126.0	87.0	24.0
1392938879129	2456.0	118.0	87.0	32.0
1392938879130	2456.0	111.0	87.0	39.0
1392938879140	2456.0	105.0	86.0	44.0
1392938879154	2450.0	100.0	86.0	49.0
1392938879160	2450.0	95.0	85.0	53.0
1392938879171	2450.0	91.0	85.0	58.0
1392938879180	2450.0	86.0	84.0	62.0
1392938879191	2443.0	82.0	84.0	65.0
1392938879205	2443.0	81.0	83.0	67.0
1392938879211	2443.0	81.0	82.0	68.0
1392938879224	2443.0	82.0	82.0	67.0
1392938879231	2427.0	83.0	82.0	66.0
1392938879242	2427.0	85.0	81.0	65.0
1392938879255	2427.0	86.0	81.0	65.0
1392938879261	2421.0	86.0	81.0	65.0
1392938879271	2421.0	86.0	81.0	66.0
1392938879280	2421.0	85.0	81.0	67.0
1392938879291	2421.0	84.0	82.0	68.0
1392938879303	2420.0	83.0	82.0	68.0
1392938879311	2420.0	83.0	83.0	67.0
1392938879321	2420.0	85.0	84.0	65.0
1392938879331	2416.0	90.0	84.0	61.0
1392938879341	2416.0	96.0	85.0	54.0
1392938879353	2416.0	106.0	85.0	46.0
1392938879361	2416.0	116.0	86.0	35.0
1392938879371	2412.0	129.0	86.0	24.0
1392938879385	2412.0	139.0	86.0	14.0
1392938879391	2412.0	148.0	86.0	5.0
1392938879402	2412.0	156.0	85.0	1.0
1392938879421	2413.0	166.0	85.0	10.0
1392938879441	2413.0	169.0	85.0	15.0
1392938879443	2414.0	174.0	85.0	19.0
1392938879451	2414.0	178.0	85.0	24.0
1392938879461	2414.0	173.0	85.0	30.0
1392938879472	2414.0	166.0	85.0	36.0
1392938879484	2406.0	163.0	85.0	41.0
1392938879491	2406.0	160.0	84.0	43.0
1392938879506	2406.0	157.0	84.0	45.0
1392938879510	2398.0	157.0	83.0	46.0
1392938879521	2398.0	156.0	83.0	46.0
1392938879533	2398.0	156.0	83.0	46.0
1392938879540	2398.0	158.0	83.0	46.0
1392938879551	2399.0	158.0	83.0	47.0
1392938879561	2399.0	107.0	85.0	58.0
1392938879571	2399.0	106.0	84.0	60.0
1392938879583	2399.0	106.0	84.0	60.0
1392938879591	2405.0	146.0	83.0	17.0
1392938879601	2405.0	167.0	75.0	5.0
1392938879611	2405.0	168.0	62.0	5.0
1392938879621	2409.0	166.0	52.0	3.0
1392938879640	2409.0	165.0	45.0	1.0
1392938879641	2409.0	164.0	44.0	1.0
1392938879651	2409.0	165.0	47.0	3.0
1392938879660	2421.0	168.0	52.0	9.0
1392938879671	2421.0	172.0	56.0	17.0
1392938879681	2421.0	175.0	58.0	23.0
1392938879690	2422.0	176.0	59.0	25.0
1392938879702	2422.0	175.0	61.0	25.0
1392938879712	2422.0	175.0	64.0	24.0
1392938879722	2422.0	173.0	66.0	24.0
1392938879731	2412.0	173.0	70.0	24.0
1392938879741	2412.0	174.0	73.0	27.0
1392938879751	2412.0	175.0	77.0	30.0
1392938879767	2412.0	176.0	79.0	32.0
1392938879772	2407.0	171.0	81.0	29.0
1392938879783	2407.0	162.0	82.0	19.0
1392938879792	2407.0	147.0	83.0	4.0
1392938879801	2392.0	134.0	82.0	10.0
1392938879815	2392.0	125.0	81.0	19.0
1392938879821	2392.0	119.0	81.0	27.0
1392938879832	2392.0	113.0	81.0	33.0
1392938879841	2378.0	106.0	80.0	40.0
1392938879852	2378.0	103.0	79.0	45.0
1392938879864	2378.0	101.0	78.0	49.0
1392938879872	2370.0	99.0	78.0	52.0
1392938879882	2370.0	101.0	77.0	53.0
1392938879891	2370.0	102.0	77.0	53.0
1392938879901	2370.0	103.0	76.0	52.0
1392938879915	2367.0	105.0	76.0	51.0
1392938879921	2367.0	107.0	75.0	49.0
1392938879933	2367.0	109.0	75.0	49.0
1392938879952	2370.0	113.0	74.0	47.0
1392938879965	2370.0	118.0	74.0	45.0
1392938879971	2370.0	122.0	74.0	42.0
1392938879981	2371.0	126.0	74.0	39.0
1392938879991	2371.0	129.0	75.0	36.0
1392938880003	2371.0	132.0	75.0	34.0
1392938880013	2371.0	136.0	74.0	32.0
1392938880022	2372.0	138.0	74.0	30.0
1392938880033	2372.0	141.0	74.0	28.0
1392938880041	2372.0	144.0	73.0	26.0
1392938880051	2374.0	147.0	72.0	24.0
1392938880063	2374.0	149.0	72.0	22.0
1392938880071	2374.0	151.0	71.0	21.0
1392938880082	2374.0	155.0	70.0	19.0
1392938880092	2386.0	157.0	71.0	16.0
1392938880101	2386.0	162.0	73.0	11.0
1392938880113	2386.0	168.0	76.0	2.0
1392938880121	2386.0	177.0	77.0	12.0
1392938880133	2389.0	172.0	77.0	26.0
1392938880141	2389.0	167.0	74.0	33.0
1392938880151	2389.0	168.0	69.0	34.0
1392938880162	2371.0	170.0	63.0	31.0
1392938880171	2371.0	175.0	58.0	27.0
1392938880182	2371.0	177.0	54.0	24.0
1392938880198	2371.0	176.0	51.0	24.0
1392938880201	2365.0	175.0	51.0	28.0
1392938880214	2365.0	172.0	51.0	33.0
1392938880222	2365.0	170.0	52.0	37.0
1392938880231	2373.0	168.0	54.0	40.0
1392938880246	2373.0	166.0	59.0	42.0
1392938880251	2373.0	162.0	64.0	46.0
1392938880261	2373.0	157.0	68.0	54.0
1392938880271	2375.0	153.0	70.0	60.0
1392938880281	2375.0	156.0	70.0	59.0
1392938880297	2375.0	163.0	69.0	50.0
1392938880302	2375.0	174.0	67.0	39.0
1392938880317	2378.0	179.0	66.0	29.0
1392938880322	2378.0	171.0	66.0	21.0
1392938880334	2378.0	167.0	68.0	16.0
1392938880351	2385.0	163.0	70.0	14.0
1392938880352	2385.0	161.0	72.0	14.0
1392938880363	2385.0	159.0	74.0	12.0
1392938880372	2385.0	154.0	75.0	9.0
1392938880382	2381.0	149.0	76.0	3.0
1392938880395	2381.0	144.0	76.0	3.0
1392938880401	2381.0	138.0	77.0	9.0
1392938880422	2374.0	133.0	77.0	15.0
1392938880424	2374.0	127.0	77.0	20.0
1392938880432	2374.0	120.0	77.0	27.0
1392938880442	2374.0	112.0	77.0	35.0
1392938880451	2377.0	105.0	78.0	43.0
1392938880463	2377.0	99.0	78.0	49.0
1392938880472	2377.0	94.0	78.0	54.0
1392938880482	2377.0	90.0	78.0	58.0
1392938880492	2384.0	89.0	78.0	60.0
1392938880501	2384.0	87.0	78.0	62.0
1392938880512	2384.0	86.0	78.0	63.0
1392938880521	2392.0	87.0	78.0	63.0
1392938880531	2392.0	87.0	78.0	62.0
1392938880543	2392.0	89.0	78.0	60.0
1392938880553	2392.0	92.0	78.0	57.0
1392938880562	2405.0	95.0	78.0	54.0
1392938880572	2405.0	97.0	78.0	53.0
1392938880582	2405.0	98.0	78.0	52.0
1392938880597	2424.0	99.0	77.0	51.0
1392938880602	2424.0	101.0	77.0	49.0
1392938880613	2424.0	103.0	77.0	48.0
1392938880633	2424.0	41.0	77.0	32.0
1392938880635	2447.0	106.0	76.0	45.0
1392938880643	2447.0	108.0	76.0	44.0
1392938880652	2447.0	110.0	76.0	42.0
1392938880662	2456.0	112.0	75.0	42.0
1392938880675	2456.0	114.0	75.0	40.0
1392938880682	2456.0	116.0	76.0	39.0
1392938880692	2456.0	120.0	76.0	36.0
1392938880702	2452.0	122.0	77.0	33.0
1392938880716	2452.0	125.0	77.0	30.0
1392938880726	2452.0	128.0	78.0	27.0
1392938880734	2452.0	133.0	78.0	24.0
1392938880743	2448.0	136.0	80.0	20.0
1392938880752	2448.0	140.0	81.0	15.0
1392938880762	2448.0	142.0	81.0	14.0
1392938880775	2451.0	142.0	81.0	14.0
1392938880782	2451.0	141.0	81.0	15.0
1392938880793	2451.0	141.0	81.0	16.0
1392938880802	2451.0	136.0	76.0	25.0
1392938880814	2448.0	137.0	71.0	26.0
1392938880825	2448.0	143.0	63.0	23.0
1392938880832	2448.0	147.0	54.0	20.0
1392938880842	2448.0	150.0	47.0	17.0
1392938880853	2448.0	151.0	44.0	15.0
1392938880863	2448.0	150.0	46.0	16.0
1392938880875	2448.0	148.0	52.0	17.0
1392938880882	2460.0	145.0	60.0	18.0
1392938880893	2460.0	143.0	70.0	17.0
1392938880902	2460.0	145.0	77.0	10.0
1392938880913	2460.0	158.0	82.0	9.0
1392938880925	2463.0	176.0	82.0	28.0
1392938880932	2463.0	180.0	81.0	33.0
1392938880943	2463.0	177.0	81.0	30.0
1392938880952	2452.0	172.0	81.0	25.0
1392938880969	2452.0	167.0	81.0	21.0
1392938880974	2452.0	163.0	82.0	16.0
1392938880982	2452.0	158.0	82.0	11.0
1392938880998	2452.0	152.0	83.0	4.0
1392938881002	2452.0	140.0	83.0	6.0
1392938881012	2452.0	127.0	84.0	19.0
1392938881023	2457.0	112.0	85.0	32.0
1392938881032	2457.0	99.0	85.0	43.0
1392938881042	2457.0	92.0	85.0	49.0
1392938881052	2457.0	90.0	85.0	53.0
1392938881063	2456.0	86.0	84.0	58.0
1392938881073	2456.0	81.0	83.0	64.0
1392938881082	2456.0	75.0	83.0	70.0
1392938881093	2456.0	72.0	82.0	75.0
1392938881105	2451.0	69.0	82.0	80.0
1392938881112	2451.0	64.0	81.0	85.0
1392938881123	2451.0	62.0	81.0	89.0
1392938881132	2449.0	58.0	81.0	91.0
1392938881142	2449.0	58.0	80.0	92.0
1392938881158	2449.0	59.0	80.0	92.0
1392938881162	2449.0	61.0	80.0	90.0
1392938881175	2442.0	65.0	79.0	86.0
1392938881188	2442.0	69.0	78.0	82.0
1392938881203	2442.0	136.0	78.0	78.0
1392938881204	2439.0	78.0	77.0	74.0
1392938881213	2439.0	83.0	76.0	71.0
1392938881227	2439.0	86.0	75.0	68.0
1392938881326	2439.0	90.0	75.0	65.0
1392938881335	2435.0	94.0	75.0	61.0
1392938881337	2435.0	97.0	75.0	58.0
1392938881338	2435.0	99.0	76.0	56.0
1392938881339	2435.0	100.0	76.0	55.0
1392938881342	2431.0	102.0	76.0	52.0
1392938881344	2431.0	105.0	77.0	49.0
1392938881346	2431.0	109.0	77.0	43.0
1392938881347	2429.0	114.0	78.0	37.0
1392938881349	2429.0	120.0	77.0	31.0
1392938881353	2429.0	124.0	77.0	26.0
1392938881355	2428.0	124.0	78.0	25.0
1392938881363	2428.0	123.0	78.0	25.0
1392938881378	2428.0	124.0	79.0	24.0
1392938881383	2432.0	126.0	79.0	22.0
1392938881393	2432.0	128.0	79.0	19.0
1392938881406	2432.0	129.0	79.0	18.0
1392938881413	2432.0	128.0	79.0	19.0
1392938881423	2431.0	127.0	79.0	20.0
1392938881433	2431.0	125.0	79.0	22.0
1392938881443	2431.0	123.0	80.0	24.0
1392938881453	2431.0	120.0	80.0	26.0
1392938881464	2432.0	117.0	81.0	29.0
1392938881473	2432.0	114.0	81.0	31.0
1392938881488	2432.0	111.0	81.0	35.0
1392938881493	2426.0	108.0	81.0	38.0
1392938881506	2426.0	105.0	81.0	41.0
1392938881513	2426.0	103.0	81.0	43.0
1392938881524	2426.0	102.0	81.0	44.0
1392938881535	2415.0	103.0	80.0	45.0
1392938881543	2415.0	103.0	80.0	44.0
1392938881556	2415.0	105.0	79.0	43.0
1392938881564	2399.0	106.0	79.0	42.0
1392938881574	2399.0	108.0	78.0	40.0
1392938881589	2399.0	109.0	77.0	39.0
1392938881593	2399.0	110.0	77.0	37.0
1392938881605	2385.0	112.0	76.0	36.0
1392938881613	2385.0	112.0	76.0	36.0
1392938881625	2385.0	112.0	76.0	35.0
1392938881648	2385.0	113.0	76.0	35.0
1392938881652	2369.0	27.0	54.0	52.0
1392938881654	2369.0	115.0	75.0	31.0
1392938881663	2369.0	117.0	75.0	29.0
1392938881673	2350.0	119.0	75.0	27.0
1392938881684	2350.0	122.0	74.0	25.0
1392938881693	2350.0	123.0	74.0	23.0
1392938881704	2350.0	125.0	73.0	22.0
1392938881714	2327.0	126.0	73.0	20.0
1392938881724	2327.0	127.0	72.0	19.0
1392938881733	2327.0	128.0	72.0	18.0
1392938881743	2306.0	129.0	71.0	17.0
1392938881754	2306.0	130.0	71.0	16.0
1392938881764	2306.0	131.0	71.0	16.0
1392938881775	2306.0	131.0	70.0	15.0
1392938881784	2285.0	132.0	70.0	14.0
1392938881793	2285.0	133.0	70.0	12.0
1392938881805	2285.0	134.0	69.0	11.0
1392938881816	2285.0	135.0	69.0	10.0
1392938881824	2257.0	136.0	68.0	10.0
1392938881834	2257.0	136.0	68.0	9.0
1392938881843	2257.0	136.0	69.0	9.0
1392938881853	2231.0	135.0	69.0	9.0
1392938881863	2231.0	134.0	68.0	8.0
1392938881873	2231.0	136.0	67.0	8.0
1392938881884	2231.0	137.0	66.0	7.0
1392938881893	2191.0	137.0	65.0	6.0
1392938881905	2191.0	138.0	64.0	6.0
1392938881922	2191.0	139.0	64.0	5.0
1392938881929	2157.0	137.0	63.0	6.0
1392938881934	2157.0	137.0	63.0	6.0
1392938881943	2157.0	137.0	63.0	6.0
1392938881954	2157.0	137.0	63.0	6.0
1392938881967	2126.0	137.0	62.0	6.0
1392938881973	2126.0	137.0	62.0	6.0
1392938881984	2126.0	137.0	61.0	5.0
1392938881994	2126.0	137.0	60.0	5.0
1392938882009	2090.0	137.0	60.0	4.0
1392938882017	2090.0	138.0	59.0	4.0
1392938882024	2090.0	139.0	59.0	3.0
1392938882034	2064.0	139.0	58.0	3.0
1392938882054	2064.0	140.0	58.0	3.0
1392938882065	2064.0	139.0	58.0	2.0
1392938882073	2046.0	139.0	58.0	3.0
1392938882083	2046.0	139.0	58.0	3.0
1392938882093	2046.0	139.0	58.0	4.0
1392938882103	2032.0	139.0	58.0	4.0
1392938882115	2032.0	138.0	58.0	5.0
1392938882123	2032.0	138.0	58.0	5.0
1392938882134	2032.0	138.0	58.0	6.0
1392938882144	2003.0	138.0	57.0	6.0
1392938882154	2003.0	137.0	57.0	7.0
1392938882165	2003.0	138.0	56.0	7.0
1392938882174	1959.0	161.0	56.0	7.0
1392938882194	1959.0	139.0	55.0	8.0
1392938882204	1959.0	139.0	54.0	8.0
1392938882214	1921.0	139.0	54.0	8.0
1392938882224	1921.0	139.0	53.0	8.0
1392938882234	1921.0	139.0	53.0	8.0
1392938882248	1921.0	140.0	52.0	8.0
1392938882254	1885.0	140.0	52.0	8.0
1392938882264	1885.0	140.0	51.0	8.0
1392938882274	1885.0	140.0	51.0	8.0
1392938882284	1861.0	140.0	51.0	8.0
1392938882298	1861.0	140.0	50.0	8.0
1392938882304	1861.0	140.0	50.0	8.0
1392938882316	1861.0	141.0	50.0	7.0
1392938882324	1841.0	141.0	49.0	7.0
1392938882334	1841.0	141.0	49.0	7.0
1392938882350	1841.0	142.0	49.0	7.0
1392938882356	1825.0	141.0	48.0	7.0
1392938882365	1825.0	141.0	48.0	7.0
1392938882374	1825.0	141.0	48.0	6.0
1392938882384	1825.0	141.0	48.0	6.0
1392938882395	1809.0	141.0	48.0	6.0
1392938882404	1809.0	141.0	48.0	6.0
1392938882414	1809.0	141.0	47.0	6.0
1392938882423	1809.0	141.0	47.0	5.0
1392938882434	1788.0	142.0	46.0	5.0
1392938882446	1788.0	142.0	46.0	5.0
1392938882453	1788.0	142.0	46.0	5.0
1392938882463	1774.0	142.0	46.0	5.0
1392938882475	1774.0	143.0	45.0	5.0
1392938882484	1774.0	166.0	72.0	90.0
1392938882495	1774.0	143.0	45.0	5.0
1392938882503	1760.0	143.0	44.0	5.0
1392938882514	1760.0	144.0	44.0	5.0
1392938882523	1760.0	144.0	44.0	5.0
1392938882534	1755.0	144.0	44.0	5.0
1392938882546	1755.0	144.0	44.0	4.0
1392938882553	1755.0	144.0	44.0	4.0
1392938882564	1755.0	143.0	44.0	4.0
1392938882573	1752.0	143.0	44.0	4.0
1392938882584	1752.0	143.0	44.0	4.0
1392938882595	1752.0	143.0	44.0	4.0
1392938882604	1752.0	143.0	44.0	3.0
1392938882614	1736.0	143.0	43.0	3.0
1392938882625	1736.0	143.0	43.0	3.0
1392938882643	1736.0	143.0	43.0	3.0
1392938882648	1715.0	143.0	42.0	3.0
1392938882655	1715.0	144.0	42.0	3.0
1392938882669	1715.0	144.0	42.0	3.0
1392938882674	1715.0	143.0	42.0	3.0
1392938882685	1699.0	143.0	41.0	3.0
1392938882705	1699.0	144.0	41.0	3.0
1392938882708	1699.0	143.0	41.0	3.0
1392938882714	1687.0	143.0	41.0	3.0
1392938882728	1687.0	144.0	41.0	3.0
1392938882737	1687.0	143.0	41.0	3.0
1392938882745	1687.0	144.0	41.0	3.0
1392938882754	1673.0	144.0	40.0	3.0
1392938882766	1673.0	144.0	40.0	3.0
1392938882777	1673.0	144.0	40.0	3.0
1392938882783	1673.0	144.0	40.0	3.0
1392938882794	1663.0	144.0	40.0	3.0
1392938882804	1663.0	144.0	40.0	3.0
1392938882814	1663.0	144.0	40.0	3.0
1392938882827	1657.0	144.0	39.0	3.0
1392938882844	1657.0	144.0	39.0	3.0
1392938882854	1657.0	143.0	39.0	3.0
1392938882865	1657.0	143.0	40.0	3.0
1392938882882	1657.0	144.0	40.0	3.0
1392938882884	1657.0	144.0	39.0	3.0
1392938882895	1648.0	144.0	39.0	3.0
1392938882904	1648.0	144.0	39.0	3.0
1392938882914	1648.0	143.0	39.0	3.0
1392938882926	1648.0	143.0	39.0	3.0
1392938882934	1638.0	143.0	39.0	3.0
1392938882945	1638.0	143.0	39.0	3.0
1392938882954	1638.0	144.0	39.0	3.0
1392938882964	1638.0	143.0	38.0	3.0
1392938882977	1629.0	143.0	38.0	3.0
1392938882984	1629.0	143.0	38.0	4.0
1392938882994	1629.0	144.0	38.0	4.0
1392938883004	1619.0	144.0	38.0	4.0
1392938883026	1619.0	144.0	37.0	4.0
1392938883034	1619.0	144.0	37.0	5.0
1392938883045	1616.0	144.0	37.0	5.0
1392938883054	1616.0	144.0	37.0	5.0
1392938883064	1616.0	144.0	37.0	5.0
1392938883076	1626.0	144.0	37.0	5.0
1392938883084	1626.0	143.0	37.0	5.0
1392938883095	1626.0	143.0	38.0	5.0
1392938883104	1626.0	142.0	39.0	5.0
1392938883114	1657.0	142.0	39.0	4.0
1392938883125	1657.0	142.0	40.0	4.0
1392938883135	1657.0	28.0	68.0	25.0
1392938883144	1657.0	141.0	41.0	3.0
1392938883154	1666.0	141.0	41.0	2.0
1392938883164	1666.0	141.0	41.0	2.0
1392938883175	1666.0	141.0	41.0	1.0
1392938883184	1655.0	142.0	40.0	0.0
1392938883195	1655.0	142.0	40.0	0.0
1392938883205	1655.0	144.0	40.0	1.0
1392938883214	1655.0	145.0	40.0	1.0
1392938883225	1664.0	146.0	40.0	2.0
1392938883234	1664.0	149.0	40.0	2.0
1392938883244	1664.0	150.0	40.0	3.0
1392938883257	1677.0	128.0	40.0	4.0
1392938883265	1677.0	152.0	40.0	4.0
1392938883275	1677.0	163.0	36.0	8.0
1392938883284	1677.0	163.0	34.0	7.0
1392938883294	1675.0	164.0	32.0	6.0
1392938883307	1675.0	164.0	30.0	4.0
1392938883315	1675.0	163.0	28.0	0.0
1392938883324	1675.0	162.0	26.0	4.0
1392938883334	1686.0	160.0	23.0	9.0
1392938883345	1686.0	160.0	19.0	14.0
1392938883356	1686.0	160.0	14.0	16.0
1392938883364	1696.0	160.0	8.0	17.0
1392938883375	1696.0	160.0	4.0	16.0
1392938883384	1696.0	159.0	2.0	13.0
1392938883395	1696.0	159.0	3.0	9.0
1392938883406	1718.0	159.0	7.0	6.0
1392938883414	1718.0	156.0	13.0	4.0
1392938883425	1718.0	154.0	20.0	2.0
1392938883436	1747.0	150.0	27.0	2.0
1392938883444	1747.0	147.0	33.0	4.0
1392938883456	1747.0	144.0	38.0	5.0
1392938883465	1747.0	140.0	41.0	6.0
1392938883475	1761.0	139.0	41.0	5.0
1392938883485	1761.0	140.0	42.0	4.0
1392938883500	1761.0	139.0	42.0	3.0
1392938883505	1761.0	138.0	42.0	2.0
1392938883515	1762.0	139.0	42.0	2.0
1392938883525	1762.0	138.0	42.0	1.0
1392938883535	1762.0	138.0	42.0	0.0
1392938883545	1780.0	137.0	43.0	0.0
1392938883562	1780.0	137.0	43.0	0.0
1392938883564	1780.0	131.0	48.0	12.0
1392938883575	1780.0	132.0	49.0	13.0
1392938883585	1790.0	132.0	48.0	14.0
1392938883595	1790.0	133.0	48.0	15.0
1392938883605	1790.0	134.0	48.0	14.0
1392938883615	1793.0	134.0	48.0	14.0
1392938883626	1793.0	135.0	47.0	13.0
1392938883638	1793.0	136.0	46.0	12.0
1392938883644	1793.0	137.0	45.0	11.0
1392938883655	1816.0	141.0	44.0	10.0
1392938883664	1816.0	144.0	44.0	9.0
1392938883675	1816.0	145.0	44.0	9.0
1392938883687	1816.0	148.0	45.0	8.0
1392938883694	1852.0	150.0	46.0	7.0
1392938883705	1852.0	155.0	46.0	6.0
1392938883715	1852.0	157.0	45.0	5.0
1392938883725	1856.0	159.0	43.0	4.0
1392938883737	1856.0	162.0	42.0	2.0
1392938883745	1856.0	160.0	40.0	0.0
1392938883755	1856.0	161.0	38.0	4.0
1392938883765	1860.0	160.0	36.0	7.0
1392938883775	1860.0	159.0	35.0	11.0
1392938883787	1860.0	160.0	33.0	14.0
1392938883796	1870.0	158.0	30.0	17.0
1392938883805	1870.0	158.0	25.0	18.0
1392938883815	1870.0	158.0	19.0	18.0
1392938883825	1870.0	154.0	36.0	159.0
1392938883837	1880.0	158.0	12.0	16.0
1392938883845	1880.0	157.0	13.0	15.0
1392938883855	1880.0	156.0	16.0	14.0
1392938883865	1880.0	156.0	20.0	13.0
1392938883875	1911.0	154.0	25.0	11.0
1392938883885	1911.0	152.0	29.0	10.0
1392938883895	1911.0	150.0	34.0	9.0
1392938883916	1934.0	147.0	42.0	8.0
1392938883926	1934.0	144.0	45.0	6.0
1392938883937	1934.0	142.0	47.0	5.0
1392938883945	1942.0	143.0	48.0	4.0
1392938883955	1942.0	142.0	48.0	4.0
1392938883966	1942.0	141.0	48.0	3.0
1392938883976	1937.0	141.0	48.0	3.0
1392938883986	1937.0	142.0	48.0	2.0
1392938883995	1937.0	142.0	48.0	2.0
1392938884005	1937.0	142.0	48.0	1.0
1392938884019	1924.0	132.0	57.0	11.0
1392938884025	1924.0	130.0	57.0	14.0
1392938884035	1924.0	130.0	57.0	16.0
1392938884045	1903.0	130.0	57.0	19.0
1392938884055	1903.0	130.0	57.0	20.0
1392938884068	1903.0	130.0	56.0	21.0
1392938884075	1903.0	133.0	55.0	22.0
1392938884086	1875.0	136.0	54.0	22.0
1392938884095	1875.0	139.0	53.0	21.0
1392938884111	1875.0	142.0	52.0	20.0
1392938884122	1875.0	145.0	51.0	19.0
1392938884126	1861.0	149.0	50.0	19.0
1392938884140	1861.0	151.0	49.0	18.0
1392938884146	1861.0	153.0	48.0	17.0
1392938884156	1861.0	154.0	46.0	16.0
1392938884167	1861.0	155.0	45.0	14.0
1392938884175	1861.0	156.0	44.0	13.0
1392938884185	1861.0	157.0	43.0	12.0
1392938884195	1879.0	158.0	42.0	10.0
1392938884206	1879.0	158.0	41.0	8.0
1392938884217	1879.0	159.0	39.0	5.0
1392938884225	1897.0	159.0	37.0	3.0
1392938884235	1897.0	160.0	34.0	0.0
1392938884245	1897.0	161.0	29.0	2.0
1392938884256	1897.0	161.0	24.0	3.0
1392938884268	1914.0	162.0	20.0	5.0
1392938884276	1914.0	162.0	17.0	6.0
1392938884286	1914.0	162.0	16.0	8.0
1392938884295	1914.0	162.0	17.0	10.0
1392938884305	1967.0	162.0	21.0	12.0
1392938884317	1967.0	162.0	26.0	15.0
1392938884325	1967.0	161.0	32.0	18.0
1392938884336	2023.0	161.0	38.0	21.0
1392938884346	2023.0	160.0	43.0	22.0
1392938884355	2023.0	158.0	47.0	23.0
1392938884367	2023.0	157.0	50.0	22.0
1392938884375	2046.0	154.0	52.0	20.0
1392938884385	2046.0	153.0	53.0	17.0
1392938884400	2046.0	152.0	54.0	14.0
1392938884405	2038.0	150.0	55.0	12.0
1392938884417	2038.0	150.0	56.0	10.0
1392938884425	2038.0	148.0	57.0	9.0
1392938884436	2038.0	147.0	58.0	7.0
1392938884450	2037.0	146.0	59.0	5.0
1392938884456	2037.0	144.0	60.0	3.0
1392938884467	2037.0	144.0	61.0	1.0
1392938884475	2037.0	143.0	61.0	1.0
1392938884486	2025.0	142.0	61.0	3.0
1392938884500	2025.0	141.0	62.0	5.0
1392938884506	2025.0	140.0	62.0	6.0
1392938884518	2013.0	139.0	62.0	7.0
1392938884525	2013.0	139.0	62.0	8.0
1392938884536	2013.0	142.0	62.0	8.0
1392938884550	2013.0	143.0	61.0	9.0
1392938884556	2002.0	145.0	60.0	8.0
1392938884573	2002.0	148.0	59.0	8.0
1392938884576	2002.0	149.0	57.0	7.0
1392938884586	2000.0	152.0	56.0	6.0
1392938884596	2000.0	154.0	55.0	5.0
1392938884606	2000.0	156.0	53.0	3.0
1392938884616	2000.0	157.0	52.0	2.0
1392938884629	2004.0	158.0	51.0	0.0
1392938884640	2004.0	158.0	50.0	2.0
1392938884669	2004.0	158.0	49.0	4.0
1392938884671	2004.0	161.0	48.0	7.0
1392938884673	2000.0	160.0	47.0	10.0
1392938884676	2000.0	161.0	46.0	13.0
1392938884686	2000.0	162.0	44.0	16.0
1392938884700	1990.0	162.0	41.0	18.0
1392938884706	1990.0	162.0	39.0	19.0
1392938884717	1990.0	162.0	37.0	19.0
1392938884728	1990.0	162.0	36.0	19.0
1392938884736	1990.0	161.0	36.0	20.0
1392938884749	1990.0	161.0	37.0	20.0
1392938884756	1990.0	160.0	38.0	20.0
1392938884766	1999.0	159.0	41.0	20.0
1392938884777	1999.0	157.0	44.0	19.0
1392938884786	1999.0	155.0	47.0	18.0
1392938884799	1999.0	153.0	49.0	16.0
1392938884806	1990.0	152.0	50.0	15.0
1392938884816	1990.0	152.0	51.0	13.0
1392938884830	1990.0	151.0	51.0	11.0
1392938884836	1990.0	150.0	51.0	8.0
1392938884846	1967.0	151.0	52.0	6.0
1392938884857	1967.0	149.0	52.0	5.0
1392938884866	1967.0	148.0	53.0	4.0
1392938884879	1965.0	148.0	54.0	2.0
1392938884886	1965.0	145.0	56.0	1.0
1392938884896	1965.0	145.0	57.0	1.0
1392938884906	1965.0	144.0	58.0	3.0
1392938884916	1964.0	143.0	58.0	4.0
1392938884929	1964.0	143.0	58.0	5.0
1392938884936	1964.0	144.0	57.0	5.0
1392938884946	1938.0	145.0	56.0	5.0
1392938884956	1938.0	146.0	55.0	5.0
1392938884966	1938.0	148.0	54.0	4.0
1392938884979	1938.0	153.0	52.0	3.0
1392938884987	1922.0	156.0	51.0	1.0
1392938884997	1922.0	159.0	49.0	0.0
1392938885006	1922.0	159.0	48.0	1.0
1392938885016	1922.0	160.0	46.0	2.0
1392938885029	1929.0	162.0	45.0	3.0
1392938885037	1929.0	161.0	44.0	4.0
1392938885046	1929.0	162.0	43.0	4.0
1392938885057	1960.0	161.0	43.0	4.0
1392938885067	1960.0	160.0	43.0	5.0
1392938885078	1960.0	161.0	43.0	6.0
1392938885086	1960.0	160.0	43.0	7.0
1392938885098	1983.0	161.0	42.0	8.0
1392938885108	1983.0	162.0	41.0	9.0
1392938885235	1983.0	162.0	39.0	9.0
1392938885237	2001.0	163.0	39.0	11.0
1392938885239	2001.0	163.0	39.0	12.0
1392938885240	2001.0	163.0	39.0	13.0
1392938885241	2001.0	163.0	41.0	13.0
1392938885243	2026.0	163.0	42.0	14.0
1392938885244	2026.0	163.0	43.0	15.0
1392938885247	2026.0	163.0	43.0	17.0
1392938885248	2044.0	163.0	43.0	17.0
1392938885249	2044.0	163.0	44.0	17.0
1392938885250	2044.0	163.0	45.0	17.0
1392938885251	2073.0	163.0	47.0	16.0
1392938885261	2073.0	163.0	48.0	16.0
1392938885263	2073.0	162.0	50.0	15.0
1392938885266	2073.0	161.0	51.0	14.0
1392938885281	2102.0	161.0	52.0	14.0
1392938885286	2102.0	160.0	53.0	13.0
1392938885297	2102.0	159.0	55.0	12.0
1392938885309	2120.0	158.0	56.0	11.0
1392938885317	2120.0	156.0	57.0	11.0
1392938885328	2120.0	156.0	57.0	11.0
1392938885336	2120.0	153.0	58.0	10.0
1392938885346	2133.0	154.0	59.0	10.0
1392938885359	2133.0	154.0	59.0	10.0
1392938885367	2133.0	152.0	60.0	9.0
1392938885377	2133.0	152.0	60.0	9.0
1392938885386	2139.0	153.0	61.0	9.0
1392938885398	2139.0	152.0	61.0	8.0
1392938885409	2139.0	153.0	61.0	8.0
1392938885417	2136.0	152.0	61.0	8.0
1392938885427	2136.0	152.0	61.0	7.0
1392938885436	2136.0	152.0	61.0	7.0
1392938885447	2136.0	152.0	60.0	6.0
1392938885459	2136.0	152.0	60.0	5.0
1392938885466	2136.0	152.0	60.0	5.0
1392938885477	2136.0	151.0	60.0	4.0
1392938885486	2143.0	151.0	60.0	4.0
1392938885497	2143.0	151.0	59.0	3.0
1392938885508	2143.0	151.0	60.0	3.0
1392938885516	2143.0	151.0	60.0	3.0
1392938885527	2151.0	151.0	59.0	3.0
1392938885537	2151.0	151.0	59.0	3.0
1392938885547	2151.0	151.0	59.0	4.0
1392938885559	2151.0	151.0	60.0	4.0
1392938885567	2170.0	151.0	60.0	4.0
1392938885577	2170.0	151.0	60.0	4.0
1392938885588	2170.0	151.0	60.0	5.0
1392938885598	2197.0	151.0	60.0	5.0
1392938885609	2197.0	152.0	61.0	5.0
1392938885617	2197.0	152.0	61.0	5.0
1392938885631	2197.0	153.0	62.0	5.0
1392938885639	2242.0	153.0	62.0	6.0
1392938885647	2242.0	154.0	63.0	6.0
1392938885659	2242.0	154.0	64.0	6.0
1392938885667	2293.0	154.0	65.0	6.0
1392938885677	2293.0	154.0	66.0	6.0
1392938885691	2293.0	160.0	66.0	90.0
1392938885697	2293.0	155.0	68.0	7.0
1392938885708	2337.0	156.0	69.0	8.0
1392938885717	2337.0	155.0	70.0	8.0
1392938885727	2337.0	155.0	71.0	8.0
1392938885738	2365.0	155.0	72.0	8.0
1392938885759	2365.0	154.0	72.0	6.0
1392938885771	2365.0	154.0	72.0	6.0
1392938885778	2377.0	153.0	73.0	5.0
1392938885790	2377.0	152.0	73.0	3.0
1392938885797	2377.0	151.0	73.0	2.0
1392938885808	2377.0	151.0	73.0	1.0
1392938885817	2397.0	149.0	73.0	0.0
1392938885847	2397.0	162.0	51.0	97.0
1392938885848	2420.0	143.0	75.0	3.0
1392938885857	2420.0	143.0	76.0	4.0
1392938885868	2420.0	142.0	76.0	4.0
1392938885877	2420.0	140.0	77.0	5.0
1392938885890	2431.0	139.0	77.0	5.0
1392938885898	2431.0	139.0	77.0	5.0
1392938885907	2431.0	139.0	78.0	6.0
1392938885917	2435.0	139.0	78.0	6.0
1392938885927	2435.0	138.0	78.0	6.0
1392938885939	2435.0	138.0	78.0	6.0
1392938885948	2435.0	138.0	78.0	7.0
1392938885958	2438.0	138.0	78.0	7.0
1392938885968	2438.0	138.0	78.0	8.0
1392938885977	2438.0	138.0	79.0	8.0
1392938885990	2438.0	137.0	79.0	9.0
1392938885997	2446.0	136.0	80.0	9.0
1392938886007	2446.0	136.0	80.0	10.0
1392938886018	2446.0	134.0	81.0	11.0
1392938886027	2453.0	133.0	81.0	12.0
1392938886038	2453.0	132.0	81.0	12.0
1392938886047	2453.0	131.0	81.0	13.0
1392938886057	2453.0	131.0	81.0	14.0
1392938886069	2447.0	131.0	81.0	14.0
1392938886078	2447.0	131.0	81.0	14.0
1392938886093	2447.0	131.0	81.0	14.0
1392938886101	2442.0	132.0	81.0	14.0
1392938886109	2442.0	132.0	81.0	13.0
1392938886126	2442.0	133.0	81.0	13.0
1392938886128	2442.0	134.0	81.0	12.0
1392938886138	2436.0	134.0	81.0	11.0
1392938886147	2436.0	135.0	81.0	10.0
1392938886158	2436.0	136.0	81.0	9.0
1392938886173	2436.0	138.0	80.0	9.0
1392938886178	2430.0	139.0	80.0	8.0
1392938886188	2430.0	139.0	80.0	7.0
1392938886199	2430.0	140.0	79.0	7.0
1392938886208	2424.0	141.0	79.0	6.0
1392938886221	2424.0	142.0	79.0	6.0
1392938886227	2424.0	142.0	79.0	6.0
1392938886237	2424.0	142.0	78.0	5.0
1392938886247	2421.0	142.0	78.0	5.0
1392938886258	2421.0	142.0	78.0	5.0
1392938886271	2421.0	143.0	78.0	5.0
1392938886278	2419.0	143.0	78.0	5.0
1392938886288	2419.0	143.0	78.0	5.0
1392938886298	2419.0	143.0	78.0	4.0
1392938886308	2419.0	143.0	78.0	4.0
1392938886320	2412.0	144.0	78.0	3.0
1392938886327	2412.0	145.0	78.0	3.0
1392938886338	2412.0	145.0	78.0	2.0
1392938886347	2412.0	146.0	78.0	2.0
1392938886357	2411.0	146.0	78.0	1.0
1392938886373	2411.0	148.0	78.0	0.0
1392938886378	2411.0	148.0	78.0	0.0
1392938886388	2403.0	148.0	78.0	1.0
1392938886397	2403.0	150.0	78.0	1.0
1392938886412	2403.0	150.0	77.0	2.0
1392938886418	2403.0	151.0	77.0	3.0
1392938886428	2389.0	151.0	77.0	2.0
1392938886438	2389.0	151.0	77.0	2.0
1392938886448	2389.0	150.0	76.0	1.0
1392938886459	2386.0	150.0	76.0	0.0
1392938886471	2386.0	150.0	76.0	1.0
1392938886478	2386.0	151.0	76.0	1.0
1392938886489	2386.0	151.0	76.0	1.0
1392938886510	2390.0	151.0	77.0	1.0
1392938886511	2390.0	150.0	77.0	1.0
1392938886519	2390.0	150.0	77.0	1.0
1392938886528	2390.0	150.0	77.0	1.0
1392938886538	2393.0	151.0	77.0	1.0
1392938886548	2393.0	151.0	77.0	1.0
1392938886558	2393.0	151.0	77.0	2.0
1392938886568	2393.0	151.0	77.0	2.0
1392938886577	2393.0	151.0	78.0	2.0
1392938886588	2393.0	151.0	78.0	2.0
1392938886603	2393.0	150.0	78.0	1.0
1392938886608	2397.0	150.0	78.0	1.0
1392938886621	2397.0	150.0	78.0	0.0
1392938886628	2397.0	149.0	78.0	0.0
1392938886640	2400.0	149.0	78.0	1.0
1392938886648	2400.0	149.0	78.0	1.0
1392938886658	2400.0	149.0	78.0	1.0
1392938886668	2400.0	149.0	78.0	1.0
1392938886678	2405.0	149.0	78.0	1.0
1392938886688	2405.0	149.0	79.0	1.0
1392938886700	2405.0	149.0	79.0	0.0
1392938886707	2405.0	149.0	79.0	0.0
1392938886718	2407.0	150.0	79.0	0.0
1392938886727	2407.0	149.0	79.0	1.0
1392938886738	2407.0	149.0	79.0	1.0
1392938886748	2409.0	149.0	79.0	1.0
1392938886757	2409.0	149.0	79.0	1.0
1392938886768	2409.0	149.0	79.0	1.0
1392938886777	2409.0	148.0	79.0	2.0
1392938886788	2412.0	148.0	79.0	2.0
1392938886801	2412.0	148.0	79.0	2.0
1392938886808	2412.0	148.0	79.0	2.0
1392938886819	2415.0	148.0	80.0	2.0
1392938886829	2415.0	147.0	80.0	3.0
1392938886838	2415.0	147.0	80.0	3.0
1392938886849	2415.0	147.0	80.0	3.0
1392938886859	2417.0	147.0	80.0	3.0
1392938886869	2417.0	147.0	80.0	3.0
1392938886879	2417.0	147.0	80.0	3.0
1392938886888	2417.0	147.0	80.0	3.0
1392938886900	2420.0	147.0	80.0	3.0
1392938886909	2420.0	147.0	80.0	3.0
1392938886919	2420.0	147.0	80.0	3.0
1392938886937	2424.0	147.0	80.0	3.0
1392938886943	2424.0	147.0	80.0	3.0
1392938886951	2424.0	147.0	80.0	3.0
1392938886958	2424.0	147.0	80.0	3.0
1392938886968	2425.0	147.0	81.0	2.0
1392938886981	2425.0	147.0	81.0	3.0
1392938886988	2425.0	147.0	81.0	3.0
1392938886999	2427.0	146.0	81.0	3.0
1392938887008	2427.0	146.0	81.0	3.0
1392938887018	2427.0	146.0	81.0	4.0
1392938887031	2427.0	145.0	81.0	4.0
1392938887039	2430.0	145.0	81.0	4.0
1392938887049	2430.0	145.0	81.0	5.0
1392938887059	2430.0	145.0	81.0	5.0
1392938887068	2430.0	146.0	81.0	4.0
1392938887081	2426.0	146.0	81.0	4.0
1392938887088	2426.0	147.0	81.0	3.0
1392938887101	2426.0	147.0	81.0	3.0
1392938887118	2429.0	147.0	81.0	3.0
1392938887137	2429.0	147.0	81.0	3.0
1392938887138	2429.0	147.0	81.0	3.0
1392938887148	2431.0	147.0	82.0	3.0
1392938887158	2431.0	147.0	82.0	3.0
1392938887168	2431.0	147.0	82.0	3.0
1392938887182	2433.0	147.0	82.0	3.0
1392938887188	2433.0	147.0	82.0	3.0
1392938887200	2433.0	147.0	82.0	3.0
1392938887210	2433.0	147.0	82.0	3.0
1392938887220	2433.0	148.0	82.0	2.0
1392938887231	2433.0	148.0	82.0	2.0
1392938887239	2433.0	148.0	82.0	2.0
1392938887250	2433.0	149.0	83.0	1.0
1392938887258	2440.0	148.0	83.0	2.0
1392938887269	2440.0	148.0	83.0	2.0
1392938887281	2440.0	147.0	83.0	3.0
1392938887288	2448.0	146.0	83.0	4.0
1392938887300	2448.0	144.0	84.0	6.0
1392938887310	2448.0	142.0	84.0	8.0
1392938887319	2448.0	141.0	84.0	10.0
1392938887330	2457.0	139.0	84.0	11.0
1392938887339	2457.0	139.0	84.0	12.0
1392938887350	2457.0	138.0	85.0	13.0
1392938887359	2463.0	137.0	85.0	14.0
1392938887369	2463.0	136.0	85.0	15.0
1392938887378	2463.0	135.0	85.0	16.0
1392938887388	2463.0	133.0	85.0	18.0
1392938887400	2467.0	131.0	86.0	20.0
1392938887412	2467.0	128.0	86.0	22.0
1392938887419	2467.0	126.0	86.0	24.0
1392938887430	2466.0	123.0	86.0	27.0
1392938887438	2466.0	120.0	87.0	30.0
1392938887449	2466.0	116.0	87.0	34.0
1392938887462	2466.0	112.0	87.0	38.0
1392938887468	2467.0	108.0	87.0	42.0
1392938887479	2467.0	104.0	88.0	47.0
1392938887489	2467.0	99.0	88.0	51.0
1392938887499	2467.0	95.0	88.0	56.0
1392938887511	2464.0	89.0	88.0	61.0
1392938887519	2464.0	82.0	88.0	68.0
1392938887529	2464.0	74.0	88.0	77.0
1392938887539	2463.0	64.0	88.0	87.0
1392938887550	2463.0	53.0	88.0	98.0
1392938887562	2463.0	44.0	88.0	107.0
1392938887569	2463.0	37.0	88.0	114.0
1392938887580	2465.0	31.0	88.0	120.0
1392938887589	2465.0	28.0	88.0	123.0
1392938887599	2465.0	25.0	88.0	126.0
1392938887616	2464.0	23.0	88.0	129.0
1392938887619	2464.0	19.0	87.0	132.0
1392938887633	2464.0	15.0	87.0	136.0
1392938887640	2464.0	10.0	87.0	141.0
1392938887651	2467.0	6.0	87.0	146.0
1392938887660	2467.0	1.0	86.0	150.0
1392938887669	2467.0	3.0	86.0	154.0
1392938887679	2467.0	6.0	86.0	157.0
1392938887689	2462.0	8.0	85.0	160.0
1392938887700	2462.0	10.0	85.0	162.0
1392938887710	2462.0	12.0	84.0	164.0
1392938887719	2456.0	14.0	84.0	166.0
1392938887729	2456.0	16.0	83.0	167.0
1392938887743	2456.0	16.0	83.0	168.0
1392938887762	2450.0	16.0	82.0	169.0
1392938887769	2450.0	17.0	81.0	170.0
1392938887782	2450.0	17.0	81.0	170.0
1392938887793	2438.0	18.0	80.0	170.0
1392938887800	2438.0	18.0	80.0	171.0
1392938887810	2438.0	19.0	79.0	172.0
1392938887820	2438.0	20.0	79.0	173.0
1392938887830	2425.0	22.0	78.0	174.0
1392938887843	2425.0	23.0	78.0	175.0
1392938887850	2425.0	23.0	78.0	175.0
1392938887860	2425.0	23.0	77.0	175.0
1392938887870	2417.0	24.0	77.0	176.0
1392938887880	2417.0	24.0	77.0	176.0
1392938887893	2417.0	23.0	76.0	175.0
1392938887900	2411.0	23.0	76.0	175.0
1392938887910	2411.0	22.0	75.0	174.0
1392938887920	2411.0	22.0	75.0	174.0
1392938887930	2411.0	22.0	75.0	174.0
1392938887941	2407.0	22.0	75.0	174.0
1392938887949	2407.0	22.0	75.0	174.0
1392938887959	2407.0	22.0	74.0	174.0
1392938887970	2395.0	22.0	74.0	174.0
1392938887980	2395.0	23.0	73.0	175.0
1392938887991	2395.0	23.0	73.0	175.0
1392938887999	2395.0	24.0	73.0	175.0
1392938888009	2384.0	23.0	73.0	176.0
1392938888019	2384.0	23.0	73.0	176.0
1392938888029	2384.0	23.0	72.0	176.0
1392938888042	2384.0	23.0	72.0	176.0
1392938888051	2377.0	23.0	72.0	176.0
1392938888061	2377.0	23.0	72.0	176.0
1392938888070	2377.0	23.0	72.0	175.0
1392938888080	2372.0	22.0	72.0	175.0
1392938888093	2372.0	22.0	71.0	175.0
1392938888100	2372.0	21.0	71.0	175.0
1392938888109	2372.0	21.0	71.0	174.0
1392938888121	2366.0	21.0	70.0	174.0
1392938888129	2366.0	20.0	70.0	174.0
1392938888141	2366.0	20.0	69.0	174.0
1392938888150	2359.0	20.0	69.0	174.0
1392938888160	2359.0	20.0	69.0	174.0
1392938888169	2359.0	20.0	69.0	174.0
1392938888179	2359.0	20.0	69.0	174.0
1392938888190	2356.0	20.0	69.0	173.0
1392938888312	2356.0	19.0	68.0	173.0
1392938888313	2356.0	19.0	68.0	173.0
1392938888314	2356.0	19.0	68.0	173.0
1392938888315	2358.0	18.0	68.0	172.0
1392938888317	2358.0	18.0	68.0	172.0
1392938888318	2358.0	18.0	68.0	172.0
1392938888319	2361.0	18.0	68.0	172.0
1392938888321	2361.0	18.0	68.0	172.0
1392938888321	2361.0	18.0	68.0	172.0
1392938888323	2361.0	18.0	68.0	171.0
1392938888324	2364.0	18.0	68.0	171.0
1392938888325	2364.0	17.0	68.0	171.0
1392938888335	2364.0	17.0	68.0	170.0
1392938888336	2361.0	17.0	68.0	170.0
1392938888339	2361.0	17.0	67.0	170.0
1392938888349	2361.0	17.0	67.0	170.0
1392938888359	2361.0	18.0	67.0	171.0
1392938888371	2348.0	19.0	67.0	171.0
1392938888379	2348.0	21.0	66.0	173.0
1392938888389	2348.0	23.0	66.0	174.0
1392938888410	2336.0	26.0	66.0	177.0
1392938888427	2336.0	25.0	66.0	179.0
1392938888429	2336.0	27.0	67.0	180.0
1392938888440	2328.0	28.0	67.0	179.0
1392938888451	2328.0	27.0	67.0	178.0
1392938888460	2328.0	28.0	67.0	177.0
1392938888473	2328.0	27.0	66.0	176.0
1392938888481	2305.0	29.0	66.0	174.0
1392938888490	2305.0	30.0	66.0	172.0
1392938888501	2305.0	32.0	65.0	170.0
1392938888510	2296.0	34.0	65.0	168.0
1392938888522	2296.0	36.0	65.0	165.0
1392938888530	2296.0	39.0	65.0	163.0
1392938888540	2296.0	40.0	65.0	162.0
1392938888556	2293.0	41.0	65.0	161.0
1392938888563	2293.0	42.0	65.0	160.0
1392938888572	2293.0	41.0	65.0	160.0
1392938888582	2293.0	40.0	65.0	160.0
1392938888590	2297.0	41.0	65.0	159.0
1392938888611	2297.0	15.0	63.0	20.0
1392938888613	2297.0	12.0	70.0	180.0
1392938888628	2317.0	20.0	71.0	173.0
1392938888631	2317.0	29.0	73.0	165.0
1392938888641	2317.0	49.0	77.0	146.0
1392938888651	2317.0	91.0	79.0	104.0
1392938888661	2341.0	127.0	74.0	69.0
1392938888670	2341.0	138.0	67.0	57.0
1392938888680	2341.0	137.0	64.0	59.0
1392938888690	2338.0	127.0	64.0	71.0
1392938888700	2338.0	112.0	65.0	89.0
1392938888710	2338.0	98.0	63.0	105.0
1392938888720	2338.0	92.0	62.0	116.0
1392938888730	2324.0	89.0	60.0	123.0
1392938888740	2324.0	85.0	60.0	129.0
1392938888750	2324.0	79.0	60.0	136.0
1392938888760	2324.0	75.0	59.0	143.0
1392938888770	2314.0	69.0	59.0	149.0
1392938888780	2314.0	63.0	59.0	153.0
1392938888790	2314.0	58.0	60.0	158.0
1392938888804	2306.0	52.0	60.0	163.0
1392938888810	2306.0	46.0	60.0	167.0
1392938888822	2306.0	44.0	60.0	167.0
1392938888831	2306.0	45.0	60.0	166.0
1392938888842	2291.0	46.0	60.0	165.0
1392938888854	2291.0	47.0	60.0	164.0
1392938888860	2291.0	27.0	58.0	179.0
1392938888870	2298.0	23.0	58.0	179.0
1392938888880	2298.0	21.0	58.0	178.0
1392938888890	2298.0	18.0	59.0	176.0
1392938888902	2298.0	15.0	60.0	175.0
1392938888910	2329.0	11.0	62.0	173.0
1392938888920	2329.0	8.0	64.0	172.0
1392938888930	2329.0	7.0	66.0	172.0
1392938888940	2340.0	8.0	68.0	173.0
1392938888952	2340.0	9.0	71.0	176.0
1392938888960	2340.0	14.0	74.0	180.0
1392938888970	2340.0	19.0	76.0	174.0
1392938888981	2324.0	27.0	77.0	166.0
1392938888990	2324.0	38.0	77.0	155.0
1392938889002	2324.0	48.0	77.0	145.0
1392938889010	2324.0	59.0	76.0	136.0
1392938889021	2302.0	69.0	75.0	127.0
1392938889030	2302.0	78.0	74.0	119.0
1392938889055	2298.0	93.0	68.0	106.0
1392938889061	2298.0	97.0	65.0	104.0
1392938889076	2298.0	99.0	61.0	105.0
1392938889086	2298.0	99.0	57.0	108.0
1392938889090	2298.0	97.0	54.0	113.0
1392938889104	2298.0	97.0	51.0	116.0
1392938889110	2298.0	97.0	49.0	118.0
1392938889120	2297.0	96.0	47.0	120.0
1392938889134	2297.0	95.0	46.0	122.0
1392938889141	2297.0	93.0	47.0	125.0
1392938889150	2297.0	88.0	49.0	130.0
1392938889160	2283.0	83.0	51.0	136.0
1392938889171	2283.0	76.0	53.0	141.0
1392938889184	2283.0	71.0	55.0	146.0
1392938889191	2283.0	67.0	55.0	149.0
1392938889201	2264.0	62.0	56.0	152.0
1392938889210	2264.0	58.0	56.0	154.0
1392938889220	2264.0	54.0	56.0	158.0
1392938889234	2245.0	52.0	55.0	159.0
1392938889240	2245.0	52.0	55.0	159.0
1392938889250	2245.0	50.0	55.0	159.0
1392938889260	2245.0	50.0	55.0	159.0
1392938889271	2219.0	51.0	55.0	159.0
1392938889283	2219.0	52.0	55.0	158.0
1392938889290	2219.0	53.0	55.0	157.0
1392938889301	2230.0	32.0	53.0	174.0
1392938889310	2230.0	30.0	53.0	176.0
1392938889321	2230.0	27.0	54.0	177.0
1392938889331	2230.0	24.0	56.0	178.0
1392938889340	2259.0	21.0	57.0	180.0
1392938889351	2259.0	18.0	58.0	179.0
1392938889362	2259.0	15.0	59.0	178.0
1392938889371	2259.0	14.0	61.0	178.0
1392938889382	2261.0	13.0	62.0	178.0
1392938889391	2261.0	12.0	63.0	177.0
1392938889401	2261.0	12.0	64.0	178.0
1392938889411	2245.0	12.0	64.0	178.0
1392938889421	2245.0	14.0	65.0	180.0
1392938889433	2245.0	14.0	67.0	179.0
1392938889442	2245.0	14.0	69.0	179.0
1392938889451	2241.0	12.0	71.0	179.0
1392938889461	2241.0	11.0	73.0	180.0
1392938889471	2241.0	11.0	76.0	179.0
1392938889483	2248.0	13.0	80.0	176.0
1392938889491	2248.0	28.0	84.0	161.0
1392938889501	2248.0	124.0	86.0	65.0
1392938889512	2248.0	157.0	78.0	31.0
1392938889521	2265.0	163.0	68.0	26.0
1392938889532	2265.0	164.0	60.0	26.0
1392938889542	2265.0	162.0	55.0	28.0
1392938889552	2265.0	156.0	54.0	34.0
1392938889569	2270.0	147.0	56.0	45.0
1392938889571	2270.0	131.0	60.0	64.0
1392938889583	2270.0	112.0	61.0	87.0
1392938889591	2254.0	94.0	61.0	108.0
1392938889601	2254.0	80.0	60.0	125.0
1392938889616	2254.0	70.0	58.0	137.0
1392938889621	2254.0	65.0	57.0	144.0
1392938889639	2238.0	60.0	56.0	149.0
1392938889641	2238.0	58.0	55.0	153.0
1392938889650	2238.0	55.0	55.0	157.0
1392938889663	2226.0	51.0	54.0	160.0
1392938889670	2226.0	51.0	54.0	162.0
1392938889691	2226.0	49.0	54.0	163.0
1392938889704	2205.0	48.0	53.0	164.0
1392938889718	2205.0	49.0	53.0	164.0
1392938889721	2205.0	47.0	53.0	164.0
1392938889731	2205.0	48.0	53.0	164.0
1392938889743	2204.0	49.0	53.0	164.0
1392938889751	2204.0	32.0	51.0	178.0
1392938889763	2204.0	30.0	51.0	179.0
1392938889771	2239.0	27.0	52.0	180.0
1392938889782	2239.0	23.0	53.0	179.0
1392938889791	2239.0	21.0	54.0	178.0
1392938889801	2239.0	112.0	65.0	90.0
1392938889812	2271.0	18.0	57.0	176.0
1392938889821	2271.0	18.0	58.0	177.0
1392938889831	2271.0	18.0	60.0	177.0
1392938889841	2271.0	19.0	61.0	178.0
1392938889851	2271.0	20.0	62.0	179.0
1392938889864	2271.0	21.0	63.0	180.0
1392938889871	2271.0	23.0	64.0	177.0
1392938889881	2256.0	24.0	65.0	173.0
1392938889896	2256.0	25.0	67.0	171.0
1392938889901	2256.0	26.0	69.0	169.0
1392938889912	2256.0	27.0	71.0	167.0
1392938889922	2250.0	31.0	73.0	163.0
1392938889931	2250.0	31.0	73.0	163.0
1392938889943	2250.0	30.0	73.0	163.0
1392938889951	2257.0	54.0	76.0	140.0
1392938889961	2257.0	71.0	75.0	124.0
1392938889971	2257.0	91.0	73.0	105.0
1392938889981	2257.0	108.0	69.0	90.0
1392938889992	2270.0	118.0	64.0	80.0
1392938890001	2270.0	124.0	58.0	75.0
1392938890012	2270.0	124.0	54.0	74.0
1392938890024	2266.0	124.0	51.0	75.0
1392938890031	2266.0	120.0	53.0	80.0
1392938890043	2266.0	109.0	57.0	92.0
1392938890058	2266.0	91.0	60.0	113.0
1392938890063	2230.0	74.0	59.0	132.0
1392938890071	2230.0	64.0	57.0	143.0
1392938890081	2230.0	59.0	55.0	150.0
1392938890094	2230.0	58.0	53.0	153.0
1392938890102	2204.0	56.0	53.0	156.0
1392938890111	2204.0	53.0	52.0	159.0
1392938890121	2204.0	51.0	52.0	162.0
1392938890131	2207.0	48.0	53.0	165.0
1392938890141	2207.0	45.0	53.0	168.0
1392938890151	2207.0	41.0	53.0	171.0
1392938890162	2207.0	40.0	53.0	171.0
1392938890171	2214.0	39.0	53.0	170.0
1392938890183	2214.0	39.0	54.0	169.0
1392938890194	2214.0	39.0	54.0	168.0
1392938890201	2225.0	41.0	55.0	166.0
1392938890211	2225.0	20.0	53.0	179.0
1392938890221	2225.0	19.0	53.0	178.0
1392938890231	2225.0	18.0	53.0	177.0
1392938890242	2276.0	15.0	53.0	176.0
1392938890251	2276.0	38.0	54.0	175.0
1392938890262	2276.0	14.0	55.0	174.0
1392938890271	2276.0	12.0	55.0	173.0
1392938890282	2344.0	12.0	56.0	172.0
1392938890292	2344.0	8.0	58.0	171.0
1392938890301	2344.0	7.0	59.0	171.0
1392938890311	2385.0	6.0	61.0	170.0
1392938890331	2385.0	2.0	65.0	170.0
1392938890347	2385.0	2.0	67.0	169.0
1392938890351	2397.0	3.0	72.0	168.0
1392938890361	2397.0	1.0	76.0	171.0
1392938890374	2397.0	14.0	81.0	178.0
1392938890381	2399.0	42.0	84.0	151.0
1392938890391	2399.0	92.0	84.0	102.0
1392938890402	2399.0	128.0	80.0	68.0
1392938890411	2399.0	145.0	74.0	53.0
1392938890425	2413.0	153.0	66.0	47.0
1392938890431	2413.0	157.0	58.0	44.0
1392938890441	2413.0	158.0	52.0	43.0
1392938890452	2413.0	159.0	49.0	44.0
1392938890462	2433.0	158.0	49.0	45.0
1392938890474	2433.0	156.0	52.0	49.0
1392938890481	2433.0	153.0	58.0	54.0
1392938890492	2457.0	146.0	63.0	61.0
1392938890502	2457.0	140.0	68.0	71.0
1392938890512	2457.0	134.0	71.0	80.0
1392938890525	2457.0	125.0	73.0	88.0
1392938890531	2463.0	120.0	75.0	94.0
1392938890542	2463.0	119.0	76.0	96.0
1392938890551	2463.0	119.0	77.0	96.0
1392938890562	2463.0	119.0	78.0	95.0
1392938890573	2463.0	117.0	79.0	96.0
1392938890582	2463.0	114.0	81.0	99.0
1392938890591	2463.0	106.0	82.0	106.0
1392938890601	2458.0	99.0	83.0	114.0
1392938890611	2458.0	93.0	84.0	119.0
1392938890626	2458.0	89.0	85.0	122.0
1392938890631	2458.0	85.0	86.0	125.0
1392938890642	2458.0	77.0	86.0	132.0
1392938890651	2458.0	66.0	87.0	143.0
1392938890661	2458.0	47.0	88.0	161.0
1392938890671	2448.0	26.0	88.0	179.0
1392938890681	2448.0	19.0	87.0	174.0
1392938890691	2448.0	19.0	87.0	173.0
1392938890709	2448.0	19.0	86.0	173.0
1392938890714	2433.0	17.0	86.0	171.0
1392938890726	2433.0	15.0	86.0	169.0
1392938890732	2433.0	12.0	86.0	166.0
1392938890743	2424.0	7.0	87.0	163.0
1392938890752	2424.0	2.0	87.0	157.0
1392938890762	2424.0	11.0	88.0	145.0
1392938890772	2424.0	46.0	89.0	111.0
1392938890782	2421.0	106.0	89.0	50.0
1392938890792	2421.0	129.0	88.0	28.0
1392938890802	2421.0	137.0	86.0	21.0
1392938890812	2419.0	139.0	85.0	21.0
1392938890824	2419.0	138.0	85.0	21.0
1392938890832	2419.0	139.0	84.0	21.0
1392938890842	2419.0	141.0	84.0	20.0
1392938890855	2410.0	144.0	83.0	17.0
1392938890872	2410.0	151.0	82.0	10.0
1392938890882	2410.0	155.0	81.0	6.0
1392938890892	2402.0	160.0	80.0	1.0
1392938890905	2402.0	164.0	79.0	4.0
1392938890912	2402.0	168.0	78.0	8.0
1392938890923	2405.0	171.0	76.0	11.0
1392938890932	2405.0	173.0	72.0	14.0
1392938890942	2405.0	174.0	68.0	15.0
1392938890956	2405.0	175.0	63.0	16.0
1392938890962	2416.0	176.0	60.0	18.0
1392938890972	2416.0	178.0	58.0	20.0
1392938890982	2416.0	179.0	58.0	23.0
1392938890992	2435.0	179.0	60.0	26.0
1392938891003	2435.0	176.0	64.0	30.0
1392938891012	2435.0	173.0	67.0	35.0
1392938891022	2435.0	170.0	70.0	40.0
1392938891032	2444.0	168.0	72.0	44.0
1392938891042	2444.0	139.0	65.0	90.0
1392938891054	2444.0	164.0	78.0	49.0
1392938891062	2444.0	158.0	80.0	56.0
1392938891072	2444.0	145.0	83.0	70.0
1392938891082	2444.0	123.0	84.0	92.0
1392938891092	2444.0	98.0	85.0	118.0
1392938891105	2444.0	78.0	84.0	138.0
1392938891112	2444.0	66.0	83.0	151.0
1392938891122	2444.0	55.0	83.0	160.0
1392938891132	2444.0	48.0	83.0	167.0
1392938891142	2429.0	41.0	83.0	174.0
1392938891152	2429.0	31.0	84.0	180.0
1392938891162	2429.0	25.0	84.0	173.0
1392938891180	2408.0	16.0	85.0	165.0
1392938891183	2408.0	2.0	86.0	152.0
1392938891192	2408.0	21.0	87.0	130.0
1392938891202	2408.0	53.0	87.0	99.0
1392938891212	2387.0	88.0	86.0	65.0
1392938891230	2387.0	111.0	84.0	42.0
1392938891235	2387.0	126.0	82.0	30.0
1392938891242	2387.0	134.0	79.0	24.0
1392938891253	2367.0	139.0	76.0	20.0
1392938891262	2367.0	143.0	73.0	18.0
1392938891272	2367.0	146.0	70.0	16.0
1392938891285	2365.0	149.0	68.0	13.0
1392938891292	2365.0	152.0	65.0	10.0
1392938891303	2365.0	156.0	63.0	6.0
1392938891312	2365.0	159.0	60.0	2.0
1392938891323	2372.0	162.0	57.0	2.0
1392938891335	2372.0	165.0	54.0	5.0
1392938891343	2372.0	166.0	51.0	8.0
1392938891352	2387.0	168.0	50.0	10.0
1392938891363	2387.0	169.0	49.0	13.0
1392938891373	2387.0	171.0	49.0	16.0
1392938891384	2387.0	172.0	52.0	18.0
1392938891393	2409.0	172.0	56.0	19.0
1392938891402	2409.0	174.0	61.0	21.0
1392938891412	2409.0	174.0	66.0	22.0
1392938891423	2409.0	177.0	72.0	25.0
1392938891436	2419.0	178.0	77.0	31.0
1392938891442	2419.0	168.0	81.0	44.0
1392938891453	2419.0	147.0	84.0	66.0
1392938891462	2402.0	124.0	84.0	90.0
1392938891472	2402.0	107.0	84.0	108.0
1392938891483	2402.0	94.0	83.0	121.0
1392938891492	2402.0	84.0	83.0	132.0
1392938891504	2394.0	75.0	83.0	141.0
1392938891514	2394.0	66.0	83.0	150.0
1392938891523	2394.0	58.0	83.0	158.0
1392938891535	2388.0	48.0	83.0	165.0
1392938891543	2388.0	42.0	83.0	172.0
1392938891552	2388.0	36.0	83.0	178.0
1392938891562	2388.0	30.0	84.0	177.0
1392938891572	2388.0	23.0	84.0	171.0
1392938891583	2388.0	15.0	85.0	164.0
1392938891592	2388.0	3.0	85.0	154.0
1392938891618	2385.0	37.0	86.0	116.0
1392938891623	2385.0	66.0	86.0	88.0
1392938891637	2385.0	89.0	85.0	66.0
1392938891642	2387.0	105.0	83.0	51.0
1392938891652	2387.0	116.0	81.0	41.0
1392938891666	2387.0	124.0	79.0	34.0
1392938891672	2387.0	130.0	77.0	28.0
1392938891685	2387.0	136.0	75.0	24.0
1392938891692	2387.0	139.0	74.0	20.0
1392938891702	2387.0	140.0	74.0	19.0
1392938891715	2391.0	141.0	74.0	18.0
1392938891723	2391.0	142.0	74.0	17.0
1392938891732	2391.0	143.0	74.0	16.0
1392938891742	2391.0	143.0	74.0	15.0
1392938891753	2397.0	145.0	75.0	13.0
1392938891767	2397.0	146.0	75.0	12.0
1392938891772	2397.0	147.0	75.0	11.0
1392938891783	2397.0	147.0	76.0	9.0
1392938891793	2406.0	148.0	76.0	9.0
1392938891803	2406.0	147.0	76.0	9.0
1392938891813	2406.0	147.0	77.0	9.0
1392938891823	2404.0	147.0	77.0	9.0
1392938891833	2404.0	146.0	78.0	9.0
1392938891844	2404.0	146.0	80.0	8.0
1392938891852	2404.0	147.0	81.0	4.0
1392938891864	2399.0	152.0	82.0	2.0
1392938891872	2399.0	159.0	83.0	10.0
1392938891882	2399.0	166.0	84.0	18.0
1392938891894	2389.0	170.0	85.0	23.0
1392938891904	2389.0	170.0	85.0	23.0
1392938891916	2389.0	165.0	86.0	18.0
1392938891933	2387.0	146.0	86.0	3.0
1392938891943	2387.0	137.0	86.0	12.0
1392938891953	2387.0	131.0	85.0	19.0
1392938891963	2383.0	127.0	85.0	23.0
1392938891973	2383.0	125.0	84.0	26.0
1392938891983	2383.0	124.0	84.0	28.0
1392938891994	2383.0	123.0	83.0	29.0
1392938892003	2374.0	141.0	65.0	90.0
1392938892013	2374.0	122.0	83.0	30.0
1392938892023	2374.0	122.0	82.0	30.0
1392938892033	2374.0	122.0	82.0	30.0
1392938892043	2365.0	122.0	82.0	30.0
1392938892053	2365.0	123.0	82.0	30.0
1392938892066	2365.0	123.0	82.0	29.0
1392938892074	2364.0	123.0	81.0	29.0
1392938892084	2364.0	123.0	81.0	29.0
1392938892099	2364.0	122.0	81.0	29.0
1392938892103	2364.0	122.0	81.0	28.0
1392938892114	2368.0	122.0	82.0	28.0
1392938892124	2368.0	123.0	82.0	27.0
1392938892133	2368.0	123.0	82.0	26.0
1392938892147	2367.0	124.0	82.0	25.0
1392938892153	2367.0	124.0	83.0	25.0
1392938892163	2367.0	124.0	83.0	24.0
1392938892173	2367.0	124.0	83.0	24.0
1392938892183	2370.0	124.0	83.0	25.0
1392938892195	2370.0	124.0	83.0	25.0
1392938892204	2370.0	124.0	83.0	24.0
1392938892214	2370.0	124.0	83.0	24.0
1392938892223	2373.0	125.0	83.0	23.0
1392938892233	2373.0	125.0	83.0	23.0
1392938892253	2374.0	126.0	83.0	23.0
1392938892269	2374.0	125.0	83.0	23.0
1392938892274	2374.0	125.0	83.0	24.0
1392938892283	2374.0	124.0	83.0	25.0
1392938892294	2376.0	123.0	83.0	26.0
1392938892303	2376.0	123.0	83.0	27.0
1392938892313	2376.0	122.0	83.0	27.0
1392938892324	2375.0	122.0	83.0	28.0
1392938892333	2375.0	121.0	83.0	28.0
1392938892344	2375.0	121.0	82.0	29.0
1392938892354	2375.0	120.0	82.0	29.0
1392938892365	2372.0	120.0	82.0	29.0
1392938892375	2372.0	120.0	82.0	30.0
1392938892384	2372.0	120.0	82.0	29.0
1392938892396	2372.0	120.0	82.0	30.0
1392938892403	2367.0	120.0	82.0	30.0
1392938892414	2367.0	120.0	82.0	30.0
1392938892424	2367.0	120.0	82.0	30.0
1392938892434	2367.0	120.0	82.0	30.0
1392938892444	2367.0	120.0	82.0	30.0
1392938892453	2367.0	119.0	82.0	30.0
1392938892464	2367.0	120.0	82.0	30.0
1392938892477	2366.0	120.0	82.0	29.0
1392938892483	2366.0	121.0	82.0	28.0
1392938892494	2366.0	121.0	82.0	28.0
1392938892504	2366.0	122.0	82.0	27.0
1392938892514	2366.0	123.0	82.0	26.0
1392938892526	2366.0	125.0	82.0	25.0
1392938892533	2366.0	125.0	83.0	24.0
1392938892544	2364.0	127.0	83.0	23.0
1392938892553	2364.0	128.0	83.0	22.0
1392938892564	2364.0	128.0	83.0	21.0
1392938892576	2364.0	129.0	83.0	20.0
1392938892584	2365.0	130.0	83.0	19.0
1392938892594	2365.0	131.0	83.0	19.0
1392938892604	2365.0	131.0	83.0	18.0
1392938892614	2367.0	132.0	83.0	18.0
1392938892628	2367.0	132.0	83.0	17.0
1392938892634	2367.0	132.0	83.0	17.0
1392938892648	2367.0	133.0	83.0	16.0
1392938892654	2371.0	133.0	83.0	16.0
1392938892664	2371.0	132.0	83.0	17.0
1392938892676	2371.0	132.0	83.0	17.0
1392938892684	2370.0	131.0	83.0	18.0
1392938892694	2370.0	131.0	83.0	18.0
1392938892704	2370.0	131.0	83.0	19.0
1392938892714	2370.0	130.0	83.0	19.0
1392938892726	2371.0	130.0	83.0	20.0
1392938892734	2371.0	129.0	83.0	21.0
1392938892744	2371.0	128.0	83.0	22.0
1392938892755	2371.0	127.0	83.0	24.0
1392938892764	2369.0	126.0	82.0	25.0
1392938892775	2369.0	125.0	82.0	26.0
1392938892784	2369.0	124.0	82.0	27.0
1392938892794	2369.0	124.0	81.0	27.0
1392938892808	2369.0	124.0	81.0	28.0
1392938892814	2369.0	123.0	81.0	28.0
1392938892825	2369.0	123.0	81.0	28.0
1392938892834	2362.0	123.0	81.0	28.0
1392938892844	2362.0	123.0	81.0	28.0
1392938892857	2362.0	123.0	82.0	27.0
1392938892864	2353.0	124.0	82.0	27.0
1392938892875	2353.0	124.0	82.0	26.0
1392938892894	2353.0	125.0	82.0	25.0
1392938892914	2347.0	126.0	82.0	25.0
1392938892915	2347.0	126.0	82.0	25.0
1392938892924	2347.0	126.0	82.0	25.0
1392938892934	2347.0	125.0	82.0	25.0
1392938892944	2345.0	125.0	82.0	25.0
1392938892957	2345.0	125.0	82.0	26.0
1392938892964	2345.0	124.0	82.0	26.0
1392938892974	2344.0	124.0	82.0	26.0
1392938892986	2344.0	125.0	82.0	26.0
1392938892995	2344.0	125.0	82.0	26.0
1392938893007	2344.0	125.0	82.0	25.0
1392938893014	2346.0	125.0	82.0	25.0
1392938893024	2346.0	126.0	82.0	25.0
1392938893034	2346.0	127.0	82.0	24.0
1392938893045	2346.0	127.0	82.0	24.0
1392938893061	2346.0	127.0	82.0	24.0
1392938893065	2346.0	127.0	82.0	23.0
1392938893076	2346.0	127.0	82.0	23.0
1392938893086	2346.0	127.0	82.0	23.0
1392938893095	2346.0	127.0	82.0	23.0
1392938893107	2346.0	128.0	82.0	23.0
1392938893115	2346.0	128.0	82.0	23.0
1392938893125	2346.0	128.0	82.0	23.0
1392938893135	2346.0	128.0	83.0	22.0
1392938893145	2346.0	128.0	83.0	22.0
1392938893157	2348.0	128.0	83.0	22.0
1392938893165	2348.0	128.0	83.0	22.0
1392938893175	2348.0	129.0	83.0	22.0
1392938893184	2348.0	129.0	83.0	22.0
1392938893195	2348.0	129.0	83.0	22.0
1392938893206	2348.0	129.0	84.0	22.0
1392938893214	2348.0	129.0	84.0	21.0
1392938893225	2347.0	129.0	84.0	21.0
1392938893238	2347.0	129.0	84.0	21.0
1392938893245	2347.0	130.0	84.0	21.0
1392938893260	2347.0	129.0	83.0	22.0
1392938893266	2344.0	129.0	83.0	22.0
1392938893276	2344.0	129.0	83.0	22.0
1392938893291	2344.0	129.0	83.0	22.0
1392938893296	2347.0	129.0	83.0	23.0
1392938893306	2347.0	129.0	83.0	23.0
1392938893315	2347.0	129.0	83.0	23.0
1392938893325	2347.0	129.0	83.0	23.0
1392938893339	2346.0	129.0	83.0	23.0
1392938893345	2346.0	129.0	83.0	23.0
1392938893355	2346.0	129.0	83.0	23.0
1392938893364	2346.0	129.0	83.0	23.0
1392938893375	2346.0	129.0	83.0	23.0
1392938893388	2346.0	128.0	83.0	24.0
1392938893394	2346.0	128.0	83.0	24.0
1392938893406	2347.0	128.0	83.0	24.0
1392938893414	2347.0	127.0	83.0	24.0
1392938893425	2347.0	127.0	83.0	24.0
1392938893440	2347.0	127.0	83.0	24.0
1392938893444	2345.0	127.0	83.0	24.0
1392938893455	2345.0	127.0	83.0	24.0
1392938893464	2345.0	127.0	83.0	24.0
1392938893474	2345.0	126.0	83.0	25.0
1392938893486	2347.0	126.0	83.0	25.0
1392938893494	2347.0	125.0	83.0	26.0
1392938893504	2347.0	125.0	83.0	26.0
1392938893514	2345.0	124.0	83.0	27.0
1392938893525	2345.0	124.0	83.0	27.0
1392938893544	2345.0	123.0	83.0	27.0
1392938893556	2341.0	123.0	83.0	27.0
1392938893566	2341.0	123.0	83.0	27.0
1392938893577	2341.0	124.0	83.0	27.0
1392938893585	2333.0	124.0	83.0	27.0
1392938893594	2333.0	124.0	83.0	27.0
1392938893605	2333.0	124.0	83.0	26.0
1392938893616	2333.0	124.0	83.0	26.0
1392938893625	2324.0	124.0	83.0	26.0
1392938893643	2324.0	124.0	83.0	26.0
1392938893646	2324.0	124.0	83.0	27.0
1392938893655	2322.0	123.0	83.0	27.0
1392938893664	2322.0	123.0	83.0	28.0
1392938893675	2322.0	123.0	83.0	28.0
1392938893686	2322.0	123.0	83.0	28.0
1392938893694	2319.0	123.0	83.0	29.0
1392938893705	2319.0	123.0	83.0	29.0
1392938893716	2319.0	122.0	83.0	29.0
1392938893724	2319.0	122.0	83.0	30.0
1392938893735	2317.0	122.0	83.0	30.0
1392938893745	2317.0	122.0	83.0	30.0
1392938893755	2317.0	122.0	83.0	30.0
1392938893769	2319.0	122.0	83.0	30.0
1392938893774	2319.0	122.0	83.0	30.0
1392938893786	2319.0	121.0	83.0	31.0
1392938893795	2319.0	121.0	83.0	31.0
1392938893806	2318.0	121.0	84.0	31.0
1392938893825	2318.0	120.0	84.0	31.0
1392938893826	2318.0	120.0	84.0	32.0
1392938893836	2319.0	120.0	84.0	32.0
1392938893852	2319.0	120.0	84.0	32.0
1392938893859	2319.0	120.0	84.0	32.0
1392938893868	2319.0	120.0	84.0	32.0
1392938893875	2321.0	120.0	84.0	32.0
1392938893885	2321.0	120.0	84.0	32.0
1392938893895	2321.0	120.0	84.0	32.0
1392938893906	2321.0	121.0	84.0	31.0
1392938893919	2322.0	121.0	84.0	31.0
1392938893926	2322.0	121.0	84.0	31.0
1392938893939	2322.0	122.0	84.0	30.0
1392938893947	2318.0	123.0	84.0	29.0
1392938893957	2318.0	124.0	84.0	29.0
1392938893967	2318.0	124.0	84.0	28.0
1392938893976	2318.0	125.0	84.0	27.0
1392938893985	2317.0	126.0	84.0	26.0
1392938893995	2317.0	127.0	84.0	26.0
1392938894006	2317.0	128.0	84.0	25.0
1392938894016	2314.0	129.0	84.0	24.0
1392938894025	2314.0	130.0	84.0	23.0
1392938894035	2314.0	131.0	84.0	22.0
1392938894045	2314.0	132.0	84.0	21.0
1392938894055	2314.0	133.0	84.0	20.0
1392938894068	2314.0	134.0	84.0	19.0
1392938894075	2314.0	134.0	84.0	18.0
1392938894085	2314.0	135.0	84.0	17.0
1392938894101	2313.0	136.0	84.0	16.0
1392938894105	2313.0	136.0	84.0	16.0
1392938894117	2313.0	137.0	84.0	16.0
1392938894126	2310.0	137.0	84.0	16.0
1392938894136	2310.0	137.0	83.0	16.0
1392938894149	2310.0	137.0	83.0	15.0
1392938894155	2310.0	137.0	83.0	15.0
1392938894165	2309.0	137.0	83.0	15.0
1392938894175	2309.0	138.0	83.0	15.0
1392938894185	2309.0	138.0	83.0	15.0
1392938894205	2313.0	138.0	83.0	15.0
1392938894206	2313.0	138.0	83.0	14.0
1392938894215	2313.0	138.0	84.0	14.0
1392938894225	2313.0	139.0	84.0	12.0
1392938894235	2317.0	140.0	84.0	11.0
1392938894249	2317.0	141.0	84.0	10.0
1392938894256	2317.0	142.0	84.0	9.0
1392938894363	2317.0	142.0	84.0	9.0
1392938894364	2319.0	143.0	84.0	9.0
1392938894366	2319.0	143.0	84.0	8.0
1392938894367	2319.0	143.0	84.0	8.0
1392938894369	2320.0	144.0	84.0	8.0
1392938894370	2320.0	145.0	84.0	7.0
1392938894372	2320.0	146.0	84.0	6.0
1392938894373	2320.0	147.0	84.0	6.0
1392938894375	2323.0	147.0	84.0	5.0
1392938894377	2323.0	148.0	84.0	5.0
1392938894391	2323.0	148.0	84.0	6.0
1392938894393	2327.0	149.0	83.0	6.0
1392938894395	2327.0	148.0	83.0	6.0
1392938894397	2327.0	147.0	83.0	7.0
1392938894405	2327.0	147.0	83.0	7.0
1392938894415	2331.0	147.0	83.0	7.0
1392938894428	2331.0	147.0	83.0	7.0
1392938894435	2331.0	147.0	83.0	7.0
1392938894445	2331.0	147.0	83.0	7.0
1392938894455	2335.0	146.0	83.0	7.0
1392938894465	2335.0	145.0	83.0	7.0
1392938894476	2335.0	145.0	83.0	8.0
1392938894486	2337.0	143.0	83.0	8.0
1392938894495	2337.0	143.0	83.0	8.0
1392938894505	2337.0	142.0	83.0	8.0
1392938894516	2337.0	143.0	83.0	8.0
1392938894526	2340.0	143.0	83.0	8.0
1392938894535	2340.0	143.0	83.0	7.0
1392938894546	2340.0	143.0	84.0	7.0
1392938894556	2342.0	143.0	84.0	7.0
1392938894565	2342.0	143.0	84.0	8.0
1392938894578	2342.0	142.0	84.0	8.0
1392938894586	2342.0	142.0	84.0	9.0
1392938894596	2344.0	141.0	84.0	9.0
1392938894606	2344.0	141.0	84.0	9.0
1392938894616	2344.0	141.0	84.0	10.0
1392938894634	2344.0	140.0	84.0	10.0
1392938894636	2344.0	140.0	84.0	10.0
1392938894646	2344.0	140.0	84.0	10.0
1392938894656	2344.0	140.0	84.0	10.0
1392938894666	2344.0	140.0	84.0	10.0
1392938894679	2344.0	140.0	84.0	10.0
1392938894686	2344.0	140.0	84.0	10.0
1392938894696	2344.0	140.0	84.0	11.0
1392938894705	2346.0	140.0	84.0	11.0
1392938894716	2346.0	140.0	84.0	11.0
1392938894729	2346.0	140.0	84.0	11.0
1392938894736	2345.0	140.0	84.0	10.0
1392938894746	2345.0	140.0	84.0	10.0
1392938894756	2345.0	140.0	84.0	10.0
1392938894766	2345.0	140.0	84.0	10.0
1392938894780	2345.0	140.0	84.0	10.0
1392938894786	2345.0	140.0	84.0	10.0
1392938894796	2345.0	140.0	84.0	10.0
1392938894807	2345.0	140.0	84.0	10.0
1392938894829	2343.0	140.0	84.0	10.0
1392938894836	2343.0	140.0	84.0	10.0
1392938894850	2346.0	140.0	84.0	10.0
1392938894856	2346.0	140.0	84.0	10.0
1392938894866	2346.0	140.0	84.0	10.0
1392938894877	2346.0	139.0	84.0	11.0
1392938894886	2348.0	139.0	84.0	11.0
1392938894896	2348.0	139.0	83.0	11.0
1392938894907	2348.0	139.0	83.0	11.0
1392938894916	2350.0	139.0	83.0	11.0
1392938894928	2350.0	139.0	83.0	11.0
1392938894936	2350.0	139.0	83.0	12.0
1392938894946	2350.0	138.0	83.0	12.0
1392938894956	2353.0	138.0	83.0	13.0
1392938894967	2353.0	137.0	83.0	13.0
1392938894977	2353.0	137.0	83.0	14.0
1392938894986	2353.0	136.0	83.0	14.0
1392938894996	2355.0	136.0	83.0	15.0
1392938895009	2355.0	136.0	83.0	15.0
1392938895016	2355.0	135.0	83.0	15.0
1392938895026	2357.0	135.0	83.0	16.0
1392938895036	2357.0	135.0	83.0	16.0
1392938895046	2357.0	134.0	83.0	17.0
1392938895060	2357.0	133.0	83.0	17.0
1392938895066	2358.0	133.0	83.0	18.0
1392938895076	2358.0	133.0	83.0	18.0
1392938895086	2358.0	133.0	83.0	18.0
1392938895096	2361.0	132.0	83.0	18.0
1392938895109	2361.0	132.0	83.0	18.0
1392938895116	2361.0	132.0	83.0	18.0
1392938895126	2361.0	132.0	83.0	18.0
1392938895136	2363.0	131.0	83.0	18.0
1392938895147	2363.0	131.0	83.0	19.0
1392938895159	2363.0	130.0	83.0	19.0
1392938895166	2365.0	130.0	83.0	19.0
1392938895176	2365.0	130.0	83.0	19.0
1392938895196	2365.0	129.0	83.0	19.0
1392938895208	2368.0	129.0	83.0	20.0
1392938895226	2368.0	128.0	83.0	20.0
1392938895236	2368.0	129.0	83.0	20.0
1392938895246	2370.0	129.0	83.0	20.0
1392938895257	2370.0	129.0	83.0	20.0
1392938895266	2370.0	129.0	83.0	20.0
1392938895276	2372.0	128.0	83.0	20.0
1392938895286	2372.0	129.0	83.0	19.0
1392938895296	2372.0	128.0	83.0	19.0
1392938895307	2372.0	128.0	83.0	20.0
1392938895316	2375.0	128.0	83.0	20.0
1392938895327	2375.0	153.0	83.0	20.0
1392938895336	2375.0	128.0	83.0	20.0
1392938895347	2376.0	128.0	83.0	20.0
1392938895359	2376.0	128.0	83.0	20.0
1392938895367	2376.0	128.0	83.0	20.0
1392938895377	2376.0	128.0	83.0	20.0
1392938895387	2375.0	129.0	83.0	20.0
1392938895397	2375.0	129.0	83.0	20.0
1392938895406	2375.0	129.0	83.0	20.0
1392938895416	2375.0	129.0	83.0	19.0
1392938895427	2373.0	130.0	83.0	19.0
1392938895440	2373.0	130.0	83.0	19.0
1392938895447	2373.0	130.0	83.0	19.0
1392938895466	2370.0	130.0	83.0	19.0
1392938895479	2370.0	130.0	83.0	19.0
1392938895493	2370.0	130.0	83.0	19.0
1392938895496	2365.0	130.0	83.0	19.0
1392938895507	2365.0	130.0	83.0	19.0
1392938895516	2365.0	131.0	83.0	19.0
1392938895528	2359.0	130.0	83.0	19.0
1392938895541	2359.0	130.0	83.0	20.0
1392938895547	2359.0	130.0	83.0	20.0
1392938895558	2359.0	130.0	83.0	20.0
1392938895566	2358.0	130.0	83.0	20.0
1392938895579	2358.0	130.0	83.0	20.0
1392938895597	2358.0	130.0	83.0	20.0
1392938895599	2358.0	129.0	83.0	20.0
1392938895612	2358.0	129.0	83.0	20.0
1392938895616	2358.0	129.0	83.0	20.0
1392938895636	2358.0	129.0	83.0	21.0
1392938895638	2364.0	128.0	83.0	21.0
1392938895646	2364.0	128.0	83.0	21.0
1392938895657	2364.0	128.0	83.0	21.0
1392938895669	2364.0	128.0	83.0	22.0
1392938895679	2372.0	128.0	83.0	22.0
1392938895692	2372.0	128.0	83.0	22.0
1392938895697	2372.0	127.0	83.0	22.0
1392938895708	2380.0	127.0	83.0	22.0
1392938895717	2380.0	127.0	83.0	22.0
1392938895727	2380.0	127.0	83.0	22.0
1392938895738	2380.0	127.0	83.0	22.0
1392938895747	2392.0	127.0	83.0	22.0
1392938895757	2392.0	127.0	83.0	22.0
1392938895767	2392.0	127.0	83.0	22.0
1392938895777	2392.0	127.0	83.0	22.0
1392938895788	2402.0	128.0	83.0	22.0
1392938895797	2402.0	128.0	83.0	22.0
1392938895808	2402.0	128.0	83.0	22.0
1392938895823	2414.0	128.0	83.0	22.0
1392938895827	2414.0	128.0	83.0	22.0
1392938895838	2414.0	129.0	83.0	22.0
1392938895847	2414.0	129.0	83.0	21.0
1392938895859	2425.0	129.0	83.0	21.0
1392938895870	2425.0	129.0	83.0	20.0
1392938895877	2425.0	130.0	83.0	20.0
1392938895888	2433.0	130.0	83.0	20.0
1392938895897	2433.0	130.0	83.0	20.0
1392938895907	2433.0	131.0	83.0	20.0
1392938895919	2433.0	131.0	83.0	19.0
1392938895927	2443.0	131.0	83.0	19.0
1392938895937	2443.0	131.0	83.0	19.0
1392938895947	2443.0	131.0	83.0	19.0
1392938895957	2443.0	131.0	83.0	19.0
1392938895967	2450.0	131.0	83.0	19.0
1392938895977	2450.0	131.0	83.0	19.0
1392938895988	2450.0	131.0	83.0	19.0
1392938895997	2463.0	131.0	83.0	19.0
1392938896007	2463.0	132.0	83.0	18.0
1392938896020	2463.0	132.0	83.0	18.0
1392938896027	2463.0	132.0	83.0	18.0
1392938896037	2471.0	131.0	83.0	18.0
1392938896049	2471.0	131.0	83.0	18.0
1392938896057	2471.0	131.0	83.0	18.0
1392938896069	2475.0	131.0	83.0	18.0
1392938896077	2475.0	131.0	83.0	19.0
1392938896087	2475.0	131.0	83.0	19.0
1392938896097	2475.0	131.0	83.0	19.0
1392938896108	2482.0	130.0	83.0	19.0
1392938896125	2482.0	130.0	83.0	19.0
1392938896127	2482.0	130.0	83.0	19.0
1392938896137	2482.0	131.0	83.0	19.0
1392938896152	2483.0	131.0	83.0	18.0
1392938896167	2483.0	145.0	17.0	178.0
1392938896184	2483.0	129.0	84.0	20.0
1392938896187	2491.0	126.0	84.0	23.0
1392938896200	2491.0	126.0	84.0	23.0
1392938896201	2491.0	125.0	84.0	24.0
1392938896243	2491.0	125.0	84.0	25.0
1392938896244	2488.0	126.0	83.0	24.0
1392938896282	2488.0	127.0	83.0	23.0
1392938896283	2488.0	128.0	83.0	22.0
1392938896308	2488.0	128.0	83.0	22.0
