1393198498211	1743.0	166.0	56.0	2.0
1393198498221	1696.0	167.0	56.0	2.0
1393198498231	1696.0	169.0	56.0	4.0
1393198498241	1696.0	170.0	56.0	5.0
1393198498251	1696.0	172.0	56.0	7.0
1393198498263	1664.0	173.0	56.0	8.0
1393198498271	1664.0	174.0	56.0	8.0
1393198498281	1664.0	173.0	56.0	8.0
1393198498291	1659.0	173.0	57.0	7.0
1393198498301	1659.0	172.0	58.0	7.0
1393198498311	1659.0	172.0	58.0	7.0
1393198498322	1659.0	173.0	59.0	7.0
1393198498331	1648.0	175.0	60.0	8.0
1393198498341	1648.0	176.0	61.0	10.0
1393198498351	1648.0	177.0	61.0	11.0
1393198498361	1648.0	178.0	61.0	12.0
1393198498371	1639.0	179.0	60.0	13.0
1393198498383	1639.0	179.0	60.0	13.0
1393198498391	1639.0	180.0	61.0	13.0
1393198498401	1639.0	180.0	62.0	14.0
1393198498411	1623.0	179.0	63.0	14.0
1393198498421	1623.0	179.0	64.0	15.0
1393198498431	1623.0	178.0	65.0	16.0
1393198498444	1577.0	177.0	65.0	17.0
1393198498453	1577.0	178.0	65.0	15.0
1393198498461	1577.0	179.0	64.0	12.0
1393198498472	1577.0	176.0	63.0	10.0
1393198498483	1539.0	175.0	63.0	8.0
1393198498493	1539.0	175.0	63.0	8.0
1393198498506	1539.0	175.0	64.0	9.0
1393198498512	1539.0	176.0	65.0	10.0
1393198498522	1483.0	177.0	66.0	10.0
1393198498532	1483.0	178.0	67.0	11.0
1393198498542	1483.0	173.0	59.0	7.0
1393198498554	1437.0	173.0	59.0	7.0
1393198498564	1437.0	173.0	60.0	7.0
1393198498572	1437.0	173.0	60.0	7.0
1393198498582	1437.0	173.0	61.0	7.0
1393198498592	1441.0	173.0	61.0	6.0
1393198498605	1441.0	172.0	61.0	6.0
1393198498612	1441.0	172.0	61.0	6.0
1393198498624	1441.0	171.0	61.0	5.0
1393198498632	1490.0	170.0	61.0	5.0
1393198498642	1490.0	170.0	61.0	4.0
1393198498654	1490.0	170.0	60.0	4.0
1393198498662	1490.0	170.0	60.0	4.0
1393198498735	1500.0	170.0	60.0	4.0
1393198498737	1500.0	170.0	61.0	4.0
1393198498738	1500.0	170.0	61.0	4.0
1393198498739	1444.0	170.0	61.0	4.0
1393198498740	1444.0	170.0	62.0	5.0
1393198498742	1444.0	171.0	62.0	5.0
1393198498743	1444.0	38.0	12.0	162.0
1393198498744	1375.0	171.0	62.0	6.0
1393198498752	1375.0	171.0	63.0	6.0
1393198498808	1375.0	172.0	63.0	6.0
1393198498810	1375.0	172.0	63.0	6.0
1393198498812	1366.0	4.0	6.0	14.0
1393198498813	1366.0	171.0	64.0	6.0
1393198498814	1366.0	171.0	64.0	5.0
1393198498815	1366.0	171.0	64.0	5.0
1393198498822	1372.0	171.0	64.0	5.0
1393198498832	1372.0	170.0	64.0	5.0
1393198498842	1372.0	170.0	64.0	5.0
1393198498852	1328.0	170.0	65.0	5.0
1393198498864	1328.0	170.0	65.0	5.0
1393198498873	1328.0	170.0	66.0	5.0
1393198498882	1328.0	170.0	66.0	5.0
1393198498892	1271.0	170.0	67.0	5.0
1393198498906	1271.0	170.0	67.0	4.0
1393198498912	1271.0	170.0	67.0	4.0
1393198498928	1271.0	169.0	67.0	4.0
1393198498932	1236.0	169.0	68.0	4.0
1393198498948	1236.0	169.0	68.0	4.0
1393198498959	1236.0	168.0	68.0	3.0
1393198498972	1236.0	167.0	68.0	2.0
1393198498984	1236.0	167.0	68.0	2.0
1393198498992	1236.0	166.0	68.0	1.0
1393198499003	1225.0	166.0	69.0	1.0
1393198499012	1225.0	165.0	69.0	0.0
1393198499024	1225.0	165.0	69.0	0.0
1393198499033	1225.0	165.0	70.0	0.0
1393198499043	1191.0	165.0	70.0	0.0
1393198499056	1191.0	165.0	71.0	1.0
1393198499062	1191.0	164.0	71.0	1.0
1393198499073	1191.0	165.0	71.0	0.0
1393198499082	1182.0	165.0	72.0	0.0
1393198499092	1182.0	165.0	72.0	0.0
1393198499106	1182.0	166.0	72.0	0.0
1393198499112	1182.0	166.0	72.0	1.0
1393198499123	1199.0	166.0	72.0	1.0
1393198499135	1199.0	166.0	71.0	1.0
1393198499142	1199.0	167.0	71.0	1.0
1393198499156	1212.0	167.0	71.0	2.0
1393198499165	1212.0	167.0	72.0	1.0
1393198499173	1212.0	166.0	72.0	1.0
1393198499194	1197.0	166.0	72.0	1.0
1393198499213	1197.0	166.0	73.0	0.0
1393198499215	1197.0	166.0	73.0	0.0
1393198499223	1197.0	166.0	73.0	0.0
1393198499234	1193.0	165.0	73.0	0.0
1393198499242	1193.0	165.0	73.0	0.0
1393198499256	1193.0	165.0	73.0	0.0
1393198499263	1190.0	165.0	73.0	1.0
1393198499273	1190.0	165.0	73.0	1.0
1393198499288	1190.0	165.0	73.0	1.0
1393198499292	1190.0	164.0	73.0	1.0
1393198499304	1175.0	164.0	73.0	1.0
1393198499313	1175.0	164.0	73.0	2.0
1393198499323	1175.0	164.0	74.0	1.0
1393198499333	1175.0	105.0	69.0	90.0
1393198499345	1130.0	165.0	74.0	1.0
1393198499354	1130.0	165.0	74.0	1.0
1393198499373	1130.0	165.0	74.0	0.0
1393198499388	1118.0	161.0	6.0	169.0
1393198499393	1118.0	165.0	74.0	0.0
1393198499405	1118.0	165.0	74.0	0.0
1393198499413	1122.0	105.0	70.0	90.0
1393198499423	1122.0	165.0	75.0	0.0
1393198499438	1122.0	165.0	75.0	1.0
1393198499443	1122.0	105.0	70.0	90.0
1393198499454	1123.0	164.0	75.0	1.0
1393198499465	1123.0	105.0	70.0	90.0
1393198499473	1123.0	165.0	75.0	0.0
1393198499483	1123.0	165.0	76.0	0.0
1393198499494	1088.0	166.0	76.0	1.0
1393198499505	1088.0	166.0	76.0	1.0
1393198499513	1088.0	167.0	76.0	2.0
1393198499525	1088.0	167.0	76.0	2.0
1393198499533	1090.0	167.0	76.0	2.0
1393198499543	1090.0	167.0	76.0	2.0
1393198499556	1090.0	167.0	76.0	2.0
1393198499563	1100.0	167.0	76.0	2.0
1393198499573	1100.0	167.0	76.0	2.0
1393198499588	1100.0	168.0	76.0	2.0
1393198499593	1100.0	168.0	76.0	3.0
1393198499607	1103.0	169.0	76.0	4.0
1393198499613	1103.0	169.0	76.0	4.0
1393198499623	1103.0	170.0	76.0	5.0
1393198499634	1103.0	171.0	76.0	5.0
1393198499646	1124.0	171.0	76.0	6.0
1393198499654	1124.0	171.0	76.0	6.0
1393198499663	1124.0	171.0	76.0	6.0
1393198499674	1124.0	171.0	76.0	6.0
1393198499690	1131.0	171.0	76.0	6.0
1393198499694	1131.0	171.0	76.0	6.0
1393198499706	1131.0	171.0	76.0	6.0
1393198499714	1149.0	171.0	76.0	5.0
1393198499725	1149.0	171.0	76.0	5.0
1393198499741	1149.0	171.0	76.0	5.0
1393198499744	1149.0	170.0	76.0	5.0
1393198499757	1166.0	170.0	76.0	5.0
1393198499768	1166.0	170.0	76.0	5.0
1393198499774	1166.0	170.0	76.0	4.0
1393198499784	1166.0	170.0	76.0	4.0
1393198499794	1176.0	170.0	76.0	5.0
1393198499804	1176.0	170.0	77.0	5.0
1393198499814	1176.0	170.0	77.0	5.0
1393198499838	1182.0	170.0	77.0	5.0
1393198499845	1182.0	170.0	77.0	5.0
1393198499876	1182.0	170.0	77.0	5.0
1393198499879	1185.0	170.0	77.0	5.0
1393198499886	1185.0	170.0	77.0	5.0
1393198499906	1185.0	171.0	77.0	5.0
1393198499908	1185.0	171.0	77.0	5.0
1393198499911	1189.0	171.0	77.0	5.0
1393198499914	1189.0	171.0	77.0	5.0
1393198499924	1189.0	171.0	77.0	6.0
1393198499947	1189.0	172.0	77.0	6.0
1393198499950	1201.0	172.0	77.0	6.0
1393198499954	1201.0	172.0	77.0	6.0
1393198499963	1201.0	172.0	77.0	6.0
1393198499974	1201.0	172.0	77.0	6.0
1393198499985	1201.0	172.0	77.0	6.0
1393198499994	1201.0	172.0	77.0	6.0
1393198500010	1201.0	172.0	77.0	6.0
1393198500013	1199.0	172.0	77.0	7.0
1393198500023	1199.0	173.0	77.0	7.0
1393198500041	1199.0	173.0	77.0	7.0
1393198500044	1199.0	173.0	77.0	7.0
1393198500056	1203.0	173.0	77.0	7.0
1393198500071	1203.0	173.0	77.0	7.0
1393198500073	1203.0	173.0	78.0	7.0
1393198500089	1203.0	173.0	78.0	7.0
1393198500094	1202.0	173.0	78.0	7.0
1393198500106	1202.0	174.0	78.0	8.0
1393198500113	1202.0	174.0	78.0	8.0
1393198500125	1195.0	174.0	78.0	8.0
1393198500136	1195.0	174.0	78.0	8.0
1393198500145	1195.0	175.0	78.0	8.0
1393198500153	1195.0	175.0	78.0	9.0
1393198500163	1197.0	175.0	78.0	9.0
1393198500174	1197.0	175.0	78.0	9.0
1393198500188	1197.0	175.0	79.0	9.0
1393198500193	1197.0	175.0	79.0	9.0
1393198500203	1194.0	175.0	79.0	9.0
1393198500213	1194.0	175.0	79.0	9.0
1393198500223	1194.0	175.0	79.0	9.0
1393198500237	1194.0	175.0	79.0	9.0
1393198500245	1190.0	175.0	79.0	9.0
1393198500254	1190.0	175.0	79.0	9.0
1393198500275	1190.0	1.0	5.0	14.0
1393198500277	1190.0	176.0	79.0	10.0
1393198500284	1190.0	176.0	79.0	10.0
1393198500294	1190.0	176.0	79.0	10.0
1393198500306	1190.0	176.0	79.0	10.0
1393198500316	1194.0	177.0	79.0	11.0
1393198500325	1194.0	177.0	79.0	11.0
1393198500335	1194.0	177.0	79.0	11.0
1393198500344	1194.0	177.0	79.0	11.0
1393198500357	1195.0	177.0	79.0	11.0
1393198500367	1195.0	177.0	79.0	11.0
1393198500374	1195.0	177.0	80.0	11.0
1393198500391	1195.0	177.0	80.0	11.0
1393198500394	1193.0	177.0	80.0	11.0
1393198500404	1193.0	176.0	80.0	10.0
1393198500416	1193.0	176.0	80.0	10.0
1393198500427	1191.0	176.0	80.0	10.0
1393198500439	1191.0	176.0	80.0	10.0
1393198500444	1191.0	176.0	80.0	10.0
1393198500454	1191.0	176.0	80.0	10.0
1393198500474	1189.0	177.0	80.0	11.0
1393198500486	1189.0	177.0	81.0	11.0
1393198500494	1189.0	177.0	81.0	11.0
1393198500514	1188.0	1.0	5.0	14.0
1393198500521	1188.0	177.0	81.0	11.0
1393198500528	1188.0	177.0	81.0	11.0
1393198500535	1190.0	177.0	81.0	11.0
1393198500546	1190.0	177.0	81.0	11.0
1393198500554	1190.0	177.0	81.0	11.0
1393198500576	1190.0	177.0	81.0	11.0
1393198500577	1191.0	177.0	81.0	11.0
1393198500585	1191.0	177.0	81.0	11.0
1393198500594	1191.0	177.0	81.0	11.0
1393198500606	1191.0	177.0	81.0	11.0
1393198500625	1189.0	178.0	82.0	11.0
1393198500634	1189.0	178.0	82.0	12.0
1393198500644	1189.0	178.0	82.0	12.0
1393198500654	1190.0	178.0	82.0	12.0
1393198500667	1190.0	178.0	82.0	12.0
1393198500675	1190.0	178.0	82.0	12.0
1393198500684	1200.0	179.0	82.0	12.0
1393198500694	1200.0	179.0	82.0	13.0
1393198500704	1200.0	179.0	82.0	13.0
1393198500719	1200.0	179.0	82.0	13.0
1393198500727	1205.0	179.0	82.0	13.0
1393198500738	1205.0	179.0	82.0	12.0
1393198500744	1205.0	179.0	82.0	12.0
1393198500768	1204.0	179.0	82.0	13.0
1393198500774	1204.0	179.0	82.0	13.0
1393198500787	1204.0	179.0	82.0	13.0
1393198500794	1204.0	179.0	82.0	13.0
1393198500806	1204.0	179.0	82.0	13.0
1393198500820	1204.0	179.0	82.0	13.0
1393198500824	1204.0	179.0	82.0	13.0
1393198500836	1204.0	179.0	82.0	12.0
1393198500847	1204.0	178.0	82.0	12.0
1393198500854	1204.0	179.0	82.0	12.0
1393198500868	1204.0	179.0	83.0	13.0
1393198500874	1202.0	179.0	83.0	13.0
1393198500886	1202.0	179.0	83.0	13.0
1393198500894	1202.0	179.0	83.0	13.0
1393198500908	1202.0	179.0	83.0	13.0
1393198500922	1200.0	179.0	83.0	13.0
1393198500925	1200.0	179.0	83.0	13.0
1393198500942	1200.0	179.0	83.0	13.0
1393198500944	1200.0	179.0	83.0	13.0
1393198500954	1199.0	179.0	83.0	13.0
1393198500968	1199.0	179.0	83.0	13.0
1393198500974	1199.0	179.0	83.0	13.0
1393198500985	1200.0	179.0	83.0	13.0
1393198500994	1200.0	179.0	83.0	13.0
1393198501004	1200.0	179.0	83.0	13.0
1393198501016	1200.0	180.0	83.0	13.0
1393198501027	1198.0	180.0	83.0	14.0
1393198501035	1198.0	180.0	83.0	14.0
1393198501044	1198.0	180.0	83.0	13.0
1393198501054	1198.0	180.0	83.0	14.0
1393198501065	1192.0	180.0	83.0	14.0
1393198501075	1192.0	180.0	83.0	14.0
1393198501087	1192.0	180.0	84.0	14.0
1393198501095	1192.0	180.0	84.0	14.0
1393198501105	1190.0	180.0	84.0	14.0
1393198501125	1190.0	180.0	84.0	14.0
1393198501130	1190.0	180.0	84.0	14.0
1393198501137	1190.0	180.0	84.0	14.0
1393198501151	1190.0	180.0	84.0	14.0
1393198501154	1190.0	180.0	84.0	14.0
1393198501167	1190.0	179.0	84.0	15.0
1393198501174	1190.0	179.0	84.0	15.0
1393198501187	1190.0	179.0	84.0	15.0
1393198501197	1190.0	179.0	84.0	15.0
1393198501207	1190.0	179.0	84.0	15.0
1393198501219	1192.0	179.0	84.0	15.0
1393198501225	1192.0	179.0	84.0	15.0
1393198501236	1192.0	179.0	84.0	15.0
1393198501245	1191.0	179.0	84.0	15.0
1393198501256	1191.0	179.0	84.0	15.0
1393198501268	1191.0	179.0	84.0	15.0
1393198501275	1191.0	179.0	84.0	15.0
1393198501285	1188.0	179.0	84.0	15.0
1393198501295	1188.0	179.0	84.0	15.0
1393198501305	1188.0	179.0	84.0	15.0
1393198501319	1188.0	179.0	84.0	15.0
1393198501327	1192.0	179.0	84.0	15.0
1393198501336	1192.0	179.0	84.0	15.0
1393198501345	1192.0	179.0	84.0	15.0
1393198501356	1192.0	178.0	84.0	16.0
1393198501368	1194.0	178.0	84.0	16.0
1393198501375	1194.0	179.0	84.0	15.0
1393198501388	1194.0	179.0	84.0	15.0
1393198501395	1197.0	178.0	84.0	15.0
1393198501405	1197.0	178.0	84.0	16.0
1393198501420	1197.0	178.0	84.0	16.0
1393198501425	1197.0	178.0	84.0	16.0
1393198501435	1196.0	178.0	84.0	17.0
1393198501453	1196.0	177.0	84.0	17.0
1393198501457	1196.0	177.0	84.0	17.0
1393198501470	1196.0	177.0	84.0	17.0
1393198501475	1197.0	177.0	84.0	17.0
1393198501486	1197.0	177.0	84.0	17.0
1393198501503	1197.0	177.0	84.0	17.0
1393198501508	1197.0	178.0	84.0	16.0
1393198501520	1202.0	178.0	84.0	16.0
1393198501526	1202.0	178.0	84.0	16.0
1393198501536	1202.0	178.0	85.0	16.0
1393198501554	1202.0	178.0	85.0	16.0
1393198501557	1202.0	178.0	85.0	16.0
1393198501571	1202.0	178.0	85.0	16.0
1393198501575	1202.0	179.0	85.0	16.0
1393198501587	1209.0	179.0	85.0	16.0
1393198501607	1209.0	178.0	85.0	16.0
1393198501611	1209.0	178.0	85.0	16.0
1393198501623	1209.0	178.0	85.0	16.0
1393198501627	1214.0	178.0	85.0	16.0
1393198501635	1214.0	178.0	85.0	16.0
1393198501651	1214.0	179.0	85.0	16.0
1393198501655	1214.0	179.0	84.0	15.0
1393198501666	1221.0	179.0	84.0	15.0
1393198501675	1221.0	179.0	84.0	15.0
1393198501687	1221.0	179.0	84.0	15.0
1393198501698	1224.0	179.0	84.0	15.0
1393198501704	1224.0	179.0	84.0	15.0
1393198501715	1224.0	179.0	84.0	15.0
1393198501725	1224.0	179.0	84.0	15.0
1393198501735	1228.0	179.0	84.0	15.0
1393198501754	1228.0	179.0	84.0	15.0
1393198501766	1228.0	179.0	84.0	15.0
1393198501775	1225.0	179.0	84.0	15.0
1393198501787	1225.0	178.0	84.0	16.0
1393198501795	1225.0	179.0	84.0	15.0
1393198501807	1229.0	179.0	84.0	15.0
1393198501815	1229.0	179.0	84.0	15.0
1393198501825	1229.0	179.0	84.0	15.0
1393198501835	1229.0	179.0	84.0	15.0
1393198501848	1230.0	179.0	84.0	15.0
1393198501861	1230.0	179.0	84.0	15.0
1393198501867	1230.0	179.0	85.0	15.0
1393198501875	1230.0	179.0	85.0	15.0
1393198501885	1225.0	179.0	85.0	15.0
1393198501896	1225.0	179.0	85.0	15.0
1393198501905	1225.0	179.0	85.0	15.0
1393198501921	1225.0	179.0	85.0	15.0
1393198501929	1227.0	179.0	85.0	15.0
1393198501942	1227.0	179.0	85.0	15.0
1393198501945	1227.0	179.0	85.0	15.0
1393198501955	1224.0	179.0	85.0	15.0
1393198501966	1224.0	179.0	85.0	15.0
1393198501975	1224.0	179.0	85.0	15.0
1393198501987	1224.0	179.0	85.0	15.0
1393198501999	1223.0	179.0	85.0	15.0
1393198502005	1223.0	179.0	85.0	15.0
1393198502015	1223.0	179.0	85.0	15.0
1393198502025	1223.0	179.0	85.0	15.0
1393198502035	1224.0	179.0	85.0	15.0
1393198502047	1224.0	179.0	85.0	15.0
1393198502055	1224.0	179.0	85.0	15.0
1393198502065	1224.0	179.0	85.0	16.0
1393198502075	1221.0	178.0	85.0	16.0
1393198502085	1221.0	178.0	85.0	16.0
1393198502095	1221.0	178.0	85.0	16.0
1393198502107	1220.0	178.0	85.0	16.0
1393198502118	1220.0	178.0	85.0	16.0
1393198502129	1220.0	178.0	85.0	16.0
1393198502137	1220.0	178.0	85.0	16.0
1393198502150	1218.0	178.0	85.0	16.0
1393198502156	1218.0	178.0	85.0	16.0
1393198502171	1218.0	178.0	85.0	16.0
1393198502180	1218.0	178.0	85.0	16.0
1393198502187	1219.0	178.0	85.0	17.0
1393198502205	1219.0	177.0	85.0	17.0
1393198502210	1219.0	177.0	85.0	17.0
1393198502215	1219.0	105.0	68.0	90.0
1393198502231	1220.0	178.0	85.0	16.0
1393198502235	1220.0	105.0	68.0	90.0
1393198502247	1220.0	178.0	85.0	16.0
1393198502257	1218.0	178.0	85.0	16.0
1393198502265	1218.0	105.0	68.0	90.0
1393198502306	1218.0	141.0	0.0	170.0
1393198502307	1218.0	178.0	85.0	17.0
1393198502309	1215.0	177.0	85.0	17.0
1393198502311	1215.0	177.0	85.0	17.0
1393198502315	1215.0	177.0	85.0	17.0
1393198502325	1215.0	177.0	85.0	17.0
1393198502335	1217.0	177.0	85.0	17.0
1393198502359	1217.0	177.0	85.0	17.0
1393198502360	1217.0	177.0	85.0	17.0
1393198502365	1217.0	177.0	85.0	17.0
1393198502375	1216.0	177.0	85.0	17.0
1393198502396	1216.0	177.0	85.0	17.0
1393198502407	1220.0	177.0	85.0	17.0
1393198502417	1220.0	177.0	85.0	17.0
1393198502425	1220.0	177.0	85.0	17.0
1393198502435	1220.0	177.0	85.0	17.0
1393198502445	1221.0	177.0	85.0	17.0
1393198502455	1221.0	177.0	86.0	17.0
1393198502468	1221.0	177.0	86.0	17.0
1393198502476	1221.0	177.0	86.0	17.0
1393198502486	1218.0	177.0	86.0	18.0
1393198502497	1218.0	176.0	86.0	18.0
1393198502505	1218.0	176.0	86.0	18.0
1393198502516	1215.0	176.0	86.0	18.0
1393198502532	1215.0	175.0	86.0	19.0
1393198502536	1215.0	175.0	86.0	19.0
1393198502547	1215.0	175.0	86.0	20.0
1393198502556	1216.0	174.0	86.0	20.0
1393198502566	1216.0	174.0	86.0	20.0
1393198502580	1216.0	174.0	86.0	20.0
1393198502588	1216.0	105.0	68.0	90.0
1393198502600	1218.0	174.0	86.0	21.0
1393198502606	1218.0	105.0	68.0	90.0
1393198502616	1218.0	105.0	68.0	90.0
1393198502630	1218.0	174.0	86.0	20.0
1393198502636	1220.0	105.0	68.0	90.0
1393198502648	1220.0	173.0	86.0	21.0
1393198502656	1220.0	105.0	68.0	90.0
1393198502667	1219.0	172.0	86.0	22.0
1393198502683	1219.0	172.0	86.0	22.0
1393198502687	1219.0	172.0	86.0	23.0
1393198502696	1219.0	172.0	86.0	22.0
1393198502710	1220.0	172.0	86.0	22.0
1393198502719	1220.0	172.0	86.0	22.0
1393198502728	1220.0	173.0	86.0	22.0
1393198502737	1220.0	173.0	86.0	21.0
1393198502750	1227.0	173.0	86.0	21.0
1393198502758	1227.0	173.0	86.0	21.0
1393198502769	1227.0	173.0	86.0	22.0
1393198502782	1227.0	172.0	86.0	22.0
1393198502787	1227.0	172.0	86.0	22.0
1393198502799	1227.0	172.0	86.0	22.0
1393198502811	1227.0	172.0	86.0	22.0
1393198502817	1228.0	172.0	86.0	22.0
1393198502831	1228.0	172.0	86.0	23.0
1393198502845	1228.0	171.0	86.0	23.0
1393198502849	1228.0	170.0	86.0	24.0
1393198502857	1227.0	170.0	86.0	24.0
1393198502866	1227.0	170.0	86.0	24.0
1393198502877	1227.0	170.0	86.0	24.0
1393198502890	1227.0	170.0	86.0	25.0
1393198502898	1228.0	169.0	86.0	25.0
1393198502907	1228.0	169.0	86.0	25.0
1393198502916	1228.0	168.0	86.0	26.0
1393198502930	1228.0	168.0	86.0	26.0
1393198502937	1228.0	168.0	86.0	26.0
1393198502954	1228.0	168.0	86.0	26.0
1393198502956	1228.0	168.0	86.0	26.0
1393198502966	1230.0	168.0	86.0	26.0
1393198502977	1230.0	168.0	86.0	26.0
1393198502986	1230.0	168.0	86.0	26.0
1393198502996	1230.0	168.0	86.0	26.0
1393198503011	1230.0	168.0	86.0	26.0
1393198503033	1230.0	168.0	86.0	26.0
1393198503037	1230.0	168.0	86.0	26.0
1393198503048	1232.0	169.0	86.0	25.0
1393198503058	1232.0	169.0	86.0	25.0
1393198503076	1232.0	169.0	86.0	25.0
1393198503079	1232.0	169.0	86.0	25.0
1393198503086	1235.0	169.0	86.0	25.0
1393198503096	1235.0	169.0	86.0	25.0
1393198503106	1235.0	169.0	86.0	25.0
1393198503118	1238.0	169.0	86.0	25.0
1393198503130	1238.0	169.0	86.0	26.0
1393198503137	1238.0	168.0	86.0	26.0
1393198503147	1238.0	168.0	86.0	26.0
1393198503157	1240.0	168.0	86.0	26.0
1393198503175	1240.0	168.0	86.0	27.0
1393198503185	1240.0	167.0	86.0	27.0
1393198503189	1240.0	167.0	86.0	27.0
1393198503199	1241.0	167.0	87.0	27.0
1393198503208	1241.0	167.0	87.0	27.0
1393198503216	1241.0	167.0	87.0	27.0
1393198503235	1247.0	168.0	87.0	26.0
1393198503237	1247.0	169.0	87.0	25.0
1393198503248	1247.0	169.0	87.0	25.0
1393198503257	1247.0	169.0	87.0	25.0
1393198503266	1250.0	170.0	87.0	25.0
1393198503277	1250.0	170.0	87.0	25.0
1393198503286	1250.0	170.0	87.0	24.0
1393198503296	1250.0	170.0	87.0	25.0
1393198503311	1260.0	170.0	87.0	24.0
1393198503316	1260.0	170.0	87.0	24.0
1393198503327	1260.0	171.0	87.0	23.0
1393198503336	1260.0	171.0	87.0	23.0
1393198503346	1271.0	171.0	87.0	23.0
1393198503368	1271.0	170.0	87.0	24.0
1393198503378	1270.0	170.0	87.0	25.0
1393198503386	1270.0	169.0	87.0	25.0
1393198503397	1270.0	168.0	87.0	26.0
1393198503407	1270.0	167.0	87.0	27.0
1393198503416	1275.0	167.0	87.0	27.0
1393198503429	1275.0	168.0	87.0	26.0
1393198503437	1275.0	169.0	87.0	25.0
1393198503447	1275.0	171.0	87.0	24.0
1393198503463	1288.0	171.0	87.0	23.0
1393198503467	1288.0	172.0	87.0	22.0
1393198503479	1288.0	173.0	87.0	21.0
1393198503490	1288.0	174.0	87.0	20.0
1393198503497	1285.0	175.0	87.0	20.0
1393198503511	1285.0	175.0	87.0	19.0
1393198503517	1285.0	176.0	87.0	18.0
1393198503527	1292.0	177.0	87.0	17.0
1393198503537	1292.0	178.0	87.0	16.0
1393198503549	1292.0	179.0	87.0	15.0
1393198503557	1292.0	179.0	87.0	14.0
1393198503567	1297.0	105.0	66.0	90.0
1393198503577	1297.0	105.0	66.0	90.0
1393198503587	1297.0	105.0	66.0	90.0
1393198503597	1297.0	105.0	66.0	90.0
1393198503611	1298.0	179.0	88.0	13.0
1393198503618	1298.0	180.0	88.0	15.0
1393198503631	1298.0	179.0	88.0	15.0
1393198503638	1298.0	178.0	88.0	16.0
1393198503648	1314.0	178.0	88.0	16.0
1393198503662	1314.0	180.0	88.0	15.0
1393198503671	1314.0	105.0	66.0	90.0
1393198503679	1345.0	178.0	88.0	13.0
1393198503687	1345.0	105.0	66.0	90.0
1393198503698	1345.0	105.0	66.0	90.0
1393198503715	1345.0	179.0	87.0	13.0
1393198503717	1372.0	105.0	65.0	90.0
1393198503737	1372.0	105.0	65.0	90.0
1393198503747	1372.0	105.0	65.0	90.0
1393198503759	1407.0	179.0	87.0	16.0
1393198503767	1407.0	105.0	65.0	90.0
1393198503777	1407.0	105.0	65.0	90.0
1393198503792	1407.0	176.0	87.0	10.0
1393198503797	1437.0	105.0	64.0	90.0
1393198503809	1437.0	173.0	87.0	7.0
1393198503817	1437.0	172.0	88.0	7.0
1393198503827	1451.0	172.0	88.0	6.0
1393198503837	1451.0	172.0	88.0	6.0
1393198503850	1451.0	172.0	88.0	7.0
1393198503859	1451.0	172.0	88.0	6.0
1393198503877	1473.0	169.0	88.0	3.0
1393198503887	1473.0	164.0	88.0	1.0
1393198503898	1473.0	158.0	88.0	8.0
1393198503909	1497.0	153.0	88.0	13.0
1393198503917	1497.0	149.0	88.0	17.0
1393198503927	1497.0	147.0	88.0	18.0
1393198503937	1513.0	146.0	88.0	19.0
1393198503949	1513.0	147.0	88.0	19.0
1393198503959	1513.0	148.0	88.0	18.0
1393198503969	1513.0	149.0	88.0	16.0
1393198503977	1549.0	150.0	89.0	16.0
1393198503987	1549.0	149.0	89.0	17.0
1393198503997	1549.0	145.0	89.0	20.0
1393198504009	1549.0	140.0	89.0	25.0
1393198504017	1586.0	134.0	89.0	31.0
1393198504037	1586.0	119.0	89.0	46.0
1393198504047	1586.0	111.0	89.0	55.0
1393198504058	1598.0	104.0	89.0	62.0
1393198504067	1598.0	97.0	89.0	69.0
1393198504078	1598.0	92.0	89.0	74.0
1393198504095	1595.0	87.0	89.0	79.0
1393198504097	1595.0	82.0	89.0	84.0
1393198504109	1595.0	79.0	89.0	87.0
1393198504118	1595.0	76.0	89.0	90.0
1393198504129	1601.0	74.0	89.0	92.0
1393198504143	1601.0	15.0	7.0	15.0
1393198504150	1601.0	73.0	88.0	92.0
1393198504162	1601.0	73.0	88.0	92.0
1393198504167	1621.0	73.0	88.0	93.0
1393198504177	1621.0	71.0	88.0	95.0
1393198504193	1621.0	70.0	88.0	96.0
1393198504197	1621.0	68.0	88.0	97.0
1393198504210	1641.0	68.0	88.0	98.0
1393198504217	1641.0	67.0	88.0	99.0
1393198504229	1641.0	66.0	88.0	100.0
1393198504238	1656.0	65.0	88.0	101.0
1393198504247	1656.0	65.0	88.0	101.0
1393198504258	1656.0	65.0	88.0	101.0
1393198504273	1656.0	64.0	88.0	102.0
1393198504278	1673.0	63.0	88.0	103.0
1393198504293	1673.0	61.0	88.0	105.0
1393198504298	1673.0	60.0	87.0	107.0
1393198504324	1698.0	53.0	87.0	113.0
1393198504356	1698.0	50.0	87.0	116.0
1393198504360	1698.0	47.0	87.0	119.0
1393198504363	1698.0	45.0	87.0	121.0
1393198504366	1726.0	44.0	87.0	122.0
1393198504369	1726.0	43.0	87.0	123.0
1393198504378	1726.0	42.0	87.0	124.0
1393198504393	1746.0	41.0	87.0	125.0
1393198504398	1746.0	39.0	86.0	127.0
1393198504409	1746.0	37.0	86.0	130.0
1393198504418	1746.0	104.0	58.0	90.0
1393198504428	1788.0	34.0	86.0	133.0
1393198504441	1788.0	33.0	86.0	133.0
1393198504450	1788.0	104.0	58.0	90.0
1393198504459	1788.0	34.0	86.0	132.0
1393198504467	1868.0	104.0	57.0	90.0
1393198504477	1868.0	104.0	57.0	90.0
1393198504490	1868.0	35.0	86.0	131.0
1393198504497	1944.0	36.0	85.0	131.0
1393198504515	1944.0	36.0	85.0	130.0
1393198504522	1944.0	36.0	85.0	131.0
1393198504534	1944.0	35.0	85.0	132.0
1393198504541	1979.0	34.0	85.0	132.0
1393198504548	1979.0	34.0	85.0	132.0
1393198504558	1979.0	34.0	85.0	132.0
1393198504574	1979.0	35.0	85.0	132.0
1393198504577	2012.0	35.0	85.0	132.0
1393198504590	2012.0	34.0	85.0	132.0
1393198504597	2012.0	34.0	85.0	133.0
1393198504607	2012.0	33.0	85.0	134.0
1393198504619	2017.0	32.0	85.0	135.0
1393198504630	2017.0	31.0	84.0	136.0
1393198504641	2017.0	30.0	84.0	136.0
1393198504648	2001.0	30.0	84.0	137.0
1393198504658	2001.0	30.0	84.0	137.0
1393198504668	2001.0	30.0	84.0	137.0
1393198504679	2001.0	29.0	84.0	137.0
1393198504693	1995.0	29.0	84.0	137.0
1393198504698	1995.0	29.0	84.0	138.0
1393198504708	1995.0	28.0	84.0	138.0
1393198504720	1995.0	27.0	84.0	139.0
1393198504728	1984.0	27.0	84.0	140.0
1393198504743	1984.0	26.0	84.0	141.0
1393198504750	1984.0	25.0	84.0	142.0
1393198504761	1984.0	24.0	84.0	143.0
1393198504768	1971.0	23.0	84.0	143.0
1393198504778	1971.0	23.0	84.0	144.0
1393198504791	1971.0	22.0	84.0	145.0
1393198504798	1965.0	21.0	84.0	145.0
1393198504810	1965.0	21.0	84.0	146.0
1393198504819	1965.0	21.0	84.0	146.0
1393198504828	1965.0	21.0	84.0	146.0
1393198504840	1959.0	20.0	84.0	146.0
1393198504848	1959.0	20.0	84.0	147.0
1393198504858	1959.0	19.0	84.0	148.0
1393198504878	1959.0	2.0	4.0	13.0
1393198504879	1948.0	18.0	84.0	149.0
1393198504889	1948.0	17.0	84.0	150.0
1393198504898	1948.0	16.0	84.0	150.0
1393198504908	1948.0	16.0	84.0	151.0
1393198504918	1955.0	16.0	84.0	151.0
1393198504930	1955.0	16.0	84.0	150.0
1393198504945	1955.0	17.0	84.0	150.0
1393198504959	1977.0	18.0	84.0	149.0
1393198504982	1977.0	17.0	84.0	150.0
1393198504990	1970.0	17.0	84.0	150.0
1393198504998	1970.0	16.0	84.0	151.0
1393198505008	1970.0	16.0	84.0	151.0
1393198505018	1970.0	15.0	84.0	152.0
1393198505028	1978.0	15.0	84.0	152.0
1393198505039	1978.0	15.0	84.0	152.0
1393198505050	1978.0	15.0	84.0	151.0
1393198505058	1978.0	16.0	84.0	151.0
1393198505073	1989.0	16.0	84.0	151.0
1393198505080	1989.0	16.0	84.0	152.0
1393198505088	1989.0	15.0	84.0	152.0
1393198505098	1989.0	15.0	84.0	152.0
1393198505111	1989.0	16.0	84.0	151.0
1393198505121	1989.0	16.0	84.0	151.0
1393198505128	1989.0	16.0	84.0	151.0
1393198505138	1992.0	16.0	84.0	151.0
1393198505148	1992.0	16.0	84.0	151.0
1393198505158	1992.0	16.0	84.0	151.0
1393198505172	1992.0	16.0	84.0	151.0
1393198505178	2004.0	16.0	85.0	151.0
1393198505192	2004.0	17.0	85.0	150.0
1393198505198	2004.0	17.0	85.0	150.0
1393198505208	2022.0	17.0	85.0	150.0
1393198505225	2022.0	18.0	85.0	149.0
1393198505231	2022.0	18.0	85.0	149.0
1393198505238	2022.0	18.0	85.0	149.0
1393198505248	2036.0	19.0	85.0	148.0
1393198505258	2036.0	19.0	85.0	148.0
1393198505269	2036.0	19.0	85.0	148.0
1393198505278	2036.0	19.0	85.0	148.0
1393198505290	2037.0	19.0	85.0	148.0
1393198505299	2037.0	18.0	85.0	149.0
1393198505308	2037.0	18.0	85.0	149.0
1393198505324	2037.0	18.0	85.0	149.0
1393198505328	2038.0	18.0	85.0	149.0
1393198505339	2038.0	18.0	85.0	149.0
1393198505351	2038.0	19.0	85.0	148.0
1393198505359	2037.0	19.0	85.0	148.0
1393198505373	2037.0	18.0	85.0	149.0
1393198505380	2037.0	18.0	85.0	149.0
1393198505390	2037.0	17.0	85.0	150.0
1393198505399	2034.0	17.0	85.0	150.0
1393198505413	2034.0	17.0	85.0	150.0
1393198505421	2034.0	17.0	85.0	150.0
1393198505430	2034.0	18.0	85.0	149.0
1393198505439	2053.0	18.0	85.0	149.0
1393198505452	2053.0	19.0	85.0	149.0
1393198505463	2053.0	19.0	85.0	148.0
1393198505474	2053.0	20.0	86.0	147.0
1393198505479	2080.0	21.0	86.0	146.0
1393198505488	2080.0	22.0	86.0	145.0
1393198505498	2080.0	23.0	86.0	145.0
1393198505510	2098.0	23.0	86.0	144.0
1393198505522	2098.0	23.0	86.0	144.0
1393198505531	2098.0	23.0	86.0	144.0
1393198505539	2098.0	23.0	86.0	144.0
1393198505548	2122.0	23.0	86.0	144.0
1393198505559	2122.0	24.0	86.0	143.0
1393198505571	2122.0	26.0	86.0	141.0
1393198505579	2122.0	28.0	86.0	139.0
1393198505591	2157.0	30.0	86.0	138.0
1393198505598	2157.0	30.0	86.0	137.0
1393198505610	2157.0	30.0	86.0	137.0
1393198505637	2157.0	30.0	86.0	137.0
1393198505639	2176.0	30.0	86.0	137.0
1393198505641	2176.0	31.0	86.0	136.0
1393198505655	2176.0	32.0	86.0	135.0
1393198505659	2203.0	34.0	86.0	133.0
1393198505673	2203.0	35.0	86.0	132.0
1393198505679	2203.0	35.0	86.0	132.0
1393198505691	2203.0	36.0	86.0	132.0
1393198505702	2221.0	35.0	86.0	132.0
1393198505711	2221.0	35.0	86.0	132.0
1393198505720	2221.0	35.0	86.0	132.0
1393198505729	2221.0	35.0	86.0	132.0
1393198505739	2235.0	36.0	86.0	132.0
1393198505749	2235.0	37.0	86.0	131.0
1393198505759	2235.0	38.0	86.0	129.0
1393198505772	2268.0	39.0	86.0	128.0
1393198505779	2268.0	40.0	86.0	127.0
1393198505789	2268.0	41.0	86.0	127.0
1393198505802	2268.0	41.0	86.0	126.0
1393198505809	2291.0	42.0	86.0	126.0
1393198505827	2291.0	42.0	86.0	126.0
1393198505839	2291.0	42.0	86.0	125.0
1393198505842	2291.0	42.0	86.0	125.0
1393198505851	2300.0	43.0	86.0	125.0
1393198505870	2300.0	38.0	13.0	6.0
1393198505873	2300.0	44.0	86.0	123.0
1393198505880	2300.0	45.0	86.0	123.0
1393198505891	2304.0	45.0	86.0	122.0
1393198505899	2304.0	45.0	86.0	123.0
1393198505910	2304.0	45.0	86.0	123.0
1393198505924	2302.0	45.0	86.0	122.0
1393198505929	2302.0	45.0	86.0	122.0
1393198505947	2302.0	45.0	86.0	122.0
1393198505956	2302.0	45.0	86.0	122.0
1393198505959	2295.0	45.0	86.0	122.0
1393198505970	2295.0	45.0	86.0	122.0
1393198505979	2295.0	46.0	86.0	121.0
1393198505989	2295.0	47.0	86.0	121.0
1393198505999	2302.0	47.0	86.0	120.0
1393198506011	2302.0	47.0	86.0	120.0
1393198506019	2302.0	47.0	86.0	120.0
1393198506029	2302.0	47.0	85.0	120.0
1393198506039	2293.0	47.0	85.0	120.0
1393198506049	2293.0	47.0	85.0	120.0
1393198506059	2293.0	47.0	85.0	120.0
1393198506071	2281.0	47.0	85.0	120.0
1393198506079	2281.0	47.0	85.0	120.0
1393198506090	2281.0	48.0	85.0	120.0
1393198506099	2281.0	48.0	85.0	119.0
1393198506109	2283.0	49.0	85.0	118.0
1393198506122	2283.0	50.0	85.0	117.0
1393198506135	2283.0	52.0	85.0	115.0
1393198506143	2283.0	54.0	85.0	113.0
1393198506156	2295.0	56.0	85.0	111.0
1393198506160	2295.0	58.0	85.0	109.0
1393198506172	2295.0	59.0	85.0	108.0
1393198506179	2295.0	59.0	85.0	108.0
1393198506193	2276.0	58.0	85.0	109.0
1393198506207	2276.0	57.0	85.0	110.0
1393198506211	2276.0	56.0	85.0	111.0
1393198506223	2243.0	55.0	85.0	112.0
1393198506243	2243.0	54.0	86.0	113.0
1393198506266	2243.0	54.0	86.0	113.0
1393198506270	2237.0	55.0	86.0	112.0
1393198506272	2237.0	56.0	86.0	111.0
1393198506280	2237.0	56.0	86.0	111.0
1393198506292	2237.0	55.0	86.0	112.0
1393198506307	2215.0	53.0	86.0	114.0
1393198506312	2215.0	51.0	86.0	116.0
1393198506321	2215.0	49.0	86.0	118.0
1393198506329	2215.0	48.0	86.0	119.0
1393198506339	2193.0	48.0	86.0	119.0
1393198506350	2193.0	48.0	86.0	119.0
1393198506359	2193.0	49.0	86.0	118.0
1393198506372	2198.0	50.0	86.0	117.0
1393198506379	2198.0	50.0	86.0	117.0
1393198506389	2198.0	49.0	86.0	118.0
1393198506402	2198.0	50.0	86.0	118.0
1393198506409	2214.0	50.0	86.0	117.0
1393198506420	2214.0	52.0	86.0	115.0
1393198506435	2214.0	53.0	86.0	114.0
1393198506439	2214.0	54.0	86.0	113.0
1393198506452	2224.0	55.0	86.0	113.0
1393198506459	2224.0	55.0	86.0	113.0
1393198506470	2224.0	54.0	86.0	113.0
1393198506480	2216.0	54.0	86.0	113.0
1393198506493	2216.0	54.0	86.0	113.0
1393198506503	2216.0	53.0	86.0	114.0
1393198506511	2216.0	53.0	86.0	114.0
1393198506520	2201.0	53.0	86.0	114.0
1393198506530	2201.0	52.0	86.0	115.0
1393198506540	2201.0	53.0	86.0	114.0
1393198506553	2201.0	53.0	86.0	114.0
1393198506561	2183.0	54.0	86.0	113.0
1393198506575	2183.0	53.0	86.0	114.0
1393198506580	2183.0	52.0	86.0	114.0
1393198506591	2183.0	51.0	86.0	116.0
1393198506602	2159.0	50.0	86.0	117.0
1393198506616	2159.0	49.0	86.0	117.0
1393198506625	2159.0	49.0	86.0	118.0
1393198506632	2132.0	48.0	86.0	119.0
1393198506641	2132.0	47.0	86.0	119.0
1393198506653	2132.0	48.0	87.0	119.0
1393198506660	2132.0	49.0	87.0	118.0
1393198506672	2115.0	50.0	87.0	117.0
1393198506683	2115.0	51.0	87.0	115.0
1393198506690	2115.0	52.0	87.0	115.0
1393198506703	2115.0	52.0	87.0	115.0
1393198506710	2098.0	51.0	87.0	115.0
1393198506720	2098.0	51.0	87.0	115.0
1393198506735	2098.0	52.0	87.0	115.0
1393198506740	2098.0	54.0	87.0	113.0
1393198506755	2101.0	55.0	87.0	112.0
1393198506760	2101.0	56.0	87.0	111.0
1393198506771	2101.0	56.0	87.0	111.0
1393198506781	2097.0	54.0	87.0	113.0
1393198506791	2097.0	53.0	87.0	114.0
1393198506802	2097.0	51.0	87.0	116.0
1393198506809	2097.0	51.0	88.0	116.0
1393198506819	2088.0	50.0	88.0	116.0
1393198506829	2088.0	50.0	88.0	117.0
1393198506839	2088.0	50.0	88.0	117.0
1393198506852	2088.0	50.0	88.0	117.0
1393198506859	2092.0	49.0	88.0	118.0
1393198506880	2092.0	49.0	88.0	118.0
1393198506890	2092.0	48.0	88.0	119.0
1393198506908	2083.0	47.0	88.0	120.0
1393198506912	2083.0	46.0	88.0	122.0
1393198506919	2083.0	44.0	88.0	123.0
1393198506929	2057.0	42.0	88.0	125.0
1393198506939	2057.0	40.0	88.0	127.0
1393198506955	2057.0	39.0	88.0	128.0
1393198506959	2057.0	38.0	88.0	128.0
1393198506972	2044.0	37.0	88.0	129.0
1393198506980	2044.0	36.0	88.0	131.0
1393198506990	2044.0	33.0	88.0	134.0
1393198507001	2044.0	30.0	88.0	137.0
1393198507010	2018.0	27.0	88.0	140.0
1393198507020	2018.0	26.0	88.0	141.0
1393198507036	2018.0	26.0	88.0	141.0
1393198507040	2018.0	28.0	88.0	139.0
1393198507052	2013.0	30.0	88.0	137.0
1393198507060	2013.0	32.0	89.0	135.0
1393198507070	2013.0	33.0	89.0	134.0
1393198507085	2013.0	32.0	89.0	135.0
1393198507092	2013.0	103.0	54.0	90.0
1393198507102	2013.0	28.0	89.0	139.0
1393198507120	2013.0	103.0	54.0	90.0
1393198507123	2007.0	26.0	89.0	141.0
1393198507141	2007.0	26.0	89.0	141.0
1393198507155	2007.0	26.0	89.0	141.0
1393198507164	2007.0	26.0	89.0	141.0
1393198507165	2006.0	26.0	89.0	141.0
1393198507170	2006.0	25.0	89.0	142.0
1393198507181	2006.0	24.0	89.0	143.0
1393198507189	1991.0	22.0	89.0	145.0
1393198507200	1991.0	19.0	89.0	148.0
1393198507213	1991.0	16.0	89.0	151.0
1393198507220	1991.0	14.0	89.0	153.0
1393198507234	1986.0	14.0	89.0	153.0
1393198507240	1986.0	14.0	89.0	153.0
1393198507250	1986.0	16.0	89.0	151.0
1393198507260	1986.0	16.0	89.0	151.0
1393198507273	1987.0	16.0	89.0	151.0
1393198507284	1987.0	14.0	89.0	153.0
1393198507290	1987.0	11.0	89.0	156.0
1393198507302	1987.0	9.0	89.0	158.0
1393198507310	1979.0	8.0	89.0	159.0
1393198507321	1979.0	7.0	89.0	160.0
1393198507335	1979.0	5.0	89.0	162.0
1393198507341	1970.0	3.0	89.0	164.0
1393198507353	1970.0	1.0	89.0	166.0
1393198507360	1970.0	0.0	89.0	167.0
1393198507371	1970.0	1.0	89.0	168.0
1393198507386	1965.0	2.0	89.0	169.0
1393198507392	1965.0	3.0	89.0	170.0
1393198507401	1965.0	5.0	89.0	172.0
1393198507410	1965.0	6.0	89.0	173.0
1393198507421	1955.0	8.0	89.0	175.0
1393198507434	1955.0	9.0	89.0	176.0
1393198507440	1955.0	10.0	89.0	178.0
1393198507453	1955.0	11.0	89.0	179.0
1393198507460	1949.0	12.0	89.0	180.0
1393198507471	1949.0	13.0	89.0	179.0
1393198507483	1949.0	15.0	89.0	178.0
1393198507490	1948.0	15.0	89.0	177.0
1393198507502	1948.0	17.0	89.0	176.0
1393198507521	1948.0	90.0	7.0	62.0
1393198507535	1943.0	17.0	89.0	175.0
1393198507541	1943.0	17.0	89.0	176.0
1393198507551	1943.0	17.0	89.0	176.0
1393198507562	1943.0	18.0	89.0	175.0
1393198507573	1935.0	19.0	89.0	174.0
1393198507585	1935.0	20.0	89.0	173.0
1393198507591	1935.0	22.0	89.0	171.0
1393198507601	1935.0	23.0	88.0	170.0
1393198507612	1936.0	24.0	88.0	169.0
1393198507621	1936.0	25.0	88.0	168.0
1393198507633	1936.0	26.0	88.0	167.0
1393198507640	1937.0	27.0	88.0	166.0
1393198507651	1937.0	28.0	88.0	165.0
1393198507685	1937.0	103.0	55.0	90.0
1393198507687	1937.0	102.0	88.0	165.0
1393198507688	1935.0	27.0	88.0	165.0
1393198507693	1935.0	103.0	55.0	90.0
1393198507701	1935.0	103.0	55.0	90.0
1393198507714	1935.0	29.0	88.0	163.0
1393198507723	1932.0	30.0	88.0	163.0
1393198507736	1932.0	31.0	88.0	162.0
1393198507741	1932.0	31.0	88.0	161.0
1393198507758	1926.0	32.0	88.0	161.0
1393198507770	1926.0	32.0	88.0	160.0
1393198507774	1926.0	32.0	88.0	160.0
1393198507794	1926.0	32.0	88.0	160.0
1393198507798	1917.0	32.0	88.0	161.0
1393198507802	1917.0	32.0	88.0	161.0
1393198507817	1917.0	32.0	88.0	160.0
1393198507820	1917.0	103.0	56.0	90.0
1393198507832	1914.0	34.0	88.0	159.0
1393198507840	1914.0	34.0	88.0	158.0
1393198507851	1914.0	35.0	88.0	158.0
1393198507860	1914.0	35.0	88.0	157.0
1393198507873	1919.0	36.0	88.0	157.0
1393198507884	1919.0	36.0	88.0	156.0
1393198507891	1919.0	36.0	88.0	156.0
1393198507901	1913.0	36.0	88.0	156.0
1393198507915	1913.0	37.0	88.0	155.0
1393198507922	1913.0	39.0	88.0	154.0
1393198507936	1913.0	40.0	88.0	153.0
1393198507941	1914.0	41.0	88.0	152.0
1393198507954	1914.0	42.0	88.0	151.0
1393198507965	1914.0	41.0	88.0	151.0
1393198507971	1914.0	41.0	88.0	151.0
1393198507981	1911.0	41.0	88.0	151.0
1393198507993	1911.0	41.0	88.0	151.0
1393198508001	1911.0	41.0	88.0	151.0
1393198508018	1911.0	41.0	88.0	151.0
1393198508021	1910.0	42.0	88.0	151.0
1393198508031	1910.0	42.0	88.0	150.0
1393198508041	1910.0	43.0	88.0	150.0
1393198508053	1909.0	43.0	88.0	150.0
1393198508066	1909.0	42.0	88.0	150.0
1393198508071	1909.0	42.0	88.0	151.0
1393198508082	1909.0	40.0	88.0	152.0
1393198508091	1905.0	39.0	88.0	154.0
1393198508101	1905.0	37.0	88.0	155.0
1393198508116	1905.0	36.0	88.0	156.0
1393198508121	1905.0	36.0	88.0	157.0
1393198508134	1903.0	35.0	88.0	157.0
1393198508141	1903.0	35.0	88.0	158.0
1393198508151	1903.0	35.0	88.0	157.0
1393198508168	1903.0	35.0	88.0	157.0
1393198508173	1912.0	36.0	88.0	157.0
1393198508188	1912.0	36.0	88.0	157.0
1393198508191	1912.0	35.0	88.0	157.0
1393198508201	1908.0	34.0	88.0	158.0
1393198508212	1908.0	34.0	88.0	158.0
1393198508221	1908.0	35.0	88.0	158.0
1393198508234	1908.0	35.0	88.0	157.0
1393198508241	1913.0	37.0	88.0	156.0
1393198508251	1913.0	38.0	88.0	154.0
1393198508265	1913.0	39.0	88.0	153.0
1393198508271	1913.0	40.0	88.0	153.0
1393198508282	1917.0	40.0	88.0	153.0
1393198508294	1917.0	40.0	88.0	152.0
1393198508301	1917.0	41.0	88.0	151.0
1393198508315	1917.0	42.0	88.0	150.0
1393198508321	1920.0	43.0	88.0	150.0
1393198508331	1920.0	43.0	88.0	149.0
1393198508341	1920.0	43.0	88.0	149.0
1393198508353	1920.0	43.0	88.0	150.0
1393198508363	1920.0	42.0	88.0	150.0
1393198508371	1920.0	42.0	88.0	150.0
1393198508381	1920.0	43.0	88.0	150.0
1393198508391	1926.0	43.0	88.0	149.0
1393198508407	1926.0	43.0	88.0	149.0
1393198508415	1926.0	43.0	88.0	150.0
1393198508422	1926.0	42.0	88.0	150.0
1393198508442	1924.0	42.0	88.0	150.0
1393198508444	1924.0	42.0	88.0	150.0
1393198508451	1924.0	42.0	88.0	150.0
1393198508463	1924.0	42.0	88.0	150.0
1393198508473	1924.0	42.0	88.0	150.0
1393198508481	1924.0	42.0	88.0	150.0
1393198508491	1924.0	43.0	88.0	150.0
1393198508502	1924.0	43.0	88.0	149.0
1393198508513	1924.0	44.0	88.0	148.0
1393198508521	1924.0	45.0	88.0	148.0
1393198508534	1924.0	45.0	88.0	147.0
1393198508541	1926.0	46.0	88.0	147.0
1393198508552	1926.0	46.0	88.0	146.0
1393198508564	1926.0	46.0	88.0	146.0
1393198508572	1926.0	46.0	88.0	146.0
1393198508582	1929.0	46.0	88.0	147.0
1393198508596	1929.0	45.0	88.0	147.0
1393198508601	1929.0	44.0	88.0	148.0
1393198508613	1928.0	43.0	88.0	149.0
1393198508622	1928.0	43.0	89.0	149.0
1393198508634	1928.0	43.0	89.0	149.0
1393198508642	1928.0	43.0	89.0	150.0
1393198508654	1931.0	42.0	89.0	151.0
1393198508664	1931.0	40.0	89.0	152.0
1393198508672	1931.0	39.0	89.0	154.0
1393198508682	1931.0	37.0	88.0	155.0
1393198508692	1926.0	36.0	88.0	157.0
1393198508702	1926.0	35.0	88.0	158.0
1393198508714	1926.0	34.0	88.0	158.0
1393198508722	1926.0	34.0	88.0	159.0
1393198508733	1925.0	33.0	88.0	159.0
1393198508742	1925.0	33.0	88.0	160.0
1393198508753	1925.0	32.0	88.0	160.0
1393198508764	1923.0	33.0	88.0	160.0
1393198508774	1923.0	33.0	88.0	160.0
1393198508783	1923.0	33.0	88.0	159.0
1393198508804	1924.0	33.0	88.0	159.0
1393198508820	1924.0	34.0	88.0	159.0
1393198508822	1924.0	35.0	88.0	158.0
1393198508834	1924.0	35.0	88.0	157.0
1393198508843	1924.0	35.0	88.0	157.0
1393198508852	1924.0	35.0	88.0	157.0
1393198508863	1924.0	35.0	88.0	157.0
1393198508872	1924.0	35.0	88.0	157.0
1393198508883	1920.0	35.0	88.0	158.0
1393198508898	1920.0	34.0	88.0	158.0
1393198508903	1920.0	33.0	88.0	159.0
1393198508915	1922.0	33.0	88.0	160.0
1393198508923	1922.0	33.0	88.0	160.0
1393198508932	1922.0	33.0	88.0	160.0
1393198508951	1922.0	33.0	88.0	159.0
1393198508954	1924.0	33.0	88.0	159.0
1393198508965	1924.0	33.0	88.0	159.0
1393198508972	1924.0	33.0	88.0	160.0
1393198508983	1924.0	32.0	88.0	161.0
1393198508996	1921.0	31.0	88.0	161.0
1393198509002	1921.0	31.0	88.0	162.0
1393198509014	1921.0	31.0	88.0	162.0
1393198509022	1921.0	30.0	88.0	162.0
1393198509033	1919.0	31.0	88.0	162.0
1393198509046	1919.0	31.0	88.0	161.0
1393198509052	1919.0	32.0	88.0	160.0
1393198509064	1916.0	33.0	88.0	160.0
1393198509076	1916.0	33.0	88.0	159.0
1393198509086	1916.0	34.0	88.0	159.0
1393198509101	1916.0	34.0	88.0	158.0
1393198509103	1916.0	35.0	88.0	158.0
1393198509114	1916.0	35.0	88.0	157.0
1393198509122	1916.0	36.0	88.0	157.0
1393198509134	1916.0	36.0	88.0	157.0
1393198509145	1912.0	36.0	88.0	157.0
1393198509152	1912.0	36.0	88.0	156.0
1393198509162	1912.0	36.0	88.0	156.0
1393198509172	1910.0	37.0	88.0	156.0
1393198509182	1910.0	36.0	88.0	156.0
1393198509195	1910.0	36.0	88.0	156.0
1393198509202	1910.0	37.0	88.0	156.0
1393198509212	1907.0	37.0	88.0	155.0
1393198509222	1907.0	38.0	88.0	155.0
1393198509233	1907.0	38.0	88.0	154.0
1393198509247	1907.0	39.0	88.0	154.0
1393198509254	1905.0	39.0	88.0	153.0
1393198509266	1905.0	40.0	88.0	153.0
1393198509283	1905.0	40.0	88.0	153.0
1393198509299	1902.0	40.0	88.0	153.0
1393198509304	1902.0	40.0	88.0	153.0
1393198509314	1902.0	40.0	88.0	152.0
1393198509323	1904.0	41.0	88.0	151.0
1393198509333	1904.0	42.0	88.0	150.0
1393198509347	1904.0	43.0	88.0	149.0
1393198509353	1904.0	44.0	88.0	149.0
1393198509364	1905.0	45.0	88.0	148.0
1393198509380	1905.0	45.0	88.0	148.0
1393198509383	1905.0	45.0	88.0	147.0
1393198509398	1905.0	46.0	88.0	147.0
1393198509403	1906.0	46.0	88.0	146.0
1393198509414	1906.0	47.0	88.0	146.0
1393198509423	1906.0	47.0	88.0	146.0
1393198509458	1904.0	46.0	88.0	146.0
1393198509462	1904.0	1.0	5.0	12.0
1393198509464	1904.0	46.0	88.0	147.0
1393198509472	1905.0	103.0	56.0	90.0
1393198509483	1905.0	103.0	56.0	90.0
1393198509495	1905.0	44.0	88.0	148.0
1393198509502	1905.0	44.0	88.0	148.0
1393198509513	1913.0	45.0	88.0	148.0
1393198509522	1913.0	45.0	88.0	147.0
1393198509532	1913.0	45.0	88.0	148.0
1393198509544	1913.0	44.0	88.0	149.0
1393198509554	1915.0	43.0	88.0	150.0
1393198509562	1915.0	42.0	88.0	151.0
1393198509577	1915.0	39.0	39.0	12.0
1393198509583	1915.0	44.0	35.0	13.0
1393198509594	1918.0	41.0	88.0	152.0
1393198509603	1918.0	41.0	88.0	152.0
1393198509619	1918.0	41.0	88.0	152.0
1393198509629	1917.0	41.0	88.0	152.0
1393198509635	1917.0	41.0	88.0	152.0
1393198509646	1917.0	41.0	88.0	152.0
1393198509654	1917.0	41.0	88.0	152.0
1393198509663	1921.0	41.0	88.0	151.0
1393198509677	1921.0	41.0	88.0	151.0
1393198509684	1921.0	42.0	88.0	151.0
1393198509699	1921.0	42.0	88.0	150.0
1393198509704	1920.0	43.0	88.0	149.0
1393198509717	1920.0	44.0	88.0	148.0
1393198509723	1920.0	45.0	88.0	148.0
1393198509735	1920.0	46.0	88.0	147.0
1393198509757	1920.0	46.0	88.0	146.0
1393198509761	1920.0	46.0	88.0	146.0
1393198509767	1920.0	46.0	88.0	146.0
1393198509772	1915.0	46.0	88.0	146.0
1393198509782	1915.0	46.0	88.0	147.0
1393198509794	1915.0	46.0	88.0	147.0
1393198509802	1915.0	46.0	88.0	146.0
1393198509814	1917.0	47.0	88.0	145.0
1393198509826	1917.0	48.0	88.0	145.0
1393198509833	1917.0	48.0	88.0	145.0
1393198509843	1917.0	47.0	88.0	146.0
1393198509855	1919.0	45.0	88.0	148.0
1393198509863	1919.0	43.0	88.0	149.0
1393198509877	1919.0	42.0	88.0	151.0
1393198509883	1917.0	99.0	17.0	92.0
1393198509893	1917.0	40.0	88.0	153.0
1393198509903	1917.0	39.0	88.0	154.0
1393198509916	1917.0	38.0	88.0	155.0
1393198509929	1919.0	38.0	88.0	155.0
1393198509934	1919.0	38.0	88.0	155.0
1393198509955	1919.0	38.0	88.0	155.0
1393198509958	1919.0	38.0	88.0	154.0
1393198509963	1924.0	39.0	88.0	154.0
1393198509976	1924.0	40.0	89.0	153.0
1393198509983	1924.0	40.0	89.0	152.0
1393198509993	1924.0	41.0	89.0	152.0
1393198510003	1924.0	42.0	88.0	151.0
1393198510013	1924.0	42.0	88.0	150.0
1393198510026	1924.0	43.0	88.0	150.0
1393198510035	1923.0	43.0	88.0	149.0
1393198510044	1923.0	43.0	88.0	149.0
1393198510053	1923.0	44.0	88.0	149.0
1393198510063	1923.0	44.0	88.0	149.0
1393198510084	1925.0	44.0	88.0	148.0
1393198510095	1925.0	44.0	88.0	148.0
1393198510106	1925.0	43.0	88.0	149.0
1393198510125	1922.0	43.0	88.0	150.0
1393198510135	1922.0	43.0	88.0	150.0
1393198510136	1922.0	43.0	88.0	150.0
1393198510143	1922.0	103.0	56.0	90.0
1393198510158	1926.0	43.0	88.0	150.0
1393198510163	1926.0	43.0	88.0	150.0
1393198510175	1926.0	43.0	88.0	150.0
1393198510183	1930.0	43.0	88.0	149.0
1393198510193	1930.0	43.0	88.0	149.0
1393198510203	1930.0	43.0	89.0	150.0
1393198510215	1930.0	42.0	89.0	150.0
1393198510227	1931.0	42.0	89.0	151.0
1393198510233	1931.0	41.0	89.0	151.0
1393198510243	1931.0	42.0	89.0	151.0
1393198510253	1931.0	42.0	89.0	150.0
1393198510264	1936.0	43.0	89.0	150.0
1393198510278	1936.0	42.0	89.0	150.0
1393198510284	1936.0	41.0	89.0	151.0
1393198510295	1936.0	41.0	89.0	152.0
1393198510303	1934.0	40.0	89.0	152.0
1393198510314	1934.0	40.0	89.0	152.0
1393198510324	1934.0	41.0	89.0	151.0
1393198510336	1936.0	42.0	89.0	151.0
1393198510346	1936.0	43.0	89.0	150.0
1393198510355	1936.0	43.0	89.0	149.0
1393198510364	1936.0	43.0	89.0	149.0
1393198510374	1936.0	43.0	89.0	149.0
1393198510385	1936.0	44.0	89.0	149.0
1393198510396	1936.0	44.0	89.0	148.0
1393198510404	1936.0	45.0	89.0	147.0
1393198510414	1938.0	46.0	89.0	147.0
1393198510428	1938.0	46.0	89.0	146.0
1393198510434	1938.0	46.0	89.0	146.0
1393198510445	1934.0	47.0	89.0	146.0
1393198510457	1934.0	48.0	89.0	145.0
1393198510463	1934.0	49.0	89.0	144.0
1393198510475	1934.0	49.0	89.0	143.0
1393198510484	1933.0	103.0	55.0	90.0
1393198510494	1933.0	50.0	89.0	142.0
1393198510507	1933.0	51.0	89.0	142.0
1393198510515	1933.0	52.0	89.0	141.0
1393198510525	1933.0	52.0	89.0	140.0
1393198510534	1933.0	53.0	89.0	140.0
1393198510543	1933.0	103.0	56.0	90.0
1393198510553	1933.0	103.0	56.0	90.0
1393198510563	1930.0	55.0	89.0	138.0
1393198510575	1930.0	54.0	89.0	139.0
1393198510583	1930.0	53.0	89.0	140.0
1393198510593	1927.0	52.0	89.0	141.0
1393198510603	1927.0	51.0	89.0	142.0
1393198510613	1927.0	50.0	89.0	142.0
1393198510623	1927.0	50.0	89.0	143.0
1393198510635	1926.0	49.0	89.0	143.0
1393198510643	1926.0	48.0	89.0	144.0
1393198510653	1926.0	48.0	89.0	145.0
1393198510663	1926.0	47.0	89.0	146.0
1393198510674	1924.0	46.0	89.0	147.0
1393198510683	1924.0	45.0	89.0	148.0
1393198510695	1924.0	44.0	89.0	148.0
1393198510703	1924.0	44.0	89.0	149.0
1393198510715	1923.0	43.0	89.0	150.0
1393198510725	1923.0	42.0	89.0	150.0
1393198510734	1923.0	42.0	89.0	151.0
1393198510746	1919.0	42.0	89.0	150.0
1393198510757	1919.0	43.0	89.0	150.0
1393198510763	1919.0	43.0	89.0	149.0
1393198510774	1919.0	44.0	89.0	148.0
1393198510784	1925.0	45.0	89.0	147.0
1393198510794	1925.0	46.0	89.0	146.0
1393198510807	1925.0	47.0	89.0	146.0
1393198510816	1925.0	48.0	89.0	145.0
1393198510824	1927.0	48.0	89.0	145.0
1393198510834	1927.0	48.0	89.0	145.0
1393198510844	1927.0	48.0	89.0	144.0
1393198510854	1927.0	48.0	89.0	144.0
1393198510864	1924.0	49.0	89.0	144.0
1393198510876	1924.0	49.0	89.0	143.0
1393198510884	1924.0	49.0	89.0	143.0
1393198510894	1923.0	49.0	89.0	143.0
1393198510907	1923.0	49.0	89.0	144.0
1393198510914	1923.0	48.0	89.0	145.0
1393198510930	1923.0	47.0	89.0	145.0
1393198510936	1921.0	47.0	89.0	145.0
1393198510954	1921.0	1.0	5.0	13.0
1393198510956	1921.0	47.0	89.0	145.0
1393198510964	1921.0	47.0	89.0	146.0
1393198510975	1922.0	47.0	89.0	146.0
1393198510989	1922.0	46.0	89.0	147.0
1393198511005	1922.0	45.0	89.0	147.0
1393198511007	1922.0	45.0	89.0	148.0
1393198511034	1924.0	44.0	89.0	148.0
1393198511037	1924.0	44.0	89.0	148.0
1393198511042	1924.0	44.0	89.0	148.0
1393198511045	1926.0	44.0	89.0	149.0
1393198511065	1926.0	44.0	89.0	149.0
1393198511067	1926.0	44.0	89.0	149.0
1393198511073	1926.0	103.0	56.0	90.0
1393198511083	1929.0	103.0	55.0	90.0
1393198511093	1929.0	103.0	55.0	90.0
1393198511106	1929.0	43.0	89.0	149.0
1393198511116	1929.0	103.0	55.0	90.0
1393198511125	1925.0	43.0	89.0	149.0
1393198511134	1925.0	103.0	55.0	90.0
1393198511146	1925.0	44.0	89.0	149.0
1393198511161	1925.0	45.0	89.0	148.0
1393198511165	1925.0	45.0	89.0	148.0
1393198511179	1925.0	44.0	89.0	148.0
1393198511186	1925.0	44.0	89.0	149.0
1393198511194	1923.0	103.0	56.0	90.0
1393198511205	1923.0	44.0	89.0	148.0
1393198511215	1923.0	45.0	89.0	147.0
1393198511226	1923.0	46.0	89.0	147.0
1393198511242	1926.0	45.0	89.0	147.0
1393198511246	1926.0	45.0	89.0	148.0
1393198511259	1926.0	44.0	89.0	149.0
1393198511265	1926.0	43.0	89.0	150.0
1393198511276	1927.0	42.0	89.0	151.0
1393198511286	1927.0	41.0	89.0	151.0
1393198511297	1927.0	41.0	89.0	152.0
1393198511313	1926.0	41.0	89.0	152.0
1393198511315	1926.0	41.0	89.0	152.0
1393198511324	1926.0	103.0	55.0	90.0
1393198511334	1926.0	103.0	55.0	90.0
1393198511344	1930.0	44.0	89.0	148.0
1393198511364	1930.0	103.0	55.0	90.0
1393198511376	1930.0	45.0	89.0	147.0
1393198511388	1928.0	45.0	89.0	148.0
1393198511411	1928.0	45.0	89.0	147.0
1393198511413	1928.0	47.0	89.0	146.0
1393198511416	1928.0	49.0	89.0	143.0
1393198511425	1931.0	52.0	89.0	141.0
1393198511435	1931.0	53.0	89.0	140.0
1393198511446	1931.0	53.0	89.0	140.0
1393198511455	1932.0	53.0	89.0	140.0
1393198511465	1932.0	53.0	89.0	140.0
1393198511477	1932.0	53.0	89.0	140.0
1393198511485	1932.0	53.0	89.0	140.0
1393198511495	1929.0	52.0	89.0	140.0
1393198511508	1929.0	51.0	89.0	141.0
1393198511515	1929.0	50.0	89.0	142.0
1393198511525	1929.0	50.0	89.0	142.0
1393198511540	1930.0	51.0	89.0	142.0
1393198511545	1930.0	52.0	89.0	141.0
1393198511558	1930.0	52.0	89.0	141.0
1393198511565	1930.0	52.0	89.0	141.0
1393198511575	1933.0	51.0	89.0	141.0
1393198511585	1933.0	51.0	89.0	142.0
1393198511597	1933.0	50.0	89.0	142.0
1393198511607	1932.0	50.0	89.0	143.0
1393198511615	1932.0	50.0	89.0	143.0
1393198511625	1932.0	50.0	89.0	143.0
1393198511641	1932.0	50.0	89.0	142.0
1393198511645	1934.0	50.0	89.0	142.0
1393198511657	1934.0	51.0	89.0	142.0
1393198511665	1934.0	51.0	89.0	142.0
1393198511675	1934.0	51.0	89.0	142.0
1393198511690	1934.0	51.0	89.0	142.0
1393198511695	1934.0	51.0	89.0	141.0
1393198511707	1934.0	52.0	89.0	141.0
1393198511717	1934.0	53.0	89.0	140.0
1393198511726	1930.0	54.0	89.0	139.0
1393198511740	1930.0	54.0	89.0	138.0
1393198511747	1930.0	54.0	89.0	138.0
1393198511758	1933.0	55.0	89.0	138.0
1393198511765	1933.0	56.0	89.0	136.0
1393198511778	1933.0	58.0	89.0	135.0
1393198511790	1933.0	58.0	89.0	134.0
1393198511796	1931.0	58.0	89.0	134.0
1393198511807	1931.0	58.0	89.0	134.0
1393198511815	1931.0	58.0	89.0	134.0
1393198511825	1931.0	60.0	89.0	133.0
1393198511840	1934.0	62.0	89.0	131.0
1393198511845	1934.0	63.0	89.0	129.0
1393198511857	1934.0	63.0	89.0	129.0
1393198511865	1932.0	62.0	89.0	130.0
1393198511875	1932.0	61.0	89.0	132.0
1393198511890	1932.0	59.0	89.0	133.0
1393198511897	1932.0	59.0	89.0	133.0
1393198511907	1932.0	60.0	89.0	132.0
1393198511915	1932.0	61.0	89.0	132.0
1393198511929	1932.0	60.0	89.0	132.0
1393198511951	1932.0	60.0	89.0	133.0
1393198511953	1931.0	59.0	89.0	133.0
1393198511958	1931.0	59.0	89.0	134.0
1393198511965	1931.0	58.0	89.0	135.0
1393198511975	1931.0	57.0	89.0	136.0
1393198511988	1930.0	55.0	89.0	137.0
1393198512006	1930.0	53.0	89.0	140.0
1393198512029	1929.0	53.0	89.0	140.0
1393198512031	1929.0	52.0	89.0	140.0
1393198512046	1929.0	51.0	89.0	141.0
1393198512055	1924.0	51.0	89.0	142.0
1393198512065	1924.0	51.0	89.0	142.0
1393198512077	1924.0	51.0	89.0	141.0
1393198512088	1924.0	52.0	89.0	141.0
1393198512095	1920.0	51.0	89.0	142.0
1393198512108	1920.0	50.0	89.0	143.0
1393198512119	1920.0	50.0	89.0	143.0
1393198512124	1920.0	51.0	89.0	142.0
1393198512136	1920.0	53.0	89.0	140.0
1393198512144	1920.0	55.0	89.0	138.0
1393198512154	1920.0	56.0	89.0	137.0
1393198512165	1919.0	56.0	89.0	136.0
1393198512175	1919.0	56.0	89.0	136.0
1393198512186	1919.0	56.0	89.0	137.0
1393198512197	1919.0	57.0	89.0	135.0
1393198512205	1921.0	60.0	89.0	133.0
1393198512215	1921.0	63.0	89.0	130.0
1393198512225	1921.0	64.0	89.0	128.0
1393198512236	1921.0	65.0	89.0	128.0
1393198512245	1921.0	65.0	89.0	128.0
1393198512257	1921.0	65.0	89.0	127.0
1393198512265	1921.0	67.0	89.0	126.0
1393198512275	1921.0	68.0	89.0	125.0
1393198512286	1919.0	68.0	89.0	125.0
1393198512295	1919.0	67.0	89.0	125.0
1393198512310	1919.0	66.0	89.0	127.0
1393198512333	1917.0	65.0	89.0	127.0
1393198512335	1917.0	73.0	20.0	51.0
1393198512336	1917.0	65.0	89.0	127.0
1393198512346	1917.0	66.0	89.0	127.0
1393198512368	1918.0	67.0	89.0	126.0
1393198512369	1918.0	66.0	89.0	126.0
1393198512376	1918.0	66.0	89.0	127.0
1393198512384	1918.0	64.0	89.0	128.0
1393198512394	1916.0	63.0	89.0	130.0
1393198512404	1916.0	62.0	89.0	131.0
1393198512415	1916.0	103.0	56.0	90.0
1393198512425	1915.0	60.0	89.0	132.0
1393198512437	1915.0	60.0	89.0	132.0
1393198512445	1915.0	61.0	89.0	132.0
1393198512455	1915.0	61.0	89.0	132.0
1393198512469	1918.0	60.0	89.0	132.0
1393198512475	1918.0	103.0	56.0	90.0
1393198512487	1918.0	60.0	89.0	132.0
1393198512498	1918.0	103.0	56.0	90.0
1393198512506	1918.0	59.0	89.0	133.0
1393198512522	1918.0	59.0	89.0	134.0
1393198512526	1918.0	58.0	89.0	135.0
1393198512539	1918.0	56.0	89.0	136.0
1393198512546	1913.0	103.0	56.0	90.0
1393198512558	1913.0	56.0	89.0	137.0
1393198512577	1915.0	57.0	89.0	135.0
1393198512588	1915.0	57.0	89.0	135.0
1393198512597	1915.0	57.0	89.0	135.0
1393198512609	1915.0	57.0	89.0	136.0
1393198512621	1910.0	56.0	89.0	137.0
1393198512626	1910.0	55.0	89.0	137.0
1393198512646	1910.0	57.0	89.0	135.0
1393198512656	1909.0	59.0	89.0	134.0
1393198512678	1909.0	60.0	89.0	133.0
1393198512680	1909.0	60.0	89.0	133.0
1393198512686	1909.0	59.0	89.0	133.0
1393198512696	1908.0	59.0	89.0	133.0
1393198512706	1908.0	60.0	89.0	133.0
1393198512722	1908.0	61.0	89.0	132.0
1393198512726	1910.0	62.0	89.0	131.0
1393198512738	1910.0	62.0	89.0	131.0
1393198512746	1910.0	61.0	89.0	131.0
1393198512756	1910.0	61.0	89.0	132.0
1393198512767	1906.0	60.0	89.0	133.0
1393198512775	1906.0	59.0	89.0	134.0
1393198512785	1906.0	59.0	89.0	134.0
1393198512797	1906.0	59.0	89.0	134.0
1393198512805	1903.0	59.0	89.0	133.0
1393198512823	1903.0	59.0	89.0	133.0
1393198512825	1903.0	60.0	89.0	133.0
1393198512836	1903.0	61.0	89.0	132.0
1393198512846	1907.0	62.0	89.0	131.0
1393198512869	1907.0	62.0	89.0	130.0
1393198512871	1907.0	62.0	89.0	131.0
1393198512875	1904.0	61.0	89.0	131.0
1393198512885	1904.0	61.0	89.0	131.0
1393198512895	1904.0	61.0	89.0	131.0
1393198512905	1904.0	61.0	89.0	131.0
1393198512920	1906.0	61.0	89.0	131.0
1393198512926	1906.0	61.0	89.0	131.0
1393198512943	1906.0	61.0	89.0	131.0
1393198512946	1906.0	62.0	89.0	131.0
1393198512956	1906.0	62.0	89.0	130.0
1393198512969	1906.0	63.0	89.0	130.0
1393198512977	1906.0	63.0	89.0	129.0
1393198512985	1906.0	63.0	89.0	129.0
1393198512995	1909.0	62.0	89.0	130.0
1393198513006	1909.0	61.0	89.0	131.0
1393198513026	1909.0	60.0	89.0	133.0
1393198513027	1906.0	59.0	89.0	134.0
1393198513038	1906.0	59.0	89.0	134.0
1393198513048	1906.0	60.0	89.0	133.0
1393198513056	1906.0	61.0	89.0	131.0
1393198513067	1907.0	64.0	89.0	129.0
1393198513076	1907.0	66.0	89.0	127.0
1393198513085	1907.0	66.0	89.0	126.0
1393198513099	1907.0	67.0	89.0	126.0
1393198513105	1906.0	67.0	89.0	125.0
1393198513118	1906.0	67.0	89.0	125.0
1393198513126	1906.0	67.0	89.0	125.0
1393198513137	1905.0	68.0	89.0	125.0
1393198513148	1905.0	68.0	89.0	124.0
1393198513158	1905.0	69.0	89.0	124.0
1393198513169	1905.0	69.0	89.0	124.0
1393198513175	1903.0	69.0	89.0	124.0
1393198513185	1903.0	69.0	89.0	124.0
1393198513195	1903.0	70.0	89.0	123.0
1393198513205	1903.0	70.0	89.0	122.0
1393198513218	1906.0	70.0	89.0	122.0
1393198513226	1906.0	103.0	57.0	90.0
1393198513237	1906.0	67.0	89.0	125.0
1393198513246	1906.0	65.0	89.0	127.0
1393198513256	1905.0	64.0	89.0	129.0
1393198513267	1905.0	63.0	89.0	130.0
1393198513287	1906.0	61.0	89.0	132.0
1393198513310	1906.0	59.0	89.0	133.0
1393198513317	1906.0	59.0	89.0	134.0
1393198513327	1910.0	58.0	89.0	134.0
1393198513339	1910.0	58.0	89.0	135.0
1393198513347	1910.0	57.0	89.0	135.0
1393198513357	1910.0	56.0	89.0	137.0
1393198513368	1906.0	55.0	89.0	138.0
1393198513376	1906.0	55.0	89.0	138.0
1393198513386	1906.0	56.0	89.0	136.0
1393198513401	1906.0	59.0	89.0	133.0
1393198513407	1910.0	63.0	89.0	130.0
1393198513418	1910.0	66.0	89.0	127.0
1393198513426	1910.0	67.0	89.0	125.0
1393198513437	1912.0	68.0	89.0	125.0
1393198513455	1912.0	69.0	89.0	124.0
1393198513459	1912.0	70.0	89.0	123.0
1393198513472	1912.0	72.0	89.0	121.0
1393198513477	1911.0	73.0	89.0	119.0
1393198513488	1911.0	73.0	89.0	119.0
1393198513505	1911.0	72.0	89.0	121.0
1393198513507	1911.0	69.0	89.0	123.0
1393198513519	1908.0	67.0	89.0	126.0
1393198513527	1908.0	66.0	89.0	127.0
1393198513536	1908.0	66.0	89.0	126.0
1393198513548	1908.0	67.0	89.0	126.0
1393198513557	1906.0	67.0	89.0	126.0
1393198513568	1906.0	66.0	89.0	127.0
1393198513580	1906.0	64.0	89.0	129.0
1393198513586	1905.0	62.0	89.0	130.0
1393198513600	1905.0	62.0	89.0	131.0
1393198513613	1905.0	63.0	89.0	129.0
1393198513617	1905.0	66.0	89.0	126.0
1393198513636	1908.0	69.0	89.0	123.0
1393198513640	1908.0	71.0	89.0	122.0
1393198513652	1908.0	71.0	89.0	122.0
1393198513657	1908.0	71.0	89.0	122.0
1393198513684	1903.0	71.0	89.0	122.0
1393198513686	1903.0	26.0	28.0	23.0
1393198513687	1903.0	73.0	89.0	120.0
1393198513700	1903.0	75.0	89.0	118.0
1393198513706	1902.0	77.0	89.0	115.0
1393198513720	1902.0	80.0	89.0	113.0
1393198513727	1902.0	82.0	89.0	110.0
1393198513737	1903.0	83.0	89.0	109.0
1393198513752	1903.0	84.0	89.0	108.0
1393198513759	1903.0	84.0	89.0	108.0
1393198513769	1903.0	84.0	89.0	108.0
1393198513777	1901.0	83.0	89.0	110.0
1393198513787	1901.0	81.0	89.0	112.0
1393198513803	1901.0	79.0	89.0	113.0
1393198513807	1901.0	79.0	89.0	114.0
1393198513820	1899.0	79.0	89.0	113.0
1393198513826	1899.0	79.0	89.0	113.0
1393198513837	1899.0	80.0	89.0	113.0
1393198513850	1896.0	80.0	89.0	113.0
1393198513857	1896.0	79.0	89.0	114.0
1393198513868	1896.0	77.0	89.0	116.0
1393198513886	1896.0	75.0	89.0	117.0
1393198513888	1895.0	74.0	89.0	119.0
1393198513902	1895.0	72.0	89.0	120.0
1393198513907	1895.0	72.0	89.0	121.0
1393198513923	1895.0	72.0	89.0	121.0
1393198513934	1896.0	73.0	89.0	119.0
1393198513939	1896.0	75.0	89.0	118.0
1393198513964	1896.0	76.0	89.0	116.0
1393198513968	1896.0	78.0	89.0	115.0
1393198513975	1894.0	80.0	89.0	113.0
1393198513979	1894.0	82.0	89.0	111.0
1393198513987	1894.0	83.0	89.0	110.0
1393198514000	1891.0	84.0	89.0	108.0
1393198514007	1891.0	86.0	89.0	107.0
1393198514019	1891.0	87.0	89.0	105.0
1393198514036	1891.0	88.0	89.0	104.0
1393198514038	1891.0	89.0	89.0	104.0
1393198514047	1891.0	89.0	89.0	104.0
1393198514060	1891.0	88.0	89.0	104.0
1393198514066	1891.0	88.0	89.0	105.0
1393198514078	1888.0	87.0	89.0	105.0
1393198514087	1888.0	88.0	89.0	105.0
1393198514099	1888.0	89.0	89.0	103.0
1393198514106	1888.0	91.0	89.0	101.0
1393198514120	1890.0	93.0	89.0	100.0
1393198514129	1890.0	93.0	89.0	99.0
1393198514137	1890.0	92.0	89.0	100.0
1393198514149	1888.0	90.0	89.0	102.0
1393198514157	1888.0	89.0	89.0	104.0
1393198514167	1888.0	87.0	89.0	105.0
1393198514184	1888.0	86.0	89.0	106.0
1393198514187	1888.0	85.0	89.0	107.0
1393198514199	1888.0	85.0	89.0	108.0
1393198514207	1888.0	86.0	89.0	107.0
1393198514217	1888.0	88.0	89.0	105.0
1393198514227	1889.0	89.0	89.0	104.0
1393198514241	1889.0	90.0	89.0	103.0
1393198514249	1889.0	89.0	89.0	103.0
1393198514257	1889.0	89.0	89.0	104.0
1393198514267	1889.0	88.0	89.0	104.0
1393198514278	1889.0	89.0	89.0	104.0
1393198514287	1889.0	89.0	89.0	104.0
1393198514299	1887.0	88.0	89.0	105.0
1393198514307	1887.0	86.0	89.0	107.0
1393198514317	1887.0	84.0	89.0	109.0
1393198514333	1887.0	83.0	89.0	110.0
1393198514338	1885.0	83.0	89.0	110.0
1393198514350	1885.0	84.0	89.0	108.0
1393198514361	1885.0	86.0	89.0	107.0
1393198514367	1885.0	87.0	89.0	105.0
1393198514381	1883.0	89.0	89.0	104.0
1393198514388	1883.0	90.0	89.0	102.0
1393198514398	1883.0	92.0	89.0	101.0
1393198514407	1886.0	94.0	89.0	99.0
1393198514419	1886.0	97.0	89.0	96.0
1393198514431	1886.0	99.0	89.0	93.0
1393198514437	1886.0	101.0	89.0	92.0
1393198514448	1886.0	100.0	89.0	92.0
1393198514457	1886.0	99.0	89.0	93.0
1393198514467	1886.0	97.0	89.0	95.0
1393198514482	1886.0	95.0	89.0	97.0
1393198514487	1885.0	96.0	89.0	97.0
1393198514499	1885.0	98.0	89.0	95.0
1393198514507	1885.0	99.0	89.0	93.0
1393198514517	1885.0	99.0	89.0	94.0
1393198514533	1883.0	98.0	89.0	95.0
1393198514539	1883.0	97.0	89.0	96.0
1393198514548	1883.0	97.0	89.0	96.0
1393198514568	1883.0	103.0	89.0	89.0
1393198514589	1883.0	107.0	89.0	86.0
1393198514591	1883.0	108.0	89.0	85.0
1393198514600	1884.0	107.0	89.0	85.0
1393198514607	1884.0	107.0	89.0	86.0
1393198514617	1884.0	107.0	89.0	86.0
1393198514631	1884.0	108.0	89.0	85.0
1393198514637	1884.0	109.0	89.0	84.0
1393198514650	1884.0	110.0	89.0	83.0
1393198514660	1884.0	111.0	89.0	82.0
1393198514668	1884.0	112.0	89.0	81.0
1393198514682	1886.0	114.0	89.0	79.0
1393198514687	1886.0	116.0	89.0	77.0
1393198514698	1886.0	117.0	89.0	76.0
1393198514708	1886.0	117.0	89.0	75.0
1393198514725	1886.0	117.0	89.0	76.0
1393198514730	1886.0	116.0	89.0	77.0
1393198514740	1886.0	117.0	89.0	76.0
1393198514760	1878.0	115.0	90.0	78.0
1393198514765	1878.0	115.0	90.0	78.0
1393198514771	1878.0	113.0	90.0	80.0
1393198514781	1878.0	113.0	90.0	80.0
1393198514788	1875.0	116.0	90.0	77.0
1393198514800	1875.0	119.0	90.0	74.0
1393198514810	1875.0	121.0	90.0	72.0
1393198514820	1875.0	122.0	90.0	71.0
1393198514828	1882.0	123.0	90.0	69.0
1393198514840	1882.0	125.0	90.0	67.0
1393198514850	1882.0	129.0	90.0	63.0
1393198514861	1883.0	133.0	90.0	59.0
1393198514869	1883.0	136.0	90.0	56.0
1393198514878	1883.0	137.0	90.0	55.0
1393198514888	1883.0	138.0	90.0	55.0
1393198514900	1882.0	138.0	89.0	55.0
1393198514909	1882.0	138.0	89.0	55.0
1393198514927	1882.0	138.0	89.0	55.0
1393198514931	1882.0	138.0	89.0	54.0
1393198514938	1883.0	138.0	89.0	55.0
1393198514960	1883.0	137.0	89.0	56.0
1393198514962	1883.0	136.0	89.0	56.0
1393198514968	1883.0	137.0	89.0	56.0
1393198514980	1882.0	138.0	89.0	55.0
1393198514987	1882.0	138.0	89.0	54.0
1393198514997	1882.0	138.0	89.0	55.0
1393198515009	1881.0	136.0	89.0	56.0
1393198515021	1881.0	135.0	89.0	58.0
1393198515029	1881.0	136.0	89.0	57.0
1393198515038	1881.0	138.0	89.0	55.0
1393198515049	1883.0	140.0	89.0	53.0
1393198515060	1883.0	141.0	89.0	52.0
1393198515068	1883.0	142.0	89.0	51.0
1393198515080	1883.0	143.0	89.0	50.0
1393198515088	1885.0	144.0	89.0	49.0
1393198515098	1885.0	145.0	89.0	48.0
1393198515108	1885.0	146.0	89.0	47.0
1393198515118	1886.0	147.0	89.0	46.0
1393198515133	1886.0	149.0	89.0	44.0
1393198515142	1886.0	151.0	89.0	42.0
1393198515148	1886.0	152.0	89.0	41.0
1393198515162	1886.0	151.0	89.0	41.0
1393198515168	1886.0	150.0	89.0	43.0
1393198515179	1886.0	150.0	89.0	43.0
1393198515188	1886.0	151.0	89.0	42.0
1393198515220	1888.0	159.0	89.0	33.0
1393198515222	1888.0	163.0	89.0	30.0
1393198515230	1888.0	163.0	89.0	29.0
1393198515238	1889.0	163.0	89.0	30.0
1393198515249	1889.0	162.0	89.0	30.0
1393198515263	1889.0	163.0	89.0	30.0
1393198515268	1890.0	164.0	89.0	29.0
1393198515278	1890.0	165.0	89.0	28.0
1393198515288	1890.0	165.0	89.0	28.0
1393198515298	1890.0	164.0	89.0	29.0
1393198515312	1889.0	163.0	89.0	30.0
1393198515320	1889.0	162.0	89.0	30.0
1393198515328	1889.0	161.0	89.0	32.0
1393198515338	1889.0	159.0	89.0	34.0
1393198515348	1888.0	157.0	89.0	36.0
1393198515361	1888.0	155.0	89.0	38.0
1393198515369	1888.0	154.0	89.0	39.0
1393198515380	1888.0	154.0	89.0	39.0
1393198515388	1887.0	153.0	89.0	39.0
1393198515400	1887.0	152.0	89.0	40.0
1393198515412	1887.0	152.0	89.0	41.0
1393198515418	1887.0	151.0	89.0	42.0
1393198515432	1887.0	151.0	89.0	42.0
1393198515444	1887.0	150.0	89.0	43.0
1393198515448	1887.0	149.0	89.0	44.0
1393198515461	1888.0	148.0	89.0	45.0
1393198515468	1888.0	148.0	89.0	44.0
1393198515478	1888.0	150.0	89.0	43.0
1393198515488	1888.0	151.0	89.0	41.0
1393198515501	1892.0	152.0	89.0	41.0
1393198515511	1892.0	152.0	89.0	40.0
1393198515518	1892.0	152.0	89.0	41.0
1393198515529	1892.0	152.0	89.0	41.0
1393198515538	1892.0	152.0	89.0	40.0
1393198515549	1892.0	153.0	89.0	40.0
1393198515570	1894.0	155.0	89.0	38.0
1393198515579	1894.0	156.0	89.0	37.0
1393198515589	1894.0	158.0	89.0	35.0
1393198515603	1894.0	159.0	89.0	34.0
1393198515616	1896.0	159.0	89.0	34.0
1393198515621	1896.0	158.0	89.0	34.0
1393198515629	1896.0	158.0	89.0	35.0
1393198515639	1896.0	157.0	89.0	35.0
1393198515649	1895.0	157.0	89.0	36.0
1393198515663	1895.0	156.0	89.0	37.0
1393198515668	1895.0	155.0	89.0	37.0
1393198515680	1895.0	155.0	89.0	37.0
1393198515688	1898.0	157.0	89.0	36.0
1393198515698	1898.0	158.0	89.0	35.0
1393198515710	1898.0	159.0	89.0	34.0
1393198515719	1898.0	159.0	89.0	34.0
1393198515729	1898.0	160.0	89.0	33.0
1393198515745	1898.0	161.0	89.0	32.0
1393198515749	1898.0	162.0	89.0	31.0
1393198515762	1901.0	162.0	89.0	31.0
1393198515769	1901.0	162.0	89.0	31.0
1393198515779	1901.0	162.0	89.0	31.0
1393198515789	1901.0	162.0	89.0	31.0
1393198515801	1900.0	161.0	89.0	31.0
1393198515812	1900.0	161.0	89.0	32.0
1393198515820	1900.0	161.0	89.0	32.0
1393198515828	1902.0	161.0	89.0	32.0
1393198515841	1902.0	160.0	89.0	32.0
1393198515849	1902.0	160.0	89.0	33.0
1393198515867	1902.0	159.0	89.0	34.0
1393198515869	1900.0	157.0	89.0	36.0
1393198515881	1900.0	155.0	89.0	37.0
1393198515892	1900.0	106.0	14.0	65.0
1393198515899	1900.0	153.0	89.0	40.0
1393198515916	1901.0	153.0	89.0	40.0
1393198515924	1901.0	152.0	89.0	41.0
1393198515929	1901.0	152.0	89.0	41.0
1393198515939	1901.0	152.0	89.0	41.0
1393198515954	1900.0	152.0	89.0	41.0
1393198515959	1900.0	152.0	89.0	40.0
1393198515969	1900.0	153.0	89.0	40.0
1393198515981	1904.0	153.0	89.0	40.0
1393198515989	1904.0	153.0	89.0	40.0
1393198515999	1904.0	153.0	89.0	40.0
1393198516011	1904.0	152.0	89.0	40.0
1393198516019	1902.0	152.0	89.0	41.0
1393198516029	1902.0	152.0	89.0	41.0
1393198516044	1902.0	152.0	89.0	41.0
1393198516049	1902.0	152.0	89.0	41.0
1393198516062	1902.0	151.0	89.0	42.0
1393198516068	1902.0	150.0	89.0	43.0
1393198516079	1902.0	150.0	89.0	43.0
1393198516094	1902.0	149.0	89.0	43.0
1393198516101	1904.0	150.0	89.0	43.0
1393198516111	1904.0	150.0	89.0	43.0
1393198516119	1904.0	150.0	89.0	43.0
1393198516129	1904.0	149.0	89.0	44.0
1393198516143	1904.0	147.0	89.0	46.0
1393198516149	1904.0	146.0	89.0	47.0
1393198516161	1904.0	146.0	89.0	47.0
1393198516168	1903.0	147.0	89.0	46.0
1393198516179	1903.0	148.0	89.0	45.0
1393198516193	1903.0	149.0	89.0	44.0
1393198516199	1903.0	149.0	89.0	44.0
1393198516210	1905.0	148.0	89.0	44.0
1393198516228	1905.0	148.0	89.0	45.0
1393198516240	1905.0	148.0	89.0	44.0
1393198516242	1905.0	149.0	89.0	44.0
1393198516249	1906.0	150.0	89.0	43.0
1393198516261	1906.0	151.0	89.0	42.0
1393198516269	1906.0	151.0	89.0	41.0
1393198516282	1906.0	152.0	89.0	41.0
1393198516293	1906.0	152.0	89.0	41.0
1393198516299	1906.0	153.0	89.0	40.0
1393198516309	1906.0	154.0	89.0	39.0
1393198516318	1909.0	155.0	89.0	38.0
1393198516329	1909.0	155.0	89.0	37.0
1393198516342	1909.0	156.0	89.0	37.0
1393198516348	1909.0	156.0	89.0	37.0
1393198516359	1907.0	157.0	89.0	36.0
1393198516369	1907.0	157.0	89.0	35.0
1393198516379	1907.0	158.0	89.0	35.0
1393198516392	1905.0	158.0	89.0	35.0
1393198516401	1905.0	158.0	89.0	34.0
1393198516411	1905.0	159.0	89.0	34.0
1393198516419	1905.0	160.0	89.0	32.0
1393198516430	1906.0	161.0	89.0	31.0
1393198516441	1906.0	162.0	89.0	31.0
1393198516449	1906.0	162.0	89.0	31.0
1393198516462	1906.0	161.0	89.0	31.0
1393198516469	1905.0	161.0	89.0	32.0
1393198516494	1905.0	161.0	89.0	32.0
1393198516499	1905.0	161.0	89.0	31.0
1393198516516	1906.0	162.0	89.0	31.0
1393198516521	1906.0	162.0	89.0	31.0
1393198516529	1906.0	162.0	89.0	31.0
1393198516542	1908.0	162.0	89.0	30.0
1393198516549	1908.0	163.0	89.0	29.0
1393198516560	1908.0	164.0	89.0	28.0
1393198516569	1908.0	165.0	89.0	28.0
1393198516582	1908.0	165.0	89.0	28.0
1393198516592	1908.0	165.0	89.0	28.0
1393198516599	1908.0	165.0	89.0	28.0
1393198516609	1908.0	165.0	89.0	28.0
1393198516619	1913.0	165.0	89.0	27.0
1393198516629	1913.0	165.0	89.0	27.0
1393198516641	1913.0	166.0	89.0	27.0
1393198516649	1913.0	166.0	89.0	27.0
1393198516659	1915.0	166.0	89.0	27.0
1393198516669	1915.0	165.0	89.0	27.0
1393198516679	1915.0	165.0	89.0	28.0
1393198516690	1915.0	164.0	89.0	28.0
1393198516701	1915.0	164.0	89.0	29.0
1393198516709	1915.0	164.0	89.0	29.0
1393198516719	1915.0	164.0	89.0	29.0
1393198516730	1918.0	164.0	89.0	29.0
1393198516740	1918.0	164.0	89.0	29.0
1393198516750	1918.0	163.0	89.0	29.0
1393198516764	1918.0	163.0	89.0	30.0
1393198516770	1919.0	163.0	89.0	30.0
1393198516780	1919.0	163.0	89.0	29.0
1393198516791	1919.0	164.0	89.0	29.0
1393198516800	1919.0	164.0	89.0	29.0
1393198516811	1918.0	164.0	89.0	29.0
1393198516825	1918.0	165.0	89.0	28.0
1393198516829	1918.0	166.0	89.0	27.0
1393198516844	1919.0	167.0	89.0	26.0
1393198516849	1919.0	167.0	89.0	25.0
1393198516862	1919.0	168.0	89.0	25.0
1393198516872	1919.0	167.0	89.0	25.0
1393198516882	1919.0	168.0	89.0	25.0
1393198516891	1919.0	168.0	89.0	25.0
1393198516900	1919.0	168.0	89.0	24.0
1393198516909	1919.0	169.0	89.0	24.0
1393198516921	1920.0	169.0	89.0	24.0
1393198516930	1920.0	169.0	89.0	24.0
1393198516946	1920.0	168.0	89.0	25.0
1393198516949	1920.0	167.0	89.0	26.0
1393198516960	1920.0	167.0	89.0	26.0
1393198516970	1920.0	166.0	89.0	27.0
1393198516992	1919.0	165.0	89.0	28.0
1393198517002	1919.0	165.0	89.0	28.0
1393198517009	1919.0	165.0	89.0	28.0
1393198517023	1919.0	165.0	89.0	28.0
1393198517030	1920.0	165.0	89.0	28.0
1393198517040	1920.0	165.0	89.0	27.0
1393198517050	1920.0	165.0	89.0	28.0
1393198517062	1920.0	165.0	89.0	28.0
1393198517074	1916.0	164.0	89.0	29.0
1393198517080	1916.0	164.0	89.0	29.0
1393198517091	1916.0	164.0	89.0	29.0
1393198517100	1918.0	164.0	89.0	29.0
1393198517110	1918.0	164.0	89.0	29.0
1393198517130	1918.0	163.0	89.0	30.0
1393198517143	1921.0	163.0	89.0	30.0
1393198517149	1921.0	163.0	89.0	29.0
1393198517164	1921.0	164.0	88.0	29.0
1393198517173	1921.0	164.0	89.0	28.0
1393198517182	1919.0	165.0	89.0	28.0
1393198517191	1919.0	165.0	89.0	28.0
1393198517200	1919.0	165.0	89.0	28.0
1393198517210	1919.0	165.0	89.0	28.0
1393198517223	1919.0	165.0	89.0	27.0
1393198517230	1919.0	166.0	89.0	27.0
1393198517242	1919.0	166.0	89.0	26.0
1393198517249	1920.0	167.0	89.0	26.0
1393198517261	1920.0	167.0	89.0	26.0
1393198517274	1920.0	167.0	89.0	25.0
1393198517280	1920.0	168.0	89.0	25.0
1393198517291	1921.0	168.0	89.0	24.0
1393198517302	1921.0	169.0	89.0	24.0
1393198517312	1921.0	169.0	89.0	24.0
1393198517335	1921.0	169.0	89.0	23.0
1393198517339	1920.0	169.0	89.0	24.0
1393198517343	1920.0	169.0	89.0	24.0
1393198517350	1920.0	168.0	89.0	25.0
1393198517363	1920.0	167.0	89.0	25.0
1393198517372	1922.0	167.0	89.0	26.0
1393198517379	1922.0	167.0	89.0	25.0
1393198517389	1922.0	168.0	89.0	25.0
1393198517399	1923.0	169.0	89.0	24.0
1393198517410	1923.0	169.0	89.0	23.0
1393198517422	1923.0	169.0	89.0	23.0
1393198517429	1923.0	169.0	89.0	23.0
1393198517440	1922.0	169.0	89.0	24.0
1393198517449	1922.0	169.0	89.0	24.0
1393198517460	1922.0	169.0	89.0	24.0
1393198517472	1922.0	169.0	89.0	24.0
1393198517482	1920.0	169.0	89.0	23.0
1393198517490	1920.0	169.0	89.0	23.0
1393198517500	1920.0	170.0	89.0	23.0
1393198517522	1922.0	172.0	89.0	21.0
1393198517530	1922.0	172.0	89.0	20.0
1393198517547	1922.0	173.0	89.0	20.0
1393198517553	1923.0	173.0	89.0	20.0
1393198517560	1923.0	173.0	89.0	19.0
1393198517571	1923.0	173.0	89.0	19.0
1393198517586	1923.0	174.0	89.0	19.0
1393198517594	1925.0	173.0	89.0	19.0
1393198517604	1925.0	173.0	89.0	20.0
1393198517610	1925.0	172.0	89.0	20.0
1393198517622	1925.0	173.0	89.0	20.0
1393198517630	1925.0	173.0	89.0	20.0
1393198517640	1925.0	173.0	89.0	20.0
1393198517651	1925.0	173.0	89.0	20.0
1393198517663	1925.0	173.0	89.0	19.0
1393198517689	1922.0	174.0	89.0	19.0
1393198517690	1922.0	174.0	89.0	19.0
1393198517692	1922.0	173.0	89.0	19.0
1393198517700	1921.0	173.0	89.0	20.0
1393198517711	1921.0	172.0	89.0	21.0
1393198517722	1921.0	172.0	89.0	21.0
1393198517730	1921.0	171.0	89.0	21.0
1393198517740	1920.0	172.0	89.0	21.0
1393198517750	1920.0	103.0	56.0	90.0
1393198517777	1920.0	172.0	89.0	20.0
1393198517783	1920.0	108.0	89.0	20.0
1393198517790	1920.0	173.0	89.0	19.0
1393198517804	1920.0	103.0	56.0	90.0
1393198517810	1922.0	103.0	55.0	90.0
1393198517821	1922.0	174.0	89.0	19.0
1393198517830	1922.0	174.0	89.0	19.0
1393198517842	1922.0	173.0	89.0	19.0
1393198517854	1919.0	173.0	89.0	20.0
1393198517861	1919.0	172.0	89.0	20.0
1393198517873	1919.0	172.0	89.0	21.0
1393198517880	1919.0	171.0	89.0	21.0
1393198517890	1919.0	171.0	88.0	22.0
1393198517906	1919.0	171.0	88.0	22.0
1393198517911	1919.0	171.0	88.0	22.0
1393198517921	1919.0	171.0	88.0	22.0
1393198517930	1922.0	171.0	88.0	22.0
1393198517949	1922.0	170.0	88.0	22.0
1393198517959	1922.0	170.0	88.0	23.0
1393198517963	1920.0	170.0	88.0	23.0
1393198517973	1920.0	170.0	88.0	23.0
1393198517980	1920.0	170.0	88.0	23.0
1393198517997	1920.0	170.0	88.0	22.0
1393198518000	1923.0	170.0	88.0	22.0
1393198518019	1923.0	171.0	88.0	22.0
1393198518022	1923.0	171.0	88.0	22.0
1393198518030	1923.0	171.0	88.0	21.0
1393198518042	1925.0	172.0	88.0	21.0
1393198518052	1925.0	172.0	88.0	21.0
1393198518060	1925.0	172.0	88.0	20.0
1393198518071	1925.0	172.0	88.0	20.0
1393198518083	1925.0	172.0	88.0	20.0
1393198518090	1925.0	173.0	88.0	20.0
1393198518103	1925.0	173.0	88.0	20.0
1393198518110	1926.0	173.0	88.0	20.0
1393198518120	1926.0	174.0	88.0	19.0
1393198518130	1926.0	174.0	88.0	18.0
1393198518142	1926.0	175.0	88.0	17.0
1393198518152	1926.0	176.0	88.0	16.0
1393198518160	1926.0	177.0	88.0	16.0
1393198518171	1926.0	177.0	88.0	16.0
1393198518180	1926.0	177.0	88.0	15.0
1393198518191	1927.0	177.0	88.0	16.0
1393198518203	1927.0	177.0	88.0	16.0
1393198518210	1927.0	177.0	88.0	16.0
1393198518221	1927.0	177.0	88.0	15.0
1393198518231	1928.0	177.0	88.0	15.0
1393198518241	1928.0	177.0	88.0	15.0
1393198518254	1928.0	177.0	88.0	15.0
1393198518263	1927.0	177.0	88.0	15.0
1393198518273	1927.0	177.0	88.0	15.0
1393198518281	1927.0	177.0	88.0	16.0
1393198518296	1927.0	177.0	88.0	16.0
1393198518302	1924.0	177.0	88.0	16.0
1393198518312	1924.0	177.0	88.0	16.0
1393198518323	1924.0	176.0	88.0	16.0
1393198518331	1924.0	103.0	56.0	90.0
1393198518341	1928.0	176.0	88.0	17.0
1393198518355	1928.0	176.0	88.0	17.0
1393198518361	1928.0	176.0	88.0	17.0
1393198518372	1930.0	176.0	88.0	17.0
1393198518389	1930.0	176.0	88.0	17.0
1393198518391	1930.0	176.0	88.0	17.0
1393198518411	1930.0	103.0	55.0	90.0
1393198518426	1930.0	175.0	88.0	18.0
1393198518431	1930.0	103.0	55.0	90.0
1393198518454	1930.0	176.0	88.0	17.0
1393198518456	1929.0	176.0	88.0	17.0
1393198518461	1929.0	176.0	88.0	16.0
1393198518474	1929.0	176.0	88.0	16.0
1393198518483	1929.0	177.0	88.0	16.0
1393198518492	1928.0	177.0	88.0	15.0
1393198518506	1928.0	178.0	88.0	15.0
1393198518511	1928.0	103.0	55.0	90.0
1393198518522	1932.0	178.0	88.0	14.0
1393198518533	1932.0	178.0	88.0	14.0
1393198518541	1932.0	179.0	88.0	14.0
1393198518555	1932.0	179.0	88.0	14.0
1393198518566	1934.0	179.0	88.0	14.0
1393198518573	1934.0	179.0	88.0	14.0
1393198518582	1934.0	179.0	88.0	14.0
1393198518593	1934.0	179.0	88.0	14.0
1393198518605	1933.0	179.0	88.0	14.0
1393198518612	1933.0	179.0	88.0	14.0
1393198518624	1933.0	179.0	88.0	14.0
1393198518634	1933.0	103.0	55.0	90.0
1393198518641	1927.0	178.0	88.0	14.0
1393198518655	1927.0	178.0	88.0	15.0
1393198518663	1927.0	178.0	88.0	15.0
1393198518671	1928.0	103.0	55.0	90.0
1393198518689	1928.0	178.0	88.0	15.0
1393198518692	1928.0	178.0	88.0	14.0
1393198518704	1928.0	179.0	88.0	14.0
1393198518711	1930.0	103.0	56.0	90.0
1393198518722	1930.0	179.0	88.0	13.0
1393198518731	1930.0	180.0	88.0	13.0
1393198518744	1930.0	180.0	88.0	13.0
1393198518753	1929.0	180.0	88.0	13.0
1393198518761	1929.0	180.0	88.0	13.0
1393198518771	1929.0	103.0	55.0	90.0
1393198518784	1929.0	180.0	88.0	13.0
1393198518791	1929.0	103.0	55.0	90.0
1393198518803	1929.0	179.0	88.0	14.0
1393198518811	1929.0	103.0	55.0	90.0
1393198518823	1926.0	178.0	88.0	15.0
1393198518831	1926.0	177.0	88.0	15.0
1393198518850	1926.0	177.0	88.0	15.0
1393198518859	1926.0	177.0	88.0	16.0
1393198518865	1924.0	177.0	88.0	16.0
1393198518877	1924.0	177.0	88.0	16.0
1393198518890	1924.0	177.0	88.0	16.0
1393198518894	1924.0	177.0	88.0	16.0
1393198518903	1923.0	177.0	88.0	16.0
1393198518912	1923.0	177.0	88.0	16.0
1393198518925	1923.0	177.0	88.0	16.0
1393198518934	1923.0	177.0	88.0	16.0
1393198518942	1925.0	178.0	88.0	15.0
1393198518956	1925.0	178.0	88.0	15.0
1393198518961	1925.0	179.0	88.0	14.0
1393198518972	1925.0	179.0	88.0	13.0
1393198518987	1925.0	180.0	88.0	13.0
1393198518992	1925.0	179.0	88.0	12.0
1393198519003	1925.0	179.0	88.0	12.0
1393198519012	1929.0	179.0	88.0	12.0
1393198519023	1929.0	179.0	88.0	11.0
1393198519039	1929.0	178.0	88.0	11.0
1393198519058	1929.0	177.0	88.0	10.0
1393198519062	1929.0	177.0	88.0	10.0
1393198519078	1929.0	177.0	88.0	10.0
1393198519083	1932.0	177.0	88.0	10.0
1393198519092	1932.0	177.0	88.0	10.0
1393198519104	1932.0	177.0	88.0	10.0
1393198519112	1932.0	178.0	88.0	11.0
1393198519122	1930.0	179.0	88.0	12.0
1393198519132	1930.0	179.0	88.0	13.0
1393198519142	1930.0	178.0	88.0	14.0
1393198519152	1930.0	178.0	88.0	15.0
1393198519170	1930.0	178.0	88.0	15.0
1393198519172	1930.0	178.0	88.0	15.0
1393198519182	1930.0	178.0	88.0	15.0
1393198519191	1930.0	177.0	88.0	15.0
1393198519202	1932.0	177.0	88.0	15.0
1393198519212	1932.0	177.0	88.0	16.0
1393198519224	1932.0	177.0	88.0	16.0
1393198519236	1931.0	177.0	88.0	16.0
1393198519242	1931.0	177.0	88.0	16.0
1393198519252	1931.0	176.0	88.0	16.0
1393198519264	1931.0	175.0	88.0	17.0
1393198519274	1934.0	175.0	88.0	18.0
1393198519290	1934.0	174.0	88.0	19.0
1393198519294	1934.0	174.0	88.0	19.0
1393198519304	1934.0	174.0	88.0	19.0
1393198519314	1933.0	174.0	88.0	19.0
1393198519324	1933.0	174.0	88.0	19.0
1393198519337	1933.0	173.0	88.0	19.0
1393198519344	1933.0	173.0	88.0	20.0
1393198519353	1935.0	173.0	88.0	20.0
1393198519365	1935.0	173.0	88.0	20.0
1393198519373	1935.0	172.0	88.0	21.0
1393198519393	1932.0	170.0	88.0	23.0
1393198519396	1932.0	170.0	88.0	23.0
1393198519407	1932.0	169.0	88.0	23.0
1393198519414	1932.0	169.0	88.0	24.0
1393198519421	1932.0	169.0	88.0	24.0
1393198519433	1932.0	169.0	88.0	23.0
1393198519441	1932.0	170.0	88.0	23.0
1393198519452	1932.0	170.0	88.0	23.0
1393198519468	1930.0	169.0	88.0	23.0
1393198519472	1930.0	169.0	88.0	24.0
1393198519484	1930.0	168.0	88.0	24.0
1393198519492	1930.0	168.0	88.0	25.0
1393198519503	1930.0	168.0	88.0	25.0
1393198519512	1930.0	167.0	88.0	25.0
1393198519524	1930.0	166.0	88.0	26.0
1393198519534	1928.0	165.0	88.0	27.0
1393198519542	1928.0	164.0	88.0	28.0
1393198519552	1928.0	164.0	88.0	29.0
1393198519562	1928.0	163.0	88.0	29.0
1393198519573	1930.0	163.0	88.0	29.0
1393198519586	1930.0	164.0	88.0	29.0
1393198519593	1930.0	103.0	55.0	90.0
1393198519604	1930.0	166.0	88.0	27.0
1393198519620	1934.0	103.0	55.0	90.0
1393198519623	1934.0	103.0	55.0	90.0
1393198519637	1934.0	167.0	88.0	25.0
1393198519645	1934.0	167.0	88.0	26.0
1393198519655	1932.0	167.0	88.0	26.0
1393198519677	1932.0	127.0	27.0	157.0
1393198519682	1932.0	166.0	88.0	27.0
1393198519686	1930.0	103.0	55.0	90.0
1393198519694	1930.0	166.0	88.0	26.0
1393198519715	1930.0	166.0	88.0	26.0
1393198519739	1930.0	167.0	88.0	25.0
1393198519744	1932.0	168.0	88.0	24.0
1393198519749	1932.0	169.0	88.0	23.0
1393198519760	1932.0	0.0	5.0	12.0
1393198519767	1932.0	170.0	88.0	22.0
1393198519768	1932.0	170.0	88.0	22.0
1393198519778	1932.0	171.0	88.0	22.0
1393198519786	1932.0	171.0	88.0	22.0
1393198519800	1931.0	170.0	88.0	22.0
1393198519806	1931.0	170.0	88.0	22.0
1393198519814	1931.0	170.0	88.0	23.0
1393198519824	1931.0	169.0	88.0	23.0
1393198519836	1928.0	169.0	88.0	23.0
1393198519851	1928.0	170.0	88.0	23.0
1393198519855	1928.0	170.0	88.0	23.0
1393198519869	1928.0	170.0	88.0	23.0
1393198519872	1928.0	170.0	88.0	23.0
1393198519887	1928.0	170.0	88.0	23.0
1393198519896	1928.0	169.0	88.0	23.0
1393198519903	1928.0	169.0	88.0	24.0
1393198519916	1929.0	169.0	88.0	24.0
1393198519923	1929.0	168.0	88.0	24.0
1393198519945	1924.0	168.0	88.0	24.0
1393198519954	1924.0	168.0	88.0	24.0
1393198519962	1924.0	168.0	88.0	24.0
1393198519972	1924.0	168.0	88.0	24.0
1393198519984	1927.0	169.0	88.0	24.0
1393198519992	1927.0	169.0	88.0	24.0
1393198520004	1927.0	169.0	88.0	24.0
1393198520015	1927.0	169.0	88.0	23.0
1393198520022	1927.0	169.0	88.0	23.0
1393198520034	1927.0	169.0	88.0	23.0
1393198520043	1927.0	169.0	88.0	23.0
1393198520052	1927.0	169.0	88.0	23.0
1393198520066	1927.0	169.0	88.0	23.0
1393198520072	1927.0	169.0	88.0	24.0
1393198520084	1927.0	169.0	88.0	24.0
1393198520093	1922.0	168.0	88.0	24.0
1393198520102	1922.0	168.0	88.0	25.0
1393198520116	1922.0	167.0	88.0	26.0
1393198520125	1922.0	167.0	88.0	26.0
1393198520146	1921.0	167.0	88.0	26.0
1393198520150	1921.0	167.0	88.0	26.0
1393198520157	1921.0	167.0	88.0	26.0
1393198520170	1921.0	167.0	88.0	25.0
1393198520173	1921.0	168.0	88.0	25.0
1393198520184	1921.0	168.0	88.0	25.0
1393198520200	1921.0	168.0	88.0	24.0
1393198520202	1921.0	169.0	88.0	24.0
1393198520217	1922.0	169.0	88.0	24.0
1393198520223	1922.0	169.0	88.0	23.0
1393198520235	1922.0	169.0	88.0	23.0
1393198520249	1921.0	169.0	88.0	24.0
1393198520252	1921.0	169.0	88.0	24.0
1393198520270	1921.0	168.0	88.0	24.0
1393198520274	1921.0	168.0	88.0	25.0
1393198520287	1918.0	167.0	88.0	25.0
1393198520297	1918.0	167.0	88.0	25.0
1393198520306	1918.0	167.0	88.0	25.0
1393198520317	1918.0	167.0	88.0	25.0
1393198520323	1918.0	167.0	88.0	25.0
1393198520334	1918.0	167.0	88.0	25.0
1393198520345	1918.0	167.0	88.0	25.0
1393198520358	1920.0	167.0	88.0	26.0
1393198520366	1920.0	167.0	88.0	26.0
1393198520373	1920.0	167.0	88.0	26.0
1393198520383	1920.0	166.0	88.0	26.0
1393198520395	1918.0	166.0	88.0	26.0
1393198520403	1918.0	166.0	88.0	26.0
1393198520415	1918.0	166.0	88.0	26.0
1393198520425	1918.0	167.0	88.0	26.0
1393198520433	1918.0	167.0	88.0	26.0
1393198520445	1918.0	167.0	88.0	26.0
1393198520453	1918.0	167.0	88.0	26.0
1393198520465	1918.0	167.0	88.0	26.0
1393198520474	1918.0	166.0	88.0	26.0
1393198520485	1918.0	166.0	88.0	27.0
1393198520493	1918.0	166.0	88.0	26.0
1393198520503	1916.0	166.0	88.0	26.0
1393198520513	1916.0	167.0	88.0	26.0
1393198520522	1916.0	167.0	88.0	25.0
1393198520533	1916.0	168.0	88.0	25.0
1393198520545	1917.0	168.0	88.0	24.0
1393198520552	1917.0	169.0	88.0	24.0
1393198520567	1917.0	169.0	88.0	23.0
1393198520573	1917.0	170.0	88.0	23.0
1393198520584	1917.0	170.0	88.0	22.0
1393198520594	1917.0	171.0	88.0	22.0
1393198520605	1917.0	171.0	88.0	22.0
1393198520614	1917.0	171.0	88.0	21.0
1393198520623	1918.0	172.0	88.0	21.0
1393198520635	1918.0	172.0	88.0	21.0
1393198520644	1918.0	173.0	88.0	20.0
1393198520654	1917.0	173.0	88.0	20.0
1393198520667	1917.0	172.0	88.0	21.0
1393198520674	1917.0	172.0	88.0	21.0
1393198520685	1917.0	172.0	88.0	21.0
1393198520700	1913.0	172.0	88.0	21.0
1393198520704	1913.0	172.0	88.0	21.0
1393198520716	1913.0	172.0	88.0	21.0
1393198520726	1913.0	171.0	88.0	21.0
1393198520741	1912.0	171.0	88.0	22.0
1393198520746	1912.0	171.0	88.0	22.0
1393198520754	1912.0	171.0	88.0	22.0
1393198520767	1912.0	171.0	88.0	22.0
1393198520774	1912.0	171.0	88.0	22.0
1393198520787	1912.0	171.0	88.0	22.0
1393198520799	1912.0	171.0	88.0	22.0
1393198520804	1909.0	171.0	88.0	22.0
1393198520815	1909.0	171.0	88.0	22.0
1393198520824	1909.0	171.0	88.0	22.0
1393198520836	1909.0	171.0	88.0	22.0
1393198520852	1908.0	171.0	88.0	21.0
1393198520854	1908.0	172.0	88.0	21.0
1393198520865	1908.0	172.0	88.0	21.0
1393198520874	1908.0	172.0	88.0	21.0
1393198520884	1900.0	172.0	88.0	20.0
1393198520897	1900.0	173.0	88.0	20.0
1393198520905	1900.0	173.0	88.0	20.0
1393198520918	1900.0	173.0	88.0	20.0
1393198520924	1905.0	173.0	88.0	20.0
1393198520937	1905.0	173.0	88.0	20.0
1393198520958	1905.0	173.0	88.0	20.0
1393198520959	1906.0	173.0	88.0	20.0
1393198520973	1906.0	173.0	88.0	20.0
1393198520984	1906.0	173.0	88.0	19.0
1393198521001	1905.0	173.0	88.0	20.0
1393198521003	1905.0	173.0	88.0	20.0
1393198521017	1905.0	173.0	88.0	20.0
1393198521032	1905.0	172.0	88.0	21.0
1393198521035	1905.0	172.0	88.0	21.0
1393198521049	1905.0	172.0	88.0	21.0
1393198521054	1905.0	172.0	88.0	21.0
1393198521067	1899.0	172.0	88.0	21.0
1393198521074	1899.0	171.0	88.0	22.0
1393198521087	1899.0	170.0	88.0	23.0
1393198521100	1899.0	170.0	88.0	23.0
1393198521105	1898.0	169.0	88.0	24.0
1393198521117	1898.0	169.0	88.0	24.0
1393198521126	1898.0	169.0	88.0	24.0
1393198521135	1898.0	169.0	88.0	24.0
1393198521151	1898.0	170.0	88.0	23.0
1393198521154	1898.0	170.0	88.0	23.0
1393198521166	1898.0	170.0	88.0	23.0
1393198521173	1898.0	169.0	88.0	24.0
1393198521184	1896.0	169.0	88.0	24.0
1393198521195	1896.0	169.0	88.0	24.0
1393198521205	1896.0	170.0	88.0	23.0
1393198521215	1898.0	170.0	88.0	23.0
1393198521224	1898.0	170.0	88.0	23.0
1393198521235	1898.0	170.0	88.0	23.0
1393198521248	1898.0	169.0	88.0	24.0
1393198521254	1898.0	169.0	88.0	24.0
1393198521266	1898.0	168.0	88.0	25.0
1393198521274	1898.0	168.0	88.0	25.0
1393198521284	1898.0	168.0	88.0	25.0
1393198521294	1893.0	168.0	88.0	25.0
1393198521304	1893.0	167.0	88.0	26.0
1393198521317	1893.0	167.0	88.0	26.0
1393198521326	1893.0	166.0	88.0	27.0
1393198521335	1893.0	166.0	88.0	27.0
1393198521348	1893.0	167.0	88.0	26.0
1393198521354	1893.0	167.0	88.0	26.0
1393198521364	1894.0	168.0	88.0	25.0
1393198521379	1894.0	168.0	88.0	25.0
1393198521386	1894.0	169.0	88.0	24.0
1393198521396	1894.0	169.0	88.0	24.0
1393198521405	1894.0	169.0	88.0	24.0
1393198521417	1894.0	170.0	88.0	23.0
1393198521425	1894.0	170.0	88.0	23.0
1393198521436	1894.0	171.0	88.0	22.0
1393198521448	1897.0	172.0	88.0	21.0
1393198521455	1897.0	172.0	88.0	21.0
1393198521471	1897.0	172.0	88.0	21.0
1393198521484	1897.0	84.0	66.0	144.0
1393198521487	1894.0	172.0	88.0	21.0
1393198521503	1894.0	172.0	88.0	21.0
1393198521511	1894.0	172.0	88.0	21.0
1393198521514	1892.0	171.0	88.0	21.0
1393198521525	1892.0	171.0	88.0	22.0
1393198521534	1892.0	171.0	88.0	22.0
1393198521545	1892.0	171.0	88.0	22.0
1393198521554	1890.0	171.0	88.0	22.0
1393198521567	1890.0	171.0	88.0	22.0
1393198521575	1890.0	171.0	88.0	22.0
1393198521585	1890.0	171.0	88.0	22.0
1393198521596	1890.0	171.0	88.0	22.0
1393198521615	1890.0	171.0	88.0	22.0
1393198521640	1892.0	171.0	88.0	21.0
1393198521644	1892.0	172.0	88.0	21.0
1393198521649	1892.0	172.0	88.0	21.0
1393198521655	1892.0	171.0	88.0	21.0
1393198521665	1893.0	171.0	88.0	21.0
1393198521678	1893.0	171.0	88.0	22.0
1393198521687	1893.0	171.0	88.0	22.0
1393198521696	1893.0	171.0	88.0	22.0
1393198521705	1888.0	171.0	88.0	22.0
1393198521716	1888.0	171.0	88.0	22.0
1393198521728	1888.0	170.0	88.0	22.0
1393198521734	1888.0	170.0	88.0	23.0
1393198521747	1888.0	170.0	88.0	23.0
1393198521754	1888.0	170.0	88.0	22.0
1393198521765	1888.0	103.0	56.0	90.0
1393198521780	1889.0	171.0	88.0	22.0
1393198521785	1889.0	171.0	88.0	22.0
1393198521798	1889.0	171.0	88.0	21.0
1393198521816	1889.0	74.0	31.0	66.0
1393198521819	1891.0	172.0	88.0	21.0
1393198521829	1891.0	172.0	88.0	20.0
1393198521835	1891.0	173.0	88.0	20.0
1393198521846	1891.0	173.0	88.0	19.0
1393198521855	1892.0	103.0	56.0	90.0
1393198521867	1892.0	174.0	88.0	19.0
1393198521878	1892.0	175.0	88.0	18.0
1393198521884	1892.0	175.0	88.0	18.0
1393198521897	1893.0	175.0	88.0	18.0
1393198521905	1893.0	175.0	88.0	17.0
1393198521915	1893.0	176.0	88.0	17.0
1393198521929	1893.0	176.0	88.0	16.0
1393198521934	1893.0	177.0	88.0	16.0
1393198521954	1893.0	177.0	88.0	16.0
1393198521958	1893.0	177.0	88.0	16.0
1393198521965	1893.0	177.0	88.0	16.0
1393198521979	1893.0	177.0	88.0	16.0
1393198521987	1893.0	177.0	88.0	16.0
1393198521995	1893.0	176.0	88.0	16.0
1393198522005	1889.0	176.0	88.0	17.0
1393198522015	1889.0	175.0	88.0	18.0
1393198522025	1889.0	174.0	88.0	18.0
1393198522035	1889.0	174.0	88.0	19.0
1393198522047	1886.0	174.0	88.0	18.0
1393198522056	1886.0	175.0	88.0	18.0
1393198522065	1886.0	103.0	56.0	90.0
1393198522077	1879.0	174.0	88.0	19.0
1393198522086	1879.0	103.0	56.0	90.0
1393198522095	1879.0	103.0	56.0	90.0
1393198522110	1879.0	172.0	88.0	21.0
1393198522115	1873.0	103.0	57.0	90.0
1393198522127	1873.0	171.0	88.0	21.0
1393198522137	1873.0	171.0	87.0	22.0
1393198522146	1873.0	170.0	87.0	23.0
1393198522156	1871.0	169.0	87.0	23.0
1393198522168	1871.0	170.0	87.0	23.0
1393198522181	1871.0	170.0	87.0	23.0
1393198522186	1871.0	170.0	87.0	23.0
1393198522197	1869.0	170.0	87.0	23.0
1393198522208	1869.0	169.0	87.0	24.0
1393198522215	1869.0	168.0	87.0	25.0
1393198522229	1864.0	168.0	87.0	25.0
1393198522235	1864.0	168.0	87.0	25.0
1393198522257	1864.0	168.0	87.0	25.0
1393198522269	1860.0	168.0	87.0	25.0
1393198522289	1860.0	167.0	87.0	26.0
1393198522292	1860.0	167.0	87.0	26.0
1393198522297	1860.0	166.0	87.0	27.0
1393198522305	1853.0	166.0	87.0	27.0
1393198522316	1853.0	166.0	87.0	26.0
1393198522327	1853.0	167.0	87.0	26.0
1393198522335	1845.0	167.0	87.0	26.0
1393198522347	1845.0	167.0	87.0	26.0
1393198522355	1845.0	167.0	87.0	25.0
1393198522365	1845.0	167.0	87.0	26.0
1393198522377	1844.0	167.0	87.0	26.0
1393198522385	1844.0	167.0	87.0	26.0
1393198522395	1844.0	166.0	87.0	26.0
1393198522409	1844.0	167.0	87.0	26.0
1393198522415	1841.0	167.0	87.0	26.0
1393198522427	1841.0	167.0	87.0	26.0
1393198522435	1841.0	167.0	87.0	26.0
1393198522445	1841.0	167.0	87.0	26.0
1393198522460	1839.0	168.0	87.0	25.0
1393198522468	1839.0	169.0	87.0	24.0
1393198522479	1839.0	170.0	87.0	23.0
1393198522485	1842.0	170.0	86.0	22.0
1393198522496	1842.0	171.0	86.0	22.0
1393198522512	1842.0	171.0	87.0	21.0
1393198522516	1842.0	171.0	87.0	22.0
1393198522530	1840.0	171.0	87.0	22.0
1393198522535	1840.0	171.0	87.0	22.0
1393198522546	1840.0	171.0	86.0	22.0
1393198522557	1840.0	171.0	86.0	22.0
1393198522565	1837.0	171.0	86.0	22.0
1393198522579	1837.0	171.0	86.0	22.0
1393198522589	1837.0	171.0	86.0	22.0
1393198522597	1837.0	171.0	86.0	22.0
1393198522606	1839.0	171.0	86.0	22.0
1393198522615	1839.0	171.0	86.0	22.0
1393198522625	1839.0	171.0	86.0	22.0
1393198522636	1837.0	170.0	86.0	22.0
1393198522647	1837.0	170.0	86.0	23.0
1393198522659	1837.0	170.0	86.0	23.0
1393198522665	1837.0	170.0	86.0	23.0
1393198522675	1835.0	170.0	86.0	23.0
1393198522686	1835.0	169.0	86.0	24.0
1393198522696	1835.0	169.0	86.0	24.0
1393198522708	1835.0	169.0	86.0	24.0
1393198522717	1827.0	169.0	86.0	24.0
1393198522726	1827.0	168.0	86.0	24.0
1393198522736	1827.0	168.0	86.0	24.0
1393198522746	1827.0	168.0	86.0	24.0
1393198522758	1825.0	168.0	86.0	24.0
1393198522773	1825.0	168.0	86.0	24.0
1393198522780	1825.0	169.0	86.0	24.0
1393198522785	1822.0	169.0	86.0	24.0
1393198522795	1822.0	169.0	86.0	24.0
1393198522817	1822.0	169.0	86.0	24.0
1393198522821	1822.0	169.0	86.0	24.0
1393198522827	1820.0	169.0	86.0	23.0
1393198522835	1820.0	170.0	86.0	23.0
1393198522845	1820.0	170.0	86.0	23.0
1393198522858	1820.0	170.0	86.0	23.0
1393198522867	1812.0	170.0	86.0	23.0
1393198522875	1812.0	169.0	86.0	24.0
1393198522924	1809.0	163.0	86.0	30.0
1393198522930	1809.0	163.0	86.0	30.0
1393198522932	1809.0	165.0	86.0	28.0
1393198522934	1809.0	1.0	5.0	13.0
1393198522936	1812.0	168.0	86.0	24.0
1393198522948	1812.0	169.0	85.0	24.0
1393198523039	1812.0	169.0	85.0	23.0
1393198523040	1812.0	169.0	85.0	23.0
1393198523041	1813.0	170.0	85.0	23.0
1393198523058	1813.0	170.0	85.0	23.0
