1.2955578E14	3540.0	75.0	-1.0
1.2955579E14	3540.0	71.0	-1.0
1.295558E14	3540.0	69.0	-1.0
1.2955581E14	3529.0	68.0	-1.0
1.2955582E14	3529.0	69.0	-1.0
1.2955583E14	3529.0	72.0	-1.0
1.29555835E14	3476.0	73.0	-1.0
1.2955585E14	3476.0	78.0	-1.0
1.2955586E14	3476.0	78.0	-1.0
1.2955587E14	3476.0	78.0	-1.0
1.2955588E14	3413.0	81.0	-1.0
1.29555885E14	3413.0	80.0	-1.0
1.295559E14	3413.0	79.0	-1.0
1.2955591E14	3413.0	81.0	-1.0
1.2955592E14	3421.0	82.0	-1.0
1.2955593E14	3421.0	82.0	-1.0
1.29555935E14	3421.0	81.0	-1.0
1.2955595E14	3421.0	80.0	-1.0
1.2955596E14	3435.0	80.0	-1.0
1.2955597E14	3435.0	78.0	-1.0
1.2955598E14	3435.0	76.0	-1.0
1.29556E14	3443.0	73.0	-1.0
1.2955601E14	3443.0	73.0	-1.0
1.2955602E14	3443.0	74.0	-1.0
1.2955603E14	3497.0	74.0	-1.0
1.2955604E14	3497.0	74.0	-1.0
1.2955605E14	3497.0	74.0	-1.0
1.2955606E14	3497.0	74.0	-1.0
1.2955607E14	3729.0	48.0	-1.0
1.2955608E14	3729.0	73.0	-1.0
1.2955609E14	3729.0	48.0	-1.0
1.295561E14	3729.0	72.0	-1.0
1.2955778E14	3808.0	41.0	-1.0
1.2955779E14	3807.0	41.0	-1.0
1.295578E14	3807.0	42.0	-1.0
1.29557814E14	3807.0	42.0	-1.0
1.2955782E14	3807.0	55.0	-1.0
1.2955783E14	3819.0	42.0	-1.0
1.2955784E14	3819.0	42.0	-1.0
1.2955785E14	3819.0	41.0	-1.0
1.29557865E14	3819.0	41.0	-1.0
1.2955787E14	3848.0	40.0	-1.0
1.2955788E14	3848.0	40.0	-1.0
1.2955789E14	3848.0	40.0	-1.0
1.295579E14	3876.0	40.0	-1.0
1.2955791E14	3876.0	41.0	-1.0
1.2955793E14	-5.0	42.0	-1.0
1.2955793E14	3876.0	42.0	-1.0
1.2955796E14	3891.0	41.0	-1.0
1.2955796E14	-5.0	41.0	-1.0
1.2955797E14	-5.0	40.0	-1.0
1.2955797E14	3891.0	40.0	-1.0
1.2955798E14	3886.0	40.0	-1.0
1.29558E14	-5.0	48.0	-1.0
1.29558E14	3886.0	40.0	-1.0
1.2955801E14	3868.0	40.0	-1.0
1.2955805E14	-5.0	40.0	-1.0
1.2955803E14	3868.0	40.0	-1.0
1.2955806E14	3853.0	40.0	-1.0
1.29558074E14	3853.0	40.0	-1.0
1.29558074E14	-5.0	40.0	-1.0
1.29558074E14	3853.0	40.0	-1.0
1.2955808E14	3853.0	38.0	-1.0
1.2955809E14	3851.0	38.0	-1.0
1.2955977E14	3699.0	43.0	-1.0
1.29559786E14	3699.0	43.0	-1.0
1.2955979E14	3699.0	42.0	-1.0
1.295598E14	3699.0	58.0	-1.0
1.2955981E14	3702.0	43.0	-1.0
1.2955982E14	3702.0	42.0	-1.0
1.2955984E14	3702.0	42.0	-1.0
1.29559844E14	3702.0	42.0	-1.0
1.2955985E14	3701.0	43.0	-1.0
1.2955986E14	3701.0	44.0	-1.0
1.2955987E14	3701.0	44.0	-1.0
1.2955989E14	3701.0	42.0	-1.0
1.29559895E14	3701.0	41.0	-1.0
1.295599E14	3701.0	40.0	-1.0
1.2955991E14	3701.0	40.0	-1.0
1.2955994E14	3694.0	42.0	-1.0
1.29559945E14	3694.0	42.0	-1.0
1.2955995E14	3694.0	42.0	-1.0
1.2955996E14	3692.0	42.0	-1.0
1.2955997E14	3692.0	42.0	-1.0
1.2955998E14	3692.0	49.0	-1.0
1.29559995E14	3692.0	43.0	-1.0
1.2956E14	3698.0	43.0	-1.0
1.2956001E14	3698.0	43.0	-1.0
1.2956002E14	3698.0	42.0	-1.0
1.2956003E14	3698.0	42.0	-1.0
1.29560046E14	3694.0	42.0	-1.0
1.2956005E14	3694.0	42.0	-1.0
1.2956006E14	3694.0	41.0	-1.0
1.2956007E14	3689.0	41.0	-1.0
1.2956008E14	3689.0	41.0	-1.0
1.295601E14	3689.0	42.0	-1.0
1.2956177E14	3711.0	54.0	-1.0
1.2956178E14	3711.0	54.0	-1.0
1.2956179E14	3671.0	54.0	-1.0
1.2956181E14	3671.0	55.0	-1.0
1.29561816E14	3671.0	59.0	-1.0
1.2956182E14	3671.0	61.0	-1.0
1.2956183E14	3620.0	60.0	-1.0
1.2956184E14	3620.0	61.0	-1.0
1.2956186E14	3620.0	60.0	-1.0
1.2956187E14	3620.0	59.0	-1.0
1.29561874E14	3561.0	61.0	-1.0
1.2956188E14	3561.0	64.0	-1.0
1.2956189E14	3561.0	68.0	-1.0
1.2956191E14	3561.0	67.0	-1.0
1.2956192E14	3494.0	66.0	-1.0
1.2956193E14	3494.0	67.0	-1.0
1.2956196E14	3435.0	73.0	-1.0
1.2956197E14	3435.0	74.0	-1.0
1.29561975E14	3435.0	75.0	-1.0
1.2956198E14	3405.0	73.0	-1.0
1.2956199E14	3405.0	71.0	-1.0
1.2956201E14	3405.0	71.0	-1.0
1.2956202E14	3405.0	72.0	-1.0
1.29562025E14	3366.0	73.0	-1.0
1.2956203E14	3366.0	76.0	-1.0
1.2956204E14	3366.0	76.0	-1.0
1.2956206E14	3366.0	74.0	-1.0
1.2956207E14	3326.0	73.0	-1.0
1.29562076E14	3326.0	72.0	-1.0
1.2956208E14	3326.0	71.0	-1.0
1.2956209E14	3299.0	72.0	-1.0
1.2956378E14	3267.0	79.0	-1.0
1.2956379E14	3268.0	78.0	-1.0
1.29563795E14	3268.0	78.0	-1.0
1.295638E14	3268.0	78.0	-1.0
1.2956382E14	3268.0	73.0	-1.0
1.2956383E14	3265.0	79.0	-1.0
1.2956384E14	3265.0	79.0	-1.0
1.29563846E14	3265.0	80.0	-1.0
1.2956385E14	3263.0	80.0	-1.0
1.2956386E14	3263.0	80.0	-1.0
1.29563904E14	-16.0	80.0	-1.0
1.2956389E14	3263.0	79.0	-1.0
1.295639E14	3259.0	79.0	-1.0
1.29563904E14	3259.0	79.0	-1.0
1.2956391E14	3259.0	50.0	-1.0
1.2956393E14	3259.0	80.0	-1.0
1.2956394E14	3258.0	50.0	-1.0
1.2956395E14	3258.0	50.0	-1.0
1.29563955E14	3258.0	80.0	-1.0
1.2956396E14	3252.0	79.0	-1.0
1.2956398E14	3252.0	79.0	-1.0
1.2956399E14	3252.0	79.0	-1.0
1.29564E14	3252.0	79.0	-1.0
1.29564005E14	3249.0	79.0	-1.0
1.2956401E14	3249.0	79.0	-1.0
1.2956403E14	3249.0	79.0	-1.0
1.2956404E14	3249.0	80.0	-1.0
1.2956405E14	3244.0	80.0	-1.0
1.29564055E14	3244.0	80.0	-1.0
1.2956406E14	3244.0	81.0	-1.0
1.2956408E14	3244.0	80.0	-1.0
1.2956409E14	3239.0	80.0	-1.0
1.295641E14	3239.0	80.0	-1.0
1.29565775E14	3197.0	81.0	-1.0
1.2956579E14	3197.0	81.0	-1.0
1.295658E14	3197.0	82.0	-1.0
1.2956581E14	3193.0	81.0	-1.0
1.2956582E14	3193.0	80.0	-1.0
1.29565825E14	3193.0	80.0	-1.0
1.2956584E14	3193.0	80.0	-1.0
1.2956585E14	3191.0	81.0	-1.0
1.2956586E14	3191.0	69.0	-1.0
1.2956587E14	3191.0	81.0	-1.0
1.29565876E14	3188.0	81.0	-1.0
1.2956589E14	3188.0	81.0	-1.0
1.295659E14	3188.0	81.0	-1.0
1.2956591E14	3188.0	80.0	-1.0
1.2956592E14	3189.0	81.0	-1.0
1.2956593E14	3189.0	81.0	-1.0
1.29565934E14	3189.0	81.0	-1.0
1.2956595E14	3189.0	81.0	-1.0
1.2956596E14	3192.0	80.0	-1.0
1.2956597E14	3192.0	80.0	-1.0
1.2956598E14	3192.0	80.0	-1.0
1.29566E14	3191.0	81.0	-1.0
1.2956601E14	3191.0	81.0	-1.0
1.2956602E14	3191.0	81.0	-1.0
1.2956603E14	3185.0	81.0	-1.0
1.29566035E14	3185.0	81.0	-1.0
1.2956605E14	3185.0	81.0	-1.0
1.2956606E14	3185.0	81.0	-1.0
1.2956607E14	3184.0	81.0	-1.0
1.2956608E14	3184.0	80.0	-1.0
1.29566085E14	3184.0	80.0	-1.0
1.295661E14	3184.0	80.0	-1.0
1.2956778E14	3151.0	81.0	-1.0
1.2956779E14	3155.0	81.0	-1.0
1.295678E14	3155.0	80.0	-1.0
1.2956781E14	3155.0	80.0	-1.0
1.2956782E14	3155.0	80.0	-1.0
1.2956783E14	3160.0	81.0	-1.0
1.2956784E14	3160.0	81.0	-1.0
1.2956785E14	3160.0	81.0	-1.0
1.2956786E14	3160.0	81.0	-1.0
1.2956788E14	3157.0	51.0	-1.0
1.2956789E14	3157.0	51.0	-1.0
1.295679E14	3159.0	80.0	-1.0
1.29567914E14	3159.0	80.0	-1.0
1.2956792E14	3159.0	80.0	-1.0
1.2956793E14	3159.0	80.0	-1.0
1.2956794E14	3155.0	80.0	-1.0
1.2956795E14	3155.0	80.0	-1.0
1.29567965E14	3155.0	80.0	-1.0
1.2956797E14	3155.0	80.0	-1.0
1.2956798E14	3154.0	80.0	-1.0
1.2956799E14	3154.0	81.0	-1.0
1.29568E14	3154.0	81.0	-1.0
1.2956801E14	3154.0	81.0	-1.0
1.2956802E14	3149.0	81.0	-1.0
1.2956803E14	3149.0	80.0	-1.0
1.2956804E14	3149.0	81.0	-1.0
1.2956805E14	3145.0	81.0	-1.0
1.2956806E14	3145.0	81.0	-1.0
1.2956807E14	3145.0	81.0	-1.0
1.2956808E14	3145.0	82.0	-1.0
1.2956809E14	3145.0	82.0	-1.0
1.295681E14	3145.0	81.0	-1.0
1.29569785E14	3076.0	81.0	-1.0
1.2956979E14	3076.0	82.0	-1.0
1.295698E14	3076.0	82.0	-1.0
1.2956981E14	3071.0	81.0	-1.0
1.2956982E14	3071.0	81.0	-1.0
1.29569835E14	3071.0	81.0	-1.0
1.2956984E14	3071.0	81.0	-1.0
1.2956985E14	3069.0	81.0	-1.0
1.2956986E14	3069.0	81.0	-1.0
1.2956987E14	3069.0	82.0	-1.0
1.29569886E14	3069.0	81.0	-1.0
1.295699E14	-18.0	81.0	-1.0
1.295699E14	3062.0	52.0	-1.0
1.2956991E14	3062.0	82.0	-1.0
1.2956992E14	3061.0	82.0	-1.0
1.2956994E14	3061.0	82.0	-1.0
1.29569944E14	3061.0	82.0	-1.0
1.2956995E14	3061.0	81.0	-1.0
1.2956996E14	3059.0	81.0	-1.0
1.2956997E14	3059.0	80.0	-1.0
1.2956999E14	3059.0	81.0	-1.0
1.29569995E14	3059.0	81.0	-1.0
1.2957E14	3056.0	52.0	-1.0
1.2957001E14	3056.0	81.0	-1.0
1.2957002E14	3056.0	52.0	-1.0
1.2957004E14	3056.0	52.0	-1.0
1.29570045E14	3053.0	82.0	-1.0
1.2957005E14	3053.0	82.0	-1.0
1.2957006E14	3053.0	81.0	-1.0
1.2957007E14	3051.0	81.0	-1.0
1.2957008E14	3051.0	52.0	-1.0
1.29570095E14	3051.0	81.0	-1.0
1.295701E14	3051.0	52.0	-1.0
1.2957178E14	2904.0	53.0	-1.0
1.295718E14	2904.0	81.0	-1.0
1.2957181E14	2898.0	81.0	-1.0
1.29571815E14	2898.0	53.0	-1.0
1.2957182E14	2898.0	82.0	-1.0
1.2957183E14	2889.0	82.0	-1.0
1.2957184E14	2889.0	82.0	-1.0
1.2957186E14	2889.0	81.0	-1.0
1.29571865E14	2889.0	81.0	-1.0
1.2957187E14	2882.0	82.0	-1.0
1.2957189E14	-1.0	82.0	-1.0
1.2957189E14	2882.0	82.0	-1.0
1.2957191E14	2882.0	82.0	-1.0
1.29571916E14	2876.0	82.0	-1.0
1.2957192E14	2876.0	82.0	-1.0
1.2957193E14	2876.0	81.0	-1.0
1.2957194E14	2874.0	81.0	-1.0
1.2957196E14	2874.0	82.0	-1.0
1.2957197E14	2874.0	82.0	-1.0
1.29571974E14	2874.0	82.0	-1.0
1.2957198E14	2870.0	82.0	-1.0
1.2957199E14	2870.0	82.0	-1.0
1.2957201E14	2870.0	82.0	-1.0
1.2957202E14	2870.0	82.0	-1.0
1.29572025E14	2863.0	81.0	-1.0
1.2957203E14	2863.0	82.0	-1.0
1.2957204E14	2863.0	82.0	-1.0
1.2957206E14	2863.0	82.0	-1.0
1.2957207E14	2861.0	82.0	-1.0
1.29572075E14	2861.0	82.0	-1.0
1.2957208E14	2861.0	81.0	-1.0
1.2957209E14	2858.0	81.0	-1.0
1.2957211E14	2858.0	82.0	-1.0
1.2957212E14	2858.0	82.0	-1.0
1.2957379E14	2861.0	82.0	-1.0
1.29573795E14	2861.0	82.0	-1.0
1.295738E14	2861.0	82.0	-1.0
1.2957382E14	2861.0	82.0	-1.0
1.2957383E14	2865.0	81.0	-1.0
1.2957384E14	2865.0	82.0	-1.0
1.29573845E14	2865.0	82.0	-1.0
1.2957385E14	2870.0	82.0	-1.0
1.2957387E14	2870.0	68.0	-1.0
1.2957388E14	2870.0	82.0	-1.0
1.2957389E14	2870.0	81.0	-1.0
1.29573895E14	2873.0	81.0	-1.0
1.295739E14	2873.0	81.0	-1.0
1.2957392E14	2873.0	81.0	-1.0
1.2957393E14	2873.0	82.0	-1.0
1.2957394E14	2873.0	82.0	-1.0
1.29573946E14	2873.0	82.0	-1.0
1.2957395E14	2873.0	83.0	-1.0
1.2957396E14	2873.0	83.0	-1.0
1.2957398E14	2871.0	83.0	-1.0
1.2957399E14	2871.0	83.0	-1.0
1.29574E14	2871.0	83.0	-1.0
1.29574004E14	2873.0	83.0	-1.0
1.2957401E14	2873.0	82.0	-1.0
1.2957403E14	2873.0	83.0	-1.0
1.2957404E14	2873.0	83.0	-1.0
1.2957405E14	2878.0	82.0	-1.0
1.2957406E14	2878.0	82.0	-1.0
1.2957408E14	2878.0	81.0	-1.0
1.2957409E14	2884.0	81.0	-1.0
1.295741E14	2884.0	81.0	-1.0
1.29575774E14	2611.0	73.0	-1.0
1.2957579E14	2611.0	75.0	-1.0
1.295758E14	2611.0	77.0	-1.0
1.2957581E14	2604.0	77.0	-1.0
1.2957582E14	2604.0	77.0	-1.0
1.29575825E14	2604.0	76.0	-1.0
1.2957584E14	2604.0	75.0	-1.0
1.2957585E14	2715.0	74.0	-1.0
1.2957586E14	2715.0	75.0	-1.0
1.2957587E14	2715.0	75.0	-1.0
1.29575875E14	3577.0	76.0	-1.0
1.2957589E14	3577.0	76.0	-1.0
1.295759E14	3577.0	76.0	-1.0
1.2957591E14	3577.0	77.0	-1.0
1.2957592E14	3048.0	78.0	-1.0
1.29575925E14	3048.0	77.0	-1.0
1.2957594E14	3048.0	76.0	-1.0
1.2957595E14	3048.0	75.0	-1.0
1.2957596E14	2672.0	75.0	-1.0
1.2957597E14	2672.0	74.0	-1.0
1.29575976E14	2672.0	74.0	-1.0
1.2957598E14	2672.0	73.0	-1.0
1.29576E14	2712.0	73.0	-1.0
1.2957601E14	2712.0	71.0	-1.0
1.2957602E14	2712.0	69.0	-1.0
1.2957603E14	2536.0	67.0	-1.0
1.29576034E14	2536.0	66.0	-1.0
1.2957605E14	2536.0	65.0	-1.0
1.2957606E14	2536.0	65.0	-1.0
1.2957607E14	2486.0	65.0	-1.0
1.2957608E14	2486.0	67.0	-1.0
1.29576085E14	2486.0	69.0	-1.0
1.295761E14	2486.0	71.0	-1.0
1.2957778E14	2063.0	78.0	-1.0
1.2957779E14	2055.0	78.0	-1.0
1.29577804E14	2055.0	78.0	-1.0
1.2957781E14	2055.0	77.0	-1.0
1.2957782E14	2055.0	76.0	-1.0
1.2957783E14	2041.0	77.0	-1.0
1.2957784E14	2041.0	80.0	-1.0
1.2957785E14	2041.0	82.0	-1.0
1.2957786E14	2041.0	82.0	-1.0
1.2957787E14	2026.0	82.0	-1.0
1.2957788E14	2026.0	60.0	-1.0
1.295779E14	0.0	84.0	-1.0
1.295779E14	1999.0	84.0	-1.0
1.2957792E14	1999.0	87.0	-1.0
1.2957793E14	1999.0	89.0	-1.0
1.2957794E14	1966.0	88.0	-1.0
1.2957795E14	1966.0	85.0	-1.0
1.2957796E14	1966.0	80.0	-1.0
1.2957797E14	1966.0	76.0	-1.0
1.2957798E14	1957.0	73.0	-1.0
1.2957799E14	1957.0	71.0	-1.0
1.29578E14	1957.0	71.0	-1.0
1.2957801E14	1957.0	72.0	-1.0
1.2957802E14	1970.0	74.0	-1.0
1.2957803E14	1970.0	76.0	-1.0
1.2957804E14	1970.0	78.0	-1.0
1.2957805E14	1989.0	84.0	-1.0
1.29578064E14	1989.0	60.0	-1.0
1.2957807E14	1989.0	60.0	-1.0
1.2957808E14	1989.0	86.0	-1.0
1.2957809E14	2002.0	83.0	-1.0
1.295781E14	2002.0	82.0	-1.0
1.2957978E14	2725.0	70.0	-1.0
1.2957979E14	2725.0	70.0	-1.0
1.295798E14	2725.0	70.0	-1.0
1.2957981E14	2734.0	70.0	-1.0
1.2957983E14	2734.0	70.0	-1.0
1.29579834E14	2734.0	71.0	-1.0
1.2957984E14	2734.0	73.0	-1.0
1.2957985E14	2733.0	73.0	-1.0
1.2957986E14	2733.0	73.0	-1.0
1.2957987E14	2733.0	73.0	-1.0
1.29579885E14	2733.0	73.0	-1.0
1.2957989E14	2758.0	71.0	-1.0
1.295799E14	2758.0	71.0	-1.0
1.2957991E14	2758.0	71.0	-1.0
1.2957992E14	2782.0	72.0	-1.0
1.29579935E14	2782.0	73.0	-1.0
1.2957994E14	2782.0	74.0	-1.0
1.2957995E14	2782.0	73.0	-1.0
1.2957996E14	2795.0	72.0	-1.0
1.2957997E14	2795.0	72.0	-1.0
1.29579985E14	2795.0	70.0	-1.0
1.2957999E14	2795.0	70.0	-1.0
1.2958E14	2819.0	70.0	-1.0
1.2958001E14	2819.0	70.0	-1.0
1.2958002E14	2819.0	71.0	-1.0
1.29580036E14	2819.0	71.0	-1.0
1.2958004E14	2862.0	72.0	-1.0
1.2958005E14	2862.0	73.0	-1.0
1.2958006E14	2862.0	73.0	-1.0
1.2958007E14	2901.0	73.0	-1.0
1.2958009E14	2901.0	73.0	-1.0
1.295801E14	-2.0	77.0	-1.0
1.295801E14	2901.0	77.0	-1.0
1.2958178E14	0.0	72.0	-1.0
1.295818E14	0.0	73.0	-1.0
1.29581806E14	0.0	74.0	-1.0
1.2958181E14	21493.0	75.0	-1.0
1.2958182E14	21493.0	75.0	-1.0
1.2958183E14	21493.0	77.0	-1.0
1.2958185E14	21493.0	78.0	-1.0
1.2958186E14	21204.0	77.0	-1.0
1.29581864E14	21204.0	75.0	-1.0
1.2958187E14	21204.0	75.0	-1.0
1.2958188E14	0.0	74.0	-1.0
1.2958189E14	0.0	73.0	-1.0
1.2958191E14	0.0	72.0	-1.0
1.29581915E14	21274.0	71.0	-1.0
1.2958192E14	21274.0	69.0	-1.0
1.2958193E14	21274.0	66.0	-1.0
1.2958194E14	21274.0	62.0	-1.0
1.2958196E14	20295.0	61.0	-1.0
1.29581965E14	20295.0	64.0	-1.0
1.2958197E14	20295.0	68.0	-1.0
1.2958198E14	0.0	71.0	-1.0
1.2958199E14	0.0	72.0	-1.0
1.2958201E14	0.0	73.0	-1.0
1.29582015E14	17885.0	73.0	-1.0
1.2958202E14	17885.0	74.0	-1.0
1.2958203E14	17885.0	75.0	-1.0
1.2958204E14	17885.0	76.0	-1.0
1.2958206E14	15543.0	77.0	-1.0
1.29582066E14	15543.0	79.0	-1.0
1.2958207E14	15543.0	80.0	-1.0
1.2958208E14	0.0	78.0	-1.0
1.2958209E14	0.0	78.0	-1.0
1.29583785E14	5048.0	79.0	-1.0
1.2958379E14	5048.0	78.0	-1.0
1.295838E14	5048.0	77.0	-1.0
1.2958382E14	5700.0	76.0	-1.0
1.2958383E14	5700.0	73.0	-1.0
1.29583836E14	5700.0	71.0	-1.0
1.2958384E14	8080.0	68.0	-1.0
1.2958385E14	8080.0	65.0	-1.0
1.2958387E14	8080.0	63.0	-1.0
1.2958388E14	8080.0	64.0	-1.0
1.2958389E14	11638.0	68.0	-1.0
1.29583894E14	11638.0	88.0	-1.0
1.295839E14	11638.0	83.0	-1.0
1.2958392E14	11638.0	70.0	-1.0
1.2958393E14	0.0	84.0	-1.0
1.2958394E14	0.0	83.0	-1.0
1.29583945E14	0.0	83.0	-1.0
1.2958395E14	17906.0	81.0	-1.0
1.2958396E14	17906.0	81.0	-1.0
1.2958398E14	17906.0	80.0	-1.0
1.2958399E14	17906.0	79.0	-1.0
1.29583995E14	20036.0	84.0	-1.0
1.29584E14	20036.0	86.0	-1.0
1.2958402E14	20036.0	82.0	-1.0
1.2958403E14	0.0	82.0	-1.0
1.2958404E14	0.0	81.0	-1.0
1.29584045E14	0.0	79.0	-1.0
1.2958405E14	24337.0	78.0	-1.0
1.2958406E14	24337.0	79.0	-1.0
1.2958408E14	24337.0	80.0	-1.0
1.2958409E14	24337.0	81.0	-1.0
1.295841E14	24415.0	81.0	-1.0
1.2958579E14	9144.0	74.0	-1.0
1.295858E14	9144.0	73.0	-1.0
1.2958585E14	6516.0	72.0	-1.0
1.29585815E14	7874.0	71.0	-1.0
1.2958582E14	7874.0	71.0	-1.0
1.2958584E14	7874.0	71.0	-1.0
1.2958586E14	0.0	71.0	-1.0
1.2958586E14	6516.0	71.0	-1.0
1.2958587E14	6516.0	71.0	-1.0
1.29585874E14	6516.0	72.0	-1.0
1.2958589E14	5839.0	72.0	-1.0
1.295859E14	5839.0	73.0	-1.0
1.2958591E14	5839.0	72.0	-1.0
1.2958592E14	6210.0	70.0	-1.0
1.29585925E14	5570.0	69.0	-1.0
1.2958594E14	5570.0	69.0	-1.0
1.2958595E14	5570.0	68.0	-1.0
1.2958596E14	5363.0	38.0	-1.0
1.2958597E14	5363.0	38.0	-1.0
1.29585975E14	5363.0	38.0	-1.0
1.2958599E14	5363.0	65.0	-1.0
1.29586E14	5382.0	65.0	-1.0
1.2958601E14	5382.0	67.0	-1.0
1.2958602E14	5382.0	69.0	-1.0
1.29586025E14	5382.0	71.0	-1.0
1.2958604E14	5312.0	72.0	-1.0
1.2958605E14	5312.0	73.0	-1.0
1.2958606E14	5312.0	76.0	-1.0
1.2958607E14	5431.0	78.0	-1.0
1.29586076E14	4951.0	79.0	-1.0
1.2958609E14	4951.0	79.0	-1.0
1.295861E14	4951.0	78.0	-1.0
1.2958778E14	31058.0	76.0	-1.0
1.2958779E14	31058.0	75.0	-1.0
1.295878E14	31058.0	74.0	-1.0
1.2958781E14	0.0	75.0	-1.0
1.2958782E14	0.0	75.0	-1.0
1.2958783E14	0.0	75.0	-1.0
1.2958784E14	33387.0	74.0	-1.0
1.29587846E14	33387.0	74.0	-1.0
1.2958786E14	33387.0	73.0	-1.0
1.2958787E14	33387.0	74.0	-1.0
1.2958788E14	32936.0	76.0	-1.0
1.2958789E14	32936.0	77.0	-1.0
1.29587904E14	32936.0	77.0	-1.0
1.2958791E14	0.0	76.0	-1.0
1.2958792E14	0.0	75.0	-1.0
1.2958793E14	0.0	74.0	-1.0
1.2958794E14	33070.0	73.0	-1.0
1.2958795E14	33070.0	72.0	-1.0
1.2958796E14	33070.0	7.0	-1.0
1.2958797E14	33070.0	7.0	-1.0
1.2958798E14	29497.0	8.0	-1.0
1.2958799E14	29497.0	8.0	-1.0
1.29588E14	29497.0	8.0	-1.0
1.2958801E14	0.0	90.0	-1.0
1.2958802E14	0.0	90.0	-1.0
1.2958803E14	0.0	90.0	-1.0
1.2958804E14	28220.0	7.0	-1.0
1.2958805E14	28220.0	7.0	-1.0
1.2958978E14	6007.0	79.0	-1.0
1.2958979E14	6054.0	34.0	-1.0
1.29589825E14	6054.0	34.0	-1.0
1.29589825E14	-1.0	34.0	-1.0
1.29589825E14	6054.0	79.0	-1.0
1.2958983E14	6117.0	79.0	-1.0
1.2958985E14	-1.0	78.0	-1.0
1.2958985E14	6117.0	78.0	-1.0
1.2958987E14	-2.0	75.0	-1.0
1.2958987E14	6126.0	75.0	-1.0
1.2958991E14	-2.0	78.0	-1.0
1.2958991E14	6770.0	78.0	-1.0
1.2958992E14	6770.0	77.0	-1.0
1.2958992E14	-2.0	77.0	-1.0
1.29589934E14	-3.0	74.0	-1.0
1.29589934E14	6770.0	74.0	-1.0
1.2958994E14	8616.0	73.0	-1.0
1.2958995E14	8616.0	72.0	-1.0
1.2958996E14	8616.0	72.0	-1.0
1.2958997E14	8616.0	73.0	-1.0
1.29589985E14	15061.0	76.0	-1.0
1.2958999E14	15061.0	81.0	-1.0
1.2959E14	15061.0	83.0	-1.0
1.2959001E14	0.0	80.0	-1.0
1.2959002E14	0.0	76.0	-1.0
1.29590035E14	0.0	75.0	-1.0
1.2959004E14	18849.0	76.0	-1.0
1.2959005E14	18849.0	79.0	-1.0
1.2959006E14	18849.0	82.0	-1.0
1.2959007E14	18849.0	86.0	-1.0
1.29590085E14	21935.0	82.0	-1.0
1.2959009E14	21935.0	77.0	-1.0
1.295901E14	21935.0	75.0	-1.0
1.2959179E14	17391.0	77.0	-1.0
1.295918E14	0.0	77.0	-1.0
1.29591805E14	0.0	76.0	-1.0
1.2959181E14	0.0	76.0	-1.0
1.2959182E14	15637.0	76.0	-1.0
1.2959183E14	15637.0	75.0	-1.0
1.2959185E14	15637.0	75.0	-1.0
1.2959186E14	10556.0	75.0	-1.0
1.2959187E14	10556.0	74.0	-1.0
1.2959188E14	10556.0	74.0	-1.0
1.295919E14	10556.0	73.0	-1.0
1.29591906E14	7591.0	72.0	-1.0
1.2959191E14	7591.0	71.0	-1.0
1.2959192E14	7591.0	71.0	-1.0
1.2959193E14	7591.0	71.0	-1.0
1.2959195E14	6394.0	72.0	-1.0
1.2959196E14	6394.0	71.0	-1.0
1.29591964E14	6394.0	72.0	-1.0
1.2959197E14	5773.0	73.0	-1.0
1.2959198E14	5773.0	73.0	-1.0
1.2959199E14	5773.0	73.0	-1.0
1.2959201E14	5773.0	73.0	-1.0
1.2959202E14	5337.0	72.0	-1.0
1.2959203E14	5337.0	72.0	-1.0
1.2959204E14	5337.0	72.0	-1.0
1.2959206E14	4334.0	72.0	-1.0
1.29592065E14	4334.0	71.0	-1.0
1.2959207E14	4334.0	44.0	-1.0
1.2959208E14	5604.0	71.0	-1.0
1.295921E14	4002.0	71.0	-1.0
1.2959211E14	4002.0	71.0	-1.0
1.29593785E14	2323.0	82.0	-1.0
1.2959379E14	2323.0	82.0	-1.0
1.295938E14	2323.0	82.0	-1.0
1.2959382E14	2327.0	80.0	-1.0
1.2959383E14	2327.0	79.0	-1.0
1.29593835E14	2327.0	80.0	-1.0
1.2959384E14	2326.0	79.0	-1.0
1.2959387E14	1.0	78.0	-1.0
1.2959387E14	2326.0	78.0	-1.0
1.2959388E14	2326.0	78.0	-1.0
1.29593885E14	2334.0	78.0	-1.0
1.2959389E14	2334.0	77.0	-1.0
1.295939E14	2334.0	77.0	-1.0
1.2959392E14	2334.0	76.0	-1.0
1.2959393E14	2332.0	76.0	-1.0
1.29593936E14	2332.0	75.0	-1.0
1.2959394E14	2332.0	75.0	-1.0
1.2959395E14	2332.0	74.0	-1.0
1.2959397E14	2331.0	73.0	-1.0
1.2959398E14	2331.0	72.0	-1.0
1.2959399E14	2331.0	72.0	-1.0
1.29593994E14	2336.0	73.0	-1.0
1.29594E14	2336.0	74.0	-1.0
1.2959402E14	2336.0	75.0	-1.0
1.2959403E14	2336.0	76.0	-1.0
1.2959404E14	2392.0	76.0	-1.0
1.29594045E14	2392.0	75.0	-1.0
1.2959405E14	2392.0	75.0	-1.0
1.2959406E14	2392.0	75.0	-1.0
1.2959408E14	2318.0	76.0	-1.0
1.2959409E14	2318.0	76.0	-1.0
1.29594095E14	2318.0	76.0	-1.0
1.295941E14	2318.0	75.0	-1.0
1.2959579E14	2193.0	72.0	-1.0
1.295958E14	2194.0	73.0	-1.0
1.2959581E14	2194.0	73.0	-1.0
1.29595815E14	2194.0	73.0	-1.0
1.2959582E14	2194.0	72.0	-1.0
1.2959584E14	2188.0	69.0	-1.0
1.2959585E14	2188.0	67.0	-1.0
1.2959586E14	2188.0	67.0	-1.0
1.29595865E14	2190.0	69.0	-1.0
1.2959587E14	2190.0	71.0	-1.0
1.2959589E14	2190.0	73.0	-1.0
1.295959E14	2190.0	73.0	-1.0
1.2959591E14	2192.0	73.0	-1.0
1.29595915E14	2192.0	72.0	-1.0
1.2959592E14	2192.0	73.0	-1.0
1.2959594E14	2192.0	75.0	-1.0
1.2959595E14	2190.0	77.0	-1.0
1.2959596E14	2190.0	79.0	-1.0
1.29595966E14	2190.0	79.0	-1.0
1.2959597E14	2190.0	77.0	-1.0
1.2959599E14	2185.0	74.0	-1.0
1.29596E14	2185.0	72.0	-1.0
1.2959601E14	2185.0	71.0	-1.0
1.2959602E14	2177.0	70.0	-1.0
1.29596024E14	2177.0	69.0	-1.0
1.2959604E14	2177.0	69.0	-1.0
1.2959605E14	2177.0	71.0	-1.0
1.2959606E14	2172.0	72.0	-1.0
1.2959607E14	2172.0	76.0	-1.0
1.29596075E14	2172.0	80.0	-1.0
1.2959609E14	2172.0	83.0	-1.0
1.295961E14	2166.0	82.0	-1.0
1.2959611E14	2166.0	80.0	-1.0
1.2959779E14	2220.0	79.0	-1.0
1.295978E14	2220.0	79.0	-1.0
1.2959781E14	2220.0	79.0	-1.0
1.2959782E14	2226.0	58.0	-1.0
1.2959783E14	2226.0	79.0	-1.0
1.2959784E14	2226.0	79.0	-1.0
1.2959785E14	2226.0	79.0	-1.0
1.2959786E14	2229.0	79.0	-1.0
1.2959787E14	2229.0	78.0	-1.0
1.2959788E14	2229.0	78.0	-1.0
1.2959789E14	2229.0	77.0	-1.0
1.29597895E14	2233.0	77.0	-1.0
1.2959791E14	2233.0	77.0	-1.0
1.2959793E14	2241.0	80.0	-1.0
1.2959794E14	2241.0	81.0	-1.0
1.29597945E14	2241.0	81.0	-1.0
1.2959796E14	2241.0	81.0	-1.0
1.2959797E14	2247.0	81.0	-1.0
1.2959798E14	2247.0	80.0	-1.0
1.2959799E14	2247.0	78.0	-1.0
1.29597996E14	2247.0	78.0	-1.0
1.2959801E14	2255.0	79.0	-1.0
1.2959802E14	2255.0	79.0	-1.0
1.2959803E14	2255.0	80.0	-1.0
1.2959804E14	2255.0	81.0	-1.0
1.2959805E14	2261.0	80.0	-1.0
1.2959806E14	2261.0	79.0	-1.0
1.2959807E14	2261.0	79.0	-1.0
1.2959808E14	2271.0	79.0	-1.0
1.2959809E14	2271.0	78.0	-1.0
1.295981E14	2271.0	78.0	-1.0
1.2959978E14	2311.0	75.0	-1.0
1.2959979E14	2311.0	75.0	-1.0
1.295998E14	2305.0	76.0	-1.0
1.2959981E14	2305.0	77.0	-1.0
1.29599824E14	2305.0	77.0	-1.0
1.2959983E14	2305.0	78.0	-1.0
1.2959984E14	2303.0	76.0	-1.0
1.2959985E14	2303.0	76.0	-1.0
1.2959986E14	2303.0	75.0	-1.0
1.29599875E14	2303.0	75.0	-1.0
1.2959991E14	-1.0	77.0	-1.0
1.2959991E14	2294.0	77.0	-1.0
1.2959991E14	-1.0	77.0	-1.0
1.2959991E14	2294.0	77.0	-1.0
1.2959995E14	0.0	79.0	-1.0
1.2959995E14	2302.0	79.0	-1.0
1.2959995E14	0.0	79.0	-1.0
1.2959996E14	0.0	79.0	-1.0
1.2959997E14	-1.0	79.0	-1.0
1.29599975E14	2302.0	77.0	-1.0
1.2959999E14	-2.0	76.0	-1.0
1.296E14	-2.0	75.0	-1.0
1.296E14	2306.0	75.0	-1.0
1.2960001E14	2306.0	74.0	-1.0
1.2960002E14	2306.0	73.0	-1.0
1.2960003E14	2307.0	73.0	-1.0
1.2960004E14	2307.0	73.0	-1.0
1.2960005E14	2307.0	74.0	-1.0
1.2960007E14	-1.0	75.0	-1.0
1.2960007E14	2307.0	76.0	-1.0
1.29600085E14	2307.0	77.0	-1.0
1.2960009E14	2307.0	77.0	-1.0
1.296001E14	2302.0	76.0	-1.0
1.2960178E14	2281.0	81.0	-1.0
1.29601796E14	2279.0	81.0	-1.0
1.296018E14	2279.0	80.0	-1.0
1.2960181E14	2279.0	80.0	-1.0
1.2960182E14	2279.0	80.0	-1.0
1.2960183E14	2277.0	80.0	-1.0
1.2960185E14	2277.0	80.0	-1.0
1.29601855E14	2277.0	80.0	-1.0
1.2960186E14	2277.0	80.0	-1.0
1.2960187E14	2277.0	80.0	-1.0
1.2960188E14	2277.0	80.0	-1.0
1.296019E14	2277.0	80.0	-1.0
1.29601905E14	2278.0	79.0	-1.0
1.2960192E14	2278.0	80.0	-1.0
1.2960193E14	2278.0	81.0	-1.0
1.2960195E14	2280.0	81.0	-1.0
1.29601955E14	2280.0	81.0	-1.0
1.2960196E14	2280.0	81.0	-1.0
1.2960197E14	2276.0	81.0	-1.0
1.2960198E14	2276.0	81.0	-1.0
1.29602E14	2276.0	81.0	-1.0
1.29602005E14	2276.0	81.0	-1.0
1.2960201E14	2272.0	81.0	-1.0
1.2960202E14	2272.0	80.0	-1.0
1.2960203E14	2272.0	80.0	-1.0
1.2960205E14	2272.0	80.0	-1.0
1.2960206E14	2262.0	79.0	-1.0
1.29602064E14	2262.0	79.0	-1.0
1.2960207E14	2262.0	79.0	-1.0
1.2960208E14	2262.0	79.0	-1.0
1.2960209E14	2263.0	79.0	-1.0
1.2960217E14	2269.0	79.0	-1.0
1.29602165E14	2269.0	79.0	-1.0
1.2960216E14	2263.0	79.0	-1.0
1.2960213E14	2263.0	79.0	-1.0
1.2960214E14	2263.0	79.0	-1.0
1.2960378E14	2304.0	79.0	-1.0
1.2960379E14	2304.0	79.0	-1.0
1.2960381E14	2304.0	80.0	-1.0
1.2960382E14	2305.0	80.0	-1.0
1.2960383E14	2305.0	80.0	-1.0
1.29603834E14	2305.0	80.0	-1.0
1.2960384E14	2305.0	80.0	-1.0
1.2960385E14	2302.0	80.0	-1.0
1.2960387E14	2302.0	80.0	-1.0
1.2960388E14	2302.0	80.0	-1.0
1.29603885E14	2299.0	80.0	-1.0
1.2960389E14	2299.0	80.0	-1.0
1.296039E14	2299.0	80.0	-1.0
1.2960392E14	2299.0	80.0	-1.0
1.2960393E14	2294.0	80.0	-1.0
1.29603935E14	2294.0	80.0	-1.0
1.2960394E14	2294.0	80.0	-1.0
1.2960395E14	2294.0	80.0	-1.0
1.2960397E14	2290.0	80.0	-1.0
1.2960398E14	2290.0	80.0	-1.0
1.29603985E14	2290.0	80.0	-1.0
1.2960399E14	2290.0	80.0	-1.0
1.29604E14	2287.0	80.0	-1.0
1.2960402E14	2287.0	80.0	-1.0
1.2960403E14	2287.0	80.0	-1.0
1.29604036E14	2286.0	80.0	-1.0
1.2960404E14	2286.0	80.0	-1.0
1.2960405E14	2286.0	80.0	-1.0
1.2960407E14	2286.0	80.0	-1.0
1.2960408E14	2283.0	80.0	-1.0
1.2960409E14	2283.0	80.0	-1.0
1.29604094E14	2283.0	79.0	-1.0
1.296041E14	2283.0	79.0	-1.0
1.2960579E14	2303.0	80.0	-1.0
1.296058E14	2306.0	81.0	-1.0
1.29605806E14	2306.0	81.0	-1.0
1.2960581E14	2306.0	81.0	-1.0
1.2960583E14	2306.0	81.0	-1.0
1.2960584E14	2311.0	81.0	-1.0
1.2960585E14	2311.0	80.0	-1.0
1.2960586E14	2311.0	80.0	-1.0
1.29605864E14	2311.0	80.0	-1.0
1.2960587E14	2315.0	81.0	-1.0
1.2960589E14	2315.0	81.0	-1.0
1.296059E14	2315.0	81.0	-1.0
1.2960591E14	2314.0	81.0	-1.0
1.29605915E14	2314.0	81.0	-1.0
1.2960592E14	2314.0	81.0	-1.0
1.2960594E14	2314.0	81.0	-1.0
1.2960595E14	2316.0	81.0	-1.0
1.2960596E14	2316.0	80.0	-1.0
1.29605965E14	2316.0	80.0	-1.0
1.2960597E14	2316.0	80.0	-1.0
1.2960599E14	2315.0	80.0	-1.0
1.29606E14	2315.0	81.0	-1.0
1.2960601E14	2315.0	81.0	-1.0
1.29606015E14	2315.0	81.0	-1.0
1.2960602E14	2316.0	81.0	-1.0
1.2960604E14	2316.0	81.0	-1.0
1.2960605E14	2316.0	81.0	-1.0
1.2960606E14	2313.0	80.0	-1.0
1.29606066E14	2313.0	80.0	-1.0
1.2960607E14	2313.0	80.0	-1.0
1.2960609E14	2313.0	80.0	-1.0
1.296061E14	2310.0	80.0	-1.0
1.2960611E14	2310.0	81.0	-1.0
1.29607785E14	2285.0	80.0	-1.0
1.296078E14	2285.0	80.0	-1.0
1.2960781E14	2285.0	80.0	-1.0
1.2960782E14	2287.0	80.0	-1.0
1.2960783E14	2287.0	80.0	-1.0
1.29607836E14	2287.0	80.0	-1.0
1.2960785E14	2287.0	80.0	-1.0
1.2960786E14	2291.0	80.0	-1.0
1.2960787E14	2291.0	80.0	-1.0
1.2960788E14	2291.0	80.0	-1.0
1.2960789E14	2291.0	81.0	-1.0
1.296079E14	2296.0	81.0	-1.0
1.2960791E14	2296.0	81.0	-1.0
1.2960792E14	2296.0	81.0	-1.0
1.2960793E14	2304.0	81.0	-1.0
1.2960794E14	2304.0	81.0	-1.0
1.2960795E14	2304.0	80.0	-1.0
1.2960796E14	2304.0	80.0	-1.0
1.2960797E14	2307.0	81.0	-1.0
1.2960798E14	2307.0	81.0	-1.0
1.2960799E14	2307.0	81.0	-1.0
1.29607995E14	2307.0	81.0	-1.0
1.2960801E14	2310.0	81.0	-1.0
1.2960802E14	2310.0	81.0	-1.0
1.2960803E14	2310.0	81.0	-1.0
1.2960804E14	2310.0	81.0	-1.0
1.29608045E14	2315.0	81.0	-1.0
1.2960806E14	2315.0	81.0	-1.0
1.2960807E14	2315.0	81.0	-1.0
1.2960808E14	2317.0	81.0	-1.0
1.2960809E14	2317.0	81.0	-1.0
1.29608096E14	2317.0	82.0	-1.0
1.2960811E14	2317.0	81.0	-1.0
1.2960979E14	2291.0	82.0	-1.0
1.296098E14	2291.0	82.0	-1.0
1.2960981E14	2286.0	81.0	-1.0
1.2960982E14	2286.0	81.0	-1.0
1.2960983E14	2286.0	81.0	-1.0
1.2960984E14	2281.0	81.0	-1.0
1.2960985E14	2281.0	81.0	-1.0
1.2960986E14	2281.0	80.0	-1.0
1.2960987E14	2281.0	80.0	-1.0
1.2960988E14	2279.0	80.0	-1.0
1.2960989E14	2279.0	80.0	-1.0
1.296099E14	2279.0	80.0	-1.0
1.29609924E14	-1.0	80.0	-1.0
1.29609924E14	2279.0	80.0	-1.0
1.2960994E14	-1.0	80.0	-1.0
1.2960995E14	-1.0	80.0	-1.0
1.2961E14	-1.0	80.0	-1.0
1.2960998E14	2281.0	80.0	-1.0
1.2961E14	-1.0	80.0	-1.0
1.2960998E14	2281.0	80.0	-1.0
1.2961001E14	2282.0	80.0	-1.0
1.2961002E14	-17.0	80.0	-1.0
1.2961001E14	2282.0	80.0	-1.0
1.2961002E14	2282.0	80.0	-1.0
1.2961003E14	2287.0	80.0	-1.0
1.2961004E14	2287.0	80.0	-1.0
1.2961005E14	2287.0	80.0	-1.0
1.2961006E14	2287.0	81.0	-1.0
1.2961007E14	2292.0	81.0	-1.0
1.2961008E14	2292.0	81.0	-1.0
1.2961009E14	2292.0	81.0	-1.0
1.2961011E14	2298.0	57.0	-1.0
1.29611795E14	2306.0	82.0	-1.0
1.296118E14	2306.0	81.0	-1.0
1.2961181E14	2306.0	82.0	-1.0
1.2961182E14	2306.0	81.0	-1.0
1.2961183E14	2304.0	81.0	-1.0
1.29611845E14	2304.0	81.0	-1.0
1.2961185E14	2304.0	81.0	-1.0
1.2961188E14	2304.0	81.0	-1.0
1.2961188E14	-1.0	81.0	-1.0
1.2961188E14	2304.0	81.0	-1.0
1.29611896E14	2304.0	82.0	-1.0
1.296119E14	2299.0	82.0	-1.0
1.2961193E14	2299.0	82.0	-1.0
1.2961195E14	2295.0	82.0	-1.0
1.2961196E14	-1.0	82.0	-1.0
1.2961196E14	2295.0	82.0	-1.0
1.2961197E14	2295.0	81.0	-1.0
1.2961198E14	-17.0	81.0	-1.0
1.2961197E14	2295.0	81.0	-1.0
1.2961198E14	2290.0	81.0	-1.0
1.29612E14	2290.0	81.0	-1.0
1.2961203E14	0.0	81.0	-1.0
1.2961203E14	2281.0	81.0	-1.0
1.2961203E14	0.0	81.0	-1.0
1.29612055E14	-17.0	80.0	-1.0
1.2961205E14	2281.0	80.0	-1.0
1.29612055E14	2273.0	80.0	-1.0
1.2961206E14	2273.0	57.0	-1.0
1.2961207E14	2273.0	57.0	-1.0
1.2961208E14	2273.0	57.0	-1.0
1.2961209E14	2271.0	57.0	-1.0
1.2961211E14	0.0	57.0	-1.0
1.2961379E14	2276.0	80.0	-1.0
1.2961381E14	2276.0	81.0	-1.0
1.2961382E14	2270.0	81.0	-1.0
1.29613825E14	2270.0	81.0	-1.0
1.2961383E14	2270.0	68.0	-1.0
1.2961384E14	2270.0	68.0	-1.0
1.2961392E14	2263.0	80.0	-1.0
1.2961387E14	2267.0	80.0	-1.0
1.29613926E14	-1.0	80.0	-1.0
1.2961388E14	2263.0	80.0	-1.0
1.2961393E14	2261.0	80.0	-1.0
1.296139E14	2263.0	80.0	-1.0
1.2961392E14	2263.0	80.0	-1.0
1.29613926E14	2261.0	80.0	-1.0
1.2961394E14	-1.0	80.0	-1.0
1.2961394E14	2261.0	80.0	-1.0
1.2961395E14	2261.0	80.0	-1.0
1.2961397E14	2257.0	81.0	-1.0
1.2961398E14	2257.0	80.0	-1.0
1.29613984E14	2257.0	80.0	-1.0
1.2961399E14	2257.0	80.0	-1.0
1.29614E14	2254.0	80.0	-1.0
1.2961402E14	2254.0	80.0	-1.0
1.2961403E14	2254.0	81.0	-1.0
1.29614035E14	2252.0	81.0	-1.0
1.2961404E14	2252.0	81.0	-1.0
1.2961405E14	2252.0	81.0	-1.0
1.2961407E14	2252.0	80.0	-1.0
1.2961408E14	2247.0	80.0	-1.0
1.29614085E14	2247.0	80.0	-1.0
1.2961409E14	2247.0	80.0	-1.0
1.296141E14	2247.0	80.0	-1.0
1.2961412E14	2242.0	80.0	-1.0
1.2961579E14	2746.0	83.0	-1.0
1.296158E14	2722.0	83.0	-1.0
1.29615805E14	2722.0	83.0	-1.0
1.2961581E14	2722.0	83.0	-1.0
1.2961583E14	2722.0	84.0	-1.0
1.2961584E14	2775.0	84.0	-1.0
1.29615855E14	2775.0	83.0	-1.0
1.2961586E14	2775.0	83.0	-1.0
1.2961588E14	2763.0	82.0	-1.0
1.2961589E14	2763.0	82.0	-1.0
1.296159E14	2763.0	81.0	-1.0
1.29615905E14	2907.0	80.0	-1.0
1.2961591E14	2907.0	80.0	-1.0
1.2961593E14	2907.0	81.0	-1.0
1.2961594E14	2907.0	81.0	-1.0
1.2961595E14	2833.0	80.0	-1.0
1.29615956E14	2833.0	79.0	-1.0
1.2961596E14	2833.0	79.0	-1.0
1.2961597E14	2833.0	79.0	-1.0
1.2961599E14	2829.0	80.0	-1.0
1.29616E14	2829.0	80.0	-1.0
1.2961601E14	2829.0	80.0	-1.0
1.29616014E14	2829.0	80.0	-1.0
1.2961602E14	3822.0	79.0	-1.0
1.2961604E14	3822.0	78.0	-1.0
1.2961605E14	3822.0	79.0	-1.0
1.2961606E14	3909.0	80.0	-1.0
1.29616065E14	3909.0	82.0	-1.0
1.2961607E14	3909.0	82.0	-1.0
1.2961609E14	3909.0	80.0	-1.0
1.296161E14	3908.0	80.0	-1.0
1.2961611E14	3908.0	80.0	-1.0
1.29617784E14	3730.0	71.0	-1.0
1.296178E14	3730.0	71.0	-1.0
1.2961781E14	3730.0	72.0	-1.0
1.2961782E14	4355.0	74.0	-1.0
1.2961783E14	4355.0	75.0	-1.0
1.29617835E14	4355.0	75.0	-1.0
1.2961785E14	4355.0	75.0	-1.0
1.2961786E14	3886.0	73.0	-1.0
1.2961787E14	3886.0	72.0	-1.0
1.2961788E14	3886.0	72.0	-1.0
1.29617885E14	3886.0	71.0	-1.0
1.296179E14	3685.0	72.0	-1.0
1.2961791E14	3685.0	73.0	-1.0
1.2961792E14	3685.0	73.0	-1.0
1.2961793E14	3685.0	73.0	-1.0
1.29617935E14	3708.0	73.0	-1.0
1.2961795E14	3708.0	74.0	-1.0
1.2961796E14	3708.0	74.0	-1.0
1.2961797E14	4148.0	73.0	-1.0
1.2961798E14	4148.0	73.0	-1.0
1.29617986E14	4148.0	73.0	-1.0
1.29618E14	4148.0	76.0	-1.0
1.2961801E14	4123.0	78.0	-1.0
1.2961802E14	4123.0	79.0	-1.0
1.2961803E14	4123.0	80.0	-1.0
1.2961804E14	4123.0	80.0	-1.0
1.29618045E14	4064.0	81.0	-1.0
1.2961806E14	4064.0	81.0	-1.0
1.2961807E14	4064.0	80.0	-1.0
1.2961808E14	4064.0	80.0	-1.0
1.2961809E14	4052.0	81.0	-1.0
1.29618095E14	4052.0	81.0	-1.0
1.2961811E14	4052.0	80.0	-1.0
1.2961979E14	0.0	77.0	-1.0
1.296198E14	35307.0	76.0	-1.0
1.2961981E14	35307.0	75.0	-1.0
1.2961982E14	35307.0	74.0	-1.0
1.2961983E14	35307.0	72.0	-1.0
1.2961988E14	0.0	66.0	-1.0
1.2961989E14	0.0	65.0	-1.0
1.296199E14	32123.0	65.0	-1.0
1.2961991E14	32123.0	66.0	-1.0
1.2961992E14	32123.0	68.0	-1.0
1.2961993E14	32123.0	71.0	-1.0
1.2961994E14	29909.0	72.0	-1.0
1.2961995E14	29909.0	72.0	-1.0
1.2961996E14	29909.0	73.0	-1.0
1.2961997E14	0.0	74.0	-1.0
1.2961998E14	0.0	76.0	-1.0
1.2961999E14	0.0	77.0	-1.0
1.2962E14	26615.0	78.0	-1.0
1.2962001E14	26615.0	78.0	-1.0
1.29620024E14	26615.0	78.0	-1.0
1.2962003E14	26615.0	77.0	-1.0
1.2962004E14	21184.0	77.0	-1.0
1.2962005E14	21184.0	76.0	-1.0
1.2962006E14	21184.0	75.0	-1.0
1.29620075E14	21184.0	74.0	-1.0
1.2962008E14	19867.0	73.0	-1.0
1.2962009E14	19867.0	73.0	-1.0
1.296201E14	19867.0	73.0	-1.0
1.2962011E14	19867.0	73.0	-1.0
1.29621794E14	9994.0	68.0	-1.0
1.296218E14	9994.0	73.0	-1.0
1.2962181E14	14985.0	79.0	-1.0
1.2962182E14	14985.0	81.0	-1.0
1.2962184E14	14985.0	82.0	-1.0
1.29621845E14	14985.0	81.0	-1.0
1.2962185E14	19453.0	81.0	-1.0
1.2962186E14	19453.0	83.0	-1.0
1.2962187E14	19453.0	80.0	-1.0
1.2962189E14	20763.0	78.0	-1.0
1.29621895E14	20763.0	79.0	-1.0
1.296219E14	20763.0	82.0	-1.0
1.2962191E14	20763.0	84.0	-1.0
1.2962192E14	25898.0	86.0	-1.0
1.2962193E14	25898.0	74.0	-1.0
1.29621945E14	25898.0	74.0	-1.0
1.2962195E14	25898.0	73.0	-1.0
1.2962196E14	28560.0	74.0	-1.0
1.2962197E14	28560.0	76.0	-1.0
1.2962198E14	28560.0	77.0	-1.0
1.29621996E14	28560.0	77.0	-1.0
1.29622E14	30267.0	77.0	-1.0
1.2962201E14	30267.0	77.0	-1.0
1.2962202E14	30267.0	76.0	-1.0
1.2962203E14	30417.0	76.0	-1.0
1.2962205E14	30417.0	77.0	-1.0
1.29622054E14	30417.0	74.0	-1.0
1.2962207E14	1.0	74.0	-1.0
1.2962207E14	31063.0	74.0	-1.0
1.2962208E14	31063.0	75.0	-1.0
1.296221E14	31063.0	77.0	-1.0
1.29622105E14	31063.0	78.0	-1.0
1.2962211E14	30795.0	80.0	-1.0
1.2962379E14	7199.0	73.0	-1.0
1.2962381E14	6863.0	73.0	-1.0
1.2962382E14	6863.0	74.0	-1.0
1.29623824E14	6863.0	74.0	-1.0
1.2962383E14	6863.0	73.0	-1.0
1.2962384E14	6619.0	72.0	-1.0
1.2962386E14	6619.0	72.0	-1.0
1.2962387E14	6619.0	73.0	-1.0
1.29623875E14	6619.0	74.0	-1.0
1.2962388E14	6621.0	74.0	-1.0
1.2962389E14	6621.0	74.0	-1.0
1.2962391E14	6621.0	73.0	-1.0
1.2962392E14	6831.0	73.0	-1.0
1.29623925E14	6597.0	74.0	-1.0
1.2962393E14	6597.0	77.0	-1.0
1.2962394E14	6597.0	79.0	-1.0
1.2962396E14	6166.0	80.0	-1.0
1.2962397E14	6166.0	81.0	-1.0
1.29623975E14	6166.0	81.0	-1.0
1.2962398E14	6166.0	83.0	-1.0
1.2962399E14	5892.0	83.0	-1.0
1.29624E14	5892.0	82.0	-1.0
1.2962402E14	5892.0	80.0	-1.0
1.29624026E14	5892.0	79.0	-1.0
1.2962403E14	5874.0	78.0	-1.0
1.2962404E14	5874.0	78.0	-1.0
1.2962405E14	5874.0	78.0	-1.0
1.2962407E14	5841.0	78.0	-1.0
1.2962408E14	6018.0	78.0	-1.0
1.29624084E14	6018.0	80.0	-1.0
1.2962409E14	6018.0	82.0	-1.0
1.296241E14	6884.0	83.0	-1.0
1.2962412E14	6884.0	81.0	-1.0
1.29625796E14	0.0	65.0	-1.0
1.296258E14	0.0	68.0	-1.0
1.2962581E14	30170.0	70.0	-1.0
1.2962583E14	30170.0	72.0	-1.0
1.2962584E14	30170.0	72.0	-1.0
1.2962585E14	30170.0	73.0	-1.0
1.29625854E14	28152.0	74.0	-1.0
1.2962586E14	28152.0	75.0	-1.0
1.2962588E14	28152.0	75.0	-1.0
1.2962589E14	0.0	76.0	-1.0
1.296259E14	0.0	78.0	-1.0
1.29625905E14	0.0	79.0	-1.0
1.2962591E14	21763.0	79.0	-1.0
1.2962593E14	21763.0	77.0	-1.0
1.2962594E14	21763.0	76.0	-1.0
1.2962595E14	21763.0	76.0	-1.0
1.29625955E14	20964.0	74.0	-1.0
1.2962596E14	20964.0	72.0	-1.0
1.2962598E14	20964.0	71.0	-1.0
1.2962599E14	20964.0	70.0	-1.0
1.29626E14	15818.0	69.0	-1.0
1.29626005E14	15818.0	69.0	-1.0
1.2962601E14	15818.0	69.0	-1.0
1.2962602E14	15818.0	70.0	-1.0
1.2962604E14	11654.0	70.0	-1.0
1.2962605E14	11654.0	71.0	-1.0
1.29626056E14	11654.0	72.0	-1.0
1.2962606E14	11666.0	73.0	-1.0
1.2962607E14	11666.0	73.0	-1.0
1.2962609E14	11666.0	73.0	-1.0
1.296261E14	11666.0	72.0	-1.0
1.2962611E14	11179.0	72.0	-1.0
1.29626114E14	11179.0	72.0	-1.0
1.296278E14	25406.0	80.0	-1.0
1.2962781E14	25406.0	82.0	-1.0
1.2962782E14	25406.0	82.0	-1.0
1.29627826E14	30454.0	81.0	-1.0
1.2962783E14	30454.0	79.0	-1.0
1.2962785E14	30454.0	78.0	-1.0
1.2962786E14	30454.0	78.0	-1.0
1.2962787E14	29197.0	77.0	-1.0
1.2962788E14	29197.0	77.0	-1.0
1.29627884E14	29197.0	76.0	-1.0
1.296279E14	29197.0	76.0	-1.0
1.2962791E14	32138.0	76.0	-1.0
1.2962792E14	32138.0	75.0	-1.0
1.2962793E14	32138.0	75.0	-1.0
1.29627935E14	37330.0	74.0	-1.0
1.2962795E14	37330.0	73.0	-1.0
1.2962796E14	37330.0	73.0	-1.0
1.2962797E14	37330.0	72.0	-1.0
1.2962798E14	36811.0	72.0	-1.0
1.29627985E14	36811.0	72.0	-1.0
1.29628E14	36811.0	71.0	-1.0
1.2962801E14	36811.0	69.0	-1.0
1.2962802E14	35553.0	69.0	-1.0
1.2962803E14	35553.0	70.0	-1.0
1.29628035E14	35553.0	71.0	-1.0
1.2962805E14	35553.0	73.0	-1.0
1.2962806E14	36251.0	75.0	-1.0
1.2962807E14	36251.0	76.0	-1.0
1.2962808E14	36251.0	74.0	-1.0
1.29628086E14	36707.0	73.0	-1.0
1.296281E14	36707.0	73.0	-1.0
1.2962811E14	36707.0	73.0	-1.0
1.2962979E14	7265.0	72.0	-1.0
1.296298E14	7265.0	72.0	-1.0
1.2962981E14	7265.0	73.0	-1.0
1.2962982E14	7240.0	73.0	-1.0
1.2962983E14	7240.0	73.0	-1.0
1.2962984E14	7240.0	31.0	-1.0
1.2962985E14	7240.0	74.0	-1.0
1.29629856E14	6841.0	75.0	-1.0
1.2962987E14	6841.0	77.0	-1.0
1.2962988E14	6841.0	78.0	-1.0
1.2962989E14	7041.0	31.0	-1.0
1.296299E14	6715.0	82.0	-1.0
1.2962991E14	6715.0	83.0	-1.0
1.2962992E14	6715.0	83.0	-1.0
1.2962993E14	6799.0	81.0	-1.0
1.2962994E14	6799.0	80.0	-1.0
1.2962995E14	6799.0	32.0	-1.0
1.2962996E14	6799.0	32.0	-1.0
1.2962998E14	6696.0	78.0	-1.0
1.2962999E14	6696.0	77.0	-1.0
1.2963002E14	6951.0	78.0	-1.0
1.2963003E14	6951.0	77.0	-1.0
1.2963004E14	8662.0	75.0	-1.0
1.2963005E14	8662.0	26.0	-1.0
1.2963006E14	8662.0	69.0	-1.0
1.2963007E14	8662.0	26.0	-1.0
1.2963008E14	15093.0	67.0	-1.0
1.296301E14	15093.0	79.0	-1.0
1.2963011E14	15093.0	86.0	-1.0
1.2963179E14	3863.0	79.0	-1.0
1.296318E14	3863.0	79.0	-1.0
1.2963181E14	3861.0	78.0	-1.0
1.2963182E14	3861.0	76.0	-1.0
1.29631835E14	3861.0	75.0	-1.0
1.2963184E14	3861.0	75.0	-1.0
1.2963185E14	3387.0	74.0	-1.0
1.2963186E14	3387.0	73.0	-1.0
1.2963187E14	3387.0	72.0	-1.0
1.29631886E14	3387.0	71.0	-1.0
1.2963189E14	3378.0	70.0	-1.0
1.296319E14	3378.0	70.0	-1.0
1.2963191E14	3378.0	71.0	-1.0
1.2963192E14	3378.0	71.0	-1.0
1.2963194E14	3253.0	70.0	-1.0
1.29631944E14	3253.0	70.0	-1.0
1.2963195E14	3253.0	71.0	-1.0
1.2963196E14	3126.0	72.0	-1.0
1.2963197E14	3126.0	74.0	-1.0
1.29631995E14	3126.0	76.0	-1.0
1.29632E14	3092.0	75.0	-1.0
1.2963201E14	3092.0	74.0	-1.0
1.2963202E14	3092.0	74.0	-1.0
1.2963203E14	3092.0	73.0	-1.0
1.29632045E14	3079.0	73.0	-1.0
1.2963205E14	3079.0	73.0	-1.0
1.2963206E14	3079.0	73.0	-1.0
1.2963207E14	3079.0	74.0	-1.0
1.29632146E14	3052.0	75.0	-1.0
1.2963213E14	3052.0	78.0	-1.0
1.296321E14	3051.0	78.0	-1.0
1.2963211E14	3052.0	78.0	-1.0
1.2963212E14	3052.0	78.0	-1.0
1.2963215E14	3032.0	78.0	-1.0
1.29632146E14	3052.0	78.0	-1.0
1.2963379E14	2793.0	82.0	-1.0
1.2963381E14	2786.0	81.0	-1.0
1.29633815E14	2786.0	81.0	-1.0
1.2963382E14	2786.0	81.0	-1.0
1.2963383E14	2786.0	83.0	-1.0
1.2963384E14	2788.0	86.0	-1.0
1.2963386E14	2788.0	88.0	-1.0
1.29633865E14	2788.0	86.0	-1.0
1.2963387E14	2783.0	84.0	-1.0
1.2963388E14	2783.0	82.0	-1.0
1.2963389E14	2783.0	80.0	-1.0
1.2963391E14	2783.0	80.0	-1.0
1.29633916E14	2784.0	80.0	-1.0
1.2963392E14	2784.0	81.0	-1.0
1.2963393E14	2784.0	81.0	-1.0
1.2963394E14	2784.0	83.0	-1.0
1.2963396E14	2852.0	87.0	-1.0
1.2963397E14	2852.0	86.0	-1.0
1.29633974E14	2852.0	86.0	-1.0
1.2963399E14	-1.0	80.0	-1.0
1.2963401E14	-2.0	77.0	-1.0
1.2963401E14	2916.0	77.0	-1.0
1.2963402E14	2916.0	75.0	-1.0
1.29634025E14	2823.0	75.0	-1.0
1.2963403E14	2823.0	77.0	-1.0
1.2963404E14	2823.0	81.0	-1.0
1.2963405E14	2823.0	83.0	-1.0
1.2963407E14	2789.0	81.0	-1.0
1.2963408E14	0.0	79.0	-1.0
1.2963409E14	-1.0	78.0	-1.0
1.2963409E14	2789.0	78.0	-1.0
1.296341E14	2787.0	75.0	-1.0
1.29634125E14	0.0	73.0	-1.0
1.29634125E14	2787.0	73.0	-1.0
1.29635795E14	2751.0	80.0	-1.0
1.296358E14	2751.0	80.0	-1.0
1.2963581E14	2751.0	80.0	-1.0
1.2963583E14	2749.0	81.0	-1.0
1.2963584E14	2749.0	81.0	-1.0
1.29635845E14	2749.0	81.0	-1.0
1.2963585E14	2749.0	81.0	-1.0
1.2963586E14	2748.0	81.0	-1.0
1.2963588E14	2748.0	81.0	-1.0
1.2963589E14	2748.0	81.0	-1.0
1.29635895E14	2748.0	82.0	-1.0
1.296359E14	2748.0	81.0	-1.0
1.2963591E14	2748.0	81.0	-1.0
1.2963593E14	2748.0	81.0	-1.0
1.2963594E14	2746.0	81.0	-1.0
1.2963595E14	2746.0	81.0	-1.0
1.29635954E14	2746.0	81.0	-1.0
1.2963596E14	2746.0	81.0	-1.0
1.2963598E14	2741.0	81.0	-1.0
1.2963599E14	2741.0	81.0	-1.0
1.29636E14	2741.0	82.0	-1.0
1.29636005E14	2741.0	82.0	-1.0
1.2963601E14	2745.0	81.0	-1.0
1.2963603E14	2745.0	81.0	-1.0
1.2963604E14	2745.0	81.0	-1.0
1.2963605E14	2744.0	81.0	-1.0
1.29636055E14	2744.0	81.0	-1.0
1.2963606E14	2744.0	81.0	-1.0
1.2963608E14	2744.0	81.0	-1.0
1.2963609E14	2743.0	80.0	-1.0
1.296361E14	2743.0	80.0	-1.0
1.29636105E14	2743.0	80.0	-1.0
1.2963611E14	2743.0	80.0	-1.0
1.296378E14	2712.0	82.0	-1.0
1.2963781E14	2712.0	81.0	-1.0
1.2963782E14	2712.0	81.0	-1.0
1.29637825E14	2712.0	81.0	-1.0
1.2963784E14	2712.0	82.0	-1.0
1.2963785E14	2711.0	82.0	-1.0
1.2963786E14	2711.0	82.0	-1.0
1.2963787E14	2711.0	81.0	-1.0
1.29637875E14	2711.0	81.0	-1.0
1.2963788E14	2714.0	81.0	-1.0
1.296379E14	2714.0	81.0	-1.0
1.2963791E14	2714.0	81.0	-1.0
1.2963792E14	2710.0	81.0	-1.0
1.29637926E14	2710.0	81.0	-1.0
1.2963793E14	2710.0	81.0	-1.0
1.2963795E14	2710.0	82.0	-1.0
1.2963796E14	2712.0	82.0	-1.0
1.2963797E14	2712.0	82.0	-1.0
1.2963798E14	2712.0	82.0	-1.0
1.29637984E14	2712.0	82.0	-1.0
1.29638E14	2711.0	82.0	-1.0
1.2963801E14	2711.0	82.0	-1.0
1.2963802E14	2711.0	82.0	-1.0
1.2963803E14	2711.0	82.0	-1.0
1.29638035E14	2711.0	82.0	-1.0
1.2963805E14	2711.0	82.0	-1.0
1.2963806E14	2711.0	81.0	-1.0
1.2963807E14	2709.0	81.0	-1.0
1.2963808E14	2709.0	82.0	-1.0
1.29638085E14	2709.0	82.0	-1.0
1.296381E14	2709.0	81.0	-1.0
1.2963811E14	2710.0	81.0	-1.0
1.2963812E14	2710.0	81.0	-1.0
1.296398E14	2721.0	81.0	-1.0
1.2963982E14	2721.0	81.0	-1.0
1.2963983E14	2719.0	80.0	-1.0
1.2963984E14	2719.0	80.0	-1.0
1.2963986E14	2719.0	79.0	-1.0
1.2963988E14	2720.0	80.0	-1.0
1.296399E14	2720.0	81.0	-1.0
1.2963992E14	2720.0	81.0	-1.0
1.2963993E14	2720.0	80.0	-1.0
1.2963994E14	2720.0	81.0	-1.0
1.2963995E14	2722.0	81.0	-1.0
1.29639956E14	2722.0	81.0	-1.0
1.2963997E14	2722.0	82.0	-1.0
1.2963998E14	2722.0	81.0	-1.0
1.2963999E14	2722.0	81.0	-1.0
1.2964E14	2722.0	82.0	-1.0
1.2964001E14	2722.0	82.0	-1.0
1.2964002E14	2720.0	82.0	-1.0
1.2964003E14	2720.0	82.0	-1.0
1.2964004E14	2720.0	82.0	-1.0
1.2964005E14	2720.0	82.0	-1.0
1.2964006E14	2724.0	81.0	-1.0
1.2964007E14	2724.0	81.0	-1.0
1.2964008E14	2724.0	81.0	-1.0
1.2964009E14	2724.0	81.0	-1.0
1.296401E14	2724.0	81.0	-1.0
1.2964011E14	2724.0	81.0	-1.0
1.2964179E14	2740.0	81.0	-1.0
1.296418E14	2740.0	81.0	-1.0
1.2964181E14	2740.0	81.0	-1.0
1.2964182E14	2743.0	81.0	-1.0
1.29641835E14	2743.0	81.0	-1.0
1.2964184E14	2743.0	80.0	-1.0
1.2964185E14	2742.0	80.0	-1.0
1.2964186E14	2742.0	80.0	-1.0
1.2964187E14	2742.0	80.0	-1.0
1.29641885E14	2742.0	80.0	-1.0
1.2964189E14	2741.0	80.0	-1.0
1.296419E14	2741.0	80.0	-1.0
1.2964191E14	2741.0	80.0	-1.0
1.2964192E14	2741.0	80.0	-1.0
1.29641935E14	2744.0	80.0	-1.0
1.2964194E14	2744.0	80.0	-1.0
1.2964195E14	2744.0	80.0	-1.0
1.2964197E14	0.0	80.0	-1.0
1.2964197E14	2746.0	80.0	-1.0
1.29641986E14	2746.0	80.0	-1.0
1.2964199E14	2746.0	80.0	-1.0
1.29642E14	2744.0	80.0	-1.0
1.2964201E14	2744.0	79.0	-1.0
1.2964202E14	2744.0	79.0	-1.0
1.2964204E14	2744.0	80.0	-1.0
1.29642044E14	2748.0	80.0	-1.0
1.2964205E14	2748.0	80.0	-1.0
1.2964206E14	2748.0	80.0	-1.0
1.2964207E14	2748.0	81.0	-1.0
1.29642095E14	-1.0	81.0	-1.0
1.29642095E14	2747.0	81.0	-1.0
1.296421E14	2747.0	81.0	-1.0
1.2964211E14	2747.0	81.0	-1.0
1.296438E14	2768.0	82.0	-1.0
1.2964381E14	2765.0	81.0	-1.0
1.29643814E14	2765.0	81.0	-1.0
1.2964382E14	2765.0	81.0	-1.0
1.2964383E14	2765.0	82.0	-1.0
1.2964384E14	2759.0	82.0	-1.0
1.2964386E14	2759.0	82.0	-1.0
1.29643865E14	2759.0	82.0	-1.0
1.2964387E14	2759.0	81.0	-1.0
1.2964388E14	2758.0	81.0	-1.0
1.2964391E14	2758.0	81.0	-1.0
1.29643915E14	2755.0	81.0	-1.0
1.2964392E14	2755.0	82.0	-1.0
1.2964393E14	2755.0	82.0	-1.0
1.2964394E14	2755.0	82.0	-1.0
1.2964396E14	2757.0	82.0	-1.0
1.29643965E14	2757.0	81.0	-1.0
1.2964397E14	2757.0	82.0	-1.0
1.2964398E14	2757.0	82.0	-1.0
1.2964399E14	2757.0	82.0	-1.0
1.2964401E14	2757.0	81.0	-1.0
1.2964404E14	0.0	81.0	-1.0
1.2964404E14	2755.0	81.0	-1.0
1.2964404E14	0.0	81.0	-1.0
1.2964406E14	0.0	81.0	-1.0
1.2964407E14	0.0	81.0	-1.0
1.2964407E14	2758.0	81.0	-1.0
1.29644074E14	2758.0	82.0	-1.0
1.2964408E14	2758.0	81.0	-1.0
1.296441E14	0.0	81.0	-1.0
1.2964412E14	0.0	81.0	-1.0
1.2964579E14	2754.0	82.0	-1.0
1.296458E14	2754.0	82.0	-1.0
1.2964582E14	2754.0	82.0	-1.0
1.2964583E14	2751.0	82.0	-1.0
1.2964584E14	2751.0	82.0	-1.0
1.29645844E14	2751.0	82.0	-1.0
1.2964585E14	2751.0	82.0	-1.0
1.2964587E14	2752.0	82.0	-1.0
1.2964588E14	2752.0	82.0	-1.0
1.2964589E14	2752.0	82.0	-1.0
1.29645895E14	2752.0	82.0	-1.0
1.296459E14	2750.0	82.0	-1.0
1.2964592E14	2750.0	82.0	-1.0
1.2964593E14	2750.0	82.0	-1.0
1.29645945E14	2752.0	82.0	-1.0
1.2964595E14	2752.0	82.0	-1.0
1.2964596E14	2752.0	82.0	-1.0
1.2964598E14	2751.0	82.0	-1.0
1.2964599E14	2751.0	81.0	-1.0
1.29645995E14	2751.0	82.0	-1.0
1.29646E14	2751.0	82.0	-1.0
1.2964601E14	2750.0	82.0	-1.0
1.2964603E14	2750.0	82.0	-1.0
1.2964604E14	2750.0	82.0	-1.0
1.29646046E14	2750.0	82.0	-1.0
1.2964605E14	2752.0	82.0	-1.0
1.2964606E14	2752.0	82.0	-1.0
1.2964608E14	2752.0	82.0	-1.0
1.2964609E14	2753.0	82.0	-1.0
1.296461E14	2753.0	82.0	-1.0
1.29646104E14	2753.0	81.0	-1.0
1.2964611E14	2753.0	81.0	-1.0
1.296478E14	2741.0	81.0	-1.0
1.2964781E14	2743.0	81.0	-1.0
1.29647816E14	2743.0	81.0	-1.0
1.2964782E14	2743.0	81.0	-1.0
1.2964784E14	2743.0	81.0	-1.0
1.2964785E14	2739.0	81.0	-1.0
1.2964786E14	2739.0	82.0	-1.0
1.2964787E14	2739.0	81.0	-1.0
1.29647874E14	2739.0	81.0	-1.0
1.2964789E14	2739.0	81.0	-1.0
1.296479E14	2739.0	81.0	-1.0
1.2964791E14	2739.0	81.0	-1.0
1.2964792E14	2739.0	81.0	-1.0
1.29647925E14	2741.0	81.0	-1.0
1.2964794E14	2741.0	81.0	-1.0
1.2964795E14	2741.0	81.0	-1.0
1.2964796E14	2741.0	81.0	-1.0
1.2964797E14	2741.0	81.0	-1.0
1.29647975E14	2741.0	81.0	-1.0
1.2964798E14	2741.0	82.0	-1.0
1.29648E14	2743.0	81.0	-1.0
1.2964801E14	2743.0	81.0	-1.0
1.2964802E14	2743.0	81.0	-1.0
1.29648025E14	2743.0	81.0	-1.0
1.2964803E14	2743.0	81.0	-1.0
1.2964805E14	2743.0	81.0	-1.0
1.2964806E14	2743.0	81.0	-1.0
1.2964807E14	2743.0	81.0	-1.0
1.29648076E14	2745.0	81.0	-1.0
1.2964808E14	2745.0	81.0	-1.0
1.296481E14	2745.0	81.0	-1.0
1.2964811E14	2744.0	81.0	-1.0
1.2964812E14	2744.0	81.0	-1.0
1.29649795E14	2758.0	52.0	-1.0
1.2964981E14	2758.0	52.0	-1.0
1.2964982E14	2758.0	52.0	-1.0
1.2964983E14	2758.0	52.0	-1.0
1.2964984E14	2750.0	52.0	-1.0
1.29649846E14	2750.0	52.0	-1.0
1.2964986E14	2750.0	52.0	-1.0
1.2964987E14	2757.0	51.0	-1.0
1.2964988E14	2757.0	51.0	-1.0
1.296499E14	2757.0	51.0	-1.0
1.2964992E14	2745.0	52.0	-1.0
1.2964994E14	2745.0	52.0	-1.0
1.2964995E14	2743.0	81.0	-1.0
1.2964996E14	2743.0	80.0	-1.0
1.2964997E14	2743.0	80.0	-1.0
1.2964998E14	2743.0	80.0	-1.0
1.2964999E14	2743.0	80.0	-1.0
1.2965E14	2743.0	80.0	-1.0
1.29650005E14	2743.0	81.0	-1.0
1.2965002E14	2745.0	81.0	-1.0
1.2965003E14	2745.0	81.0	-1.0
1.2965004E14	2745.0	81.0	-1.0
1.2965005E14	2745.0	81.0	-1.0
1.29650055E14	2743.0	81.0	-1.0
1.2965007E14	2743.0	80.0	-1.0
1.2965008E14	2743.0	80.0	-1.0
1.2965009E14	2743.0	80.0	-1.0
1.296501E14	2742.0	80.0	-1.0
1.29650106E14	2742.0	81.0	-1.0
1.2965012E14	2742.0	81.0	-1.0
1.2965179E14	2734.0	80.0	-1.0
1.296518E14	2734.0	79.0	-1.0
1.2965181E14	2734.0	79.0	-1.0
1.2965182E14	2732.0	80.0	-1.0
1.2965183E14	2732.0	80.0	-1.0
1.2965184E14	2732.0	80.0	-1.0
1.2965185E14	2732.0	80.0	-1.0
1.2965186E14	2732.0	80.0	-1.0
1.2965187E14	2732.0	79.0	-1.0
1.2965188E14	2732.0	79.0	-1.0
1.2965189E14	2731.0	80.0	-1.0
1.296519E14	2731.0	80.0	-1.0
1.2965191E14	2731.0	80.0	-1.0
1.2965192E14	2731.0	80.0	-1.0
1.29651934E14	2730.0	80.0	-1.0
1.2965194E14	2730.0	80.0	-1.0
1.2965196E14	2730.0	81.0	-1.0
1.2965197E14	2730.0	81.0	-1.0
1.29651985E14	2730.0	81.0	-1.0
1.2965199E14	2730.0	81.0	-1.0
1.29652E14	2730.0	81.0	-1.0
1.2965201E14	2729.0	81.0	-1.0
1.2965202E14	2729.0	81.0	-1.0
1.29652035E14	2729.0	81.0	-1.0
1.2965204E14	2726.0	81.0	-1.0
1.2965205E14	2726.0	81.0	-1.0
1.2965206E14	2726.0	81.0	-1.0
1.2965207E14	2726.0	80.0	-1.0
1.2965208E14	2725.0	80.0	-1.0
1.2965209E14	2725.0	80.0	-1.0
1.296521E14	2725.0	80.0	-1.0
1.2965211E14	2725.0	80.0	-1.0
1.296538E14	2707.0	80.0	-1.0
1.29653805E14	2705.0	81.0	-1.0
1.2965381E14	2705.0	81.0	-1.0
1.2965382E14	2705.0	81.0	-1.0
1.2965383E14	2705.0	81.0	-1.0
1.2965385E14	2704.0	81.0	-1.0
1.29653855E14	2704.0	81.0	-1.0
1.2965386E14	2704.0	81.0	-1.0
1.2965387E14	2704.0	81.0	-1.0
1.2965388E14	2704.0	81.0	-1.0
1.2965389E14	2704.0	81.0	-1.0
1.2965391E14	2704.0	81.0	-1.0
1.29653914E14	2704.0	81.0	-1.0
1.2965392E14	2703.0	81.0	-1.0
1.2965393E14	2703.0	81.0	-1.0
1.2965394E14	2703.0	81.0	-1.0
1.2965396E14	2703.0	81.0	-1.0
1.29653965E14	2703.0	80.0	-1.0
1.2965397E14	2703.0	80.0	-1.0
1.2965398E14	2703.0	80.0	-1.0
1.2965399E14	2702.0	80.0	-1.0
1.2965401E14	2702.0	81.0	-1.0
1.29654015E14	2702.0	81.0	-1.0
1.2965402E14	2702.0	81.0	-1.0
1.2965403E14	2703.0	81.0	-1.0
1.2965404E14	2703.0	81.0	-1.0
1.2965406E14	2703.0	81.0	-1.0
1.29654065E14	2699.0	80.0	-1.0
1.2965407E14	2699.0	80.0	-1.0
1.2965409E14	-1.0	80.0	-1.0
1.29654116E14	-1.0	80.0	-1.0
1.2965411E14	2698.0	81.0	-1.0
1.2965413E14	2698.0	81.0	-1.0
1.2965579E14	2624.0	82.0	-1.0
1.296558E14	2624.0	82.0	-1.0
1.2965582E14	2624.0	83.0	-1.0
1.2965583E14	2763.0	82.0	-1.0
1.29655835E14	2763.0	81.0	-1.0
1.2965584E14	2763.0	79.0	-1.0
1.2965585E14	2763.0	78.0	-1.0
1.2965587E14	2924.0	76.0	-1.0
1.2965588E14	2924.0	74.0	-1.0
1.29655886E14	2924.0	73.0	-1.0
1.2965589E14	2924.0	72.0	-1.0
1.296559E14	2698.0	73.0	-1.0
1.2965592E14	2698.0	76.0	-1.0
1.2965593E14	2698.0	78.0	-1.0
1.2965594E14	2698.0	80.0	-1.0
1.29655944E14	2722.0	80.0	-1.0
1.2965595E14	2722.0	80.0	-1.0
1.2965596E14	2722.0	80.0	-1.0
1.2965598E14	2696.0	80.0	-1.0
1.2965599E14	2696.0	81.0	-1.0
1.29655995E14	2696.0	82.0	-1.0
1.29656E14	2696.0	82.0	-1.0
1.2965601E14	2683.0	82.0	-1.0
1.2965603E14	2683.0	81.0	-1.0
1.2965604E14	2683.0	80.0	-1.0
1.29656045E14	2683.0	80.0	-1.0
1.2965605E14	2687.0	80.0	-1.0
1.2965606E14	2687.0	79.0	-1.0
1.2965608E14	2687.0	78.0	-1.0
1.2965609E14	2687.0	77.0	-1.0
1.29656095E14	2691.0	77.0	-1.0
1.296561E14	2691.0	78.0	-1.0
1.2965611E14	2691.0	79.0	-1.0
1.296578E14	3829.0	69.0	-1.0
1.2965781E14	3829.0	68.0	-1.0
1.29657815E14	3183.0	69.0	-1.0
1.2965782E14	3183.0	70.0	-1.0
1.2965784E14	3183.0	70.0	-1.0
1.2965786E14	0.0	72.0	-1.0
1.29657865E14	0.0	73.0	-1.0
1.29657865E14	3419.0	73.0	-1.0
1.29657916E14	3104.0	74.0	-1.0
1.29657916E14	-1.0	74.0	-1.0
1.29657916E14	3104.0	74.0	-1.0
1.29657916E14	-1.0	74.0	-1.0
1.2965795E14	-1.0	72.0	-1.0
1.2965795E14	3100.0	72.0	-1.0
1.2965797E14	-2.0	70.0	-1.0
1.2965797E14	3196.0	70.0	-1.0
1.2965797E14	-2.0	70.0	-1.0
1.29658E14	-3.0	68.0	-1.0
1.29658E14	3140.0	68.0	-1.0
1.2965801E14	3140.0	70.0	-1.0
1.29658025E14	-2.0	74.0	-1.0
1.2965803E14	-2.0	75.0	-1.0
1.2965804E14	3301.0	75.0	-1.0
1.2965803E14	-2.0	75.0	-1.0
1.2965804E14	3301.0	75.0	-1.0
1.29658075E14	-3.0	76.0	-1.0
1.29658075E14	3230.0	76.0	-1.0
1.29658075E14	-3.0	76.0	-1.0
1.296581E14	-3.0	80.0	-1.0
1.2965808E14	3230.0	80.0	-1.0
1.296581E14	3230.0	80.0	-1.0
1.2965812E14	-1.0	80.0	-1.0
1.29659795E14	9380.0	77.0	-1.0
1.2965981E14	8926.0	48.0	-1.0
1.2965982E14	8926.0	44.0	-1.0
1.2965983E14	8926.0	42.0	-1.0
1.2965984E14	8926.0	55.0	-1.0
1.29659845E14	12963.0	79.0	-1.0
1.2965986E14	12963.0	67.0	-1.0
1.2965987E14	12963.0	72.0	-1.0
1.2965988E14	12963.0	76.0	-1.0
1.2965989E14	12681.0	65.0	-1.0
1.29659895E14	12681.0	52.0	-1.0
1.2965991E14	12681.0	37.0	-1.0
1.2965992E14	20672.0	20.0	-1.0
1.2965993E14	20672.0	47.0	-1.0
1.2965994E14	20672.0	46.0	-1.0
1.29659946E14	20672.0	30.0	-1.0
1.2965996E14	29357.0	0.0	-1.0
1.2965997E14	29357.0	27.0	-1.0
1.2965998E14	29357.0	37.0	-1.0
1.2965999E14	29357.0	33.0	-1.0
1.2966E14	30783.0	14.0	-1.0
1.2966001E14	30783.0	54.0	-1.0
1.2966002E14	30783.0	69.0	-1.0
1.2966003E14	30783.0	86.0	-1.0
1.2966004E14	27170.0	71.0	-1.0
1.2966005E14	27170.0	48.0	-1.0
1.29660055E14	27170.0	21.0	-1.0
1.2966007E14	22224.0	21.0	-1.0
1.2966008E14	22224.0	54.0	-1.0
1.2966009E14	22224.0	67.0	-1.0
1.296601E14	22224.0	81.0	-1.0
1.29660105E14	20763.0	58.0	-1.0
1.2966012E14	20763.0	41.0	-1.0
1.296618E14	31518.0	15.0	-1.0
1.2966181E14	31518.0	11.0	-1.0
1.29661825E14	31518.0	3.0	-1.0
1.2966183E14	21740.0	16.0	-1.0
1.2966184E14	21740.0	25.0	-1.0
1.2966185E14	21740.0	44.0	-1.0
1.2966186E14	0.0	80.0	-1.0
1.29661875E14	0.0	57.0	-1.0
1.2966188E14	0.0	39.0	-1.0
1.2966189E14	11752.0	45.0	-1.0
1.296619E14	11752.0	39.0	-1.0
1.2966191E14	11752.0	40.0	-1.0
1.2966192E14	11752.0	45.0	-1.0
1.2966193E14	6253.0	49.0	-1.0
1.2966194E14	6253.0	61.0	-1.0
1.2966195E14	6253.0	71.0	-1.0
1.2966196E14	0.0	48.0	-1.0
1.2966197E14	0.0	18.0	-1.0
1.2966198E14	0.0	6.0	-1.0
1.2966199E14	29445.0	10.0	-1.0
1.29662E14	29445.0	3.0	-1.0
1.2966201E14	29445.0	12.0	-1.0
1.2966202E14	29445.0	21.0	-1.0
1.29662034E14	32791.0	83.0	-1.0
1.2966204E14	32791.0	22.0	-1.0
1.2966205E14	32791.0	33.0	-1.0
1.296621E14	31690.0	69.0	-1.0
1.29662135E14	-2.0	69.0	-1.0
1.296621E14	31690.0	82.0	-1.0
1.296621E14	-4.0	82.0	-1.0
1.296621E14	31690.0	82.0	-1.0
1.2966215E14	25686.0	54.0	-1.0
1.2966215E14	-6.0	54.0	-1.0
1.296638E14	15350.0	16.0	-1.0
1.29663804E14	0.0	31.0	-1.0
1.2966381E14	0.0	42.0	-1.0
1.2966382E14	0.0	30.0	-1.0
1.2966383E14	23783.0	3.0	-1.0
1.2966385E14	23783.0	31.0	-1.0
1.29663855E14	23783.0	46.0	-1.0
1.2966386E14	23783.0	32.0	-1.0
1.2966387E14	22579.0	24.0	-1.0
1.2966388E14	22579.0	25.0	-1.0
1.296639E14	22579.0	23.0	-1.0
1.29663905E14	0.0	15.0	-1.0
1.2966392E14	0.0	32.0	-1.0
1.2966393E14	11926.0	70.0	-1.0
1.2966395E14	11926.0	76.0	-1.0
1.29663955E14	11926.0	45.0	-1.0
1.2966396E14	11926.0	43.0	-1.0
1.2966397E14	17459.0	48.0	-1.0
1.2966398E14	17459.0	72.0	-1.0
1.29664E14	17459.0	75.0	-1.0
1.29664006E14	0.0	63.0	-1.0
1.2966401E14	0.0	10.0	-1.0
1.2966402E14	0.0	22.0	-1.0
1.2966403E14	23412.0	34.0	-1.0
1.2966404E14	23412.0	26.0	-1.0
1.2966406E14	23412.0	17.0	-1.0
1.29664064E14	23412.0	17.0	-1.0
1.2966407E14	24422.0	29.0	-1.0
1.2966408E14	24422.0	32.0	-1.0
1.296641E14	24422.0	52.0	-1.0
1.2966411E14	0.0	51.0	-1.0
1.29664115E14	0.0	37.0	-1.0
1.2966579E14	2897.0	61.0	-1.0
1.2966581E14	2897.0	63.0	-1.0
1.2966582E14	2897.0	66.0	-1.0
1.2966583E14	2897.0	70.0	-1.0
1.29665834E14	3291.0	65.0	-1.0
1.2966584E14	3291.0	56.0	-1.0
1.2966585E14	3291.0	59.0	-1.0
1.2966587E14	3943.0	64.0	-1.0
1.2966588E14	3943.0	67.0	-1.0
1.29665885E14	3943.0	62.0	-1.0
1.2966589E14	3943.0	11.0	-1.0
1.296659E14	3806.0	22.0	-1.0
1.2966592E14	3806.0	30.0	-1.0
1.2966593E14	3806.0	34.0	-1.0
1.29665935E14	3806.0	44.0	-1.0
1.2966594E14	4235.0	50.0	-1.0
1.2966595E14	4235.0	40.0	-1.0
1.2966597E14	4235.0	26.0	-1.0
1.2966598E14	4235.0	24.0	-1.0
1.29665985E14	5111.0	28.0	-1.0
1.2966599E14	5111.0	27.0	-1.0
1.29666E14	5111.0	19.0	-1.0
1.2966602E14	5445.0	4.0	-1.0
1.2966603E14	5445.0	53.0	-1.0
1.29666036E14	5445.0	53.0	-1.0
1.2966604E14	5445.0	46.0	-1.0
1.2966605E14	5202.0	51.0	-1.0
1.2966606E14	5202.0	52.0	-1.0
1.2966608E14	5202.0	37.0	-1.0
1.2966609E14	5202.0	23.0	-1.0
1.29666094E14	5705.0	27.0	-1.0
1.296661E14	5705.0	39.0	-1.0
1.2966611E14	5705.0	44.0	-1.0
1.296678E14	13416.0	8.0	-1.0
1.29667806E14	11319.0	3.0	-1.0
1.2966781E14	11319.0	14.0	-1.0
1.2966783E14	11319.0	28.0	-1.0
1.2966784E14	0.0	60.0	-1.0
1.2966785E14	0.0	66.0	-1.0
1.2966786E14	0.0	41.0	-1.0
1.29667864E14	5182.0	45.0	-1.0
1.2966787E14	5182.0	43.0	-1.0
1.2966789E14	5182.0	45.0	-1.0
1.296679E14	5182.0	59.0	-1.0
1.2966791E14	4536.0	69.0	-1.0
1.29667915E14	4536.0	69.0	-1.0
1.2966792E14	4536.0	55.0	-1.0
1.2966794E14	4536.0	37.0	-1.0
1.2966795E14	5134.0	63.0	-1.0
1.2966796E14	5134.0	11.0	-1.0
1.29667965E14	5134.0	21.0	-1.0
1.2966797E14	5134.0	34.0	-1.0
1.2966799E14	6042.0	32.0	-1.0
1.29668E14	6042.0	10.0	-1.0
1.2966801E14	6042.0	13.0	-1.0
1.29668015E14	6635.0	55.0	-1.0
1.2966802E14	6635.0	60.0	-1.0
1.2966804E14	6635.0	61.0	-1.0
1.2966805E14	6635.0	49.0	-1.0
1.2966806E14	6246.0	38.0	-1.0
1.29668066E14	6246.0	20.0	-1.0
1.2966807E14	6246.0	16.0	-1.0
1.2966809E14	6246.0	79.0	-1.0
1.296681E14	6122.0	64.0	-1.0
1.2966811E14	6122.0	55.0	-1.0
1.2966812E14	6122.0	35.0	-1.0
1.296698E14	7893.0	40.0	-1.0
1.2966981E14	12533.0	21.0	-1.0
1.2966982E14	12533.0	24.0	-1.0
1.2966983E14	12533.0	41.0	-1.0
1.29669836E14	0.0	31.0	-1.0
1.2966985E14	0.0	7.0	-1.0
1.2966986E14	0.0	6.0	-1.0
1.2966987E14	10272.0	8.0	-1.0
1.2966988E14	10272.0	13.0	-1.0
1.29669895E14	10.0	20.0	-1.0
1.29669895E14	10272.0	20.0	-1.0
1.2966991E14	12504.0	29.0	-1.0
1.2966992E14	12504.0	32.0	-1.0
1.2966993E14	12504.0	30.0	-1.0
1.2966994E14	0.0	16.0	-1.0
1.29669945E14	0.0	1.0	-1.0
1.2966996E14	0.0	7.0	-1.0
1.2966997E14	8309.0	14.0	-1.0
1.2966998E14	8309.0	30.0	-1.0
1.2966999E14	8309.0	51.0	-1.0
1.29669995E14	8309.0	61.0	-1.0
1.2967001E14	6139.0	56.0	-1.0
1.2967002E14	6139.0	41.0	-1.0
1.2967003E14	6139.0	38.0	-1.0
1.2967004E14	6139.0	44.0	-1.0
1.29670045E14	4834.0	45.0	-1.0
1.2967006E14	4834.0	72.0	-1.0
1.2967007E14	4834.0	71.0	-1.0
1.2967008E14	4834.0	69.0	-1.0
1.2967009E14	5227.0	68.0	-1.0
1.296701E14	5227.0	37.0	-1.0
1.2967012E14	-4.0	37.0	-1.0
1.296718E14	3825.0	42.0	-1.0
1.2967181E14	3825.0	68.0	-1.0
1.2967182E14	3825.0	52.0	-1.0
1.2967183E14	3828.0	58.0	-1.0
1.2967184E14	3828.0	64.0	-1.0
1.2967185E14	3828.0	65.0	-1.0
1.2967186E14	3786.0	67.0	-1.0
1.29671874E14	3786.0	78.0	-1.0
1.2967188E14	3786.0	0.0	-1.0
1.2967189E14	3786.0	19.0	-1.0
1.296719E14	3884.0	19.0	-1.0
1.2967191E14	3884.0	16.0	-1.0
1.29671925E14	3884.0	12.0	-1.0
1.2967193E14	3884.0	46.0	-1.0
1.2967194E14	4545.0	70.0	-1.0
1.2967195E14	4545.0	73.0	-1.0
1.2967196E14	4545.0	67.0	-1.0
1.2967197E14	4182.0	64.0	-1.0
1.2967198E14	4804.0	50.0	-1.0
1.2967199E14	4804.0	29.0	-1.0
1.29672E14	4804.0	29.0	-1.0
1.2967205E14	33.0	55.0	-1.0
1.2967204E14	4229.0	55.0	-1.0
1.2967205E14	33.0	55.0	-1.0
1.2967204E14	4229.0	6.0	-1.0
1.2967217E14	42.0	6.0	-1.0
1.29673795E14	7199.0	56.0	-1.0
1.2967381E14	-8.0	31.0	-1.0
1.2967391E14	-19.0	42.0	-1.0
1.2967393E14	6724.0	34.0	-1.0
1.2967396E14	6724.0	28.0	-1.0
1.29673846E14	6885.0	28.0	-1.0
1.2967397E14	8446.0	37.0	-1.0
1.2967386E14	6519.0	37.0	-1.0
1.2967387E14	6519.0	37.0	-1.0
1.2967398E14	8446.0	73.0	-1.0
1.296739E14	6477.0	73.0	-1.0
1.2967402E14	39.0	12.0	-1.0
1.2967391E14	6477.0	2.0	-1.0
1.29674005E14	8258.0	2.0	-1.0
1.2967393E14	6724.0	22.0	-1.0
1.2967395E14	6724.0	22.0	-1.0
1.2967401E14	9.0	22.0	-1.0
1.2967396E14	6724.0	36.0	-1.0
1.2967397E14	8446.0	35.0	-1.0
1.2967408E14	23422.0	15.0	-1.0
1.29674E14	8446.0	7.0	-1.0
1.29674005E14	8258.0	18.0	-1.0
1.2967401E14	10840.0	18.0	-1.0
1.29674106E14	23422.0	18.0	-1.0
1.2967411E14	26746.0	25.0	-1.0
1.2967412E14	26746.0	26.0	-1.0
1.2967413E14	26746.0	21.0	-1.0
1.2967413E14	16.0	21.0	-1.0
1.2967413E14	26746.0	21.0	-1.0
1.2967417E14	10.0	1.0	-1.0
1.2967418E14	7.0	24.0	-1.0
1.2967418E14	13440.0	24.0	-1.0
1.2967419E14	13440.0	62.0	-1.0
1.296758E14	5856.0	10.0	-1.0
1.2967582E14	6304.0	6.0	-1.0
1.29675825E14	6304.0	5.0	-1.0
1.2967583E14	6304.0	13.0	-1.0
1.2967584E14	5641.0	22.0	-1.0
1.2967585E14	6859.0	29.0	-1.0
1.2967587E14	6859.0	35.0	-1.0
1.29675876E14	6859.0	42.0	-1.0
1.2967588E14	6692.0	44.0	-1.0
1.2967589E14	6692.0	42.0	-1.0
1.296759E14	6692.0	37.0	-1.0
1.2967592E14	6692.0	27.0	-1.0
1.2967593E14	6284.0	12.0	-1.0
1.29675934E14	6284.0	2.0	-1.0
1.2967594E14	6284.0	6.0	-1.0
1.2967595E14	6284.0	8.0	-1.0
1.2967597E14	6177.0	20.0	-1.0
1.2967598E14	6177.0	45.0	-1.0
1.29675985E14	6177.0	50.0	-1.0
1.2967599E14	6239.0	48.0	-1.0
1.29676E14	6026.0	40.0	-1.0
1.2967602E14	6026.0	33.0	-1.0
1.2967603E14	6026.0	36.0	-1.0
1.29676035E14	6795.0	50.0	-1.0
1.2967604E14	6795.0	66.0	-1.0
1.2967605E14	6795.0	68.0	-1.0
1.2967607E14	6795.0	67.0	-1.0
1.2967608E14	8944.0	73.0	-1.0
1.29676085E14	8944.0	78.0	-1.0
1.2967609E14	8944.0	74.0	-1.0
1.296761E14	8944.0	60.0	-1.0
1.2967611E14	12080.0	36.0	-1.0
1.29677805E14	5943.0	33.0	-1.0
1.2967781E14	5943.0	60.0	-1.0
1.2967783E14	6051.0	63.0	-1.0
1.2967784E14	6051.0	61.0	-1.0
1.2967785E14	6051.0	50.0	-1.0
1.29677855E14	6051.0	44.0	-1.0
1.2967786E14	6081.0	54.0	-1.0
1.2967788E14	6081.0	64.0	-1.0
1.2967789E14	6081.0	57.0	-1.0
1.296779E14	6081.0	54.0	-1.0
1.29677906E14	6347.0	56.0	-1.0
1.2967791E14	6347.0	59.0	-1.0
1.2967794E14	6347.0	61.0	-1.0
1.2967795E14	6349.0	67.0	-1.0
1.2967796E14	6349.0	69.0	-1.0
1.2967797E14	5995.0	78.0	-1.0
1.2967799E14	5995.0	78.0	-1.0
1.29678E14	5995.0	77.0	-1.0
1.2967801E14	5995.0	72.0	-1.0
1.29678015E14	5906.0	66.0	-1.0
1.2967802E14	5906.0	55.0	-1.0
1.2967804E14	5906.0	34.0	-1.0
1.2967805E14	5906.0	17.0	-1.0
1.2967806E14	5935.0	9.0	-1.0
1.29678065E14	5935.0	9.0	-1.0
1.2967807E14	5935.0	17.0	-1.0
1.2967809E14	5935.0	28.0	-1.0
1.296781E14	6213.0	38.0	-1.0
1.2967811E14	6213.0	47.0	-1.0
1.29678115E14	6213.0	54.0	-1.0
1.296798E14	8106.0	28.0	-1.0
1.2967981E14	8106.0	28.0	-1.0
1.2967982E14	7874.0	29.0	-1.0
1.2967983E14	7874.0	29.0	-1.0
1.29679835E14	7874.0	29.0	-1.0
1.2967985E14	7874.0	29.0	-1.0
1.2967987E14	7962.0	29.0	-1.0
1.2967988E14	7962.0	29.0	-1.0
1.296799E14	8166.0	28.0	-1.0
1.2967991E14	8166.0	36.0	-1.0
1.2967992E14	8166.0	28.0	-1.0
1.2967993E14	0.0	90.0	-1.0
1.29679936E14	0.0	39.0	-1.0
1.2967995E14	0.0	90.0	-1.0
1.2967996E14	8014.0	28.0	-1.0
1.2967997E14	8014.0	28.0	-1.0
1.2967998E14	8014.0	28.0	-1.0
1.2967999E14	8014.0	28.0	-1.0
1.29679994E14	7662.0	30.0	-1.0
1.2968001E14	7662.0	30.0	-1.0
1.2968002E14	7662.0	30.0	-1.0
1.2968003E14	7662.0	30.0	-1.0
1.2968004E14	7377.0	31.0	-1.0
1.29680045E14	7377.0	31.0	-1.0
1.2968006E14	7377.0	31.0	-1.0
1.2968009E14	7570.0	30.0	-1.0
1.29680095E14	7570.0	30.0	-1.0
1.296818E14	9275.0	37.0	-1.0
1.2968181E14	9275.0	34.0	-1.0
1.2968182E14	9275.0	33.0	-1.0
1.2968183E14	9584.0	34.0	-1.0
1.2968184E14	9584.0	35.0	-1.0
1.2968185E14	9584.0	35.0	-1.0
1.2968186E14	0.0	33.0	-1.0
1.2968187E14	0.0	37.0	-1.0
1.2968188E14	0.0	45.0	-1.0
1.296819E14	9330.0	52.0	-1.0
1.2968191E14	9330.0	25.0	-1.0
1.2968192E14	9330.0	46.0	-1.0
1.2968193E14	9331.0	45.0	-1.0
1.2968194E14	9331.0	49.0	-1.0
1.2968195E14	9331.0	51.0	-1.0
1.2968196E14	0.0	51.0	-1.0
1.2968197E14	0.0	50.0	-1.0
1.2968198E14	0.0	42.0	-1.0
1.2968199E14	9632.0	35.0	-1.0
1.29682E14	9632.0	32.0	-1.0
1.2968201E14	9632.0	33.0	-1.0
1.29682024E14	9632.0	39.0	-1.0
1.2968203E14	9714.0	37.0	-1.0
1.2968204E14	9714.0	37.0	-1.0
1.2968205E14	9714.0	40.0	-1.0
1.2968206E14	0.0	44.0	-1.0
1.2968207E14	0.0	44.0	-1.0
1.2968208E14	0.0	49.0	-1.0
1.2968209E14	9416.0	45.0	-1.0
1.296821E14	9416.0	39.0	-1.0
1.2968211E14	9416.0	36.0	-1.0
1.2968212E14	9416.0	38.0	-1.0
1.296838E14	7236.0	37.0	-1.0
1.2968381E14	7236.0	37.0	-1.0
1.2968382E14	7236.0	38.0	-1.0
1.2968383E14	7236.0	40.0	-1.0
1.29683845E14	7495.0	43.0	-1.0
1.2968385E14	7495.0	44.0	-1.0
1.2968386E14	7495.0	47.0	-1.0
1.2968387E14	7495.0	46.0	-1.0
1.2968388E14	7438.0	41.0	-1.0
1.29683895E14	7438.0	41.0	-1.0
1.296839E14	7438.0	41.0	-1.0
1.2968391E14	7503.0	42.0	-1.0
1.2968392E14	7503.0	41.0	-1.0
1.2968393E14	7503.0	43.0	-1.0
1.29683945E14	7503.0	44.0	-1.0
1.2968395E14	7365.0	42.0	-1.0
1.2968396E14	7365.0	42.0	-1.0
1.2968397E14	7365.0	42.0	-1.0
1.2968398E14	7365.0	41.0	-1.0
1.29683996E14	7206.0	41.0	-1.0
1.29684E14	7206.0	41.0	-1.0
1.2968401E14	7206.0	43.0	-1.0
1.2968402E14	7206.0	43.0	-1.0
1.2968403E14	7178.0	42.0	-1.0
1.2968405E14	7178.0	43.0	-1.0
1.29684054E14	7178.0	43.0	-1.0
1.2968406E14	7205.0	44.0	-1.0
1.2968407E14	7205.0	43.0	-1.0
1.2968408E14	7205.0	42.0	-1.0
1.2968409E14	7205.0	41.0	-1.0
1.29684105E14	7232.0	41.0	-1.0
1.2968411E14	7232.0	41.0	-1.0
1.2968581E14	6153.0	43.0	-1.0
1.2968582E14	6214.0	42.0	-1.0
1.29685824E14	6214.0	41.0	-1.0
1.2968583E14	6214.0	40.0	-1.0
1.2968584E14	6214.0	40.0	-1.0
1.2968586E14	6192.0	41.0	-1.0
1.2968587E14	6192.0	41.0	-1.0
1.29685875E14	6192.0	35.0	-1.0
1.2968588E14	6192.0	35.0	-1.0
1.2968589E14	6241.0	34.0	-1.0
1.2968591E14	6241.0	42.0	-1.0
1.2968592E14	6241.0	42.0	-1.0
1.29685925E14	6337.0	41.0	-1.0
1.2968593E14	6337.0	41.0	-1.0
1.2968594E14	6337.0	41.0	-1.0
1.2968595E14	6337.0	41.0	-1.0
1.2968597E14	6431.0	42.0	-1.0
1.2968598E14	6431.0	43.0	-1.0
1.2968599E14	6431.0	42.0	-1.0
1.29686E14	6430.0	42.0	-1.0
1.2968602E14	6430.0	34.0	-1.0
1.29686026E14	6430.0	44.0	-1.0
1.2968603E14	6430.0	44.0	-1.0
1.2968604E14	6528.0	42.0	-1.0
1.2968605E14	6528.0	39.0	-1.0
1.2968607E14	6528.0	40.0	-1.0
1.2968608E14	6896.0	43.0	-1.0
1.29686085E14	6896.0	57.0	-1.0
1.2968609E14	6896.0	42.0	-1.0
1.296861E14	6896.0	38.0	-1.0
1.2968612E14	7456.0	40.0	-1.0
1.2968613E14	7456.0	36.0	-1.0
