5.6883654E13	190.0	86.0
5.6883663E13	190.0	86.0
5.688367E13	190.0	84.0
5.688369E13	196.0	80.0
5.6883704E13	196.0	78.0
5.6883713E13	196.0	76.0
5.688372E13	204.0	75.0
5.6883734E13	204.0	73.0
5.6883742E13	204.0	72.0
5.688375E13	213.0	69.0
5.6883763E13	213.0	67.0
5.688377E13	213.0	65.0
5.6883784E13	213.0	64.0
5.6883793E13	224.0	64.0
5.68838E13	224.0	63.0
5.6883814E13	224.0	62.0
5.688382E13	224.0	61.0
5.6883835E13	235.0	62.0
5.6883843E13	235.0	62.0
5.688385E13	235.0	61.0
5.6883864E13	245.0	62.0
5.6883872E13	245.0	66.0
5.688388E13	245.0	67.0
5.6883893E13	245.0	65.0
5.68839E13	255.0	63.0
5.6883914E13	255.0	60.0
5.6883923E13	255.0	59.0
5.688393E13	255.0	59.0
5.6883944E13	263.0	62.0
5.688395E13	263.0	66.0
5.6883965E13	263.0	67.0
5.6883973E13	263.0	66.0
5.688398E13	267.0	66.0
5.6883994E13	267.0	67.0
5.6884002E13	267.0	69.0
5.688401E13	266.0	70.0
5.6884023E13	266.0	72.0
5.688403E13	266.0	72.0
5.6884044E13	266.0	71.0
5.6884053E13	257.0	69.0
5.688406E13	257.0	67.0
5.6884074E13	257.0	66.0
5.688408E13	257.0	63.0
5.6884095E13	246.0	60.0
5.6884103E13	246.0	60.0
5.688411E13	246.0	61.0
5.6884124E13	246.0	64.0
5.6884132E13	240.0	67.0
5.6884145E13	240.0	69.0
5.6884153E13	240.0	70.0
5.688416E13	239.0	72.0
5.6884174E13	239.0	73.0
5.6884183E13	239.0	75.0
5.688419E13	239.0	77.0
5.6884204E13	235.0	78.0
5.688421E13	235.0	80.0
5.6884225E13	235.0	82.0
5.6884233E13	235.0	84.0
5.688424E13	228.0	85.0
5.6884254E13	228.0	85.0
5.6884262E13	228.0	84.0
5.6884275E13	228.0	83.0
5.6884283E13	216.0	81.0
5.688429E13	216.0	79.0
5.6884304E13	216.0	77.0
5.6884313E13	206.0	76.0
5.688432E13	206.0	74.0
5.6884334E13	206.0	72.0
5.688434E13	206.0	71.0
5.6884355E13	199.0	70.0
5.6884363E13	199.0	70.0
5.688437E13	199.0	70.0
5.6884384E13	199.0	70.0
5.6884392E13	196.0	71.0
5.6884405E13	196.0	71.0
5.6884413E13	196.0	72.0
5.688442E13	196.0	73.0
5.6884434E13	194.0	74.0
5.6884443E13	194.0	76.0
5.6884455E13	194.0	77.0
5.6884464E13	193.0	77.0
5.688447E13	193.0	78.0
5.6884485E13	193.0	78.0
5.6884493E13	193.0	78.0
5.68845E13	195.0	78.0
5.6884514E13	195.0	77.0
5.6884522E13	195.0	77.0
5.6884535E13	195.0	78.0
5.6884543E13	196.0	79.0
5.688455E13	196.0	79.0
5.6884564E13	196.0	79.0
5.6884573E13	197.0	79.0
5.6884585E13	197.0	79.0
5.6884594E13	197.0	81.0
5.68846E13	197.0	83.0
5.6884615E13	198.0	84.0
5.6884623E13	198.0	82.0
5.688463E13	198.0	79.0
5.6884644E13	198.0	77.0
5.6884652E13	200.0	76.0
5.6884665E13	200.0	76.0
5.6884673E13	200.0	76.0
5.688468E13	200.0	76.0
5.6884694E13	198.0	76.0
5.6884703E13	198.0	77.0
5.6884715E13	198.0	78.0
5.6884724E13	193.0	80.0
5.6884732E13	193.0	80.0
5.6884745E13	193.0	81.0
5.6884753E13	193.0	81.0
5.688476E13	186.0	82.0
5.6884774E13	186.0	82.0
5.6884782E13	186.0	83.0
5.6884795E13	186.0	84.0
5.6884803E13	181.0	85.0
5.688481E13	181.0	86.0
5.6884824E13	181.0	87.0
5.6884833E13	181.0	88.0
5.6884845E13	181.0	88.0
5.6884854E13	181.0	88.0
5.6884862E13	181.0	89.0
5.6884875E13	187.0	88.0
5.6884883E13	187.0	87.0
5.6884896E13	187.0	86.0
5.6884904E13	197.0	84.0
5.6884912E13	197.0	84.0
5.6884925E13	197.0	83.0
5.6884933E13	197.0	80.0
5.688494E13	210.0	79.0
5.6884954E13	210.0	77.0
5.6884963E13	210.0	75.0
5.6884975E13	210.0	75.0
5.6884984E13	210.0	71.0
5.6884992E13	222.0	69.0
5.6885005E13	222.0	67.0
5.6885013E13	222.0	65.0
5.6885026E13	231.0	63.0
5.6885034E13	231.0	62.0
5.6885042E13	231.0	61.0
5.6885055E13	231.0	59.0
5.6885063E13	240.0	57.0
5.688507E13	240.0	56.0
5.6885084E13	240.0	59.0
5.6885093E13	240.0	63.0
5.6885105E13	249.0	67.0
5.6885114E13	249.0	68.0
5.6885122E13	249.0	67.0
5.6885135E13	249.0	64.0
5.6885143E13	257.0	62.0
5.6885156E13	257.0	62.0
5.6885164E13	257.0	62.0
5.6885173E13	263.0	63.0
5.6885185E13	263.0	65.0
5.6885193E13	263.0	68.0
5.68852E13	263.0	69.0
5.6885214E13	268.0	68.0
5.6885223E13	268.0	68.0
5.6885235E13	268.0	70.0
5.6885244E13	268.0	73.0
5.6885252E13	270.0	75.0
5.6885265E13	270.0	76.0
5.6885273E13	270.0	74.0
5.6885286E13	268.0	73.0
5.6885294E13	268.0	71.0
5.6885303E13	268.0	70.0
5.6885315E13	268.0	68.0
5.6885323E13	260.0	66.0
5.6885336E13	260.0	63.0
5.6885344E13	260.0	63.0
5.6885353E13	260.0	65.0
5.6885365E13	250.0	67.0
5.6885374E13	250.0	68.0
5.6885382E13	250.0	71.0
5.6885395E13	250.0	72.0
5.6885403E13	242.0	74.0
5.6885416E13	242.0	76.0
5.6885424E13	242.0	77.0
5.6885433E13	233.0	78.0
5.6885445E13	233.0	78.0
5.6885454E13	233.0	78.0
5.6885466E13	233.0	78.0
5.6885474E13	225.0	78.0
5.6885483E13	225.0	79.0
5.6885495E13	225.0	79.0
5.6885504E13	225.0	78.0
5.6885512E13	216.0	76.0
5.6885525E13	216.0	75.0
5.6885533E13	216.0	74.0
5.6885546E13	216.0	73.0
5.6885554E13	209.0	72.0
5.6885563E13	209.0	71.0
5.6885575E13	209.0	71.0
5.6885584E13	204.0	70.0
5.6885596E13	204.0	69.0
5.6885605E13	204.0	69.0
5.6885613E13	204.0	69.0
5.6885625E13	201.0	70.0
5.6885634E13	201.0	71.0
5.6885642E13	201.0	72.0
5.6885655E13	201.0	74.0
5.6885663E13	198.0	75.0
5.6885676E13	198.0	80.0
5.6885684E13	198.0	81.0
5.6885693E13	198.0	81.0
5.6885705E13	196.0	78.0
5.6885714E13	196.0	77.0
5.6885726E13	197.0	80.0
5.6885735E13	197.0	80.0
5.6885743E13	197.0	78.0
5.6885756E13	197.0	75.0
5.6885764E13	200.0	74.0
5.6885776E13	200.0	74.0
5.6885785E13	200.0	75.0
5.6885793E13	200.0	77.0
5.6885806E13	200.0	80.0
5.6885814E13	201.0	82.0
5.6885823E13	201.0	83.0
5.6885835E13	201.0	82.0
5.6885844E13	201.0	81.0
5.6885856E13	200.0	78.0
5.6885873E13	199.0	80.0
5.6885886E13	199.0	82.0
5.6885894E13	199.0	83.0
5.6885907E13	199.0	83.0
5.6885915E13	199.0	83.0
5.6885923E13	195.0	83.0
5.6885936E13	195.0	83.0
5.6885944E13	195.0	83.0
5.6885957E13	192.0	81.0
5.6885965E13	192.0	80.0
5.6885974E13	192.0	80.0
5.6885986E13	189.0	78.0
5.6885995E13	189.0	78.0
5.6886003E13	189.0	79.0
5.6886016E13	189.0	80.0
5.6886024E13	185.0	82.0
5.6886037E13	185.0	83.0
5.6886045E13	185.0	83.0
5.6886053E13	185.0	83.0
5.6886066E13	185.0	84.0
5.6886074E13	185.0	86.0
5.6886087E13	185.0	87.0
5.6886095E13	185.0	87.0
5.6886104E13	185.0	86.0
5.6886116E13	190.0	85.0
5.6886125E13	190.0	85.0
5.6886133E13	190.0	85.0
5.6886146E13	201.0	85.0
5.6886154E13	201.0	82.0
5.6886167E13	201.0	82.0
5.6886175E13	201.0	79.0
5.6886183E13	211.0	77.0
5.6886196E13	211.0	74.0
5.6886204E13	211.0	72.0
5.6886213E13	211.0	70.0
5.6886225E13	221.0	68.0
5.6886234E13	221.0	67.0
5.6886246E13	221.0	65.0
5.6886255E13	221.0	63.0
5.6886263E13	229.0	62.0
5.6886276E13	229.0	62.0
5.6886284E13	229.0	62.0
5.6886297E13	239.0	61.0
5.6886305E13	239.0	60.0
5.6886313E13	239.0	60.0
5.6886326E13	239.0	63.0
5.6886334E13	251.0	68.0
5.6886347E13	251.0	70.0
5.6886355E13	251.0	70.0
5.6886385E13	262.0	60.0
5.6886376E13	262.0	60.0
5.6886393E13	262.0	59.0
5.6886406E13	262.0	62.0
5.6886414E13	268.0	66.0
5.6886427E13	268.0	69.0
5.6886435E13	268.0	67.0
5.6886443E13	269.0	67.0
5.6886456E13	269.0	67.0
5.6886464E13	269.0	69.0
5.6886477E13	269.0	70.0
5.6886485E13	264.0	71.0
5.6886494E13	264.0	71.0
5.6886506E13	264.0	70.0
5.6886515E13	264.0	69.0
5.6886523E13	257.0	67.0
5.6886536E13	257.0	65.0
5.6886544E13	257.0	63.0
5.6886557E13	257.0	61.0
5.6886565E13	250.0	61.0
5.6886573E13	250.0	63.0
5.6886586E13	250.0	67.0
5.6886594E13	246.0	72.0
5.6886607E13	246.0	75.0
5.6886615E13	246.0	78.0
5.6886624E13	246.0	80.0
5.6886636E13	244.0	83.0
5.6886645E13	244.0	82.0
5.6886653E13	244.0	81.0
5.6886666E13	244.0	80.0
5.6886674E13	239.0	81.0
5.6886687E13	239.0	82.0
5.6886695E13	239.0	82.0
5.6886703E13	229.0	83.0
5.6886716E13	229.0	82.0
5.6886724E13	229.0	80.0
5.6886737E13	229.0	78.0
5.6886745E13	220.0	75.0
5.6886754E13	220.0	73.0
5.6886766E13	220.0	70.0
5.6886775E13	220.0	69.0
5.6886787E13	212.0	68.0
5.6886796E13	212.0	67.0
5.6886804E13	212.0	67.0
5.6886817E13	212.0	67.0
5.6886825E13	209.0	67.0
5.6886846E13	209.0	68.0
5.6886854E13	207.0	69.0
5.6886867E13	207.0	70.0
5.6886875E13	207.0	71.0
5.6886884E13	207.0	72.0
5.6886896E13	206.0	75.0
5.6886905E13	206.0	75.0
5.6886917E13	206.0	75.0
5.6886926E13	206.0	75.0
5.6886934E13	205.0	75.0
5.6886947E13	205.0	75.0
5.6886955E13	205.0	75.0
5.6886963E13	205.0	74.0
5.6886976E13	205.0	73.0
5.6886984E13	205.0	73.0
5.6886997E13	205.0	73.0
5.6887005E13	204.0	73.0
5.6887014E13	204.0	74.0
5.6887026E13	204.0	76.0
5.6887035E13	204.0	79.0
5.6887047E13	202.0	82.0
5.6887056E13	202.0	85.0
5.6887064E13	202.0	84.0
5.6887077E13	202.0	81.0
5.6887085E13	203.0	79.0
5.6887098E13	203.0	78.0
5.6887106E13	203.0	78.0
5.6887114E13	203.0	78.0
5.6887127E13	203.0	80.0
5.6887135E13	203.0	81.0
5.6887144E13	203.0	82.0
5.6887156E13	200.0	82.0
5.6887165E13	200.0	81.0
5.6887177E13	200.0	80.0
5.6887186E13	200.0	79.0
5.6887194E13	198.0	77.0
5.6887207E13	198.0	76.0
5.6887215E13	198.0	76.0
5.6887228E13	198.0	79.0
5.6887236E13	195.0	80.0
5.6887244E13	195.0	80.0
5.6887257E13	195.0	81.0
5.6887265E13	195.0	82.0
5.6887274E13	191.0	83.0
5.6887286E13	191.0	84.0
5.6887295E13	191.0	86.0
5.6887307E13	192.0	87.0
5.6887316E13	192.0	87.0
5.6887324E13	192.0	86.0
5.6887337E13	192.0	85.0
5.6887345E13	199.0	84.0
5.6887358E13	199.0	84.0
5.6887366E13	199.0	84.0
5.6887375E13	199.0	84.0
5.6887387E13	211.0	83.0
5.6887395E13	211.0	82.0
5.6887404E13	211.0	80.0
5.6887416E13	211.0	79.0
5.6887425E13	224.0	78.0
5.6887437E13	224.0	76.0
5.6887446E13	224.0	74.0
5.6887454E13	233.0	73.0
5.688747E13	233.0	70.0
5.6887475E13	233.0	68.0
5.6887488E13	233.0	65.0
5.6887496E13	240.0	62.0
5.6887505E13	240.0	60.0
5.6887517E13	240.0	60.0
5.6887526E13	240.0	62.0
5.688754E13	245.0	64.0
5.6887546E13	245.0	67.0
5.6887555E13	245.0	68.0
5.6887567E13	251.0	67.0
5.6887576E13	251.0	65.0
5.6887584E13	251.0	63.0
5.6887597E13	251.0	62.0
5.6887605E13	257.0	63.0
5.6887618E13	257.0	64.0
5.6887626E13	257.0	68.0
5.6887635E13	257.0	70.0
5.6887647E13	262.0	70.0
5.6887656E13	262.0	69.0
5.688767E13	262.0	71.0
5.6887677E13	264.0	72.0
5.6887685E13	264.0	74.0
5.6887697E13	264.0	74.0
5.6887706E13	261.0	73.0
5.6887714E13	261.0	73.0
5.6887727E13	261.0	67.0
5.6887735E13	261.0	67.0
5.6887748E13	261.0	65.0
5.6887756E13	254.0	62.0
5.6887765E13	254.0	62.0
5.6887786E13	249.0	68.0
5.68878E13	249.0	71.0
5.6887807E13	249.0	73.0
5.6887777E13	249.0	73.0
5.6887815E13	249.0	75.0
5.6887827E13	245.0	79.0
5.6887836E13	245.0	80.0
5.688785E13	245.0	82.0
5.6887857E13	240.0	82.0
5.6887865E13	240.0	82.0
5.6887878E13	240.0	82.0
5.6887886E13	240.0	81.0
5.6887895E13	231.0	81.0
5.6887907E13	231.0	79.0
5.6887916E13	231.0	78.0
5.688793E13	231.0	75.0
5.6887937E13	221.0	73.0
5.688795E13	221.0	70.0
5.6887958E13	221.0	67.0
5.6887966E13	221.0	65.0
5.688798E13	214.0	64.0
5.6887987E13	214.0	63.0
5.6887995E13	214.0	61.0
5.6888008E13	209.0	61.0
5.6888016E13	209.0	63.0
5.6888025E13	209.0	64.0
5.6888037E13	209.0	66.0
5.6888046E13	205.0	68.0
5.688806E13	205.0	70.0
5.6888067E13	205.0	74.0
5.6888075E13	205.0	74.0
5.6888088E13	205.0	77.0
5.6888096E13	202.0	79.0
5.688811E13	202.0	81.0
5.6888117E13	202.0	81.0
5.6888125E13	202.0	79.0
5.6888138E13	200.0	78.0
5.6888146E13	200.0	77.0
5.6888155E13	200.0	77.0
5.6888167E13	201.0	76.0
5.6888176E13	201.0	75.0
5.688819E13	201.0	75.0
5.6888197E13	201.0	76.0
5.6888205E13	204.0	76.0
5.6888218E13	204.0	78.0
5.6888226E13	204.0	80.0
5.688824E13	204.0	83.0
5.6888247E13	205.0	84.0
5.6888255E13	205.0	84.0
5.6888268E13	205.0	83.0
5.6888276E13	207.0	81.0
5.6888285E13	207.0	80.0
5.6888297E13	207.0	79.0
5.6888306E13	207.0	79.0
5.688832E13	206.0	79.0
5.6888327E13	206.0	80.0
5.6888335E13	206.0	79.0
5.6888348E13	206.0	79.0
5.6888356E13	202.0	78.0
5.688837E13	202.0	78.0
5.6888377E13	202.0	78.0
5.6888385E13	202.0	77.0
5.68884E13	197.0	77.0
5.6888406E13	197.0	77.0
5.688842E13	197.0	78.0
5.6888427E13	192.0	79.0
5.6888436E13	192.0	80.0
5.688845E13	192.0	81.0
5.6888457E13	192.0	82.0
5.6888465E13	189.0	83.0
5.6888478E13	189.0	84.0
5.6888486E13	189.0	85.0
5.68885E13	189.0	86.0
5.6888507E13	193.0	86.0
5.6888515E13	193.0	85.0
5.688853E13	193.0	85.0
5.6888536E13	193.0	85.0
5.688855E13	203.0	85.0
5.6888557E13	203.0	85.0
5.6888566E13	203.0	85.0
5.688858E13	217.0	84.0
5.6888587E13	217.0	82.0
5.6888595E13	217.0	82.0
5.6888608E13	217.0	80.0
5.6888616E13	232.0	78.0
5.688863E13	232.0	76.0
5.6888637E13	232.0	74.0
5.6888645E13	232.0	72.0
5.688866E13	246.0	71.0
5.6888666E13	246.0	69.0
5.688868E13	246.0	63.0
5.6888687E13	246.0	62.0
5.6888696E13	258.0	62.0
5.688871E13	258.0	64.0
5.6888717E13	258.0	67.0
5.688873E13	269.0	69.0
5.6888738E13	269.0	69.0
5.6888746E13	269.0	67.0
5.688876E13	269.0	64.0
5.6888767E13	279.0	62.0
5.6888775E13	279.0	60.0
5.688879E13	279.0	60.0
5.6888796E13	279.0	62.0
5.688881E13	285.0	68.0
5.6888817E13	285.0	68.0
5.6888826E13	285.0	68.0
5.688884E13	285.0	68.0
5.6888847E13	286.0	70.0
5.688886E13	286.0	70.0
5.6888868E13	286.0	73.0
5.6888876E13	283.0	74.0
5.688889E13	283.0	73.0
5.6888897E13	283.0	71.0
5.6888905E13	283.0	69.0
5.688892E13	276.0	68.0
5.6888926E13	276.0	66.0
5.688894E13	276.0	64.0
5.6888947E13	276.0	63.0
5.6888956E13	266.0	62.0
5.688897E13	266.0	62.0
5.6888977E13	266.0	65.0
5.688899E13	259.0	68.0
5.6888998E13	259.0	70.0
5.6889006E13	259.0	72.0
5.688902E13	252.0	76.0
5.6889027E13	252.0	77.0
5.6889035E13	252.0	77.0
5.688905E13	252.0	77.0
5.6889056E13	243.0	77.0
5.688907E13	243.0	77.0
5.6889077E13	243.0	78.0
5.6889086E13	243.0	78.0
5.68891E13	232.0	77.0
5.6889107E13	232.0	75.0
5.688912E13	232.0	73.0
5.6889128E13	222.0	71.0
5.6889136E13	222.0	69.0
5.688915E13	222.0	67.0
5.6889157E13	222.0	67.0
5.688917E13	214.0	66.0
5.688918E13	214.0	66.0
5.6889186E13	214.0	66.0
5.68892E13	214.0	67.0
5.6889207E13	214.0	68.0
5.6889216E13	209.0	68.0
5.688923E13	209.0	69.0
5.6889237E13	209.0	70.0
5.688925E13	209.0	70.0
5.6889258E13	204.0	70.0
5.6889266E13	204.0	70.0
5.688928E13	204.0	71.0
5.6889287E13	200.0	73.0
5.68893E13	200.0	77.0
5.6889312E13	200.0	78.0
5.6889316E13	200.0	78.0
5.688933E13	196.0	80.0
5.6889337E13	196.0	79.0
5.6889346E13	196.0	77.0
5.688936E13	196.0	77.0
5.6889367E13	195.0	76.0
5.688938E13	195.0	76.0
5.6889388E13	195.0	77.0
5.6889396E13	195.0	77.0
5.688941E13	193.0	77.0
5.6889417E13	193.0	77.0
5.688943E13	193.0	82.0
5.688944E13	193.0	85.0
5.6889446E13	193.0	85.0
5.688946E13	193.0	79.0
5.6889467E13	193.0	79.0
5.6889476E13	195.0	78.0
5.688949E13	195.0	77.0
5.6889497E13	195.0	76.0
5.688951E13	195.0	75.0
5.6889518E13	197.0	75.0
5.6889526E13	197.0	75.0
5.688954E13	197.0	77.0
5.6889547E13	197.0	78.0
5.688956E13	196.0	79.0
5.688957E13	196.0	80.0
5.6889606E13	194.0	81.0
5.688962E13	194.0	82.0
5.6889627E13	193.0	84.0
5.688964E13	193.0	87.0
5.6889648E13	193.0	88.0
5.6889656E13	193.0	88.0
5.688967E13	193.0	88.0
5.6889677E13	193.0	88.0
5.688969E13	193.0	88.0
5.68897E13	199.0	87.0
5.6889707E13	199.0	86.0
5.688972E13	199.0	84.0
5.6889728E13	199.0	84.0
5.688974E13	208.0	85.0
5.688975E13	208.0	87.0
5.6889757E13	208.0	86.0
5.688977E13	208.0	84.0
5.6889778E13	216.0	81.0
5.6889786E13	216.0	79.0
5.68898E13	216.0	76.0
5.6889807E13	222.0	71.0
5.688982E13	222.0	71.0
5.688983E13	222.0	69.0
5.6889837E13	222.0	66.0
5.688985E13	227.0	64.0
5.6889858E13	227.0	61.0
5.688987E13	227.0	59.0
5.688988E13	227.0	56.0
5.6889887E13	233.0	55.0
5.68899E13	233.0	55.0
5.6889908E13	233.0	56.0
5.688992E13	233.0	59.0
5.688993E13	244.0	62.0
5.6889937E13	244.0	65.0
5.688995E13	244.0	65.0
5.688996E13	244.0	64.0
5.6889967E13	257.0	61.0
5.688998E13	257.0	58.0
5.6889988E13	257.0	57.0
5.689E13	270.0	57.0
5.689001E13	270.0	59.0
5.6890017E13	270.0	64.0
5.689003E13	270.0	67.0
5.6890038E13	277.0	68.0
5.689005E13	277.0	67.0
5.689006E13	277.0	68.0
5.6890067E13	277.0	70.0
5.689008E13	280.0	71.0
5.689009E13	280.0	71.0
5.68901E13	280.0	71.0
5.689011E13	280.0	69.0
5.6890118E13	274.0	69.0
5.689013E13	274.0	67.0
5.689014E13	274.0	66.0
5.6890147E13	263.0	65.0
5.689016E13	263.0	63.0
5.689017E13	263.0	64.0
5.689018E13	263.0	66.0
5.689019E13	254.0	70.0
5.6890197E13	254.0	72.0
5.689021E13	254.0	74.0
5.689022E13	254.0	74.0
5.689023E13	248.0	76.0
5.689024E13	248.0	78.0
5.6890248E13	248.0	79.0
5.689026E13	248.0	78.0
5.689027E13	239.0	78.0
5.6890277E13	239.0	79.0
5.689029E13	239.0	79.0
5.68903E13	227.0	79.0
5.689031E13	227.0	78.0
5.689032E13	227.0	76.0
5.6890327E13	227.0	75.0
5.689034E13	215.0	73.0
5.689035E13	215.0	71.0
5.689036E13	215.0	69.0
5.689037E13	215.0	67.0
5.6890378E13	206.0	65.0
5.689039E13	206.0	65.0
5.68904E13	206.0	66.0
5.6890407E13	201.0	88.0
5.689042E13	201.0	87.0
5.689043E13	201.0	69.0
5.689044E13	201.0	87.0
5.6890457E13	198.0	73.0
5.689047E13	198.0	74.0
5.689048E13	198.0	76.0
5.689049E13	195.0	77.0
5.68905E13	195.0	77.0
5.689052E13	195.0	76.0
5.689053E13	195.0	76.0
5.6890537E13	195.0	76.0
5.689055E13	195.0	76.0
5.689056E13	197.0	76.0
5.689057E13	197.0	76.0
5.689058E13	197.0	76.0
5.6890587E13	197.0	76.0
5.68906E13	198.0	76.0
5.689061E13	198.0	77.0
5.689063E13	198.0	79.0
5.6890638E13	198.0	82.0
5.689065E13	198.0	85.0
5.689066E13	198.0	87.0
5.689067E13	198.0	87.0
5.689068E13	200.0	85.0
5.689069E13	200.0	83.0
5.68907E13	200.0	80.0
5.689071E13	205.0	78.0
5.6890717E13	205.0	76.0
5.689073E13	205.0	75.0
5.689074E13	206.0	73.0
5.689075E13	206.0	73.0
5.689076E13	206.0	73.0
5.6890768E13	206.0	73.0
5.689078E13	202.0	76.0
5.689079E13	202.0	76.0
5.68908E13	202.0	76.0
5.689081E13	202.0	76.0
5.689082E13	202.0	77.0
5.689084E13	195.0	85.0
5.6890847E13	189.0	86.0
5.689086E13	189.0	87.0
5.689087E13	189.0	88.0
5.689088E13	189.0	88.0
5.689089E13	189.0	87.0
5.6890898E13	189.0	87.0
5.689091E13	189.0	87.0
5.689092E13	189.0	86.0
5.689093E13	189.0	85.0
5.689094E13	194.0	86.0
5.689095E13	194.0	88.0
5.689096E13	194.0	84.0
5.689097E13	194.0	83.0
5.6890977E13	203.0	81.0
5.689099E13	203.0	79.0
5.6891E13	203.0	78.0
5.689101E13	212.0	77.0
5.689102E13	212.0	75.0
5.6891028E13	212.0	73.0
5.689105E13	219.0	69.0
5.689107E13	219.0	61.0
5.689108E13	219.0	59.0
5.689109E13	225.0	58.0
5.68911E13	225.0	58.0
5.6891107E13	225.0	59.0
5.689112E13	231.0	61.0
5.689113E13	231.0	63.0
5.689114E13	231.0	65.0
5.689115E13	231.0	66.0
5.6891158E13	240.0	67.0
5.689117E13	240.0	66.0
5.689118E13	240.0	65.0
5.689119E13	240.0	64.0
5.68912E13	250.0	63.0
5.689121E13	250.0	65.0
5.689122E13	250.0	69.0
5.689123E13	250.0	72.0
5.689124E13	258.0	72.0
5.689125E13	258.0	69.0
5.689126E13	258.0	67.0
5.689127E13	260.0	68.0
5.689128E13	260.0	70.0
5.6891288E13	260.0	71.0
5.68913E13	260.0	70.0
5.689131E13	257.0	69.0
5.689132E13	257.0	67.0
5.689133E13	257.0	66.0
5.689134E13	257.0	63.0
5.689135E13	249.0	62.0
5.689136E13	249.0	61.0
5.689137E13	249.0	62.0
5.689138E13	249.0	64.0
5.689139E13	242.0	67.0
5.68914E13	242.0	70.0
5.689141E13	242.0	72.0
5.6891418E13	238.0	73.0
5.689143E13	238.0	74.0
5.689144E13	238.0	75.0
5.689145E13	238.0	77.0
5.689147E13	232.0	79.0
5.689148E13	232.0	80.0
5.689149E13	232.0	80.0
5.68915E13	223.0	79.0
5.689151E13	223.0	78.0
5.689152E13	223.0	76.0
5.689153E13	223.0	73.0
5.689154E13	214.0	70.0
5.689155E13	214.0	68.0
5.689156E13	214.0	66.0
5.689157E13	208.0	65.0
5.689158E13	208.0	64.0
5.689159E13	208.0	63.0
5.6891602E13	204.0	65.0
5.689161E13	204.0	65.0
5.689162E13	204.0	66.0
5.689163E13	204.0	68.0
5.689164E13	204.0	70.0
5.689165E13	200.0	72.0
5.689166E13	200.0	76.0
5.689167E13	200.0	77.0
5.689168E13	200.0	78.0
5.689169E13	198.0	80.0
5.68917E13	198.0	80.0
5.689171E13	198.0	79.0
5.689172E13	197.0	78.0
5.689173E13	197.0	77.0
5.689174E13	197.0	77.0
5.689175E13	197.0	77.0
5.689176E13	199.0	76.0
5.689177E13	199.0	75.0
5.689178E13	199.0	75.0
5.689179E13	201.0	76.0
5.68918E13	201.0	77.0
5.689181E13	201.0	79.0
5.689182E13	201.0	81.0
5.689183E13	201.0	81.0
5.689184E13	201.0	84.0
5.689185E13	201.0	84.0
5.6891862E13	201.0	81.0
5.689187E13	202.0	77.0
5.689188E13	202.0	76.0
5.689189E13	202.0	49.0
5.68919E13	202.0	74.0
5.689191E13	202.0	74.0
5.689192E13	202.0	75.0
5.689193E13	202.0	75.0
5.6891942E13	202.0	77.0
5.689195E13	199.0	78.0
5.689196E13	199.0	79.0
5.689197E13	199.0	80.0
5.689198E13	193.0	79.0
5.6891992E13	193.0	79.0
5.6892E13	193.0	79.0
5.689201E13	193.0	80.0
5.689202E13	186.0	81.0
5.689203E13	186.0	83.0
5.689204E13	186.0	84.0
5.689205E13	186.0	84.0
5.689206E13	180.0	84.0
5.6892072E13	180.0	84.0
5.689208E13	180.0	85.0
5.689209E13	180.0	87.0
5.68921E13	179.0	87.0
5.689211E13	179.0	86.0
5.6892122E13	179.0	86.0
5.689213E13	185.0	85.0
5.689214E13	185.0	85.0
5.689215E13	185.0	84.0
5.689216E13	185.0	83.0
5.689217E13	193.0	81.0
5.689218E13	193.0	79.0
5.689219E13	193.0	78.0
5.6892202E13	193.0	77.0
5.689221E13	204.0	76.0
5.689222E13	204.0	76.0
5.689223E13	204.0	75.0
5.689224E13	204.0	74.0
5.6892252E13	212.0	71.0
5.689226E13	212.0	68.0
5.689227E13	212.0	66.0
5.689228E13	219.0	64.0
5.689229E13	219.0	63.0
5.6892303E13	219.0	62.0
5.689231E13	219.0	61.0
5.689232E13	226.0	60.0
5.6892332E13	226.0	61.0
5.689234E13	226.0	63.0
5.689235E13	226.0	67.0
5.689236E13	235.0	69.0
5.689237E13	235.0	66.0
5.6892383E13	235.0	62.0
5.689239E13	235.0	58.0
5.68924E13	243.0	56.0
5.689241E13	243.0	60.0
5.689242E13	243.0	65.0
5.6892433E13	246.0	68.0
5.689244E13	246.0	69.0
5.689245E13	246.0	69.0
5.6892462E13	246.0	70.0
5.689247E13	248.0	71.0
5.689248E13	248.0	71.0
5.689249E13	248.0	71.0
5.6892504E13	245.0	71.0
5.6892513E13	245.0	70.0
5.689252E13	245.0	70.0
5.689253E13	245.0	69.0
5.689254E13	245.0	67.0
5.689255E13	237.0	64.0
5.6892563E13	237.0	64.0
5.689257E13	237.0	66.0
5.689258E13	231.0	71.0
5.6892592E13	231.0	74.0
5.68926E13	231.0	75.0
5.689261E13	231.0	74.0
5.689262E13	227.0	72.0
5.689263E13	227.0	74.0
5.6892643E13	227.0	76.0
5.689265E13	227.0	76.0
5.689266E13	221.0	77.0
5.689267E13	221.0	78.0
5.689268E13	221.0	78.0
5.6892693E13	212.0	78.0
5.68927E13	212.0	78.0
5.689271E13	212.0	77.0
5.6892722E13	212.0	75.0
5.689273E13	204.0	73.0
5.6892743E13	204.0	70.0
5.689275E13	204.0	68.0
5.689276E13	204.0	67.0
5.6892773E13	198.0	88.0
5.689278E13	198.0	67.0
5.689279E13	198.0	69.0
5.68928E13	194.0	70.0
5.689281E13	194.0	70.0
5.6892823E13	194.0	72.0
5.689283E13	194.0	72.0
5.689284E13	192.0	73.0
5.6892852E13	192.0	74.0
5.689286E13	192.0	74.0
5.6892873E13	192.0	77.0
5.689288E13	191.0	77.0
5.689289E13	191.0	50.0
5.6892903E13	191.0	78.0
5.689291E13	190.0	77.0
5.689292E13	190.0	77.0
5.689293E13	190.0	78.0
5.689294E13	190.0	77.0
5.6892953E13	190.0	77.0
5.689296E13	192.0	76.0
5.689297E13	192.0	75.0
5.6892982E13	192.0	74.0
5.689299E13	195.0	75.0
5.6893003E13	195.0	77.0
5.689301E13	195.0	78.0
5.689302E13	195.0	80.0
5.6893033E13	196.0	81.0
5.689304E13	196.0	83.0
5.689305E13	196.0	82.0
5.689306E13	196.0	81.0
5.689307E13	198.0	79.0
5.6893083E13	198.0	78.0
5.689309E13	198.0	78.0
5.68931E13	198.0	77.0
5.6893112E13	199.0	77.0
5.689312E13	199.0	77.0
5.6893133E13	199.0	77.0
5.689314E13	195.0	78.0
5.689315E13	195.0	79.0
5.6893163E13	195.0	80.0
5.689317E13	195.0	82.0
5.6893184E13	189.0	82.0
5.689319E13	189.0	81.0
5.68932E13	189.0	81.0
5.6893213E13	189.0	82.0
5.689322E13	181.0	84.0
5.689323E13	181.0	86.0
5.6893242E13	181.0	87.0
5.689325E13	181.0	87.0
5.6893263E13	174.0	87.0
5.689327E13	174.0	87.0
5.689328E13	174.0	87.0
5.6893293E13	173.0	88.0
5.68933E13	173.0	88.0
5.6893314E13	173.0	87.0
5.689332E13	173.0	86.0
5.689333E13	178.0	86.0
5.6893343E13	178.0	86.0
5.689335E13	178.0	86.0
5.6893364E13	178.0	84.0
5.6893372E13	187.0	82.0
5.689338E13	187.0	80.0
5.6893393E13	187.0	78.0
5.68934E13	197.0	77.0
5.689341E13	197.0	75.0
5.6893423E13	197.0	75.0
5.689343E13	197.0	74.0
5.6893444E13	205.0	72.0
5.689345E13	205.0	69.0
5.689346E13	205.0	67.0
5.6893473E13	213.0	61.0
5.689349E13	213.0	61.0
5.689349E13	213.0	60.0
5.6893507E13	213.0	60.0
5.689351E13	222.0	61.0
5.6893523E13	222.0	61.0
5.689353E13	222.0	62.0
5.689354E13	222.0	65.0
5.6893553E13	231.0	66.0
5.689356E13	231.0	64.0
5.6893574E13	231.0	59.0
5.689358E13	231.0	59.0
5.689359E13	241.0	58.0
5.6893603E13	241.0	60.0
5.689361E13	241.0	60.0
5.6893624E13	241.0	63.0
5.6893632E13	248.0	66.0
5.689364E13	248.0	67.0
5.6893653E13	248.0	67.0
5.689366E13	248.0	69.0
5.689367E13	254.0	72.0
5.6893683E13	254.0	75.0
5.689369E13	254.0	75.0
5.6893704E13	255.0	72.0
5.6893712E13	255.0	72.0
5.689372E13	255.0	70.0
5.6893733E13	255.0	69.0
5.689374E13	248.0	68.0
5.6893754E13	248.0	67.0
5.6893762E13	248.0	65.0
5.689377E13	238.0	65.0
5.6893783E13	238.0	65.0
5.689379E13	238.0	67.0
5.6893804E13	238.0	68.0
5.689382E13	230.0	66.0
5.6893834E13	230.0	70.0
5.6893842E13	223.0	72.0
5.689385E13	223.0	74.0
5.6893863E13	223.0	75.0
5.689387E13	223.0	77.0
5.6893884E13	215.0	44.0
5.6893892E13	215.0	79.0
5.68939E13	215.0	79.0
5.6893913E13	215.0	76.0
5.689392E13	205.0	74.0
5.6893934E13	205.0	72.0
5.6893943E13	205.0	71.0
5.689395E13	205.0	48.0
5.6893964E13	197.0	69.0
5.6893972E13	197.0	69.0
5.689398E13	197.0	68.0
5.6893993E13	191.0	68.0
5.6894E13	191.0	68.0
5.6894014E13	191.0	69.0
5.6894022E13	191.0	69.0
5.689403E13	187.0	69.0
5.6894043E13	187.0	70.0
5.689405E13	187.0	70.0
5.6894064E13	187.0	72.0
5.6894073E13	187.0	73.0
5.689408E13	183.0	75.0
5.6894094E13	183.0	77.0
5.6894102E13	183.0	79.0
5.689411E13	182.0	81.0
5.6894123E13	182.0	79.0
5.689413E13	182.0	78.0
5.6894144E13	183.0	74.0
5.6894157E13	183.0	74.0
5.689416E13	183.0	74.0
5.6894173E13	183.0	75.0
5.6894224E13	184.0	82.0
5.6894232E13	183.0	83.0
5.6894245E13	183.0	84.0
5.6894253E13	183.0	84.0
5.689426E13	181.0	83.0
5.6894274E13	181.0	82.0
5.6894283E13	181.0	81.0
5.689429E13	181.0	81.0
5.6894304E13	178.0	82.0
5.689431E13	178.0	82.0
5.6894324E13	178.0	83.0
5.6894333E13	178.0	83.0
5.689434E13	173.0	82.0
5.6894354E13	173.0	82.0
5.6894362E13	173.0	80.0
5.689437E13	173.0	78.0
5.6894383E13	169.0	76.0
5.689439E13	169.0	74.0
5.6894404E13	169.0	74.0
5.6894413E13	165.0	74.0
5.689442E13	165.0	75.0
5.6894434E13	165.0	76.0
5.689444E13	165.0	77.0
5.6894454E13	164.0	79.0
5.6894463E13	164.0	81.0
5.6894505E13	169.0	86.0
5.6894513E13	169.0	85.0
5.689452E13	169.0	84.0
5.6894534E13	179.0	83.0
5.6894543E13	179.0	83.0
5.689455E13	179.0	81.0
5.6894564E13	194.0	80.0
5.689457E13	194.0	81.0
5.6894585E13	194.0	82.0
5.6894593E13	194.0	82.0
5.68946E13	210.0	81.0
5.6894614E13	210.0	80.0
5.6894622E13	210.0	78.0
5.6894635E13	210.0	75.0
5.6894643E13	223.0	72.0
5.689465E13	223.0	70.0
5.6894664E13	223.0	68.0
5.6894673E13	230.0	64.0
5.689468E13	230.0	63.0
5.6894694E13	230.0	61.0
5.68947E13	230.0	59.0
5.6894715E13	237.0	61.0
5.6894723E13	237.0	65.0
5.689473E13	237.0	63.0
5.6894744E13	237.0	63.0
5.6894752E13	245.0	59.0
5.6894765E13	245.0	59.0
5.6894773E13	245.0	58.0
5.689478E13	245.0	58.0
5.6894794E13	251.0	60.0
5.6894803E13	251.0	63.0
5.689481E13	251.0	64.0
5.6894824E13	252.0	65.0
5.689483E13	252.0	66.0
5.6894845E13	252.0	68.0
5.6894853E13	252.0	70.0
5.689486E13	253.0	72.0
5.6894874E13	253.0	73.0
5.6894882E13	253.0	73.0
5.6894895E13	253.0	72.0
5.6894903E13	252.0	70.0
5.689491E13	252.0	68.0
5.6894924E13	252.0	68.0
5.6894933E13	252.0	67.0
5.6894945E13	247.0	65.0
5.6894954E13	247.0	67.0
5.689496E13	247.0	67.0
5.6894975E13	242.0	69.0
5.6894983E13	242.0	71.0
5.689499E13	242.0	73.0
5.6895004E13	242.0	73.0
5.6895012E13	239.0	74.0
5.6895025E13	239.0	76.0
5.6895033E13	239.0	77.0
5.689504E13	239.0	77.0
5.6895054E13	232.0	78.0
5.6895063E13	232.0	78.0
5.6895075E13	232.0	78.0
5.6895084E13	232.0	78.0
5.689509E13	221.0	77.0
5.6895105E13	221.0	75.0
5.6895113E13	221.0	74.0
5.6895126E13	211.0	72.0
5.6895134E13	211.0	70.0
5.6895142E13	211.0	68.0
5.689516E13	211.0	66.0
5.6895163E13	204.0	65.0
5.689517E13	204.0	65.0
5.6895184E13	204.0	65.0
5.6895193E13	204.0	65.0
5.6895205E13	199.0	66.0
5.6895214E13	199.0	67.0
5.689522E13	199.0	68.0
5.6895235E13	199.0	70.0
5.6895243E13	194.0	72.0
5.689525E13	194.0	74.0
5.6895264E13	194.0	77.0
5.6895272E13	189.0	80.0
5.6895285E13	189.0	82.0
5.6895293E13	189.0	84.0
5.68953E13	189.0	84.0
5.6895314E13	185.0	82.0
5.6895323E13	185.0	80.0
5.6895335E13	185.0	79.0
5.6895344E13	185.0	78.0
5.689535E13	185.0	76.0
5.6895365E13	185.0	75.0
5.6895373E13	185.0	74.0
5.6895386E13	185.0	74.0
5.6895394E13	187.0	74.0
5.6895402E13	187.0	76.0
5.6895415E13	187.0	79.0
5.6895423E13	187.0	81.0
5.6895436E13	187.0	85.0
5.6895444E13	187.0	84.0
5.6895453E13	187.0	83.0
5.6895465E13	187.0	81.0
5.6895474E13	187.0	80.0
5.6895482E13	187.0	80.0
5.6895495E13	187.0	78.0
5.6895503E13	188.0	77.0
5.6895516E13	188.0	77.0
5.689553E13	188.0	79.0
5.6895532E13	188.0	79.0
5.6895545E13	188.0	81.0
5.6895558E13	188.0	81.0
5.6895566E13	186.0	80.0
5.6895574E13	186.0	79.0
5.6895583E13	186.0	78.0
5.6895595E13	186.0	79.0
5.6895604E13	184.0	80.0
5.6895612E13	184.0	82.0
5.6895625E13	184.0	83.0
5.6895633E13	184.0	83.0
5.6895646E13	184.0	84.0
5.6895654E13	182.0	84.0
5.6895662E13	182.0	85.0
5.6895675E13	185.0	86.0
5.6895683E13	185.0	86.0
5.6895696E13	185.0	86.0
5.6895704E13	185.0	86.0
5.6895713E13	195.0	85.0
5.6895725E13	195.0	85.0
5.6895734E13	195.0	85.0
5.6895742E13	195.0	85.0
5.6895755E13	208.0	84.0
5.6895763E13	208.0	82.0
5.6895776E13	208.0	80.0
5.6895784E13	208.0	79.0
5.6895792E13	220.0	77.0
5.6895805E13	220.0	76.0
5.6895813E13	220.0	75.0
5.6895826E13	231.0	75.0
5.6895834E13	231.0	73.0
5.6895843E13	231.0	71.0
5.6895855E13	231.0	69.0
5.6895864E13	237.0	66.0
5.6895872E13	237.0	64.0
5.6895885E13	237.0	62.0
5.6895893E13	237.0	60.0
5.6895906E13	245.0	60.0
5.6895914E13	245.0	61.0
5.6895923E13	245.0	63.0
5.6895935E13	245.0	63.0
5.6895943E13	255.0	62.0
5.6895956E13	255.0	60.0
5.6895964E13	255.0	58.0
5.6895973E13	265.0	57.0
5.6895985E13	265.0	58.0
5.6896E13	265.0	60.0
5.6896006E13	265.0	64.0
5.6896015E13	272.0	69.0
5.6896023E13	272.0	71.0
5.6896036E13	272.0	70.0
5.6896044E13	272.0	69.0
5.6896053E13	278.0	70.0
5.6896065E13	278.0	74.0
5.6896073E13	278.0	76.0
5.6896086E13	278.0	76.0
5.6896094E13	280.0	75.0
5.6896115E13	280.0	72.0
5.6896103E13	280.0	72.0
5.6896124E13	280.0	70.0
5.6896132E13	276.0	69.0
5.6896145E13	276.0	67.0
5.6896153E13	276.0	65.0
5.6896166E13	276.0	66.0
5.6896174E13	270.0	67.0
5.6896183E13	270.0	70.0
5.6896195E13	270.0	72.0
5.6896204E13	270.0	73.0
5.6896216E13	263.0	73.0
5.6896224E13	263.0	74.0
5.6896233E13	263.0	76.0
5.6896245E13	256.0	78.0
5.6896254E13	256.0	81.0
5.6896262E13	256.0	81.0
5.6896275E13	256.0	80.0
5.6896283E13	247.0	79.0
5.6896296E13	247.0	78.0
5.6896304E13	247.0	77.0
5.6896313E13	247.0	76.0
5.6896325E13	238.0	75.0
5.6896334E13	238.0	74.0
5.6896346E13	238.0	72.0
5.6896355E13	238.0	71.0
5.6896363E13	231.0	69.0
5.6896375E13	231.0	68.0
5.6896384E13	231.0	68.0
5.6896396E13	227.0	68.0
5.6896405E13	227.0	68.0
5.6896413E13	227.0	69.0
5.6896426E13	227.0	69.0
5.6896434E13	225.0	70.0
5.6896443E13	225.0	71.0
5.6896455E13	225.0	73.0
5.6896464E13	225.0	74.0
5.6896476E13	225.0	75.0
5.6896485E13	225.0	77.0
5.6896493E13	225.0	78.0
5.6896506E13	225.0	77.0
5.6896514E13	224.0	78.0
5.6896526E13	224.0	78.0
5.6896535E13	224.0	78.0
5.6896543E13	226.0	79.0
5.6896556E13	226.0	79.0
5.6896564E13	226.0	77.0
5.6896577E13	226.0	75.0
5.6896585E13	231.0	74.0
5.6896594E13	231.0	75.0
5.6896606E13	231.0	76.0
5.6896615E13	231.0	78.0
5.6896623E13	232.0	79.0
5.6896636E13	232.0	81.0
5.6896644E13	232.0	83.0
5.6896657E13	232.0	84.0
5.6896665E13	233.0	83.0
5.6896673E13	233.0	82.0
5.6896686E13	233.0	81.0
5.6896694E13	233.0	81.0
5.6896707E13	233.0	81.0
5.6896715E13	233.0	81.0
5.6896724E13	233.0	81.0
5.6896736E13	230.0	80.0
5.6896745E13	230.0	80.0
5.6896753E13	230.0	79.0
5.6896766E13	230.0	79.0
5.6896774E13	226.0	79.0
5.6896787E13	226.0	79.0
5.6896795E13	226.0	78.0
5.6896803E13	226.0	78.0
5.6896816E13	222.0	80.0
5.6896824E13	222.0	80.0
5.6896845E13	220.0	82.0
5.6896837E13	220.0	82.0
5.6896854E13	220.0	82.0
5.6896866E13	220.0	82.0
5.6896875E13	220.0	83.0
5.6896883E13	222.0	83.0
5.6896896E13	222.0	84.0
5.6896904E13	222.0	84.0
5.6896917E13	222.0	84.0
5.6896925E13	229.0	84.0
5.6896933E13	229.0	84.0
5.6896946E13	229.0	84.0
5.6896954E13	237.0	83.0
5.6896967E13	237.0	82.0
5.6896975E13	237.0	81.0
5.6896984E13	237.0	81.0
5.6896996E13	240.0	80.0
5.6897005E13	240.0	79.0
5.6897013E13	240.0	78.0
5.6897026E13	240.0	77.0
5.6897034E13	245.0	75.0
5.6897047E13	245.0	73.0
5.6897055E13	245.0	72.0
5.6897063E13	245.0	70.0
5.6897076E13	250.0	69.0
5.6897084E13	250.0	68.0
5.6897097E13	250.0	67.0
5.6897105E13	258.0	65.0
5.6897114E13	258.0	63.0
5.6897126E13	258.0	63.0
5.6897135E13	258.0	66.0
5.6897147E13	267.0	69.0
5.6897156E13	267.0	69.0
5.6897164E13	267.0	67.0
5.6897177E13	267.0	64.0
5.6897185E13	275.0	62.0
5.6897193E13	275.0	61.0
5.6897206E13	275.0	63.0
5.6897214E13	275.0	66.0
5.6897227E13	278.0	69.0
5.6897235E13	278.0	68.0
5.6897244E13	278.0	67.0
5.6897256E13	279.0	68.0
5.6897265E13	279.0	70.0
5.6897277E13	279.0	69.0
5.6897286E13	279.0	68.0
5.6897294E13	274.0	67.0
5.6897307E13	274.0	66.0
5.6897315E13	274.0	64.0
5.6897323E13	274.0	61.0
5.6897336E13	264.0	58.0
5.6897344E13	264.0	56.0
5.6897357E13	264.0	56.0
5.6897365E13	264.0	59.0
5.6897374E13	256.0	65.0
5.6897386E13	256.0	69.0
5.6897395E13	256.0	71.0
5.6897407E13	251.0	71.0
5.6897416E13	251.0	72.0
5.6897424E13	251.0	73.0
5.6897437E13	251.0	73.0
5.6897445E13	246.0	76.0
5.6897453E13	246.0	78.0
5.6897466E13	246.0	79.0
5.6897474E13	246.0	80.0
5.6897487E13	237.0	80.0
5.6897495E13	237.0	80.0
5.6897504E13	237.0	79.0
5.6897516E13	237.0	77.0
5.6897525E13	228.0	75.0
5.6897537E13	228.0	73.0
5.6897546E13	228.0	71.0
5.6897554E13	219.0	69.0
5.6897567E13	219.0	67.0
5.6897575E13	219.0	66.0
5.6897588E13	219.0	66.0
5.6897596E13	213.0	66.0
5.6897604E13	213.0	67.0
5.6897617E13	213.0	68.0
5.6897625E13	213.0	69.0
5.6897634E13	208.0	69.0
5.6897646E13	208.0	70.0
5.6897655E13	208.0	71.0
5.6897667E13	202.0	74.0
5.6897676E13	202.0	76.0
5.6897684E13	202.0	77.0
5.6897697E13	202.0	80.0
5.6897705E13	198.0	80.0
5.6897718E13	198.0	79.0
5.6897734E13	198.0	78.0
5.6897747E13	198.0	77.0
5.6897755E13	198.0	76.0
5.6897764E13	198.0	76.0
5.6897776E13	198.0	76.0
5.6897785E13	199.0	77.0
5.6897797E13	199.0	78.0
5.6897806E13	199.0	79.0
5.6897814E13	198.0	82.0
5.6897827E13	198.0	85.0
5.6897835E13	198.0	85.0
5.6897848E13	198.0	83.0
5.6897856E13	199.0	78.0
5.6897864E13	199.0	77.0
5.6897877E13	199.0	77.0
5.6897885E13	199.0	75.0
5.68979E13	202.0	74.0
5.6897906E13	202.0	74.0
5.6897915E13	202.0	74.0
5.6897927E13	202.0	75.0
5.6897936E13	201.0	76.0
5.6897944E13	201.0	78.0
5.6897957E13	201.0	78.0
5.6897965E13	196.0	79.0
5.6897978E13	196.0	79.0
5.6897986E13	196.0	80.0
5.6897994E13	196.0	80.0
5.6898007E13	189.0	82.0
5.6898015E13	189.0	84.0
5.689803E13	189.0	85.0
5.6898036E13	189.0	85.0
5.6898045E13	181.0	86.0
5.6898057E13	181.0	86.0
5.6898066E13	181.0	86.0
5.689808E13	181.0	87.0
5.6898087E13	179.0	87.0
5.6898095E13	179.0	85.0
5.6898108E13	179.0	83.0
5.6898116E13	184.0	82.0
5.6898125E13	184.0	82.0
5.6898137E13	184.0	82.0
5.6898145E13	184.0	84.0
5.689816E13	192.0	84.0
5.6898166E13	192.0	84.0
5.6898175E13	192.0	82.0
5.6898187E13	192.0	80.0
5.6898196E13	201.0	79.0
5.689821E13	201.0	78.0
5.6898217E13	201.0	76.0
5.6898225E13	201.0	74.0
5.6898238E13	209.0	73.0
5.6898246E13	209.0	71.0
5.6898255E13	209.0	69.0
5.6898267E13	214.0	67.0
5.6898276E13	214.0	64.0
5.689829E13	214.0	61.0
5.6898296E13	214.0	60.0
5.6898305E13	219.0	59.0
5.6898317E13	219.0	59.0
5.6898326E13	219.0	61.0
5.689834E13	219.0	64.0
5.6898347E13	226.0	65.0
5.6898355E13	226.0	64.0
5.6898368E13	226.0	61.0
5.6898376E13	231.0	59.0
5.689839E13	231.0	58.0
5.6898397E13	231.0	57.0
5.6898406E13	231.0	58.0
5.689842E13	235.0	61.0
5.6898427E13	235.0	65.0
5.6898435E13	235.0	66.0
5.6898447E13	235.0	66.0
5.6898456E13	239.0	68.0
5.689847E13	239.0	69.0
5.6898477E13	239.0	71.0
5.6898485E13	239.0	72.0
5.6898498E13	241.0	73.0
5.6898506E13	241.0	72.0
5.689852E13	241.0	71.0
5.6898527E13	239.0	70.0
5.6898536E13	239.0	68.0
5.689855E13	239.0	66.0
5.6898557E13	239.0	65.0
5.689857E13	236.0	66.0
5.6898577E13	236.0	68.0
5.689859E13	236.0	72.0
5.68986E13	232.0	74.0
5.689861E13	232.0	75.0
5.6898615E13	232.0	75.0
5.6898628E13	232.0	76.0
5.6898636E13	232.0	77.0
5.6898653E13	227.0	78.0
5.6898666E13	216.0	78.0
5.689868E13	216.0	78.0
5.6898687E13	216.0	78.0
5.6898695E13	216.0	77.0
5.6898708E13	216.0	77.0
5.6898716E13	204.0	76.0
5.689873E13	204.0	74.0
5.6898737E13	204.0	72.0
5.6898745E13	204.0	69.0
5.6898758E13	193.0	67.0
5.6898766E13	193.0	66.0
5.689878E13	193.0	65.0
5.6898787E13	185.0	64.0
5.6898796E13	185.0	64.0
5.689881E13	185.0	63.0
5.6898817E13	180.0	64.0
5.689883E13	180.0	64.0
5.6898838E13	180.0	68.0
5.6898846E13	180.0	68.0
5.689886E13	180.0	71.0
5.6898867E13	177.0	78.0
5.6898875E13	177.0	78.0
5.6898888E13	177.0	81.0
5.6898896E13	174.0	80.0
5.689891E13	174.0	79.0
5.6898917E13	174.0	79.0
5.6898942E13	174.0	79.0
5.6898947E13	174.0	78.0
5.689896E13	174.0	77.0
5.6898968E13	174.0	77.0
5.6898976E13	176.0	76.0
5.689899E13	176.0	76.0
5.6898997E13	176.0	77.0
5.6899005E13	176.0	77.0
5.6899018E13	177.0	78.0
5.6899026E13	177.0	78.0
5.689904E13	177.0	80.0
5.6899047E13	177.0	82.0
5.6899056E13	177.0	86.0
5.689907E13	177.0	86.0
5.6899077E13	177.0	85.0
5.689909E13	177.0	84.0
5.6899098E13	177.0	82.0
5.6899106E13	177.0	80.0
5.689912E13	177.0	77.0
5.6899127E13	177.0	76.0
5.6899135E13	177.0	75.0
5.689915E13	177.0	75.0
5.6899156E13	177.0	75.0
5.689917E13	174.0	76.0
5.6899177E13	174.0	77.0
5.6899186E13	174.0	78.0
5.68992E13	174.0	79.0
5.6899207E13	169.0	79.0
5.689922E13	169.0	80.0
5.6899228E13	169.0	81.0
5.6899236E13	165.0	82.0
5.689925E13	165.0	83.0
5.6899257E13	165.0	84.0
5.6899265E13	165.0	84.0
5.689928E13	163.0	84.0
5.6899286E13	163.0	85.0
5.68993E13	163.0	86.0
5.6899307E13	163.0	87.0
5.6899316E13	167.0	87.0
5.689933E13	167.0	86.0
5.6899337E13	167.0	85.0
5.689935E13	167.0	85.0
5.6899358E13	177.0	85.0
5.6899366E13	177.0	86.0
5.689938E13	177.0	85.0
5.6899387E13	189.0	83.0
5.6899395E13	189.0	82.0
5.689941E13	189.0	81.0
5.6899416E13	189.0	80.0
5.689943E13	200.0	79.0
5.6899437E13	200.0	78.0
5.6899446E13	200.0	74.0
5.689946E13	200.0	74.0
5.6899467E13	208.0	72.0
5.689948E13	208.0	69.0
5.6899488E13	208.0	66.0
5.6899496E13	208.0	63.0
5.689951E13	214.0	61.0
5.6899517E13	214.0	60.0
5.689953E13	214.0	61.0
5.689954E13	220.0	63.0
5.6899546E13	220.0	66.0
5.689956E13	220.0	68.0
5.6899567E13	220.0	69.0
5.6899576E13	228.0	68.0
5.689961E13	228.0	61.0
5.6899618E13	234.0	60.0
5.6899626E13	234.0	60.0
5.689964E13	234.0	63.0
5.6899647E13	234.0	67.0
5.689966E13	238.0	69.0
5.689967E13	238.0	70.0
5.6899676E13	238.0	70.0
5.689969E13	239.0	71.0
5.6899697E13	239.0	73.0
5.6899706E13	239.0	75.0
5.689972E13	239.0	75.0
5.6899727E13	235.0	74.0
5.689974E13	235.0	72.0
5.6899748E13	235.0	69.0
5.6899756E13	235.0	66.0
5.689977E13	230.0	64.0
5.6899777E13	230.0	63.0
5.689979E13	230.0	62.0
5.68998E13	230.0	63.0
5.6899806E13	224.0	66.0
5.689982E13	224.0	72.0
5.6899827E13	224.0	72.0
5.689984E13	219.0	74.0
5.689985E13	219.0	77.0
5.6899857E13	219.0	79.0
5.689987E13	219.0	82.0
5.6899878E13	213.0	84.0
5.6899886E13	213.0	84.0
5.68999E13	213.0	85.0
5.6899907E13	213.0	86.0
5.689992E13	203.0	86.0
5.689993E13	203.0	85.0
5.6899936E13	203.0	82.0
5.689995E13	192.0	81.0
5.6899957E13	192.0	78.0
5.689997E13	192.0	76.0
5.689998E13	192.0	73.0
5.6899987E13	182.0	70.0
5.69E13	182.0	68.0
5.6900008E13	182.0	67.0
5.6900016E13	182.0	67.0
5.690003E13	177.0	66.0
5.6900037E13	177.0	65.0
5.690005E13	177.0	65.0
5.690006E13	177.0	68.0
5.6900066E13	175.0	70.0
5.690008E13	175.0	71.0
5.6900087E13	175.0	73.0
5.69001E13	173.0	75.0
5.690011E13	173.0	76.0
5.6900117E13	173.0	77.0
5.690013E13	173.0	78.0
5.6900138E13	172.0	78.0
5.690015E13	172.0	79.0
5.690016E13	172.0	80.0
5.6900167E13	172.0	81.0
5.690018E13	172.0	81.0
5.690019E13	172.0	79.0
5.6900196E13	172.0	78.0
5.690021E13	172.0	77.0
5.6900217E13	174.0	77.0
5.690023E13	174.0	77.0
5.690024E13	174.0	78.0
5.6900247E13	175.0	79.0
5.690026E13	175.0	81.0
5.6900268E13	175.0	82.0
5.690028E13	175.0	84.0
5.690029E13	175.0	85.0
5.6900297E13	175.0	82.0
5.690031E13	175.0	79.0
5.690032E13	175.0	78.0
5.6900327E13	177.0	77.0
5.690034E13	177.0	77.0
5.6900347E13	177.0	76.0
5.690036E13	177.0	76.0
5.690037E13	178.0	76.0
5.6900377E13	178.0	77.0
5.690039E13	178.0	79.0
5.6900398E13	175.0	80.0
5.690041E13	175.0	81.0
5.690042E13	175.0	82.0
5.6900427E13	175.0	82.0
5.690044E13	170.0	81.0
5.690045E13	170.0	81.0
5.690046E13	170.0	82.0
5.690047E13	165.0	84.0
5.6900478E13	165.0	86.0
5.690049E13	165.0	88.0
5.69005E13	165.0	87.0
5.6900507E13	162.0	87.0
5.690052E13	162.0	86.0
5.6900528E13	162.0	86.0
5.690054E13	166.0	86.0
5.690055E13	166.0	86.0
5.6900557E13	166.0	86.0
5.690057E13	166.0	86.0
5.690058E13	166.0	86.0
5.690059E13	175.0	86.0
5.69006E13	175.0	86.0
5.6900608E13	175.0	85.0
5.690062E13	186.0	84.0
5.690063E13	186.0	84.0
5.6900637E13	186.0	82.0
5.690065E13	186.0	80.0
5.690067E13	197.0	75.0
5.690068E13	197.0	72.0
5.6900687E13	197.0	72.0
5.69007E13	207.0	68.0
5.690071E13	207.0	65.0
5.690072E13	207.0	65.0
5.690073E13	207.0	63.0
5.6900738E13	215.0	61.0
5.690075E13	215.0	61.0
5.690076E13	215.0	63.0
5.6900767E13	223.0	65.0
5.690078E13	223.0	67.0
5.6900788E13	223.0	66.0
5.69008E13	230.0	48.0
5.690081E13	230.0	60.0
5.6900817E13	230.0	58.0
5.690083E13	230.0	59.0
5.690084E13	237.0	62.0
5.690085E13	237.0	66.0
5.690086E13	237.0	69.0
5.6900868E13	237.0	69.0
5.690088E13	240.0	69.0
5.690089E13	240.0	70.0
5.69009E13	240.0	71.0
5.690091E13	240.0	71.0
5.690092E13	241.0	49.0
5.690093E13	241.0	72.0
5.690094E13	241.0	70.0
5.6900947E13	235.0	68.0
5.690096E13	235.0	66.0
5.690097E13	235.0	63.0
5.690098E13	235.0	61.0
5.690099E13	227.0	61.0
5.6900998E13	227.0	62.0
5.690101E13	227.0	65.0
5.690102E13	227.0	65.0
5.6901027E13	227.0	68.0
5.690104E13	221.0	71.0
5.690105E13	221.0	71.0
5.690106E13	221.0	71.0
5.690107E13	221.0	72.0
5.6901077E13	218.0	74.0
5.690109E13	218.0	77.0
5.69011E13	218.0	79.0
5.690111E13	212.0	80.0
5.690112E13	212.0	80.0
5.6901128E13	212.0	81.0
5.690114E13	212.0	80.0
5.690115E13	204.0	80.0
5.6901157E13	204.0	78.0
5.690117E13	204.0	75.0
5.690118E13	204.0	73.0
5.690119E13	194.0	71.0
5.69012E13	194.0	69.0
5.6901207E13	194.0	68.0
5.690122E13	194.0	67.0
5.690123E13	187.0	88.0
5.690124E13	187.0	67.0
5.690125E13	187.0	68.0
5.6901258E13	182.0	69.0
5.690127E13	182.0	69.0
5.690128E13	182.0	88.0
5.690129E13	182.0	88.0
5.69013E13	179.0	72.0
5.690131E13	179.0	88.0
5.690132E13	179.0	75.0
5.690133E13	179.0	75.0
5.6901337E13	176.0	88.0
5.690135E13	176.0	76.0
5.690136E13	176.0	88.0
5.690137E13	175.0	88.0
5.690138E13	175.0	78.0
5.6901388E13	175.0	77.0
5.69014E13	175.0	88.0
5.690141E13	177.0	76.0
5.690142E13	177.0	75.0
5.690143E13	177.0	88.0
5.690144E13	177.0	75.0
5.690145E13	179.0	76.0
5.690146E13	179.0	77.0
5.6901467E13	179.0	81.0
5.690148E13	179.0	83.0
5.690149E13	179.0	83.0
5.69015E13	179.0	83.0
5.690151E13	180.0	81.0
5.690152E13	180.0	80.0
5.690153E13	180.0	80.0
5.690154E13	180.0	80.0
5.6901555E13	181.0	80.0
5.6901564E13	181.0	79.0
5.690157E13	181.0	79.0
5.690158E13	181.0	79.0
5.690159E13	181.0	79.0
5.69016E13	180.0	80.0
5.690161E13	180.0	80.0
5.690162E13	180.0	80.0
5.690163E13	180.0	79.0
5.690164E13	178.0	79.0
5.6901648E13	178.0	78.0
5.690166E13	178.0	78.0
5.690167E13	174.0	79.0
5.690168E13	174.0	81.0
5.690169E13	174.0	82.0
5.69017E13	170.0	83.0
5.690171E13	170.0	83.0
5.690172E13	170.0	83.0
5.690173E13	170.0	84.0
5.690174E13	170.0	85.0
5.690175E13	169.0	86.0
5.690176E13	169.0	87.0
5.690177E13	169.0	87.0
5.6901778E13	169.0	86.0
5.690179E13	172.0	86.0
5.69018E13	172.0	87.0
5.690181E13	172.0	87.0
5.690182E13	179.0	84.0
5.690183E13	179.0	84.0
5.690184E13	179.0	82.0
5.690185E13	186.0	78.0
5.690186E13	186.0	77.0
5.690187E13	186.0	77.0
5.690188E13	186.0	75.0
5.690189E13	186.0	73.0
5.69019E13	193.0	71.0
5.6901908E13	193.0	69.0
5.690192E13	193.0	67.0
5.690193E13	193.0	66.0
5.690194E13	198.0	64.0
5.690195E13	198.0	63.0
5.690196E13	198.0	63.0
5.690197E13	205.0	64.0
5.690198E13	205.0	64.0
5.690199E13	205.0	64.0
5.6902E13	205.0	65.0
5.690201E13	214.0	67.0
5.690202E13	214.0	66.0
5.690203E13	214.0	65.0
5.690204E13	214.0	63.0
5.690205E13	221.0	63.0
5.690206E13	221.0	61.0
5.690207E13	221.0	60.0
5.690208E13	227.0	62.0
5.690209E13	227.0	66.0
5.69021E13	227.0	71.0
5.690211E13	227.0	71.0
5.690212E13	231.0	69.0
5.690213E13	231.0	70.0
5.690214E13	231.0	72.0
5.690215E13	231.0	74.0
5.690216E13	231.0	75.0
5.690217E13	231.0	75.0
5.690218E13	231.0	73.0
5.690219E13	231.0	71.0
5.69022E13	227.0	67.0
5.690221E13	227.0	65.0
5.690222E13	227.0	64.0
5.690223E13	221.0	65.0
5.690224E13	221.0	66.0
5.690225E13	221.0	68.0
5.690226E13	221.0	68.0
5.690227E13	216.0	68.0
5.690228E13	216.0	68.0
5.690229E13	216.0	70.0
5.69023E13	216.0	72.0
5.690231E13	212.0	75.0
5.690232E13	212.0	78.0
5.690233E13	212.0	79.0
5.690234E13	212.0	79.0
5.6902352E13	206.0	79.0
5.690236E13	206.0	78.0
5.690237E13	206.0	78.0
5.690238E13	199.0	77.0
5.690239E13	199.0	76.0
5.69024E13	199.0	74.0
5.690241E13	199.0	72.0
5.690242E13	193.0	70.0
5.690243E13	193.0	68.0
5.690244E13	193.0	68.0
5.690245E13	193.0	68.0
5.690246E13	190.0	68.0
5.690247E13	190.0	68.0
5.6902482E13	190.0	68.0
5.690249E13	190.0	69.0
5.69025E13	188.0	69.0
5.690251E13	188.0	69.0
5.690252E13	188.0	70.0
5.6902533E13	186.0	70.0
5.690254E13	186.0	71.0
5.690255E13	186.0	71.0
5.690256E13	186.0	71.0
5.690257E13	184.0	72.0
5.690258E13	184.0	73.0
5.690259E13	184.0	73.0
5.69026E13	184.0	74.0
5.6902612E13	183.0	75.0
5.690262E13	183.0	76.0
5.690263E13	183.0	77.0
5.690264E13	183.0	77.0
5.690265E13	184.0	77.0
5.6902663E13	184.0	77.0
5.690267E13	184.0	77.0
5.690268E13	184.0	78.0
5.6902692E13	184.0	79.0
5.69027E13	184.0	79.0
5.6902713E13	184.0	81.0
5.690272E13	182.0	84.0
5.690273E13	182.0	84.0
5.6902742E13	182.0	82.0
5.690275E13	182.0	80.0
5.690276E13	181.0	80.0
5.690277E13	181.0	80.0
5.690278E13	179.0	79.0
5.6902793E13	179.0	78.0
5.69028E13	179.0	78.0
5.690281E13	179.0	77.0
5.6902822E13	179.0	77.0
5.690283E13	176.0	77.0
5.690284E13	176.0	78.0
5.690285E13	176.0	79.0
5.690286E13	173.0	79.0
5.6902872E13	173.0	79.0
5.690288E13	173.0	80.0
5.690289E13	173.0	81.0
5.69029E13	173.0	81.0
5.690291E13	169.0	83.0
5.6902923E13	169.0	85.0
5.690293E13	169.0	86.0
5.690294E13	167.0	85.0
5.6902952E13	167.0	85.0
5.690296E13	167.0	84.0
5.6902973E13	167.0	84.0
5.690298E13	174.0	83.0
5.690299E13	174.0	83.0
5.6903002E13	174.0	84.0
5.690301E13	174.0	85.0
5.690302E13	185.0	87.0
5.690303E13	185.0	87.0
5.690304E13	185.0	85.0
5.6903053E13	185.0	82.0
5.690306E13	195.0	79.0
5.690307E13	195.0	76.0
5.6903082E13	195.0	73.0
5.690309E13	203.0	71.0
5.6903103E13	203.0	69.0
5.690311E13	203.0	68.0
5.690312E13	203.0	66.0
5.6903133E13	209.0	65.0
5.690314E13	209.0	63.0
5.690315E13	209.0	62.0
5.690316E13	209.0	61.0
5.690317E13	215.0	60.0
5.6903183E13	215.0	59.0
5.690319E13	215.0	58.0
5.69032E13	215.0	57.0
5.6903212E13	222.0	58.0
5.690322E13	222.0	60.0
5.6903233E13	222.0	61.0
5.690324E13	231.0	60.0
5.690325E13	231.0	58.0
5.6903263E13	231.0	57.0
5.690327E13	231.0	57.0
5.690328E13	238.0	57.0
5.690329E13	238.0	59.0
5.69033E13	238.0	64.0
5.6903313E13	238.0	68.0
5.690332E13	242.0	67.0
5.690333E13	242.0	66.0
5.6903342E13	242.0	67.0
5.690335E13	242.0	68.0
5.6903363E13	241.0	68.0
5.690337E13	241.0	68.0
5.690338E13	241.0	67.0
5.6903393E13	233.0	65.0
5.69034E13	233.0	64.0
5.6903414E13	233.0	64.0
5.690342E13	233.0	64.0
5.690343E13	222.0	61.0
5.6903443E13	222.0	62.0
5.690345E13	222.0	66.0
5.690346E13	222.0	70.0
5.6903472E13	213.0	72.0
5.690348E13	213.0	70.0
5.6903493E13	213.0	68.0
5.69035E13	207.0	69.0
5.690351E13	207.0	72.0
5.6903523E13	207.0	74.0
5.690353E13	207.0	75.0
5.6903544E13	198.0	76.0
5.690355E13	198.0	77.0
5.690356E13	198.0	77.0
5.6903573E13	198.0	77.0
5.690358E13	188.0	76.0
5.690359E13	188.0	74.0
5.6903602E13	188.0	72.0
5.690361E13	188.0	70.0
5.6903623E13	180.0	68.0
5.690363E13	180.0	66.0
5.690364E13	180.0	66.0
5.6903653E13	175.0	67.0
5.690366E13	175.0	69.0
5.6903674E13	175.0	71.0
5.690368E13	175.0	73.0
5.690369E13	171.0	74.0
5.6903703E13	171.0	74.0
5.690371E13	171.0	74.0
5.6903724E13	171.0	73.0
5.6903732E13	168.0	73.0
5.690374E13	168.0	72.0
5.6903753E13	168.0	72.0
5.690376E13	168.0	88.0
5.690377E13	166.0	74.0
5.6903783E13	166.0	77.0
5.690379E13	167.0	78.0
5.6903804E13	167.0	77.0
5.690381E13	167.0	77.0
5.690382E13	167.0	77.0
5.6903833E13	167.0	77.0
5.690384E13	169.0	81.0
5.6903854E13	169.0	82.0
5.6903862E13	169.0	82.0
5.690387E13	168.0	82.0
5.6903883E13	168.0	55.0
5.690389E13	168.0	86.0
5.69039E13	168.0	86.0
5.6903913E13	167.0	87.0
5.690392E13	167.0	87.0
5.6903934E13	167.0	87.0
5.690394E13	167.0	87.0
5.690395E13	166.0	86.0
5.6903963E13	166.0	84.0
5.690397E13	166.0	82.0
5.6903984E13	166.0	81.0
5.6903992E13	166.0	79.0
5.6904E13	166.0	78.0
5.6904013E13	166.0	77.0
5.690402E13	166.0	76.0
5.6904034E13	165.0	75.0
5.6904043E13	165.0	75.0
5.690405E13	165.0	76.0
5.6904064E13	165.0	77.0
5.690407E13	162.0	78.0
5.690408E13	162.0	80.0
5.6904093E13	162.0	82.0
5.69041E13	158.0	83.0
5.6904114E13	158.0	84.0
5.6904122E13	158.0	86.0
5.690413E13	158.0	87.0
5.6904143E13	159.0	87.0
5.690415E13	159.0	86.0
5.6904164E13	159.0	84.0
5.6904173E13	159.0	83.0
5.690418E13	165.0	82.0
5.6904194E13	165.0	81.0
5.69042E13	165.0	81.0
5.690421E13	176.0	80.0
5.6904223E13	176.0	79.0
5.690423E13	176.0	77.0
5.6904244E13	176.0	77.0
5.6904252E13	189.0	76.0
5.690426E13	189.0	76.0
5.6904273E13	189.0	77.0
5.690428E13	189.0	77.0
5.6904294E13	200.0	76.0
5.6904303E13	200.0	74.0
5.690431E13	200.0	72.0
5.6904324E13	200.0	70.0
5.690433E13	207.0	68.0
5.690434E13	207.0	64.0
5.6904353E13	207.0	61.0
5.690436E13	213.0	61.0
5.6904374E13	213.0	62.0
5.6904382E13	213.0	64.0
5.690439E13	213.0	67.0
5.6904403E13	218.0	68.0
5.690441E13	218.0	66.0
5.6904424E13	218.0	62.0
5.6904433E13	218.0	58.0
5.690444E13	223.0	55.0
5.6904454E13	223.0	68.0
5.6904462E13	223.0	68.0
5.690447E13	223.0	74.0
5.6904483E13	226.0	73.0
5.690449E13	226.0	71.0
5.6904504E13	226.0	71.0
5.6904512E13	227.0	72.0
5.690452E13	227.0	72.0
5.6904533E13	227.0	72.0
5.690454E13	227.0	70.0
5.6904554E13	221.0	69.0
5.6904563E13	221.0	67.0
5.690457E13	221.0	67.0
5.6904584E13	221.0	67.0
5.6904592E13	212.0	67.0
5.69046E13	212.0	66.0
5.6904613E13	212.0	65.0
5.690462E13	212.0	64.0
5.6904634E13	204.0	64.0
5.6904642E13	204.0	65.0
5.690465E13	204.0	68.0
5.6904663E13	198.0	72.0
5.690467E13	198.0	75.0
5.6904684E13	198.0	78.0
5.6904693E13	198.0	79.0
5.69047E13	191.0	79.0
5.6904714E13	191.0	79.0
5.6904722E13	191.0	77.0
5.6904735E13	183.0	75.0
5.6904743E13	183.0	75.0
5.690475E13	183.0	73.0
5.6904764E13	183.0	70.0
5.6904772E13	183.0	68.0
5.690478E13	177.0	67.0
5.6904793E13	177.0	65.0
5.69048E13	173.0	65.0
5.6904814E13	173.0	65.0
5.6904823E13	173.0	65.0
5.690483E13	173.0	67.0
5.6904844E13	173.0	67.0
5.6904852E13	170.0	66.0
5.6904865E13	170.0	66.0
5.6904873E13	170.0	66.0
5.690488E13	170.0	68.0
5.6904894E13	167.0	72.0
5.6904903E13	167.0	73.0
5.690491E13	165.0	74.0
5.6904923E13	165.0	76.0
5.690493E13	165.0	76.0
5.6904944E13	165.0	78.0
5.6904953E13	165.0	79.0
5.690496E13	165.0	79.0
5.6904974E13	165.0	79.0
5.6904982E13	165.0	78.0
5.6904995E13	165.0	79.0
5.6905003E13	167.0	78.0
5.690501E13	167.0	78.0
5.6905024E13	167.0	77.0
5.6905033E13	167.0	77.0
5.6905045E13	168.0	77.0
5.6905054E13	168.0	77.0
5.690506E13	168.0	79.0
5.6905074E13	169.0	82.0
5.6905083E13	169.0	85.0
5.690509E13	169.0	87.0
5.6905104E13	169.0	88.0
5.6905112E13	171.0	87.0
5.6905125E13	171.0	84.0
5.6905133E13	171.0	82.0
5.690514E13	171.0	79.0
5.6905154E13	173.0	78.0
5.6905163E13	173.0	77.0
5.6905175E13	173.0	75.0
5.6905184E13	173.0	74.0
5.690519E13	174.0	73.0
5.6905204E13	174.0	73.0
5.6905213E13	174.0	75.0
5.690522E13	171.0	77.0
5.6905234E13	171.0	80.0
5.6905242E13	171.0	83.0
5.6905255E13	171.0	86.0
5.6905263E13	165.0	88.0
5.690527E13	165.0	87.0
5.6905284E13	165.0	85.0
5.6905293E13	165.0	83.0
5.6905305E13	165.0	82.0
5.6905314E13	165.0	80.0
5.690532E13	165.0	80.0
5.6905335E13	165.0	80.0
5.6905343E13	174.0	81.0
5.690535E13	174.0	82.0
5.6905364E13	174.0	83.0
5.6905372E13	186.0	83.0
5.6905385E13	186.0	81.0
5.6905393E13	186.0	78.0
5.69054E13	186.0	76.0
5.6905414E13	198.0	74.0
5.6905423E13	198.0	73.0
5.6905435E13	198.0	71.0
5.6905444E13	198.0	70.0
5.690545E13	209.0	68.0
5.6905465E13	209.0	65.0
5.6905473E13	209.0	63.0
5.6905486E13	215.0	61.0
5.6905494E13	215.0	60.0
5.6905502E13	215.0	59.0
5.6905515E13	221.0	59.0
5.6905523E13	221.0	60.0
5.690553E13	221.0	63.0
5.6905544E13	221.0	65.0
5.6905553E13	225.0	64.0
5.6905565E13	225.0	61.0
5.6905574E13	225.0	58.0
5.690558E13	225.0	56.0
5.6905595E13	228.0	56.0
5.6905603E13	228.0	60.0
5.6905616E13	228.0	65.0
5.6905624E13	227.0	68.0
5.6905632E13	227.0	67.0
5.6905645E13	227.0	67.0
5.6905653E13	227.0	68.0
5.690566E13	225.0	69.0
5.6905674E13	225.0	69.0
5.6905683E13	225.0	70.0
5.6905695E13	225.0	70.0
5.6905704E13	225.0	69.0
5.690571E13	219.0	68.0
5.6905725E13	219.0	66.0
5.6905733E13	219.0	65.0
5.6905746E13	219.0	64.0
5.6905754E13	210.0	64.0
5.6905762E13	210.0	66.0
5.6905775E13	210.0	69.0
5.6905783E13	205.0	71.0
5.690579E13	205.0	70.0
5.6905804E13	205.0	69.0
5.6905813E13	201.0	72.0
5.6905825E13	201.0	75.0
5.6905834E13	201.0	78.0
5.690584E13	201.0	81.0
5.6905855E13	201.0	81.0
5.6905863E13	194.0	82.0
5.6905876E13	194.0	82.0
5.6905884E13	194.0	82.0
5.6905892E13	194.0	83.0
5.6905905E13	185.0	82.0
5.6905913E13	185.0	80.0
5.6905926E13	177.0	74.0
5.6905934E13	177.0	68.0
5.6905943E13	177.0	66.0
5.6905955E13	177.0	65.0
5.6905964E13	177.0	65.0
5.690597E13	173.0	64.0
5.6905985E13	173.0	65.0
5.6905993E13	173.0	66.0
5.6906006E13	173.0	67.0
5.6906014E13	170.0	68.0
5.6906022E13	170.0	70.0
5.6906035E13	170.0	72.0
5.6906043E13	170.0	73.0
5.6906056E13	168.0	75.0
5.6906064E13	168.0	77.0
5.6906073E13	168.0	78.0
5.6906085E13	166.0	78.0
5.6906094E13	166.0	79.0
5.69061E13	166.0	80.0
5.6906115E13	166.0	79.0
5.6906123E13	167.0	79.0
5.6906136E13	167.0	78.0
5.6906144E13	167.0	78.0
5.6906152E13	167.0	77.0
5.6906165E13	170.0	78.0
5.6906173E13	170.0	79.0
5.6906186E13	170.0	80.0
5.6906194E13	170.0	80.0
5.6906203E13	171.0	81.0
5.6906215E13	171.0	81.0
5.6906224E13	171.0	82.0
5.6906232E13	171.0	84.0
5.6906245E13	171.0	84.0
5.6906253E13	171.0	84.0
5.6906266E13	171.0	84.0
5.6906274E13	170.0	84.0
5.6906282E13	170.0	84.0
5.6906295E13	170.0	83.0
5.6906303E13	170.0	82.0
5.6906316E13	167.0	81.0
5.6906324E13	167.0	80.0
5.6906333E13	167.0	80.0
5.6906345E13	165.0	79.0
5.6906354E13	165.0	78.0
5.6906362E13	165.0	77.0
5.6906375E13	165.0	76.0
5.6906383E13	161.0	76.0
5.6906396E13	161.0	77.0
5.6906404E13	161.0	79.0
5.6906412E13	161.0	83.0
5.6906425E13	156.0	85.0
5.6906433E13	156.0	86.0
5.6906446E13	156.0	87.0
5.6906454E13	156.0	89.0
5.6906463E13	155.0	88.0
5.6906475E13	155.0	84.0
5.6906484E13	155.0	81.0
5.6906496E13	160.0	79.0
5.6906505E13	160.0	79.0
5.6906513E13	160.0	82.0
5.6906526E13	160.0	85.0
5.6906534E13	173.0	87.0
5.6906542E13	173.0	88.0
5.6906555E13	173.0	86.0
5.6906563E13	173.0	83.0
5.6906576E13	185.0	79.0
5.6906584E13	185.0	76.0
5.6906593E13	185.0	73.0
5.6906605E13	185.0	70.0
5.6906614E13	194.0	69.0
5.6906626E13	194.0	67.0
5.6906635E13	194.0	65.0
5.6906643E13	199.0	64.0
5.6906656E13	199.0	61.0
5.6906664E13	199.0	60.0
5.6906677E13	199.0	59.0
5.6906685E13	204.0	58.0
5.6906693E13	204.0	60.0
5.6906706E13	204.0	64.0
5.6906714E13	204.0	67.0
5.6906723E13	210.0	67.0
5.6906735E13	210.0	65.0
5.6906744E13	210.0	62.0
5.6906756E13	210.0	58.0
5.6906765E13	217.0	55.0
5.6906773E13	217.0	55.0
5.6906786E13	217.0	56.0
5.6906794E13	219.0	62.0
5.6906807E13	219.0	68.0
5.6906815E13	219.0	70.0
5.6906823E13	219.0	68.0
5.6906836E13	219.0	68.0
5.6906844E13	219.0	71.0
5.6906857E13	219.0	71.0
5.6906865E13	219.0	71.0
5.6906874E13	217.0	67.0
5.6906886E13	217.0	67.0
5.6906895E13	217.0	65.0
5.6906903E13	217.0	64.0
5.6906916E13	210.0	66.0
5.6906924E13	210.0	66.0
5.6906937E13	210.0	67.0
5.6906945E13	201.0	68.0
5.6906954E13	201.0	67.0
5.6906966E13	201.0	67.0
5.6906974E13	201.0	67.0
5.6906983E13	194.0	67.0
5.6906995E13	194.0	69.0
5.6907004E13	194.0	73.0
5.6907016E13	194.0	76.0
5.6907025E13	188.0	78.0
5.6907033E13	188.0	78.0
5.6907046E13	188.0	78.0
5.6907054E13	182.0	77.0
5.6907067E13	182.0	77.0
5.6907075E13	182.0	76.0
5.6907084E13	182.0	75.0
5.6907096E13	176.0	72.0
5.6907105E13	176.0	70.0
5.6907117E13	176.0	67.0
5.6907125E13	176.0	65.0
5.6907134E13	173.0	64.0
5.6907146E13	173.0	63.0
5.6907155E13	173.0	63.0
5.6907163E13	173.0	64.0
5.6907176E13	172.0	66.0
5.6907184E13	172.0	68.0
5.6907197E13	172.0	69.0
5.6907205E13	171.0	70.0
5.6907214E13	171.0	70.0
5.6907226E13	171.0	72.0
5.6907235E13	171.0	73.0
5.6907247E13	169.0	73.0
5.6907256E13	169.0	74.0
5.6907264E13	169.0	75.0
5.6907276E13	169.0	76.0
5.6907285E13	169.0	78.0
5.6907293E13	169.0	79.0
5.6907306E13	169.0	79.0
5.6907314E13	169.0	79.0
5.6907327E13	170.0	78.0
5.6907335E13	170.0	77.0
5.6907344E13	170.0	77.0
5.6907356E13	173.0	78.0
5.6907365E13	173.0	78.0
5.6907377E13	173.0	79.0
5.6907386E13	173.0	79.0
5.6907394E13	175.0	80.0
5.6907407E13	175.0	81.0
5.6907415E13	175.0	83.0
5.6907423E13	175.0	82.0
5.6907436E13	175.0	81.0
5.6907444E13	175.0	81.0
5.6907457E13	175.0	81.0
5.6907465E13	175.0	82.0
5.6907474E13	172.0	83.0
5.6907486E13	172.0	84.0
5.6907495E13	172.0	86.0
5.6907507E13	166.0	85.0
5.6907516E13	166.0	84.0
5.6907524E13	166.0	82.0
5.6907537E13	166.0	80.0
5.6907545E13	161.0	79.0
5.6907558E13	161.0	78.0
5.6907566E13	161.0	79.0
5.6907574E13	161.0	80.0
5.6907587E13	158.0	82.0
5.6907595E13	158.0	84.0
5.6907604E13	158.0	86.0
5.6907616E13	158.0	86.0
5.6907625E13	156.0	87.0
5.6907637E13	156.0	86.0
5.6907646E13	156.0	85.0
5.6907654E13	162.0	83.0
5.6907667E13	162.0	82.0
5.6907675E13	162.0	81.0
5.6907688E13	162.0	81.0
5.6907696E13	176.0	80.0
5.6907704E13	176.0	81.0
5.6907717E13	176.0	82.0
5.6907725E13	176.0	82.0
5.6907734E13	195.0	81.0
5.6907746E13	195.0	79.0
5.6907755E13	195.0	77.0
5.6907767E13	211.0	75.0
5.6907776E13	211.0	74.0
5.6907784E13	211.0	72.0
5.6907797E13	211.0	70.0
5.6907805E13	220.0	68.0
5.6907818E13	220.0	65.0
5.6907826E13	220.0	63.0
5.6907834E13	220.0	61.0
5.6907847E13	222.0	58.0
5.6907855E13	222.0	59.0
5.6907868E13	222.0	61.0
5.6907876E13	222.0	61.0
5.6907885E13	224.0	64.0
5.6907897E13	224.0	64.0
5.6907906E13	224.0	62.0
5.6907914E13	230.0	58.0
5.6907927E13	230.0	58.0
5.6907935E13	230.0	56.0
5.6907948E13	232.0	58.0
5.6907956E13	232.0	63.0
5.6907964E13	232.0	67.0
5.6907977E13	232.0	67.0
5.6907985E13	232.0	67.0
5.6908E13	232.0	67.0
5.6908006E13	232.0	68.0
5.6908015E13	232.0	69.0
5.6908027E13	232.0	70.0
5.6908036E13	228.0	70.0
5.6908044E13	228.0	70.0
5.6908057E13	228.0	69.0
5.6908065E13	220.0	68.0
5.6908078E13	220.0	67.0
5.6908086E13	220.0	68.0
5.6908094E13	209.0	68.0
5.6908107E13	209.0	68.0
5.6908115E13	209.0	67.0
5.690813E13	209.0	67.0
5.6908136E13	203.0	67.0
5.6908145E13	203.0	69.0
5.6908157E13	203.0	72.0
5.6908166E13	203.0	74.0
5.6908174E13	198.0	76.0
5.6908187E13	198.0	76.0
5.6908195E13	198.0	76.0
5.6908208E13	198.0	76.0
5.6908216E13	190.0	77.0
5.6908224E13	190.0	77.0
5.6908237E13	190.0	76.0
5.6908245E13	190.0	74.0
5.690826E13	182.0	72.0
5.6908266E13	182.0	71.0
5.6908275E13	182.0	69.0
5.6908287E13	182.0	68.0
5.6908296E13	175.0	68.0
5.6908304E13	175.0	68.0
5.6908317E13	175.0	67.0
5.6908325E13	175.0	68.0
5.6908338E13	170.0	69.0
5.6908346E13	170.0	68.0
5.6908354E13	170.0	68.0
5.6908367E13	166.0	69.0
5.6908375E13	166.0	70.0
5.690839E13	166.0	70.0
5.6908396E13	166.0	71.0
5.6908405E13	165.0	71.0
5.6908417E13	165.0	72.0
5.6908426E13	165.0	72.0
5.690844E13	165.0	75.0
5.6908447E13	166.0	76.0
5.6908455E13	166.0	76.0
5.6908468E13	166.0	75.0
5.6908476E13	171.0	75.0
5.6908484E13	171.0	75.0
5.6908497E13	171.0	76.0
5.6908505E13	171.0	76.0
5.690852E13	174.0	76.0
5.6908526E13	174.0	77.0
5.6908535E13	174.0	78.0
5.6908547E13	174.0	78.0
5.6908556E13	176.0	79.0
5.690857E13	176.0	82.0
5.6908577E13	176.0	84.0
5.6908585E13	176.0	85.0
5.6908598E13	177.0	86.0
5.6908606E13	177.0	86.0
5.6908614E13	177.0	86.0
5.6908627E13	176.0	84.0
5.6908635E13	176.0	82.0
5.690865E13	176.0	81.0
5.6908656E13	176.0	80.0
5.6908665E13	174.0	79.0
5.6908677E13	174.0	77.0
5.6908686E13	174.0	76.0
5.69087E13	174.0	75.0
5.6908707E13	169.0	75.0
5.6908715E13	169.0	75.0
5.6908728E13	169.0	77.0
5.6908736E13	169.0	81.0
5.690875E13	162.0	84.0
5.6908757E13	162.0	88.0
5.6908765E13	162.0	89.0
5.690878E13	157.0	87.0
5.6908786E13	157.0	85.0
5.6908795E13	157.0	83.0
5.6908807E13	157.0	81.0
5.6908816E13	163.0	79.0
5.690883E13	163.0	78.0
5.6908837E13	163.0	79.0
5.6908845E13	163.0	80.0
5.6908858E13	177.0	81.0
5.6908866E13	177.0	81.0
5.690888E13	177.0	79.0
5.6908887E13	177.0	79.0
5.6908895E13	193.0	77.0
5.690891E13	193.0	76.0
5.6908916E13	193.0	74.0
5.6908925E13	209.0	73.0
5.6908937E13	209.0	71.0
5.6908946E13	209.0	71.0
5.690896E13	209.0	69.0
5.6908967E13	218.0	64.0
5.6908975E13	218.0	62.0
5.6908988E13	218.0	61.0
5.6908996E13	221.0	60.0
5.690901E13	221.0	60.0
5.6909017E13	221.0	60.0
5.6909026E13	221.0	60.0
5.690904E13	221.0	61.0
5.6909046E13	223.0	61.0
5.6909055E13	223.0	59.0
5.6909067E13	223.0	56.0
5.6909076E13	227.0	52.0
5.690909E13	227.0	51.0
5.6909097E13	227.0	51.0
5.6909105E13	227.0	54.0
5.6909118E13	230.0	60.0
5.6909126E13	230.0	65.0
5.690914E13	230.0	66.0
5.6909147E13	230.0	67.0
5.6909156E13	234.0	69.0
5.6909172E13	234.0	72.0
5.6909177E13	234.0	72.0
5.690919E13	236.0	73.0
5.6909197E13	236.0	73.0
5.6909206E13	236.0	72.0
5.690922E13	236.0	71.0
5.6909227E13	230.0	71.0
5.6909235E13	230.0	72.0
5.6909248E13	230.0	73.0
5.6909256E13	230.0	73.0
5.690927E13	221.0	71.0
5.6909277E13	221.0	68.0
5.6909286E13	221.0	65.0
5.69093E13	221.0	64.0
5.6909307E13	211.0	66.0
5.690932E13	211.0	68.0
5.6909327E13	211.0	70.0
5.6909336E13	203.0	72.0
5.690935E13	203.0	73.0
5.6909357E13	203.0	74.0
5.6909365E13	203.0	75.0
5.6909378E13	194.0	76.0
5.6909386E13	194.0	77.0
5.69094E13	194.0	78.0
5.6909407E13	194.0	77.0
5.6909416E13	185.0	76.0
5.690943E13	185.0	74.0
5.6909437E13	185.0	71.0
5.690945E13	185.0	69.0
5.6909458E13	176.0	68.0
5.6909466E13	176.0	67.0
5.690948E13	176.0	67.0
5.6909487E13	171.0	67.0
5.6909495E13	171.0	67.0
5.6909508E13	171.0	69.0
5.6909516E13	171.0	70.0
5.690953E13	168.0	71.0
5.6909537E13	168.0	72.0
5.690956E13	168.0	75.0
5.6909567E13	167.0	77.0
5.690958E13	167.0	79.0
5.6909588E13	167.0	79.0
5.6909617E13	172.0	80.0
5.690963E13	172.0	80.0
5.6909638E13	181.0	78.0
5.6909646E13	181.0	77.0
5.690966E13	181.0	76.0
5.6909667E13	194.0	78.0
5.6909676E13	194.0	79.0
5.690969E13	194.0	80.0
5.6909697E13	194.0	82.0
5.690971E13	202.0	84.0
5.6909718E13	202.0	84.0
5.6909726E13	202.0	84.0
5.690974E13	202.0	84.0
5.6909747E13	202.0	84.0
5.690976E13	207.0	83.0
5.6909768E13	207.0	83.0
5.6909776E13	207.0	82.0
5.690979E13	209.0	80.0
5.6909797E13	209.0	80.0
5.6909806E13	209.0	80.0
5.690982E13	209.0	80.0
5.6909827E13	211.0	79.0
5.690984E13	211.0	78.0
5.6909848E13	211.0	76.0
5.6909856E13	211.0	75.0
5.690987E13	210.0	75.0
5.6909877E13	210.0	75.0
5.690989E13	210.0	77.0
5.69099E13	202.0	80.0
5.6909906E13	202.0	84.0
5.690992E13	202.0	87.0
5.6909927E13	192.0	88.0
5.690994E13	192.0	86.0
5.690995E13	192.0	86.0
5.6909957E13	192.0	82.0
5.690997E13	189.0	81.0
5.6909978E13	189.0	81.0
5.6909986E13	189.0	80.0
5.691E13	189.0	80.0
5.6910007E13	197.0	82.0
5.691002E13	197.0	83.0
5.691003E13	197.0	81.0
5.6910036E13	210.0	79.0
5.691005E13	210.0	78.0
5.6910057E13	210.0	76.0
5.691007E13	210.0	74.0
5.691008E13	210.0	74.0
5.6910087E13	225.0	73.0
5.69101E13	225.0	72.0
5.6910108E13	225.0	71.0
5.6910116E13	225.0	69.0
5.691013E13	240.0	67.0
5.6910137E13	240.0	66.0
5.691015E13	240.0	65.0
5.691016E13	240.0	63.0
5.6910166E13	257.0	61.0
5.691018E13	257.0	60.0
5.6910187E13	257.0	61.0
5.69102E13	278.0	62.0
5.691021E13	278.0	64.0
5.6910217E13	278.0	65.0
5.691023E13	278.0	63.0
5.6910238E13	303.0	59.0
5.6910246E13	303.0	57.0
5.691026E13	303.0	57.0
5.6910267E13	303.0	60.0
5.691028E13	320.0	67.0
5.691029E13	320.0	72.0
5.6910296E13	320.0	73.0
5.691031E13	320.0	72.0
5.6910317E13	330.0	72.0
5.691033E13	330.0	72.0
5.691034E13	330.0	73.0
5.6910347E13	332.0	73.0
5.691036E13	332.0	72.0
5.6910368E13	332.0	71.0
5.691038E13	332.0	70.0
5.691039E13	323.0	69.0
5.6910397E13	323.0	67.0
5.691041E13	323.0	66.0
5.691042E13	323.0	65.0
5.6910426E13	309.0	66.0
5.691044E13	309.0	67.0
5.6910447E13	309.0	67.0
5.691046E13	309.0	68.0
5.691047E13	304.0	69.0
5.6910477E13	304.0	71.0
5.691049E13	304.0	74.0
5.6910498E13	301.0	75.0
5.691051E13	301.0	76.0
5.691052E13	301.0	76.0
5.6910527E13	301.0	76.0
5.691054E13	293.0	76.0
5.691055E13	293.0	75.0
5.6910556E13	293.0	74.0
5.691057E13	293.0	73.0
5.6910577E13	286.0	71.0
5.691059E13	286.0	68.0
5.69106E13	286.0	67.0
5.6910607E13	279.0	66.0
5.691062E13	279.0	66.0
5.6910628E13	279.0	66.0
5.691064E13	279.0	65.0
5.691065E13	271.0	65.0
5.6910657E13	271.0	65.0
5.691067E13	271.0	66.0
5.691068E13	271.0	67.0
5.6910686E13	264.0	69.0
5.69107E13	264.0	70.0
5.6910707E13	264.0	70.0
5.691072E13	264.0	71.0
5.691073E13	259.0	73.0
5.6910737E13	259.0	75.0
5.691075E13	259.0	77.0
5.6910758E13	257.0	77.0
5.691077E13	257.0	78.0
5.691078E13	257.0	78.0
5.6910787E13	257.0	78.0
5.69108E13	259.0	78.0
5.691081E13	259.0	78.0
5.691082E13	259.0	78.0
5.691083E13	259.0	78.0
5.6910837E13	263.0	78.0
5.691085E13	263.0	79.0
5.691086E13	263.0	79.0
5.6910867E13	263.0	79.0
5.691088E13	265.0	81.0
5.6910888E13	265.0	83.0
5.69109E13	265.0	83.0
5.691091E13	266.0	83.0
5.6910917E13	266.0	83.0
5.691093E13	266.0	84.0
5.691094E13	266.0	84.0
5.691095E13	265.0	84.0
5.6910967E13	265.0	83.0
5.691098E13	265.0	82.0
5.691099E13	267.0	81.0
5.6911E13	267.0	79.0
5.691101E13	267.0	78.0
5.6911018E13	272.0	77.0
5.691103E13	272.0	78.0
5.691104E13	272.0	78.0
5.6911047E13	273.0	80.0
5.691106E13	273.0	81.0
5.691107E13	273.0	80.0
5.691108E13	273.0	80.0
5.691109E13	274.0	81.0
5.6911097E13	274.0	81.0
5.691111E13	274.0	82.0
5.691112E13	274.0	83.0
5.6911127E13	274.0	84.0
5.691114E13	280.0	84.0
5.6911148E13	280.0	83.0
5.691116E13	280.0	83.0
5.691117E13	280.0	82.0
5.6911177E13	290.0	81.0
5.691119E13	290.0	79.0
5.69112E13	290.0	79.0
5.691121E13	301.0	86.0
5.691122E13	301.0	76.0
5.6911228E13	301.0	74.0
5.691124E13	301.0	72.0
5.691125E13	309.0	69.0
5.691127E13	309.0	64.0
5.6911278E13	309.0	65.0
5.691129E13	318.0	66.0
5.69113E13	318.0	67.0
5.6911307E13	318.0	66.0
5.691132E13	325.0	66.0
5.691133E13	325.0	67.0
5.691134E13	325.0	67.0
5.691135E13	332.0	69.0
5.6911358E13	332.0	69.0
5.691137E13	332.0	67.0
5.691138E13	332.0	65.0
5.691139E13	336.0	61.0
5.69114E13	336.0	59.0
5.6911408E13	336.0	58.0
5.691142E13	336.0	59.0
5.691143E13	335.0	62.0
5.6911437E13	335.0	64.0
5.691145E13	335.0	64.0
5.691146E13	328.0	65.0
5.691147E13	328.0	67.0
5.691148E13	328.0	68.0
5.6911488E13	328.0	69.0
5.69115E13	328.0	69.0
5.691151E13	318.0	67.0
5.691152E13	318.0	65.0
5.691153E13	318.0	63.0
5.6911538E13	305.0	62.0
5.691155E13	305.0	61.0
5.691156E13	305.0	63.0
5.691157E13	305.0	66.0
5.691158E13	289.0	69.0
5.691159E13	289.0	70.0
5.69116E13	289.0	68.0
5.691161E13	278.0	67.0
5.6911618E13	278.0	67.0
5.691163E13	278.0	69.0
5.691164E13	278.0	71.0
5.691165E13	270.0	73.0
5.691166E13	270.0	75.0
5.691167E13	270.0	77.0
5.691168E13	270.0	78.0
5.691169E13	270.0	78.0
5.6911697E13	257.0	86.0
5.691171E13	257.0	86.0
5.691172E13	257.0	80.0
5.691173E13	257.0	86.0
5.691174E13	243.0	75.0
5.6911748E13	243.0	72.0
5.691176E13	243.0	69.0
5.6911777E13	231.0	67.0
5.691178E13	231.0	67.0
5.691179E13	231.0	67.0
5.6911802E13	231.0	67.0
5.691181E13	223.0	68.0
5.6911823E13	223.0	69.0
5.691183E13	223.0	71.0
5.691184E13	223.0	87.0
5.691185E13	215.0	87.0
5.691187E13	215.0	87.0
5.691188E13	215.0	87.0
5.691189E13	207.0	87.0
5.6911903E13	207.0	87.0
5.691191E13	207.0	75.0
5.6911924E13	202.0	77.0
5.691193E13	202.0	79.0
5.691194E13	202.0	78.0
5.691195E13	202.0	76.0
5.691196E13	199.0	75.0
5.691197E13	199.0	75.0
5.6911982E13	199.0	77.0
5.691199E13	199.0	78.0
5.6912003E13	197.0	80.0
5.6912008E13	197.0	81.0
5.691202E13	195.0	82.0
5.691203E13	195.0	82.0
5.691204E13	195.0	84.0
5.691205E13	195.0	85.0
5.6912062E13	195.0	87.0
5.6912083E13	192.0	82.0
5.691209E13	192.0	83.0
5.69121E13	192.0	83.0
5.691211E13	187.0	82.0
5.691212E13	187.0	81.0
5.691213E13	187.0	81.0
5.691214E13	187.0	87.0
5.691215E13	182.0	87.0
5.6912163E13	182.0	87.0
5.691217E13	182.0	87.0
5.691218E13	177.0	87.0
5.691219E13	177.0	87.0
5.69122E13	177.0	87.0
5.691221E13	177.0	87.0
5.691222E13	169.0	87.0
5.691223E13	169.0	81.0
5.6912243E13	169.0	82.0
5.691225E13	169.0	81.0
5.6912264E13	162.0	81.0
5.691227E13	162.0	80.0
5.691228E13	162.0	80.0
5.691229E13	162.0	80.0
5.69123E13	162.0	80.0
5.691231E13	162.0	82.0
5.6912322E13	162.0	87.0
5.691233E13	171.0	85.0
5.6912343E13	171.0	88.0
5.691235E13	171.0	83.0
5.691236E13	171.0	88.0
5.691237E13	183.0	87.0
5.691238E13	183.0	87.0
5.691239E13	183.0	87.0
5.69124E13	183.0	87.0
5.691241E13	193.0	87.0
5.6912423E13	193.0	87.0
5.691243E13	193.0	87.0
5.6912444E13	193.0	87.0
5.691245E13	202.0	87.0
5.691246E13	202.0	87.0
5.691247E13	202.0	87.0
5.691248E13	210.0	87.0
5.691249E13	210.0	87.0
5.6912503E13	210.0	87.0
5.691251E13	210.0	87.0
5.6912524E13	217.0	87.0
5.691253E13	217.0	87.0
5.691254E13	217.0	87.0
5.691255E13	217.0	87.0
5.691256E13	227.0	67.0
5.691257E13	227.0	64.0
5.6912582E13	227.0	61.0
5.691259E13	227.0	59.0
5.6912603E13	235.0	59.0
5.691261E13	235.0	61.0
5.6912624E13	235.0	64.0
5.691263E13	238.0	66.0
5.691264E13	238.0	67.0
5.691265E13	238.0	68.0
5.691266E13	238.0	67.0
5.691267E13	235.0	67.0
5.6912683E13	235.0	67.0
5.691269E13	235.0	68.0
5.6912704E13	235.0	68.0
5.6912712E13	225.0	66.0
5.691272E13	225.0	64.0
5.691273E13	225.0	63.0
5.691274E13	214.0	66.0
5.691275E13	214.0	68.0
5.6912763E13	214.0	70.0
5.691277E13	214.0	70.0
5.6912784E13	207.0	68.0
5.691279E13	207.0	68.0
5.69128E13	207.0	68.0
5.691281E13	207.0	70.0
5.691282E13	201.0	73.0
5.691283E13	201.0	75.0
5.6912842E13	201.0	77.0
5.691285E13	201.0	79.0
5.6912863E13	193.0	79.0
5.691287E13	193.0	78.0
5.6912884E13	193.0	78.0
5.691289E13	184.0	76.0
5.69129E13	184.0	73.0
5.691291E13	184.0	71.0
5.691292E13	184.0	70.0
5.691293E13	177.0	68.0
5.6912943E13	177.0	67.0
5.691295E13	177.0	67.0
5.6912964E13	177.0	68.0
5.6912972E13	172.0	69.0
5.691298E13	172.0	70.0
5.691299E13	172.0	71.0
5.6913E13	169.0	72.0
5.691301E13	169.0	73.0
5.6913023E13	169.0	73.0
5.691303E13	169.0	74.0
5.6913044E13	166.0	75.0
5.691305E13	166.0	76.0
5.6913065E13	166.0	77.0
5.691307E13	166.0	77.0
5.691308E13	165.0	77.0
5.691309E13	165.0	77.0
5.6913102E13	165.0	76.0
5.691311E13	165.0	76.0
5.6913123E13	169.0	75.0
5.691313E13	169.0	74.0
5.6913144E13	169.0	74.0
5.6913153E13	169.0	76.0
5.691316E13	175.0	77.0
5.691317E13	175.0	79.0
5.691318E13	175.0	80.0
5.691319E13	180.0	81.0
5.6913203E13	180.0	83.0
5.691321E13	180.0	84.0
5.6913224E13	180.0	84.0
5.6913232E13	184.0	83.0
5.691324E13	184.0	82.0
5.691325E13	184.0	83.0
5.691326E13	184.0	83.0
5.691327E13	183.0	82.0
5.6913283E13	183.0	82.0
5.691329E13	183.0	83.0
5.6913304E13	183.0	83.0
5.691331E13	180.0	82.0
5.6913325E13	180.0	81.0
5.6913333E13	180.0	79.0
5.691334E13	178.0	78.0
5.691335E13	178.0	76.0
5.6913362E13	178.0	76.0
5.691337E13	178.0	77.0
5.6913383E13	176.0	77.0
5.691339E13	176.0	79.0
5.6913404E13	176.0	81.0
5.6913413E13	176.0	84.0
5.6913425E13	174.0	87.0
5.691343E13	174.0	88.0
5.6913442E13	174.0	87.0
5.691345E13	178.0	86.0
5.6913463E13	178.0	87.0
5.691347E13	178.0	86.0
5.6913484E13	178.0	84.0
5.6913492E13	187.0	84.0
5.6913505E13	187.0	84.0
5.691351E13	187.0	85.0
5.691352E13	187.0	84.0
5.691353E13	201.0	84.0
5.6913543E13	201.0	83.0
5.691355E13	201.0	81.0
5.6913564E13	201.0	81.0
5.6913572E13	214.0	80.0
5.6913585E13	214.0	79.0
5.6913593E13	214.0	77.0
5.69136E13	226.0	76.0
5.691361E13	226.0	73.0
5.6913622E13	226.0	71.0
5.691363E13	226.0	70.0
5.6913643E13	237.0	70.0
