5.7623437E13	0.0	74.0
5.7623446E13	0.0	74.0
5.762346E13	0.0	75.0
5.7623466E13	28687.0	76.0
5.762348E13	28687.0	77.0
5.7623487E13	28687.0	78.0
5.7623496E13	28687.0	77.0
5.762351E13	27013.0	77.0
5.7623517E13	27013.0	77.0
5.762353E13	27013.0	78.0
5.7623538E13	0.0	77.0
5.7623546E13	0.0	75.0
5.762356E13	0.0	73.0
5.7623567E13	21282.0	72.0
5.7623576E13	21282.0	71.0
5.762359E13	21282.0	71.0
5.7623596E13	21282.0	71.0
5.762361E13	19449.0	72.0
5.7623617E13	19449.0	72.0
5.7623626E13	19449.0	72.0
5.762364E13	19449.0	73.0
5.7623647E13	16096.0	73.0
5.7623655E13	16096.0	73.0
5.7623668E13	16096.0	74.0
5.7623676E13	16096.0	74.0
5.762369E13	12378.0	77.0
5.7623697E13	12378.0	77.0
5.7623706E13	12378.0	76.0
5.762372E13	12061.0	74.0
5.7623727E13	12061.0	73.0
5.762374E13	12061.0	73.0
5.7623747E13	12061.0	73.0
5.7623756E13	9037.0	73.0
5.762377E13	9037.0	71.0
5.7623777E13	9037.0	69.0
5.7623785E13	9037.0	66.0
5.7623798E13	10675.0	66.0
5.7623806E13	10675.0	67.0
5.762382E13	10675.0	67.0
5.7623827E13	10675.0	68.0
5.7623836E13	11096.0	70.0
5.762385E13	11096.0	72.0
5.7623857E13	11096.0	74.0
5.762387E13	10362.0	76.0
5.7623878E13	10362.0	78.0
5.7623886E13	10362.0	78.0
5.76239E13	10362.0	79.0
5.7623907E13	8763.0	81.0
5.762392E13	8763.0	83.0
5.7623928E13	8763.0	84.0
5.7623936E13	8763.0	85.0
5.762395E13	9777.0	85.0
5.7623957E13	9777.0	84.0
5.7623966E13	9777.0	83.0
5.762398E13	9777.0	82.0
5.7623987E13	9066.0	82.0
5.7624E13	9066.0	81.0
5.7624008E13	9066.0	81.0
5.7624016E13	8592.0	81.0
5.762403E13	8592.0	82.0
5.7624037E13	8592.0	83.0
5.762405E13	8592.0	84.0
5.7624058E13	8102.0	85.0
5.7624066E13	8102.0	86.0
5.762408E13	8102.0	86.0
5.7624087E13	8102.0	86.0
5.7624096E13	8292.0	85.0
5.762411E13	8292.0	83.0
5.7624117E13	8292.0	82.0
5.762413E13	5468.0	81.0
5.7624138E13	10362.0	80.0
5.7624146E13	10362.0	80.0
5.762416E13	10362.0	82.0
5.7624167E13	14148.0	85.0
5.762418E13	14148.0	88.0
5.7624188E13	14148.0	86.0
5.7624196E13	14148.0	84.0
5.762421E13	18996.0	82.0
5.7624217E13	18996.0	81.0
5.762423E13	18996.0	81.0
5.762424E13	18996.0	79.0
5.7624247E13	22654.0	77.0
5.762426E13	22654.0	76.0
5.7624268E13	22654.0	73.0
5.7624276E13	19097.0	71.0
5.762429E13	24029.0	70.0
5.7624297E13	24029.0	70.0
5.762431E13	24029.0	70.0
5.762432E13	29103.0	74.0
5.7624326E13	29103.0	75.0
5.762434E13	29103.0	74.0
5.7624347E13	29103.0	73.0
5.762436E13	31743.0	70.0
5.762437E13	31743.0	67.0
5.7624377E13	31743.0	68.0
5.762439E13	31743.0	70.0
5.7624398E13	30090.0	73.0
5.7624406E13	30090.0	76.0
5.762442E13	30090.0	77.0
5.7624427E13	30514.0	77.0
5.762444E13	32645.0	76.0
5.762445E13	32645.0	76.0
5.7624456E13	32645.0	75.0
5.762447E13	33902.0	74.0
5.7624477E13	33902.0	73.0
5.762449E13	33902.0	70.0
5.76245E13	33902.0	67.0
5.7624507E13	32943.0	64.0
5.762452E13	32943.0	62.0
5.7624528E13	32943.0	59.0
5.7624536E13	32943.0	57.0
5.762455E13	32683.0	57.0
5.7624557E13	32683.0	61.0
5.762457E13	32683.0	66.0
5.762458E13	32549.0	70.0
5.7624586E13	30317.0	72.0
5.76246E13	30317.0	73.0
5.7624607E13	30317.0	75.0
5.762462E13	27382.0	76.0
5.762463E13	27382.0	77.0
5.7624637E13	27382.0	78.0
5.762465E13	23059.0	78.0
5.7624658E13	23059.0	77.0
5.762467E13	23059.0	77.0
5.762468E13	23059.0	77.0
5.7624687E13	22028.0	76.0
5.76247E13	22028.0	75.0
5.762471E13	22028.0	74.0
5.7624716E13	20224.0	73.0
5.762473E13	20224.0	71.0
5.7624737E13	20224.0	70.0
5.762475E13	20224.0	70.0
5.762476E13	19131.0	70.0
5.7624767E13	19131.0	70.0
5.762478E13	19131.0	70.0
5.7624788E13	19131.0	71.0
5.76248E13	15439.0	72.0
5.762481E13	15439.0	74.0
5.7624817E13	15439.0	74.0
5.762483E13	15439.0	73.0
5.762484E13	14853.0	34.0
5.7624846E13	14853.0	74.0
5.762486E13	14853.0	74.0
5.7624867E13	11956.0	74.0
5.762488E13	11956.0	73.0
5.762489E13	11956.0	72.0
5.7624897E13	11956.0	70.0
5.762491E13	13577.0	69.0
5.7624918E13	13577.0	68.0
5.762493E13	13577.0	68.0
5.762494E13	13577.0	67.0
5.762495E13	11590.0	67.0
5.762496E13	11590.0	67.0
5.762497E13	11590.0	72.0
5.7624976E13	11590.0	72.0
5.762499E13	11290.0	73.0
5.7624997E13	11290.0	74.0
5.762501E13	11290.0	75.0
5.762502E13	11290.0	75.0
5.7625027E13	13330.0	76.0
5.762504E13	13330.0	77.0
5.7625048E13	13330.0	79.0
5.762506E13	13330.0	79.0
5.762507E13	12164.0	81.0
5.7625077E13	12164.0	83.0
5.762509E13	12164.0	83.0
5.76251E13	12164.0	82.0
5.7625106E13	10803.0	79.0
5.762512E13	10803.0	77.0
5.7625127E13	10803.0	77.0
5.762514E13	10803.0	77.0
5.762515E13	9790.0	76.0
5.7625157E13	9790.0	76.0
5.762517E13	9790.0	75.0
5.7625178E13	8712.0	76.0
5.762519E13	8712.0	77.0
5.76252E13	8712.0	80.0
5.7625207E13	8712.0	83.0
5.762522E13	8377.0	86.0
5.762523E13	8377.0	87.0
5.7625236E13	8377.0	87.0
5.762525E13	8377.0	87.0
5.7625257E13	10293.0	85.0
5.762527E13	10293.0	83.0
5.762528E13	10293.0	80.0
5.7625287E13	10293.0	79.0
5.76253E13	13088.0	79.0
5.7625308E13	13088.0	18.0
5.762532E13	13088.0	18.0
5.762533E13	15341.0	16.0
5.7625337E13	15341.0	16.0
5.762535E13	15341.0	16.0
5.762536E13	15341.0	16.0
5.762537E13	19229.0	13.0
5.762538E13	19229.0	13.0
5.7625387E13	19229.0	13.0
5.76254E13	19229.0	13.0
5.762541E13	20024.0	12.0
5.7625417E13	20024.0	12.0
5.762543E13	20024.0	12.0
5.7625438E13	20024.0	12.0
5.762545E13	26557.0	8.0
5.762546E13	26557.0	8.0
5.7625467E13	26557.0	8.0
5.762548E13	26947.0	8.0
5.762549E13	26947.0	8.0
5.76255E13	26947.0	72.0
5.762551E13	26947.0	71.0
5.7625517E13	29242.0	67.0
5.762553E13	29242.0	67.0
5.762554E13	29242.0	70.0
5.7625547E13	29242.0	73.0
5.762556E13	32008.0	77.0
5.7625568E13	32008.0	78.0
5.762558E13	32008.0	77.0
5.762559E13	32008.0	77.0
5.7625597E13	32149.0	76.0
5.762561E13	32149.0	76.0
5.762562E13	32149.0	75.0
5.762563E13	32506.0	72.0
5.762564E13	32506.0	70.0
5.7625648E13	32506.0	66.0
5.762566E13	32506.0	62.0
5.762567E13	30174.0	59.0
5.762568E13	30174.0	57.0
5.762569E13	30174.0	56.0
5.7625698E13	30174.0	57.0
5.762571E13	27736.0	61.0
5.762572E13	27736.0	65.0
5.7625727E13	27736.0	69.0
5.762574E13	27736.0	71.0
5.762575E13	26516.0	74.0
5.762576E13	26516.0	76.0
5.762577E13	26516.0	77.0
5.7625778E13	24774.0	77.0
5.76258E13	24774.0	76.0
5.762581E13	24774.0	75.0
5.762582E13	22662.0	76.0
5.7625828E13	22662.0	77.0
5.762584E13	22662.0	79.0
5.762585E13	20570.0	78.0
5.7625857E13	20570.0	78.0
5.762587E13	20570.0	77.0
5.762588E13	20570.0	76.0
5.762589E13	20570.0	75.0
5.76259E13	19698.0	74.0
5.7625908E13	19698.0	73.0
5.762592E13	19698.0	71.0
5.762593E13	16628.0	70.0
5.762595E13	16628.0	70.0
5.7625958E13	16628.0	71.0
5.762597E13	15510.0	71.0
5.762598E13	15510.0	71.0
5.7625987E13	15510.0	73.0
5.7626E13	15510.0	74.0
5.762601E13	13455.0	74.0
5.762602E13	13455.0	74.0
5.762603E13	13455.0	74.0
5.7626038E13	13455.0	74.0
5.762605E13	12027.0	73.0
5.762606E13	12027.0	71.0
5.762607E13	12027.0	70.0
5.762608E13	13020.0	69.0
5.762609E13	13020.0	69.0
5.76261E13	13020.0	68.0
5.762611E13	12633.0	67.0
5.762612E13	12633.0	67.0
5.762613E13	12633.0	68.0
5.762615E13	12633.0	71.0
5.762616E13	10529.0	73.0
5.7626168E13	10529.0	75.0
5.762618E13	10529.0	76.0
5.762619E13	10529.0	77.0
5.76262E13	9957.0	78.0
5.762621E13	9957.0	81.0
5.762622E13	9957.0	85.0
5.762623E13	10676.0	86.0
5.762624E13	10676.0	87.0
5.762625E13	10676.0	86.0
5.762626E13	10676.0	84.0
5.762627E13	10198.0	83.0
5.762628E13	10198.0	81.0
5.76263E13	10198.0	78.0
5.762631E13	9299.0	78.0
5.762632E13	9299.0	79.0
5.762633E13	9299.0	81.0
5.762634E13	9299.0	82.0
5.7626352E13	9429.0	81.0
5.762636E13	9429.0	80.0
5.762637E13	9429.0	80.0
5.762638E13	10085.0	80.0
5.762639E13	10085.0	80.0
5.762641E13	10085.0	80.0
5.76264E13	12626.0	81.0
5.762642E13	12626.0	81.0
5.762643E13	12626.0	82.0
5.762644E13	12626.0	83.0
5.762645E13	12626.0	82.0
5.762646E13	16598.0	82.0
5.762647E13	16598.0	83.0
5.7626482E13	16598.0	83.0
5.762649E13	16598.0	82.0
5.76265E13	21852.0	83.0
5.762651E13	21852.0	83.0
5.762652E13	21852.0	82.0
5.762653E13	25163.0	79.0
5.762654E13	25163.0	77.0
5.762655E13	25163.0	75.0
5.762656E13	25163.0	74.0
5.762657E13	26095.0	73.0
5.762658E13	26095.0	71.0
5.762659E13	26095.0	70.0
5.76266E13	26095.0	70.0
5.7626612E13	30404.0	71.0
5.762662E13	30404.0	72.0
5.762663E13	30404.0	73.0
5.762664E13	28310.0	73.0
5.762665E13	31334.0	72.0
5.762666E13	31334.0	71.0
5.762667E13	31334.0	70.0
5.762668E13	30753.0	69.0
5.762669E13	30753.0	69.0
5.76267E13	30753.0	72.0
5.762671E13	30753.0	75.0
5.762672E13	32895.0	76.0
5.762673E13	32895.0	76.0
5.7626742E13	32895.0	76.0
5.762675E13	32895.0	76.0
5.762676E13	33639.0	75.0
5.762677E13	33639.0	73.0
5.762678E13	33639.0	72.0
5.762679E13	35174.0	70.0
5.76268E13	34420.0	69.0
5.762681E13	34420.0	67.0
5.762682E13	34420.0	64.0
5.762683E13	34614.0	62.0
5.762684E13	34614.0	59.0
5.762685E13	34614.0	58.0
5.762686E13	34614.0	59.0
5.7626872E13	33237.0	61.0
5.762688E13	33237.0	64.0
5.762689E13	33237.0	67.0
5.76269E13	33237.0	70.0
5.762691E13	29442.0	73.0
5.762692E13	29442.0	76.0
5.762693E13	29442.0	78.0
5.762694E13	30784.0	79.0
5.762695E13	25962.0	80.0
5.762696E13	25962.0	79.0
5.762697E13	25962.0	78.0
5.762698E13	24221.0	77.0
5.762699E13	24221.0	77.0
5.7627002E13	24221.0	77.0
5.762701E13	24221.0	77.0
5.762702E13	21448.0	77.0
5.762703E13	21448.0	77.0
5.762704E13	21448.0	76.0
5.7627053E13	21448.0	75.0
5.762706E13	20319.0	74.0
5.762707E13	20319.0	73.0
5.762708E13	20319.0	74.0
5.762709E13	19414.0	74.0
5.76271E13	17786.0	73.0
5.762711E13	17786.0	73.0
5.762712E13	17786.0	74.0
5.7627132E13	15856.0	74.0
5.762714E13	15856.0	75.0
5.762715E13	15856.0	76.0
5.762716E13	15856.0	75.0
5.762717E13	13898.0	72.0
5.7627183E13	13898.0	71.0
5.762719E13	13898.0	72.0
5.76272E13	13898.0	72.0
5.762721E13	12579.0	72.0
5.762722E13	12579.0	72.0
5.762723E13	12579.0	71.0
5.762724E13	13376.0	70.0
5.762725E13	13932.0	69.0
5.7627262E13	13932.0	67.0
5.762727E13	13932.0	66.0
5.762728E13	11816.0	66.0
5.762729E13	11816.0	67.0
5.76273E13	11816.0	68.0
5.7627313E13	11816.0	70.0
5.762732E13	10139.0	73.0
5.762733E13	10139.0	75.0
5.762734E13	10139.0	77.0
5.762735E13	10139.0	77.0
5.7627363E13	9467.0	79.0
5.762737E13	9467.0	82.0
5.762738E13	9467.0	85.0
5.7627392E13	11012.0	84.0
5.76274E13	11012.0	81.0
5.762741E13	11012.0	79.0
5.762742E13	11012.0	79.0
5.762743E13	12350.0	78.0
5.7627443E13	12350.0	79.0
5.762745E13	12350.0	78.0
5.762746E13	13997.0	77.0
5.762747E13	13997.0	78.0
5.762748E13	13997.0	79.0
5.7627493E13	13997.0	80.0
5.76275E13	11794.0	82.0
5.762751E13	11794.0	84.0
5.7627522E13	11794.0	85.0
5.762753E13	10131.0	86.0
5.762754E13	10131.0	86.0
5.762755E13	10131.0	85.0
5.762758E13	12774.0	80.0
5.762756E13	12774.0	80.0
5.7627573E13	12774.0	37.0
5.762759E13	12774.0	37.0
5.76276E13	12774.0	83.0
5.762761E13	15537.0	83.0
5.7627623E13	15537.0	82.0
5.762763E13	15537.0	82.0
5.762764E13	15537.0	82.0
5.7627652E13	20803.0	83.0
5.762766E13	20803.0	83.0
5.762767E13	20803.0	82.0
5.762768E13	25638.0	80.0
5.762769E13	25638.0	77.0
5.7627703E13	25638.0	76.0
5.762771E13	25638.0	75.0
5.762772E13	26988.0	73.0
5.762773E13	26988.0	72.0
5.762774E13	26988.0	72.0
5.7627753E13	26988.0	74.0
5.762776E13	31650.0	76.0
5.762777E13	31650.0	77.0
5.7627782E13	31650.0	77.0
5.762779E13	31650.0	77.0
5.7627803E13	31650.0	77.0
5.762781E13	31256.0	76.0
5.762782E13	31256.0	73.0
5.7627833E13	31256.0	70.0
5.762784E13	30518.0	69.0
5.762785E13	30518.0	72.0
5.7627862E13	30518.0	75.0
5.762787E13	30518.0	76.0
5.7627883E13	31916.0	76.0
5.762789E13	31916.0	75.0
5.76279E13	31916.0	75.0
5.7627912E13	31916.0	74.0
5.762792E13	34432.0	73.0
5.7627933E13	34432.0	71.0
5.762794E13	34432.0	70.0
5.762795E13	34432.0	69.0
5.7627963E13	33001.0	67.0
5.762797E13	33001.0	65.0
5.762798E13	33001.0	62.0
5.7627996E13	33783.0	57.0
5.7628E13	33783.0	58.0
5.762802E13	33783.0	67.0
5.762803E13	32054.0	70.0
5.7628042E13	32054.0	72.0
5.762805E13	32054.0	73.0
5.762806E13	32054.0	75.0
5.762807E13	31085.0	76.0
5.762808E13	31085.0	77.0
5.7628093E13	31085.0	77.0
5.76281E13	31085.0	77.0
5.762811E13	27514.0	77.0
5.7628122E13	27514.0	78.0
5.762813E13	27514.0	78.0
5.7628143E13	23586.0	78.0
5.762815E13	23586.0	78.0
5.762816E13	23586.0	78.0
5.7628172E13	23586.0	76.0
5.762818E13	23456.0	74.0
5.762819E13	23456.0	73.0
5.76282E13	23456.0	73.0
5.762821E13	23456.0	72.0
5.7628223E13	20768.0	71.0
5.762823E13	20768.0	70.0
5.762824E13	20768.0	70.0
5.7628252E13	20768.0	71.0
5.762826E13	20192.0	71.0
5.7628273E13	20192.0	72.0
5.762828E13	20192.0	72.0
5.762829E13	16522.0	73.0
5.7628303E13	16522.0	74.0
5.762831E13	16522.0	74.0
5.7628323E13	16522.0	74.0
5.762833E13	14325.0	75.0
5.762834E13	14325.0	74.0
5.7628353E13	14325.0	71.0
5.762836E13	14325.0	68.0
5.762837E13	11511.0	68.0
5.7628382E13	11511.0	69.0
5.762839E13	11511.0	69.0
5.7628403E13	11511.0	68.0
5.762841E13	10076.0	67.0
5.762842E13	10076.0	66.0
5.7628433E13	10076.0	67.0
5.762844E13	11559.0	70.0
5.7628454E13	11559.0	72.0
5.762846E13	11559.0	72.0
5.762847E13	11559.0	73.0
5.7628483E13	11335.0	74.0
5.762849E13	11335.0	77.0
5.76285E13	11335.0	78.0
5.7628512E13	11335.0	79.0
5.762852E13	9988.0	82.0
5.7628533E13	9988.0	87.0
5.762854E13	9988.0	87.0
5.762855E13	9988.0	87.0
5.7628563E13	9383.0	86.0
5.762857E13	9383.0	84.0
5.7628584E13	9311.0	80.0
5.762859E13	9311.0	78.0
5.76286E13	9311.0	76.0
5.7628613E13	9311.0	76.0
5.762862E13	9311.0	76.0
5.7628634E13	9412.0	76.0
5.7628642E13	9412.0	77.0
5.762865E13	9412.0	79.0
5.7628663E13	9412.0	81.0
5.762867E13	8952.0	83.0
5.762868E13	8952.0	84.0
5.7628693E13	8952.0	86.0
5.76287E13	8952.0	87.0
5.7628714E13	8812.0	87.0
5.762872E13	8812.0	86.0
5.762873E13	8812.0	84.0
5.7628743E13	9567.0	82.0
5.762875E13	9567.0	80.0
5.7628764E13	9567.0	78.0
5.7628772E13	9567.0	78.0
5.762878E13	13163.0	79.0
5.7628793E13	13163.0	83.0
5.76288E13	13163.0	86.0
5.7628814E13	13163.0	86.0
5.7628823E13	17656.0	85.0
5.762883E13	17656.0	83.0
5.7628844E13	17656.0	80.0
5.762885E13	17656.0	77.0
5.762886E13	22112.0	76.0
5.7628873E13	22112.0	73.0
5.762888E13	22112.0	70.0
5.7628894E13	27873.0	68.0
5.7628902E13	27873.0	66.0
5.762891E13	27873.0	65.0
5.7628923E13	27873.0	67.0
5.762893E13	29961.0	68.0
5.7628944E13	29961.0	69.0
5.7628953E13	29961.0	71.0
5.762896E13	29961.0	71.0
5.7628974E13	31466.0	69.0
5.762898E13	31466.0	67.0
5.762899E13	31466.0	66.0
5.7629003E13	31466.0	69.0
5.762901E13	33781.0	73.0
5.7629024E13	33781.0	76.0
5.7629032E13	33781.0	76.0
5.762904E13	34285.0	76.0
5.7629053E13	34285.0	74.0
5.762906E13	34285.0	75.0
5.7629074E13	34285.0	76.0
5.7629083E13	32470.0	75.0
5.762909E13	32470.0	74.0
5.7629104E13	32470.0	73.0
5.762911E13	32470.0	70.0
5.7629125E13	30259.0	68.0
5.7629133E13	30259.0	66.0
5.762914E13	30259.0	62.0
5.7629154E13	30259.0	58.0
5.7629162E13	32543.0	57.0
5.762917E13	32543.0	61.0
5.7629183E13	32543.0	66.0
5.762919E13	32136.0	70.0
5.7629204E13	32136.0	72.0
5.7629213E13	32136.0	73.0
5.762922E13	32136.0	74.0
5.7629234E13	28458.0	75.0
5.762924E13	28458.0	76.0
5.7629255E13	28458.0	77.0
5.7629263E13	28458.0	78.0
5.762927E13	27366.0	79.0
5.7629284E13	27366.0	78.0
5.7629292E13	27366.0	78.0
5.76293E13	30543.0	78.0
5.7629313E13	24931.0	78.0
5.762932E13	24931.0	78.0
5.7629334E13	24931.0	77.0
5.7629343E13	21452.0	76.0
5.762935E13	21452.0	75.0
5.7629364E13	21452.0	75.0
5.762937E13	21452.0	74.0
5.7629385E13	19879.0	73.0
5.7629393E13	19879.0	73.0
5.76294E13	19879.0	72.0
5.7629414E13	19879.0	73.0
5.7629422E13	16122.0	74.0
5.762943E13	16122.0	74.0
5.7629443E13	16122.0	74.0
5.762945E13	19516.0	75.0
5.7629464E13	13281.0	76.0
5.7629473E13	13281.0	77.0
5.762948E13	13281.0	76.0
5.7629494E13	13119.0	74.0
5.76295E13	13119.0	73.0
5.7629515E13	13119.0	73.0
5.7629523E13	9803.0	72.0
5.762953E13	9803.0	72.0
5.7629544E13	9803.0	71.0
5.7629552E13	9803.0	71.0
5.7629565E13	9803.0	71.0
5.7629573E13	10686.0	69.0
5.762958E13	10686.0	67.0
5.7629594E13	10686.0	67.0
5.7629603E13	12838.0	67.0
5.7629615E13	11332.0	70.0
5.7629624E13	11332.0	73.0
5.7629632E13	11048.0	75.0
5.7629645E13	11048.0	77.0
5.7629653E13	11048.0	78.0
5.762966E13	11048.0	78.0
5.7629674E13	11048.0	78.0
5.7629682E13	10676.0	82.0
5.7629695E13	10676.0	82.0
5.7629703E13	10676.0	85.0
5.762971E13	10676.0	87.0
5.7629724E13	9642.0	87.0
5.7629733E13	9642.0	85.0
5.762974E13	9642.0	83.0
5.7629754E13	10577.0	80.0
5.7629762E13	8839.0	78.0
5.7629775E13	8839.0	76.0
5.7629783E13	8839.0	76.0
5.762979E13	9115.0	76.0
5.7629804E13	9115.0	77.0
5.7629812E13	9115.0	79.0
5.7629825E13	9115.0	82.0
5.7629833E13	8632.0	84.0
5.762984E13	8632.0	85.0
5.7629854E13	8632.0	84.0
5.7629863E13	8632.0	83.0
5.762987E13	8537.0	82.0
5.7629884E13	8537.0	80.0
5.7629892E13	6933.0	79.0
5.7629905E13	8968.0	79.0
5.7629913E13	8968.0	79.0
5.762992E13	8968.0	80.0
5.7629934E13	0.0	84.0
5.7629942E13	0.0	87.0
5.7629955E13	0.0	88.0
5.7629963E13	16316.0	87.0
5.762997E13	16316.0	85.0
5.7629984E13	16316.0	84.0
5.7629993E13	16316.0	82.0
5.7630005E13	21033.0	80.0
5.7630014E13	21033.0	78.0
5.7630022E13	21033.0	77.0
5.7630035E13	21033.0	77.0
5.7630043E13	0.0	75.0
5.763005E13	0.0	73.0
5.7630064E13	0.0	71.0
5.7630073E13	27374.0	70.0
5.7630123E13	30383.0	70.0
5.7630135E13	30383.0	70.0
5.7630144E13	0.0	69.0
5.7630152E13	0.0	66.0
5.7630165E13	0.0	66.0
5.7630173E13	29786.0	67.0
5.763018E13	29786.0	70.0
5.7630194E13	29786.0	73.0
5.7630203E13	29786.0	74.0
5.7630215E13	31391.0	74.0
5.7630223E13	31391.0	74.0
5.7630236E13	31391.0	75.0
5.7630244E13	0.0	75.0
5.7630253E13	0.0	74.0
5.7630265E13	0.0	73.0
5.7630274E13	31475.0	72.0
5.7630282E13	31475.0	69.0
5.7630295E13	31475.0	66.0
5.7630303E13	31475.0	62.0
5.763031E13	31502.0	58.0
5.7630324E13	31502.0	57.0
5.7630333E13	31502.0	58.0
5.7630345E13	0.0	62.0
5.7630354E13	0.0	66.0
5.763036E13	0.0	70.0
5.7630374E13	27489.0	74.0
5.7630383E13	27489.0	75.0
5.7630395E13	27489.0	76.0
5.7630404E13	27489.0	77.0
5.7630412E13	27137.0	78.0
5.7630425E13	27137.0	78.0
5.7630433E13	27137.0	78.0
5.7630446E13	0.0	78.0
5.7630454E13	0.0	78.0
5.7630463E13	0.0	79.0
5.7630475E13	21276.0	78.0
5.7630484E13	21276.0	77.0
5.763049E13	21276.0	76.0
5.7630505E13	21276.0	75.0
5.7630513E13	20281.0	74.0
5.7630525E13	20281.0	73.0
5.7630534E13	20281.0	72.0
5.7630542E13	20281.0	73.0
5.7630555E13	17607.0	72.0
5.7630563E13	17607.0	73.0
5.7630576E13	17607.0	74.0
5.7630584E13	17607.0	74.0
5.7630593E13	14383.0	75.0
5.7630605E13	14383.0	75.0
5.7630614E13	14383.0	75.0
5.7630626E13	12107.0	74.0
5.7630635E13	12107.0	75.0
5.7630643E13	12107.0	75.0
5.7630656E13	13010.0	74.0
5.7630664E13	13010.0	76.0
5.7630672E13	13010.0	75.0
5.7630685E13	13010.0	74.0
5.7630693E13	11211.0	73.0
5.7630706E13	11211.0	72.0
5.7630714E13	11211.0	72.0
5.7630723E13	11211.0	71.0
5.7630735E13	11211.0	70.0
5.7630744E13	11786.0	69.0
5.7630756E13	11786.0	69.0
5.7630765E13	11786.0	70.0
5.7630773E13	10935.0	72.0
5.7630786E13	10935.0	72.0
5.7630794E13	10935.0	72.0
5.7630802E13	10935.0	73.0
5.7630815E13	10241.0	75.0
5.7630823E13	10241.0	77.0
5.7630836E13	10241.0	77.0
5.7630844E13	10241.0	78.0
5.7630853E13	8822.0	80.0
5.7630865E13	8822.0	82.0
5.7630874E13	8822.0	84.0
5.7630886E13	8822.0	83.0
5.7630895E13	10007.0	82.0
5.7630903E13	10007.0	81.0
5.7630916E13	10007.0	79.0
5.7630924E13	9916.0	78.0
5.7630932E13	9916.0	77.0
5.7630945E13	9916.0	76.0
5.7630953E13	9916.0	76.0
5.7630966E13	9118.0	75.0
5.7630974E13	9118.0	76.0
5.7630987E13	9118.0	77.0
5.7630995E13	8675.0	82.0
5.7631004E13	8675.0	83.0
5.7631016E13	8675.0	84.0
5.7631025E13	8675.0	83.0
5.7631037E13	8057.0	81.0
5.7631046E13	8057.0	79.0
5.763106E13	8057.0	79.0
5.7631062E13	10638.0	79.0
5.7631075E13	10638.0	81.0
5.7631083E13	10638.0	84.0
5.7631096E13	10638.0	86.0
5.7631104E13	13439.0	89.0
5.7631113E13	13439.0	87.0
5.7631125E13	13439.0	85.0
5.7631134E13	13439.0	83.0
5.7631146E13	17740.0	82.0
5.7631155E13	17740.0	82.0
5.7631163E13	17740.0	82.0
5.7631176E13	17740.0	82.0
5.7631184E13	17740.0	81.0
5.7631192E13	20827.0	80.0
5.7631205E13	20827.0	79.0
5.7631213E13	20827.0	78.0
5.7631226E13	23895.0	77.0
5.7631234E13	23895.0	73.0
5.7631243E13	23895.0	71.0
5.7631255E13	23895.0	70.0
5.7631264E13	26436.0	71.0
5.7631276E13	26436.0	73.0
5.7631285E13	26436.0	77.0
5.7631293E13	26436.0	77.0
5.7631306E13	29071.0	73.0
5.7631314E13	29071.0	71.0
5.7631327E13	29071.0	70.0
5.7631335E13	26822.0	71.0
5.7631343E13	30714.0	72.0
5.7631356E13	30714.0	74.0
5.7631364E13	30714.0	77.0
5.7631373E13	33384.0	80.0
5.7631385E13	33384.0	78.0
5.7631394E13	33384.0	76.0
5.7631406E13	33384.0	75.0
5.7631415E13	32621.0	75.0
5.7631423E13	32621.0	74.0
5.7631436E13	32621.0	73.0
5.7631444E13	32621.0	72.0
5.7631457E13	31074.0	69.0
5.7631465E13	31074.0	67.0
5.7631473E13	31074.0	64.0
5.7631486E13	32192.0	62.0
5.7631494E13	28968.0	61.0
5.7631503E13	28968.0	62.0
5.7631515E13	28968.0	64.0
5.7631524E13	28100.0	66.0
5.7631536E13	28100.0	69.0
5.7631545E13	28100.0	72.0
5.7631553E13	28100.0	73.0
5.7631566E13	27027.0	74.0
5.7631574E13	27027.0	75.0
5.7631587E13	27027.0	78.0
5.7631595E13	24159.0	78.0
5.7631603E13	24159.0	79.0
5.7631616E13	24159.0	79.0
5.7631624E13	24159.0	79.0
5.7631637E13	26815.0	78.0
5.7631645E13	22281.0	77.0
5.7631654E13	22281.0	76.0
5.7631666E13	22281.0	76.0
5.7631675E13	20259.0	75.0
5.7631683E13	20259.0	75.0
5.7631696E13	20259.0	75.0
5.7631704E13	18716.0	40.0
5.7631717E13	18716.0	73.0
5.7631725E13	18716.0	72.0
5.7631733E13	18716.0	72.0
5.7631746E13	18716.0	72.0
5.7631754E13	15724.0	72.0
5.7631767E13	15724.0	73.0
5.7631775E13	15724.0	74.0
5.7631784E13	15894.0	75.0
5.7631796E13	13779.0	75.0
5.7631805E13	13779.0	74.0
5.7631813E13	13779.0	73.0
5.7631826E13	11433.0	71.0
5.7631834E13	11433.0	70.0
5.7631847E13	11433.0	70.0
5.7631855E13	11433.0	71.0
5.7631863E13	9415.0	70.0
5.7631876E13	9415.0	70.0
5.7631884E13	9415.0	69.0
5.7631897E13	9415.0	68.0
5.7631905E13	11224.0	66.0
5.7631914E13	11224.0	65.0
5.7631926E13	11224.0	64.0
5.7631935E13	11829.0	66.0
5.7631943E13	11803.0	69.0
5.7631956E13	11803.0	72.0
5.7631964E13	11803.0	73.0
5.7631977E13	10771.0	73.0
5.7631985E13	10771.0	76.0
5.7631993E13	10771.0	79.0
5.7632006E13	10771.0	80.0
5.7632014E13	8997.0	80.0
5.7632027E13	8997.0	81.0
5.7632035E13	8997.0	82.0
5.7632044E13	8997.0	84.0
5.7632056E13	10502.0	83.0
5.7632065E13	10502.0	83.0
5.7632077E13	10502.0	83.0
5.7632086E13	10114.0	81.0
5.7632094E13	10114.0	80.0
5.7632107E13	10114.0	80.0
5.7632115E13	10114.0	79.0
5.7632124E13	8866.0	78.0
5.7632136E13	8866.0	77.0
5.7632144E13	8866.0	76.0
5.7632157E13	8866.0	76.0
5.7632165E13	8666.0	76.0
5.7632174E13	8666.0	77.0
5.7632186E13	8666.0	77.0
5.7632195E13	8666.0	77.0
5.7632207E13	8183.0	78.0
5.7632216E13	8183.0	79.0
5.7632224E13	8183.0	80.0
5.7632237E13	10753.0	83.0
5.7632245E13	10753.0	84.0
5.7632254E13	10753.0	84.0
5.7632266E13	10753.0	84.0
5.7632275E13	14509.0	84.0
5.7632287E13	14509.0	85.0
5.7632295E13	14509.0	86.0
5.7632304E13	14509.0	84.0
5.7632316E13	18744.0	83.0
5.7632325E13	18744.0	81.0
5.7632337E13	18744.0	80.0
5.7632346E13	18744.0	79.0
5.7632354E13	21582.0	77.0
5.7632367E13	21582.0	76.0
5.7632375E13	21582.0	75.0
5.7632384E13	25763.0	73.0
5.7632396E13	25763.0	72.0
5.7632405E13	25763.0	72.0
5.7632417E13	25763.0	71.0
5.7632426E13	27177.0	71.0
5.7632434E13	27177.0	71.0
5.7632446E13	27177.0	72.0
5.7632455E13	27177.0	72.0
5.7632467E13	30806.0	70.0
5.7632476E13	30806.0	69.0
5.7632484E13	30806.0	69.0
5.7632497E13	30806.0	68.0
5.7632505E13	32358.0	68.0
5.7632518E13	32358.0	70.0
5.7632526E13	32358.0	73.0
5.7632535E13	31761.0	78.0
5.7632547E13	31761.0	79.0
5.7632556E13	31761.0	77.0
5.7632564E13	31761.0	76.0
5.7632577E13	33168.0	76.0
5.7632585E13	33168.0	76.0
5.7632597E13	33168.0	75.0
5.7632606E13	31886.0	71.0
5.7632614E13	31886.0	68.0
5.7632627E13	31886.0	68.0
5.7632635E13	31886.0	64.0
5.7632648E13	28700.0	58.0
5.7632656E13	28700.0	58.0
5.7632665E13	28700.0	64.0
5.7632677E13	28700.0	64.0
5.7632686E13	27573.0	67.0
5.7632694E13	27573.0	73.0
5.7632707E13	27573.0	73.0
5.7632715E13	27573.0	74.0
5.7632727E13	27360.0	77.0
5.7632736E13	27360.0	78.0
5.7632744E13	27360.0	79.0
5.7632757E13	27360.0	79.0
5.7632765E13	25577.0	80.0
5.7632778E13	25577.0	79.0
5.7632786E13	25577.0	79.0
5.7632795E13	25577.0	79.0
5.7632807E13	21650.0	78.0
5.7632816E13	21650.0	78.0
5.763283E13	21650.0	77.0
5.7632837E13	20140.0	75.0
5.7632845E13	20140.0	75.0
5.7632858E13	20140.0	73.0
5.7632866E13	20140.0	73.0
5.7632874E13	18540.0	72.0
5.7632887E13	18540.0	71.0
5.7632895E13	18540.0	72.0
5.7632908E13	18540.0	72.0
5.7632916E13	15786.0	74.0
5.7632925E13	15786.0	76.0
5.7632937E13	15786.0	76.0
5.7632946E13	15786.0	76.0
5.763296E13	13669.0	76.0
5.7632967E13	13669.0	74.0
5.7632975E13	13669.0	73.0
5.7632988E13	12092.0	72.0
5.7632996E13	12092.0	73.0
5.7633004E13	12092.0	74.0
5.7633017E13	12092.0	74.0
5.7633025E13	13015.0	73.0
5.7633038E13	13015.0	71.0
5.7633046E13	13015.0	70.0
5.7633055E13	13015.0	69.0
5.7633067E13	12164.0	67.0
5.7633076E13	12164.0	66.0
5.763309E13	12164.0	66.0
5.7633097E13	12164.0	67.0
5.7633105E13	11317.0	70.0
5.7633118E13	11317.0	71.0
5.7633126E13	11317.0	72.0
5.7633134E13	10529.0	74.0
5.7633147E13	10529.0	76.0
5.7633155E13	10529.0	79.0
5.7633168E13	10529.0	79.0
5.7633176E13	9244.0	78.0
5.7633185E13	9244.0	79.0
5.7633197E13	9244.0	82.0
5.7633206E13	9244.0	85.0
5.763322E13	10232.0	86.0
5.7633227E13	10232.0	87.0
5.7633235E13	10232.0	88.0
5.7633248E13	10232.0	85.0
5.7633256E13	9262.0	82.0
5.763327E13	9262.0	80.0
5.7633277E13	9262.0	78.0
5.7633285E13	8662.0	77.0
5.76333E13	8662.0	77.0
5.7633306E13	8662.0	78.0
5.7633315E13	8662.0	79.0
5.7633327E13	8496.0	81.0
5.7633336E13	8496.0	82.0
5.763335E13	8496.0	83.0
5.7633357E13	8496.0	84.0
5.7633365E13	9199.0	84.0
5.7633378E13	9199.0	83.0
5.7633386E13	9199.0	83.0
5.76334E13	9199.0	82.0
5.7633407E13	8576.0	82.0
5.7633415E13	8576.0	82.0
5.763343E13	8576.0	83.0
5.7633436E13	13044.0	85.0
5.7633445E13	13044.0	87.0
5.7633457E13	13044.0	86.0
5.7633466E13	13044.0	87.0
5.763348E13	0.0	87.0
5.7633487E13	0.0	86.0
5.7633495E13	0.0	83.0
5.7633508E13	19615.0	81.0
5.7633516E13	19615.0	78.0
5.763353E13	19615.0	75.0
5.7633537E13	19615.0	74.0
5.7633545E13	24439.0	73.0
5.763356E13	24439.0	71.0
5.7633566E13	24439.0	70.0
5.7633575E13	0.0	68.0
5.7633587E13	0.0	67.0
5.7633596E13	0.0	67.0
5.763361E13	28858.0	69.0
5.7633617E13	28858.0	71.0
5.7633625E13	28858.0	72.0
5.7633638E13	31352.0	70.0
5.7633646E13	31352.0	69.0
5.763366E13	31352.0	69.0
5.7633667E13	0.0	75.0
5.7633675E13	0.0	77.0
5.763369E13	0.0	78.0
5.7633696E13	0.0	78.0
5.763371E13	32417.0	77.0
5.7633717E13	32417.0	77.0
5.7633726E13	32417.0	76.0
5.763374E13	33700.0	76.0
5.7633747E13	33700.0	74.0
5.7633755E13	33700.0	72.0
5.7633768E13	0.0	70.0
5.7633776E13	0.0	70.0
5.763379E13	0.0	67.0
5.7633797E13	0.0	63.0
5.7633805E13	29128.0	60.0
5.763382E13	29128.0	60.0
5.7633826E13	29128.0	62.0
5.763384E13	29128.0	66.0
5.7633847E13	27703.0	69.0
5.7633856E13	27703.0	71.0
5.763387E13	27703.0	72.0
5.7633877E13	0.0	74.0
5.7633885E13	0.0	75.0
5.7633898E13	0.0	77.0
5.7633906E13	26810.0	78.0
5.763392E13	26810.0	79.0
5.7633927E13	26810.0	79.0
5.7633935E13	26810.0	78.0
5.763395E13	22632.0	79.0
5.7633956E13	22632.0	80.0
5.763397E13	22632.0	79.0
5.7633977E13	0.0	78.0
5.7633986E13	0.0	75.0
5.7634E13	0.0	73.0
5.7634007E13	19004.0	72.0
5.7634015E13	19004.0	71.0
5.7634028E13	19004.0	71.0
5.7634036E13	19004.0	70.0
5.763405E13	17019.0	71.0
5.7634057E13	17019.0	71.0
5.7634065E13	17019.0	71.0
5.7634082E13	17019.0	72.0
5.7634086E13	14133.0	73.0
5.76341E13	14133.0	74.0
5.7634107E13	14133.0	75.0
5.7634116E13	12656.0	75.0
5.763413E13	12656.0	75.0
5.7634137E13	12656.0	72.0
5.763415E13	10133.0	71.0
5.7634158E13	10133.0	71.0
5.7634166E13	10133.0	71.0
5.763418E13	10133.0	69.0
5.7634187E13	9300.0	68.0
5.7634196E13	9300.0	67.0
5.763421E13	9300.0	67.0
5.7634216E13	9300.0	67.0
5.763423E13	8231.0	66.0
5.7634237E13	8231.0	66.0
5.7634246E13	8231.0	66.0
5.763426E13	8231.0	69.0
5.7634267E13	8231.0	71.0
5.763428E13	7101.0	73.0
5.7634288E13	7101.0	75.0
5.7634296E13	7101.0	76.0
5.763431E13	6959.0	77.0
5.7634317E13	6959.0	77.0
5.7634326E13	6959.0	77.0
5.763434E13	6959.0	76.0
5.7634347E13	7565.0	77.0
5.763436E13	7565.0	78.0
5.7634367E13	7565.0	79.0
5.7634376E13	7565.0	79.0
5.763439E13	8001.0	79.0
5.7634397E13	8001.0	78.0
5.763441E13	8001.0	78.0
5.7634418E13	8001.0	77.0
5.7634426E13	9100.0	78.0
5.763444E13	9100.0	79.0
5.7634447E13	9100.0	79.0
5.763446E13	8278.0	80.0
5.763447E13	8278.0	81.0
5.7634477E13	8278.0	83.0
5.763449E13	8278.0	85.0
5.7634497E13	8657.0	86.0
5.7634506E13	8657.0	85.0
5.763452E13	8657.0	85.0
5.7634527E13	8657.0	83.0
5.763454E13	8400.0	83.0
5.7634548E13	8400.0	82.0
5.7634556E13	8400.0	83.0
5.763457E13	8400.0	84.0
5.7634577E13	11685.0	86.0
5.763459E13	11685.0	87.0
5.76346E13	11685.0	86.0
5.7634607E13	0.0	84.0
5.763462E13	0.0	83.0
5.7634628E13	0.0	83.0
5.7634636E13	19404.0	82.0
5.763465E13	19404.0	79.0
5.7634657E13	19404.0	77.0
5.763467E13	19404.0	77.0
5.7634678E13	22507.0	74.0
5.7634686E13	22507.0	73.0
5.76347E13	0.0	71.0
5.7634707E13	0.0	68.0
5.763472E13	0.0	66.0
5.763473E13	28826.0	67.0
5.7634737E13	28826.0	67.0
5.763475E13	28826.0	75.0
5.7634758E13	28826.0	75.0
5.763477E13	31683.0	78.0
5.763478E13	31683.0	77.0
5.7634787E13	31683.0	73.0
5.76348E13	31683.0	73.0
5.7634808E13	0.0	70.0
5.7634816E13	0.0	68.0
5.763483E13	0.0	70.0
5.7634837E13	32570.0	72.0
5.763485E13	32570.0	75.0
5.763486E13	32570.0	75.0
5.7634867E13	32570.0	74.0
5.763488E13	32003.0	73.0
5.7634888E13	32003.0	72.0
5.76349E13	32003.0	72.0
5.763491E13	0.0	73.0
5.7634917E13	0.0	72.0
5.763493E13	0.0	70.0
5.7634938E13	30989.0	67.0
5.763495E13	30989.0	65.0
5.763496E13	30989.0	62.0
5.7634967E13	30989.0	59.0
5.763498E13	32590.0	58.0
5.763499E13	32590.0	61.0
5.7635E13	32590.0	65.0
5.763501E13	0.0	68.0
5.7635018E13	0.0	71.0
5.763503E13	0.0	72.0
5.763504E13	27838.0	73.0
5.7635047E13	27838.0	74.0
5.763506E13	27838.0	74.0
5.763507E13	27838.0	75.0
5.7635076E13	27170.0	76.0
5.763509E13	27170.0	77.0
5.7635097E13	27170.0	78.0
5.763511E13	0.0	78.0
5.763512E13	0.0	78.0
5.7635127E13	0.0	78.0
5.763514E13	22513.0	78.0
5.7635148E13	22513.0	78.0
5.763516E13	22513.0	77.0
5.763517E13	22513.0	75.0
5.7635177E13	20586.0	74.0
5.763519E13	20586.0	74.0
5.76352E13	20586.0	74.0
5.7635206E13	20586.0	73.0
5.763522E13	19596.0	73.0
5.7635227E13	19596.0	72.0
5.763524E13	19596.0	71.0
5.763525E13	19596.0	71.0
5.7635257E13	16214.0	71.0
5.763527E13	16214.0	71.0
5.7635278E13	16214.0	72.0
5.763529E13	14934.0	73.0
5.76353E13	14934.0	74.0
5.7635307E13	14934.0	74.0
5.763532E13	14934.0	73.0
5.763533E13	11262.0	74.0
5.763534E13	11262.0	74.0
5.763535E13	11262.0	73.0
5.7635357E13	11262.0	71.0
5.763537E13	9903.0	70.0
5.763538E13	9903.0	68.0
5.7635387E13	9903.0	67.0
5.76354E13	9903.0	66.0
5.7635408E13	10908.0	66.0
5.763542E13	10908.0	66.0
5.763543E13	10908.0	68.0
5.7635437E13	9080.0	68.0
5.763545E13	9080.0	69.0
5.763546E13	9080.0	70.0
5.763547E13	9080.0	72.0
5.763548E13	7808.0	74.0
5.7635487E13	7808.0	74.0
5.76355E13	7808.0	74.0
5.763551E13	7808.0	75.0
5.7635517E13	8104.0	78.0
5.763553E13	8104.0	81.0
5.7635538E13	8104.0	85.0
5.763555E13	8104.0	85.0
5.763556E13	8328.0	83.0
5.7635567E13	8328.0	80.0
5.763558E13	8328.0	78.0
5.763559E13	9004.0	77.0
5.76356E13	9004.0	78.0
5.763561E13	9004.0	78.0
5.7635617E13	9004.0	78.0
5.763563E13	8074.0	77.0
5.763564E13	8074.0	77.0
5.7635647E13	8074.0	79.0
5.763566E13	8074.0	81.0
5.7635668E13	8376.0	85.0
5.763568E13	8376.0	86.0
5.763569E13	7084.0	87.0
5.7635697E13	8792.0	87.0
5.763571E13	8792.0	86.0
5.763572E13	8792.0	86.0
5.763573E13	9591.0	84.0
5.763574E13	9591.0	84.0
5.7635747E13	9591.0	84.0
5.763576E13	9591.0	86.0
5.763577E13	9591.0	87.0
5.763578E13	13373.0	85.0
5.763579E13	13373.0	86.0
5.7635798E13	13373.0	85.0
5.763581E13	13373.0	85.0
5.763582E13	0.0	85.0
5.7635827E13	0.0	84.0
5.763584E13	0.0	83.0
5.763585E13	20110.0	80.0
5.763586E13	20110.0	78.0
5.763587E13	20110.0	76.0
5.7635877E13	20110.0	74.0
5.763589E13	27250.0	72.0
5.76359E13	27250.0	71.0
5.763591E13	27250.0	71.0
5.763592E13	0.0	70.0
5.7635928E13	0.0	69.0
5.763594E13	0.0	70.0
5.763595E13	29706.0	71.0
5.7635957E13	29706.0	71.0
5.763597E13	29706.0	71.0
5.763598E13	29706.0	70.0
5.763599E13	31657.0	68.0
5.7636E13	31657.0	67.0
5.763601E13	31657.0	67.0
5.763602E13	0.0	69.0
5.763603E13	0.0	70.0
5.763604E13	0.0	72.0
5.763605E13	31316.0	75.0
5.7636058E13	31316.0	78.0
5.763607E13	31316.0	79.0
5.763608E13	31316.0	77.0
5.763609E13	30539.0	76.0
5.76361E13	30539.0	75.0
5.7636112E13	0.0	72.0
5.763612E13	0.0	69.0
5.763613E13	0.0	68.0
5.7636137E13	32141.0	65.0
5.763615E13	32141.0	62.0
5.763616E13	32141.0	61.0
5.763617E13	32141.0	63.0
5.763618E13	29691.0	66.0
5.7636188E13	29691.0	69.0
5.76362E13	29691.0	72.0
5.763621E13	0.0	72.0
5.763622E13	0.0	72.0
5.763623E13	0.0	72.0
5.763624E13	27619.0	73.0
5.763625E13	27619.0	75.0
5.763626E13	27619.0	75.0
5.7636267E13	27619.0	76.0
5.763628E13	26679.0	77.0
5.763629E13	26679.0	78.0
5.76363E13	26679.0	78.0
5.763631E13	0.0	79.0
5.7636318E13	0.0	79.0
5.763633E13	0.0	77.0
5.763634E13	20912.0	76.0
5.763635E13	20912.0	75.0
5.763636E13	20912.0	74.0
5.763637E13	20912.0	74.0
5.763638E13	19808.0	73.0
5.763639E13	19808.0	73.0
5.7636398E13	19808.0	72.0
5.763641E13	19808.0	72.0
5.763642E13	16115.0	73.0
5.763643E13	16115.0	73.0
5.763644E13	16115.0	74.0
5.7636448E13	16115.0	74.0
5.763646E13	15320.0	75.0
5.763647E13	15320.0	75.0
5.763648E13	15320.0	77.0
5.763649E13	15320.0	77.0
5.76365E13	13234.0	77.0
5.763651E13	13234.0	77.0
5.763652E13	13234.0	77.0
5.7636528E13	12285.0	73.0
5.763654E13	12285.0	73.0
5.763655E13	12285.0	70.0
5.763656E13	12285.0	68.0
5.763657E13	12285.0	68.0
5.7636578E13	11946.0	68.0
5.763659E13	11946.0	66.0
5.76366E13	11946.0	64.0
5.763661E13	11946.0	64.0
5.763662E13	12548.0	66.0
5.763663E13	12548.0	68.0
5.763664E13	12548.0	70.0
5.763665E13	11300.0	70.0
5.7636658E13	11300.0	71.0
5.763667E13	11300.0	73.0
5.763668E13	11300.0	75.0
5.763669E13	10795.0	77.0
5.76367E13	10795.0	80.0
5.7636708E13	10795.0	80.0
5.763672E13	10795.0	80.0
5.763673E13	9705.0	81.0
5.763674E13	9705.0	81.0
5.763675E13	9705.0	82.0
5.763676E13	9705.0	83.0
5.763677E13	9080.0	83.0
5.763678E13	9080.0	81.0
5.7636788E13	9080.0	80.0
5.76368E13	9143.0	80.0
5.763681E13	9143.0	79.0
5.763682E13	9143.0	79.0
5.763683E13	9143.0	80.0
5.763684E13	8793.0	81.0
5.763685E13	8793.0	83.0
5.763686E13	8793.0	84.0
5.763687E13	8793.0	85.0
5.763688E13	8559.0	85.0
5.763689E13	8559.0	85.0
5.76369E13	8559.0	85.0
5.763691E13	5308.0	85.0
5.763692E13	10009.0	84.0
5.763693E13	10009.0	80.0
5.763695E13	13851.0	81.0
5.763696E13	13851.0	84.0
5.763697E13	13851.0	86.0
5.763698E13	13851.0	87.0
5.763699E13	18457.0	85.0
5.7637E13	18457.0	83.0
5.763701E13	18457.0	81.0
5.763702E13	18457.0	79.0
5.763703E13	21531.0	77.0
5.763704E13	21531.0	76.0
5.763705E13	21531.0	75.0
5.763706E13	18403.0	74.0
5.763707E13	24323.0	72.0
5.763708E13	24323.0	71.0
5.763709E13	24323.0	70.0
5.7637102E13	28425.0	71.0
5.763711E13	28425.0	72.0
5.763712E13	28425.0	74.0
5.763713E13	28425.0	75.0
5.763714E13	31323.0	72.0
5.763715E13	31323.0	69.0
5.763716E13	31323.0	69.0
5.763717E13	31323.0	70.0
5.763718E13	30373.0	71.0
5.763719E13	30373.0	74.0
5.76372E13	30373.0	76.0
5.763721E13	31113.0	77.0
5.763722E13	32363.0	75.0
5.7637232E13	32363.0	75.0
5.763724E13	32363.0	75.0
5.763725E13	33622.0	75.0
5.763726E13	33622.0	73.0
5.763727E13	33622.0	72.0
5.763728E13	33622.0	70.0
5.763729E13	31977.0	67.0
5.76373E13	31977.0	63.0
5.763731E13	31977.0	60.0
5.763732E13	31977.0	59.0
5.763733E13	31101.0	60.0
5.763734E13	31101.0	62.0
5.763735E13	31101.0	65.0
5.7637362E13	29687.0	67.0
5.763737E13	28943.0	70.0
5.763738E13	28943.0	71.0
5.763739E13	28943.0	72.0
5.76374E13	25503.0	73.0
5.763741E13	25503.0	74.0
5.763742E13	25503.0	75.0
5.763743E13	25503.0	76.0
5.763744E13	23473.0	76.0
5.763745E13	23473.0	76.0
5.763746E13	23473.0	77.0
5.763747E13	23473.0	78.0
5.763748E13	20788.0	78.0
5.7637492E13	20788.0	78.0
5.76375E13	20788.0	78.0
5.763751E13	21850.0	78.0
5.763752E13	20280.0	77.0
5.763753E13	20280.0	75.0
5.7637543E13	20280.0	74.0
5.763755E13	17566.0	74.0
5.763756E13	17566.0	73.0
5.763757E13	17566.0	72.0
5.763758E13	17566.0	72.0
5.763759E13	16069.0	72.0
5.76376E13	16069.0	74.0
5.763761E13	16069.0	76.0
5.7637622E13	13708.0	77.0
5.763763E13	13708.0	76.0
5.763764E13	13708.0	76.0
5.763765E13	13708.0	74.0
5.763766E13	12105.0	73.0
5.7637673E13	12105.0	73.0
5.763768E13	12105.0	72.0
5.763769E13	9442.0	72.0
5.76377E13	9442.0	71.0
5.763771E13	9442.0	71.0
5.763772E13	9442.0	70.0
5.763773E13	10691.0	69.0
5.763774E13	10691.0	68.0
5.7637752E13	10691.0	68.0
5.763776E13	10691.0	68.0
5.763777E13	10691.0	70.0
5.763778E13	10900.0	72.0
5.763779E13	10900.0	74.0
5.7637803E13	10900.0	74.0
5.763781E13	10733.0	76.0
5.763782E13	10733.0	79.0
5.763783E13	10733.0	80.0
5.763784E13	10733.0	79.0
5.7637853E13	9088.0	79.0
5.763786E13	9088.0	80.0
5.763787E13	9088.0	83.0
5.7637882E13	9088.0	84.0
5.763789E13	10156.0	84.0
5.76379E13	10156.0	82.0
5.763791E13	10156.0	80.0
5.763792E13	10156.0	77.0
5.7637933E13	9215.0	75.0
5.763794E13	9215.0	74.0
5.763795E13	9215.0	74.0
5.763796E13	9263.0	74.0
5.763797E13	9263.0	75.0
5.7637983E13	9263.0	76.0
5.763799E13	9263.0	77.0
5.7638E13	9001.0	79.0
5.7638012E13	9001.0	81.0
5.763802E13	9001.0	82.0
5.763803E13	9001.0	83.0
5.763804E13	8484.0	83.0
5.763805E13	8484.0	82.0
5.7638063E13	8484.0	82.0
5.763807E13	8484.0	82.0
5.763808E13	11536.0	83.0
5.763809E13	11536.0	84.0
5.76381E13	11536.0	86.0
5.7638113E13	15229.0	89.0
5.763812E13	15229.0	85.0
5.763813E13	15229.0	82.0
5.7638142E13	15229.0	81.0
5.763815E13	19508.0	80.0
5.7638163E13	19508.0	79.0
5.763817E13	19508.0	80.0
5.763818E13	19508.0	78.0
5.7638193E13	22534.0	77.0
5.76382E13	22534.0	75.0
5.763821E13	22534.0	74.0
5.763822E13	22534.0	74.0
5.763823E13	24204.0	73.0
5.7638243E13	24204.0	72.0
5.763825E13	24204.0	71.0
5.763826E13	28423.0	72.0
5.7638272E13	28423.0	76.0
5.763828E13	28423.0	78.0
5.7638293E13	28423.0	78.0
5.76383E13	30628.0	76.0
5.763831E13	30628.0	73.0
5.7638323E13	30628.0	72.0
5.763833E13	30628.0	72.0
5.763834E13	31373.0	73.0
5.763835E13	31373.0	73.0
5.763836E13	31373.0	75.0
5.7638373E13	31373.0	78.0
5.763838E13	30282.0	76.0
5.763839E13	30282.0	75.0
5.7638402E13	30282.0	75.0
5.763841E13	31977.0	75.0
5.7638423E13	31977.0	74.0
5.763843E13	31977.0	73.0
5.763844E13	31977.0	72.0
5.7638453E13	32326.0	70.0
5.763846E13	32326.0	67.0
5.763847E13	32326.0	65.0
5.763848E13	32326.0	62.0
5.763849E13	29087.0	62.0
5.7638503E13	29087.0	63.0
5.763851E13	29087.0	65.0
5.763852E13	29087.0	68.0
5.7638532E13	27563.0	71.0
5.763854E13	27563.0	74.0
5.7638553E13	27563.0	75.0
5.763856E13	27328.0	77.0
5.763857E13	27328.0	78.0
5.7638583E13	27328.0	79.0
5.763859E13	27328.0	79.0
5.7638604E13	25254.0	79.0
5.7638612E13	25254.0	79.0
5.763862E13	25254.0	79.0
5.7638633E13	21324.0	77.0
5.763864E13	21324.0	76.0
5.763865E13	21324.0	75.0
5.7638662E13	21324.0	75.0
5.763867E13	21324.0	73.0
5.7638683E13	20306.0	72.0
5.763869E13	20306.0	71.0
5.76387E13	20306.0	71.0
5.7638713E13	19203.0	70.0
5.763872E13	19203.0	73.0
5.7638734E13	19203.0	73.0
5.7638742E13	19203.0	73.0
5.763875E13	15604.0	74.0
5.7638763E13	15604.0	75.0
5.763877E13	15604.0	75.0
5.763878E13	13966.0	74.0
5.7638792E13	13966.0	75.0
5.76388E13	13966.0	75.0
5.7638813E13	13966.0	75.0
5.763882E13	12654.0	75.0
5.763883E13	12654.0	74.0
5.7638843E13	12654.0	74.0
5.763885E13	10357.0	70.0
5.7638864E13	10357.0	70.0
5.7638872E13	10357.0	68.0
5.763888E13	10357.0	68.0
5.7638893E13	10357.0	67.0
5.76389E13	10654.0	67.0
5.7638914E13	10654.0	67.0
5.7638922E13	10654.0	67.0
5.763893E13	10654.0	69.0
5.7638943E13	11139.0	71.0
5.763895E13	11139.0	73.0
5.763896E13	11139.0	74.0
5.7638973E13	11139.0	77.0
5.763898E13	11018.0	79.0
5.7638994E13	11018.0	79.0
5.7639002E13	11018.0	79.0
5.763901E13	10085.0	79.0
5.7639023E13	10085.0	80.0
5.763903E13	10085.0	82.0
5.7639044E13	10085.0	83.0
5.7639053E13	9777.0	84.0
5.763906E13	9777.0	83.0
5.7639073E13	9777.0	82.0
5.763908E13	9777.0	80.0
5.7639094E13	9433.0	78.0
5.7639103E13	9433.0	78.0
5.763911E13	9433.0	78.0
5.7639124E13	9433.0	78.0
5.7639132E13	8472.0	78.0
5.7639153E13	8472.0	77.0
5.763916E13	7530.0	78.0
5.7639174E13	7530.0	78.0
5.7639183E13	7530.0	77.0
5.763919E13	8861.0	77.0
5.7639204E13	8861.0	78.0
5.763921E13	8861.0	83.0
5.763922E13	8861.0	81.0
5.7639233E13	9410.0	83.0
5.763924E13	9410.0	82.0
5.7639254E13	9410.0	82.0
5.7639262E13	9410.0	81.0
5.763927E13	9410.0	81.0
5.7639283E13	14268.0	82.0
5.763929E13	14268.0	84.0
5.7639304E13	14268.0	85.0
5.7639313E13	0.0	84.0
5.763932E13	0.0	83.0
5.7639334E13	0.0	82.0
5.763934E13	20885.0	81.0
5.763935E13	20885.0	79.0
5.7639363E13	20885.0	77.0
5.763937E13	20885.0	74.0
5.7639384E13	24921.0	73.0
5.7639392E13	24921.0	71.0
5.7639405E13	24921.0	70.0
5.7639413E13	0.0	70.0
5.763942E13	0.0	69.0
5.7639434E13	0.0	70.0
5.7639443E13	29525.0	70.0
5.763945E13	29525.0	70.0
5.7639464E13	29525.0	70.0
5.763947E13	29525.0	69.0
5.7639485E13	32009.0	68.0
5.7639493E13	32009.0	68.0
5.76395E13	32009.0	70.0
5.7639514E13	0.0	72.0
5.7639522E13	0.0	74.0
5.7639535E13	0.0	77.0
5.7639543E13	30452.0	77.0
5.763955E13	30452.0	75.0
5.7639564E13	30452.0	74.0
5.7639573E13	30452.0	75.0
5.763958E13	32465.0	76.0
5.7639594E13	32465.0	75.0
5.76396E13	32465.0	73.0
5.7639615E13	0.0	70.0
5.7639623E13	0.0	69.0
5.763963E13	0.0	67.0
5.7639644E13	30448.0	65.0
5.7639652E13	30448.0	62.0
5.763966E13	30448.0	61.0
5.7639673E13	27851.0	64.0
5.763968E13	27851.0	67.0
5.7639694E13	27851.0	70.0
5.7639703E13	0.0	73.0
5.763971E13	0.0	75.0
5.7639724E13	0.0	76.0
5.763973E13	26674.0	78.0
5.7639745E13	26674.0	78.0
5.7639753E13	26674.0	78.0
5.763976E13	26674.0	78.0
5.7639774E13	26674.0	78.0
5.7639782E13	22455.0	78.0
5.763979E13	22455.0	78.0
5.7639803E13	0.0	77.0
5.763981E13	0.0	75.0
5.7639824E13	0.0	73.0
5.7639833E13	0.0	73.0
5.763984E13	19548.0	71.0
5.7639854E13	19548.0	70.0
5.763986E13	19548.0	69.0
5.7639875E13	19548.0	68.0
5.7639883E13	17485.0	69.0
5.763989E13	17485.0	69.0
5.7639904E13	17485.0	71.0
5.7639912E13	17485.0	72.0
5.7639925E13	14435.0	73.0
5.7639933E13	14435.0	73.0
5.763994E13	14435.0	74.0
5.7639954E13	14435.0	76.0
5.7639963E13	11889.0	77.0
5.763997E13	11889.0	77.0
5.7639984E13	11889.0	76.0
5.763999E13	12702.0	75.0
5.7640005E13	12702.0	75.0
5.7640013E13	12702.0	74.0
5.764002E13	12702.0	71.0
5.7640034E13	10371.0	70.0
5.7640042E13	10371.0	70.0
5.7640055E13	10371.0	70.0
5.7640063E13	10371.0	68.0
5.764007E13	9278.0	67.0
5.7640084E13	9278.0	67.0
5.7640114E13	10201.0	72.0
5.764012E13	10201.0	73.0
5.7640135E13	10201.0	74.0
5.7640143E13	9455.0	75.0
5.764015E13	9455.0	76.0
5.7640164E13	9455.0	76.0
5.7640177E13	9455.0	77.0
5.7640185E13	9212.0	78.0
5.7640198E13	9212.0	81.0
5.76402E13	9212.0	81.0
5.7640214E13	8885.0	81.0
5.7640223E13	8885.0	81.0
5.7640235E13	8885.0	81.0
5.7640244E13	8885.0	81.0
5.764025E13	8158.0	82.0
5.7640265E13	8158.0	82.0
5.7640273E13	8158.0	82.0
5.764028E13	8158.0	83.0
5.7640294E13	8411.0	83.0
5.7640302E13	8411.0	83.0
5.7640315E13	8411.0	84.0
5.7640323E13	8411.0	85.0
5.764033E13	9374.0	86.0
5.7640344E13	9374.0	88.0
5.7640353E13	9374.0	88.0
5.7640365E13	9374.0	87.0
5.7640374E13	8016.0	86.0
5.7640382E13	8016.0	84.0
5.7640395E13	8016.0	83.0
5.7640403E13	4949.0	83.0
5.764041E13	8906.0	83.0
5.7640424E13	8906.0	84.0
5.7640432E13	8906.0	85.0
5.7640445E13	12267.0	88.0
5.7640453E13	12267.0	89.0
5.764046E13	12267.0	87.0
5.7640474E13	12267.0	86.0
5.7640483E13	15877.0	85.0
5.7640495E13	15877.0	83.0
5.7640504E13	15877.0	82.0
5.7640512E13	0.0	80.0
5.7640525E13	0.0	80.0
5.7640533E13	0.0	80.0
5.764054E13	20327.0	78.0
5.7640554E13	20327.0	76.0
5.7640562E13	20327.0	74.0
5.7640575E13	20327.0	72.0
5.7640583E13	27028.0	72.0
5.764059E13	27028.0	71.0
5.7640604E13	27028.0	72.0
5.7640613E13	0.0	74.0
5.7640625E13	0.0	75.0
5.7640634E13	0.0	75.0
5.7640642E13	27729.0	71.0
5.7640655E13	27729.0	69.0
5.7640663E13	27729.0	69.0
5.7640676E13	27729.0	71.0
5.7640684E13	28539.0	75.0
5.7640692E13	28539.0	79.0
5.7640705E13	28539.0	80.0
5.7640713E13	0.0	78.0
5.764072E13	0.0	78.0
5.7640734E13	29105.0	79.0
5.7640743E13	29105.0	79.0
5.7640755E13	29105.0	77.0
5.7640764E13	29105.0	77.0
5.7640772E13	29105.0	74.0
5.7640785E13	27383.0	71.0
5.7640793E13	27383.0	68.0
5.7640806E13	27383.0	65.0
5.7640814E13	0.0	62.0
5.7640823E13	0.0	63.0
5.7640835E13	27215.0	65.0
5.7640843E13	27215.0	69.0
5.764085E13	27215.0	69.0
5.7640864E13	27215.0	73.0
5.7640873E13	27215.0	76.0
5.7640885E13	26605.0	77.0
5.7640894E13	26605.0	77.0
5.7640906E13	0.0	78.0
5.7640915E13	0.0	78.0
5.7640923E13	0.0	78.0
5.7640936E13	21346.0	79.0
5.7640944E13	21346.0	79.0
5.7640953E13	21346.0	80.0
5.7640965E13	21346.0	80.0
5.7640974E13	21346.0	80.0
5.764098E13	19578.0	78.0
5.7640994E13	19578.0	75.0
5.7641007E13	0.0	74.0
5.7641015E13	0.0	73.0
5.7641024E13	0.0	73.0
5.7641032E13	0.0	72.0
5.7641045E13	14485.0	72.0
5.7641053E13	14485.0	72.0
5.7641066E13	14485.0	72.0
5.7641074E13	14485.0	73.0
5.7641083E13	14024.0	74.0
5.7641095E13	14024.0	75.0
5.7641104E13	14024.0	75.0
5.764111E13	14024.0	77.0
5.7641124E13	11932.0	77.0
5.7641133E13	11932.0	74.0
5.7641145E13	11932.0	71.0
5.7641154E13	11932.0	71.0
5.7641162E13	9852.0	70.0
5.7641175E13	9852.0	70.0
5.7641183E13	9852.0	72.0
5.7641196E13	9093.0	73.0
5.7641204E13	9093.0	72.0
5.7641213E13	9093.0	72.0
5.7641225E13	9093.0	70.0
5.7641234E13	9530.0	68.0
5.7641246E13	9530.0	68.0
5.7641255E13	9530.0	69.0
5.7641263E13	9351.0	70.0
5.7641275E13	9351.0	72.0
5.7641284E13	9351.0	73.0
5.7641292E13	9351.0	74.0
5.7641313E13	9469.0	81.0
5.7641326E13	9469.0	81.0
5.7641334E13	9469.0	81.0
5.7641305E13	9469.0	81.0
5.7641343E13	9469.0	81.0
5.7641355E13	9469.0	81.0
5.7641364E13	9469.0	81.0
5.7641376E13	9133.0	83.0
5.7641385E13	9133.0	84.0
5.7641393E13	9133.0	84.0
5.7641406E13	9133.0	84.0
5.7641414E13	9133.0	82.0
5.7641422E13	8735.0	81.0
5.7641435E13	8735.0	81.0
5.7641443E13	8735.0	81.0
5.7641456E13	8735.0	82.0
5.7641464E13	8579.0	82.0
5.7641473E13	8579.0	82.0
5.7641485E13	8579.0	83.0
5.7641494E13	8627.0	84.0
5.7641506E13	8627.0	85.0
5.7641515E13	8627.0	85.0
5.7641527E13	8627.0	85.0
5.7641536E13	0.0	86.0
5.7641544E13	0.0	86.0
5.7641552E13	0.0	85.0
5.7641565E13	9072.0	84.0
5.7641573E13	9072.0	83.0
5.7641586E13	9072.0	83.0
5.7641594E13	9072.0	82.0
5.7641603E13	12272.0	83.0
5.7641615E13	12272.0	83.0
5.7641624E13	12272.0	84.0
5.7641636E13	0.0	86.0
5.7641645E13	0.0	88.0
5.7641653E13	0.0	89.0
5.7641666E13	17541.0	88.0
5.7641674E13	17541.0	87.0
5.7641682E13	17541.0	86.0
5.7641695E13	17541.0	85.0
5.7641703E13	20653.0	83.0
5.7641716E13	20653.0	80.0
5.7641724E13	20653.0	78.0
5.7641733E13	0.0	77.0
5.7641745E13	0.0	76.0
5.7641754E13	0.0	74.0
5.7641766E13	25533.0	72.0
5.7641775E13	25533.0	71.0
5.7641783E13	25533.0	71.0
5.7641796E13	25533.0	73.0
5.7641804E13	27159.0	74.0
5.7641817E13	27159.0	73.0
5.7641825E13	27159.0	71.0
5.7641833E13	0.0	68.0
5.7641846E13	0.0	67.0
5.7641854E13	0.0	70.0
5.7641863E13	30426.0	75.0
5.7641875E13	30426.0	78.0
5.7641888E13	30426.0	78.0
5.7641896E13	30426.0	78.0
5.7641905E13	29660.0	79.0
5.7641917E13	29660.0	79.0
5.7641926E13	29660.0	78.0
5.7641934E13	0.0	77.0
5.7641947E13	0.0	74.0
5.7641955E13	0.0	71.0
5.7641963E13	28075.0	68.0
5.7641976E13	28075.0	66.0
5.7641984E13	28075.0	63.0
5.7641993E13	28075.0	60.0
5.7642005E13	27521.0	57.0
5.7642014E13	27521.0	57.0
5.7642026E13	27521.0	60.0
5.7642035E13	0.0	62.0
5.7642043E13	0.0	65.0
5.7642056E13	0.0	70.0
5.7642064E13	26596.0	75.0
5.7642077E13	26596.0	78.0
5.7642085E13	26596.0	79.0
5.7642093E13	26596.0	79.0
5.7642106E13	23209.0	78.0
5.7642114E13	23209.0	77.0
5.7642127E13	23209.0	76.0
5.7642135E13	23209.0	77.0
5.7642144E13	24108.0	77.0
5.7642156E13	24108.0	78.0
5.7642165E13	24108.0	78.0
5.7642173E13	24108.0	76.0
5.7642186E13	21094.0	74.0
5.7642194E13	21094.0	72.0
5.7642207E13	21094.0	70.0
5.7642215E13	20988.0	69.0
5.7642223E13	20988.0	69.0
5.7642236E13	20988.0	69.0
5.7642244E13	20988.0	68.0
5.7642257E13	21120.0	69.0
5.7642265E13	21120.0	71.0
5.7642274E13	21120.0	72.0
5.7642286E13	21120.0	72.0
5.7642295E13	20541.0	72.0
5.7642307E13	20541.0	73.0
5.7642316E13	20541.0	74.0
5.7642324E13	20541.0	73.0
5.7642337E13	17195.0	73.0
5.7642345E13	17195.0	74.0
5.7642353E13	17195.0	74.0
5.7642366E13	15153.0	73.0
5.7642374E13	15153.0	72.0
5.7642387E13	15153.0	71.0
5.7642395E13	15153.0	72.0
5.7642404E13	12514.0	72.0
5.7642416E13	12514.0	71.0
5.7642425E13	12514.0	71.0
5.7642437E13	12514.0	70.0
5.7642446E13	10865.0	69.0
5.7642454E13	10865.0	69.0
5.7642467E13	10865.0	69.0
5.7642475E13	10865.0	70.0
5.7642483E13	11268.0	72.0
5.7642496E13	11268.0	74.0
5.7642504E13	11268.0	76.0
5.7642517E13	12359.0	78.0
5.7642525E13	12359.0	79.0
5.7642534E13	12359.0	78.0
5.7642546E13	12359.0	78.0
5.7642555E13	14129.0	79.0
5.7642567E13	14129.0	82.0
5.7642576E13	14129.0	84.0
5.7642584E13	14129.0	85.0
5.7642597E13	12282.0	84.0
5.7642605E13	12282.0	82.0
5.7642613E13	12282.0	79.0
5.7642626E13	13031.0	78.0
5.7642634E13	11231.0	77.0
5.7642647E13	11231.0	77.0
5.7642655E13	11231.0	77.0
5.7642664E13	9292.0	78.0
5.7642676E13	9292.0	81.0
5.7642685E13	9292.0	83.0
5.7642697E13	9292.0	83.0
5.7642706E13	10320.0	84.0
5.7642714E13	10320.0	83.0
5.7642727E13	10320.0	83.0
5.7642735E13	10320.0	82.0
5.7642748E13	12358.0	79.0
5.7642756E13	12358.0	79.0
5.7642764E13	12358.0	79.0
5.7642777E13	13657.0	81.0
5.7642785E13	13657.0	84.0
5.7642794E13	13657.0	85.0
5.7642806E13	16413.0	86.0
5.7642815E13	16413.0	86.0
5.7642827E13	16413.0	86.0
5.7642836E13	16413.0	85.0
5.7642844E13	16413.0	85.0
5.7642857E13	19989.0	86.0
5.7642865E13	19989.0	85.0
5.7642878E13	19989.0	84.0
5.7642886E13	19989.0	82.0
5.7642894E13	22060.0	79.0
5.7642907E13	22060.0	77.0
5.7642915E13	22060.0	75.0
5.7642924E13	21334.0	73.0
5.7642936E13	27315.0	72.0
5.7642945E13	27315.0	71.0
5.7642957E13	27315.0	70.0
5.7642966E13	28514.0	70.0
5.7642974E13	28514.0	71.0
5.7642987E13	28514.0	73.0
5.7642995E13	28514.0	74.0
5.7643008E13	29059.0	74.0
5.7643016E13	29059.0	73.0
5.7643025E13	29059.0	71.0
5.7643037E13	29059.0	71.0
5.7643045E13	31085.0	73.0
5.764306E13	31085.0	75.0
5.7643066E13	31085.0	77.0
5.7643075E13	30656.0	79.0
5.7643087E13	30373.0	80.0
5.7643096E13	30373.0	78.0
5.7643104E13	30373.0	78.0
5.7643117E13	31157.0	79.0
5.7643125E13	31157.0	78.0
5.7643138E13	31157.0	76.0
5.7643146E13	31157.0	74.0
5.7643155E13	30111.0	72.0
5.7643167E13	30111.0	70.0
5.7643176E13	30111.0	68.0
5.764319E13	30111.0	65.0
5.7643196E13	29328.0	63.0
5.7643205E13	29328.0	62.0
5.7643217E13	29328.0	63.0
5.7643226E13	27450.0	67.0
5.7643234E13	27450.0	67.0
5.7643247E13	27450.0	72.0
5.764326E13	27360.0	74.0
5.7643268E13	27360.0	76.0
5.7643276E13	27360.0	77.0
5.7643285E13	27360.0	77.0
5.7643297E13	27360.0	77.0
5.7643306E13	26933.0	78.0
5.764332E13	26933.0	79.0
5.7643327E13	26933.0	79.0
5.7643335E13	26933.0	80.0
5.7643347E13	24039.0	79.0
5.7643356E13	24039.0	79.0
5.7643364E13	24039.0	78.0
5.7643377E13	25218.0	77.0
5.7643385E13	21542.0	77.0
5.7643398E13	21542.0	77.0
5.7643406E13	21542.0	76.0
5.7643415E13	19848.0	75.0
5.7643427E13	19848.0	74.0
5.7643436E13	19848.0	74.0
5.764345E13	19848.0	74.0
5.7643457E13	17453.0	75.0
5.7643465E13	17453.0	75.0
5.7643477E13	17453.0	76.0
5.7643486E13	17453.0	77.0
5.7643494E13	14622.0	77.0
5.7643507E13	14622.0	76.0
5.7643515E13	14622.0	76.0
5.7643528E13	13684.0	76.0
5.7643536E13	12336.0	75.0
5.7643545E13	12336.0	74.0
5.7643557E13	12336.0	73.0
5.7643566E13	11286.0	73.0
5.764358E13	11286.0	72.0
5.7643587E13	11286.0	72.0
5.7643595E13	11286.0	70.0
5.7643608E13	10017.0	69.0
5.7643616E13	10017.0	67.0
5.764363E13	10017.0	65.0
5.7643637E13	10017.0	64.0
5.7643645E13	9644.0	64.0
5.7643658E13	9644.0	66.0
5.7643666E13	9644.0	68.0
5.7643675E13	10525.0	72.0
5.7643687E13	9893.0	74.0
5.7643696E13	9893.0	80.0
5.764371E13	9138.0	82.0
5.7643717E13	9138.0	81.0
5.7643725E13	9138.0	81.0
5.7643738E13	9138.0	80.0
5.7643746E13	9299.0	82.0
5.764376E13	9299.0	82.0
5.7643767E13	9299.0	83.0
5.7643775E13	9299.0	85.0
5.7643788E13	9299.0	87.0
5.7643796E13	9017.0	86.0
5.7643805E13	9017.0	81.0
5.7643817E13	9112.0	79.0
5.7643826E13	9112.0	78.0
5.764384E13	9112.0	78.0
5.7643847E13	9112.0	76.0
5.7643855E13	9112.0	75.0
5.7643868E13	8904.0	74.0
5.7643876E13	8904.0	74.0
5.764389E13	8904.0	75.0
5.7643897E13	8904.0	77.0
5.7643905E13	8815.0	79.0
5.7643918E13	8815.0	80.0
5.7643926E13	8815.0	81.0
5.7643935E13	8815.0	81.0
5.7643947E13	11801.0	80.0
5.7643956E13	11801.0	79.0
5.764397E13	11801.0	78.0
5.7643977E13	14515.0	78.0
5.7643985E13	14515.0	79.0
5.7643998E13	14515.0	81.0
5.7644006E13	14515.0	83.0
5.764402E13	18517.0	86.0
5.7644027E13	18517.0	87.0
5.7644035E13	18517.0	85.0
5.764405E13	18517.0	83.0
5.7644056E13	21538.0	82.0
5.764407E13	21538.0	80.0
5.7644077E13	21538.0	79.0
5.7644086E13	21538.0	78.0
5.76441E13	26506.0	77.0
5.7644107E13	26506.0	76.0
5.7644115E13	26506.0	75.0
5.7644128E13	28292.0	73.0
5.7644136E13	28292.0	72.0
5.764415E13	28292.0	71.0
5.7644157E13	28292.0	70.0
5.7644165E13	30330.0	70.0
5.764418E13	30330.0	70.0
5.7644186E13	30330.0	71.0
5.76442E13	30330.0	70.0
5.7644207E13	30827.0	70.0
5.7644216E13	30827.0	70.0
5.764423E13	30827.0	69.0
5.7644237E13	30827.0	68.0
5.7644245E13	30190.0	66.0
5.7644258E13	30190.0	72.0
5.7644266E13	30190.0	77.0
5.764428E13	31180.0	79.0
5.7644287E13	31180.0	77.0
5.7644295E13	31180.0	76.0
5.764431E13	31180.0	77.0
5.7644316E13	31058.0	78.0
5.764433E13	31058.0	76.0
5.7644337E13	31058.0	75.0
5.7644346E13	31058.0	73.0
5.764436E13	33567.0	71.0
5.7644367E13	33567.0	70.0
5.764438E13	33567.0	69.0
5.7644388E13	33567.0	67.0
5.7644396E13	32245.0	63.0
5.764441E13	32245.0	62.0
5.7644417E13	32245.0	62.0
5.7644425E13	29480.0	64.0
5.764444E13	29480.0	67.0
5.7644446E13	29480.0	69.0
5.764446E13	29480.0	72.0
5.7644467E13	27899.0	74.0
5.7644476E13	27899.0	76.0
5.764449E13	27899.0	77.0
5.7644497E13	27899.0	79.0
5.764451E13	27517.0	79.0
5.7644518E13	27517.0	79.0
5.7644526E13	27517.0	79.0
5.764454E13	27517.0	79.0
5.7644547E13	25911.0	79.0
5.7644555E13	25911.0	79.0
5.764457E13	25911.0	79.0
5.7644576E13	21997.0	78.0
5.764459E13	21997.0	77.0
5.7644597E13	21997.0	75.0
5.7644606E13	21997.0	74.0
5.764462E13	20126.0	73.0
5.7644627E13	20126.0	73.0
5.764464E13	20126.0	72.0
5.7644648E13	20126.0	72.0
5.7644656E13	17787.0	72.0
5.764467E13	17787.0	73.0
5.7644677E13	17787.0	74.0
5.7644685E13	17787.0	75.0
5.76447E13	14417.0	76.0
5.7644706E13	14417.0	74.0
5.764472E13	12110.0	74.0
5.7644727E13	12110.0	74.0
5.7644736E13	12110.0	74.0
5.764475E13	12110.0	72.0
5.7644757E13	9625.0	71.0
5.764477E13	9625.0	71.0
5.7644778E13	9625.0	71.0
5.7644786E13	9625.0	71.0
5.76448E13	9625.0	71.0
5.7644807E13	9652.0	69.0
5.764482E13	9652.0	68.0
5.764483E13	9652.0	40.0
5.7644836E13	9876.0	67.0
5.764485E13	9876.0	68.0
5.7644857E13	9876.0	68.0
5.7644866E13	9876.0	69.0
5.764488E13	9547.0	70.0
5.7644887E13	9547.0	72.0
5.76449E13	9547.0	75.0
5.7644908E13	9547.0	78.0
5.7644916E13	9729.0	80.0
5.764493E13	9729.0	79.0
5.7644937E13	9729.0	78.0
5.764495E13	9729.0	78.0
5.764496E13	9364.0	78.0
5.7644966E13	9364.0	80.0
5.764498E13	9364.0	80.0
5.7644987E13	9364.0	79.0
5.7644996E13	9421.0	77.0
5.764501E13	9421.0	76.0
5.7645017E13	9421.0	75.0
5.764503E13	9313.0	75.0
5.7645038E13	9313.0	75.0
5.7645046E13	9313.0	76.0
5.764506E13	9313.0	78.0
5.7645067E13	8814.0	83.0
5.764508E13	8814.0	82.0
5.764509E13	8814.0	81.0
5.7645097E13	8814.0	80.0
5.764511E13	8823.0	80.0
5.7645117E13	8823.0	80.0
5.7645126E13	8823.0	80.0
5.764514E13	8823.0	80.0
5.7645147E13	10978.0	80.0
5.764516E13	10978.0	80.0
5.7645168E13	10978.0	80.0
5.7645176E13	14507.0	81.0
5.764519E13	14507.0	82.0
5.7645197E13	14507.0	83.0
5.764521E13	14507.0	84.0
5.764522E13	18985.0	84.0
5.7645227E13	18985.0	84.0
5.764524E13	18985.0	83.0
5.7645247E13	18985.0	83.0
5.764526E13	21611.0	84.0
5.764527E13	21611.0	83.0
5.7645277E13	21611.0	80.0
5.764529E13	21611.0	79.0
5.7645298E13	25480.0	78.0
5.7645306E13	25480.0	77.0
5.764532E13	25480.0	76.0
5.7645327E13	27343.0	74.0
5.764534E13	27343.0	73.0
5.764535E13	27343.0	72.0
5.7645357E13	27343.0	73.0
5.764537E13	30378.0	74.0
5.7645378E13	30378.0	74.0
5.764539E13	30378.0	74.0
5.76454E13	30378.0	75.0
5.7645407E13	32111.0	74.0
5.764542E13	32111.0	71.0
5.7645428E13	32111.0	70.0
5.7645436E13	32111.0	71.0
5.764545E13	31007.0	72.0
5.7645457E13	31007.0	74.0
5.764547E13	31007.0	76.0
5.764548E13	31924.0	78.0
5.7645487E13	31924.0	78.0
5.76455E13	31924.0	76.0
5.7645508E13	31924.0	75.0
5.764552E13	30674.0	75.0
5.764553E13	30674.0	74.0
5.7645537E13	30674.0	73.0
5.764555E13	30674.0	73.0
5.7645558E13	33333.0	72.0
5.7645566E13	33333.0	69.0
5.764558E13	33333.0	67.0
5.7645587E13	33333.0	65.0
5.76456E13	31196.0	64.0
5.764561E13	31196.0	64.0
5.7645617E13	31196.0	65.0
5.764563E13	28490.0	66.0
5.7645638E13	28490.0	68.0
5.764565E13	28490.0	70.0
5.764566E13	28490.0	73.0
5.7645667E13	27767.0	74.0
5.764568E13	27767.0	76.0
5.7645688E13	27767.0	77.0
5.76457E13	27767.0	78.0
5.764571E13	27116.0	79.0
5.7645717E13	27116.0	80.0
5.764573E13	27116.0	80.0
5.764574E13	22926.0	79.0
5.7645747E13	22926.0	79.0
5.764576E13	22926.0	78.0
5.7645768E13	22926.0	78.0
5.764578E13	21129.0	77.0
5.764579E13	21129.0	77.0
5.7645797E13	21129.0	76.0
5.764581E13	21129.0	76.0
5.764582E13	18876.0	75.0
5.764583E13	18876.0	73.0
5.764584E13	18876.0	41.0
5.7645847E13	16513.0	72.0
5.764586E13	16513.0	73.0
5.764587E13	16513.0	76.0
5.764588E13	16513.0	76.0
5.764589E13	16513.0	77.0
5.7645898E13	14728.0	79.0
5.764591E13	14728.0	78.0
5.764592E13	14728.0	76.0
5.7645927E13	12375.0	75.0
5.764594E13	12375.0	74.0
5.764595E13	12375.0	72.0
5.764596E13	12375.0	72.0
5.764597E13	13589.0	72.0
5.7645977E13	13589.0	71.0
5.764599E13	13589.0	70.0
5.7646E13	13589.0	70.0
5.764601E13	11866.0	69.0
5.764602E13	11866.0	68.0
5.7646028E13	11866.0	67.0
5.764604E13	11866.0	67.0
5.764605E13	12107.0	69.0
5.7646057E13	12107.0	71.0
5.764607E13	12107.0	73.0
5.764608E13	11839.0	75.0
5.764609E13	11839.0	78.0
5.76461E13	11839.0	81.0
5.7646107E13	11839.0	80.0
5.764612E13	13574.0	79.0
5.764613E13	13574.0	79.0
5.764614E13	13574.0	80.0
5.764615E13	13574.0	82.0
5.7646158E13	13917.0	83.0
5.764617E13	13917.0	83.0
5.764618E13	13917.0	82.0
5.7646187E13	13917.0	80.0
5.76462E13	10001.0	78.0
5.764621E13	10001.0	78.0
5.764622E13	10001.0	77.0
5.764623E13	10317.0	78.0
5.7646237E13	10317.0	77.0
5.764625E13	10317.0	43.0
5.764626E13	9046.0	74.0
5.764627E13	9046.0	74.0
5.764628E13	9046.0	74.0
5.7646288E13	9046.0	76.0
5.76463E13	10639.0	77.0
5.764631E13	10639.0	79.0
5.7646317E13	10639.0	80.0
5.764633E13	10639.0	82.0
5.764634E13	13549.0	82.0
5.764635E13	13549.0	82.0
5.764636E13	13549.0	83.0
5.7646367E13	17275.0	85.0
5.764638E13	17275.0	85.0
5.764639E13	17275.0	84.0
5.76464E13	17275.0	85.0
5.764641E13	20004.0	85.0
5.7646418E13	20004.0	84.0
5.764643E13	20004.0	82.0
5.764644E13	20004.0	80.0
5.764645E13	25056.0	78.0
5.764646E13	25056.0	78.0
5.764647E13	25056.0	77.0
5.764648E13	25056.0	76.0
5.764649E13	28322.0	75.0
5.7646497E13	28322.0	75.0
5.764651E13	28322.0	76.0
5.764652E13	29674.0	75.0
5.764653E13	29674.0	75.0
5.764654E13	29674.0	72.0
5.7646548E13	29674.0	72.0
5.764656E13	29674.0	73.0
5.764657E13	31924.0	74.0
5.764658E13	31924.0	74.0
5.764659E13	31924.0	74.0
5.76466E13	31924.0	72.0
5.764661E13	32070.0	69.0
5.764662E13	32070.0	68.0
5.7646627E13	32070.0	69.0
5.764664E13	32070.0	71.0
5.764665E13	32490.0	74.0
5.764666E13	32490.0	78.0
5.764667E13	32490.0	79.0
5.7646678E13	33065.0	77.0
5.764669E13	33065.0	76.0
5.76467E13	33065.0	76.0
5.764671E13	33065.0	76.0
5.764672E13	31390.0	75.0
5.764673E13	31390.0	73.0
5.764674E13	31390.0	71.0
5.764675E13	33161.0	67.0
5.7646757E13	33161.0	67.0
5.764677E13	33161.0	67.0
5.764678E13	33161.0	66.0
5.764679E13	31032.0	66.0
5.76468E13	31032.0	66.0
5.7646808E13	31032.0	68.0
5.764682E13	31032.0	70.0
5.764683E13	27826.0	72.0
5.764685E13	27826.0	75.0
5.764686E13	27826.0	77.0
5.764687E13	25472.0	79.0
5.764688E13	25472.0	80.0
5.7646887E13	25472.0	81.0
5.76469E13	25472.0	81.0
5.764691E13	24545.0	80.0
5.764692E13	24545.0	80.0
5.764693E13	24545.0	78.0
5.7646938E13	24545.0	76.0
5.764695E13	22817.0	76.0
5.764696E13	22817.0	75.0
5.764697E13	22817.0	74.0
5.764698E13	20550.0	73.0
5.764699E13	20550.0	72.0
5.7647E13	20550.0	72.0
5.764701E13	20550.0	72.0
5.764702E13	19169.0	74.0
5.764703E13	19169.0	74.0
5.764704E13	19169.0	74.0
5.764705E13	19169.0	74.0
5.764706E13	15640.0	75.0
5.7647068E13	15640.0	76.0
5.764708E13	15640.0	76.0
5.764709E13	15640.0	77.0
5.76471E13	13587.0	76.0
5.764711E13	13587.0	75.0
5.764712E13	13587.0	74.0
5.764713E13	13599.0	72.0
5.764714E13	13599.0	70.0
5.764715E13	13599.0	69.0
5.764716E13	13599.0	69.0
5.764717E13	13568.0	70.0
5.764718E13	13568.0	71.0
5.764719E13	13568.0	71.0
5.76472E13	13568.0	69.0
5.764721E13	12243.0	67.0
5.764722E13	12243.0	67.0
5.764723E13	12243.0	69.0
5.764725E13	12294.0	73.0
5.764726E13	12294.0	76.0
5.764727E13	12294.0	78.0
5.764728E13	13665.0	78.0
5.764729E13	13665.0	77.0
5.76473E13	13665.0	78.0
5.764731E13	13665.0	79.0
5.764732E13	13839.0	81.0
5.7647328E13	13839.0	83.0
5.764734E13	13839.0	83.0
5.764735E13	13839.0	81.0
5.764736E13	11150.0	79.0
5.764737E13	11150.0	78.0
5.764738E13	11150.0	78.0
5.764739E13	10269.0	77.0
5.76474E13	10392.0	77.0
5.764741E13	10392.0	76.0
5.764742E13	10392.0	76.0
5.764743E13	11513.0	77.0
5.764744E13	11513.0	79.0
5.764745E13	11513.0	81.0
5.764746E13	11513.0	83.0
5.764747E13	13091.0	84.0
5.764748E13	13091.0	84.0
5.764749E13	13091.0	82.0
5.7647512E13	14374.0	78.0
5.764752E13	14374.0	77.0
5.764753E13	14374.0	77.0
5.764754E13	10085.0	78.0
5.764755E13	18079.0	80.0
5.7647563E13	18079.0	84.0
5.764757E13	18079.0	85.0
5.764758E13	20971.0	84.0
5.7647592E13	20971.0	84.0
5.76476E13	20971.0	84.0
5.764761E13	20971.0	84.0
5.764762E13	25684.0	82.0
5.764763E13	25684.0	80.0
5.7647642E13	25684.0	78.0
5.764765E13	25684.0	76.0
5.764766E13	28504.0	75.0
5.764767E13	28504.0	72.0
5.764768E13	28504.0	71.0
5.764769E13	26371.0	70.0
5.76477E13	31884.0	69.0
5.764771E13	31884.0	69.0
5.7647722E13	33280.0	73.0
5.764773E13	33280.0	73.0
5.764774E13	33280.0	72.0
5.764775E13	33280.0	69.0
5.764776E13	33280.0	69.0
5.7647772E13	31481.0	67.0
5.764778E13	31481.0	67.0
5.764779E13	31481.0	69.0
5.76478E13	31481.0	72.0
5.764781E13	32718.0	74.0
5.764782E13	32718.0	77.0
5.764783E13	32132.0	78.0
5.764784E13	34049.0	76.0
5.7647852E13	34049.0	75.0
5.764786E13	34049.0	75.0
5.764787E13	34049.0	77.0
5.764788E13	33460.0	77.0
5.764789E13	33460.0	76.0
5.7647902E13	33460.0	74.0
5.764791E13	33460.0	71.0
5.764792E13	31892.0	70.0
5.764793E13	31892.0	68.0
5.764794E13	31892.0	65.0
5.764795E13	31892.0	64.0
5.764796E13	33096.0	63.0
5.764797E13	33096.0	63.0
5.7647982E13	33096.0	66.0
5.764799E13	34002.0	69.0
5.7648E13	30971.0	73.0
5.764801E13	30971.0	75.0
5.764802E13	30971.0	76.0
5.7648033E13	28369.0	77.0
5.764804E13	28369.0	78.0
5.764805E13	28369.0	80.0
5.764806E13	28369.0	81.0
5.764807E13	25960.0	81.0
5.7648083E13	25960.0	80.0
5.764809E13	25960.0	79.0
5.76481E13	25960.0	79.0
5.7648112E13	25718.0	78.0
5.764812E13	25718.0	77.0
5.764813E13	25718.0	77.0
5.764814E13	26730.0	75.0
5.764815E13	24870.0	73.0
5.7648163E13	24870.0	73.0
5.764817E13	24870.0	72.0
5.764818E13	21153.0	71.0
5.764819E13	21153.0	71.0
5.76482E13	21153.0	71.0
5.7648213E13	21153.0	72.0
5.764822E13	19238.0	74.0
5.764823E13	19238.0	76.0
5.7648242E13	19238.0	76.0
5.764825E13	19238.0	76.0
5.764826E13	16686.0	76.0
5.764827E13	16686.0	75.0
5.764828E13	16686.0	75.0
5.7648293E13	16025.0	75.0
5.76483E13	13347.0	74.0
5.764831E13	13347.0	73.0
5.764832E13	13347.0	72.0
5.764833E13	14159.0	70.0
5.7648343E13	14159.0	69.0
5.764835E13	14159.0	69.0
5.764836E13	14159.0	69.0
5.7648372E13	12991.0	69.0
5.764838E13	12991.0	67.0
5.764839E13	12991.0	66.0
5.76484E13	12991.0	67.0
5.764841E13	12084.0	68.0
5.7648423E13	12084.0	70.0
5.764843E13	12084.0	72.0
5.764844E13	13384.0	76.0
5.764845E13	12534.0	80.0
5.764846E13	12534.0	81.0
5.7648473E13	12534.0	80.0
5.764848E13	14112.0	79.0
5.764849E13	14112.0	79.0
5.7648502E13	14112.0	81.0
5.764851E13	14112.0	82.0
5.7648523E13	12844.0	84.0
5.764853E13	12844.0	84.0
5.764854E13	12844.0	83.0
5.7648553E13	12844.0	81.0
5.764856E13	12561.0	80.0
5.764857E13	12561.0	79.0
5.764858E13	12561.0	79.0
5.764859E13	11351.0	79.0
5.7648603E13	11351.0	79.0
5.764861E13	11351.0	79.0
5.764862E13	11351.0	79.0
5.7648632E13	12152.0	80.0
5.764864E13	12152.0	80.0
5.7648653E13	12152.0	81.0
5.764866E13	12152.0	82.0
5.764867E13	12866.0	82.0
5.7648683E13	12866.0	82.0
5.764869E13	12866.0	81.0
5.76487E13	12866.0	81.0
5.764871E13	13929.0	81.0
5.764872E13	13929.0	81.0
5.7648733E13	16735.0	82.0
5.764874E13	16735.0	83.0
5.764875E13	16735.0	85.0
5.7648762E13	16735.0	86.0
5.764877E13	20118.0	87.0
5.7648783E13	20118.0	86.0
5.764879E13	20118.0	85.0
5.76488E13	20118.0	84.0
5.7648813E13	22613.0	82.0
5.764882E13	22613.0	82.0
5.764883E13	22613.0	81.0
5.764884E13	22613.0	79.0
5.764885E13	27080.0	78.0
5.7648863E13	27080.0	76.0
5.764887E13	27080.0	75.0
5.7648884E13	28687.0	74.0
5.7648892E13	28687.0	73.0
5.76489E13	28687.0	72.0
5.7648913E13	28687.0	74.0
5.764892E13	30284.0	76.0
5.764893E13	30284.0	75.0
5.7648943E13	30284.0	73.0
5.764895E13	30284.0	71.0
5.7648964E13	31093.0	69.0
5.764897E13	31093.0	67.0
5.764898E13	31093.0	67.0
5.7648993E13	31093.0	69.0
5.7649E13	31950.0	73.0
5.764901E13	31950.0	76.0
5.7649022E13	31950.0	78.0
5.764903E13	32033.0	80.0
5.7649043E13	32033.0	80.0
5.764905E13	32033.0	77.0
5.764906E13	32033.0	76.0
5.7649073E13	32033.0	76.0
5.764908E13	32721.0	77.0
5.764909E13	32721.0	77.0
5.76491E13	32721.0	76.0
5.764911E13	32721.0	73.0
5.7649123E13	30466.0	71.0
5.764913E13	30466.0	70.0
5.764914E13	30466.0	68.0
5.7649152E13	30466.0	66.0
5.764916E13	28734.0	66.0
5.7649173E13	28734.0	67.0
5.764918E13	28734.0	68.0
5.764919E13	26447.0	70.0
5.7649203E13	26447.0	72.0
5.764921E13	26447.0	74.0
5.764922E13	26447.0	76.0
5.764923E13	26905.0	78.0
5.764924E13	26905.0	79.0
5.7649253E13	26905.0	81.0
5.764926E13	26905.0	81.0
5.764927E13	25862.0	81.0
5.7649282E13	25862.0	81.0
5.764929E13	25862.0	80.0
5.7649303E13	25862.0	79.0
5.764931E13	22942.0	79.0
5.764932E13	22942.0	78.0
5.7649333E13	22942.0	76.0
5.764934E13	21055.0	76.0
5.7649354E13	21055.0	74.0
5.7649362E13	21055.0	73.0
5.764937E13	21055.0	71.0
5.7649383E13	19407.0	71.0
5.764939E13	19407.0	71.0
5.76494E13	19407.0	71.0
5.7649412E13	19407.0	71.0
5.764942E13	17868.0	73.0
5.7649433E13	17868.0	74.0
5.764944E13	17868.0	77.0
5.764945E13	17868.0	78.0
5.7649463E13	16368.0	76.0
5.764947E13	16368.0	76.0
5.7649484E13	16368.0	75.0
5.7649492E13	14354.0	73.0
5.76495E13	14354.0	72.0
5.7649513E13	14354.0	72.0
5.764952E13	13177.0	69.0
5.7649534E13	13177.0	69.0
5.7649542E13	13177.0	69.0
5.764955E13	13177.0	69.0
5.7649563E13	13177.0	69.0
5.764957E13	11165.0	69.0
5.764958E13	11165.0	68.0
5.7649593E13	11165.0	67.0
5.76496E13	11165.0	68.0
5.7649614E13	11962.0	70.0
5.7649622E13	11962.0	72.0
5.764963E13	11962.0	74.0
5.7649643E13	11776.0	76.0
5.764965E13	11776.0	77.0
5.7649664E13	11776.0	77.0
5.7649672E13	11776.0	76.0
5.764968E13	13339.0	76.0
5.7649693E13	13339.0	77.0
5.76497E13	13339.0	79.0
5.764971E13	13339.0	81.0
5.7649723E13	13429.0	83.0
5.764973E13	13429.0	84.0
5.7649744E13	13429.0	84.0
5.7649752E13	12465.0	82.0
5.764976E13	12465.0	82.0
5.7649773E13	12465.0	81.0
5.764978E13	10895.0	81.0
5.7649794E13	10895.0	81.0
5.7649803E13	10895.0	81.0
5.764981E13	10895.0	81.0
5.7649823E13	10777.0	82.0
5.764983E13	10777.0	82.0
5.764984E13	10777.0	83.0
5.7649853E13	10777.0	84.0
5.764986E13	10777.0	84.0
5.7649874E13	12213.0	83.0
5.7649882E13	12213.0	81.0
5.764989E13	12213.0	79.0
5.7649903E13	12213.0	79.0
5.764991E13	13782.0	78.0
5.7649924E13	13782.0	79.0
5.7649933E13	13782.0	80.0
5.764994E13	15826.0	84.0
5.7649954E13	15826.0	86.0
5.7649974E13	15826.0	87.0
5.7649983E13	19685.0	85.0
5.764999E13	19685.0	85.0
5.7650004E13	19685.0	85.0
5.7650012E13	19685.0	84.0
5.765002E13	22069.0	83.0
5.7650033E13	22069.0	81.0
5.765004E13	22069.0	79.0
5.7650054E13	22069.0	77.0
5.7650063E13	24365.0	75.0
5.765007E13	24365.0	75.0
5.7650084E13	24365.0	74.0
5.765009E13	27564.0	74.0
5.765012E13	27564.0	75.0
5.7650134E13	30250.0	74.0
5.7650142E13	30250.0	72.0
5.7650155E13	30250.0	71.0
5.7650163E13	30250.0	71.0
5.765017E13	31754.0	71.0
5.7650184E13	31754.0	73.0
5.7650193E13	31754.0	76.0
5.76502E13	31754.0	78.0
5.7650214E13	32610.0	78.0
5.765022E13	32610.0	77.0
5.7650235E13	32610.0	77.0
5.7650243E13	33358.0	77.0
5.765025E13	33358.0	77.0
5.7650264E13	33358.0	75.0
5.7650272E13	33358.0	73.0
5.7650285E13	31652.0	71.0
5.7650293E13	31652.0	70.0
5.76503E13	31652.0	68.0
5.7650314E13	31652.0	64.0
5.7650323E13	28498.0	62.0
5.765033E13	28498.0	62.0
5.7650344E13	28498.0	63.0
5.765035E13	28498.0	64.0
5.7650365E13	27775.0	66.0
5.7650373E13	27775.0	68.0
5.765038E13	27775.0	71.0
5.7650394E13	27481.0	74.0
5.7650402E13	27481.0	76.0
5.7650415E13	27481.0	78.0
5.7650423E13	27481.0	79.0
5.765043E13	26350.0	80.0
5.7650444E13	26350.0	80.0
5.7650453E13	26350.0	79.0
5.765046E13	26350.0	79.0
5.7650474E13	22067.0	80.0
5.765048E13	22067.0	80.0
5.7650495E13	22067.0	80.0
5.7650503E13	22067.0	78.0
5.765051E13	20545.0	77.0
5.7650524E13	20545.0	76.0
5.7650532E13	20545.0	75.0
5.7650545E13	18690.0	74.0
5.7650553E13	18690.0	74.0
5.765056E13	18690.0	73.0
5.7650574E13	18690.0	72.0
5.7650583E13	15610.0	71.0
5.7650595E13	15610.0	72.0
5.7650604E13	15610.0	74.0
5.765061E13	15610.0	74.0
5.7650625E13	13230.0	76.0
5.7650633E13	13230.0	75.0
5.765064E13	13230.0	75.0
5.7650654E13	13230.0	75.0
5.7650662E13	12919.0	76.0
5.7650675E13	12919.0	76.0
5.7650683E13	12919.0	75.0
5.765069E13	10597.0	73.0
5.7650704E13	10597.0	71.0
5.7650713E13	10597.0	68.0
5.7650725E13	10597.0	68.0
5.7650734E13	10019.0	69.0
5.765074E13	10019.0	70.0
5.7650755E13	10019.0	68.0
5.7650763E13	11536.0	68.0
5.765077E13	11536.0	68.0
5.7650784E13	11536.0	69.0
5.7650792E13	11536.0	69.0
5.7650805E13	11536.0	70.0
5.7650813E13	11425.0	74.0
5.765082E13	11425.0	74.0
5.7650834E13	11425.0	76.0
5.7650843E13	9982.0	76.0
5.7650855E13	9982.0	77.0
5.7650864E13	9982.0	79.0
5.765087E13	10507.0	81.0
5.7650885E13	10507.0	83.0
5.7650893E13	10507.0	83.0
5.76509E13	10507.0	83.0
5.7650914E13	10507.0	82.0
5.7650922E13	10709.0	81.0
5.7650935E13	10709.0	81.0
5.7650943E13	10709.0	80.0
5.765095E13	10709.0	80.0
5.7650964E13	10860.0	79.0
5.7650973E13	10860.0	79.0
5.7650985E13	10860.0	79.0
5.7650994E13	9435.0	79.0
5.7651E13	9435.0	80.0
5.7651015E13	9435.0	81.0
5.7651023E13	9435.0	83.0
5.7651036E13	9253.0	83.0
5.7651044E13	9253.0	83.0
5.7651052E13	9253.0	82.0
5.7651065E13	9253.0	81.0
5.7651073E13	10774.0	80.0
5.765108E13	10774.0	79.0
5.7651094E13	10774.0	78.0
5.7651103E13	10774.0	79.0
5.7651115E13	13700.0	80.0
5.7651124E13	13700.0	82.0
5.7651132E13	13700.0	85.0
5.7651145E13	18003.0	88.0
5.7651153E13	18003.0	89.0
5.7651166E13	18003.0	86.0
5.7651174E13	18003.0	84.0
5.7651182E13	20618.0	83.0
5.7651195E13	20618.0	82.0
5.7651203E13	20618.0	80.0
5.765121E13	23980.0	76.0
5.7651224E13	23980.0	76.0
5.7651233E13	23980.0	76.0
5.7651245E13	23980.0	75.0
5.7651254E13	26617.0	72.0
5.7651262E13	26617.0	70.0
5.7651275E13	26617.0	71.0
5.7651283E13	28259.0	73.0
5.7651296E13	28259.0	74.0
5.7651304E13	28259.0	74.0
5.7651312E13	28259.0	72.0
5.7651325E13	30865.0	69.0
5.7651333E13	30865.0	68.0
5.7651346E13	30865.0	68.0
5.7651354E13	30865.0	66.0
5.7651363E13	30865.0	67.0
5.7651375E13	30804.0	68.0
5.7651384E13	30804.0	74.0
5.7651392E13	30804.0	79.0
5.7651405E13	30804.0	79.0
5.7651413E13	30739.0	77.0
5.7651426E13	30739.0	77.0
5.7651434E13	30739.0	78.0
5.7651442E13	31397.0	79.0
5.7651455E13	31397.0	74.0
5.7651463E13	31397.0	72.0
5.7651476E13	28666.0	67.0
5.7651484E13	27555.0	64.0
5.7651493E13	27555.0	64.0
5.7651505E13	27555.0	64.0
5.7651514E13	27555.0	64.0
5.7651522E13	27555.0	65.0
5.765154E13	27555.0	69.0
5.7651547E13	28766.0	72.0
5.7651556E13	27506.0	74.0
5.7651564E13	27506.0	75.0
5.7651573E13	27506.0	76.0
5.7651585E13	26715.0	77.0
5.7651593E13	26715.0	77.0
5.7651606E13	26715.0	79.0
5.7651614E13	26715.0	80.0
5.7651623E13	22867.0	79.0
5.7651635E13	22867.0	79.0
5.7651644E13	22867.0	78.0
5.7651652E13	22867.0	78.0
5.7651665E13	21063.0	77.0
5.7651673E13	21063.0	76.0
5.7651686E13	23472.0	75.0
5.7651694E13	23472.0	75.0
5.7651703E13	23472.0	75.0
5.7651715E13	20292.0	74.0
5.7651724E13	20292.0	73.0
5.7651736E13	20292.0	72.0
5.7651744E13	16393.0	73.0
5.7651753E13	16393.0	75.0
5.7651765E13	16393.0	75.0
5.7651774E13	16393.0	75.0
5.7651782E13	13646.0	75.0
5.7651795E13	13646.0	75.0
5.7651803E13	13646.0	76.0
5.7651816E13	13646.0	78.0
5.7651824E13	12502.0	78.0
5.7651833E13	12502.0	78.0
5.7651845E13	12502.0	78.0
5.7651854E13	16521.0	77.0
5.765187E13	10931.0	75.0
5.7651874E13	10931.0	71.0
5.7651883E13	10931.0	69.0
5.7651895E13	9572.0	68.0
5.7651904E13	9572.0	69.0
5.7651916E13	9572.0	70.0
5.7651925E13	9572.0	71.0
5.7651937E13	11213.0	70.0
5.7651946E13	11213.0	69.0
5.7651967E13	11213.0	69.0
5.7651967E13	11445.0	69.0
5.7651975E13	11445.0	70.0
5.7651984E13	11445.0	73.0
5.7651996E13	11445.0	75.0
5.7652005E13	11488.0	78.0
5.7652017E13	10993.0	80.0
5.7652025E13	10993.0	81.0
5.765204E13	10993.0	80.0
5.7652046E13	9646.0	79.0
5.7652055E13	9646.0	77.0
5.7652063E13	9646.0	77.0
5.7652076E13	9646.0	78.0
5.7652084E13	9355.0	80.0
5.7652097E13	9355.0	82.0
5.7652105E13	9355.0	83.0
5.7652118E13	9355.0	84.0
5.7652126E13	9094.0	83.0
5.7652135E13	9094.0	84.0
5.7652143E13	9094.0	85.0
5.7652156E13	10231.0	85.0
5.7652164E13	8384.0	85.0
5.7652176E13	8384.0	27.0
5.7652185E13	8384.0	84.0
5.7652197E13	8042.0	83.0
5.7652206E13	8042.0	83.0
5.765222E13	8042.0	84.0
5.7652223E13	8042.0	84.0
5.7652235E13	8221.0	84.0
5.7652244E13	8221.0	28.0
5.7652256E13	8221.0	28.0
5.7652265E13	8221.0	83.0
5.7652286E13	8047.0	28.0
5.7652277E13	8047.0	28.0
5.76523E13	8047.0	28.0
5.7652307E13	6249.0	84.0
5.7652315E13	8867.0	26.0
5.7652323E13	8867.0	26.0
5.7652336E13	8867.0	86.0
5.7652344E13	12596.0	19.0
5.7652357E13	12596.0	88.0
5.7652365E13	12596.0	88.0
5.7652378E13	12596.0	86.0
5.7652386E13	0.0	83.0
5.7652395E13	0.0	81.0
5.7652403E13	0.0	90.0
5.7652416E13	19774.0	12.0
5.7652424E13	19774.0	12.0
5.7652437E13	19774.0	12.0
5.7652445E13	19774.0	12.0
5.7652458E13	21165.0	11.0
5.7652466E13	21165.0	11.0
5.765248E13	21165.0	80.0
5.7652487E13	0.0	90.0
5.7652495E13	0.0	90.0
5.7652504E13	0.0	90.0
5.7652516E13	26635.0	8.0
5.7652525E13	26635.0	8.0
5.7652537E13	26635.0	8.0
5.7652546E13	26635.0	8.0
5.765256E13	27218.0	7.0
5.7652567E13	27218.0	7.0
5.765258E13	27218.0	7.0
5.7652583E13	0.0	77.0
5.7652596E13	0.0	76.0
5.7652604E13	0.0	76.0
5.7652617E13	24540.0	75.0
5.7652625E13	24540.0	74.0
5.7652638E13	24540.0	69.0
5.7652646E13	24540.0	69.0
5.765266E13	22675.0	10.0
5.7652663E13	22675.0	10.0
5.7652676E13	22675.0	10.0
5.7652684E13	0.0	90.0
5.7652697E13	0.0	90.0
5.7652705E13	21609.0	63.0
5.7652718E13	21609.0	65.0
5.7652726E13	21609.0	65.0
5.765274E13	21609.0	67.0
5.7652747E13	21609.0	70.0
5.7652755E13	21229.0	73.0
5.7652764E13	21229.0	75.0
5.7652776E13	21229.0	76.0
5.7652785E13	0.0	77.0
5.7652797E13	0.0	77.0
5.7652806E13	0.0	77.0
5.765282E13	18981.0	77.0
5.7652827E13	18981.0	78.0
5.7652835E13	18981.0	78.0
5.7652843E13	18981.0	79.0
5.7652856E13	15588.0	79.0
5.7652864E13	15588.0	79.0
5.7652877E13	15588.0	79.0
5.7652885E13	0.0	78.0
5.76529E13	0.0	77.0
5.7652906E13	0.0	76.0
5.765292E13	11814.0	75.0
5.7652927E13	11814.0	74.0
5.7652936E13	11814.0	72.0
5.7652944E13	11814.0	72.0
5.7652957E13	11760.0	73.0
5.7652965E13	11760.0	74.0
5.7652978E13	11760.0	74.0
5.7652986E13	11760.0	73.0
5.7653E13	9617.0	74.0
5.7653007E13	9617.0	75.0
5.7653015E13	9617.0	76.0
5.7653024E13	9617.0	76.0
5.7653036E13	8903.0	75.0
5.7653045E13	8903.0	76.0
5.7653057E13	8903.0	75.0
5.7653066E13	6818.0	74.0
5.765308E13	6818.0	72.0
5.7653087E13	6818.0	71.0
5.76531E13	6818.0	70.0
5.7653103E13	6408.0	71.0
5.7653116E13	6408.0	71.0
5.7653124E13	6408.0	70.0
5.7653137E13	6408.0	69.0
5.7653145E13	6086.0	69.0
5.765316E13	6086.0	70.0
5.7653166E13	6086.0	73.0
5.765318E13	6508.0	74.0
5.7653187E13	6168.0	77.0
5.7653196E13	6168.0	80.0
5.7653204E13	6168.0	81.0
5.7653217E13	6747.0	80.0
5.7653225E13	6747.0	80.0
5.7653238E13	6747.0	81.0
5.7653246E13	6747.0	83.0
5.765326E13	7214.0	86.0
5.7653267E13	7214.0	86.0
5.7653275E13	7214.0	84.0
5.7653284E13	7214.0	82.0
5.7653296E13	7723.0	80.0
5.7653305E13	7723.0	79.0
5.7653317E13	7723.0	79.0
5.7653326E13	7723.0	79.0
5.765334E13	8330.0	79.0
5.7653347E13	8330.0	78.0
5.765336E13	8330.0	77.0
5.7653368E13	6936.0	77.0
5.7653376E13	6936.0	76.0
5.7653384E13	6936.0	76.0
5.7653397E13	6936.0	76.0
5.7653405E13	6538.0	76.0
5.765342E13	6538.0	33.0
5.7653426E13	6538.0	78.0
