5.788677E13	31180.0	73.0
5.788678E13	31180.0	71.0
5.788679E13	31180.0	69.0
5.7886797E13	31180.0	67.0
5.788681E13	28244.0	65.0
5.788682E13	28244.0	64.0
5.788683E13	28244.0	62.0
5.788684E13	28244.0	61.0
5.7886848E13	28503.0	62.0
5.788686E13	28503.0	65.0
5.788687E13	28503.0	68.0
5.788688E13	28043.0	70.0
5.788689E13	28043.0	72.0
5.78869E13	28043.0	73.0
5.788691E13	28043.0	75.0
5.788692E13	25773.0	76.0
5.7886927E13	25773.0	76.0
5.788694E13	25773.0	76.0
5.788695E13	25773.0	74.0
5.788696E13	24432.0	72.0
5.788697E13	24432.0	73.0
5.7886978E13	24432.0	74.0
5.788699E13	24432.0	75.0
5.788701E13	26494.0	8.0
5.788702E13	26494.0	73.0
5.788703E13	26703.0	72.0
5.788704E13	26703.0	8.0
5.788705E13	26703.0	8.0
5.788706E13	26703.0	8.0
5.788707E13	26842.0	8.0
5.788708E13	26842.0	8.0
5.78871E13	26842.0	8.0
5.7887108E13	24683.0	10.0
5.788712E13	24683.0	10.0
5.788713E13	24683.0	71.0
5.788714E13	24683.0	71.0
5.788715E13	22645.0	10.0
5.788716E13	22645.0	10.0
5.788717E13	22645.0	10.0
5.788718E13	22000.0	11.0
5.788719E13	22000.0	11.0
5.78872E13	22000.0	11.0
5.788721E13	22000.0	11.0
5.788722E13	24390.0	9.0
5.788723E13	24390.0	9.0
5.7887238E13	24390.0	9.0
5.788725E13	24390.0	9.0
5.788726E13	23806.0	9.0
5.788727E13	23806.0	9.0
5.788728E13	23806.0	9.0
5.788729E13	23806.0	9.0
5.78873E13	23828.0	9.0
5.788731E13	23828.0	9.0
5.788732E13	23828.0	9.0
5.788733E13	23327.0	10.0
5.788734E13	23327.0	10.0
5.788735E13	23327.0	10.0
5.788736E13	23327.0	10.0
5.788737E13	20691.0	12.0
5.788738E13	20691.0	12.0
5.788739E13	20691.0	80.0
5.78874E13	20691.0	79.0
5.788741E13	19864.0	11.0
5.788742E13	19864.0	11.0
5.788743E13	19864.0	11.0
5.788744E13	19864.0	74.0
5.788745E13	17502.0	73.0
5.788746E13	17502.0	73.0
5.788747E13	17502.0	73.0
5.788748E13	14373.0	74.0
5.788749E13	14373.0	75.0
5.7887502E13	14373.0	77.0
5.788751E13	12668.0	80.0
5.788752E13	12668.0	80.0
5.788753E13	12668.0	80.0
5.788754E13	12668.0	79.0
5.7887552E13	12668.0	79.0
5.788756E13	10974.0	79.0
5.788757E13	10974.0	79.0
5.788758E13	10974.0	79.0
5.788759E13	10974.0	79.0
5.78876E13	13015.0	80.0
5.788761E13	13015.0	82.0
5.788762E13	13015.0	84.0
5.7887632E13	15681.0	86.0
5.788764E13	15681.0	84.0
5.788765E13	15681.0	83.0
5.788766E13	15681.0	83.0
5.788767E13	19435.0	83.0
5.7887682E13	19435.0	83.0
5.788769E13	19435.0	84.0
5.78877E13	19435.0	83.0
5.788771E13	21195.0	82.0
5.788772E13	21195.0	79.0
5.788773E13	21195.0	77.0
5.788774E13	21195.0	74.0
5.788775E13	26792.0	72.0
5.7887762E13	26792.0	70.0
5.788777E13	26792.0	68.0
5.788778E13	27765.0	67.0
5.788779E13	27765.0	69.0
5.78878E13	27765.0	69.0
5.7887812E13	27765.0	70.0
5.788782E13	28037.0	70.0
5.788783E13	28037.0	69.0
5.788784E13	28037.0	70.0
5.788785E13	28037.0	74.0
5.788786E13	27999.0	76.0
5.788787E13	27999.0	77.0
5.788788E13	27999.0	78.0
5.7887892E13	27999.0	77.0
5.788791E13	29545.0	77.0
5.788792E13	29545.0	77.0
5.788793E13	30383.0	75.0
5.7887943E13	30383.0	74.0
5.788795E13	30383.0	73.0
5.788796E13	30383.0	70.0
5.788797E13	29709.0	67.0
5.788798E13	29709.0	64.0
5.7887993E13	29709.0	61.0
5.7888E13	29709.0	60.0
5.788801E13	28276.0	63.0
5.7888022E13	28276.0	68.0
5.788803E13	28276.0	72.0
5.788804E13	28276.0	75.0
5.788805E13	26428.0	76.0
5.788806E13	26428.0	76.0
5.7888073E13	26428.0	76.0
5.788808E13	27167.0	77.0
5.788809E13	27167.0	78.0
5.78881E13	27167.0	78.0
5.788811E13	27167.0	78.0
5.7888123E13	26095.0	78.0
5.788813E13	26095.0	79.0
5.788814E13	26095.0	79.0
5.7888152E13	26095.0	78.0
5.788816E13	22910.0	76.0
5.788817E13	22910.0	74.0
5.788818E13	22910.0	73.0
5.788819E13	22910.0	72.0
5.7888203E13	22285.0	71.0
5.788821E13	22285.0	70.0
5.788822E13	22285.0	69.0
5.788823E13	20947.0	70.0
5.788824E13	20947.0	71.0
5.7888253E13	20947.0	71.0
5.788826E13	20947.0	72.0
5.788827E13	21457.0	74.0
5.7888282E13	21457.0	76.0
5.788829E13	21457.0	77.0
5.78883E13	21457.0	77.0
5.788831E13	20809.0	75.0
5.788832E13	20809.0	73.0
5.7888333E13	20809.0	73.0
5.788834E13	20809.0	73.0
5.788835E13	19456.0	70.0
5.788836E13	19456.0	68.0
5.788837E13	19456.0	68.0
5.7888383E13	18683.0	68.0
5.788839E13	18683.0	68.0
5.78884E13	18683.0	67.0
5.7888412E13	18683.0	66.0
5.788842E13	18653.0	64.0
5.788843E13	18653.0	64.0
5.788844E13	18653.0	66.0
5.788845E13	18653.0	69.0
5.7888463E13	19277.0	70.0
5.788847E13	19277.0	71.0
5.788848E13	19277.0	72.0
5.788849E13	19277.0	74.0
5.78885E13	19172.0	76.0
5.7888513E13	19172.0	77.0
5.788852E13	19172.0	78.0
5.788853E13	19736.0	81.0
5.7888542E13	19736.0	84.0
5.788855E13	19736.0	85.0
5.7888563E13	19736.0	83.0
5.788857E13	18863.0	79.0
5.788858E13	18863.0	76.0
5.7888593E13	18863.0	73.0
5.78886E13	18863.0	71.0
5.788861E13	16424.0	69.0
5.788862E13	16424.0	68.0
5.788863E13	16424.0	68.0
5.7888643E13	16424.0	69.0
5.788865E13	15214.0	71.0
5.788866E13	15214.0	74.0
5.7888672E13	15214.0	77.0
5.788868E13	13326.0	79.0
5.7888693E13	11833.0	80.0
5.78887E13	11833.0	80.0
5.788871E13	11833.0	79.0
5.7888723E13	12748.0	80.0
5.788873E13	12748.0	80.0
5.788874E13	12748.0	81.0
5.788875E13	12748.0	82.0
5.788876E13	13930.0	85.0
5.7888773E13	13930.0	88.0
5.788878E13	13930.0	87.0
5.7888794E13	13930.0	83.0
5.7888802E13	17282.0	81.0
5.788881E13	17282.0	81.0
5.7888823E13	17282.0	14.0
5.788883E13	15878.0	17.0
5.788884E13	19838.0	12.0
5.7888853E13	19838.0	12.0
5.788886E13	19838.0	12.0
5.7888874E13	22060.0	11.0
5.788888E13	22060.0	11.0
5.788889E13	22060.0	11.0
5.7888903E13	22060.0	11.0
5.788891E13	28082.0	7.0
5.788892E13	28082.0	7.0
5.7888932E13	28082.0	7.0
5.788894E13	28082.0	7.0
5.7888953E13	28308.0	8.0
5.788896E13	28308.0	73.0
5.788897E13	28308.0	72.0
5.7888983E13	25890.0	68.0
5.788899E13	30951.0	66.0
5.7889004E13	30951.0	66.0
5.788901E13	30951.0	68.0
5.788902E13	31454.0	71.0
5.7889033E13	31454.0	75.0
5.788904E13	31454.0	78.0
5.788905E13	31454.0	77.0
5.7889062E13	31365.0	77.0
5.788907E13	31365.0	76.0
5.7889083E13	31365.0	76.0
5.788909E13	31365.0	75.0
5.78891E13	31400.0	72.0
5.7889113E13	31400.0	69.0
5.788912E13	31400.0	67.0
5.7889134E13	32160.0	64.0
5.788914E13	29251.0	62.0
5.788915E13	29251.0	61.0
5.7889163E13	29251.0	61.0
5.788917E13	28084.0	63.0
5.7889184E13	28084.0	66.0
5.7889192E13	28084.0	70.0
5.78892E13	28084.0	72.0
5.7889213E13	26781.0	73.0
5.788922E13	26781.0	74.0
5.788923E13	26781.0	74.0
5.7889243E13	26781.0	8.0
5.788925E13	27684.0	77.0
5.7889264E13	27684.0	78.0
5.7889272E13	27684.0	78.0
5.788928E13	29520.0	79.0
5.7889293E13	26126.0	79.0
5.78893E13	26126.0	79.0
5.7889314E13	26126.0	79.0
5.7889322E13	22682.0	79.0
5.788933E13	22682.0	79.0
5.7889343E13	22682.0	78.0
5.788935E13	22682.0	77.0
5.788936E13	21482.0	75.0
5.7889373E13	21482.0	74.0
5.788938E13	21482.0	73.0
5.7889394E13	21482.0	73.0
5.7889402E13	20539.0	72.0
5.788941E13	20539.0	71.0
5.7889423E13	20539.0	71.0
5.788943E13	20539.0	71.0
5.7889444E13	20877.0	72.0
5.7889452E13	20877.0	73.0
5.788946E13	20877.0	75.0
5.7889473E13	20351.0	77.0
5.788948E13	20351.0	76.0
5.788949E13	20351.0	76.0
5.7889503E13	20351.0	76.0
5.788951E13	18934.0	74.0
5.7889524E13	18934.0	71.0
5.7889532E13	18934.0	70.0
5.788954E13	18934.0	69.0
5.7889553E13	19494.0	69.0
5.788956E13	19494.0	68.0
5.7889574E13	19494.0	67.0
5.7889582E13	19494.0	67.0
5.788959E13	19536.0	67.0
5.7889603E13	19536.0	69.0
5.788961E13	19536.0	69.0
5.7889624E13	18822.0	70.0
5.7889633E13	18822.0	71.0
5.788964E13	18822.0	73.0
5.7889654E13	18822.0	74.0
5.7889662E13	19808.0	74.0
5.788967E13	19808.0	73.0
5.7889683E13	19808.0	75.0
5.788969E13	19808.0	80.0
5.7889704E13	19242.0	84.0
5.7889713E13	19242.0	84.0
5.788972E13	19242.0	82.0
5.7889733E13	19242.0	80.0
5.788974E13	18707.0	77.0
5.7889754E13	18707.0	75.0
5.7889763E13	18707.0	75.0
5.788977E13	17017.0	75.0
5.7889784E13	17017.0	75.0
5.7889792E13	17017.0	75.0
5.7889805E13	17017.0	75.0
5.7889813E13	17744.0	76.0
5.788982E13	17744.0	78.0
5.7889834E13	17744.0	80.0
5.7889843E13	17744.0	82.0
5.788985E13	14654.0	84.0
5.7889863E13	14654.0	86.0
5.788987E13	14654.0	86.0
5.7889884E13	14654.0	84.0
5.7889893E13	12954.0	83.0
5.78899E13	12954.0	82.0
5.7889914E13	12954.0	81.0
5.7889922E13	13664.0	80.0
5.788993E13	13664.0	81.0
5.7889943E13	13664.0	82.0
5.788995E13	13664.0	84.0
5.7889964E13	16153.0	86.0
5.7889973E13	16153.0	86.0
5.788998E13	16153.0	85.0
5.7889994E13	16153.0	83.0
5.789E13	19197.0	83.0
5.7890014E13	19197.0	83.0
5.7890023E13	19197.0	81.0
5.789003E13	19197.0	80.0
5.7890044E13	20007.0	80.0
5.7890065E13	20007.0	78.0
5.7890073E13	26330.0	74.0
5.789008E13	26330.0	72.0
5.7890094E13	26330.0	71.0
5.7890103E13	28688.0	73.0
5.789011E13	28688.0	76.0
5.7890124E13	28688.0	80.0
5.789013E13	28688.0	79.0
5.7890145E13	29038.0	74.0
5.7890153E13	29038.0	70.0
5.789016E13	29038.0	68.0
5.7890174E13	29038.0	68.0
5.7890182E13	30957.0	71.0
5.7890195E13	30957.0	75.0
5.7890203E13	30957.0	76.0
5.789021E13	31045.0	76.0
5.7890224E13	31045.0	76.0
5.7890233E13	31045.0	76.0
5.789024E13	31045.0	75.0
5.7890254E13	32556.0	75.0
5.789026E13	32556.0	73.0
5.7890275E13	32556.0	71.0
5.7890283E13	32556.0	69.0
5.789029E13	31803.0	66.0
5.7890304E13	31803.0	63.0
5.7890312E13	31803.0	61.0
5.7890325E13	31803.0	60.0
5.7890333E13	29740.0	61.0
5.789034E13	29740.0	62.0
5.7890354E13	29740.0	64.0
5.7890363E13	27775.0	67.0
5.7890375E13	27775.0	69.0
5.7890384E13	27775.0	71.0
5.789039E13	27775.0	71.0
5.7890405E13	28679.0	75.0
5.7890413E13	28679.0	77.0
5.789042E13	28679.0	78.0
5.7890434E13	28679.0	79.0
5.7890442E13	27709.0	79.0
5.7890455E13	27709.0	78.0
5.7890463E13	27709.0	78.0
5.789047E13	27709.0	77.0
5.7890484E13	27709.0	77.0
5.7890493E13	24709.0	78.0
5.7890505E13	24709.0	77.0
5.7890514E13	24709.0	77.0
5.789052E13	23524.0	76.0
5.7890535E13	23524.0	74.0
5.7890543E13	23524.0	73.0
5.789055E13	23524.0	73.0
5.7890564E13	22344.0	72.0
5.7890572E13	22344.0	72.0
5.7890585E13	22344.0	72.0
5.7890593E13	22344.0	72.0
5.78906E13	21182.0	71.0
5.7890614E13	21182.0	72.0
5.7890644E13	22024.0	75.0
5.789065E13	22024.0	74.0
5.7890665E13	22024.0	73.0
5.7890673E13	21026.0	72.0
5.789068E13	21026.0	70.0
5.7890694E13	21026.0	68.0
5.7890702E13	21026.0	68.0
5.7890715E13	19953.0	69.0
5.7890723E13	19953.0	69.0
5.789073E13	19953.0	69.0
5.7890744E13	19953.0	68.0
5.7890753E13	19594.0	68.0
5.7890765E13	19594.0	66.0
5.7890774E13	19594.0	66.0
5.789078E13	19594.0	67.0
5.7890795E13	18974.0	69.0
5.7890803E13	18974.0	71.0
5.789081E13	18974.0	72.0
5.7890824E13	19202.0	74.0
5.7890832E13	19202.0	75.0
5.7890845E13	19202.0	74.0
5.7890853E13	19202.0	73.0
5.789086E13	19684.0	72.0
5.7890874E13	19684.0	74.0
5.7890883E13	19684.0	76.0
5.7890895E13	19684.0	77.0
5.7890904E13	18133.0	77.0
5.789091E13	18133.0	77.0
5.7890925E13	18133.0	76.0
5.7890933E13	18133.0	75.0
5.7890946E13	16590.0	75.0
5.7890954E13	16590.0	75.0
5.7890962E13	16590.0	75.0
5.7890975E13	12616.0	75.0
5.7890983E13	12616.0	76.0
5.789099E13	12616.0	78.0
5.7891004E13	12616.0	80.0
5.7891013E13	11040.0	82.0
5.7891025E13	11040.0	83.0
5.7891034E13	11040.0	85.0
5.7891042E13	11040.0	86.0
5.7891055E13	9471.0	87.0
5.7891063E13	9471.0	86.0
5.7891076E13	9471.0	85.0
5.7891084E13	9471.0	83.0
5.7891092E13	11022.0	82.0
5.7891105E13	11022.0	81.0
5.7891113E13	11022.0	81.0
5.7891126E13	13420.0	82.0
5.7891134E13	13420.0	82.0
5.7891143E13	13420.0	85.0
5.7891155E13	16607.0	85.0
5.7891164E13	16607.0	85.0
5.7891172E13	16607.0	83.0
5.7891185E13	16607.0	81.0
5.7891193E13	16607.0	81.0
5.7891206E13	19557.0	80.0
5.7891214E13	19557.0	78.0
5.7891222E13	19557.0	77.0
5.7891235E13	19557.0	76.0
5.7891243E13	22021.0	72.0
5.7891256E13	22021.0	72.0
5.7891264E13	27408.0	72.0
5.7891273E13	27408.0	79.0
5.7891285E13	27408.0	79.0
5.7891294E13	27408.0	80.0
5.7891302E13	27408.0	79.0
5.7891315E13	27700.0	76.0
5.7891323E13	27700.0	73.0
5.7891336E13	27700.0	71.0
5.7891344E13	27700.0	71.0
5.7891352E13	29918.0	72.0
5.7891365E13	29918.0	75.0
5.7891373E13	29918.0	79.0
5.7891386E13	29918.0	80.0
5.7891394E13	30959.0	79.0
5.7891403E13	30959.0	77.0
5.7891415E13	30959.0	76.0
5.7891424E13	32553.0	76.0
5.7891432E13	32553.0	75.0
5.7891445E13	32553.0	73.0
5.7891453E13	32553.0	70.0
5.7891466E13	31829.0	67.0
5.7891474E13	31829.0	65.0
5.7891483E13	31829.0	63.0
5.7891495E13	31829.0	61.0
5.7891503E13	30042.0	60.0
5.7891516E13	30042.0	60.0
5.7891524E13	30042.0	62.0
5.7891533E13	30042.0	65.0
5.7891545E13	28365.0	68.0
5.7891554E13	28365.0	71.0
5.7891566E13	28365.0	73.0
5.7891575E13	28356.0	73.0
5.7891583E13	27973.0	74.0
5.7891596E13	27973.0	76.0
5.7891604E13	27973.0	77.0
5.7891613E13	27760.0	77.0
5.7891625E13	27760.0	77.0
5.7891633E13	27760.0	77.0
5.7891646E13	27760.0	77.0
5.7891654E13	26569.0	78.0
5.7891663E13	26569.0	80.0
5.7891675E13	26569.0	79.0
5.7891684E13	26569.0	77.0
5.7891696E13	23505.0	76.0
5.7891705E13	23505.0	74.0
5.7891713E13	23505.0	72.0
5.7891726E13	25040.0	71.0
5.7891734E13	24847.0	70.0
5.7891743E13	24847.0	70.0
5.7891755E13	24847.0	69.0
5.7891764E13	21897.0	69.0
5.7891776E13	21897.0	70.0
5.7891784E13	21897.0	71.0
5.7891793E13	21897.0	73.0
5.7891805E13	21448.0	74.0
5.7891814E13	21448.0	74.0
5.7891826E13	21448.0	74.0
5.7891835E13	21448.0	74.0
5.7891843E13	21838.0	74.0
5.7891856E13	21838.0	73.0
5.7891864E13	21838.0	72.0
5.7891873E13	21543.0	70.0
5.7891885E13	21396.0	70.0
5.7891894E13	21396.0	69.0
5.7891906E13	21396.0	70.0
5.7891915E13	20718.0	70.0
5.7891923E13	20718.0	69.0
5.7891935E13	20718.0	67.0
5.7891944E13	20718.0	66.0
5.7891956E13	20709.0	66.0
5.7891965E13	20709.0	67.0
5.7891973E13	20709.0	69.0
5.7891986E13	20709.0	70.0
5.7891994E13	20509.0	71.0
5.7892007E13	20509.0	72.0
5.7892015E13	20509.0	73.0
5.7892024E13	20704.0	73.0
5.7892036E13	21253.0	73.0
5.7892045E13	21253.0	74.0
5.7892053E13	21253.0	75.0
5.7892066E13	20147.0	76.0
5.7892074E13	20147.0	78.0
5.7892086E13	20147.0	81.0
5.7892095E13	18830.0	81.0
5.7892103E13	18830.0	81.0
5.7892116E13	18830.0	81.0
5.7892124E13	18830.0	80.0
5.7892137E13	15456.0	82.0
5.7892145E13	15456.0	83.0
5.7892154E13	15456.0	85.0
5.7892166E13	18791.0	86.0
5.7892175E13	15074.0	86.0
5.7892183E13	15074.0	85.0
5.7892196E13	15074.0	85.0
5.7892204E13	13364.0	83.0
5.7892217E13	13364.0	82.0
5.7892225E13	13364.0	80.0
5.7892233E13	13364.0	79.0
5.7892246E13	12774.0	78.0
5.7892254E13	12774.0	78.0
5.7892267E13	12774.0	79.0
5.7892275E13	12774.0	80.0
5.7892284E13	14352.0	83.0
5.7892296E13	14352.0	83.0
5.7892305E13	14352.0	83.0
5.7892313E13	14352.0	11.0
5.7892326E13	18458.0	87.0
5.7892334E13	18458.0	84.0
5.7892347E13	18458.0	80.0
5.7892355E13	21956.0	77.0
5.7892363E13	21956.0	76.0
5.7892376E13	21956.0	78.0
5.7892384E13	21956.0	80.0
5.7892397E13	25070.0	82.0
5.7892405E13	25070.0	81.0
5.7892414E13	25070.0	78.0
5.7892426E13	25070.0	77.0
5.7892435E13	25292.0	76.0
5.7892447E13	25292.0	77.0
5.7892456E13	25292.0	78.0
5.7892464E13	25292.0	75.0
5.7892477E13	30141.0	74.0
5.7892485E13	30141.0	71.0
5.7892493E13	30141.0	69.0
5.7892506E13	32695.0	69.0
5.7892514E13	32695.0	70.0
5.7892527E13	32695.0	73.0
5.7892535E13	32695.0	76.0
5.7892544E13	34249.0	76.0
5.7892556E13	34249.0	75.0
5.7892565E13	34249.0	75.0
5.7892573E13	34249.0	76.0
5.7892586E13	33476.0	76.0
5.7892594E13	33476.0	75.0
5.7892607E13	33476.0	75.0
5.7892615E13	33476.0	73.0
5.7892623E13	33476.0	69.0
5.7892636E13	32062.0	66.0
5.7892644E13	32062.0	63.0
5.7892657E13	32062.0	59.0
5.7892665E13	28710.0	57.0
5.7892674E13	28710.0	56.0
5.7892686E13	28710.0	57.0
5.7892695E13	28710.0	59.0
5.7892707E13	28306.0	63.0
5.7892716E13	28306.0	67.0
5.7892724E13	28306.0	70.0
5.7892737E13	28306.0	72.0
5.7892745E13	29436.0	74.0
5.7892753E13	29436.0	76.0
5.7892766E13	29436.0	76.0
5.7892774E13	29436.0	76.0
5.7892787E13	29389.0	75.0
5.7892795E13	29389.0	75.0
5.7892804E13	29389.0	75.0
5.7892816E13	26908.0	75.0
5.7892825E13	26908.0	77.0
5.7892837E13	26908.0	78.0
5.7892846E13	26908.0	79.0
5.7892854E13	24401.0	78.0
5.7892867E13	24401.0	76.0
5.7892875E13	24401.0	74.0
5.7892883E13	24401.0	72.0
5.7892896E13	24457.0	72.0
5.7892904E13	24457.0	72.0
5.7892917E13	24457.0	72.0
5.7892925E13	24717.0	71.0
5.7892934E13	24717.0	71.0
5.7892946E13	24717.0	72.0
5.7892955E13	24717.0	72.0
5.7892967E13	23440.0	72.0
5.7892984E13	23440.0	74.0
5.7892976E13	23440.0	74.0
5.7892997E13	20752.0	75.0
5.7893005E13	20752.0	73.0
5.7893018E13	20752.0	73.0
5.7893026E13	20752.0	12.0
5.7893034E13	20752.0	12.0
5.7893047E13	20929.0	68.0
5.7893055E13	20929.0	67.0
5.7893064E13	20929.0	67.0
5.7893076E13	20929.0	12.0
5.7893085E13	20767.0	12.0
5.7893097E13	20767.0	12.0
5.7893106E13	20767.0	64.0
5.7893114E13	20245.0	66.0
5.7893127E13	20245.0	68.0
5.7893135E13	20245.0	70.0
5.7893148E13	20245.0	72.0
5.7893156E13	20390.0	73.0
5.7893164E13	20390.0	75.0
5.7893177E13	20390.0	75.0
5.7893185E13	20390.0	75.0
5.7893194E13	20225.0	75.0
5.7893206E13	20225.0	76.0
5.7893215E13	20225.0	78.0
5.7893227E13	20225.0	79.0
5.7893236E13	19410.0	10.0
5.7893244E13	19410.0	80.0
5.7893257E13	19410.0	79.0
5.7893265E13	18755.0	77.0
5.7893278E13	18755.0	76.0
5.7893286E13	18755.0	76.0
5.7893294E13	18755.0	76.0
5.7893307E13	15769.0	77.0
5.7893315E13	15769.0	78.0
5.7893324E13	15769.0	15.0
5.7893336E13	15769.0	81.0
5.7893345E13	12350.0	82.0
5.7893357E13	12350.0	83.0
5.7893366E13	12350.0	18.0
5.7893374E13	12350.0	18.0
5.7893387E13	13304.0	81.0
5.7893395E13	13304.0	16.0
5.7893408E13	13304.0	16.0
5.7893416E13	13227.0	18.0
5.7893424E13	13227.0	18.0
5.7893437E13	13227.0	18.0
5.7893445E13	13227.0	18.0
5.789346E13	13923.0	17.0
5.7893466E13	13923.0	17.0
5.7893475E13	13923.0	17.0
5.7893487E13	13923.0	17.0
5.7893496E13	19077.0	12.0
5.7893504E13	19077.0	12.0
5.7893517E13	19077.0	12.0
5.7893525E13	19077.0	12.0
5.7893538E13	21144.0	11.0
5.7893546E13	21144.0	11.0
5.7893554E13	21144.0	11.0
5.7893567E13	23042.0	10.0
5.7893575E13	23042.0	10.0
5.789359E13	23042.0	10.0
5.7893596E13	23042.0	10.0
5.7893605E13	25712.0	8.0
5.7893617E13	25712.0	8.0
5.7893626E13	25712.0	8.0
5.7893634E13	25712.0	8.0
5.7893647E13	28392.0	8.0
5.7893655E13	28392.0	8.0
5.7893668E13	28392.0	8.0
5.7893676E13	28392.0	8.0
5.7893685E13	30407.0	6.0
5.7893697E13	30407.0	6.0
5.7893705E13	30407.0	6.0
5.789372E13	31377.0	75.0
5.7893726E13	31377.0	79.0
5.7893735E13	31377.0	80.0
5.7893747E13	31377.0	77.0
5.7893756E13	33028.0	77.0
5.789377E13	33028.0	77.0
5.7893777E13	33028.0	75.0
5.7893785E13	33028.0	72.0
5.7893798E13	32523.0	70.0
5.7893806E13	32523.0	68.0
5.7893815E13	32523.0	66.0
5.7893827E13	32523.0	63.0
5.7893836E13	30265.0	60.0
5.789385E13	30265.0	58.0
5.7893856E13	30265.0	57.0
5.7893865E13	28170.0	59.0
5.7893877E13	28170.0	66.0
5.7893886E13	28170.0	68.0
5.78939E13	28170.0	71.0
5.7893907E13	28038.0	73.0
5.7893915E13	28038.0	74.0
5.7893928E13	28038.0	75.0
5.7893936E13	28038.0	76.0
5.789395E13	27994.0	77.0
5.7893957E13	27994.0	78.0
5.7893966E13	27994.0	78.0
5.789398E13	27994.0	78.0
5.7893987E13	27280.0	78.0
5.7893995E13	27280.0	76.0
5.7894007E13	27280.0	76.0
5.7894016E13	24732.0	76.0
5.789403E13	24732.0	73.0
5.7894037E13	24732.0	73.0
5.7894045E13	24732.0	72.0
5.7894058E13	23920.0	72.0
5.7894066E13	23920.0	72.0
5.7894075E13	23920.0	72.0
5.7894087E13	21053.0	72.0
5.7894096E13	21053.0	73.0
5.789411E13	21053.0	73.0
5.7894117E13	21053.0	73.0
5.7894125E13	21053.0	73.0
5.7894146E13	22297.0	74.0
5.789416E13	22297.0	74.0
5.7894137E13	22297.0	74.0
5.7894167E13	19600.0	11.0
5.7894175E13	19600.0	74.0
5.7894188E13	19600.0	74.0
5.7894196E13	19600.0	73.0
5.7894205E13	18920.0	10.0
5.7894217E13	18920.0	71.0
5.7894226E13	18920.0	71.0
5.789424E13	18920.0	69.0
5.7894247E13	18865.0	67.0
5.7894255E13	18865.0	65.0
5.7894268E13	18865.0	64.0
5.7894276E13	18865.0	63.0
5.789429E13	19257.0	65.0
5.7894297E13	19257.0	67.0
5.7894305E13	19257.0	69.0
5.7894318E13	19548.0	70.0
5.7894326E13	19190.0	72.0
5.789434E13	19190.0	73.0
5.7894347E13	19190.0	74.0
5.7894356E13	18205.0	73.0
5.789437E13	18205.0	74.0
5.7894377E13	18205.0	76.0
5.7894385E13	18205.0	79.0
5.7894398E13	15608.0	81.0
5.7894406E13	15608.0	81.0
5.789442E13	15608.0	80.0
5.7894427E13	15608.0	79.0
5.7894435E13	14078.0	78.0
5.7894448E13	14078.0	78.0
5.7894456E13	14078.0	79.0
5.789447E13	12748.0	80.0
5.7894477E13	13234.0	16.0
5.7894486E13	13234.0	81.0
5.78945E13	13234.0	16.0
5.7894507E13	10697.0	82.0
5.7894515E13	10697.0	82.0
5.7894528E13	10697.0	83.0
5.7894536E13	10697.0	21.0
5.789455E13	11183.0	84.0
5.7894557E13	11183.0	84.0
5.7894565E13	11183.0	21.0
5.7894578E13	11183.0	83.0
5.7894586E13	13472.0	81.0
5.78946E13	13472.0	80.0
5.7894607E13	13472.0	79.0
5.7894616E13	10499.0	79.0
5.789463E13	14715.0	81.0
5.7894637E13	14715.0	82.0
5.7894645E13	14715.0	84.0
5.7894666E13	18325.0	88.0
5.7894658E13	18325.0	88.0
5.789468E13	18325.0	13.0
5.7894687E13	18325.0	13.0
5.7894695E13	20683.0	12.0
5.789471E13	20683.0	12.0
5.7894716E13	20683.0	12.0
5.789473E13	20683.0	79.0
5.7894737E13	25557.0	76.0
5.7894746E13	25557.0	76.0
5.789476E13	25557.0	74.0
5.7894767E13	23855.0	71.0
5.789478E13	28941.0	71.0
5.7894788E13	28941.0	74.0
5.7894796E13	28941.0	77.0
5.789481E13	29371.0	78.0
5.7894817E13	29371.0	77.0
5.7894825E13	29371.0	7.0
5.789484E13	29371.0	74.0
5.7894846E13	31793.0	6.0
5.789486E13	31793.0	73.0
5.7894867E13	31793.0	74.0
5.7894876E13	31793.0	77.0
5.789489E13	32352.0	79.0
5.7894897E13	32352.0	78.0
5.789491E13	32352.0	6.0
5.7894918E13	32406.0	78.0
5.7894926E13	31968.0	6.0
5.789494E13	31968.0	6.0
5.7894947E13	31968.0	74.0
5.7894955E13	32324.0	72.0
5.789497E13	32324.0	70.0
5.7894976E13	32324.0	68.0
5.789499E13	32324.0	66.0
5.7894997E13	31233.0	63.0
5.7895006E13	31233.0	61.0
5.789502E13	31233.0	59.0
5.7895027E13	31233.0	60.0
5.789504E13	30580.0	62.0
5.7895048E13	30580.0	66.0
5.7895056E13	30580.0	70.0
5.789507E13	30580.0	72.0
5.7895077E13	30045.0	73.0
5.7895085E13	30045.0	74.0
5.78951E13	30045.0	76.0
5.7895106E13	28030.0	77.0
5.789512E13	28030.0	78.0
5.7895127E13	28030.0	78.0
5.7895136E13	28030.0	78.0
5.789515E13	27277.0	78.0
5.7895157E13	27277.0	77.0
5.789517E13	27277.0	77.0
5.7895178E13	27277.0	77.0
5.7895186E13	27129.0	76.0
5.78952E13	27129.0	75.0
5.7895207E13	27129.0	74.0
5.789522E13	27129.0	72.0
5.789523E13	24809.0	71.0
5.7895236E13	24809.0	71.0
5.789525E13	24809.0	70.0
5.7895257E13	22155.0	11.0
5.7895266E13	22155.0	73.0
5.789528E13	22155.0	74.0
5.7895287E13	22155.0	74.0
5.78953E13	20577.0	76.0
5.7895308E13	20577.0	76.0
5.7895316E13	20577.0	12.0
5.789533E13	20577.0	12.0
5.7895337E13	21619.0	75.0
5.789535E13	21619.0	74.0
5.789536E13	21619.0	73.0
5.7895366E13	21619.0	73.0
5.789538E13	19022.0	72.0
5.7895387E13	19022.0	70.0
5.7895396E13	19022.0	68.0
5.789541E13	19146.0	67.0
5.7895417E13	19146.0	66.0
5.789543E13	19146.0	66.0
5.7895438E13	19146.0	66.0
5.7895446E13	20144.0	66.0
5.789546E13	20144.0	67.0
5.7895467E13	20144.0	68.0
5.789548E13	20144.0	69.0
5.789549E13	20463.0	70.0
5.7895496E13	20463.0	72.0
5.789551E13	20463.0	73.0
5.7895517E13	20463.0	73.0
5.789553E13	19120.0	74.0
5.789554E13	19120.0	74.0
5.7895547E13	17884.0	76.0
5.789556E13	17884.0	76.0
5.7895568E13	17884.0	81.0
5.789558E13	17884.0	82.0
5.789559E13	17884.0	82.0
5.7895597E13	14084.0	81.0
5.789561E13	14084.0	81.0
5.789562E13	14084.0	81.0
5.7895626E13	14084.0	81.0
5.789564E13	13864.0	81.0
5.7895647E13	13864.0	81.0
5.789566E13	13864.0	82.0
5.789567E13	13864.0	83.0
5.7895677E13	13465.0	84.0
5.789569E13	13465.0	85.0
5.7895698E13	13465.0	86.0
5.7895706E13	12457.0	86.0
5.7895723E13	12457.0	86.0
5.7895727E13	12457.0	85.0
5.789574E13	12457.0	84.0
5.789575E13	14167.0	82.0
5.7895756E13	14167.0	81.0
5.789577E13	14167.0	80.0
5.7895777E13	14544.0	81.0
5.789579E13	14544.0	82.0
5.7895807E13	14544.0	87.0
5.789582E13	17595.0	89.0
5.7895828E13	17595.0	85.0
5.78958E13	17595.0	82.0
5.7895836E13	17595.0	82.0
5.789585E13	17595.0	82.0
5.7895857E13	20610.0	12.0
5.789587E13	20610.0	82.0
5.789588E13	20610.0	82.0
5.7895887E13	20610.0	82.0
5.78959E13	23511.0	79.0
5.7895907E13	23511.0	77.0
5.789592E13	23511.0	75.0
5.789593E13	26956.0	8.0
5.789595E13	26956.0	8.0
5.7895937E13	26956.0	8.0
5.7895958E13	26956.0	8.0
5.789597E13	26956.0	78.0
5.789598E13	28458.0	7.0
5.7895987E13	28458.0	78.0
5.789601E13	31287.0	71.0
5.7896E13	31287.0	71.0
5.7896017E13	31287.0	70.0
5.789603E13	31287.0	70.0
5.7896038E13	31287.0	6.0
5.789605E13	32491.0	6.0
5.789606E13	32491.0	6.0
5.7896067E13	32491.0	6.0
5.789608E13	32491.0	6.0
5.7896088E13	32194.0	6.0
5.78961E13	32194.0	77.0
5.789611E13	32194.0	76.0
5.7896117E13	32194.0	75.0
5.789613E13	32263.0	6.0
5.789614E13	32263.0	70.0
5.7896147E13	32263.0	67.0
5.789616E13	31480.0	63.0
5.7896168E13	31480.0	60.0
5.789618E13	31480.0	58.0
5.789619E13	31480.0	57.0
5.7896197E13	29992.0	58.0
5.789621E13	29992.0	62.0
5.7896218E13	29992.0	66.0
5.789623E13	29992.0	70.0
5.789624E13	28694.0	73.0
5.7896247E13	28694.0	75.0
5.789626E13	28694.0	75.0
5.789627E13	28694.0	76.0
5.7896277E13	27852.0	77.0
5.789629E13	27852.0	77.0
5.7896298E13	27852.0	77.0
5.789631E13	27607.0	77.0
5.789632E13	27607.0	77.0
5.7896327E13	27607.0	78.0
5.789634E13	27607.0	79.0
5.7896348E13	26404.0	80.0
5.789636E13	26404.0	78.0
5.789637E13	26404.0	77.0
5.7896377E13	26404.0	75.0
5.789639E13	22865.0	73.0
5.78964E13	22865.0	72.0
5.789641E13	22865.0	72.0
5.789642E13	22865.0	72.0
5.7896428E13	21375.0	11.0
5.789644E13	21375.0	11.0
5.789645E13	21375.0	11.0
5.7896457E13	20341.0	12.0
5.789647E13	20341.0	74.0
5.789648E13	20341.0	73.0
5.789649E13	20341.0	74.0
5.78965E13	21546.0	75.0
5.7896507E13	21546.0	76.0
5.789652E13	21546.0	75.0
5.789653E13	21546.0	75.0
5.789654E13	19662.0	74.0
5.789655E13	19662.0	73.0
5.7896558E13	19662.0	71.0
5.789657E13	19662.0	70.0
5.789658E13	20533.0	10.0
5.7896587E13	20533.0	67.0
5.78966E13	20533.0	65.0
5.789661E13	20253.0	65.0
5.789662E13	20253.0	65.0
5.789663E13	20253.0	65.0
5.7896637E13	20253.0	11.0
5.789665E13	19889.0	12.0
5.789666E13	19889.0	70.0
5.789667E13	19889.0	73.0
5.789668E13	19889.0	76.0
5.7896688E13	20682.0	77.0
5.78967E13	20682.0	77.0
5.789671E13	20682.0	77.0
5.789672E13	20682.0	77.0
5.789673E13	20569.0	79.0
5.789674E13	20569.0	82.0
5.789675E13	20569.0	85.0
5.789676E13	19135.0	88.0
5.7896767E13	19135.0	88.0
5.789678E13	19135.0	85.0
5.789679E13	19135.0	81.0
5.78968E13	19037.0	77.0
5.789681E13	19037.0	75.0
5.7896818E13	19037.0	12.0
5.789683E13	19037.0	72.0
5.789684E13	19963.0	71.0
5.789685E13	19963.0	70.0
5.789686E13	19963.0	71.0
5.789687E13	19963.0	11.0
5.789688E13	18731.0	12.0
5.789689E13	18731.0	12.0
5.7896897E13	18731.0	12.0
5.789691E13	17445.0	12.0
5.789692E13	17445.0	12.0
5.789693E13	17445.0	12.0
5.789694E13	17445.0	12.0
5.7896948E13	17943.0	81.0
5.789696E13	17943.0	81.0
5.789697E13	17943.0	82.0
5.789698E13	17943.0	12.0
5.789699E13	18858.0	84.0
5.7897E13	18858.0	12.0
5.789701E13	18858.0	12.0
5.789702E13	18858.0	12.0
5.7897027E13	19784.0	13.0
5.789704E13	19784.0	13.0
5.789705E13	19784.0	82.0
5.789706E13	20874.0	12.0
5.789707E13	20874.0	12.0
5.7897078E13	20874.0	12.0
5.789709E13	20874.0	12.0
5.78971E13	27072.0	7.0
5.789711E13	27072.0	7.0
5.789712E13	27072.0	7.0
5.789713E13	27072.0	7.0
5.789714E13	27281.0	8.0
5.789715E13	27281.0	8.0
5.7897157E13	27281.0	8.0
5.789717E13	27281.0	8.0
5.789718E13	29709.0	7.0
5.789719E13	29709.0	7.0
5.78972E13	29709.0	7.0
5.7897208E13	28892.0	7.0
5.789722E13	31190.0	71.0
5.789723E13	31190.0	71.0
5.789724E13	31190.0	72.0
5.789725E13	32368.0	75.0
5.789726E13	32368.0	78.0
5.789727E13	32368.0	78.0
5.789728E13	32368.0	77.0
5.789729E13	32305.0	77.0
5.78973E13	32305.0	76.0
5.789731E13	32305.0	74.0
5.789732E13	32305.0	73.0
5.789733E13	33175.0	72.0
5.7897338E13	33175.0	69.0
5.789735E13	33175.0	66.0
5.789736E13	32905.0	63.0
5.789737E13	32442.0	60.0
5.789738E13	32442.0	60.0
5.789739E13	32442.0	60.0
5.78974E13	29919.0	62.0
5.789741E13	29919.0	65.0
5.789742E13	29919.0	68.0
5.789743E13	28152.0	73.0
5.789744E13	28152.0	73.0
5.789745E13	28152.0	8.0
5.789746E13	28152.0	74.0
5.7897468E13	28152.0	75.0
5.789748E13	28187.0	76.0
5.789749E13	28187.0	77.0
5.78975E13	28187.0	77.0
5.789751E13	29495.0	77.0
5.789752E13	26641.0	77.0
5.789753E13	26641.0	78.0
5.789754E13	26641.0	79.0
5.789755E13	23111.0	79.0
5.789756E13	23111.0	78.0
5.789757E13	23111.0	78.0
5.789758E13	23111.0	10.0
5.789759E13	24320.0	9.0
5.78976E13	24320.0	9.0
5.789761E13	24320.0	73.0
5.789762E13	24320.0	73.0
5.789763E13	20790.0	73.0
5.789764E13	20790.0	72.0
5.789765E13	20790.0	73.0
5.789766E13	22384.0	74.0
5.789767E13	21101.0	75.0
5.789768E13	21101.0	77.0
5.789769E13	21101.0	77.0
5.78977E13	21417.0	76.0
5.789771E13	21417.0	75.0
5.789772E13	21417.0	74.0
5.789773E13	21417.0	73.0
5.789774E13	19264.0	72.0
5.789775E13	19264.0	72.0
5.789776E13	19264.0	10.0
5.789777E13	19264.0	10.0
5.789778E13	19118.0	70.0
5.789779E13	19118.0	70.0
5.78978E13	19118.0	70.0
5.789781E13	18474.0	68.0
5.789782E13	19871.0	66.0
5.789783E13	19871.0	66.0
5.789784E13	19871.0	67.0
5.789785E13	19629.0	69.0
5.789786E13	19629.0	71.0
5.789787E13	19629.0	72.0
5.789788E13	19629.0	74.0
5.789789E13	19778.0	77.0
5.78979E13	19778.0	77.0
5.7897912E13	19778.0	77.0
5.789792E13	19778.0	76.0
5.789793E13	18906.0	77.0
5.789794E13	18906.0	81.0
5.789795E13	18906.0	84.0
5.789796E13	18906.0	85.0
5.789797E13	18831.0	84.0
5.789798E13	18831.0	81.0
5.789799E13	18831.0	79.0
5.7898E13	17656.0	77.0
5.789801E13	17656.0	75.0
5.789802E13	17656.0	73.0
5.789803E13	17625.0	88.0
5.789804E13	17625.0	88.0
5.789805E13	17625.0	88.0
5.7898063E13	17625.0	88.0
5.789807E13	17625.0	88.0
5.789808E13	17625.0	12.0
5.789809E13	17625.0	12.0
5.78981E13	17625.0	12.0
5.789811E13	17625.0	12.0
5.789812E13	17625.0	12.0
5.789813E13	17625.0	12.0
5.789814E13	17625.0	12.0
5.789815E13	17625.0	12.0
5.789816E13	17625.0	12.0
5.7898172E13	20145.0	12.0
5.789818E13	20145.0	12.0
5.789819E13	20145.0	12.0
5.78982E13	20145.0	12.0
5.789821E13	20145.0	12.0
5.789822E13	20145.0	12.0
5.789823E13	20145.0	12.0
5.789824E13	20145.0	12.0
5.7898252E13	20145.0	84.0
5.789826E13	20145.0	83.0
5.789827E13	21328.0	83.0
5.789828E13	21328.0	82.0
5.789829E13	21328.0	82.0
5.7898302E13	25004.0	82.0
5.789831E13	25004.0	80.0
5.789832E13	25004.0	77.0
5.789833E13	25004.0	75.0
5.789834E13	26986.0	75.0
5.789835E13	26986.0	74.0
5.789836E13	26986.0	75.0
5.789837E13	26986.0	76.0
5.7898382E13	29715.0	75.0
5.789839E13	29715.0	74.0
5.78984E13	29715.0	71.0
5.789841E13	29715.0	69.0
5.789842E13	31790.0	6.0
5.7898432E13	31790.0	6.0
5.789844E13	31790.0	6.0
5.789845E13	32527.0	6.0
5.789846E13	32527.0	75.0
5.789847E13	32527.0	75.0
5.7898483E13	32527.0	76.0
5.789849E13	32576.0	6.0
5.78985E13	32576.0	6.0
5.7898512E13	32576.0	6.0
5.789852E13	32576.0	6.0
5.789853E13	33518.0	6.0
5.789854E13	33518.0	6.0
5.789855E13	33518.0	6.0
5.7898562E13	33518.0	6.0
5.789857E13	32026.0	7.0
5.789858E13	32026.0	7.0
5.789859E13	32026.0	7.0
5.78986E13	30828.0	7.0
5.7898613E13	30828.0	7.0
5.789862E13	30828.0	7.0
5.789863E13	30828.0	7.0
5.7898642E13	30738.0	7.0
5.789865E13	30738.0	7.0
5.789866E13	30738.0	7.0
5.789867E13	30738.0	7.0
5.789868E13	28553.0	7.0
5.7898693E13	28553.0	7.0
5.78987E13	28553.0	7.0
5.789871E13	28553.0	7.0
5.789872E13	24661.0	9.0
5.789873E13	24661.0	77.0
5.7898743E13	24661.0	77.0
5.789875E13	23984.0	77.0
5.789876E13	23984.0	76.0
5.7898772E13	23984.0	75.0
5.789878E13	23984.0	75.0
5.7898793E13	21725.0	75.0
5.78988E13	21725.0	75.0
5.7898814E13	21725.0	75.0
5.7898823E13	21725.0	75.0
5.7898835E13	21056.0	75.0
5.789884E13	21056.0	74.0
5.789885E13	21056.0	74.0
5.789886E13	21056.0	74.0
5.7898873E13	22055.0	75.0
5.789888E13	22055.0	75.0
5.789889E13	22055.0	75.0
5.7898902E13	20201.0	76.0
5.789891E13	20201.0	77.0
5.7898923E13	20201.0	75.0
5.789893E13	20201.0	74.0
5.789894E13	19403.0	73.0
5.7898953E13	19403.0	71.0
5.789896E13	19403.0	70.0
5.789897E13	19403.0	70.0
5.789898E13	19824.0	70.0
5.789899E13	19824.0	70.0
5.7899003E13	19824.0	69.0
5.789901E13	19824.0	68.0
5.789902E13	19732.0	11.0
5.7899032E13	19732.0	69.0
5.789904E13	19732.0	69.0
5.7899053E13	19496.0	71.0
5.789906E13	19496.0	73.0
5.789907E13	19496.0	13.0
5.7899083E13	19496.0	76.0
5.789909E13	19854.0	77.0
5.78991E13	19854.0	77.0
5.789911E13	19854.0	76.0
5.789912E13	19854.0	79.0
5.7899133E13	20028.0	82.0
5.789914E13	20028.0	84.0
5.789915E13	20028.0	81.0
5.7899166E13	18608.0	78.0
5.789917E13	18608.0	75.0
5.7899183E13	18608.0	75.0
5.789919E13	18608.0	73.0
5.78992E13	15989.0	72.0
5.7899213E13	15989.0	15.0
5.789922E13	15989.0	15.0
5.789923E13	15989.0	70.0
5.789924E13	16507.0	15.0
5.789925E13	16507.0	15.0
5.7899263E13	16507.0	15.0
5.789927E13	16507.0	15.0
5.789928E13	12976.0	18.0
5.7899292E13	12976.0	18.0
5.78993E13	12976.0	18.0
5.7899313E13	12976.0	18.0
5.789932E13	13622.0	17.0
5.789933E13	13622.0	17.0
5.7899343E13	13622.0	17.0
5.789935E13	13324.0	18.0
5.7899364E13	13324.0	18.0
5.789937E13	13324.0	18.0
5.789938E13	13324.0	84.0
5.7899393E13	15632.0	85.0
5.78994E13	15632.0	85.0
5.789941E13	15632.0	85.0
5.7899422E13	15632.0	85.0
5.789943E13	18595.0	84.0
5.7899443E13	18595.0	84.0
5.789945E13	18595.0	83.0
5.789946E13	18595.0	82.0
5.7899473E13	20056.0	81.0
5.7899485E13	20056.0	80.0
5.7899494E13	20056.0	79.0
5.78995E13	21892.0	11.0
5.7899515E13	21892.0	76.0
5.7899523E13	21892.0	74.0
5.789953E13	21892.0	11.0
5.789954E13	25838.0	8.0
5.7899552E13	25838.0	67.0
5.789956E13	25838.0	8.0
5.7899573E13	25838.0	8.0
5.789958E13	25814.0	8.0
5.789959E13	25814.0	8.0
5.7899603E13	25814.0	8.0
5.789961E13	25814.0	8.0
5.7899624E13	27828.0	8.0
5.789963E13	27828.0	8.0
5.789964E13	27828.0	8.0
5.7899653E13	28562.0	8.0
5.789966E13	28562.0	8.0
5.7899674E13	28562.0	8.0
5.7899682E13	28562.0	8.0
5.789969E13	28158.0	78.0
5.7899703E13	28158.0	8.0
5.789971E13	28158.0	8.0
5.789972E13	28158.0	8.0
5.7899733E13	26982.0	8.0
5.789974E13	26982.0	72.0
5.7899754E13	26982.0	69.0
5.789976E13	26982.0	66.0
5.789977E13	26762.0	63.0
5.7899783E13	26762.0	59.0
5.789979E13	26762.0	58.0
5.7899804E13	27280.0	7.0
5.7899812E13	27280.0	7.0
5.789982E13	27280.0	67.0
5.7899833E13	27280.0	70.0
5.789984E13	26962.0	72.0
5.789985E13	26962.0	74.0
5.7899863E13	26962.0	76.0
5.789987E13	26962.0	76.0
5.7899884E13	24196.0	75.0
5.789989E13	24196.0	75.0
5.78999E13	24196.0	74.0
5.7899913E13	24196.0	75.0
5.789992E13	24234.0	77.0
5.7899934E13	24234.0	78.0
5.7899942E13	24234.0	78.0
5.789995E13	20833.0	12.0
5.7899963E13	20833.0	12.0
5.789997E13	20833.0	12.0
5.789998E13	20833.0	12.0
5.7899993E13	20940.0	12.0
5.79E13	20940.0	75.0
5.7900014E13	20940.0	74.0
5.7900022E13	20940.0	12.0
5.790003E13	20972.0	75.0
5.7900043E13	20972.0	74.0
5.790005E13	20972.0	12.0
5.7900064E13	20972.0	75.0
5.7900072E13	22531.0	9.0
5.790008E13	22531.0	9.0
5.7900093E13	22531.0	9.0
5.79001E13	20744.0	10.0
5.7900114E13	20744.0	10.0
5.7900123E13	20744.0	10.0
5.7900144E13	20160.0	72.0
5.7900152E13	20160.0	71.0
5.790016E13	20160.0	70.0
5.7900177E13	20160.0	70.0
5.790018E13	19988.0	70.0
5.7900194E13	19988.0	68.0
5.7900202E13	19988.0	67.0
5.790021E13	19988.0	67.0
5.7900223E13	20630.0	67.0
5.790023E13	20630.0	69.0
5.7900244E13	20630.0	70.0
5.7900253E13	20514.0	71.0
5.790026E13	20256.0	72.0
5.7900274E13	20256.0	73.0
5.7900282E13	20256.0	76.0
5.790029E13	19633.0	78.0
5.7900303E13	19633.0	78.0
5.790031E13	19633.0	77.0
5.7900324E13	19633.0	78.0
5.7900332E13	19861.0	81.0
5.790034E13	19861.0	83.0
5.7900353E13	19861.0	83.0
5.790036E13	19861.0	84.0
5.7900374E13	18271.0	83.0
5.7900383E13	18271.0	79.0
5.790039E13	18271.0	11.0
5.7900404E13	19541.0	74.0
5.7900412E13	18624.0	73.0
5.790042E13	18624.0	72.0
5.7900433E13	18624.0	73.0
5.790044E13	18244.0	75.0
5.7900454E13	18244.0	13.0
5.7900463E13	18244.0	79.0
5.790047E13	18244.0	13.0
5.7900483E13	13940.0	17.0
5.790049E13	13940.0	17.0
5.7900504E13	13940.0	84.0
5.7900513E13	13940.0	84.0
5.790052E13	13363.0	84.0
5.7900534E13	13363.0	84.0
5.7900542E13	13363.0	83.0
5.7900555E13	12650.0	82.0
5.7900563E13	13384.0	81.0
5.790057E13	13384.0	82.0
5.7900584E13	13384.0	83.0
5.7900593E13	15932.0	84.0
5.79006E13	15932.0	85.0
5.7900614E13	15932.0	86.0
5.790062E13	15932.0	86.0
5.7900643E13	19538.0	12.0
5.7900634E13	19538.0	12.0
5.790065E13	19538.0	12.0
5.7900664E13	19538.0	12.0
5.7900672E13	20821.0	12.0
5.7900685E13	20821.0	12.0
5.7900693E13	20821.0	12.0
5.79007E13	18407.0	13.0
5.7900714E13	23552.0	10.0
5.7900723E13	23552.0	10.0
5.7900735E13	23552.0	10.0
5.7900744E13	26394.0	74.0
5.790075E13	26394.0	76.0
5.7900764E13	26394.0	8.0
5.7900773E13	26394.0	75.0
5.790078E13	26806.0	71.0
5.7900794E13	26806.0	8.0
5.7900802E13	26806.0	70.0
5.7900815E13	26806.0	71.0
5.7900823E13	28161.0	73.0
5.790083E13	28161.0	8.0
5.7900844E13	28161.0	8.0
5.7900853E13	28161.0	8.0
5.7900865E13	28353.0	7.0
5.7900874E13	28353.0	7.0
5.790088E13	28353.0	7.0
5.7900895E13	28174.0	7.0
5.7900903E13	28174.0	7.0
5.790091E13	28174.0	7.0
5.7900924E13	28174.0	7.0
5.7900932E13	27573.0	69.0
5.7900945E13	27573.0	68.0
5.7900953E13	27573.0	65.0
5.790096E13	27573.0	63.0
5.7900974E13	27304.0	60.0
5.7900983E13	27304.0	58.0
5.7900995E13	27304.0	59.0
5.7901004E13	27304.0	61.0
5.790101E13	27568.0	65.0
5.7901025E13	27568.0	69.0
5.7901033E13	27568.0	73.0
5.790104E13	25682.0	76.0
5.7901054E13	25682.0	78.0
5.7901062E13	25682.0	78.0
5.7901075E13	25682.0	78.0
5.7901083E13	23168.0	77.0
5.790109E13	23168.0	76.0
5.7901104E13	23168.0	75.0
5.7901113E13	23168.0	74.0
5.7901125E13	22919.0	75.0
5.7901134E13	22919.0	76.0
5.790114E13	22919.0	77.0
5.7901155E13	22919.0	79.0
5.7901163E13	20928.0	12.0
5.790117E13	20928.0	12.0
5.7901184E13	20928.0	12.0
5.7901192E13	20928.0	12.0
5.7901205E13	20928.0	12.0
5.7901213E13	20928.0	75.0
5.790122E13	20928.0	74.0
5.7901234E13	20857.0	74.0
5.7901243E13	20857.0	74.0
5.7901255E13	20857.0	74.0
5.7901264E13	20857.0	74.0
5.790127E13	21751.0	75.0
5.7901285E13	21751.0	76.0
5.7901293E13	21751.0	77.0
5.7901306E13	21751.0	76.0
5.7901314E13	19076.0	74.0
5.7901322E13	19076.0	72.0
5.7901335E13	18901.0	71.0
5.7901343E13	18901.0	71.0
5.790135E13	18901.0	70.0
5.7901364E13	18901.0	70.0
5.7901373E13	18901.0	69.0
5.7901385E13	19482.0	68.0
5.7901394E13	19482.0	68.0
5.79014E13	19482.0	68.0
5.7901415E13	19482.0	11.0
5.7901423E13	19733.0	11.0
5.7901436E13	19733.0	11.0
5.7901444E13	19733.0	11.0
5.7901452E13	19733.0	71.0
5.7901465E13	19664.0	73.0
5.7901473E13	19664.0	75.0
5.790148E13	19664.0	76.0
5.7901494E13	19045.0	77.0
5.7901503E13	19045.0	78.0
5.7901515E13	19045.0	79.0
5.7901524E13	19045.0	80.0
5.790153E13	18818.0	82.0
5.7901545E13	18818.0	82.0
5.7901553E13	18818.0	81.0
5.7901566E13	18818.0	78.0
5.7901574E13	17867.0	76.0
5.7901582E13	17867.0	75.0
5.7901595E13	17867.0	75.0
5.7901603E13	17867.0	75.0
5.790161E13	18276.0	74.0
5.7901624E13	18276.0	73.0
5.7901633E13	18276.0	74.0
5.7901645E13	16759.0	74.0
5.7901654E13	16759.0	76.0
5.790166E13	16759.0	76.0
5.7901675E13	16759.0	77.0
5.7901683E13	14665.0	77.0
5.7901696E13	14665.0	78.0
5.7901704E13	14665.0	78.0
5.7901712E13	14665.0	77.0
5.7901725E13	13311.0	77.0
5.7901733E13	13311.0	77.0
5.790174E13	13311.0	78.0
5.7901754E13	13311.0	79.0
5.7901763E13	15828.0	82.0
5.7901775E13	15828.0	85.0
5.7901784E13	15828.0	87.0
5.7901792E13	19067.0	84.0
5.7901805E13	19067.0	81.0
5.7901813E13	19067.0	79.0
5.7901826E13	19067.0	80.0
5.7901834E13	20791.0	81.0
5.7901842E13	20791.0	83.0
5.7901855E13	20791.0	83.0
5.7901863E13	20791.0	81.0
5.7901876E13	26734.0	78.0
5.7901884E13	26734.0	76.0
5.7901893E13	26734.0	74.0
5.7901905E13	26734.0	73.0
5.7901914E13	26161.0	72.0
5.7901922E13	26161.0	72.0
5.7901935E13	26161.0	73.0
5.7901943E13	28691.0	75.0
5.7901956E13	28691.0	76.0
5.7901964E13	28691.0	75.0
5.7901972E13	28691.0	75.0
5.7901985E13	31951.0	73.0
5.7901993E13	31951.0	71.0
5.7902006E13	31951.0	69.0
5.7902014E13	31951.0	68.0
5.7902023E13	31963.0	71.0
5.7902035E13	31963.0	74.0
5.7902044E13	31963.0	77.0
5.7902056E13	31963.0	78.0
5.7902065E13	31855.0	76.0
5.7902073E13	31855.0	76.0
5.7902086E13	31855.0	76.0
5.7902094E13	32385.0	75.0
5.7902102E13	32385.0	74.0
5.7902115E13	32385.0	72.0
5.7902123E13	32385.0	71.0
5.7902136E13	32013.0	70.0
5.7902144E13	32013.0	68.0
5.7902153E13	32013.0	65.0
5.7902165E13	32013.0	62.0
5.7902174E13	30853.0	61.0
5.7902186E13	30853.0	60.0
5.7902195E13	30853.0	62.0
5.7902203E13	30853.0	66.0
5.7902216E13	29382.0	69.0
5.7902224E13	29382.0	71.0
5.7902237E13	29382.0	73.0
5.7902245E13	28635.0	74.0
5.7902253E13	28635.0	76.0
5.7902266E13	28635.0	78.0
5.7902274E13	28635.0	79.0
5.7902283E13	27590.0	79.0
5.7902295E13	27590.0	79.0
5.7902304E13	27590.0	79.0
5.7902316E13	27590.0	80.0
5.7902325E13	27575.0	80.0
5.7902333E13	27575.0	80.0
5.7902346E13	27575.0	79.0
5.7902354E13	27575.0	78.0
5.7902363E13	25094.0	79.0
5.7902375E13	25094.0	78.0
5.7902383E13	25094.0	77.0
5.7902396E13	23198.0	75.0
5.7902404E13	23198.0	73.0
5.7902413E13	23198.0	73.0
5.7902425E13	23198.0	73.0
5.7902434E13	20861.0	73.0
5.7902446E13	20861.0	73.0
5.7902455E13	20861.0	74.0
5.7902463E13	20861.0	74.0
5.7902476E13	21855.0	75.0
5.7902484E13	21855.0	74.0
5.7902497E13	21855.0	74.0
5.7902505E13	21855.0	73.0
5.7902514E13	21467.0	72.0
5.7902526E13	21467.0	71.0
5.7902534E13	21467.0	70.0
5.7902543E13	21017.0	68.0
5.7902555E13	21017.0	67.0
5.7902564E13	21017.0	68.0
5.7902576E13	21017.0	68.0
5.7902585E13	20415.0	68.0
5.7902593E13	20415.0	66.0
5.7902606E13	20415.0	65.0
5.7902614E13	20415.0	64.0
5.7902627E13	20927.0	64.0
5.7902635E13	20927.0	66.0
5.7902644E13	20927.0	68.0
5.7902656E13	20927.0	70.0
5.7902665E13	20691.0	74.0
5.7902673E13	20691.0	76.0
5.7902685E13	20691.0	77.0
5.7902694E13	20681.0	76.0
5.7902706E13	20681.0	75.0
5.7902715E13	20681.0	76.0
5.7902723E13	20681.0	78.0
5.7902736E13	20402.0	80.0
5.7902744E13	20402.0	81.0
5.7902757E13	20402.0	81.0
5.7902765E13	20402.0	79.0
5.7902774E13	21039.0	77.0
5.7902786E13	21039.0	75.0
5.7902795E13	21039.0	74.0
5.7902807E13	21039.0	74.0
5.7902816E13	19548.0	76.0
5.7902824E13	19548.0	77.0
5.7902836E13	19548.0	79.0
5.7902845E13	19729.0	81.0
5.7902853E13	16097.0	83.0
5.7902866E13	16097.0	85.0
5.7902874E13	16097.0	86.0
5.7902887E13	14348.0	86.0
5.7902895E13	14348.0	85.0
5.7902904E13	14348.0	84.0
5.7902916E13	14348.0	83.0
5.7902925E13	13422.0	81.0
5.7902937E13	13422.0	80.0
5.7902946E13	13422.0	80.0
5.7902954E13	15404.0	82.0
5.7902967E13	15404.0	84.0
5.7902975E13	15404.0	87.0
5.7902983E13	16771.0	87.0
5.7902996E13	18975.0	87.0
5.7903004E13	18975.0	85.0
5.7903017E13	18975.0	85.0
5.7903025E13	19899.0	85.0
5.7903034E13	19899.0	86.0
5.7903046E13	19899.0	86.0
5.7903055E13	19899.0	83.0
5.7903067E13	23967.0	81.0
5.7903076E13	23967.0	81.0
5.7903084E13	23967.0	80.0
5.7903097E13	23967.0	78.0
5.7903105E13	28486.0	75.0
5.7903118E13	28486.0	74.0
5.7903126E13	28486.0	73.0
5.7903134E13	24570.0	73.0
5.7903147E13	28688.0	75.0
5.7903155E13	28688.0	75.0
5.7903164E13	28688.0	75.0
5.7903176E13	30919.0	73.0
5.7903185E13	30919.0	70.0
5.7903197E13	30919.0	70.0
5.7903206E13	30919.0	71.0
5.7903214E13	31816.0	74.0
5.7903227E13	31816.0	76.0
5.7903235E13	31816.0	79.0
5.7903248E13	31816.0	77.0
5.7903256E13	32076.0	76.0
5.7903264E13	32076.0	77.0
5.7903277E13	32076.0	78.0
5.7903285E13	32096.0	77.0
5.7903294E13	32265.0	76.0
5.7903306E13	32265.0	72.0
5.7903315E13	32265.0	71.0
5.7903327E13	32615.0	69.0
5.7903336E13	32615.0	66.0
5.7903344E13	32615.0	63.0
5.7903357E13	32615.0	60.0
5.7903365E13	30393.0	60.0
5.7903378E13	30393.0	62.0
5.7903386E13	30393.0	66.0
5.7903394E13	30393.0	70.0
5.7903407E13	28867.0	71.0
5.7903415E13	28867.0	72.0
5.7903424E13	28867.0	74.0
5.7903436E13	30231.0	75.0
5.7903445E13	27729.0	77.0
5.7903457E13	27729.0	78.0
5.7903466E13	27729.0	78.0
5.7903474E13	27388.0	78.0
5.7903487E13	27388.0	78.0
5.7903495E13	27388.0	78.0
5.7903508E13	27388.0	77.0
5.7903516E13	26786.0	78.0
5.7903524E13	26786.0	79.0
5.7903537E13	26786.0	79.0
5.7903545E13	26786.0	77.0
5.7903554E13	23599.0	77.0
5.7903566E13	23599.0	76.0
5.7903575E13	23599.0	76.0
5.7903587E13	23599.0	74.0
5.7903596E13	23599.0	73.0
5.7903604E13	21547.0	73.0
5.7903617E13	21547.0	72.0
5.7903625E13	21547.0	71.0
5.7903638E13	20466.0	72.0
5.7903646E13	20466.0	74.0
5.7903654E13	20466.0	74.0
5.7903667E13	20466.0	75.0
5.7903675E13	19506.0	75.0
5.7903684E13	19506.0	76.0
5.7903696E13	19506.0	76.0
5.7903705E13	19506.0	77.0
5.7903717E13	18212.0	76.0
5.7903726E13	18212.0	75.0
5.7903734E13	18212.0	74.0
5.7903747E13	18212.0	73.0
5.7903755E13	17986.0	72.0
5.7903768E13	17986.0	72.0
5.7903776E13	17986.0	71.0
5.7903784E13	18607.0	69.0
5.7903797E13	18607.0	67.0
5.7903805E13	18607.0	64.0
5.790382E13	18607.0	62.0
5.7903826E13	20055.0	62.0
5.7903835E13	20055.0	64.0
5.7903847E13	20055.0	66.0
5.7903856E13	20055.0	69.0
5.7903864E13	19255.0	72.0
5.7903877E13	19255.0	75.0
5.7903885E13	19255.0	78.0
5.7903898E13	19255.0	78.0
5.7903906E13	18598.0	78.0
5.7903914E13	18598.0	78.0
5.7903927E13	18598.0	79.0
5.7903935E13	17899.0	81.0
5.790395E13	17899.0	82.0
5.7903956E13	17899.0	83.0
5.7903965E13	17899.0	82.0
5.7903977E13	15648.0	81.0
5.7903986E13	15648.0	79.0
5.7903994E13	15648.0	78.0
5.7904007E13	15648.0	78.0
5.7904015E13	13237.0	78.0
5.7904028E13	13237.0	79.0
5.7904036E13	13237.0	79.0
5.7904044E13	13237.0	79.0
5.7904057E13	12583.0	79.0
5.7904065E13	12583.0	80.0
5.790408E13	12583.0	81.0
5.7904086E13	11187.0	82.0
5.7904095E13	11187.0	82.0
5.7904107E13	11187.0	81.0
5.7904116E13	11187.0	80.0
5.790413E13	12389.0	79.0
5.7904137E13	12389.0	78.0
5.7904145E13	12389.0	77.0
5.7904158E13	12389.0	77.0
5.7904166E13	13859.0	78.0
5.7904174E13	13859.0	79.0
5.7904187E13	13859.0	82.0
5.7904195E13	13859.0	83.0
5.790421E13	15929.0	84.0
5.7904216E13	15929.0	85.0
5.7904225E13	15929.0	85.0
5.7904237E13	19580.0	86.0
5.7904246E13	19580.0	85.0
5.790426E13	19580.0	83.0
5.7904267E13	19580.0	82.0
5.7904275E13	20695.0	81.0
5.7904288E13	20695.0	80.0
5.7904296E13	20695.0	78.0
5.7904304E13	20695.0	76.0
5.7904317E13	27290.0	74.0
5.7904325E13	27290.0	73.0
5.790434E13	27290.0	75.0
5.7904346E13	28264.0	77.0
5.7904355E13	28264.0	77.0
5.7904367E13	28264.0	78.0
5.7904376E13	28264.0	76.0
5.790439E13	29623.0	73.0
5.7904397E13	29623.0	73.0
5.7904405E13	29623.0	71.0
5.7904418E13	29623.0	69.0
5.7904426E13	31975.0	68.0
5.7904435E13	31975.0	69.0
5.7904447E13	31975.0	73.0
5.7904455E13	31975.0	75.0
5.790447E13	31224.0	74.0
5.7904476E13	31224.0	74.0
5.7904485E13	31224.0	75.0
5.7904497E13	30864.0	76.0
5.7904506E13	30864.0	75.0
5.790452E13	30864.0	73.0
5.7904527E13	30138.0	71.0
5.7904535E13	30138.0	71.0
5.7904548E13	30138.0	68.0
5.7904556E13	30138.0	68.0
5.790457E13	30138.0	67.0
5.7904577E13	29904.0	64.0
5.7904586E13	29904.0	63.0
5.79046E13	29904.0	62.0
5.7904606E13	29904.0	64.0
5.7904615E13	28327.0	67.0
5.7904627E13	28327.0	70.0
5.7904636E13	28327.0	72.0
5.790465E13	28327.0	74.0
5.7904657E13	26700.0	75.0
5.7904665E13	26700.0	77.0
5.7904678E13	26700.0	78.0
5.7904686E13	25332.0	79.0
5.79047E13	25332.0	80.0
5.7904707E13	25332.0	79.0
5.7904716E13	25332.0	79.0
5.790473E13	24920.0	79.0
5.7904737E13	24920.0	79.0
5.7904745E13	24920.0	79.0
5.7904757E13	24920.0	78.0
5.7904766E13	22892.0	77.0
5.790478E13	22892.0	77.0
5.7904787E13	22892.0	76.0
5.7904795E13	22892.0	76.0
5.7904808E13	20353.0	74.0
5.7904816E13	20353.0	73.0
5.790483E13	20353.0	73.0
5.7904837E13	19478.0	73.0
5.7904846E13	19478.0	72.0
5.790486E13	19478.0	73.0
5.7904867E13	19478.0	74.0
5.790488E13	18555.0	74.0
5.7904887E13	18555.0	75.0
5.7904896E13	18555.0	75.0
5.790491E13	18555.0	75.0
5.7904917E13	16100.0	75.0
5.7904925E13	16100.0	75.0
5.7904938E13	16100.0	74.0
5.7904946E13	16100.0	72.0
5.790496E13	17317.0	71.0
5.7904967E13	17317.0	72.0
5.7904976E13	17317.0	73.0
5.790499E13	17728.0	72.0
5.7904997E13	17728.0	70.0
5.790501E13	17728.0	68.0
5.7905018E13	17728.0	66.0
5.7905026E13	18592.0	64.0
5.790504E13	18592.0	66.0
5.7905047E13	18592.0	69.0
5.7905055E13	18592.0	70.0
5.7905068E13	18123.0	73.0
5.7905076E13	18123.0	76.0
5.790509E13	18123.0	78.0
5.7905097E13	18123.0	78.0
5.7905106E13	17551.0	78.0
5.790512E13	17551.0	77.0
5.7905127E13	17551.0	77.0
5.790514E13	17553.0	78.0
5.7905148E13	17553.0	80.0
5.7905156E13	17553.0	81.0
5.790517E13	17553.0	82.0
5.7905177E13	14274.0	82.0
5.7905185E13	14274.0	83.0
5.7905198E13	14274.0	83.0
5.7905206E13	14274.0	83.0
5.790522E13	13274.0	82.0
5.7905227E13	13274.0	81.0
5.7905236E13	13274.0	81.0
5.790525E13	13274.0	81.0
5.7905257E13	12800.0	81.0
5.790527E13	12800.0	82.0
5.7905278E13	12800.0	82.0
5.7905286E13	12037.0	82.0
5.79053E13	12037.0	82.0
5.7905307E13	12037.0	81.0
5.7905315E13	12037.0	80.0
5.7905328E13	12512.0	78.0
5.7905336E13	12512.0	77.0
5.790535E13	12512.0	76.0
5.7905357E13	12512.0	75.0
5.7905366E13	13334.0	76.0
5.790538E13	13334.0	78.0
5.7905387E13	13334.0	81.0
5.79054E13	13334.0	83.0
5.7905408E13	15318.0	84.0
5.7905416E13	15318.0	83.0
5.790543E13	15318.0	84.0
5.7905437E13	19397.0	85.0
5.7905445E13	19397.0	86.0
5.790546E13	19397.0	85.0
5.7905466E13	19397.0	83.0
5.790548E13	20450.0	81.0
5.7905487E13	20450.0	80.0
5.7905496E13	20450.0	76.0
5.790551E13	20450.0	76.0
5.7905517E13	27282.0	75.0
5.790553E13	27282.0	74.0
5.7905538E13	27282.0	74.0
5.7905546E13	27282.0	75.0
5.790556E13	28747.0	77.0
5.7905567E13	28747.0	79.0
5.790558E13	28747.0	81.0
5.790559E13	26429.0	79.0
5.7905596E13	29039.0	76.0
5.790561E13	29039.0	72.0
5.7905617E13	29039.0	70.0
5.7905626E13	31459.0	70.0
5.790564E13	31459.0	73.0
5.7905647E13	31459.0	75.0
5.790566E13	31459.0	76.0
5.7905668E13	31280.0	75.0
5.7905676E13	31280.0	76.0
5.790569E13	31280.0	77.0
5.7905697E13	31280.0	77.0
5.790571E13	30205.0	75.0
5.790572E13	30205.0	73.0
5.7905726E13	30205.0	71.0
5.790574E13	31400.0	68.0
5.7905747E13	30043.0	66.0
5.790576E13	30043.0	64.0
5.790577E13	30043.0	61.0
5.7905777E13	29397.0	58.0
5.790579E13	29397.0	57.0
5.7905798E13	29397.0	59.0
5.7905806E13	29397.0	63.0
5.790582E13	29119.0	66.0
5.7905827E13	29119.0	68.0
5.790584E13	29119.0	70.0
5.790585E13	29119.0	73.0
5.7905856E13	27971.0	74.0
5.790587E13	27971.0	75.0
5.7905877E13	27971.0	76.0
5.790589E13	29495.0	78.0
5.79059E13	27611.0	79.0
5.7905907E13	27611.0	80.0
5.790592E13	27611.0	81.0
5.7905928E13	27126.0	79.0
5.7905936E13	27126.0	78.0
5.790595E13	27126.0	77.0
5.7905957E13	27126.0	75.0
5.790597E13	26104.0	75.0
5.790598E13	26104.0	75.0
5.7905986E13	26104.0	75.0
5.7906E13	26104.0	73.0
5.7906007E13	23518.0	72.0
5.790602E13	23518.0	72.0
5.790603E13	23518.0	73.0
5.7906037E13	24533.0	72.0
5.790605E13	21525.0	72.0
5.7906058E13	21525.0	72.0
5.790607E13	21525.0	73.0
5.790608E13	20252.0	74.0
5.7906087E13	20252.0	75.0
5.79061E13	20252.0	75.0
5.790611E13	20252.0	76.0
5.7906116E13	20299.0	75.0
5.790613E13	20299.0	73.0
5.7906137E13	20299.0	72.0
5.790615E13	20299.0	72.0
5.790616E13	21420.0	71.0
5.7906167E13	21420.0	70.0
5.790618E13	21420.0	71.0
5.7906188E13	21420.0	70.0
5.79062E13	20188.0	68.0
5.790621E13	20188.0	67.0
5.7906217E13	20188.0	66.0
5.790623E13	19968.0	69.0
5.790624E13	19968.0	70.0
5.7906246E13	19968.0	71.0
5.790626E13	18667.0	72.0
5.7906267E13	18667.0	72.0
5.790628E13	18667.0	74.0
5.790629E13	18667.0	74.0
5.7906297E13	18060.0	75.0
5.790631E13	18060.0	75.0
5.7906318E13	18060.0	80.0
5.790633E13	18060.0	82.0
5.790634E13	15188.0	84.0
5.7906347E13	15188.0	85.0
5.790636E13	15188.0	85.0
5.790637E13	15188.0	86.0
5.790638E13	15808.0	85.0
5.790639E13	15808.0	84.0
5.7906397E13	15808.0	83.0
5.790641E13	15808.0	82.0
5.790642E13	14163.0	81.0
5.7906427E13	14163.0	79.0
5.790644E13	14163.0	78.0
5.7906448E13	14163.0	78.0
5.790646E13	12256.0	78.0
5.790647E13	12256.0	78.0
5.7906477E13	12256.0	79.0
5.790649E13	12256.0	79.0
5.79065E13	13005.0	79.0
5.790651E13	13005.0	77.0
5.790652E13	13005.0	76.0
5.7906527E13	13429.0	75.0
5.790654E13	13429.0	75.0
5.790655E13	13429.0	76.0
5.790656E13	13429.0	18.0
5.790657E13	16698.0	79.0
5.7906578E13	16698.0	82.0
5.790659E13	16698.0	85.0
5.79066E13	16698.0	88.0
5.7906607E13	19033.0	90.0
5.790662E13	19033.0	88.0
5.790663E13	19033.0	85.0
5.790664E13	19033.0	83.0
5.790665E13	20211.0	82.0
5.7906657E13	20211.0	81.0
5.790667E13	20211.0	79.0
5.790668E13	27106.0	78.0
5.7906687E13	27106.0	78.0
5.79067E13	27106.0	79.0
5.7906708E13	27106.0	79.0
5.790672E13	28063.0	77.0
5.790673E13	28063.0	75.0
5.790674E13	28063.0	74.0
5.790675E13	28063.0	73.0
5.790676E13	30354.0	72.0
5.790677E13	30354.0	72.0
5.790678E13	30354.0	70.0
5.79068E13	31836.0	68.0
5.790681E13	31836.0	75.0
5.790682E13	31144.0	78.0
5.790683E13	31144.0	78.0
5.7906838E13	31144.0	78.0
5.790685E13	31144.0	78.0
5.790686E13	31256.0	78.0
5.7906867E13	31256.0	77.0
5.790688E13	31256.0	76.0
5.790689E13	31256.0	75.0
5.79069E13	32181.0	73.0
5.790691E13	32181.0	72.0
5.7906918E13	32181.0	70.0
5.790693E13	32181.0	70.0
5.790694E13	33636.0	62.0
5.790695E13	33636.0	60.0
5.790696E13	33636.0	59.0
5.7906968E13	32597.0	59.0
5.790698E13	32597.0	59.0
5.790699E13	32597.0	62.0
5.7906997E13	32597.0	69.0
5.790701E13	30939.0	71.0
5.790702E13	30939.0	71.0
5.790703E13	30939.0	72.0
5.790704E13	30939.0	74.0
5.7907048E13	28277.0	76.0
5.790706E13	28277.0	76.0
5.790707E13	28277.0	77.0
5.790708E13	28277.0	78.0
5.790709E13	28277.0	78.0
5.7907098E13	27535.0	78.0
5.790712E13	27535.0	80.0
5.790713E13	27158.0	80.0
5.790714E13	27158.0	78.0
5.790715E13	27158.0	78.0
5.790716E13	27158.0	77.0
5.790717E13	25191.0	76.0
5.7907178E13	25191.0	74.0
5.790719E13	25191.0	74.0
5.79072E13	25191.0	73.0
5.790721E13	21444.0	71.0
5.790722E13	21444.0	71.0
5.790723E13	21444.0	71.0
5.790724E13	21444.0	72.0
5.790725E13	20290.0	76.0
5.790726E13	20290.0	76.0
5.790727E13	18785.0	76.0
5.790728E13	18785.0	75.0
5.790729E13	18785.0	74.0
5.79073E13	18785.0	74.0
5.7907308E13	17263.0	74.0
5.790732E13	17263.0	73.0
5.790733E13	17263.0	72.0
5.790734E13	17263.0	72.0
5.790735E13	16123.0	71.0
5.7907362E13	16123.0	71.0
5.790737E13	16123.0	39.0
5.790738E13	16123.0	39.0
5.790739E13	15651.0	68.0
5.79074E13	15651.0	66.0
5.790741E13	15651.0	65.0
5.790742E13	17782.0	64.0
5.790743E13	17782.0	65.0
5.790744E13	17782.0	67.0
5.790745E13	17782.0	69.0
5.790747E13	15494.0	74.0
5.790746E13	16053.0	75.0
5.790752E13	16053.0	76.0
5.790748E13	16053.0	78.0
5.790754E13	13236.0	79.0
5.790753E13	13236.0	79.0
5.790755E13	13236.0	79.0
5.7907568E13	13693.0	41.0
5.790756E13	13693.0	41.0
5.790758E13	14200.0	82.0
5.790759E13	14200.0	84.0
5.79076E13	14200.0	84.0
5.790761E13	13965.0	85.0
5.790762E13	13965.0	85.0
5.790763E13	13965.0	85.0
5.790765E13	13965.0	85.0
5.790764E13	13965.0	85.0
5.790766E13	13965.0	87.0
5.790767E13	13965.0	88.0
5.790768E13	13965.0	88.0
5.7907698E13	13521.0	86.0
5.790771E13	13521.0	85.0
5.790772E13	13521.0	83.0
5.790773E13	17810.0	81.0
5.790774E13	17810.0	12.0
5.790775E13	17810.0	12.0
5.790776E13	17810.0	12.0
5.790777E13	18440.0	13.0
5.790778E13	18440.0	13.0
5.790779E13	18440.0	13.0
5.79078E13	18440.0	13.0
5.790781E13	20621.0	88.0
5.790782E13	20621.0	88.0
5.790785E13	22441.0	11.0
5.790786E13	22441.0	11.0
5.790787E13	22441.0	11.0
5.790788E13	26596.0	81.0
5.790789E13	26596.0	80.0
5.79079E13	26596.0	79.0
5.790791E13	26596.0	8.0
5.790792E13	28018.0	76.0
5.790793E13	28018.0	8.0
5.790794E13	28018.0	74.0
5.790795E13	28018.0	75.0
5.790796E13	29660.0	75.0
5.790797E13	29660.0	79.0
5.790798E13	29660.0	81.0
5.790799E13	29660.0	78.0
5.7908E13	31278.0	74.0
5.790801E13	31278.0	72.0
5.790802E13	31278.0	73.0
5.790803E13	31660.0	75.0
5.790804E13	31660.0	77.0
5.790805E13	31660.0	77.0
5.790806E13	31660.0	77.0
5.790807E13	31241.0	77.0
5.790808E13	31241.0	77.0
5.790809E13	31241.0	76.0
5.79081E13	31241.0	75.0
5.790811E13	30054.0	73.0
5.790812E13	30054.0	71.0
5.790813E13	30054.0	69.0
5.7908142E13	30054.0	67.0
5.790815E13	29877.0	64.0
5.790816E13	29877.0	61.0
5.790817E13	29877.0	59.0
5.790818E13	30006.0	59.0
5.790819E13	29130.0	61.0
5.79082E13	29130.0	65.0
5.790821E13	29130.0	65.0
5.790822E13	28215.0	68.0
5.790823E13	28215.0	71.0
5.790824E13	28215.0	73.0
5.790825E13	28215.0	74.0
5.790826E13	27587.0	75.0
5.7908272E13	27587.0	75.0
5.790828E13	27587.0	76.0
5.790829E13	27587.0	78.0
5.79083E13	27115.0	78.0
5.790831E13	27115.0	78.0
5.790832E13	27115.0	79.0
5.790833E13	28567.0	79.0
5.790834E13	26841.0	79.0
5.790835E13	26841.0	79.0
5.790836E13	23772.0	78.0
5.790837E13	23772.0	78.0
5.790838E13	23772.0	77.0
5.790839E13	23772.0	75.0
5.7908402E13	23772.0	73.0
5.790841E13	23578.0	71.0
5.790842E13	23578.0	71.0
5.790843E13	23578.0	71.0
5.790844E13	23578.0	72.0
5.7908453E13	20911.0	73.0
5.790846E13	20911.0	74.0
5.790847E13	20911.0	75.0
5.790848E13	22654.0	74.0
5.790849E13	21858.0	74.0
5.79085E13	21858.0	75.0
5.790851E13	21858.0	75.0
5.790852E13	20874.0	75.0
5.7908532E13	20874.0	74.0
5.790854E13	20874.0	72.0
5.790855E13	20874.0	71.0
5.790856E13	20234.0	70.0
5.790857E13	20234.0	69.0
5.7908583E13	20234.0	68.0
5.790859E13	20234.0	68.0
5.79086E13	21523.0	67.0
5.790861E13	21523.0	65.0
5.790862E13	21523.0	64.0
5.790863E13	21533.0	65.0
5.790864E13	20553.0	68.0
5.790865E13	20553.0	70.0
5.7908662E13	20553.0	71.0
5.790867E13	19937.0	74.0
5.790868E13	19937.0	76.0
5.790869E13	19937.0	77.0
5.79087E13	19937.0	77.0
5.7908713E13	18547.0	77.0
5.790872E13	18547.0	78.0
5.790873E13	18547.0	81.0
5.790874E13	18547.0	83.0
5.790875E13	18622.0	84.0
5.790876E13	18622.0	83.0
5.790877E13	18622.0	79.0
5.790878E13	18622.0	76.0
5.7908792E13	16391.0	75.0
5.79088E13	16391.0	75.0
5.790881E13	16391.0	75.0
5.790882E13	15500.0	74.0
5.790883E13	15500.0	75.0
5.7908843E13	15500.0	75.0
5.790885E13	15500.0	77.0
5.790886E13	14142.0	79.0
5.790887E13	14142.0	81.0
5.790888E13	14142.0	83.0
5.790889E13	14142.0	84.0
5.79089E13	14110.0	84.0
5.790891E13	14110.0	82.0
5.7908922E13	14110.0	81.0
5.790893E13	14110.0	81.0
5.790894E13	13788.0	79.0
5.790895E13	13788.0	78.0
5.790896E13	13788.0	78.0
5.7908973E13	17388.0	79.0
5.790898E13	17388.0	81.0
5.790899E13	17388.0	82.0
5.7909002E13	17388.0	84.0
5.790901E13	19677.0	84.0
5.7909023E13	19677.0	84.0
5.790903E13	19677.0	84.0
5.790904E13	19677.0	82.0
5.7909052E13	20317.0	80.0
5.790906E13	20317.0	79.0
5.790907E13	20317.0	78.0
5.790908E13	20317.0	77.0
5.790909E13	21983.0	75.0
5.7909103E13	21983.0	73.0
5.790911E13	21983.0	71.0
5.790912E13	23507.0	70.0
5.7909132E13	23507.0	71.0
5.790914E13	23507.0	72.0
5.7909153E13	23507.0	75.0
5.790916E13	31276.0	77.0
5.790917E13	31276.0	76.0
5.7909182E13	31276.0	74.0
5.790919E13	31276.0	72.0
5.7909203E13	33359.0	69.0
5.790921E13	33359.0	67.0
5.790922E13	33359.0	70.0
5.7909233E13	33359.0	73.0
5.790924E13	33025.0	76.0
5.790925E13	33025.0	77.0
5.7909262E13	31576.0	76.0
5.790927E13	31576.0	76.0
5.7909283E13	31576.0	76.0
5.790929E13	31576.0	76.0
5.79093E13	31519.0	73.0
5.7909312E13	31519.0	73.0
5.790932E13	31519.0	72.0
5.7909333E13	31519.0	70.0
5.790934E13	31519.0	70.0
5.790935E13	30973.0	66.0
5.7909363E13	30973.0	39.0
5.790937E13	30973.0	58.0
5.790938E13	31159.0	62.0
5.7909392E13	31159.0	67.0
5.79094E13	31159.0	67.0
5.7909413E13	31159.0	70.0
5.790942E13	30441.0	71.0
5.790943E13	30441.0	72.0
5.7909443E13	30441.0	73.0
5.790945E13	30441.0	74.0
5.7909463E13	29062.0	75.0
5.790947E13	29062.0	76.0
5.790948E13	29062.0	77.0
5.7909493E13	29062.0	77.0
5.79095E13	27638.0	78.0
5.790951E13	27638.0	78.0
5.7909522E13	27638.0	78.0
5.790953E13	27638.0	77.0
5.7909543E13	27055.0	76.0
5.790955E13	27055.0	75.0
5.790956E13	27055.0	77.0
5.7909573E13	24251.0	76.0
5.790958E13	24251.0	75.0
5.7909594E13	24251.0	74.0
5.79096E13	24251.0	73.0
5.790961E13	21681.0	73.0
5.7909623E13	21681.0	73.0
5.790963E13	21681.0	74.0
5.7909644E13	21681.0	74.0
5.7909652E13	20991.0	75.0
5.790966E13	20991.0	75.0
5.7909673E13	20991.0	75.0
5.790968E13	20991.0	75.0
5.790969E13	21849.0	76.0
5.7909703E13	21849.0	76.0
5.790971E13	21849.0	75.0
5.7909724E13	21335.0	73.0
5.790973E13	21335.0	72.0
5.790974E13	21335.0	72.0
5.7909753E13	21335.0	71.0
5.790976E13	20768.0	70.0
5.7909774E13	20768.0	69.0
5.7909782E13	20768.0	68.0
5.790979E13	20768.0	66.0
5.7909803E13	20140.0	64.0
5.790981E13	20140.0	63.0
5.790982E13	20140.0	65.0
5.7909833E13	20140.0	67.0
5.790984E13	20198.0	69.0
5.7909854E13	20198.0	72.0
5.790986E13	20198.0	75.0
5.790987E13	21538.0	77.0
5.7909883E13	21538.0	78.0
5.790989E13	21538.0	78.0
5.7909904E13	21538.0	78.0
5.7909912E13	20677.0	80.0
5.790992E13	20677.0	83.0
5.7909933E13	20677.0	85.0
5.790994E13	17312.0	85.0
5.790995E13	17312.0	85.0
5.7909963E13	17312.0	83.0
5.790997E13	17312.0	80.0
5.790999E13	15359.0	75.0
5.791E13	15359.0	74.0
5.7910013E13	15359.0	73.0
5.791002E13	14755.0	73.0
5.7910034E13	14755.0	73.0
5.7910042E13	14755.0	75.0
5.791005E13	14755.0	77.0
5.7910063E13	13409.0	80.0
5.791007E13	13409.0	82.0
5.7910084E13	13409.0	84.0
5.7910093E13	13409.0	86.0
5.79101E13	15280.0	86.0
5.7910114E13	15280.0	86.0
5.791012E13	15280.0	85.0
5.791013E13	15280.0	82.0
5.7910143E13	19027.0	79.0
5.791015E13	19027.0	82.0
5.7910164E13	19027.0	82.0
5.7910172E13	19630.0	87.0
5.7910193E13	19630.0	87.0
5.79102E13	19630.0	87.0
5.7910214E13	19415.0	87.0
5.7910223E13	19415.0	86.0
5.791023E13	19415.0	84.0
5.7910244E13	19415.0	83.0
5.791025E13	21804.0	82.0
5.791026E13	21804.0	81.0
5.7910273E13	21804.0	79.0
5.791028E13	21804.0	78.0
5.7910294E13	21806.0	75.0
5.7910302E13	21806.0	75.0
5.791031E13	24873.0	74.0
5.7910323E13	24873.0	74.0
5.791033E13	24873.0	75.0
5.7910344E13	24873.0	75.0
5.7910353E13	30511.0	77.0
5.791036E13	30511.0	77.0
5.7910374E13	30511.0	75.0
5.791038E13	30511.0	70.0
5.791039E13	30511.0	70.0
5.7910403E13	33012.0	69.0
5.791041E13	33012.0	73.0
5.7910424E13	33012.0	77.0
5.7910432E13	33370.0	78.0
5.791044E13	33370.0	78.0
5.7910453E13	33370.0	77.0
5.791046E13	33370.0	77.0
5.7910474E13	31862.0	78.0
5.7910483E13	31862.0	78.0
5.791049E13	31862.0	77.0
5.7910504E13	31862.0	75.0
5.791051E13	30996.0	73.0
5.7910525E13	30996.0	69.0
5.7910533E13	30996.0	68.0
5.791054E13	30996.0	66.0
5.7910554E13	30136.0	64.0
5.7910562E13	30136.0	63.0
5.791057E13	30136.0	63.0
5.7910583E13	30136.0	65.0
5.791059E13	29280.0	68.0
5.7910604E13	29280.0	71.0
5.7910613E13	29280.0	72.0
5.791062E13	28459.0	74.0
5.7910634E13	28459.0	75.0
5.7910663E13	26381.0	78.0
5.791067E13	26381.0	78.0
5.7910684E13	26381.0	78.0
5.7910692E13	26381.0	78.0
5.79107E13	27078.0	79.0
5.7910713E13	27078.0	79.0
5.791072E13	27078.0	80.0
5.7910734E13	27078.0	79.0
5.7910743E13	26593.0	77.0
5.791075E13	26593.0	77.0
5.7910764E13	26593.0	75.0
5.7910772E13	22998.0	74.0
5.7910785E13	22998.0	74.0
5.7910793E13	22998.0	73.0
5.79108E13	22998.0	73.0
5.7910814E13	21668.0	73.0
5.7910822E13	21668.0	73.0
5.791083E13	21668.0	74.0
5.7910843E13	21668.0	74.0
5.791085E13	21114.0	74.0
5.7910864E13	21114.0	74.0
5.7910873E13	21114.0	75.0
5.791088E13	21114.0	75.0
5.7910894E13	21779.0	74.0
5.7910902E13	21779.0	72.0
5.7910915E13	21779.0	71.0
5.7910923E13	20913.0	70.0
5.791093E13	20105.0	70.0
5.7910944E13	20105.0	69.0
5.7910952E13	20105.0	69.0
5.791096E13	19923.0	68.0
5.7910973E13	19923.0	68.0
5.791098E13	19923.0	65.0
5.7910994E13	19923.0	63.0
5.7911003E13	19595.0	60.0
5.791101E13	19595.0	60.0
5.7911024E13	19595.0	62.0
5.7911032E13	19595.0	65.0
5.7911045E13	19682.0	69.0
5.7911053E13	19682.0	73.0
5.791106E13	19682.0	76.0
5.7911074E13	19846.0	77.0
5.7911082E13	19499.0	76.0
5.7911095E13	19499.0	76.0
5.7911103E13	19499.0	77.0
5.791111E13	18913.0	79.0
5.7911124E13	18913.0	81.0
5.7911133E13	18913.0	83.0
5.791114E13	18913.0	83.0
5.7911154E13	17422.0	81.0
5.7911162E13	17422.0	79.0
5.7911175E13	17422.0	76.0
5.7911183E13	17422.0	75.0
5.791119E13	15972.0	74.0
5.7911204E13	15972.0	74.0
5.7911213E13	15972.0	74.0
5.7911225E13	17558.0	75.0
5.7911233E13	14775.0	76.0
5.791124E13	14775.0	79.0
5.7911254E13	14775.0	82.0
5.7911263E13	14134.0	84.0
5.791127E13	14134.0	85.0
5.7911284E13	14134.0	86.0
5.7911292E13	14134.0	85.0
5.7911305E13	14565.0	82.0
5.7911313E13	14565.0	80.0
5.791132E13	14565.0	78.0
5.7911334E13	16227.0	76.0
5.7911343E13	16227.0	76.0
5.7911355E13	16227.0	76.0
5.7911364E13	16227.0	78.0
5.791137E13	19602.0	84.0
5.7911384E13	19602.0	86.0
5.7911393E13	19602.0	86.0
5.79114E13	19602.0	88.0
5.7911414E13	19518.0	86.0
5.7911422E13	19518.0	84.0
5.7911435E13	19518.0	84.0
5.7911443E13	19518.0	83.0
5.791145E13	22197.0	82.0
5.7911464E13	22197.0	80.0
5.7911473E13	22197.0	78.0
5.7911485E13	22197.0	76.0
5.7911494E13	22198.0	74.0
5.7911506E13	22198.0	72.0
5.7911514E13	22198.0	72.0
5.7911523E13	22198.0	71.0
5.7911535E13	26132.0	71.0
5.7911544E13	26132.0	73.0
5.7911552E13	26132.0	76.0
5.7911565E13	28762.0	77.0
5.7911573E13	28762.0	75.0
5.791158E13	28762.0	72.0
5.7911594E13	28762.0	67.0
5.7911603E13	29641.0	65.0
5.7911615E13	29641.0	65.0
5.7911624E13	29641.0	67.0
5.791163E13	29641.0	71.0
5.7911645E13	30926.0	76.0
5.7911653E13	30926.0	78.0
5.7911665E13	30926.0	78.0
5.7911674E13	30926.0	76.0
5.7911682E13	33978.0	76.0
5.7911695E13	33978.0	76.0
5.7911703E13	33978.0	77.0
5.791171E13	32740.0	78.0
5.7911724E13	32740.0	75.0
5.7911733E13	32740.0	74.0
5.7911745E13	32740.0	73.0
5.7911754E13	32133.0	71.0
5.791176E13	32133.0	69.0
5.7911775E13	32133.0	66.0
5.7911783E13	32133.0	62.0
5.7911796E13	31288.0	61.0
5.7911804E13	31288.0	63.0
5.7911812E13	31288.0	68.0
5.7911825E13	29699.0	75.0
5.7911833E13	29699.0	74.0
5.7911846E13	29699.0	74.0
5.7911854E13	28372.0	76.0
5.7911863E13	28372.0	78.0
5.7911875E13	28372.0	80.0
5.7911884E13	28372.0	81.0
5.791189E13	26576.0	80.0
5.7911905E13	26576.0	79.0
5.7911913E13	26576.0	78.0
5.7911926E13	26576.0	77.0
5.7911934E13	25307.0	76.0
5.7911942E13	25307.0	76.0
5.7911955E13	25307.0	76.0
5.7911963E13	25307.0	76.0
5.7911976E13	24075.0	75.0
5.7911984E13	24075.0	73.0
5.7911993E13	24075.0	73.0
5.7912005E13	24241.0	73.0
5.7912014E13	24241.0	73.0
5.791202E13	24241.0	73.0
5.7912035E13	24241.0	74.0
5.7912043E13	24241.0	74.0
5.7912056E13	21292.0	77.0
5.7912064E13	21292.0	78.0
5.7912072E13	21292.0	79.0
5.7912085E13	21292.0	79.0
5.7912093E13	20276.0	78.0
5.7912106E13	20276.0	76.0
5.7912114E13	20276.0	75.0
5.7912123E13	20276.0	74.0
5.7912135E13	21903.0	74.0
5.7912144E13	21903.0	74.0
5.791215E13	21903.0	72.0
5.7912165E13	21393.0	71.0
5.7912173E13	21393.0	69.0
5.7912186E13	21393.0	68.0
5.7912194E13	21393.0	66.0
5.7912202E13	20591.0	64.0
5.7912215E13	20591.0	63.0
5.7912223E13	20591.0	63.0
5.7912236E13	20591.0	65.0
5.7912244E13	21030.0	67.0
5.7912253E13	21030.0	69.0
5.7912265E13	21030.0	70.0
5.7912274E13	21030.0	71.0
5.791228E13	20992.0	76.0
5.7912295E13	20992.0	76.0
5.7912303E13	20992.0	76.0
5.7912316E13	21744.0	78.0
5.7912324E13	21744.0	81.0
5.7912332E13	21744.0	81.0
5.7912345E13	21744.0	83.0
5.7912353E13	22321.0	86.0
5.7912366E13	22321.0	86.0
5.7912374E13	22321.0	86.0
5.7912383E13	22321.0	83.0
5.7912395E13	19913.0	81.0
5.7912404E13	19913.0	78.0
5.7912416E13	19913.0	77.0
5.7912425E13	19913.0	76.0
5.7912433E13	16661.0	75.0
5.7912446E13	16661.0	75.0
5.7912454E13	16661.0	75.0
5.7912462E13	14880.0	77.0
5.7912475E13	14880.0	78.0
5.7912483E13	14880.0	80.0
5.7912496E13	14880.0	80.0
5.7912504E13	14301.0	80.0
5.7912513E13	14301.0	79.0
5.7912525E13	14301.0	78.0
5.7912534E13	14301.0	78.0
5.7912546E13	17513.0	77.0
5.7912555E13	17513.0	78.0
5.7912563E13	17513.0	79.0
5.7912576E13	17513.0	79.0
5.7912584E13	19651.0	85.0
5.7912592E13	19651.0	87.0
5.7912605E13	20306.0	87.0
5.7912613E13	20306.0	87.0
5.7912626E13	20306.0	88.0
5.7912634E13	20306.0	87.0
5.7912643E13	20306.0	85.0
5.7912655E13	26446.0	84.0
5.7912664E13	26446.0	82.0
5.7912676E13	26446.0	80.0
5.7912685E13	26446.0	78.0
5.7912693E13	24095.0	75.0
5.7912706E13	24095.0	74.0
5.7912714E13	24095.0	73.0
5.7912727E13	24095.0	70.0
5.7912735E13	27649.0	69.0
5.7912743E13	27649.0	70.0
5.7912756E13	27649.0	72.0
5.7912764E13	29655.0	73.0
5.7912773E13	29655.0	72.0
5.7912785E13	29655.0	69.0
5.7912794E13	29655.0	68.0
5.7912806E13	32516.0	67.0
5.7912815E13	32516.0	67.0
5.7912823E13	32516.0	70.0
5.7912836E13	32516.0	76.0
5.7912844E13	34731.0	79.0
5.7912857E13	34731.0	77.0
5.7912865E13	34731.0	76.0
5.7912873E13	34731.0	77.0
5.7912886E13	32843.0	78.0
5.7912894E13	32843.0	77.0
5.7912903E13	32843.0	76.0
5.7912915E13	32351.0	73.0
5.7912924E13	32351.0	71.0
5.7912936E13	32351.0	70.0
5.7912945E13	32351.0	68.0
5.7912953E13	31698.0	65.0
5.7912966E13	31698.0	63.0
5.7912974E13	31698.0	62.0
5.7912987E13	31698.0	63.0
5.7912995E13	31110.0	67.0
5.7913003E13	31110.0	70.0
5.7913016E13	31110.0	72.0
5.7913024E13	31110.0	73.0
5.7913037E13	30732.0	74.0
5.7913045E13	30732.0	75.0
5.7913054E13	30732.0	76.0
5.7913066E13	28502.0	78.0
5.7913075E13	28502.0	80.0
5.7913083E13	28502.0	79.0
5.7913096E13	28502.0	78.0
5.7913104E13	26617.0	77.0
5.7913117E13	26617.0	78.0
5.7913125E13	26617.0	79.0
5.7913133E13	26617.0	79.0
5.7913146E13	25372.0	79.0
5.7913154E13	25372.0	77.0
5.7913167E13	25372.0	76.0
5.7913175E13	25372.0	74.0
5.7913184E13	24146.0	73.0
5.7913196E13	24146.0	71.0
5.7913205E13	24146.0	71.0
5.7913213E13	22976.0	72.0
5.7913226E13	22976.0	73.0
5.7913234E13	22976.0	74.0
5.7913247E13	20431.0	76.0
5.7913255E13	20431.0	77.0
5.7913264E13	20431.0	78.0
5.7913276E13	20431.0	79.0
5.7913284E13	17964.0	79.0
5.7913297E13	17964.0	78.0
5.7913305E13	17964.0	75.0
5.7913314E13	17964.0	75.0
5.7913326E13	17964.0	74.0
5.7913335E13	18600.0	72.0
5.7913347E13	18600.0	71.0
5.7913356E13	19359.0	70.0
5.7913364E13	19359.0	69.0
5.7913377E13	19359.0	68.0
5.7913385E13	19359.0	67.0
5.7913394E13	19359.0	67.0
5.7913406E13	19292.0	65.0
5.7913415E13	19292.0	64.0
5.7913427E13	19292.0	64.0
5.7913435E13	19292.0	66.0
5.7913444E13	19837.0	68.0
5.7913456E13	19837.0	70.0
5.7913465E13	19837.0	73.0
5.7913477E13	19837.0	77.0
5.7913486E13	19400.0	78.0
5.7913494E13	19400.0	78.0
5.7913507E13	19400.0	76.0
5.7913515E13	19767.0	75.0
5.7913524E13	19591.0	76.0
5.7913536E13	19591.0	80.0
5.7913545E13	19591.0	82.0
5.7913557E13	18936.0	83.0
5.7913566E13	18936.0	83.0
5.7913574E13	18936.0	82.0
5.7913586E13	18936.0	81.0
5.7913595E13	15350.0	80.0
5.7913607E13	15350.0	79.0
5.7913616E13	15350.0	79.0
5.7913624E13	15350.0	79.0
5.7913637E13	14032.0	80.0
5.7913645E13	14032.0	81.0
5.7913654E13	14032.0	82.0
5.7913666E13	15891.0	83.0
5.7913675E13	11185.0	82.0
5.7913687E13	11185.0	82.0
5.7913696E13	11185.0	81.0
5.7913704E13	9241.0	80.0
5.7913717E13	9241.0	78.0
5.7913725E13	9241.0	78.0
5.7913737E13	9241.0	77.0
5.7913746E13	10949.0	78.0
5.7913754E13	10949.0	78.0
5.7913767E13	10949.0	79.0
5.7913775E13	10949.0	80.0
5.7913788E13	14713.0	82.0
5.7913796E13	14713.0	83.0
5.7913805E13	14713.0	84.0
5.7913817E13	9981.0	87.0
5.7913826E13	18606.0	88.0
5.7913834E13	18606.0	87.0
5.7913847E13	18606.0	85.0
5.7913855E13	20436.0	84.0
5.7913868E13	20436.0	82.0
5.7913876E13	20436.0	81.0
5.7913884E13	20436.0	80.0
5.7913897E13	25211.0	78.0
5.7913905E13	25211.0	76.0
5.7913918E13	25211.0	74.0
5.7913926E13	25211.0	73.0
5.7913935E13	26530.0	73.0
5.7913947E13	26530.0	75.0
5.7913956E13	26530.0	77.0
5.7913964E13	23970.0	79.0
5.7913977E13	27042.0	76.0
5.7913985E13	27042.0	72.0
5.7913998E13	27042.0	68.0
5.7914006E13	30136.0	67.0
5.7914014E13	30136.0	69.0
5.7914027E13	30136.0	72.0
5.7914035E13	30136.0	76.0
5.7914048E13	30648.0	81.0
5.7914056E13	30648.0	81.0
5.7914065E13	30648.0	80.0
5.7914077E13	30648.0	79.0
5.7914086E13	29237.0	78.0
5.7914094E13	29237.0	77.0
5.7914107E13	29237.0	75.0
5.7914115E13	29237.0	74.0
5.7914128E13	28565.0	72.0
5.7914136E13	28565.0	70.0
5.7914144E13	28565.0	68.0
5.7914157E13	28175.0	66.0
5.7914165E13	28175.0	64.0
5.7914178E13	28175.0	63.0
5.7914186E13	28175.0	64.0
5.7914195E13	26537.0	66.0
5.7914207E13	26537.0	70.0
5.7914216E13	26537.0	73.0
5.791423E13	26537.0	74.0
5.7914237E13	26232.0	76.0
5.7914245E13	26232.0	77.0
5.7914258E13	26232.0	79.0
5.7914266E13	25145.0	80.0
5.7914274E13	25145.0	81.0
5.7914287E13	25145.0	81.0
5.7914295E13	25145.0	81.0
5.791431E13	23846.0	80.0
5.7914316E13	23846.0	80.0
5.7914325E13	23846.0	81.0
5.7914337E13	23846.0	80.0
5.7914346E13	21393.0	78.0
5.791436E13	21393.0	78.0
5.7914367E13	21393.0	75.0
5.7914375E13	20606.0	73.0
5.7914388E13	20606.0	73.0
5.7914396E13	20606.0	73.0
5.7914404E13	20606.0	73.0
5.7914417E13	20606.0	73.0
5.7914425E13	20037.0	72.0
5.791444E13	20037.0	72.0
5.7914446E13	20037.0	73.0
5.7914455E13	19060.0	74.0
5.7914467E13	19060.0	75.0
5.7914476E13	19060.0	75.0
5.791449E13	19060.0	76.0
5.7914497E13	16406.0	76.0
5.7914505E13	16406.0	75.0
5.7914518E13	16406.0	73.0
5.7914526E13	16406.0	70.0
5.7914534E13	17998.0	69.0
5.7914547E13	17998.0	69.0
5.7914555E13	17998.0	69.0
5.791457E13	17998.0	69.0
5.7914576E13	18616.0	69.0
5.7914585E13	18616.0	67.0
5.7914597E13	18616.0	66.0
5.7914606E13	19062.0	65.0
5.791462E13	19062.0	65.0
5.7914627E13	19062.0	67.0
5.7914635E13	19062.0	69.0
5.7914648E13	18876.0	71.0
5.7914656E13	18876.0	75.0
5.791467E13	18876.0	77.0
5.7914677E13	18876.0	79.0
5.7914685E13	18925.0	79.0
5.79147E13	18925.0	80.0
5.7914706E13	18925.0	81.0
5.7914715E13	18925.0	84.0
5.7914727E13	18451.0	86.0
5.7914736E13	18451.0	86.0
5.791475E13	18451.0	85.0
5.7914757E13	19006.0	83.0
5.7914765E13	19006.0	80.0
5.7914778E13	19006.0	78.0
5.7914786E13	19006.0	76.0
5.79148E13	18315.0	75.0
5.7914807E13	18315.0	75.0
5.7914815E13	18315.0	76.0
5.791483E13	18315.0	76.0
5.7914836E13	14067.0	77.0
5.791485E13	14067.0	77.0
5.7914857E13	14067.0	76.0
5.7914866E13	14067.0	76.0
5.791488E13	12878.0	76.0
5.7914887E13	12878.0	76.0
5.7914895E13	12878.0	76.0
5.7914908E13	13358.0	75.0
5.7914916E13	13358.0	74.0
5.791493E13	13358.0	75.0
5.7914937E13	13358.0	75.0
5.7914945E13	14617.0	77.0
5.791496E13	14617.0	78.0
5.7914966E13	14617.0	80.0
5.7914987E13	19500.0	86.0
5.7914996E13	19500.0	88.0
5.791501E13	19500.0	87.0
5.7915017E13	19500.0	85.0
5.7915025E13	20007.0	83.0
5.7915038E13	20007.0	83.0
5.7915046E13	20007.0	83.0
5.791506E13	22017.0	81.0
5.7915067E13	22017.0	80.0
5.7915075E13	22017.0	79.0
5.791509E13	22017.0	77.0
5.7915096E13	22178.0	74.0
5.791511E13	22178.0	73.0
5.7915117E13	22178.0	72.0
5.7915126E13	22178.0	71.0
5.791514E13	24704.0	71.0
5.7915147E13	24704.0	73.0
5.7915155E13	24704.0	75.0
5.7915168E13	24704.0	76.0
5.7915176E13	28369.0	75.0
5.791519E13	28369.0	70.0
5.7915197E13	28369.0	65.0
5.7915205E13	28804.0	66.0
5.791522E13	28804.0	69.0
5.7915226E13	28804.0	74.0
5.791524E13	28804.0	79.0
5.7915247E13	32709.0	77.0
5.7915256E13	32709.0	77.0
5.791527E13	32709.0	77.0
5.7915277E13	32709.0	77.0
5.7915285E13	32667.0	75.0
5.7915298E13	32667.0	72.0
5.7915306E13	32667.0	70.0
5.791532E13	32667.0	70.0
5.7915327E13	31289.0	65.0
5.7915336E13	31289.0	65.0
5.791535E13	30770.0	61.0
5.7915356E13	30770.0	61.0
5.791537E13	30770.0	61.0
5.7915377E13	30770.0	69.0
5.7915386E13	30298.0	72.0
5.79154E13	30298.0	74.0
5.7915407E13	30298.0	74.0
5.7915415E13	30298.0	75.0
5.7915428E13	30298.0	75.0
5.7915436E13	30473.0	76.0
5.791545E13	30473.0	77.0
5.7915457E13	30473.0	78.0
5.7915466E13	30473.0	79.0
5.791548E13	27562.0	80.0
5.7915487E13	27562.0	79.0
5.79155E13	27562.0	79.0
5.7915507E13	25473.0	79.0
5.7915516E13	25473.0	78.0
5.791553E13	25473.0	77.0
5.7915537E13	25473.0	76.0
5.791555E13	25795.0	75.0
5.7915558E13	25795.0	73.0
5.7915566E13	25795.0	72.0
5.791558E13	25795.0	71.0
5.7915587E13	23590.0	71.0
5.7915596E13	23590.0	72.0
5.791561E13	23590.0	73.0
5.7915617E13	23590.0	74.0
5.791563E13	21152.0	75.0
5.7915637E13	21152.0	75.0
5.7915646E13	21152.0	75.0
5.791566E13	19896.0	75.0
5.7915667E13	19896.0	75.0
5.791568E13	19896.0	76.0
5.7915688E13	19896.0	77.0
5.7915696E13	19147.0	77.0
5.791571E13	19147.0	77.0
5.7915717E13	19147.0	74.0
5.7915726E13	19147.0	71.0
5.791574E13	18778.0	68.0
5.7915747E13	18778.0	67.0
5.791576E13	18778.0	66.0
5.7915768E13	18778.0	67.0
5.7915776E13	19685.0	67.0
5.791579E13	19685.0	66.0
5.7915797E13	19685.0	65.0
5.791581E13	19724.0	65.0
5.7915818E13	19724.0	67.0
5.7915826E13	19724.0	69.0
5.791584E13	19724.0	71.0
5.7915847E13	20128.0	74.0
5.791586E13	20128.0	78.0
5.791587E13	20128.0	79.0
5.7915877E13	20128.0	79.0
5.791589E13	20044.0	78.0
5.7915898E13	20044.0	79.0
5.7915906E13	20044.0	80.0
5.791592E13	20044.0	82.0
5.7915927E13	18767.0	84.0
5.791594E13	18767.0	84.0
5.7915948E13	18767.0	83.0
5.7915956E13	19156.0	81.0
5.791597E13	17176.0	79.0
5.7915977E13	17176.0	78.0
5.791599E13	17176.0	77.0
5.7916E13	16048.0	77.0
5.7916007E13	16048.0	77.0
5.7916028E13	14667.0	79.0
5.791602E13	14667.0	79.0
5.7916036E13	14667.0	80.0
5.791605E13	14667.0	82.0
5.7916057E13	14667.0	83.0
5.791607E13	14068.0	84.0
5.7916078E13	14068.0	81.0
5.7916086E13	14068.0	80.0
5.79161E13	14040.0	79.0
5.7916107E13	14181.0	78.0
5.791612E13	14181.0	78.0
5.791613E13	14181.0	79.0
5.7916137E13	16458.0	81.0
5.791615E13	16458.0	83.0
5.7916158E13	16458.0	87.0
5.7916166E13	16458.0	90.0
5.791618E13	19723.0	87.0
5.7916187E13	19723.0	86.0
5.79162E13	19723.0	84.0
5.791621E13	19723.0	84.0
5.7916216E13	20380.0	84.0
5.791623E13	20380.0	83.0
5.7916237E13	20380.0	82.0
5.791625E13	19185.0	81.0
5.791626E13	25063.0	79.0
5.7916267E13	25063.0	78.0
5.791628E13	25063.0	78.0
5.7916288E13	24665.0	77.0
5.79163E13	24665.0	76.0
5.791631E13	24665.0	77.0
5.7916317E13	24665.0	78.0
5.791633E13	28334.0	78.0
5.791634E13	28334.0	75.0
5.7916346E13	28334.0	72.0
5.791636E13	28334.0	70.0
5.7916367E13	32661.0	67.0
5.791638E13	32661.0	67.0
5.791639E13	32661.0	70.0
5.7916397E13	31324.0	73.0
5.791641E13	31663.0	77.0
5.7916418E13	31663.0	77.0
5.791643E13	31663.0	77.0
5.791644E13	31443.0	75.0
5.7916447E13	31443.0	76.0
5.791646E13	31443.0	78.0
5.791647E13	31443.0	76.0
5.7916476E13	31767.0	74.0
5.791649E13	31767.0	72.0
5.7916497E13	31767.0	69.0
5.791651E13	31767.0	68.0
5.791652E13	31185.0	67.0
5.7916527E13	31185.0	67.0
5.791654E13	31185.0	64.0
5.7916548E13	31185.0	61.0
5.791656E13	31185.0	60.0
5.791657E13	30450.0	61.0
5.7916577E13	30450.0	64.0
5.791659E13	30450.0	68.0
5.79166E13	28796.0	72.0
5.7916606E13	28796.0	74.0
5.791662E13	28796.0	74.0
5.7916627E13	28796.0	75.0
5.791664E13	27864.0	77.0
5.791665E13	27864.0	78.0
5.7916657E13	27864.0	80.0
5.791667E13	27864.0	80.0
5.7916678E13	27169.0	79.0
5.791669E13	27169.0	79.0
5.79167E13	27169.0	79.0
5.791672E13	26604.0	79.0
5.791673E13	26604.0	78.0
5.7916736E13	26604.0	78.0
5.791675E13	22525.0	77.0
5.7916757E13	22525.0	75.0
