5.715142E13	2148.0	84.0
5.7151427E13	2125.0	83.0
5.715144E13	2125.0	83.0
5.7151448E13	2125.0	83.0
5.715146E13	2140.0	83.0
5.715147E13	2140.0	82.0
5.7151477E13	2140.0	80.0
5.715149E13	2140.0	79.0
5.71515E13	2178.0	78.0
5.715151E13	2178.0	77.0
5.715152E13	2178.0	74.0
5.7151528E13	2223.0	71.0
5.715154E13	2223.0	69.0
5.715155E13	2223.0	69.0
5.7151557E13	2223.0	69.0
5.715157E13	2282.0	72.0
5.715158E13	2282.0	72.0
5.715159E13	2282.0	74.0
5.71516E13	2282.0	75.0
5.7151607E13	2346.0	75.0
5.715162E13	2346.0	72.0
5.715163E13	2346.0	68.0
5.715164E13	2346.0	64.0
5.715165E13	2397.0	65.0
5.7151658E13	2397.0	69.0
5.715167E13	2397.0	73.0
5.715168E13	2397.0	76.0
5.715169E13	2435.0	77.0
5.71517E13	2435.0	75.0
5.715171E13	2435.0	74.0
5.715172E13	2435.0	73.0
5.715173E13	2451.0	73.0
5.7151737E13	2451.0	72.0
5.715175E13	2451.0	69.0
5.715176E13	2443.0	66.0
5.715177E13	2443.0	63.0
5.715178E13	2443.0	61.0
5.7151788E13	2443.0	59.0
5.71518E13	2422.0	58.0
5.715181E13	2422.0	59.0
5.715182E13	2422.0	63.0
5.715183E13	2422.0	66.0
5.715184E13	2395.0	69.0
5.715185E13	2395.0	70.0
5.7151863E13	2395.0	71.0
5.715187E13	2395.0	72.0
5.715188E13	2342.0	74.0
5.715189E13	2342.0	75.0
5.71519E13	2342.0	76.0
5.715191E13	2282.0	78.0
5.7151918E13	2282.0	79.0
5.715193E13	2282.0	79.0
5.715195E13	2256.0	77.0
5.7151964E13	2256.0	76.0
5.715197E13	2256.0	75.0
5.715199E13	2265.0	73.0
5.7151997E13	2265.0	72.0
5.715202E13	2265.0	70.0
5.715203E13	2291.0	70.0
5.7152048E13	2291.0	70.0
5.715206E13	2311.0	70.0
5.715207E13	2311.0	71.0
5.715208E13	2311.0	72.0
5.715209E13	2311.0	74.0
5.71521E13	2309.0	75.0
5.715211E13	2309.0	76.0
5.715212E13	2309.0	77.0
5.715213E13	2309.0	76.0
5.715214E13	2307.0	74.0
5.715215E13	2307.0	72.0
5.715216E13	2307.0	70.0
5.7152178E13	2318.0	68.0
5.715219E13	2318.0	66.0
5.71522E13	2318.0	67.0
5.715221E13	2352.0	65.0
5.715222E13	2352.0	63.0
5.715223E13	2352.0	62.0
5.715225E13	2364.0	66.0
5.715226E13	2364.0	69.0
5.715227E13	2364.0	71.0
5.715228E13	2364.0	73.0
5.715229E13	2361.0	74.0
5.71523E13	2361.0	75.0
5.715231E13	2361.0	77.0
5.715232E13	2362.0	78.0
5.715233E13	2362.0	81.0
5.715234E13	2362.0	82.0
5.715235E13	2362.0	82.0
5.715236E13	2341.0	81.0
5.715237E13	2341.0	80.0
5.715238E13	2341.0	79.0
5.715239E13	2341.0	79.0
5.71524E13	2294.0	79.0
5.715241E13	2294.0	79.0
5.715242E13	2294.0	79.0
5.715243E13	2294.0	79.0
5.715244E13	2215.0	81.0
5.715245E13	2215.0	82.0
5.715246E13	2215.0	83.0
5.715247E13	2118.0	83.0
5.715248E13	2118.0	83.0
5.715249E13	2118.0	84.0
5.71525E13	2118.0	84.0
5.715251E13	2036.0	84.0
5.715252E13	2036.0	83.0
5.715253E13	2036.0	82.0
5.715254E13	2036.0	81.0
5.715255E13	1993.0	81.0
5.715256E13	1993.0	83.0
5.715257E13	1993.0	85.0
5.715258E13	1993.0	86.0
5.715259E13	1995.0	87.0
5.71526E13	1995.0	88.0
5.715261E13	1995.0	85.0
5.7152622E13	2032.0	81.0
5.715263E13	2032.0	79.0
5.715264E13	2032.0	75.0
5.715265E13	2032.0	72.0
5.715266E13	2085.0	58.0
5.715267E13	2085.0	69.0
5.715268E13	2085.0	65.0
5.715269E13	2085.0	63.0
5.71527E13	2154.0	64.0
5.715271E13	2154.0	67.0
5.715272E13	2154.0	69.0
5.715273E13	2154.0	72.0
5.715274E13	2230.0	75.0
5.7152752E13	2230.0	71.0
5.715276E13	2230.0	71.0
5.715277E13	2296.0	69.0
5.715278E13	2296.0	68.0
5.715279E13	2296.0	69.0
5.71528E13	2296.0	72.0
5.715281E13	2351.0	74.0
5.715282E13	2351.0	76.0
5.715283E13	2351.0	77.0
5.715284E13	2351.0	75.0
5.715285E13	2387.0	75.0
5.715286E13	2387.0	74.0
5.715287E13	2387.0	73.0
5.7152882E13	2387.0	72.0
5.715289E13	2376.0	70.0
5.71529E13	2376.0	67.0
5.715291E13	2376.0	64.0
5.715292E13	2344.0	61.0
5.715293E13	2344.0	57.0
5.715294E13	2344.0	56.0
5.715295E13	2344.0	58.0
5.715296E13	2328.0	62.0
5.715297E13	2328.0	66.0
5.715298E13	2328.0	69.0
5.715299E13	2328.0	71.0
5.7153E13	2322.0	71.0
5.7153012E13	2322.0	72.0
5.715302E13	2322.0	73.0
5.715303E13	2322.0	75.0
5.715304E13	2266.0	75.0
5.715305E13	2266.0	76.0
5.715306E13	2266.0	76.0
5.715307E13	2215.0	77.0
5.715308E13	2215.0	79.0
5.715309E13	2215.0	79.0
5.71531E13	2215.0	77.0
5.715311E13	2203.0	75.0
5.715312E13	2203.0	74.0
5.715313E13	2203.0	73.0
5.7153142E13	2203.0	72.0
5.715315E13	2226.0	70.0
5.715316E13	2226.0	69.0
5.715317E13	2226.0	68.0
5.715318E13	2226.0	69.0
5.7153193E13	2251.0	69.0
5.71532E13	2251.0	69.0
5.715321E13	2251.0	70.0
5.715322E13	2245.0	72.0
5.715323E13	2245.0	72.0
5.715324E13	2245.0	74.0
5.715325E13	2245.0	75.0
5.715326E13	2220.0	76.0
5.7153272E13	2220.0	75.0
5.715328E13	2220.0	73.0
5.715329E13	2220.0	71.0
5.71533E13	2213.0	69.0
5.715331E13	2213.0	67.0
5.7153323E13	2213.0	66.0
5.715333E13	2256.0	67.0
5.715334E13	2256.0	69.0
5.7153352E13	2256.0	69.0
5.715336E13	2256.0	68.0
5.715337E13	2312.0	66.0
5.715338E13	2312.0	67.0
5.715339E13	2312.0	68.0
5.7153402E13	2312.0	70.0
5.715341E13	2336.0	73.0
5.715342E13	2336.0	75.0
5.715343E13	2336.0	79.0
5.715344E13	2336.0	81.0
5.7153453E13	2352.0	79.0
5.715346E13	2352.0	80.0
5.715347E13	2354.0	83.0
5.7153482E13	2354.0	83.0
5.715349E13	2354.0	83.0
5.7153503E13	2354.0	83.0
5.715351E13	2354.0	85.0
5.715352E13	2320.0	83.0
5.7153532E13	2320.0	75.0
5.715354E13	2320.0	73.0
5.715355E13	2254.0	72.0
5.715356E13	2254.0	71.0
5.715357E13	2254.0	71.0
5.7153583E13	2254.0	71.0
5.715359E13	2254.0	71.0
5.71536E13	2166.0	73.0
5.7153612E13	2166.0	75.0
5.715362E13	2078.0	80.0
5.7153633E13	2078.0	83.0
5.715364E13	2078.0	83.0
5.715365E13	2078.0	85.0
5.7153662E13	2020.0	85.0
5.715367E13	2020.0	84.0
5.715368E13	2020.0	83.0
5.715369E13	2020.0	82.0
5.71537E13	2006.0	81.0
5.7153713E13	2006.0	82.0
5.715372E13	2006.0	84.0
5.715373E13	2006.0	87.0
5.7153742E13	2020.0	88.0
5.715375E13	2020.0	83.0
5.7153763E13	2020.0	83.0
5.715377E13	2020.0	78.0
5.715378E13	2055.0	75.0
5.7153793E13	2055.0	74.0
5.71538E13	2055.0	73.0
5.715381E13	2055.0	74.0
5.715382E13	2103.0	74.0
5.715383E13	2103.0	73.0
5.7153843E13	2103.0	73.0
5.715385E13	2103.0	73.0
5.715386E13	2151.0	74.0
5.7153872E13	2151.0	73.0
5.715388E13	2151.0	72.0
5.7153893E13	2151.0	73.0
5.71539E13	2220.0	75.0
5.715391E13	2220.0	74.0
5.7153923E13	2220.0	71.0
5.715393E13	2294.0	67.0
5.715394E13	2294.0	64.0
5.715395E13	2294.0	63.0
5.715396E13	2294.0	64.0
5.7153973E13	2345.0	68.0
5.715398E13	2345.0	72.0
5.715399E13	2345.0	72.0
5.7154002E13	2345.0	72.0
5.715401E13	2367.0	72.0
5.7154023E13	2367.0	72.0
5.715404E13	2348.0	71.0
5.7154053E13	2348.0	71.0
5.715406E13	2348.0	70.0
5.7154074E13	2348.0	68.0
5.715408E13	2308.0	65.0
5.715409E13	2308.0	63.0
5.7154103E13	2308.0	62.0
5.715411E13	2308.0	62.0
5.715412E13	2291.0	63.0
5.7154132E13	2291.0	64.0
5.715414E13	2291.0	67.0
5.7154153E13	2291.0	70.0
5.715416E13	2289.0	71.0
5.715417E13	2289.0	72.0
5.7154183E13	2289.0	74.0
5.715419E13	2289.0	75.0
5.7154204E13	2274.0	75.0
5.715421E13	2274.0	76.0
5.715422E13	2274.0	77.0
5.7154233E13	2241.0	76.0
5.715424E13	2241.0	76.0
5.7154254E13	2241.0	78.0
5.7154262E13	2241.0	79.0
5.715427E13	2214.0	78.0
5.7154283E13	2214.0	76.0
5.715429E13	2214.0	73.0
5.71543E13	2214.0	72.0
5.7154313E13	2214.0	70.0
5.715432E13	2214.0	69.0
5.7154334E13	2214.0	70.0
5.715434E13	2229.0	70.0
5.715435E13	2229.0	70.0
5.7154363E13	2229.0	72.0
5.715437E13	2229.0	72.0
5.715438E13	2238.0	74.0
5.7154392E13	2238.0	75.0
5.71544E13	2238.0	75.0
5.7154413E13	2238.0	76.0
5.715442E13	2242.0	75.0
5.715443E13	2242.0	75.0
5.7154443E13	2242.0	74.0
5.715445E13	2242.0	74.0
5.7154464E13	2253.0	74.0
5.715447E13	2253.0	73.0
5.715448E13	2253.0	72.0
5.7154493E13	2288.0	71.0
5.71545E13	2288.0	70.0
5.715451E13	2288.0	70.0
5.7154522E13	2288.0	70.0
5.715453E13	2332.0	69.0
5.7154543E13	2332.0	68.0
5.715455E13	2332.0	69.0
5.715456E13	2332.0	70.0
5.7154573E13	2343.0	70.0
5.715458E13	2343.0	72.0
5.7154594E13	2343.0	74.0
5.71546E13	2343.0	78.0
5.715461E13	2348.0	79.0
5.7154623E13	2348.0	79.0
5.715463E13	2348.0	78.0
5.7154644E13	2366.0	78.0
5.7154652E13	2366.0	80.0
5.715466E13	2366.0	82.0
5.7154673E13	2366.0	83.0
5.715468E13	2352.0	82.0
5.7154694E13	2352.0	81.0
5.7154703E13	2352.0	80.0
5.715471E13	2352.0	79.0
5.7154724E13	2310.0	78.0
5.715473E13	2310.0	78.0
5.7154745E13	2310.0	77.0
5.7154753E13	2310.0	78.0
5.715476E13	2262.0	80.0
5.7154774E13	2262.0	82.0
5.7154782E13	2262.0	83.0
5.715479E13	2222.0	85.0
5.7154803E13	2222.0	87.0
5.715481E13	2222.0	89.0
5.7154824E13	2222.0	89.0
5.7154833E13	2200.0	89.0
5.715484E13	2200.0	89.0
5.7154854E13	2200.0	87.0
5.715486E13	2200.0	84.0
5.7154875E13	2196.0	82.0
5.7154883E13	2196.0	80.0
5.715489E13	2196.0	79.0
5.7154904E13	2196.0	79.0
5.7154912E13	2203.0	80.0
5.715492E13	2203.0	82.0
5.7154933E13	2203.0	82.0
5.715494E13	2213.0	83.0
5.7154954E13	2213.0	88.0
5.7154963E13	2213.0	83.0
5.715497E13	2213.0	82.0
5.7154984E13	2239.0	81.0
5.715499E13	2239.0	79.0
5.7155005E13	2239.0	76.0
5.7155013E13	2239.0	75.0
5.715502E13	2274.0	74.0
5.7155034E13	2274.0	71.0
5.7155042E13	2274.0	70.0
5.715505E13	2274.0	71.0
5.7155063E13	2312.0	75.0
5.715507E13	2312.0	78.0
5.7155084E13	2312.0	80.0
5.7155093E13	2353.0	79.0
5.71551E13	2353.0	74.0
5.7155114E13	2353.0	70.0
5.7155122E13	2353.0	69.0
5.715513E13	2388.0	69.0
5.7155143E13	2388.0	72.0
5.715515E13	2388.0	75.0
5.7155164E13	2388.0	78.0
5.7155172E13	2414.0	78.0
5.715518E13	2414.0	76.0
5.7155193E13	2414.0	74.0
5.71552E13	2414.0	74.0
5.7155214E13	2441.0	74.0
5.7155223E13	2441.0	73.0
5.715523E13	2441.0	71.0
5.7155244E13	2453.0	69.0
5.7155252E13	2453.0	66.0
5.715526E13	2453.0	63.0
5.7155273E13	2453.0	61.0
5.715528E13	2449.0	59.0
5.7155294E13	2449.0	60.0
5.7155302E13	2449.0	63.0
5.715531E13	2449.0	66.0
5.7155323E13	2437.0	69.0
5.715533E13	2437.0	71.0
5.7155344E13	2437.0	73.0
5.7155353E13	2437.0	73.0
5.715536E13	2425.0	74.0
5.7155374E13	2425.0	75.0
5.7155382E13	2425.0	77.0
5.715539E13	2415.0	78.0
5.7155403E13	2415.0	77.0
5.715541E13	2415.0	76.0
5.7155424E13	2415.0	77.0
5.7155432E13	2405.0	76.0
5.715544E13	2405.0	76.0
5.7155453E13	2405.0	76.0
5.715546E13	2405.0	75.0
5.7155474E13	2412.0	74.0
5.7155483E13	2412.0	71.0
5.715549E13	2427.0	71.0
5.7155504E13	2427.0	71.0
5.7155512E13	2427.0	71.0
5.715552E13	2427.0	71.0
5.7155533E13	2427.0	71.0
5.715554E13	2429.0	71.0
5.7155554E13	2429.0	72.0
5.7155563E13	2429.0	73.0
5.715557E13	2429.0	73.0
5.7155583E13	2421.0	74.0
5.715559E13	2421.0	75.0
5.7155604E13	2421.0	76.0
5.7155613E13	2421.0	75.0
5.715562E13	2415.0	75.0
5.7155634E13	2415.0	75.0
5.7155642E13	2415.0	73.0
5.7155655E13	2422.0	71.0
5.7155663E13	2422.0	69.0
5.715567E13	2422.0	68.0
5.7155684E13	2422.0	67.0
5.7155693E13	2448.0	68.0
5.71557E13	2448.0	69.0
5.7155713E13	2448.0	67.0
5.715572E13	2448.0	66.0
5.7155734E13	2464.0	67.0
5.7155743E13	2464.0	68.0
5.715575E13	2464.0	69.0
5.7155764E13	2464.0	71.0
5.7155772E13	2475.0	74.0
5.7155785E13	2475.0	78.0
5.7155793E13	2475.0	80.0
5.71558E13	2495.0	79.0
5.7155835E13	2495.0	82.0
5.7155844E13	2505.0	84.0
5.715585E13	2505.0	84.0
5.7155864E13	2505.0	83.0
5.7155873E13	2505.0	81.0
5.715588E13	2496.0	79.0
5.7155894E13	2496.0	77.0
5.7155902E13	2496.0	76.0
5.7155915E13	2496.0	75.0
5.7155923E13	2476.0	75.0
5.715593E13	2476.0	75.0
5.7155944E13	2476.0	77.0
5.7155953E13	2441.0	79.0
5.7155965E13	2441.0	82.0
5.7155974E13	2441.0	86.0
5.715598E13	2441.0	87.0
5.7155995E13	2408.0	87.0
5.7156003E13	2408.0	86.0
5.715601E13	2408.0	84.0
5.7156024E13	2408.0	82.0
5.7156032E13	2392.0	79.0
5.7156045E13	2392.0	77.0
5.7156053E13	2392.0	77.0
5.715606E13	2392.0	78.0
5.7156074E13	2387.0	80.0
5.7156083E13	2387.0	84.0
5.7156095E13	2389.0	87.0
5.7156104E13	2389.0	84.0
5.715611E13	2389.0	81.0
5.7156125E13	2389.0	79.0
5.7156133E13	2397.0	78.0
5.7156146E13	2397.0	78.0
5.7156154E13	2397.0	77.0
5.7156162E13	2397.0	74.0
5.7156175E13	2397.0	74.0
5.7156183E13	2415.0	72.0
5.715619E13	2415.0	71.0
5.7156204E13	2415.0	70.0
5.7156213E13	2415.0	68.0
5.7156225E13	2438.0	66.0
5.7156234E13	2438.0	66.0
5.715624E13	2438.0	67.0
5.7156255E13	2474.0	69.0
5.7156263E13	2474.0	70.0
5.7156276E13	2474.0	71.0
5.7156284E13	2474.0	72.0
5.7156292E13	2514.0	71.0
5.7156305E13	2514.0	69.0
5.7156313E13	2514.0	68.0
5.715632E13	2514.0	67.0
5.7156334E13	2543.0	70.0
5.7156343E13	2543.0	74.0
5.7156355E13	2543.0	75.0
5.7156364E13	2543.0	75.0
5.715637E13	2562.0	75.0
5.7156385E13	2562.0	76.0
5.7156393E13	2562.0	76.0
5.7156406E13	2567.0	74.0
5.7156414E13	2567.0	71.0
5.7156422E13	2567.0	67.0
5.7156435E13	2567.0	65.0
5.7156443E13	2560.0	63.0
5.7156456E13	2560.0	60.0
5.7156464E13	2560.0	60.0
5.7156473E13	2560.0	63.0
5.7156485E13	2560.0	66.0
5.7156494E13	2560.0	66.0
5.71565E13	2560.0	68.0
5.7156515E13	2565.0	69.0
5.7156523E13	2565.0	75.0
5.7156536E13	2565.0	75.0
5.7156544E13	2547.0	78.0
5.7156552E13	2547.0	79.0
5.7156565E13	2547.0	80.0
5.7156573E13	2547.0	79.0
5.7156586E13	2527.0	80.0
5.7156594E13	2527.0	81.0
5.7156603E13	2527.0	81.0
5.7156615E13	2527.0	81.0
5.7156624E13	2527.0	79.0
5.715663E13	2527.0	78.0
5.7156645E13	2527.0	75.0
5.7156653E13	2527.0	72.0
5.7156666E13	2544.0	71.0
5.7156674E13	2544.0	70.0
5.7156682E13	2544.0	70.0
5.7156695E13	2544.0	71.0
5.7156703E13	2571.0	70.0
5.7156716E13	2571.0	70.0
5.7156724E13	2571.0	71.0
5.7156733E13	2571.0	72.0
5.7156745E13	2585.0	74.0
5.7156754E13	2585.0	74.0
5.715676E13	2585.0	75.0
5.7156775E13	2592.0	76.0
5.7156783E13	2592.0	77.0
5.7156796E13	2592.0	76.0
5.7156804E13	2594.0	75.0
5.7156812E13	2594.0	74.0
5.7156825E13	2594.0	73.0
5.7156833E13	2594.0	71.0
5.7156846E13	2594.0	71.0
5.7156854E13	2611.0	68.0
5.7156863E13	2611.0	68.0
5.7156875E13	2611.0	67.0
5.7156884E13	2611.0	67.0
5.7156896E13	2634.0	67.0
5.7156905E13	2634.0	68.0
5.7156913E13	2634.0	69.0
5.7156926E13	2634.0	70.0
5.7156934E13	2645.0	71.0
5.7156942E13	2645.0	73.0
5.7156955E13	2645.0	75.0
5.7156963E13	2660.0	75.0
5.7156976E13	2660.0	76.0
5.7156984E13	2660.0	77.0
5.7156993E13	2660.0	79.0
5.7157005E13	2662.0	82.0
5.7157014E13	2662.0	83.0
5.7157026E13	2662.0	81.0
5.7157035E13	2662.0	79.0
5.7157043E13	2645.0	77.0
5.7157056E13	2645.0	75.0
5.7157064E13	2645.0	74.0
5.7157072E13	2645.0	73.0
5.7157085E13	2623.0	73.0
5.7157093E13	2623.0	73.0
5.7157106E13	2623.0	75.0
5.7157114E13	2593.0	76.0
5.7157123E13	2593.0	79.0
5.7157135E13	2593.0	83.0
5.7157144E13	2593.0	86.0
5.7157156E13	2560.0	88.0
5.7157165E13	2560.0	88.0
5.7157173E13	2560.0	89.0
5.7157186E13	2560.0	89.0
5.7157194E13	2530.0	88.0
5.7157202E13	2530.0	87.0
5.7157215E13	2530.0	84.0
5.7157223E13	2530.0	83.0
5.7157236E13	2508.0	84.0
5.7157244E13	2508.0	83.0
5.7157253E13	2508.0	83.0
5.7157265E13	2500.0	84.0
5.7157274E13	2500.0	85.0
5.7157286E13	2500.0	85.0
5.7157295E13	2500.0	83.0
5.7157303E13	2502.0	81.0
5.7157316E13	2502.0	80.0
5.7157324E13	2502.0	78.0
5.7157333E13	2502.0	76.0
5.7157345E13	2525.0	74.0
5.7157353E13	2525.0	73.0
5.7157366E13	2525.0	73.0
5.7157374E13	2525.0	72.0
5.7157383E13	2555.0	69.0
5.7157395E13	2555.0	68.0
5.7157404E13	2555.0	70.0
5.7157416E13	2593.0	73.0
5.7157425E13	2593.0	75.0
5.7157433E13	2593.0	75.0
5.7157446E13	2593.0	74.0
5.7157454E13	2626.0	71.0
5.7157467E13	2626.0	70.0
5.7157475E13	2626.0	70.0
5.7157483E13	2647.0	75.0
5.7157496E13	2647.0	75.0
5.7157504E13	2647.0	76.0
5.7157513E13	2647.0	74.0
5.7157525E13	2663.0	73.0
5.7157534E13	2663.0	73.0
5.7157546E13	2663.0	73.0
5.7157555E13	2663.0	73.0
5.7157563E13	2663.0	72.0
5.7157576E13	2663.0	69.0
5.7157584E13	2663.0	65.0
5.7157597E13	2663.0	62.0
5.7157605E13	2652.0	61.0
5.7157614E13	2652.0	60.0
5.7157626E13	2652.0	60.0
5.7157634E13	2652.0	62.0
5.7157643E13	2641.0	65.0
5.7157655E13	2641.0	68.0
5.7157664E13	2641.0	70.0
5.7157676E13	2634.0	71.0
5.7157685E13	2634.0	72.0
5.7157693E13	2634.0	73.0
5.7157706E13	2634.0	74.0
5.7157714E13	2609.0	76.0
5.7157727E13	2609.0	77.0
5.7157735E13	2609.0	77.0
5.7157744E13	2609.0	77.0
5.7157756E13	2585.0	77.0
5.7157765E13	2585.0	78.0
5.7157777E13	2585.0	79.0
5.7157785E13	2585.0	79.0
5.7157794E13	2583.0	78.0
5.7157806E13	2583.0	77.0
5.7157815E13	2583.0	75.0
5.7157823E13	2596.0	74.0
5.7157836E13	2596.0	72.0
5.7157844E13	2596.0	71.0
5.7157857E13	2596.0	70.0
5.7157865E13	2618.0	70.0
5.7157874E13	2618.0	70.0
5.7157886E13	2618.0	71.0
5.7157895E13	2618.0	71.0
5.7157907E13	2627.0	71.0
5.7157916E13	2627.0	73.0
5.7157924E13	2627.0	75.0
5.7157936E13	2627.0	76.0
5.7157945E13	2625.0	77.0
5.7157953E13	2625.0	77.0
5.7157966E13	2625.0	77.0
5.7157974E13	2618.0	75.0
5.7157987E13	2618.0	73.0
5.7157995E13	2618.0	71.0
5.7158004E13	2618.0	70.0
5.7158016E13	2621.0	70.0
5.7158025E13	2621.0	70.0
5.7158037E13	2621.0	69.0
5.7158046E13	2621.0	68.0
5.7158054E13	2639.0	67.0
5.7158067E13	2639.0	68.0
5.7158075E13	2639.0	69.0
5.7158087E13	2639.0	71.0
5.7158096E13	2645.0	72.0
5.7158104E13	2645.0	74.0
5.7158117E13	2645.0	76.0
5.7158125E13	2644.0	77.0
5.7158134E13	2644.0	77.0
5.7158146E13	2644.0	78.0
5.7158155E13	2644.0	80.0
5.7158167E13	2648.0	83.0
5.7158176E13	2648.0	84.0
5.7158184E13	2648.0	84.0
5.7158197E13	2648.0	84.0
5.7158205E13	2634.0	83.0
5.7158217E13	2634.0	80.0
5.7158226E13	2634.0	77.0
5.7158234E13	2634.0	75.0
5.7158247E13	2607.0	74.0
5.7158255E13	2607.0	74.0
5.7158264E13	2607.0	74.0
5.7158276E13	2560.0	75.0
5.7158285E13	2560.0	76.0
5.7158297E13	2560.0	78.0
5.7158306E13	2560.0	80.0
5.7158314E13	2520.0	82.0
5.7158327E13	2520.0	85.0
5.7158335E13	2520.0	86.0
5.7158348E13	2520.0	86.0
5.7158356E13	2507.0	86.0
5.7158364E13	2507.0	84.0
5.7158377E13	2507.0	83.0
5.7158385E13	2507.0	81.0
5.7158398E13	2508.0	79.0
5.7158406E13	2508.0	80.0
5.7158415E13	2508.0	83.0
5.7158427E13	2520.0	86.0
5.7158436E13	2520.0	87.0
5.7158444E13	2520.0	84.0
5.7158457E13	2538.0	82.0
5.7158465E13	2538.0	80.0
5.7158478E13	2538.0	78.0
5.7158486E13	2538.0	77.0
5.7158494E13	2568.0	76.0
5.7158507E13	2568.0	73.0
5.7158515E13	2568.0	70.0
5.7158528E13	2568.0	69.0
5.7158536E13	2601.0	68.0
5.7158545E13	2601.0	67.0
5.7158557E13	2601.0	70.0
5.7158566E13	2637.0	68.0
5.715858E13	2637.0	67.0
5.7158587E13	2637.0	68.0
5.7158595E13	2637.0	69.0
5.7158608E13	2673.0	69.0
5.7158616E13	2673.0	66.0
5.7158624E13	2673.0	64.0
5.7158637E13	2673.0	64.0
5.7158645E13	2700.0	66.0
5.7158658E13	2700.0	70.0
5.7158666E13	2700.0	75.0
5.7158675E13	2700.0	78.0
5.7158687E13	2713.0	77.0
5.7158696E13	2713.0	77.0
5.7158704E13	2713.0	78.0
5.7158717E13	2712.0	77.0
5.7158725E13	2712.0	77.0
5.7158738E13	2712.0	76.0
5.7158746E13	2712.0	73.0
5.7158754E13	2710.0	70.0
5.7158767E13	2710.0	62.0
5.7158775E13	2710.0	62.0
5.715879E13	2710.0	60.0
5.7158796E13	2710.0	61.0
5.7158805E13	2710.0	65.0
5.7158817E13	2710.0	68.0
5.7158826E13	2710.0	71.0
5.7158834E13	2720.0	71.0
5.7158847E13	2720.0	72.0
5.7158855E13	2720.0	73.0
5.7158868E13	2720.0	74.0
5.7158876E13	2723.0	76.0
5.7158884E13	2723.0	77.0
5.7158897E13	2723.0	79.0
5.7158905E13	2723.0	79.0
5.715892E13	2715.0	79.0
5.7158926E13	2715.0	78.0
5.7158935E13	2715.0	78.0
5.7158947E13	2715.0	79.0
5.7158956E13	2718.0	79.0
5.715897E13	2718.0	77.0
5.7158977E13	2718.0	75.0
5.7158985E13	2739.0	74.0
5.7158998E13	2739.0	74.0
5.7159006E13	2739.0	73.0
5.7159014E13	2739.0	72.0
5.7159027E13	2765.0	72.0
5.7159035E13	2765.0	72.0
5.715905E13	2765.0	72.0
5.7159056E13	2765.0	73.0
5.7159065E13	2787.0	73.0
5.7159077E13	2787.0	73.0
5.7159086E13	2787.0	73.0
5.71591E13	2787.0	73.0
5.7159107E13	2801.0	74.0
5.7159115E13	2801.0	75.0
5.7159128E13	2801.0	74.0
5.7159136E13	2807.0	74.0
5.7159144E13	2807.0	73.0
5.7159157E13	2807.0	71.0
5.7159165E13	2809.0	69.0
5.715918E13	2809.0	65.0
5.7159186E13	2809.0	65.0
5.7159195E13	2809.0	62.0
5.7159207E13	2809.0	59.0
5.7159216E13	2815.0	59.0
5.715923E13	2815.0	60.0
5.7159237E13	2815.0	63.0
5.7159245E13	2815.0	67.0
5.7159258E13	2825.0	70.0
5.7159266E13	2825.0	72.0
5.7159274E13	2825.0	75.0
5.7159287E13	2846.0	78.0
5.7159295E13	2846.0	78.0
5.715931E13	2846.0	76.0
5.7159316E13	2846.0	75.0
5.7159325E13	2858.0	76.0
5.7159337E13	2858.0	79.0
5.7159346E13	2858.0	81.0
5.715936E13	2858.0	83.0
5.7159367E13	2850.0	82.0
5.7159375E13	2850.0	80.0
5.7159388E13	2850.0	77.0
5.7159396E13	2850.0	75.0
5.7159404E13	2828.0	74.0
5.7159417E13	2828.0	73.0
5.7159425E13	2828.0	73.0
5.715944E13	2804.0	73.0
5.7159446E13	2804.0	75.0
5.7159455E13	2804.0	82.0
5.7159467E13	2804.0	82.0
5.7159476E13	2775.0	86.0
5.715949E13	2775.0	88.0
5.7159497E13	2775.0	88.0
5.7159505E13	2775.0	88.0
5.7159518E13	2751.0	86.0
5.7159526E13	2751.0	84.0
5.715954E13	2751.0	84.0
5.7159547E13	2751.0	82.0
5.7159555E13	2726.0	77.0
5.715957E13	2726.0	77.0
5.7159576E13	2726.0	78.0
5.7159585E13	2703.0	81.0
5.7159597E13	2703.0	83.0
5.7159606E13	2703.0	86.0
5.715962E13	2703.0	86.0
5.7159627E13	2691.0	85.0
5.7159635E13	2691.0	83.0
5.7159648E13	2691.0	80.0
5.7159656E13	2691.0	78.0
5.715967E13	2698.0	76.0
5.7159677E13	2698.0	73.0
5.7159686E13	2698.0	70.0
5.71597E13	2698.0	68.0
5.7159706E13	2717.0	67.0
5.7159723E13	2717.0	66.0
5.7159727E13	2717.0	66.0
5.7159736E13	2736.0	67.0
5.715975E13	2736.0	72.0
5.7159757E13	2736.0	72.0
5.7159765E13	2759.0	70.0
5.7159778E13	2759.0	68.0
5.7159786E13	2759.0	68.0
5.71598E13	2759.0	67.0
5.7159807E13	2759.0	68.0
5.7159816E13	2778.0	71.0
5.715983E13	2778.0	74.0
5.7159836E13	2778.0	78.0
5.7159845E13	2778.0	78.0
5.7159857E13	2791.0	76.0
5.7159866E13	2791.0	74.0
5.715988E13	2791.0	75.0
5.7159887E13	2807.0	75.0
5.7159895E13	2807.0	74.0
5.7159908E13	2807.0	73.0
5.7159916E13	2807.0	71.0
5.715993E13	2809.0	68.0
5.7159937E13	2809.0	65.0
5.7159946E13	2809.0	63.0
5.715996E13	2809.0	63.0
5.7159967E13	2808.0	63.0
5.715998E13	2808.0	64.0
5.7159987E13	2808.0	66.0
5.7159996E13	2806.0	68.0
5.716001E13	2806.0	70.0
5.7160017E13	2806.0	72.0
5.7160025E13	2806.0	73.0
5.7160038E13	2803.0	75.0
5.7160046E13	2803.0	77.0
5.716006E13	2803.0	78.0
5.7160067E13	2803.0	79.0
5.7160076E13	2794.0	80.0
5.716009E13	2794.0	79.0
5.7160097E13	2794.0	79.0
5.716011E13	2794.0	79.0
5.7160118E13	2798.0	78.0
5.7160126E13	2798.0	77.0
5.716014E13	2798.0	76.0
5.7160147E13	2820.0	74.0
5.716016E13	2820.0	72.0
5.7160168E13	2820.0	70.0
5.7160176E13	2820.0	69.0
5.716019E13	2850.0	69.0
5.7160197E13	2850.0	68.0
5.7160206E13	2850.0	69.0
5.716022E13	2850.0	71.0
5.7160227E13	2867.0	72.0
5.716024E13	2867.0	74.0
5.7160248E13	2867.0	76.0
5.7160256E13	2867.0	77.0
5.716027E13	2863.0	78.0
5.7160277E13	2863.0	78.0
5.716029E13	2863.0	76.0
5.7160298E13	2858.0	76.0
5.7160306E13	2858.0	75.0
5.716032E13	2858.0	73.0
5.7160327E13	2858.0	73.0
5.7160336E13	2866.0	73.0
5.716035E13	2866.0	72.0
5.7160357E13	2866.0	71.0
5.716037E13	2866.0	71.0
5.7160378E13	2887.0	70.0
5.7160386E13	2887.0	69.0
5.71604E13	2887.0	69.0
5.7160407E13	2897.0	70.0
5.716042E13	2897.0	71.0
5.7160428E13	2897.0	72.0
5.7160436E13	2897.0	72.0
5.716045E13	2897.0	77.0
5.7160457E13	2897.0	77.0
5.716047E13	2897.0	78.0
5.716048E13	2904.0	79.0
5.7160487E13	2904.0	79.0
5.71605E13	2904.0	82.0
5.7160508E13	2904.0	83.0
5.7160516E13	2907.0	82.0
5.716053E13	2907.0	80.0
5.7160537E13	2907.0	78.0
5.716055E13	2907.0	78.0
5.716056E13	2907.0	77.0
5.7160566E13	2895.0	76.0
5.716058E13	2895.0	75.0
5.7160587E13	2895.0	74.0
5.71606E13	2871.0	74.0
5.716061E13	2871.0	74.0
5.7160617E13	2871.0	76.0
5.716063E13	2871.0	78.0
5.7160638E13	2838.0	80.0
5.7160646E13	2838.0	84.0
5.716066E13	2838.0	86.0
5.7160667E13	2838.0	85.0
5.716068E13	2801.0	85.0
5.716069E13	2801.0	84.0
5.7160696E13	2801.0	83.0
5.716071E13	2801.0	81.0
5.7160717E13	2766.0	80.0
5.716073E13	2766.0	78.0
5.716074E13	2766.0	76.0
5.7160747E13	2732.0	77.0
5.716076E13	2732.0	79.0
5.7160768E13	2732.0	82.0
5.7160776E13	2732.0	85.0
5.716079E13	2714.0	87.0
5.7160797E13	2714.0	86.0
5.716081E13	2714.0	82.0
5.716082E13	2714.0	79.0
5.7160826E13	2723.0	77.0
5.716084E13	2723.0	75.0
5.7160847E13	2723.0	72.0
5.716086E13	2723.0	70.0
5.716087E13	2741.0	69.0
5.7160877E13	2741.0	69.0
5.716089E13	2741.0	70.0
5.7160898E13	2762.0	70.0
5.7160906E13	2762.0	70.0
5.716092E13	2762.0	71.0
5.7160927E13	2762.0	71.0
5.716094E13	2783.0	70.0
5.716095E13	2783.0	69.0
5.7160956E13	2783.0	69.0
5.716097E13	2783.0	70.0
5.7160977E13	2820.0	71.0
5.716099E13	2820.0	71.0
5.7161E13	2820.0	70.0
5.7161007E13	2820.0	71.0
5.716102E13	2846.0	74.0
5.7161028E13	2846.0	78.0
5.716104E13	2846.0	80.0
5.716105E13	2879.0	78.0
5.7161057E13	2879.0	75.0
5.716107E13	2879.0	74.0
5.716108E13	2879.0	73.0
5.716109E13	2893.0	74.0
5.71611E13	2893.0	71.0
5.7161107E13	2893.0	69.0
5.716112E13	2893.0	66.0
5.716113E13	2897.0	64.0
5.7161137E13	2897.0	63.0
5.716115E13	2897.0	63.0
5.7161158E13	2895.0	64.0
5.716117E13	2895.0	66.0
5.716118E13	2895.0	68.0
5.7161187E13	2895.0	70.0
5.71612E13	2878.0	72.0
5.716121E13	2878.0	73.0
5.7161216E13	2878.0	73.0
5.716123E13	2878.0	74.0
5.7161237E13	2863.0	76.0
5.716125E13	2863.0	77.0
5.716126E13	2863.0	78.0
5.7161267E13	2863.0	78.0
5.716128E13	2842.0	79.0
5.7161288E13	2842.0	80.0
5.71613E13	2842.0	78.0
5.716131E13	2836.0	77.0
5.7161317E13	2836.0	76.0
5.716133E13	2836.0	75.0
5.716134E13	2836.0	74.0
5.7161346E13	2851.0	72.0
5.716136E13	2851.0	71.0
5.7161367E13	2851.0	71.0
5.716138E13	2851.0	70.0
5.716139E13	2873.0	70.0
5.7161397E13	2873.0	70.0
5.716141E13	2873.0	70.0
5.7161418E13	2886.0	73.0
5.716143E13	2886.0	75.0
5.716144E13	2886.0	77.0
5.7161447E13	2886.0	77.0
5.716146E13	2888.0	77.0
5.716147E13	2888.0	77.0
5.716148E13	2888.0	77.0
5.716149E13	2888.0	77.0
5.7161497E13	2897.0	76.0
5.716151E13	2897.0	77.0
5.716152E13	2897.0	74.0
5.7161527E13	2905.0	71.0
5.716154E13	2905.0	69.0
5.7161548E13	2905.0	68.0
5.716156E13	2905.0	68.0
5.716157E13	2905.0	68.0
5.7161577E13	2919.0	69.0
5.716159E13	2919.0	69.0
5.71616E13	2919.0	69.0
5.716161E13	2932.0	70.0
5.716162E13	2932.0	71.0
5.7161627E13	2932.0	73.0
5.716164E13	2932.0	77.0
5.716165E13	2946.0	81.0
5.7161657E13	2946.0	83.0
5.716167E13	2946.0	83.0
5.7161678E13	2946.0	81.0
5.716169E13	2972.0	79.0
5.71617E13	2972.0	78.0
5.7161707E13	2972.0	78.0
5.716172E13	2972.0	79.0
5.716173E13	2968.0	80.0
5.716174E13	2968.0	78.0
5.716175E13	2968.0	75.0
5.7161757E13	2934.0	71.0
5.716177E13	2934.0	68.0
5.716178E13	2934.0	66.0
5.716179E13	2934.0	66.0
5.71618E13	2902.0	67.0
5.7161808E13	2902.0	70.0
5.716182E13	2902.0	73.0
5.716183E13	2902.0	75.0
5.7161837E13	2878.0	77.0
5.716185E13	2878.0	81.0
5.716186E13	2878.0	85.0
5.716187E13	2878.0	86.0
5.716188E13	2858.0	87.0
5.7161888E13	2858.0	87.0
5.71619E13	2858.0	86.0
5.716191E13	2833.0	86.0
5.716192E13	2833.0	84.0
5.716193E13	2833.0	83.0
5.7161938E13	2833.0	82.0
5.716195E13	2810.0	82.0
5.716196E13	2810.0	83.0
5.7161967E13	2810.0	84.0
5.716198E13	2810.0	84.0
5.716199E13	2785.0	85.0
5.7162E13	2785.0	84.0
5.716201E13	2785.0	83.0
5.7162018E13	2785.0	83.0
5.716203E13	2774.0	80.0
5.716204E13	2774.0	77.0
5.716205E13	2774.0	74.0
5.716206E13	2775.0	73.0
5.7162068E13	2775.0	71.0
5.716208E13	2775.0	70.0
5.716209E13	2775.0	70.0
5.7162097E13	2785.0	69.0
5.716211E13	2785.0	68.0
5.716212E13	2785.0	68.0
5.716213E13	2785.0	70.0
5.716214E13	2801.0	73.0
5.7162148E13	2801.0	74.0
5.716216E13	2801.0	74.0
5.716217E13	2817.0	71.0
5.716218E13	2817.0	69.0
5.716219E13	2817.0	67.0
5.7162198E13	2817.0	68.0
5.716221E13	2828.0	70.0
5.716222E13	2828.0	73.0
5.716223E13	2828.0	74.0
5.716224E13	2828.0	74.0
5.716225E13	2833.0	73.0
5.716226E13	2833.0	73.0
5.716227E13	2833.0	73.0
5.7162278E13	2833.0	74.0
5.716229E13	2832.0	73.0
5.71623E13	2832.0	71.0
5.716231E13	2832.0	68.0
5.716232E13	2831.0	66.0
5.716233E13	2831.0	64.0
5.716234E13	2831.0	62.0
5.716235E13	2831.0	61.0
5.716236E13	2836.0	61.0
5.716237E13	2836.0	63.0
5.716238E13	2836.0	66.0
5.716239E13	2836.0	69.0
5.71624E13	2842.0	71.0
5.7162408E13	2842.0	72.0
5.716242E13	2842.0	74.0
5.716243E13	2842.0	75.0
5.716244E13	2848.0	77.0
5.716245E13	2848.0	77.0
5.716246E13	2848.0	77.0
5.716247E13	2861.0	74.0
5.716248E13	2861.0	74.0
5.716249E13	2861.0	75.0
5.71625E13	2861.0	78.0
5.716251E13	2886.0	79.0
5.716252E13	2886.0	78.0
5.716253E13	2886.0	75.0
5.716254E13	2919.0	52.0
5.716255E13	2919.0	73.0
5.716256E13	2919.0	73.0
5.716257E13	2919.0	73.0
5.716258E13	2919.0	73.0
5.716259E13	2952.0	74.0
5.71626E13	2952.0	74.0
5.716261E13	2952.0	72.0
5.716262E13	2976.0	72.0
5.716263E13	2976.0	72.0
5.716264E13	2976.0	72.0
5.716265E13	2976.0	73.0
5.716266E13	2996.0	75.0
5.716267E13	2996.0	74.0
5.716268E13	2996.0	74.0
5.716269E13	2996.0	74.0
5.71627E13	3011.0	72.0
5.716271E13	3011.0	70.0
5.7162722E13	3011.0	69.0
5.716273E13	3011.0	69.0
5.716274E13	3027.0	69.0
5.716275E13	3027.0	69.0
5.716276E13	3040.0	68.0
5.716277E13	3040.0	68.0
5.716278E13	3040.0	69.0
5.716279E13	3040.0	71.0
5.71628E13	3048.0	72.0
5.716281E13	3048.0	72.0
5.716282E13	3048.0	73.0
5.716283E13	3048.0	74.0
5.716284E13	3063.0	75.0
5.716285E13	3063.0	76.0
5.716286E13	3063.0	78.0
5.716287E13	3063.0	78.0
5.716288E13	3063.0	80.0
5.716289E13	3082.0	82.0
5.71629E13	3082.0	84.0
5.716291E13	3082.0	85.0
5.716292E13	3088.0	85.0
5.716293E13	3088.0	83.0
5.716294E13	3088.0	79.0
5.716295E13	3088.0	77.0
5.716296E13	3075.0	76.0
5.716297E13	3075.0	76.0
5.7162982E13	3075.0	76.0
5.716299E13	3075.0	77.0
5.7163E13	3051.0	79.0
5.716301E13	3051.0	81.0
5.716302E13	3051.0	83.0
5.7163033E13	3051.0	86.0
5.716304E13	3023.0	87.0
5.716305E13	3023.0	87.0
5.716306E13	3023.0	87.0
5.716307E13	2995.0	85.0
5.716308E13	2995.0	83.0
5.716309E13	2995.0	81.0
5.71631E13	2995.0	80.0
5.7163112E13	2970.0	80.0
5.716312E13	2970.0	81.0
5.716313E13	2970.0	82.0
5.716314E13	2970.0	85.0
5.716315E13	2936.0	87.0
5.716316E13	2936.0	90.0
5.716317E13	2936.0	87.0
5.716318E13	2936.0	85.0
5.716319E13	2910.0	83.0
5.71632E13	2910.0	80.0
5.716321E13	2910.0	78.0
5.716322E13	2899.0	76.0
5.716323E13	2899.0	74.0
5.7163242E13	2899.0	72.0
5.716325E13	2899.0	70.0
5.716326E13	2899.0	68.0
5.716327E13	2899.0	65.0
5.716328E13	2899.0	64.0
5.716329E13	2899.0	67.0
5.71633E13	2901.0	72.0
5.716331E13	2901.0	74.0
5.716332E13	2901.0	74.0
5.716333E13	2903.0	72.0
5.716334E13	2903.0	70.0
5.716335E13	2903.0	69.0
5.716336E13	2903.0	69.0
5.7163372E13	2909.0	69.0
5.716338E13	2909.0	73.0
5.716339E13	2909.0	76.0
5.71634E13	2909.0	77.0
5.716341E13	2918.0	77.0
5.7163423E13	2918.0	76.0
5.716343E13	2918.0	75.0
5.716344E13	2918.0	76.0
5.716345E13	2924.0	72.0
5.716346E13	2924.0	69.0
5.716347E13	2929.0	67.0
5.716348E13	2929.0	64.0
5.716349E13	2929.0	64.0
5.7163502E13	2929.0	61.0
5.716351E13	2938.0	61.0
5.716352E13	2938.0	61.0
5.716353E13	2938.0	67.0
5.716354E13	2938.0	67.0
5.7163553E13	2952.0	71.0
5.716356E13	2952.0	72.0
5.716357E13	2952.0	73.0
5.716358E13	2952.0	74.0
5.716359E13	2952.0	74.0
5.71636E13	2959.0	77.0
5.716361E13	2959.0	78.0
5.716362E13	2959.0	78.0
5.7163632E13	2961.0	78.0
5.716364E13	2961.0	79.0
5.716365E13	2961.0	79.0
5.716366E13	2961.0	79.0
5.716367E13	2973.0	79.0
5.7163683E13	2973.0	78.0
5.716369E13	2973.0	76.0
5.71637E13	2973.0	75.0
5.716371E13	3006.0	74.0
5.716372E13	3006.0	73.0
5.716373E13	3006.0	74.0
5.716374E13	3006.0	74.0
5.716375E13	3044.0	73.0
5.7163762E13	3044.0	72.0
5.716377E13	3044.0	71.0
5.716378E13	3072.0	72.0
5.716379E13	3072.0	72.0
5.71638E13	3072.0	72.0
5.7163813E13	3072.0	74.0
5.716382E13	3081.0	75.0
5.716383E13	3081.0	75.0
5.716384E13	3081.0	76.0
5.716385E13	3081.0	76.0
5.7163863E13	3082.0	75.0
5.716387E13	3082.0	74.0
5.716388E13	3082.0	73.0
5.7163892E13	3082.0	71.0
5.71639E13	3085.0	69.0
5.716391E13	3085.0	68.0
5.716392E13	3085.0	67.0
5.716393E13	3094.0	65.0
5.7163943E13	3094.0	64.0
5.716395E13	3094.0	63.0
5.716396E13	3094.0	64.0
5.716397E13	3100.0	65.0
5.716398E13	3100.0	68.0
5.7163993E13	3100.0	70.0
5.7164E13	3100.0	72.0
5.716401E13	3109.0	75.0
5.7164022E13	3109.0	77.0
5.716403E13	3109.0	77.0
5.716404E13	3109.0	76.0
5.716405E13	3134.0	76.0
5.716406E13	3134.0	79.0
5.7164073E13	3134.0	83.0
5.716408E13	3142.0	85.0
5.716409E13	3142.0	85.0
5.7164102E13	3142.0	83.0
5.716411E13	3142.0	80.0
5.7164123E13	3133.0	77.0
5.716413E13	3133.0	75.0
5.716414E13	3133.0	74.0
5.7164152E13	3133.0	72.0
5.716416E13	3110.0	73.0
5.7164173E13	3110.0	74.0
5.716418E13	3110.0	77.0
5.716419E13	3110.0	81.0
5.7164203E13	3067.0	85.0
5.716421E13	3067.0	87.0
5.716422E13	3067.0	88.0
5.7164232E13	3020.0	88.0
5.716424E13	3020.0	87.0
5.7164253E13	3020.0	85.0
5.716426E13	3020.0	83.0
5.716427E13	2977.0	81.0
5.7164282E13	2977.0	80.0
5.716429E13	2977.0	79.0
5.7164303E13	2977.0	81.0
5.716431E13	2937.0	83.0
5.716432E13	2937.0	85.0
5.7164333E13	2937.0	88.0
5.716434E13	2937.0	89.0
5.716435E13	2904.0	87.0
5.7164362E13	2904.0	85.0
5.716437E13	2904.0	83.0
5.7164383E13	2885.0	81.0
5.716439E13	2885.0	79.0
5.71644E13	2885.0	78.0
5.7164412E13	2885.0	78.0
5.716442E13	2879.0	78.0
5.7164433E13	2879.0	77.0
5.716444E13	2879.0	76.0
5.716445E13	2879.0	73.0
5.7164463E13	2879.0	69.0
5.716447E13	2879.0	68.0
5.716448E13	2887.0	71.0
5.7164492E13	2887.0	71.0
5.71645E13	2887.0	73.0
5.7164513E13	2887.0	71.0
5.716452E13	2887.0	71.0
5.716453E13	2894.0	69.0
5.7164543E13	2894.0	68.0
5.716455E13	2894.0	68.0
5.7164563E13	2902.0	72.0
5.716457E13	2902.0	75.0
5.716458E13	2902.0	75.0
5.7164593E13	2902.0	74.0
5.71646E13	2902.0	74.0
5.716461E13	2913.0	75.0
5.7164622E13	2913.0	76.0
5.716463E13	2913.0	77.0
5.7164643E13	2911.0	77.0
5.716465E13	2911.0	75.0
5.716466E13	2911.0	73.0
5.7164673E13	2911.0	70.0
5.716468E13	2917.0	67.0
5.7164694E13	2917.0	65.0
5.71647E13	2917.0	64.0
5.716471E13	2917.0	64.0
5.7164723E13	2927.0	65.0
5.716473E13	2927.0	65.0
5.7164744E13	2927.0	67.0
5.7164752E13	2927.0	70.0
5.716476E13	2933.0	72.0
5.7164773E13	2933.0	74.0
5.716478E13	2933.0	74.0
5.716479E13	2923.0	75.0
5.7164803E13	2923.0	76.0
5.716481E13	2923.0	77.0
5.7164824E13	2923.0	78.0
5.716483E13	2913.0	80.0
5.716484E13	2913.0	81.0
5.7164853E13	2913.0	80.0
5.716486E13	2913.0	79.0
5.7164874E13	2927.0	80.0
5.7164882E13	2927.0	78.0
5.716489E13	2927.0	77.0
5.7164903E13	2927.0	74.0
5.716491E13	2961.0	73.0
5.716492E13	2961.0	73.0
5.7164933E13	2961.0	72.0
5.716494E13	3002.0	70.0
5.7164954E13	3002.0	69.0
5.716496E13	3002.0	70.0
5.716497E13	3002.0	70.0
5.7164983E13	3027.0	71.0
5.716499E13	3027.0	71.0
5.7165004E13	3027.0	72.0
5.7165012E13	3027.0	74.0
5.716502E13	3034.0	75.0
5.7165033E13	3034.0	77.0
5.716504E13	3034.0	79.0
5.7165054E13	3034.0	78.0
5.7165063E13	3036.0	73.0
5.716507E13	3036.0	68.0
5.7165084E13	3036.0	67.0
5.716509E13	3042.0	68.0
5.71651E13	3042.0	70.0
5.7165113E13	3042.0	71.0
5.716512E13	3042.0	71.0
5.7165134E13	3069.0	68.0
5.7165142E13	3069.0	64.0
5.716515E13	3069.0	62.0
5.7165163E13	3069.0	61.0
5.716517E13	3077.0	61.0
5.7165184E13	3077.0	64.0
5.7165193E13	3077.0	67.0
5.71652E13	3077.0	71.0
5.7165214E13	3075.0	74.0
5.716522E13	3075.0	77.0
5.716523E13	3075.0	80.0
5.7165243E13	3097.0	79.0
5.716525E13	3097.0	77.0
5.7165264E13	3097.0	75.0
5.7165272E13	3097.0	77.0
5.716528E13	3110.0	80.0
5.7165293E13	3110.0	82.0
5.71653E13	3110.0	82.0
5.7165314E13	3110.0	81.0
5.7165323E13	3100.0	80.0
5.716533E13	3100.0	79.0
5.7165344E13	3100.0	78.0
5.716535E13	3100.0	76.0
5.7165365E13	3068.0	74.0
5.7165373E13	3068.0	73.0
5.716538E13	3068.0	72.0
5.7165394E13	3017.0	73.0
5.7165402E13	3017.0	75.0
5.716541E13	3017.0	77.0
5.7165423E13	3017.0	78.0
5.716543E13	2957.0	80.0
5.7165444E13	2957.0	81.0
5.7165453E13	2957.0	81.0
5.716546E13	2957.0	81.0
5.7165474E13	2903.0	80.0
5.716548E13	2903.0	79.0
5.7165495E13	2903.0	80.0
5.7165503E13	2862.0	81.0
5.716551E13	2862.0	84.0
5.7165524E13	2862.0	84.0
5.7165532E13	2838.0	87.0
5.716554E13	2838.0	85.0
5.7165553E13	2838.0	85.0
5.716556E13	2838.0	82.0
5.7165574E13	2838.0	82.0
5.7165604E13	2830.0	75.0
5.716561E13	2835.0	73.0
5.7165625E13	2835.0	72.0
5.7165637E13	2835.0	71.0
5.716564E13	2835.0	71.0
5.7165654E13	2835.0	71.0
5.7165662E13	2835.0	71.0
5.716567E13	2835.0	70.0
5.7165683E13	2835.0	70.0
5.716569E13	2832.0	71.0
5.7165704E13	2832.0	72.0
5.7165713E13	2832.0	73.0
5.716572E13	2832.0	73.0
5.7165734E13	2836.0	72.0
5.716574E13	2836.0	70.0
5.7165755E13	2836.0	67.0
5.7165763E13	2836.0	64.0
5.716577E13	2843.0	64.0
5.7165784E13	2843.0	68.0
5.7165792E13	2843.0	71.0
5.7165805E13	2847.0	73.0
5.7165813E13	2847.0	74.0
5.716585E13	2837.0	75.0
5.7165864E13	2837.0	72.0
5.7165872E13	2824.0	69.0
5.7165885E13	2824.0	67.0
5.7165893E13	2824.0	64.0
5.71659E13	2824.0	61.0
5.7165914E13	2812.0	57.0
5.7165922E13	2812.0	57.0
5.7165935E13	2812.0	60.0
5.7165943E13	2809.0	64.0
5.716595E13	2809.0	64.0
5.7165964E13	2809.0	67.0
5.7165973E13	2809.0	70.0
5.716598E13	2809.0	70.0
5.7166002E13	2813.0	75.0
5.7166015E13	2813.0	76.0
5.7166023E13	2813.0	76.0
5.716603E13	2809.0	77.0
5.7166044E13	2809.0	77.0
5.7166052E13	2809.0	77.0
5.7166065E13	2809.0	77.0
5.7166073E13	2823.0	79.0
5.716608E13	2823.0	80.0
5.7166094E13	2823.0	79.0
5.7166103E13	2860.0	78.0
5.716611E13	2860.0	76.0
5.7166124E13	2860.0	74.0
5.7166132E13	2860.0	74.0
5.7166145E13	2911.0	74.0
5.7166153E13	2911.0	74.0
5.716616E13	2911.0	75.0
5.7166174E13	2911.0	74.0
5.7166182E13	2951.0	75.0
5.716619E13	2951.0	75.0
5.7166203E13	2951.0	75.0
5.716621E13	2951.0	75.0
5.7166224E13	2983.0	75.0
5.7166233E13	2983.0	74.0
5.716624E13	2983.0	74.0
5.7166254E13	2995.0	75.0
5.7166262E13	2995.0	75.0
5.7166275E13	2995.0	75.0
5.7166283E13	2995.0	73.0
5.716629E13	3000.0	70.0
5.7166304E13	3000.0	68.0
5.7166313E13	3000.0	67.0
5.7166325E13	3000.0	67.0
5.7166333E13	3018.0	67.0
5.716634E13	3018.0	67.0
5.7166354E13	3018.0	66.0
5.7166363E13	3018.0	66.0
5.716637E13	3022.0	67.0
5.7166384E13	3022.0	70.0
5.7166392E13	3022.0	72.0
5.7166405E13	3025.0	74.0
5.7166413E13	3025.0	74.0
5.716642E13	3025.0	74.0
5.7166434E13	3025.0	76.0
5.7166443E13	3047.0	76.0
5.7166455E13	3047.0	74.0
5.7166464E13	3047.0	74.0
5.716647E13	3047.0	77.0
5.7166484E13	3053.0	81.0
5.7166493E13	3053.0	82.0
5.7166505E13	3053.0	81.0
5.7166514E13	3053.0	78.0
5.7166522E13	3036.0	74.0
5.7166535E13	3036.0	71.0
5.7166543E13	2994.0	69.0
5.7166556E13	2994.0	69.0
5.7166564E13	2994.0	70.0
5.7166573E13	2994.0	70.0
5.7166585E13	2994.0	71.0
5.7166594E13	2946.0	74.0
5.71666E13	2946.0	74.0
5.7166614E13	2946.0	77.0
5.7166623E13	2946.0	82.0
5.7166635E13	2889.0	85.0
5.7166644E13	2889.0	88.0
5.7166652E13	2889.0	88.0
5.7166665E13	2889.0	86.0
5.7166673E13	2831.0	86.0
5.7166686E13	2831.0	85.0
5.7166694E13	2831.0	83.0
5.7166703E13	2784.0	82.0
5.7166715E13	2784.0	82.0
5.7166724E13	2784.0	83.0
5.716673E13	2784.0	85.0
5.7166745E13	2751.0	87.0
5.7166753E13	2751.0	87.0
5.7166765E13	2751.0	85.0
5.7166774E13	2751.0	83.0
5.7166782E13	2723.0	81.0
5.7166795E13	2723.0	82.0
5.7166803E13	2723.0	82.0
5.716681E13	2705.0	82.0
5.7166824E13	2705.0	81.0
5.7166833E13	2705.0	81.0
5.7166845E13	2705.0	81.0
5.7166854E13	2691.0	80.0
5.716686E13	2691.0	79.0
5.7166875E13	2691.0	79.0
5.7166883E13	2691.0	78.0
5.7166896E13	2681.0	76.0
5.7166904E13	2681.0	75.0
5.7166912E13	2681.0	74.0
5.7166925E13	2681.0	74.0
5.7166933E13	2686.0	74.0
5.7166946E13	2686.0	74.0
5.7166954E13	2686.0	73.0
5.7166963E13	2702.0	71.0
5.7166975E13	2702.0	69.0
5.7166984E13	2702.0	69.0
5.716699E13	2702.0	70.0
5.7167005E13	2710.0	72.0
5.7167013E13	2710.0	74.0
5.7167026E13	2710.0	74.0
5.7167034E13	2710.0	74.0
5.7167042E13	2713.0	76.0
5.7167055E13	2713.0	77.0
5.7167063E13	2713.0	77.0
5.7167076E13	2713.0	76.0
5.7167084E13	2702.0	75.0
5.7167093E13	2702.0	73.0
5.7167105E13	2702.0	72.0
5.7167114E13	2705.0	69.0
5.716712E13	2705.0	63.0
5.7167135E13	2705.0	58.0
5.7167143E13	2705.0	54.0
5.7167156E13	2713.0	54.0
5.7167164E13	2713.0	56.0
5.7167172E13	2713.0	61.0
5.7167185E13	2713.0	65.0
5.7167193E13	2722.0	68.0
5.7167206E13	2722.0	73.0
5.7167214E13	2722.0	75.0
5.7167223E13	2722.0	76.0
5.7167235E13	2720.0	77.0
5.7167244E13	2720.0	78.0
5.7167256E13	2720.0	79.0
5.7167265E13	2709.0	78.0
5.7167273E13	2709.0	77.0
5.7167286E13	2709.0	77.0
5.7167294E13	2709.0	78.0
5.7167302E13	2716.0	80.0
5.7167315E13	2716.0	81.0
5.7167323E13	2716.0	82.0
5.7167336E13	2716.0	80.0
5.7167344E13	2752.0	79.0
5.7167353E13	2752.0	76.0
5.7167365E13	2752.0	75.0
5.7167374E13	2752.0	73.0
5.7167386E13	2794.0	74.0
5.7167395E13	2794.0	73.0
5.7167403E13	2794.0	71.0
5.7167416E13	2844.0	70.0
5.7167424E13	2844.0	70.0
5.7167432E13	2844.0	74.0
5.7167445E13	2865.0	75.0
5.7167453E13	2865.0	76.0
5.7167466E13	2865.0	76.0
5.7167474E13	2865.0	77.0
5.7167483E13	2865.0	77.0
5.7167495E13	2862.0	76.0
5.7167504E13	2862.0	70.0
5.7167516E13	2862.0	68.0
5.7167525E13	2874.0	68.0
5.7167533E13	2874.0	68.0
5.7167546E13	2874.0	66.0
5.7167554E13	2874.0	66.0
5.7167567E13	2891.0	65.0
5.7167575E13	2891.0	67.0
5.7167583E13	2891.0	67.0
5.7167596E13	2891.0	69.0
5.7167604E13	2885.0	35.0
5.7167613E13	2885.0	72.0
5.7167625E13	2885.0	73.0
5.7167634E13	2885.0	73.0
5.7167646E13	2883.0	75.0
5.7167655E13	2883.0	76.0
5.7167663E13	2883.0	76.0
5.7167676E13	2883.0	76.0
5.7167684E13	2898.0	78.0
5.7167697E13	2898.0	79.0
5.7167705E13	2898.0	81.0
5.7167713E13	2886.0	82.0
5.7167726E13	2886.0	81.0
5.7167734E13	2886.0	80.0
5.7167743E13	2842.0	75.0
5.7167755E13	2842.0	73.0
5.7167764E13	2842.0	73.0
5.7167776E13	2842.0	73.0
5.7167785E13	2775.0	74.0
5.7167793E13	2775.0	76.0
5.7167806E13	2775.0	77.0
5.7167814E13	2775.0	80.0
5.7167827E13	2707.0	83.0
5.7167835E13	2707.0	84.0
5.7167843E13	2707.0	85.0
5.7167856E13	2659.0	87.0
5.7167864E13	2659.0	87.0
5.7167873E13	2659.0	87.0
5.7167885E13	2659.0	87.0
5.7167894E13	2659.0	86.0
5.7167906E13	2624.0	84.0
5.7167915E13	2624.0	83.0
5.7167923E13	2624.0	83.0
5.7167936E13	2624.0	83.0
5.7167944E13	2593.0	83.0
5.7167957E13	2593.0	84.0
5.7167965E13	2593.0	87.0
5.7167973E13	2570.0	89.0
5.7167986E13	2570.0	89.0
5.7167994E13	2570.0	87.0
5.7168007E13	2570.0	86.0
5.7168015E13	2562.0	83.0
5.7168024E13	2562.0	80.0
5.7168036E13	2562.0	76.0
5.7168053E13	2568.0	73.0
5.7168066E13	2568.0	72.0
5.7168074E13	2568.0	70.0
5.7168087E13	2568.0	69.0
5.7168095E13	2579.0	69.0
5.7168103E13	2579.0	70.0
5.7168116E13	2579.0	71.0
5.7168124E13	2601.0	72.0
5.7168133E13	2601.0	72.0
5.7168145E13	2601.0	69.0
5.7168154E13	2601.0	67.0
5.7168166E13	2614.0	66.0
5.7168175E13	2614.0	67.0
5.7168183E13	2614.0	71.0
5.7168196E13	2614.0	74.0
5.7168204E13	2625.0	76.0
5.7168217E13	2625.0	76.0
5.7168225E13	2625.0	74.0
5.7168233E13	2625.0	73.0
5.7168246E13	2627.0	75.0
5.7168254E13	2627.0	76.0
5.7168267E13	2627.0	77.0
5.7168275E13	2623.0	76.0
5.7168284E13	2623.0	73.0
5.7168296E13	2623.0	69.0
5.7168305E13	2623.0	64.0
5.7168313E13	2623.0	60.0
5.7168326E13	2623.0	57.0
5.7168334E13	2623.0	56.0
5.7168347E13	2623.0	57.0
5.7168355E13	2630.0	60.0
5.7168364E13	2630.0	69.0
5.7168376E13	2630.0	72.0
5.7168384E13	2630.0	72.0
5.7168397E13	2636.0	73.0
5.7168405E13	2636.0	74.0
5.7168414E13	2636.0	76.0
5.7168426E13	2621.0	77.0
5.7168435E13	2621.0	77.0
5.7168443E13	2621.0	76.0
5.7168456E13	2621.0	76.0
5.7168464E13	2615.0	75.0
5.7168477E13	2615.0	75.0
5.7168485E13	2615.0	76.0
5.7168494E13	2615.0	77.0
5.7168506E13	2623.0	79.0
5.7168515E13	2623.0	79.0
5.7168527E13	2623.0	80.0
5.7168535E13	2645.0	79.0
5.7168544E13	2645.0	77.0
5.7168556E13	2645.0	76.0
5.7168565E13	2673.0	74.0
5.7168577E13	2673.0	73.0
5.7168586E13	2673.0	74.0
5.7168594E13	2673.0	75.0
5.7168607E13	2707.0	76.0
5.7168615E13	2707.0	74.0
5.7168624E13	2707.0	73.0
5.7168636E13	2707.0	73.0
5.7168645E13	2732.0	73.0
5.7168657E13	2732.0	73.0
5.7168666E13	2732.0	73.0
5.7168674E13	2732.0	73.0
5.7168686E13	2741.0	73.0
5.7168695E13	2741.0	73.0
5.7168707E13	2741.0	72.0
5.7168716E13	2745.0	69.0
5.7168724E13	2745.0	67.0
5.7168737E13	2745.0	66.0
5.7168745E13	2745.0	64.0
5.7168754E13	2741.0	64.0
5.7168766E13	2741.0	64.0
5.7168775E13	2741.0	66.0
5.7168787E13	2741.0	68.0
5.7168796E13	2738.0	70.0
5.7168804E13	2738.0	71.0
5.7168817E13	2738.0	72.0
5.7168825E13	2738.0	72.0
5.7168837E13	2743.0	73.0
5.7168846E13	2743.0	73.0
5.7168854E13	2743.0	73.0
5.7168867E13	2743.0	72.0
5.7168875E13	2760.0	73.0
5.7168884E13	2760.0	75.0
5.7168896E13	2760.0	77.0
5.7168905E13	2760.0	78.0
5.7168917E13	2758.0	78.0
5.7168926E13	2758.0	77.0
5.7168934E13	2758.0	75.0
5.7168947E13	2758.0	74.0
5.7168955E13	2736.0	74.0
5.7168967E13	2736.0	74.0
5.7168976E13	2736.0	74.0
5.7168984E13	2736.0	75.0
5.7168997E13	2700.0	76.0
5.7169005E13	2700.0	78.0
5.7169018E13	2700.0	80.0
5.7169026E13	2671.0	82.0
5.7169035E13	2671.0	84.0
5.7169047E13	2671.0	86.0
5.7169056E13	2671.0	88.0
5.7169064E13	2655.0	88.0
5.7169077E13	2655.0	87.0
5.7169085E13	2655.0	87.0
5.7169098E13	2655.0	87.0
5.7169106E13	2647.0	87.0
5.7169114E13	2647.0	87.0
5.7169127E13	2647.0	88.0
5.7169135E13	2638.0	89.0
5.7169148E13	2638.0	89.0
5.7169156E13	2638.0	89.0
5.7169165E13	2638.0	88.0
5.7169177E13	2623.0	86.0
5.7169186E13	2623.0	86.0
5.7169194E13	2623.0	85.0
5.7169207E13	2623.0	83.0
5.7169215E13	2611.0	83.0
5.7169228E13	2611.0	83.0
5.7169236E13	2611.0	80.0
5.7169244E13	2611.0	78.0
5.7169257E13	2610.0	77.0
5.7169265E13	2610.0	76.0
5.7169278E13	2610.0	73.0
5.7169286E13	2619.0	69.0
5.7169295E13	2619.0	66.0
5.7169307E13	2619.0	67.0
5.7169316E13	2619.0	70.0
5.7169324E13	2636.0	73.0
5.7169337E13	2636.0	76.0
5.7169345E13	2636.0	76.0
5.7169358E13	2636.0	74.0
5.7169366E13	2651.0	72.0
5.7169374E13	2651.0	72.0
5.7169387E13	2651.0	74.0
5.7169395E13	2651.0	76.0
5.7169408E13	2660.0	78.0
5.7169416E13	2660.0	77.0
5.7169425E13	2660.0	77.0
5.7169437E13	2662.0	77.0
5.7169446E13	2662.0	77.0
5.716946E13	2662.0	77.0
5.7169467E13	2662.0	75.0
5.7169475E13	2662.0	71.0
5.7169488E13	2662.0	68.0
5.7169496E13	2662.0	60.0
5.7169504E13	2662.0	58.0
5.7169517E13	2664.0	56.0
5.7169525E13	2664.0	57.0
5.716954E13	2664.0	61.0
5.7169546E13	2664.0	61.0
5.7169555E13	2667.0	64.0
5.7169567E13	2667.0	71.0
5.7169576E13	2667.0	71.0
5.716959E13	2668.0	75.0
5.7169597E13	2668.0	75.0
5.7169605E13	2668.0	76.0
5.7169618E13	2659.0	76.0
5.7169626E13	2659.0	74.0
5.716964E13	2659.0	74.0
5.7169647E13	2659.0	74.0
5.7169655E13	2659.0	74.0
5.716967E13	2659.0	76.0
5.7169676E13	2659.0	79.0
5.7169685E13	2659.0	82.0
5.7169697E13	2659.0	82.0
5.7169706E13	2671.0	79.0
5.716972E13	2671.0	76.0
5.7169727E13	2671.0	75.0
5.7169735E13	2693.0	74.0
5.7169748E13	2693.0	73.0
5.7169756E13	2693.0	72.0
5.716977E13	2693.0	72.0
5.7169777E13	2716.0	72.0
5.7169785E13	2716.0	72.0
5.71698E13	2716.0	73.0
5.7169806E13	2716.0	75.0
5.7169815E13	2733.0	77.0
5.7169827E13	2733.0	76.0
5.7169836E13	2733.0	75.0
5.716985E13	2733.0	75.0
5.7169857E13	2745.0	76.0
5.7169865E13	2745.0	77.0
5.7169878E13	2745.0	75.0
5.7169886E13	2753.0	73.0
5.71699E13	2753.0	71.0
5.7169907E13	2753.0	70.0
5.7169915E13	2753.0	69.0
5.716993E13	2768.0	69.0
5.7169936E13	2768.0	69.0
5.7169945E13	2768.0	69.0
5.7169957E13	2768.0	69.0
5.7169966E13	2777.0	69.0
5.716998E13	2777.0	69.0
5.7169987E13	2777.0	69.0
5.7169995E13	2777.0	70.0
5.7170008E13	2770.0	70.0
5.7170016E13	2770.0	70.0
5.717003E13	2770.0	70.0
5.7170037E13	2776.0	71.0
5.7170045E13	2776.0	71.0
5.717006E13	2776.0	71.0
5.7170066E13	2776.0	72.0
5.717008E13	2787.0	73.0
5.7170087E13	2787.0	74.0
5.7170096E13	2787.0	75.0
5.717011E13	2787.0	76.0
5.7170117E13	2792.0	77.0
5.7170125E13	2792.0	78.0
5.7170138E13	2792.0	80.0
5.7170146E13	2792.0	80.0
5.717016E13	2779.0	81.0
5.7170167E13	2779.0	81.0
5.7170175E13	2779.0	82.0
5.717019E13	2758.0	82.0
5.7170196E13	2758.0	83.0
5.717021E13	2758.0	85.0
5.7170217E13	2758.0	86.0
5.7170226E13	2727.0	87.0
5.717024E13	2727.0	87.0
5.7170247E13	2727.0	86.0
5.7170255E13	2727.0	86.0
5.7170268E13	2707.0	85.0
5.7170276E13	2707.0	82.0
5.717029E13	2707.0	82.0
5.7170297E13	2707.0	82.0
5.7170305E13	2690.0	83.0
5.717032E13	2690.0	85.0
5.7170326E13	2690.0	86.0
5.717034E13	2672.0	88.0
5.7170347E13	2672.0	89.0
5.7170356E13	2672.0	87.0
5.717037E13	2672.0	86.0
5.7170377E13	2655.0	86.0
5.7170385E13	2655.0	85.0
5.7170398E13	2655.0	83.0
5.7170406E13	2655.0	81.0
5.717042E13	2650.0	77.0
5.7170427E13	2650.0	77.0
5.717045E13	2650.0	75.0
5.7170456E13	2650.0	73.0
5.717047E13	2650.0	73.0
5.7170477E13	2650.0	74.0
5.7170486E13	2661.0	76.0
5.71705E13	2661.0	78.0
5.7170507E13	2661.0	77.0
5.717052E13	2661.0	74.0
5.7170528E13	2675.0	70.0
5.7170536E13	2675.0	68.0
5.717055E13	2675.0	70.0
5.7170557E13	2675.0	70.0
5.7170566E13	2688.0	75.0
5.717058E13	2688.0	75.0
5.7170587E13	2695.0	78.0
5.71706E13	2695.0	78.0
5.7170607E13	2695.0	77.0
5.7170616E13	2695.0	76.0
5.717063E13	2695.0	76.0
5.7170637E13	2696.0	69.0
5.717065E13	2696.0	69.0
5.7170658E13	2696.0	64.0
5.7170666E13	2690.0	58.0
5.717068E13	2690.0	58.0
5.7170687E13	2690.0	53.0
5.7170696E13	2690.0	50.0
5.717071E13	2690.0	50.0
5.7170717E13	2687.0	53.0
5.717073E13	2687.0	58.0
5.7170737E13	2687.0	63.0
5.7170746E13	2698.0	66.0
5.717076E13	2698.0	70.0
5.7170767E13	2698.0	73.0
5.717078E13	2698.0	76.0
5.7170788E13	2693.0	77.0
5.7170796E13	2693.0	77.0
5.717081E13	2693.0	76.0
5.7170817E13	2693.0	75.0
5.717083E13	2688.0	74.0
5.717084E13	2688.0	75.0
5.7170847E13	2688.0	76.0
5.717086E13	2688.0	79.0
5.7170868E13	2697.0	81.0
5.7170876E13	2697.0	79.0
5.717089E13	2697.0	76.0
5.7170897E13	2716.0	73.0
5.717091E13	2716.0	72.0
5.7170918E13	2716.0	71.0
5.7170926E13	2716.0	71.0
5.717094E13	2736.0	71.0
5.7170947E13	2736.0	72.0
5.717096E13	2736.0	73.0
5.717097E13	2736.0	73.0
5.7170977E13	2757.0	73.0
5.717099E13	2757.0	74.0
5.7170998E13	2757.0	75.0
5.717101E13	2757.0	75.0
5.717102E13	2762.0	74.0
5.7171027E13	2762.0	74.0
5.717104E13	2762.0	73.0
5.7171048E13	2764.0	73.0
5.7171056E13	2764.0	74.0
5.717107E13	2764.0	74.0
5.7171077E13	2764.0	73.0
5.717109E13	2762.0	71.0
5.71711E13	2762.0	69.0
5.7171107E13	2762.0	69.0
5.717112E13	2762.0	68.0
5.7171128E13	2770.0	69.0
5.7171136E13	2770.0	69.0
5.717115E13	2770.0	71.0
5.7171157E13	2770.0	73.0
5.717117E13	2773.0	74.0
5.7171178E13	2773.0	74.0
5.7171186E13	2773.0	74.0
5.71712E13	2786.0	75.0
5.7171207E13	2786.0	76.0
5.717122E13	2786.0	76.0
5.717123E13	2786.0	75.0
5.7171237E13	2810.0	75.0
5.717125E13	2810.0	77.0
5.7171258E13	2810.0	80.0
5.717127E13	2810.0	81.0
5.717128E13	2818.0	80.0
5.7171287E13	2818.0	78.0
5.71713E13	2818.0	75.0
5.717131E13	2818.0	73.0
5.7171316E13	2800.0	71.0
5.717133E13	2800.0	71.0
5.7171337E13	2800.0	72.0
5.717135E13	2772.0	75.0
5.717136E13	2772.0	77.0
5.7171367E13	2772.0	79.0
5.717138E13	2772.0	81.0
5.7171388E13	2740.0	83.0
5.71714E13	2740.0	85.0
5.717141E13	2740.0	86.0
5.7171417E13	2740.0	85.0
5.717143E13	2703.0	85.0
5.717144E13	2703.0	84.0
5.7171446E13	2703.0	83.0
5.717146E13	2703.0	81.0
5.7171467E13	2672.0	80.0
5.717148E13	2672.0	80.0
5.717149E13	2672.0	81.0
5.7171497E13	2641.0	82.0
5.717151E13	2641.0	83.0
5.7171518E13	2641.0	85.0
5.717153E13	2641.0	86.0
5.717154E13	2616.0	87.0
5.7171547E13	2616.0	88.0
5.717156E13	2616.0	87.0
5.717157E13	2616.0	87.0
5.7171576E13	2601.0	87.0
5.717159E13	2601.0	84.0
5.7171597E13	2601.0	81.0
5.717161E13	2602.0	79.0
5.717162E13	2602.0	79.0
5.7171627E13	2602.0	80.0
5.717164E13	2602.0	78.0
5.7171648E13	2620.0	76.0
5.717166E13	2620.0	73.0
5.717167E13	2620.0	70.0
5.7171677E13	2620.0	68.0
5.717169E13	2654.0	70.0
5.71717E13	2654.0	72.0
5.7171706E13	2654.0	72.0
5.717172E13	2654.0	69.0
5.7171727E13	2686.0	66.0
5.717174E13	2686.0	64.0
5.717175E13	2686.0	65.0
5.7171757E13	2702.0	67.0
5.717177E13	2702.0	71.0
5.7171778E13	2702.0	73.0
5.717179E13	2702.0	73.0
5.71718E13	2709.0	74.0
5.7171807E13	2709.0	74.0
5.717182E13	2709.0	75.0
5.717183E13	2709.0	75.0
5.717184E13	2700.0	73.0
5.717185E13	2700.0	70.0
5.7171857E13	2700.0	67.0
5.717187E13	2700.0	64.0
5.717188E13	2692.0	61.0
5.7171887E13	2692.0	58.0
5.71719E13	2692.0	57.0
5.7171908E13	2684.0	59.0
5.717192E13	2684.0	62.0
5.717193E13	2684.0	66.0
5.7171937E13	2684.0	70.0
5.717195E13	2687.0	72.0
5.717196E13	2687.0	72.0
5.717197E13	2687.0	73.0
5.717198E13	2687.0	75.0
5.7171987E13	2679.0	77.0
5.7172E13	2679.0	77.0
5.717201E13	2679.0	77.0
5.7172017E13	2679.0	76.0
5.717203E13	2668.0	76.0
5.7172038E13	2668.0	78.0
5.717205E13	2668.0	78.0
5.717206E13	2668.0	77.0
5.7172067E13	2668.0	76.0
5.717208E13	2668.0	75.0
5.717209E13	2668.0	75.0
5.71721E13	2683.0	75.0
5.717211E13	2683.0	74.0
5.7172117E13	2683.0	73.0
5.717213E13	2683.0	73.0
5.717214E13	2703.0	73.0
5.717215E13	2703.0	73.0
5.717216E13	2703.0	73.0
5.7172168E13	2703.0	73.0
5.717218E13	2726.0	73.0
5.717219E13	2726.0	73.0
5.7172197E13	2726.0	74.0
5.717221E13	2719.0	75.0
5.717223E13	2719.0	75.0
5.7172247E13	2710.0	76.0
5.717227E13	2710.0	74.0
5.717229E13	2710.0	71.0
5.717231E13	2710.0	70.0
5.717232E13	2710.0	70.0
5.7172327E13	2730.0	70.0
5.717235E13	2730.0	70.0
5.717236E13	2743.0	70.0
5.717237E13	2743.0	71.0
5.7172377E13	2743.0	72.0
5.717239E13	2743.0	73.0
5.71724E13	2741.0	73.0
5.717241E13	2741.0	74.0
5.717242E13	2741.0	74.0
5.7172428E13	2741.0	74.0
5.717244E13	2741.0	74.0
5.717245E13	2741.0	75.0
5.7172457E13	2741.0	77.0
5.717247E13	2741.0	78.0
5.717248E13	2743.0	80.0
5.717249E13	2743.0	81.0
5.71725E13	2743.0	81.0
5.7172507E13	2731.0	80.0
5.717252E13	2731.0	78.0
5.717253E13	2731.0	77.0
5.717254E13	2731.0	76.0
5.717255E13	2686.0	76.0
5.717257E13	2686.0	82.0
5.717258E13	2623.0	83.0
5.717259E13	2623.0	85.0
5.71726E13	2623.0	85.0
5.717261E13	2623.0	85.0
5.717262E13	2623.0	85.0
5.717263E13	2562.0	85.0
5.7172638E13	2562.0	82.0
5.717265E13	2562.0	82.0
5.717266E13	2515.0	78.0
5.717267E13	2515.0	56.0
5.717268E13	2515.0	78.0
5.7172688E13	2480.0	80.0
5.71727E13	2480.0	80.0
5.717271E13	2480.0	84.0
5.717272E13	2480.0	87.0
5.717273E13	2480.0	88.0
5.717274E13	2449.0	85.0
5.717275E13	2449.0	80.0
5.717276E13	2449.0	78.0
5.7172768E13	2441.0	77.0
5.717278E13	2441.0	76.0
5.717279E13	2441.0	75.0
5.71728E13	2441.0	75.0
5.717281E13	2441.0	73.0
5.7172818E13	2441.0	72.0
5.717283E13	2441.0	71.0
5.717284E13	2441.0	72.0
5.717285E13	2446.0	71.0
5.717286E13	2446.0	69.0
5.717287E13	2446.0	69.0
5.717288E13	2446.0	72.0
5.717289E13	2460.0	75.0
5.71729E13	2460.0	74.0
5.717291E13	2460.0	72.0
5.717293E13	2478.0	69.0
5.717294E13	2478.0	67.0
5.7172948E13	2478.0	68.0
5.717296E13	2497.0	70.0
5.717297E13	2497.0	73.0
5.717298E13	2497.0	77.0
5.717299E13	2497.0	77.0
5.7173E13	2505.0	74.0
5.717301E13	2505.0	73.0
5.717302E13	2505.0	73.0
5.717303E13	2505.0	74.0
5.717304E13	2500.0	75.0
5.717305E13	2500.0	75.0
5.717306E13	2481.0	70.0
5.717307E13	2481.0	67.0
5.717308E13	2481.0	64.0
5.717309E13	2481.0	62.0
5.71731E13	2481.0	62.0
5.717311E13	2462.0	58.0
5.717312E13	2462.0	59.0
5.717313E13	2462.0	61.0
5.717314E13	2455.0	65.0
5.717315E13	2455.0	68.0
5.717316E13	2455.0	73.0
5.717317E13	2455.0	76.0
5.717318E13	2455.0	76.0
5.717319E13	2449.0	76.0
5.71732E13	2449.0	76.0
5.717321E13	2438.0	77.0
5.717322E13	2438.0	77.0
5.717323E13	2438.0	77.0
5.717324E13	2438.0	76.0
5.717325E13	2438.0	75.0
5.717326E13	2437.0	76.0
5.717327E13	2437.0	78.0
5.717328E13	2437.0	80.0
5.717329E13	2437.0	81.0
5.71733E13	2454.0	80.0
5.717331E13	2454.0	78.0
5.717332E13	2454.0	77.0
5.717333E13	2454.0	76.0
5.7173342E13	2487.0	76.0
5.717335E13	2487.0	75.0
5.717336E13	2487.0	74.0
5.717337E13	2528.0	74.0
5.717338E13	2528.0	74.0
5.717339E13	2528.0	74.0
5.71734E13	2528.0	75.0
5.717341E13	2551.0	75.0
5.717342E13	2551.0	76.0
5.717343E13	2551.0	78.0
5.717344E13	2551.0	78.0
5.717345E13	2566.0	76.0
5.717346E13	2566.0	75.0
5.7173472E13	2566.0	74.0
5.717348E13	2566.0	73.0
5.717349E13	2566.0	72.0
5.71735E13	2566.0	71.0
5.717351E13	2566.0	71.0
5.717352E13	2575.0	70.0
5.717353E13	2575.0	68.0
5.717354E13	2575.0	66.0
5.717355E13	2578.0	64.0
5.717356E13	2578.0	64.0
5.717357E13	2578.0	65.0
5.717358E13	2578.0	67.0
5.717359E13	2563.0	70.0
5.7173602E13	2563.0	73.0
5.717361E13	2563.0	75.0
5.717362E13	2563.0	77.0
5.717363E13	2576.0	78.0
5.717364E13	2576.0	78.0
5.717365E13	2576.0	77.0
5.717366E13	2602.0	78.0
5.717367E13	2602.0	79.0
5.717368E13	2602.0	81.0
5.717369E13	2602.0	81.0
5.71737E13	2586.0	79.0
5.717371E13	2586.0	75.0
5.717372E13	2586.0	72.0
5.7173732E13	2586.0	69.0
5.717374E13	2529.0	69.0
5.717375E13	2529.0	69.0
5.717376E13	2529.0	70.0
5.717377E13	2529.0	71.0
5.7173783E13	2460.0	73.0
5.717379E13	2460.0	76.0
5.71738E13	2460.0	79.0
5.717381E13	2390.0	83.0
5.717382E13	2390.0	86.0
5.717383E13	2390.0	88.0
5.717384E13	2390.0	87.0
5.717385E13	2390.0	87.0
5.7173862E13	2333.0	88.0
5.717387E13	2333.0	88.0
5.717388E13	2333.0	87.0
5.717389E13	2333.0	86.0
5.71739E13	2291.0	84.0
5.7173913E13	2291.0	82.0
5.717392E13	2291.0	81.0
5.717393E13	2252.0	81.0
5.717394E13	2252.0	82.0
5.717395E13	2252.0	84.0
5.717396E13	2252.0	85.0
5.717397E13	2225.0	86.0
5.717398E13	2225.0	87.0
5.7173992E13	2225.0	88.0
5.7174E13	2225.0	88.0
5.717401E13	2210.0	86.0
5.717402E13	2210.0	84.0
5.717403E13	2210.0	82.0
5.7174043E13	2210.0	79.0
5.717405E13	2215.0	76.0
5.717406E13	2215.0	73.0
5.717407E13	2215.0	71.0
5.717408E13	2234.0	66.0
5.717409E13	2234.0	65.0
5.71741E13	2234.0	67.0
5.717411E13	2234.0	71.0
5.7174122E13	2259.0	73.0
5.717413E13	2259.0	73.0
5.717414E13	2259.0	72.0
5.717415E13	2259.0	69.0
5.717416E13	2290.0	66.0
5.7174173E13	2290.0	66.0
5.717418E13	2290.0	67.0
5.717419E13	2290.0	69.0
5.71742E13	2313.0	73.0
5.717421E13	2313.0	74.0
5.717422E13	2313.0	73.0
5.717423E13	2321.0	73.0
5.717424E13	2321.0	74.0
5.7174252E13	2321.0	75.0
5.717426E13	2321.0	77.0
5.717427E13	2314.0	77.0
5.717428E13	2314.0	75.0
5.717429E13	2314.0	72.0
5.7174303E13	2314.0	71.0
5.717431E13	2301.0	68.0
5.717432E13	2301.0	66.0
5.717433E13	2301.0	65.0
5.717434E13	2301.0	64.0
5.7174353E13	2294.0	64.0
5.717436E13	2294.0	65.0
5.717437E13	2294.0	68.0
5.7174382E13	2292.0	70.0
5.717439E13	2292.0	71.0
5.71744E13	2292.0	73.0
5.717441E13	2292.0	73.0
5.717442E13	2286.0	75.0
5.7174433E13	2286.0	75.0
5.717444E13	2286.0	75.0
5.717445E13	2286.0	75.0
5.717446E13	2275.0	75.0
5.717447E13	2275.0	77.0
5.7174483E13	2275.0	78.0
5.717449E13	2275.0	79.0
5.71745E13	2269.0	80.0
5.7174512E13	2269.0	79.0
5.717452E13	2269.0	79.0
5.717453E13	2288.0	77.0
5.717454E13	2288.0	76.0
5.717455E13	2288.0	75.0
5.7174563E13	2288.0	73.0
5.717457E13	2325.0	72.0
5.717458E13	2325.0	71.0
5.717459E13	2325.0	71.0
5.71746E13	2325.0	71.0
5.7174613E13	2367.0	72.0
5.717462E13	2367.0	72.0
5.717463E13	2367.0	73.0
5.7174642E13	2367.0	73.0
5.717465E13	2390.0	74.0
5.7174663E13	2390.0	75.0
5.717467E13	2390.0	75.0
5.717468E13	2396.0	77.0
5.7174693E13	2396.0	76.0
5.71747E13	2396.0	76.0
5.717471E13	2398.0	76.0
5.717472E13	2398.0	75.0
5.717473E13	2398.0	74.0
5.7174743E13	2398.0	73.0
5.717475E13	2398.0	73.0
5.717476E13	2407.0	73.0
5.7174772E13	2407.0	72.0
5.717478E13	2407.0	70.0
5.7174793E13	2407.0	68.0
5.71748E13	2403.0	65.0
5.717481E13	2403.0	65.0
5.7174823E13	2403.0	65.0
5.717483E13	2380.0	66.0
5.7174844E13	2380.0	68.0
5.7174852E13	2380.0	69.0
5.717486E13	2380.0	70.0
5.7174873E13	2375.0	71.0
5.717488E13	2375.0	74.0
5.717489E13	2375.0	79.0
5.7174902E13	2375.0	79.0
5.717491E13	2395.0	77.0
5.7174923E13	2395.0	77.0
5.717493E13	2395.0	80.0
5.717494E13	2395.0	84.0
5.7174953E13	2405.0	84.0
5.717496E13	2405.0	81.0
5.7174974E13	2405.0	76.0
5.7174982E13	2367.0	71.0
5.717499E13	2367.0	68.0
5.7175003E13	2367.0	67.0
5.717501E13	2367.0	66.0
5.717502E13	2304.0	67.0
5.7175032E13	2304.0	68.0
5.717504E13	2304.0	71.0
5.7175053E13	2304.0	75.0
5.717506E13	2243.0	79.0
5.717507E13	2243.0	82.0
5.7175083E13	2243.0	84.0
5.717509E13	2202.0	86.0
5.7175104E13	2202.0	86.0
5.7175112E13	2202.0	86.0
5.717512E13	2202.0	85.0
5.7175133E13	2176.0	85.0
5.717514E13	2176.0	84.0
5.7175154E13	2176.0	84.0
5.7175162E13	2176.0	85.0
5.717517E13	2153.0	86.0
5.7175183E13	2153.0	87.0
5.717519E13	2153.0	88.0
5.71752E13	2153.0	88.0
5.7175213E13	2141.0	86.0
5.717522E13	2141.0	84.0
5.7175234E13	2141.0	83.0
5.7175242E13	2139.0	82.0
5.717525E13	2139.0	81.0
5.7175263E13	2139.0	79.0
5.717527E13	2139.0	77.0
5.717528E13	2156.0	75.0
5.7175293E13	2156.0	74.0
5.71753E13	2156.0	74.0
5.7175313E13	2156.0	73.0
5.717532E13	2180.0	71.0
5.7175334E13	2180.0	70.0
5.7175343E13	2180.0	70.0
5.717535E13	2180.0	72.0
5.7175364E13	2220.0	72.0
5.7175372E13	2220.0	73.0
5.717538E13	2220.0	72.0
5.7175393E13	2271.0	69.0
5.71754E13	2271.0	66.0
5.7175414E13	2271.0	64.0
5.7175423E13	2271.0	63.0
5.717543E13	2311.0	66.0
5.7175444E13	2311.0	71.0
5.717545E13	2311.0	74.0
5.717546E13	2311.0	77.0
5.7175473E13	2334.0	76.0
5.717548E13	2334.0	76.0
5.7175494E13	2334.0	76.0
5.7175502E13	2334.0	77.0
5.717551E13	2347.0	77.0
5.7175523E13	2347.0	75.0
5.717553E13	2347.0	70.0
5.7175544E13	2345.0	67.0
5.7175553E13	2345.0	65.0
5.717556E13	2345.0	65.0
5.7175574E13	2345.0	64.0
5.717558E13	2335.0	62.0
5.7175595E13	2335.0	61.0
5.7175603E13	2335.0	68.0
5.717561E13	2335.0	72.0
5.7175624E13	2314.0	73.0
5.7175632E13	2314.0	74.0
5.717564E13	2314.0	75.0
5.7175653E13	2306.0	76.0
5.717566E13	2306.0	77.0
5.7175674E13	2306.0	79.0
5.7175683E13	2288.0	79.0
5.717569E13	2288.0	78.0
5.7175704E13	2288.0	76.0
5.717571E13	2288.0	76.0
5.717572E13	2288.0	76.0
5.7175733E13	2280.0	77.0
5.717574E13	2280.0	76.0
5.7175754E13	2280.0	75.0
5.7175762E13	2289.0	75.0
5.717577E13	2289.0	74.0
5.7175783E13	2289.0	73.0
5.717579E13	2289.0	73.0
5.7175804E13	2314.0	72.0
5.7175813E13	2314.0	72.0
5.717582E13	2314.0	70.0
5.7175863E13	2339.0	72.0
5.717587E13	2339.0	74.0
5.7175884E13	2348.0	75.0
5.7175892E13	2348.0	74.0
5.7175905E13	2348.0	73.0
5.7175913E13	2348.0	72.0
5.717592E13	2345.0	71.0
5.7175934E13	2345.0	71.0
5.7175943E13	2345.0	71.0
5.717595E13	2345.0	71.0
5.7175964E13	2349.0	69.0
5.717597E13	2349.0	67.0
5.7175985E13	2349.0	65.0
5.7175993E13	2371.0	64.0
5.7176E13	2371.0	63.0
5.7176014E13	2371.0	62.0
5.7176022E13	2371.0	62.0
5.717603E13	2374.0	63.0
5.7176043E13	2374.0	65.0
5.717605E13	2374.0	68.0
5.7176064E13	2374.0	72.0
5.7176073E13	2392.0	75.0
5.717608E13	2392.0	79.0
5.7176094E13	2392.0	83.0
5.71761E13	2392.0	83.0
5.717611E13	2446.0	79.0
5.7176123E13	2446.0	77.0
5.717613E13	2446.0	76.0
5.7176144E13	2473.0	78.0
5.7176152E13	2473.0	79.0
5.717616E13	2473.0	80.0
5.7176173E13	2473.0	80.0
5.717618E13	2430.0	79.0
5.7176194E13	2430.0	77.0
5.7176203E13	2430.0	75.0
5.717621E13	2430.0	73.0
5.7176224E13	2358.0	72.0
5.717623E13	2358.0	72.0
5.7176245E13	2358.0	72.0
5.7176253E13	2298.0	74.0
5.717626E13	2298.0	77.0
5.7176274E13	2298.0	80.0
5.7176282E13	2298.0	83.0
5.717629E13	2250.0	85.0
5.7176303E13	2250.0	86.0
5.717631E13	2250.0	85.0
5.7176324E13	2250.0	83.0
5.7176333E13	2236.0	82.0
5.717634E13	2236.0	81.0
5.7176354E13	2236.0	80.0
5.717636E13	2236.0	81.0
5.7176375E13	2226.0	82.0
5.7176383E13	2226.0	84.0
5.717639E13	2226.0	86.0
5.7176404E13	2219.0	89.0
5.7176412E13	2219.0	89.0
5.717642E13	2219.0	89.0
5.7176433E13	2219.0	88.0
5.717644E13	2216.0	86.0
5.7176454E13	2216.0	83.0
5.7176463E13	2216.0	79.0
5.717647E13	2216.0	77.0
5.7176484E13	2233.0	74.0
5.717649E13	2233.0	70.0
5.7176505E13	2233.0	69.0
5.7176513E13	2233.0	70.0
5.717652E13	2263.0	69.0
5.7176534E13	2263.0	67.0
5.7176542E13	2263.0	69.0
5.7176555E13	2304.0	71.0
5.7176563E13	2304.0	72.0
5.717657E13	2304.0	71.0
5.7176584E13	2304.0	71.0
5.7176593E13	2354.0	70.0
5.71766E13	2354.0	67.0
5.7176614E13	2354.0	65.0
5.7176622E13	2354.0	67.0
5.7176635E13	2394.0	71.0
5.7176643E13	2394.0	74.0
5.717665E13	2394.0	76.0
5.7176664E13	2394.0	76.0
5.7176672E13	2419.0	76.0
5.7176685E13	2419.0	76.0
5.7176693E13	2432.0	76.0
5.71767E13	2432.0	76.0
5.7176714E13	2432.0	74.0
5.7176723E13	2432.0	73.0
5.717673E13	2432.0	70.0
5.7176744E13	2436.0	67.0
5.7176752E13	2436.0	61.0
5.7176765E13	2436.0	61.0
5.7176773E13	2436.0	58.0
5.717678E13	2431.0	58.0
5.7176794E13	2431.0	60.0
5.7176802E13	2431.0	64.0
5.7176815E13	2431.0	67.0
5.7176823E13	2438.0	68.0
5.717683E13	2438.0	68.0
5.7176844E13	2438.0	71.0
5.7176853E13	2429.0	73.0
5.7176865E13	2429.0	75.0
5.7176874E13	2429.0	77.0
5.7176882E13	2429.0	77.0
5.7176895E13	2413.0	77.0
5.7176903E13	2413.0	77.0
5.717691E13	2413.0	77.0
5.7176924E13	2413.0	78.0
5.7176932E13	2402.0	79.0
5.7176945E13	2402.0	81.0
5.7176953E13	2402.0	80.0
5.717696E13	2402.0	77.0
5.7176974E13	2412.0	76.0
5.7176983E13	2412.0	75.0
5.7176995E13	2412.0	74.0
5.7177004E13	2439.0	74.0
5.7177012E13	2439.0	74.0
5.7177025E13	2439.0	73.0
5.7177033E13	2439.0	73.0
5.717704E13	2473.0	73.0
5.7177054E13	2473.0	72.0
5.7177063E13	2473.0	72.0
5.7177075E13	2473.0	72.0
5.7177083E13	2495.0	72.0
5.717709E13	2495.0	72.0
5.7177104E13	2495.0	74.0
5.7177113E13	2495.0	74.0
5.7177125E13	2508.0	74.0
5.7177134E13	2508.0	76.0
5.7177142E13	2508.0	77.0
5.7177155E13	2510.0	77.0
5.7177163E13	2510.0	76.0
5.7177176E13	2510.0	74.0
5.7177184E13	2510.0	72.0
5.7177193E13	2519.0	69.0
5.7177205E13	2519.0	67.0
5.7177214E13	2519.0	65.0
5.717722E13	2519.0	64.0
5.7177234E13	2526.0	64.0
5.7177243E13	2526.0	65.0
5.7177255E13	2526.0	66.0
5.7177264E13	2526.0	69.0
5.7177272E13	2519.0	72.0
5.7177285E13	2519.0	74.0
5.7177293E13	2519.0	77.0
5.7177306E13	2528.0	78.0
5.7177314E13	2528.0	77.0
5.7177323E13	2528.0	75.0
5.7177335E13	2528.0	76.0
5.7177344E13	2541.0	77.0
5.717735E13	2541.0	79.0
5.7177364E13	2541.0	79.0
5.7177373E13	2541.0	78.0
5.7177385E13	2534.0	77.0
5.7177394E13	2534.0	75.0
5.7177402E13	2534.0	73.0
5.7177415E13	2512.0	71.0
5.7177423E13	2512.0	70.0
5.7177436E13	2512.0	70.0
5.7177444E13	2512.0	71.0
5.7177453E13	2487.0	72.0
5.7177465E13	2487.0	74.0
5.7177474E13	2487.0	76.0
5.7177486E13	2487.0	78.0
5.7177495E13	2464.0	81.0
5.7177503E13	2464.0	85.0
5.7177515E13	2464.0	87.0
5.7177524E13	2464.0	89.0
5.7177532E13	2455.0	87.0
5.7177545E13	2455.0	84.0
5.7177553E13	2455.0	80.0
5.7177566E13	2453.0	76.0
5.7177574E13	2453.0	73.0
5.7177583E13	2453.0	73.0
5.7177595E13	2453.0	74.0
5.7177604E13	2447.0	78.0
5.7177616E13	2447.0	82.0
5.7177625E13	2447.0	87.0
5.7177633E13	2447.0	88.0
5.7177646E13	2445.0	85.0
5.7177654E13	2445.0	82.0
5.7177662E13	2445.0	79.0
5.7177675E13	2450.0	76.0
5.7177683E13	2450.0	76.0
5.7177696E13	2450.0	72.0
5.7177704E13	2450.0	72.0
5.7177713E13	2466.0	68.0
5.7177725E13	2466.0	66.0
5.7177734E13	2466.0	66.0
5.7177746E13	2466.0	65.0
5.7177755E13	2487.0	66.0
5.7177763E13	2487.0	70.0
5.7177776E13	2487.0	71.0
5.7177784E13	2510.0	71.0
5.7177792E13	2510.0	68.0
5.7177805E13	2510.0	68.0
5.7177813E13	2510.0	67.0
5.7177826E13	2510.0	67.0
5.7177834E13	2541.0	67.0
5.7177843E13	2541.0	68.0
5.7177855E13	2541.0	73.0
5.7177864E13	2562.0	76.0
5.7177876E13	2562.0	79.0
5.7177885E13	2562.0	80.0
5.7177893E13	2562.0	79.0
5.7177906E13	2581.0	78.0
5.7177914E13	2581.0	78.0
5.7177927E13	2581.0	78.0
5.7177935E13	2581.0	76.0
5.7177943E13	2595.0	75.0
5.7177956E13	2595.0	73.0
5.7177964E13	2595.0	71.0
5.7177973E13	2595.0	69.0
5.7177985E13	2603.0	67.0
5.7177994E13	2603.0	66.0
5.7178006E13	2603.0	64.0
5.7178015E13	2604.0	64.0
5.7178023E13	2604.0	65.0
5.7178036E13	2604.0	68.0
5.7178044E13	2604.0	70.0
5.7178057E13	2612.0	71.0
5.7178065E13	2612.0	72.0
5.7178073E13	2612.0	73.0
5.7178086E13	2612.0	74.0
5.7178094E13	2607.0	74.0
5.7178103E13	2607.0	75.0
5.7178115E13	2607.0	76.0
5.7178124E13	2607.0	78.0
5.7178136E13	2600.0	79.0
5.7178145E13	2600.0	79.0
5.7178153E13	2600.0	79.0
5.7178166E13	2595.0	79.0
5.7178174E13	2595.0	79.0
5.7178187E13	2595.0	78.0
5.7178195E13	2595.0	76.0
5.7178203E13	2615.0	74.0
5.7178216E13	2615.0	72.0
5.7178224E13	2615.0	71.0
5.7178233E13	2615.0	69.0
5.7178245E13	2652.0	68.0
5.7178254E13	2652.0	68.0
5.7178266E13	2652.0	68.0
5.7178275E13	2652.0	68.0
5.7178283E13	2683.0	70.0
5.7178296E13	2683.0	72.0
5.7178304E13	2683.0	73.0
5.7178317E13	2695.0	74.0
5.7178325E13	2695.0	75.0
5.7178333E13	2695.0	75.0
5.7178346E13	2695.0	75.0
5.7178354E13	2704.0	74.0
5.7178367E13	2704.0	73.0
5.7178375E13	2704.0	72.0
5.7178384E13	2704.0	71.0
5.7178396E13	2707.0	69.0
5.7178405E13	2707.0	68.0
5.7178413E13	2707.0	68.0
5.7178426E13	2707.0	67.0
5.7178434E13	2724.0	67.0
5.7178447E13	2724.0	66.0
5.7178455E13	2724.0	66.0
5.7178463E13	2738.0	65.0
5.7178476E13	2738.0	64.0
5.7178484E13	2738.0	66.0
5.7178497E13	2738.0	68.0
5.7178505E13	2743.0	70.0
5.7178514E13	2743.0	71.0
5.7178526E13	2743.0	72.0
5.7178535E13	2743.0	73.0
5.7178543E13	2758.0	74.0
5.7178556E13	2758.0	74.0
5.7178564E13	2758.0	75.0
5.7178577E13	2769.0	77.0
5.7178585E13	2769.0	79.0
5.7178593E13	2769.0	81.0
5.7178606E13	2769.0	81.0
5.7178614E13	2760.0	81.0
5.7178627E13	2760.0	79.0
5.7178635E13	2760.0	77.0
5.7178644E13	2760.0	76.0
5.7178656E13	2735.0	76.0
5.7178665E13	2735.0	76.0
5.7178673E13	2735.0	78.0
5.7178686E13	2707.0	80.0
5.7178694E13	2707.0	80.0
5.7178707E13	2707.0	83.0
5.7178715E13	2707.0	83.0
5.7178723E13	2676.0	88.0
5.7178736E13	2676.0	88.0
5.7178744E13	2676.0	88.0
5.7178757E13	2676.0	89.0
5.7178765E13	2656.0	88.0
5.7178774E13	2656.0	84.0
5.7178786E13	2656.0	83.0
5.7178795E13	2646.0	83.0
5.7178807E13	2646.0	83.0
5.7178816E13	2646.0	83.0
5.7178824E13	2646.0	84.0
5.7178837E13	2646.0	86.0
5.7178845E13	2642.0	88.0
5.7178853E13	2642.0	88.0
5.7178866E13	2642.0	87.0
5.7178874E13	2625.0	85.0
5.7178887E13	2625.0	85.0
5.7178895E13	2625.0	84.0
5.7178904E13	2625.0	84.0
5.7178916E13	2617.0	84.0
5.7178925E13	2617.0	83.0
5.7178937E13	2617.0	81.0
5.7178946E13	2617.0	79.0
5.7178954E13	2615.0	75.0
5.7178967E13	2615.0	71.0
5.7178975E13	2615.0	69.0
5.7178983E13	2615.0	68.0
5.7178996E13	2627.0	70.0
5.7179004E13	2627.0	74.0
5.7179017E13	2627.0	74.0
5.7179025E13	2642.0	76.0
5.7179034E13	2642.0	75.0
5.7179046E13	2642.0	67.0
5.7179055E13	2654.0	66.0
5.7179067E13	2654.0	68.0
5.7179076E13	2654.0	72.0
5.7179084E13	2654.0	76.0
5.7179097E13	2667.0	78.0
5.7179105E13	2667.0	79.0
5.7179118E13	2667.0	68.0
5.7179126E13	2667.0	78.0
5.7179134E13	2673.0	78.0
5.7179147E13	2673.0	78.0
5.7179155E13	2673.0	76.0
5.7179164E13	2691.0	73.0
5.7179176E13	2691.0	71.0
5.7179185E13	2691.0	71.0
5.7179197E13	2691.0	69.0
5.7179206E13	2691.0	66.0
5.7179214E13	2713.0	64.0
5.7179227E13	2713.0	62.0
5.7179235E13	2713.0	61.0
5.7179248E13	2713.0	61.0
5.7179256E13	2730.0	64.0
5.7179265E13	2730.0	67.0
5.7179277E13	2730.0	71.0
5.7179285E13	2730.0	75.0
5.71793E13	2738.0	76.0
5.7179306E13	2738.0	78.0
5.7179315E13	2751.0	79.0
5.7179327E13	2751.0	79.0
5.7179336E13	2751.0	75.0
5.7179344E13	2751.0	79.0
5.7179357E13	2760.0	78.0
5.7179365E13	2760.0	78.0
5.7179378E13	2760.0	78.0
5.7179386E13	2760.0	76.0
5.71794E13	2779.0	75.0
5.7179407E13	2779.0	74.0
5.717942E13	2779.0	73.0
5.717943E13	2779.0	73.0
5.7179436E13	2803.0	73.0
5.7179445E13	2803.0	73.0
5.7179457E13	2803.0	72.0
5.7179466E13	2828.0	72.0
5.7179474E13	2828.0	73.0
5.7179487E13	2828.0	74.0
5.7179495E13	2828.0	74.0
5.7179508E13	2845.0	75.0
5.7179516E13	2845.0	75.0
5.7179525E13	2845.0	75.0
5.7179537E13	2845.0	75.0
5.7179546E13	2853.0	75.0
5.717956E13	2853.0	74.0
5.7179567E13	2853.0	72.0
5.7179575E13	2853.0	69.0
5.7179587E13	2859.0	68.0
5.7179596E13	2859.0	68.0
5.7179604E13	2859.0	69.0
5.7179625E13	2869.0	67.0
5.7179617E13	2869.0	67.0
5.7179646E13	2869.0	65.0
5.7179638E13	2869.0	65.0
5.7179655E13	2880.0	65.0
5.7179667E13	2880.0	65.0
5.7179676E13	2880.0	66.0
5.7179684E13	2880.0	51.0
5.7179697E13	2880.0	51.0
5.7179705E13	2895.0	71.0
5.7179718E13	2895.0	51.0
5.717973E13	2895.0	75.0
5.717974E13	2921.0	76.0
5.7179747E13	2921.0	76.0
5.717976E13	2921.0	75.0
5.7179768E13	2921.0	76.0
5.7179776E13	2950.0	78.0
5.7179785E13	2950.0	81.0
5.7179797E13	2950.0	84.0
5.7179806E13	2950.0	85.0
5.7179822E13	2952.0	84.0
5.7179827E13	2952.0	82.0
5.717984E13	2952.0	79.0
5.7179848E13	2952.0	76.0
5.717986E13	2946.0	74.0
5.7179864E13	2946.0	73.0
5.7179877E13	2946.0	73.0
5.7179885E13	2926.0	74.0
5.7179898E13	2926.0	76.0
5.7179906E13	2926.0	50.0
5.717992E13	2926.0	50.0
5.7179927E13	2903.0	50.0
5.717994E13	2903.0	50.0
5.717995E13	2903.0	50.0
5.7179957E13	2903.0	50.0
5.7179965E13	2885.0	50.0
5.7179978E13	2885.0	83.0
5.7179986E13	2885.0	82.0
5.718E13	2885.0	81.0
5.7180007E13	2869.0	81.0
5.718002E13	2869.0	81.0
5.7180028E13	2869.0	82.0
5.7180036E13	2846.0	83.0
5.7180045E13	2846.0	85.0
5.7180057E13	2846.0	87.0
5.7180066E13	2846.0	88.0
5.718008E13	2831.0	89.0
5.7180087E13	2831.0	87.0
5.71801E13	2831.0	85.0
5.7180108E13	2831.0	83.0
5.718012E13	2823.0	82.0
5.7180137E13	2823.0	78.0
5.7180145E13	2823.0	76.0
5.7180158E13	2824.0	75.0
5.7180166E13	2824.0	74.0
5.718018E13	2824.0	72.0
5.7180187E13	2832.0	72.0
5.71802E13	2832.0	72.0
5.718021E13	2832.0	72.0
5.7180217E13	2832.0	74.0
5.7180225E13	2843.0	76.0
5.7180238E13	2843.0	73.0
5.7180246E13	2843.0	70.0
5.718026E13	2843.0	68.0
5.7180267E13	2855.0	67.0
5.718028E13	2855.0	68.0
5.718029E13	2855.0	71.0
5.71803E13	2855.0	75.0
5.7180305E13	2871.0	76.0
5.7180317E13	2871.0	76.0
5.7180326E13	2871.0	75.0
5.718034E13	2882.0	77.0
5.7180347E13	2882.0	78.0
5.718036E13	2882.0	78.0
5.7180368E13	2882.0	77.0
5.718038E13	2885.0	75.0
5.718039E13	2885.0	73.0
5.7180397E13	2885.0	70.0
5.7180405E13	2885.0	67.0
5.718042E13	2891.0	65.0
5.7180426E13	2891.0	64.0
5.718044E13	2891.0	63.0
5.7180447E13	2891.0	64.0
5.718046E13	2895.0	66.0
5.718047E13	2895.0	68.0
5.7180477E13	2895.0	71.0
5.7180485E13	2902.0	73.0
5.7180498E13	2902.0	73.0
5.7180506E13	2902.0	74.0
5.718052E13	2902.0	75.0
5.7180527E13	2898.0	76.0
5.718054E13	2898.0	76.0
5.718055E13	2898.0	79.0
5.718056E13	2898.0	81.0
5.718057E13	2894.0	80.0
5.7180577E13	2894.0	79.0
5.7180586E13	2894.0	79.0
5.71806E13	2894.0	78.0
5.7180607E13	2901.0	78.0
5.718062E13	2901.0	76.0
5.7180628E13	2923.0	74.0
5.718064E13	2923.0	74.0
5.718065E13	2923.0	73.0
5.7180657E13	2923.0	72.0
5.7180665E13	2923.0	70.0
5.718068E13	2947.0	70.0
5.7180686E13	2947.0	70.0
5.71807E13	2947.0	72.0
5.7180707E13	2947.0	74.0
5.718072E13	2964.0	75.0
5.718073E13	2964.0	76.0
5.718074E13	2964.0	78.0
5.7180745E13	2964.0	79.0
5.7180758E13	2974.0	79.0
5.7180766E13	2974.0	78.0
5.718078E13	2974.0	77.0
5.7180787E13	2981.0	76.0
5.71808E13	2981.0	74.0
5.718081E13	2981.0	74.0
5.718082E13	2981.0	73.0
5.718083E13	2996.0	73.0
5.7180837E13	2996.0	73.0
5.7180846E13	2996.0	71.0
5.718086E13	2996.0	69.0
5.7180867E13	3011.0	68.0
5.718088E13	3011.0	67.0
5.7180888E13	3011.0	67.0
5.71809E13	3014.0	67.0
5.718091E13	3014.0	68.0
5.718092E13	3014.0	72.0
5.7180925E13	3014.0	74.0
5.718094E13	3019.0	77.0
5.7180946E13	3019.0	80.0
5.718096E13	3019.0	80.0
5.7180967E13	3019.0	79.0
5.718098E13	3034.0	79.0
5.718099E13	3034.0	81.0
5.7181E13	3034.0	83.0
5.718101E13	3034.0	84.0
5.7181026E13	3046.0	84.0
5.718104E13	3046.0	81.0
5.7181047E13	3043.0	79.0
5.718106E13	3043.0	77.0
5.718107E13	3043.0	75.0
5.718108E13	3043.0	75.0
5.718109E13	3025.0	75.0
5.7181097E13	3025.0	77.0
5.7181106E13	3025.0	78.0
5.718112E13	2995.0	80.0
5.7181127E13	2995.0	80.0
5.718114E13	2995.0	81.0
5.7181148E13	2995.0	83.0
5.718116E13	2995.0	84.0
5.718117E13	2974.0	84.0
5.718118E13	2974.0	84.0
5.718119E13	2974.0	82.0
5.71812E13	2946.0	80.0
5.7181206E13	2946.0	78.0
5.718122E13	2946.0	77.0
5.7181227E13	2946.0	77.0
5.718124E13	2916.0	78.0
5.718125E13	2916.0	80.0
5.718126E13	2916.0	82.0
5.718127E13	2916.0	85.0
5.7181278E13	2883.0	86.0
5.7181286E13	2883.0	88.0
5.71813E13	2883.0	86.0
5.7181307E13	2883.0	84.0
5.718132E13	2865.0	83.0
5.718133E13	2865.0	82.0
5.718134E13	2865.0	81.0
5.718135E13	2860.0	79.0
5.718136E13	2860.0	76.0
5.7181366E13	2860.0	74.0
5.718138E13	2860.0	73.0
5.7181387E13	2864.0	72.0
5.71814E13	2864.0	70.0
5.7181408E13	2864.0	70.0
