5.7728257E13	2684.0	78.0
5.772828E13	2689.0	80.0
5.772827E13	2689.0	80.0
5.77283E13	2689.0	83.0
5.772829E13	2702.0	86.0
5.7728307E13	2702.0	86.0
5.772832E13	2702.0	86.0
5.772833E13	2702.0	85.0
5.7728337E13	2702.0	82.0
5.772835E13	2713.0	78.0
5.7728358E13	2713.0	76.0
5.772837E13	2713.0	75.0
5.772838E13	2713.0	76.0
5.7728387E13	2716.0	76.0
5.77284E13	2716.0	76.0
5.772841E13	2716.0	76.0
5.772842E13	2716.0	77.0
5.772843E13	2716.0	78.0
5.7728437E13	2719.0	80.0
5.772845E13	2719.0	84.0
5.772846E13	2719.0	87.0
5.772847E13	2714.0	88.0
5.772848E13	2714.0	86.0
5.7728488E13	2714.0	82.0
5.77285E13	2714.0	79.0
5.772851E13	2682.0	76.0
5.7728517E13	2682.0	76.0
5.772853E13	2682.0	77.0
5.772854E13	2682.0	78.0
5.772855E13	2617.0	80.0
5.772856E13	2617.0	51.0
5.7728567E13	2617.0	87.0
5.772858E13	2617.0	89.0
5.772859E13	2529.0	85.0
5.77286E13	2529.0	83.0
5.772861E13	2529.0	81.0
5.7728618E13	2441.0	80.0
5.772863E13	2441.0	77.0
5.772864E13	2441.0	75.0
5.7728647E13	2441.0	75.0
5.772866E13	2364.0	74.0
5.772867E13	2364.0	72.0
5.772868E13	2364.0	70.0
5.772869E13	2364.0	68.0
5.7728697E13	2293.0	65.0
5.772871E13	2293.0	65.0
5.772872E13	2293.0	66.0
5.772873E13	2293.0	68.0
5.772874E13	2239.0	70.0
5.7728748E13	2239.0	72.0
5.772876E13	2239.0	71.0
5.772877E13	2220.0	68.0
5.772879E13	2220.0	68.0
5.77288E13	2220.0	73.0
5.772881E13	2214.0	78.0
5.772882E13	2214.0	78.0
5.7728827E13	2214.0	76.0
5.772884E13	2214.0	76.0
5.772885E13	2213.0	75.0
5.772886E13	2213.0	74.0
5.772887E13	2213.0	73.0
5.7728878E13	2213.0	71.0
5.772889E13	2227.0	67.0
5.77289E13	2227.0	64.0
5.7728907E13	2227.0	62.0
5.772892E13	2258.0	61.0
5.772893E13	2258.0	61.0
5.772894E13	2258.0	63.0
5.772895E13	2258.0	66.0
5.7728957E13	2288.0	69.0
5.772897E13	2288.0	71.0
5.772898E13	2288.0	72.0
5.772899E13	2288.0	73.0
5.7729E13	2313.0	75.0
5.7729008E13	2313.0	78.0
5.772903E13	2313.0	81.0
5.772904E13	2352.0	80.0
5.772905E13	2352.0	79.0
5.772906E13	2352.0	78.0
5.772907E13	2406.0	76.0
5.772908E13	2406.0	76.0
5.7729087E13	2406.0	76.0
5.77291E13	2406.0	76.0
5.772911E13	2472.0	74.0
5.772912E13	2472.0	73.0
5.772913E13	2472.0	72.0
5.7729138E13	2472.0	71.0
5.772915E13	2534.0	71.0
5.772916E13	2534.0	71.0
5.772917E13	2534.0	71.0
5.772918E13	2534.0	71.0
5.772919E13	2591.0	71.0
5.77292E13	2591.0	73.0
5.772921E13	2591.0	76.0
5.772922E13	2647.0	78.0
5.772923E13	2647.0	78.0
5.772924E13	2647.0	78.0
5.772925E13	2647.0	77.0
5.772926E13	2696.0	75.0
5.7729268E13	2696.0	74.0
5.772928E13	2696.0	74.0
5.772929E13	2696.0	74.0
5.77293E13	2723.0	74.0
5.772931E13	2723.0	73.0
5.772932E13	2723.0	72.0
5.772934E13	2717.0	70.0
5.772935E13	2717.0	68.0
5.772936E13	2717.0	69.0
5.772937E13	2715.0	71.0
5.772938E13	2715.0	73.0
5.772939E13	2715.0	73.0
5.7729398E13	2715.0	75.0
5.772941E13	2717.0	77.0
5.772942E13	2717.0	79.0
5.772943E13	2717.0	80.0
5.772944E13	2717.0	81.0
5.772945E13	2728.0	82.0
5.772946E13	2728.0	83.0
5.772947E13	2728.0	84.0
5.772948E13	2728.0	84.0
5.772949E13	2742.0	85.0
5.77295E13	2742.0	85.0
5.772951E13	2742.0	84.0
5.772952E13	2749.0	82.0
5.7729528E13	2749.0	81.0
5.772954E13	2749.0	80.0
5.772955E13	2749.0	79.0
5.772956E13	2749.0	79.0
5.772957E13	2749.0	80.0
5.772958E13	2749.0	82.0
5.772959E13	2749.0	83.0
5.77296E13	2732.0	84.0
5.772961E13	2732.0	85.0
5.772962E13	2732.0	85.0
5.772963E13	2732.0	85.0
5.772964E13	2690.0	84.0
5.772965E13	2690.0	82.0
5.772966E13	2690.0	82.0
5.772967E13	2632.0	81.0
5.772968E13	2632.0	82.0
5.772969E13	2632.0	83.0
5.77297E13	2632.0	85.0
5.772971E13	2559.0	88.0
5.772972E13	2559.0	88.0
5.772973E13	2559.0	84.0
5.772974E13	2480.0	82.0
5.772975E13	2480.0	82.0
5.772976E13	2480.0	80.0
5.772977E13	2480.0	77.0
5.772978E13	2480.0	73.0
5.772979E13	2400.0	71.0
5.77298E13	2400.0	69.0
5.772981E13	2400.0	68.0
5.772982E13	2330.0	69.0
5.772983E13	2330.0	72.0
5.772984E13	2330.0	72.0
5.772985E13	2330.0	71.0
5.772986E13	2271.0	71.0
5.772987E13	2271.0	73.0
5.772988E13	2271.0	73.0
5.772989E13	2271.0	71.0
5.77299E13	2220.0	70.0
5.772991E13	2220.0	69.0
5.7729922E13	2220.0	69.0
5.772993E13	2220.0	73.0
5.772994E13	2193.0	76.0
5.772995E13	2193.0	79.0
5.772996E13	2193.0	79.0
5.772997E13	2181.0	78.0
5.772998E13	2181.0	76.0
5.772999E13	2181.0	76.0
5.773E13	2181.0	76.0
5.773001E13	2180.0	75.0
5.773002E13	2180.0	73.0
5.773003E13	2180.0	70.0
5.773004E13	2180.0	68.0
5.7730052E13	2182.0	65.0
5.773006E13	2182.0	63.0
5.773007E13	2182.0	60.0
5.773008E13	2197.0	58.0
5.773009E13	2197.0	59.0
5.7730102E13	2197.0	62.0
5.773011E13	2197.0	65.0
5.773012E13	2216.0	67.0
5.773013E13	2216.0	70.0
5.773014E13	2216.0	72.0
5.773015E13	2216.0	74.0
5.773016E13	2245.0	76.0
5.773017E13	2245.0	78.0
5.7730182E13	2245.0	79.0
5.773019E13	2245.0	79.0
5.77302E13	2292.0	79.0
5.773021E13	2292.0	78.0
5.773022E13	2292.0	78.0
5.7730232E13	2352.0	77.0
5.773024E13	2352.0	76.0
5.773025E13	2352.0	76.0
5.7730283E13	2422.0	69.0
5.773029E13	2422.0	69.0
5.77303E13	2483.0	68.0
5.7730312E13	2483.0	69.0
5.7730325E13	2483.0	69.0
5.773033E13	2483.0	70.0
5.773034E13	2483.0	71.0
5.773035E13	2531.0	71.0
5.7730363E13	2531.0	72.0
5.773037E13	2531.0	73.0
5.773038E13	2567.0	74.0
5.773039E13	2567.0	74.0
5.77304E13	2567.0	74.0
5.773041E13	2567.0	74.0
5.773042E13	2596.0	73.0
5.773043E13	2596.0	72.0
5.7730442E13	2596.0	73.0
5.773045E13	2596.0	72.0
5.773046E13	2612.0	71.0
5.773047E13	2612.0	71.0
5.773048E13	2612.0	71.0
5.7730493E13	2612.0	71.0
5.77305E13	2607.0	70.0
5.773051E13	2607.0	69.0
5.773052E13	2607.0	51.0
5.773053E13	2603.0	70.0
5.7730543E13	2603.0	72.0
5.773055E13	2603.0	75.0
5.773056E13	2603.0	78.0
5.7730572E13	2610.0	79.0
5.773058E13	2610.0	78.0
5.773059E13	2610.0	77.0
5.77306E13	2610.0	77.0
5.773061E13	2627.0	79.0
5.7730623E13	2627.0	80.0
5.773063E13	2627.0	82.0
5.773064E13	2627.0	83.0
5.773065E13	2650.0	83.0
5.773066E13	2650.0	80.0
5.7730673E13	2650.0	78.0
5.773068E13	2664.0	77.0
5.773069E13	2664.0	77.0
5.7730702E13	2664.0	78.0
5.773071E13	2664.0	77.0
5.773072E13	2662.0	77.0
5.773073E13	2662.0	78.0
5.773074E13	2662.0	80.0
5.7730753E13	2662.0	82.0
5.773076E13	2647.0	84.0
5.773077E13	2647.0	85.0
5.773078E13	2647.0	86.0
5.773079E13	2647.0	86.0
5.7730803E13	2623.0	85.0
5.773081E13	2623.0	83.0
5.773082E13	2623.0	81.0
5.7730832E13	2572.0	78.0
5.773084E13	2572.0	76.0
5.7730853E13	2572.0	75.0
5.773086E13	2572.0	77.0
5.773087E13	2500.0	80.0
5.7730883E13	2500.0	83.0
5.773089E13	2500.0	86.0
5.77309E13	2500.0	89.0
5.773091E13	2421.0	87.0
5.773092E13	2421.0	83.0
5.7730933E13	2421.0	79.0
5.773094E13	2421.0	77.0
5.773095E13	2348.0	77.0
5.7730962E13	2348.0	76.0
5.773097E13	2348.0	75.0
5.7730983E13	2292.0	72.0
5.773099E13	2292.0	70.0
5.7731E13	2292.0	67.0
5.7731013E13	2292.0	64.0
5.773102E13	2244.0	64.0
5.773103E13	2244.0	65.0
5.773104E13	2244.0	68.0
5.773105E13	2244.0	70.0
5.7731063E13	2210.0	70.0
5.773107E13	2210.0	69.0
5.773108E13	2210.0	67.0
5.7731092E13	2210.0	66.0
5.77311E13	2196.0	67.0
5.7731113E13	2196.0	71.0
5.773112E13	2196.0	74.0
5.773113E13	2195.0	77.0
5.7731143E13	2195.0	78.0
5.773115E13	2195.0	75.0
5.773116E13	2195.0	75.0
5.773117E13	2198.0	76.0
5.773118E13	2198.0	76.0
5.7731193E13	2198.0	75.0
5.77312E13	2198.0	73.0
5.773121E13	2198.0	70.0
5.7731222E13	2198.0	67.0
5.773123E13	2198.0	65.0
5.7731243E13	2198.0	63.0
5.773125E13	2205.0	61.0
5.773126E13	2205.0	59.0
5.7731273E13	2205.0	60.0
5.773128E13	2218.0	62.0
5.7731294E13	2218.0	65.0
5.77313E13	2218.0	67.0
5.773131E13	2218.0	70.0
5.7731323E13	2238.0	72.0
5.773133E13	2238.0	74.0
5.773134E13	2238.0	76.0
5.7731352E13	2238.0	78.0
5.773136E13	2279.0	79.0
5.7731373E13	2279.0	81.0
5.773138E13	2279.0	81.0
5.773139E13	2279.0	79.0
5.7731403E13	2336.0	77.0
5.773141E13	2336.0	75.0
5.7731424E13	2336.0	73.0
5.773143E13	2394.0	71.0
5.773144E13	2394.0	69.0
5.7731453E13	2394.0	68.0
5.773146E13	2394.0	67.0
5.773147E13	2453.0	66.0
5.7731482E13	2453.0	66.0
5.773149E13	2453.0	67.0
5.7731503E13	2453.0	68.0
5.773151E13	2505.0	70.0
5.773152E13	2505.0	73.0
5.7731533E13	2505.0	74.0
5.773154E13	2505.0	74.0
5.7731554E13	2553.0	75.0
5.773156E13	2553.0	76.0
5.773157E13	2553.0	76.0
5.7731583E13	2591.0	75.0
5.773159E13	2591.0	73.0
5.7731604E13	2591.0	71.0
5.7731612E13	2591.0	70.0
5.773162E13	2613.0	69.0
5.7731633E13	2613.0	69.0
5.773164E13	2613.0	70.0
5.773165E13	2613.0	71.0
5.7731663E13	2621.0	71.0
5.773167E13	2621.0	70.0
5.7731684E13	2621.0	70.0
5.7731692E13	2621.0	71.0
5.77317E13	2623.0	72.0
5.7731713E13	2623.0	74.0
5.773172E13	2623.0	75.0
5.7731734E13	2629.0	76.0
5.7731742E13	2629.0	77.0
5.773175E13	2629.0	77.0
5.7731763E13	2629.0	77.0
5.773177E13	2648.0	77.0
5.773178E13	2648.0	78.0
5.7731793E13	2648.0	80.0
5.77318E13	2648.0	81.0
5.7731814E13	2671.0	80.0
5.7731822E13	2671.0	79.0
5.773183E13	2671.0	78.0
5.7731843E13	2671.0	77.0
5.773185E13	2678.0	77.0
5.7731864E13	2678.0	75.0
5.7731872E13	2678.0	74.0
5.773188E13	2677.0	74.0
5.7731893E13	2677.0	75.0
5.77319E13	2677.0	78.0
5.773191E13	2677.0	81.0
5.7731923E13	2686.0	85.0
5.773193E13	2686.0	87.0
5.7731944E13	2686.0	88.0
5.7731952E13	2686.0	87.0
5.773196E13	2678.0	86.0
5.7731973E13	2678.0	85.0
5.773198E13	2678.0	83.0
5.7731994E13	2678.0	82.0
5.7732002E13	2644.0	81.0
5.773201E13	2644.0	82.0
5.7732023E13	2644.0	83.0
5.773203E13	2581.0	86.0
5.7732044E13	2581.0	89.0
5.7732053E13	2581.0	86.0
5.773206E13	2581.0	82.0
5.7732074E13	2501.0	80.0
5.7732082E13	2501.0	80.0
5.773209E13	2501.0	82.0
5.7732103E13	2501.0	83.0
5.773211E13	2435.0	83.0
5.7732124E13	2435.0	83.0
5.7732133E13	2435.0	81.0
5.773214E13	2435.0	78.0
5.7732153E13	2377.0	76.0
5.773216E13	2377.0	74.0
5.7732174E13	2377.0	72.0
5.7732183E13	2320.0	70.0
5.773219E13	2320.0	69.0
5.7732204E13	2320.0	71.0
5.7732212E13	2320.0	74.0
5.773222E13	2275.0	73.0
5.7732233E13	2275.0	71.0
5.773224E13	2275.0	68.0
5.7732254E13	2275.0	67.0
5.7732263E13	2246.0	68.0
5.773227E13	2246.0	71.0
5.7732283E13	2246.0	75.0
5.773229E13	2246.0	77.0
5.7732304E13	2234.0	76.0
5.7732313E13	2234.0	76.0
5.773232E13	2233.0	76.0
5.7732334E13	2233.0	74.0
5.7732342E13	2233.0	74.0
5.773235E13	2233.0	72.0
5.7732363E13	2233.0	72.0
5.773237E13	2250.0	69.0
5.7732384E13	2250.0	69.0
5.7732393E13	2250.0	58.0
5.77324E13	2250.0	58.0
5.7732414E13	2286.0	55.0
5.773242E13	2286.0	60.0
5.7732434E13	2286.0	66.0
5.7732443E13	2311.0	71.0
5.773245E13	2311.0	73.0
5.7732464E13	2311.0	73.0
5.7732472E13	2327.0	74.0
5.773248E13	2327.0	75.0
5.7732493E13	2327.0	77.0
5.77325E13	2327.0	79.0
5.7732514E13	2361.0	80.0
5.7732523E13	2361.0	80.0
5.773253E13	2361.0	80.0
5.7732544E13	2361.0	81.0
5.773255E13	2415.0	82.0
5.7732565E13	2415.0	81.0
5.7732573E13	2415.0	81.0
5.773258E13	2415.0	81.0
5.7732594E13	2415.0	80.0
5.7732602E13	2477.0	77.0
5.773261E13	2477.0	75.0
5.7732623E13	2477.0	74.0
5.773263E13	2531.0	73.0
5.7732644E13	2531.0	72.0
5.7732653E13	2531.0	72.0
5.773266E13	2531.0	71.0
5.7732674E13	2578.0	71.0
5.773268E13	2578.0	72.0
5.7732695E13	2578.0	72.0
5.7732703E13	2578.0	71.0
5.773271E13	2621.0	73.0
5.7732724E13	2621.0	74.0
5.7732732E13	2621.0	76.0
5.7732745E13	2621.0	76.0
5.7732757E13	2658.0	75.0
5.773276E13	2658.0	75.0
5.7732774E13	2658.0	76.0
5.7732783E13	2679.0	75.0
5.773279E13	2679.0	74.0
5.7732804E13	2679.0	72.0
5.773281E13	2679.0	71.0
5.7732825E13	2679.0	71.0
5.7732833E13	2679.0	70.0
5.773284E13	2679.0	69.0
5.7732854E13	2679.0	69.0
5.7732862E13	2686.0	70.0
5.7732875E13	2686.0	71.0
5.7732883E13	2686.0	73.0
5.773289E13	2686.0	74.0
5.7732904E13	2705.0	77.0
5.7732913E13	2705.0	79.0
5.773292E13	2705.0	79.0
5.7732934E13	2722.0	78.0
5.773294E13	2722.0	80.0
5.7732955E13	2722.0	83.0
5.7732963E13	2722.0	87.0
5.773297E13	2741.0	86.0
5.7732984E13	2741.0	86.0
5.7732992E13	2741.0	84.0
5.7733005E13	2741.0	81.0
5.7733013E13	2745.0	80.0
5.773302E13	2745.0	79.0
5.7733034E13	2745.0	78.0
5.7733043E13	2745.0	77.0
5.7733055E13	2741.0	78.0
5.7733064E13	2741.0	79.0
5.773307E13	2741.0	80.0
5.7733085E13	2738.0	82.0
5.7733093E13	2738.0	83.0
5.77331E13	2738.0	84.0
5.7733114E13	2738.0	86.0
5.7733122E13	2720.0	86.0
5.7733135E13	2720.0	86.0
5.7733143E13	2720.0	85.0
5.773315E13	2720.0	84.0
5.7733164E13	2673.0	84.0
5.7733173E13	2673.0	84.0
5.7733185E13	2673.0	86.0
5.7733194E13	2673.0	88.0
5.77332E13	2610.0	88.0
5.7733215E13	2610.0	84.0
5.7733223E13	2610.0	81.0
5.773323E13	2545.0	78.0
5.7733244E13	2545.0	76.0
5.7733252E13	2545.0	75.0
5.7733265E13	2545.0	73.0
5.7733273E13	2493.0	72.0
5.773328E13	2493.0	72.0
5.7733294E13	2493.0	73.0
5.7733303E13	2493.0	74.0
5.7733315E13	2448.0	75.0
5.7733324E13	2448.0	76.0
5.773333E13	2448.0	77.0
5.773335E13	2393.0	81.0
5.7733353E13	2393.0	81.0
5.7733366E13	2393.0	80.0
5.773338E13	2325.0	78.0
5.7733382E13	2325.0	75.0
5.7733395E13	2325.0	70.0
5.7733403E13	2325.0	68.0
5.773341E13	2281.0	70.0
5.7733424E13	2281.0	72.0
5.7733433E13	2281.0	76.0
5.7733445E13	2281.0	79.0
5.7733454E13	2277.0	78.0
5.7733462E13	2277.0	75.0
5.7733475E13	2277.0	73.0
5.7733483E13	2277.0	71.0
5.7733496E13	2275.0	70.0
5.7733504E13	2275.0	70.0
5.7733512E13	2283.0	67.0
5.7733525E13	2283.0	63.0
5.7733533E13	2283.0	63.0
5.773354E13	2283.0	57.0
5.7733554E13	2283.0	53.0
5.7733563E13	2296.0	53.0
5.7733575E13	2296.0	56.0
5.7733584E13	2296.0	61.0
5.7733592E13	2296.0	65.0
5.7733605E13	2309.0	68.0
5.7733613E13	2309.0	70.0
5.7733626E13	2309.0	71.0
5.7733634E13	2309.0	71.0
5.7733642E13	2317.0	72.0
5.7733655E13	2317.0	74.0
5.7733663E13	2317.0	75.0
5.7733676E13	2333.0	76.0
5.7733684E13	2333.0	77.0
5.7733693E13	2333.0	78.0
5.7733705E13	2333.0	79.0
5.7733714E13	2368.0	77.0
5.7733722E13	2368.0	76.0
5.7733735E13	2368.0	78.0
5.7733743E13	2368.0	79.0
5.7733756E13	2415.0	80.0
5.7733764E13	2415.0	78.0
5.7733772E13	2415.0	74.0
5.7733785E13	2415.0	70.0
5.7733793E13	2456.0	67.0
5.7733806E13	2456.0	67.0
5.7733814E13	2456.0	69.0
5.7733823E13	2495.0	69.0
5.7733835E13	2495.0	69.0
5.7733844E13	2495.0	68.0
5.7733852E13	2495.0	70.0
5.7733865E13	2543.0	71.0
5.7733873E13	2543.0	72.0
5.7733886E13	2543.0	72.0
5.7733894E13	2543.0	70.0
5.7733902E13	2585.0	69.0
5.7733915E13	2585.0	69.0
5.7733923E13	2585.0	71.0
5.7733936E13	2597.0	72.0
5.7733944E13	2597.0	71.0
5.7733953E13	2597.0	71.0
5.7733965E13	2597.0	63.0
5.7733974E13	2584.0	71.0
5.7733982E13	2584.0	71.0
5.7733995E13	2584.0	72.0
5.7734003E13	2584.0	73.0
5.7734016E13	2558.0	74.0
5.7734024E13	2558.0	73.0
5.7734033E13	2558.0	73.0
5.7734045E13	2558.0	74.0
5.7734053E13	2526.0	76.0
5.7734066E13	2526.0	76.0
5.7734074E13	2526.0	76.0
5.7734083E13	2526.0	75.0
5.7734095E13	2502.0	73.0
5.7734104E13	2502.0	71.0
5.7734112E13	2502.0	71.0
5.7734125E13	2502.0	71.0
5.7734133E13	2477.0	73.0
5.7734146E13	2477.0	75.0
5.7734154E13	2477.0	78.0
5.7734163E13	2477.0	80.0
5.7734175E13	2458.0	79.0
5.7734184E13	2458.0	76.0
5.7734196E13	2458.0	73.0
5.7734204E13	2458.0	71.0
5.7734213E13	2434.0	69.0
5.7734225E13	2434.0	68.0
5.7734234E13	2434.0	68.0
5.7734246E13	2411.0	70.0
5.7734255E13	2411.0	71.0
5.7734263E13	2411.0	74.0
5.7734276E13	2411.0	76.0
5.7734284E13	2403.0	79.0
5.7734293E13	2403.0	80.0
5.7734305E13	2403.0	80.0
5.7734314E13	2403.0	79.0
5.7734326E13	2398.0	78.0
5.7734335E13	2398.0	77.0
5.7734343E13	2398.0	76.0
5.7734355E13	2398.0	74.0
5.7734364E13	2396.0	75.0
5.7734372E13	2396.0	77.0
5.7734385E13	2396.0	80.0
5.7734393E13	2397.0	83.0
5.7734406E13	2397.0	82.0
5.7734414E13	2397.0	79.0
5.7734423E13	2397.0	75.0
5.7734435E13	2393.0	71.0
5.7734444E13	2393.0	71.0
5.7734456E13	2393.0	71.0
5.7734465E13	2393.0	71.0
5.7734473E13	2392.0	71.0
5.7734486E13	2392.0	72.0
5.7734494E13	2392.0	72.0
5.7734506E13	2392.0	74.0
5.7734515E13	2384.0	76.0
5.7734523E13	2384.0	75.0
5.7734536E13	2384.0	72.0
5.7734544E13	2356.0	70.0
5.7734553E13	2356.0	70.0
5.7734565E13	2356.0	71.0
5.7734574E13	2356.0	72.0
5.7734586E13	2336.0	73.0
5.7734595E13	2336.0	72.0
5.7734603E13	2336.0	70.0
5.7734616E13	2336.0	67.0
5.7734624E13	2337.0	66.0
5.7734637E13	2337.0	69.0
5.7734645E13	2337.0	72.0
5.7734653E13	2337.0	74.0
5.7734666E13	2343.0	74.0
5.7734674E13	2343.0	74.0
5.7734683E13	2343.0	73.0
5.7734695E13	2344.0	74.0
5.7734704E13	2344.0	75.0
5.7734716E13	2344.0	71.0
5.7734725E13	2344.0	67.0
5.7734733E13	2347.0	65.0
5.7734746E13	2347.0	64.0
5.7734754E13	2347.0	64.0
5.7734767E13	2347.0	66.0
5.7734775E13	2348.0	68.0
5.7734783E13	2348.0	71.0
5.7734796E13	2348.0	74.0
5.7734804E13	2348.0	76.0
5.7734817E13	2358.0	78.0
5.7734825E13	2358.0	80.0
5.7734834E13	2358.0	81.0
5.7734846E13	2389.0	82.0
5.7734855E13	2389.0	83.0
5.7734863E13	2389.0	83.0
5.7734876E13	2389.0	82.0
5.7734884E13	2439.0	81.0
5.7734897E13	2439.0	79.0
5.7734905E13	2439.0	78.0
5.7734913E13	2439.0	77.0
5.7734926E13	2495.0	76.0
5.7734934E13	2495.0	74.0
5.7734947E13	2495.0	72.0
5.7734955E13	2495.0	71.0
5.7734964E13	2554.0	70.0
5.7734976E13	2554.0	69.0
5.7734985E13	2554.0	69.0
5.7734993E13	2605.0	69.0
5.7735006E13	2605.0	69.0
5.7735014E13	2605.0	68.0
5.7735027E13	2605.0	69.0
5.7735035E13	2638.0	71.0
5.7735043E13	2638.0	71.0
5.7735056E13	2638.0	71.0
5.7735064E13	2638.0	71.0
5.7735077E13	2658.0	71.0
5.7735085E13	2658.0	72.0
5.7735094E13	2658.0	72.0
5.7735106E13	2658.0	72.0
5.7735115E13	2660.0	71.0
5.7735127E13	2660.0	71.0
5.7735136E13	2660.0	71.0
5.7735144E13	2645.0	71.0
5.7735157E13	2645.0	69.0
5.7735165E13	2645.0	66.0
5.7735173E13	2645.0	65.0
5.7735186E13	2639.0	65.0
5.7735194E13	2639.0	67.0
5.7735207E13	2639.0	70.0
5.7735215E13	2639.0	72.0
5.7735224E13	2645.0	75.0
5.7735236E13	2645.0	77.0
5.7735245E13	2645.0	78.0
5.7735257E13	2645.0	79.0
5.7735266E13	2655.0	79.0
5.7735274E13	2655.0	80.0
5.7735287E13	2655.0	80.0
5.7735295E13	2685.0	81.0
5.7735303E13	2685.0	82.0
5.7735316E13	2685.0	83.0
5.7735324E13	2685.0	82.0
5.7735337E13	2715.0	80.0
5.7735345E13	2715.0	79.0
5.7735354E13	2715.0	79.0
5.7735366E13	2715.0	79.0
5.7735375E13	2738.0	80.0
5.7735387E13	2738.0	85.0
5.7735396E13	2738.0	85.0
5.7735404E13	2738.0	87.0
5.7735417E13	2754.0	86.0
5.7735425E13	2754.0	85.0
5.7735438E13	2739.0	81.0
5.7735454E13	2739.0	81.0
5.7735467E13	2739.0	79.0
5.7735475E13	2678.0	78.0
5.7735484E13	2678.0	78.0
5.7735496E13	2678.0	77.0
5.7735505E13	2678.0	77.0
5.7735517E13	2678.0	78.0
5.7735526E13	2595.0	79.0
5.7735534E13	2595.0	80.0
5.7735547E13	2595.0	84.0
5.7735555E13	2595.0	84.0
5.7735568E13	2499.0	82.0
5.7735576E13	2499.0	80.0
5.7735584E13	2499.0	81.0
5.7735597E13	2416.0	80.0
5.7735605E13	2416.0	80.0
5.7735614E13	2416.0	79.0
5.7735626E13	2416.0	79.0
5.7735635E13	2357.0	77.0
5.7735647E13	2357.0	73.0
5.7735656E13	2357.0	71.0
5.7735664E13	2357.0	69.0
5.7735677E13	2311.0	71.0
5.7735685E13	2311.0	72.0
5.7735698E13	2311.0	73.0
5.7735706E13	2311.0	70.0
5.7735714E13	2264.0	66.0
5.7735727E13	2264.0	65.0
5.7735735E13	2264.0	68.0
5.7735744E13	2233.0	72.0
5.7735756E13	2233.0	76.0
5.7735765E13	2233.0	78.0
5.7735777E13	2233.0	78.0
5.7735786E13	2218.0	78.0
5.7735794E13	2218.0	78.0
5.7735807E13	2218.0	78.0
5.7735815E13	2218.0	78.0
5.7735828E13	2208.0	76.0
5.7735836E13	2208.0	74.0
5.7735844E13	2208.0	72.0
5.7735857E13	2208.0	70.0
5.7735865E13	2211.0	67.0
5.773588E13	2211.0	64.0
5.7735886E13	2211.0	63.0
5.7735895E13	2232.0	64.0
5.7735907E13	2232.0	66.0
5.7735916E13	2232.0	70.0
5.7735924E13	2232.0	73.0
5.7735937E13	2260.0	74.0
5.7735945E13	2260.0	76.0
5.7735958E13	2260.0	76.0
5.7735966E13	2260.0	77.0
5.7735974E13	2295.0	78.0
5.7735987E13	2295.0	79.0
5.7735995E13	2295.0	79.0
5.773601E13	2295.0	79.0
5.7736016E13	2346.0	79.0
5.7736025E13	2346.0	79.0
5.7736037E13	2346.0	78.0
5.7736046E13	2404.0	76.0
5.7736054E13	2404.0	75.0
5.7736067E13	2404.0	74.0
5.7736075E13	2404.0	72.0
5.7736088E13	2462.0	71.0
5.7736096E13	2462.0	71.0
5.7736105E13	2462.0	70.0
5.7736117E13	2462.0	70.0
5.7736125E13	2507.0	70.0
5.773614E13	2507.0	71.0
5.7736146E13	2507.0	72.0
5.7736155E13	2507.0	74.0
5.7736167E13	2547.0	76.0
5.7736176E13	2547.0	76.0
5.773619E13	2547.0	76.0
5.7736197E13	2574.0	75.0
5.7736205E13	2574.0	75.0
5.7736218E13	2574.0	76.0
5.7736226E13	2574.0	77.0
5.7736235E13	2595.0	77.0
5.7736247E13	2595.0	76.0
5.7736256E13	2595.0	75.0
5.773627E13	2595.0	74.0
5.7736276E13	2599.0	72.0
5.7736285E13	2599.0	71.0
5.7736297E13	2599.0	70.0
5.7736306E13	2599.0	69.0
5.773632E13	2600.0	69.0
5.7736327E13	2600.0	70.0
5.7736335E13	2600.0	71.0
5.7736348E13	2603.0	72.0
5.7736356E13	2603.0	75.0
5.7736365E13	2603.0	78.0
5.7736377E13	2612.0	80.0
5.7736386E13	2612.0	81.0
5.77364E13	2612.0	82.0
5.7736406E13	2612.0	83.0
5.7736415E13	2628.0	84.0
5.7736427E13	2628.0	84.0
5.7736436E13	2628.0	84.0
5.773645E13	2628.0	84.0
5.7736457E13	2640.0	83.0
5.7736465E13	2640.0	83.0
5.7736478E13	2640.0	83.0
5.7736486E13	2633.0	83.0
5.7736495E13	2633.0	85.0
5.7736507E13	2633.0	85.0
5.7736516E13	2633.0	85.0
5.773653E13	2613.0	84.0
5.7736537E13	2613.0	83.0
5.7736545E13	2613.0	82.0
5.7736557E13	2613.0	81.0
5.7736566E13	2613.0	81.0
5.773658E13	2564.0	80.0
5.7736587E13	2564.0	78.0
5.7736595E13	2564.0	76.0
5.7736608E13	2564.0	75.0
5.7736616E13	2498.0	75.0
5.773663E13	2498.0	76.0
5.7736637E13	2498.0	77.0
5.7736646E13	2418.0	80.0
5.773666E13	2418.0	83.0
5.7736667E13	2418.0	85.0
5.7736675E13	2418.0	85.0
5.7736688E13	2339.0	84.0
5.7736696E13	2339.0	82.0
5.773671E13	2339.0	79.0
5.7736717E13	2339.0	79.0
5.7736725E13	2271.0	78.0
5.7736738E13	2271.0	76.0
5.7736746E13	2271.0	75.0
5.773676E13	2271.0	75.0
5.7736767E13	2218.0	74.0
5.7736776E13	2218.0	72.0
5.773679E13	2218.0	69.0
5.7736797E13	2175.0	66.0
5.7736805E13	2175.0	66.0
5.7736818E13	2175.0	67.0
5.7736826E13	2175.0	69.0
5.773684E13	2138.0	70.0
5.7736847E13	2138.0	70.0
5.7736855E13	2138.0	68.0
5.7736868E13	2138.0	66.0
5.7736876E13	2115.0	66.0
5.773689E13	2115.0	70.0
5.7736897E13	2115.0	74.0
5.7736906E13	2115.0	79.0
5.773692E13	2108.0	83.0
5.7736927E13	2108.0	82.0
5.7736935E13	2108.0	79.0
5.7736948E13	2101.0	79.0
5.7736956E13	2101.0	79.0
5.773697E13	2101.0	78.0
5.7736977E13	2101.0	77.0
5.7736985E13	2102.0	74.0
5.7736998E13	2102.0	72.0
5.7737006E13	2102.0	69.0
5.773702E13	2102.0	66.0
5.7737027E13	2118.0	64.0
5.7737036E13	2118.0	63.0
5.773705E13	2118.0	65.0
5.7737057E13	2118.0	68.0
5.773707E13	2149.0	72.0
5.7737078E13	2149.0	74.0
5.7737086E13	2149.0	74.0
5.77371E13	2180.0	74.0
5.7737107E13	2180.0	75.0
5.7737115E13	2180.0	77.0
5.773713E13	2180.0	80.0
5.7737136E13	2216.0	80.0
5.773715E13	2216.0	79.0
5.7737157E13	2216.0	79.0
5.7737166E13	2216.0	78.0
5.773718E13	2260.0	78.0
5.7737187E13	2260.0	77.0
5.77372E13	2260.0	76.0
5.7737208E13	2260.0	74.0
5.7737216E13	2303.0	73.0
5.773723E13	2303.0	72.0
5.7737237E13	2303.0	71.0
5.7737245E13	2349.0	71.0
5.773726E13	2349.0	71.0
5.7737266E13	2349.0	72.0
5.773728E13	2349.0	73.0
5.7737287E13	2395.0	74.0
5.7737296E13	2395.0	76.0
5.773731E13	2395.0	78.0
5.7737317E13	2395.0	79.0
5.773733E13	2434.0	79.0
5.7737338E13	2434.0	78.0
5.7737346E13	2434.0	77.0
5.773736E13	2434.0	76.0
5.7737367E13	2464.0	76.0
5.7737375E13	2464.0	76.0
5.773739E13	2464.0	75.0
5.7737396E13	2478.0	75.0
5.773741E13	2478.0	74.0
5.7737417E13	2478.0	73.0
5.7737426E13	2474.0	71.0
5.773744E13	2474.0	70.0
5.7737447E13	2474.0	70.0
5.773746E13	2474.0	70.0
5.7737468E13	2472.0	73.0
5.7737476E13	2472.0	73.0
5.773749E13	2472.0	77.0
5.7737497E13	2472.0	80.0
5.773751E13	2472.0	80.0
5.773752E13	2479.0	82.0
5.7737526E13	2479.0	81.0
5.773754E13	2483.0	80.0
5.7737547E13	2483.0	80.0
5.7737556E13	2483.0	81.0
5.773757E13	2483.0	83.0
5.7737577E13	2483.0	85.0
5.773759E13	2501.0	85.0
5.7737598E13	2501.0	85.0
5.7737606E13	2501.0	84.0
5.773762E13	2501.0	82.0
5.7737627E13	2518.0	80.0
5.773764E13	2518.0	80.0
5.773765E13	2518.0	80.0
5.7737656E13	2518.0	81.0
5.773767E13	2531.0	82.0
5.7737677E13	2531.0	84.0
5.7737686E13	2531.0	85.0
5.77377E13	2539.0	86.0
5.7737707E13	2539.0	86.0
5.773772E13	2539.0	86.0
5.7737728E13	2539.0	85.0
5.7737736E13	2534.0	82.0
5.773775E13	2534.0	80.0
5.7737757E13	2534.0	80.0
5.773777E13	2534.0	78.0
5.773778E13	2509.0	76.0
5.7737786E13	2509.0	76.0
5.77378E13	2509.0	77.0
5.7737807E13	2509.0	78.0
5.773782E13	2472.0	80.0
5.773783E13	2472.0	83.0
5.7737837E13	2472.0	84.0
5.773785E13	2423.0	84.0
5.7737858E13	2423.0	80.0
5.7737866E13	2423.0	75.0
5.773788E13	2423.0	74.0
5.7737887E13	2376.0	74.0
5.77379E13	2376.0	74.0
5.773791E13	2376.0	74.0
5.7737916E13	2376.0	73.0
5.773793E13	2345.0	72.0
5.7737937E13	2345.0	71.0
5.773795E13	2345.0	69.0
5.773796E13	2345.0	69.0
5.7737967E13	2316.0	71.0
5.773798E13	2316.0	73.0
5.7737988E13	2316.0	75.0
5.7737996E13	2302.0	74.0
5.773801E13	2302.0	71.0
5.7738017E13	2302.0	68.0
5.773803E13	2302.0	68.0
5.773804E13	2311.0	73.0
5.7738046E13	2311.0	78.0
5.773806E13	2311.0	81.0
5.7738067E13	2311.0	79.0
5.773808E13	2324.0	78.0
5.773809E13	2324.0	78.0
5.7738097E13	2324.0	77.0
5.773811E13	2328.0	76.0
5.7738118E13	2328.0	74.0
5.7738126E13	2328.0	71.0
5.773814E13	2328.0	69.0
5.7738147E13	2323.0	66.0
5.773816E13	2323.0	63.0
5.773817E13	2323.0	60.0
5.7738176E13	2323.0	60.0
5.773819E13	2338.0	62.0
5.7738197E13	2338.0	65.0
5.773821E13	2338.0	68.0
5.773822E13	2338.0	70.0
5.7738227E13	2365.0	73.0
5.773824E13	2365.0	75.0
5.7738248E13	2365.0	76.0
5.773826E13	2402.0	78.0
5.773827E13	2402.0	80.0
5.7738277E13	2402.0	81.0
5.773829E13	2402.0	81.0
5.77383E13	2445.0	80.0
5.7738307E13	2445.0	79.0
5.773832E13	2445.0	78.0
5.7738327E13	2445.0	78.0
5.773834E13	2490.0	78.0
5.773835E13	2490.0	77.0
5.7738357E13	2490.0	76.0
5.773837E13	2490.0	75.0
5.7738378E13	2536.0	74.0
5.773839E13	2536.0	73.0
5.77384E13	2536.0	73.0
5.7738407E13	2578.0	73.0
5.773842E13	2578.0	73.0
5.773843E13	2578.0	73.0
5.7738437E13	2617.0	73.0
5.773845E13	2617.0	75.0
5.7738458E13	2617.0	75.0
5.773847E13	2617.0	76.0
5.773848E13	2655.0	75.0
5.7738487E13	2655.0	75.0
5.77385E13	2655.0	74.0
5.7738508E13	2655.0	75.0
5.773852E13	2689.0	75.0
5.773853E13	2689.0	75.0
5.7738537E13	2716.0	70.0
5.773855E13	2716.0	70.0
5.773856E13	2716.0	70.0
5.773857E13	2716.0	49.0
5.773858E13	2716.0	49.0
5.7738588E13	2716.0	49.0
5.77386E13	2716.0	69.0
5.773861E13	2716.0	70.0
5.7738617E13	2716.0	72.0
5.773863E13	2727.0	73.0
5.7738638E13	2727.0	74.0
5.773865E13	2727.0	77.0
5.773866E13	2727.0	79.0
5.7738667E13	2740.0	80.0
5.773868E13	2740.0	80.0
5.773869E13	2740.0	81.0
5.77387E13	2752.0	82.0
5.773871E13	2752.0	84.0
5.7738718E13	2752.0	85.0
5.773873E13	2752.0	86.0
5.773874E13	2771.0	86.0
5.773875E13	2771.0	85.0
5.773876E13	2771.0	83.0
5.7738768E13	2771.0	82.0
5.773878E13	2787.0	81.0
5.773879E13	2787.0	81.0
5.7738797E13	2787.0	81.0
5.773881E13	2787.0	81.0
5.773882E13	2803.0	82.0
5.773883E13	2803.0	83.0
5.773884E13	2803.0	84.0
5.7738848E13	2811.0	85.0
5.773886E13	2811.0	80.0
5.773889E13	2794.0	79.0
5.77389E13	2794.0	78.0
5.773891E13	2794.0	78.0
5.773892E13	2794.0	79.0
5.7738927E13	2753.0	80.0
5.773894E13	2753.0	83.0
5.773895E13	2753.0	87.0
5.773896E13	2753.0	89.0
5.773897E13	2694.0	86.0
5.7738978E13	2694.0	84.0
5.773899E13	2694.0	82.0
5.7739E13	2630.0	83.0
5.773901E13	2630.0	83.0
5.773902E13	2630.0	80.0
5.773903E13	2630.0	77.0
5.773904E13	2580.0	74.0
5.773905E13	2580.0	73.0
5.7739057E13	2580.0	72.0
5.773907E13	2580.0	71.0
5.773909E13	2535.0	69.0
5.773908E13	2535.0	70.0
5.773912E13	2505.0	73.0
5.773913E13	2505.0	74.0
5.77391E13	2505.0	74.0
5.7739108E13	2505.0	74.0
5.7739137E13	2505.0	74.0
5.773915E13	2505.0	72.0
5.773916E13	2481.0	53.0
5.773917E13	2481.0	53.0
5.773918E13	2481.0	53.0
5.7739187E13	2481.0	53.0
5.77392E13	2467.0	77.0
5.773921E13	2467.0	53.0
5.773922E13	2467.0	53.0
5.773923E13	2467.0	53.0
5.7739238E13	2460.0	77.0
5.773925E13	2460.0	53.0
5.773926E13	2460.0	53.0
5.7739267E13	2460.0	73.0
5.773928E13	2467.0	53.0
5.773929E13	2467.0	68.0
5.77393E13	2467.0	53.0
5.773931E13	2485.0	53.0
5.7739317E13	2485.0	53.0
5.773933E13	2485.0	53.0
5.773934E13	2485.0	65.0
5.773935E13	2507.0	53.0
5.773936E13	2507.0	53.0
5.7739368E13	2507.0	75.0
5.773938E13	2507.0	53.0
5.773939E13	2538.0	75.0
5.7739397E13	2538.0	52.0
5.773941E13	2538.0	52.0
5.773942E13	2538.0	52.0
5.773943E13	2583.0	79.0
5.773944E13	2583.0	79.0
5.773945E13	2583.0	80.0
5.773946E13	2637.0	81.0
5.773947E13	2637.0	80.0
5.773948E13	2637.0	80.0
5.773949E13	2637.0	77.0
5.7739498E13	2689.0	74.0
5.773951E13	2689.0	72.0
5.773952E13	2689.0	70.0
5.773953E13	2689.0	69.0
5.773954E13	2734.0	68.0
5.773955E13	2734.0	68.0
5.773956E13	2734.0	68.0
5.773957E13	2734.0	68.0
5.7739577E13	2772.0	69.0
5.773959E13	2772.0	70.0
5.77396E13	2772.0	72.0
5.773961E13	2804.0	74.0
5.773962E13	2804.0	76.0
5.7739628E13	2804.0	77.0
5.773964E13	2804.0	79.0
5.773965E13	2833.0	79.0
5.773966E13	2833.0	77.0
5.773967E13	2833.0	76.0
5.773968E13	2833.0	73.0
5.773969E13	2854.0	73.0
5.77397E13	2854.0	73.0
5.773971E13	2854.0	72.0
5.773972E13	2854.0	71.0
5.773973E13	2848.0	70.0
5.773974E13	2848.0	68.0
5.773975E13	2848.0	69.0
5.7739758E13	2848.0	70.0
5.773977E13	2848.0	72.0
5.773978E13	2848.0	73.0
5.773979E13	2848.0	76.0
5.77398E13	2857.0	78.0
5.773981E13	2857.0	78.0
5.773982E13	2857.0	78.0
5.773983E13	2857.0	79.0
5.773984E13	2872.0	80.0
5.773985E13	2872.0	82.0
5.773986E13	2872.0	83.0
5.773987E13	2872.0	83.0
5.773988E13	2891.0	84.0
5.7739888E13	2891.0	83.0
5.77399E13	2891.0	80.0
5.773991E13	2905.0	78.0
5.773992E13	2905.0	78.0
5.773994E13	2905.0	79.0
5.773995E13	2903.0	80.0
5.773996E13	2903.0	82.0
5.773997E13	2903.0	84.0
5.773998E13	2903.0	88.0
5.773999E13	2896.0	90.0
5.774001E13	2896.0	89.0
5.774003E13	2866.0	86.0
5.774004E13	2866.0	83.0
5.774005E13	2866.0	81.0
5.774007E13	2810.0	79.0
5.774008E13	2810.0	80.0
5.774009E13	2810.0	82.0
5.77401E13	2736.0	85.0
5.774011E13	2736.0	86.0
5.774012E13	2736.0	87.0
5.774013E13	2736.0	86.0
5.774014E13	2660.0	84.0
5.774015E13	2660.0	83.0
5.774016E13	2660.0	82.0
5.774017E13	2660.0	81.0
5.774018E13	2590.0	80.0
5.774019E13	2590.0	79.0
5.774021E13	2536.0	74.0
5.774022E13	2536.0	74.0
5.774023E13	2536.0	72.0
5.774024E13	2536.0	71.0
5.774025E13	2492.0	70.0
5.774026E13	2492.0	70.0
5.77403E13	2450.0	69.0
5.774031E13	2450.0	65.0
5.774032E13	2450.0	66.0
5.7740332E13	2422.0	69.0
5.774034E13	2422.0	75.0
5.774035E13	2422.0	77.0
5.774036E13	2405.0	77.0
5.774037E13	2405.0	76.0
5.774038E13	2405.0	77.0
5.774039E13	2405.0	76.0
5.77404E13	2398.0	75.0
5.774041E13	2398.0	73.0
5.774042E13	2398.0	71.0
5.774043E13	2398.0	68.0
5.774044E13	2412.0	66.0
5.774045E13	2412.0	64.0
5.7740462E13	2412.0	62.0
5.774047E13	2412.0	59.0
5.774048E13	2440.0	63.0
5.774049E13	2440.0	69.0
5.77405E13	2471.0	76.0
5.7740513E13	2471.0	76.0
5.774052E13	2471.0	76.0
5.774053E13	2471.0	77.0
5.774054E13	2471.0	77.0
5.774055E13	2516.0	78.0
5.774056E13	2516.0	78.0
5.774057E13	2516.0	79.0
5.774058E13	2576.0	79.0
5.7740592E13	2576.0	51.0
5.77406E13	2576.0	79.0
5.774061E13	2576.0	77.0
5.774062E13	2642.0	74.0
5.774063E13	2642.0	74.0
5.774064E13	2642.0	71.0
5.774065E13	2642.0	69.0
5.774066E13	2697.0	68.0
5.7740672E13	2697.0	67.0
5.774068E13	2697.0	67.0
5.774069E13	2697.0	68.0
5.77407E13	2739.0	69.0
5.774071E13	2739.0	70.0
5.7740722E13	2739.0	71.0
5.774073E13	2739.0	72.0
5.774074E13	2772.0	73.0
5.774075E13	2772.0	75.0
5.774076E13	2772.0	76.0
5.7740773E13	2772.0	77.0
5.774078E13	2803.0	77.0
5.774079E13	2803.0	76.0
5.7740802E13	2803.0	75.0
5.774081E13	2830.0	74.0
5.774082E13	2830.0	74.0
5.774083E13	2830.0	73.0
5.774084E13	2830.0	72.0
5.7740852E13	2837.0	71.0
5.774086E13	2837.0	70.0
5.774087E13	2837.0	70.0
5.774088E13	2837.0	69.0
5.774089E13	2837.0	70.0
5.7740903E13	2837.0	71.0
5.774091E13	2837.0	72.0
5.774092E13	2837.0	73.0
5.7740932E13	2834.0	73.0
5.774094E13	2834.0	74.0
5.774095E13	2834.0	76.0
5.774096E13	2839.0	77.0
5.774097E13	2839.0	78.0
5.7740982E13	2839.0	79.0
5.774099E13	2839.0	82.0
5.7741E13	2844.0	86.0
5.774101E13	2844.0	88.0
5.774102E13	2844.0	88.0
5.7741033E13	2844.0	86.0
5.774104E13	2843.0	85.0
5.774105E13	2843.0	82.0
5.7741062E13	2843.0	80.0
5.774107E13	2843.0	79.0
5.774108E13	2835.0	79.0
5.774109E13	2835.0	79.0
5.77411E13	2835.0	79.0
5.7741113E13	2824.0	80.0
5.774112E13	2824.0	82.0
5.774113E13	2824.0	84.0
5.774114E13	2824.0	86.0
5.774115E13	2797.0	86.0
5.7741163E13	2797.0	86.0
5.774117E13	2797.0	86.0
5.774118E13	2797.0	84.0
5.7741192E13	2750.0	82.0
5.77412E13	2750.0	81.0
5.7741213E13	2750.0	80.0
5.774122E13	2750.0	79.0
5.774123E13	2675.0	80.0
5.7741243E13	2675.0	82.0
5.774125E13	2675.0	84.0
5.774126E13	2588.0	87.0
5.774127E13	2588.0	87.0
5.774128E13	2588.0	87.0
5.7741293E13	2588.0	85.0
5.77413E13	2516.0	83.0
5.774131E13	2516.0	82.0
5.7741322E13	2516.0	79.0
5.774133E13	2516.0	77.0
5.7741343E13	2453.0	74.0
5.774135E13	2453.0	74.0
5.774136E13	2453.0	73.0
5.7741373E13	2453.0	72.0
5.774138E13	2404.0	72.0
5.774139E13	2404.0	74.0
5.77414E13	2404.0	76.0
5.774141E13	2365.0	77.0
5.7741423E13	2365.0	77.0
5.774143E13	2365.0	75.0
5.774144E13	2365.0	71.0
5.7741452E13	2338.0	68.0
5.774146E13	2338.0	68.0
5.7741473E13	2338.0	70.0
5.774148E13	2338.0	73.0
5.774149E13	2333.0	79.0
5.7741503E13	2333.0	78.0
5.774151E13	2333.0	48.0
5.7741524E13	2329.0	77.0
5.774153E13	2329.0	76.0
5.774154E13	2329.0	75.0
5.7741553E13	2336.0	74.0
5.774156E13	2336.0	74.0
5.774157E13	2336.0	68.0
5.7741582E13	2336.0	68.0
5.774159E13	2336.0	65.0
5.7741603E13	2365.0	62.0
5.774161E13	2365.0	64.0
5.774162E13	2365.0	67.0
5.7741633E13	2403.0	72.0
5.774164E13	2403.0	72.0
5.7741654E13	2403.0	75.0
5.774166E13	2403.0	75.0
5.774167E13	2403.0	75.0
5.7741683E13	2439.0	76.0
5.774169E13	2439.0	77.0
5.77417E13	2439.0	78.0
5.7741712E13	2482.0	79.0
5.774172E13	2482.0	80.0
5.7741733E13	2482.0	81.0
5.774174E13	2482.0	80.0
5.774175E13	2538.0	80.0
5.7741763E13	2538.0	79.0
5.774177E13	2538.0	78.0
5.7741784E13	2538.0	77.0
5.774179E13	2596.0	75.0
5.77418E13	2596.0	74.0
5.7741813E13	2596.0	73.0
5.774182E13	2596.0	72.0
5.7741834E13	2651.0	72.0
5.7741842E13	2651.0	71.0
5.774185E13	2651.0	71.0
5.7741863E13	2697.0	72.0
5.774187E13	2697.0	73.0
5.774188E13	2697.0	73.0
5.7741893E13	2697.0	75.0
5.77419E13	2735.0	76.0
5.7741914E13	2735.0	76.0
5.774192E13	2735.0	77.0
5.774193E13	2735.0	78.0
5.7741943E13	2762.0	76.0
5.774195E13	2762.0	75.0
5.7741964E13	2762.0	74.0
5.7741972E13	2762.0	75.0
5.774198E13	2774.0	75.0
5.7741993E13	2774.0	74.0
5.7742E13	2774.0	73.0
5.774201E13	2773.0	73.0
5.7742023E13	2773.0	72.0
5.774203E13	2773.0	70.0
5.7742044E13	2773.0	68.0
5.774205E13	2761.0	66.0
5.774206E13	2761.0	67.0
5.7742073E13	2761.0	69.0
5.774208E13	2761.0	71.0
5.774209E13	2755.0	73.0
5.7742102E13	2755.0	75.0
5.774211E13	2755.0	78.0
5.7742123E13	2754.0	81.0
5.774213E13	2754.0	80.0
5.774214E13	2754.0	80.0
5.7742153E13	2754.0	82.0
5.774216E13	2759.0	85.0
5.7742174E13	2759.0	86.0
5.774218E13	2759.0	85.0
5.774219E13	2759.0	84.0
5.7742203E13	2767.0	82.0
5.774221E13	2767.0	81.0
5.7742224E13	2767.0	80.0
5.7742232E13	2767.0	81.0
5.774224E13	2756.0	81.0
5.7742253E13	2756.0	82.0
5.774226E13	2756.0	82.0
5.774227E13	2744.0	82.0
5.7742283E13	2744.0	83.0
5.774229E13	2744.0	82.0
5.7742304E13	2744.0	82.0
5.774231E13	2728.0	82.0
5.774232E13	2728.0	80.0
5.7742333E13	2728.0	79.0
5.774234E13	2728.0	78.0
5.7742354E13	2688.0	77.0
5.7742367E13	2688.0	78.0
5.774237E13	2688.0	79.0
5.7742383E13	2688.0	81.0
5.774239E13	2636.0	84.0
5.77424E13	2636.0	87.0
5.7742413E13	2636.0	89.0
5.774242E13	2576.0	85.0
5.7742434E13	2576.0	81.0
5.7742442E13	2576.0	79.0
5.774245E13	2576.0	77.0
5.7742463E13	2515.0	75.0
5.774247E13	2515.0	75.0
5.7742484E13	2515.0	74.0
5.7742492E13	2515.0	73.0
5.774251E13	2467.0	72.0
5.7742513E13	2467.0	71.0
5.774252E13	2467.0	71.0
5.7742534E13	2429.0	69.0
5.7742543E13	2429.0	70.0
5.774255E13	2429.0	72.0
5.7742564E13	2389.0	75.0
5.7742572E13	2389.0	75.0
5.774258E13	2389.0	74.0
5.7742593E13	2389.0	71.0
5.77426E13	2389.0	71.0
5.7742614E13	2356.0	69.0
5.7742622E13	2356.0	69.0
5.774263E13	2356.0	69.0
5.7742643E13	2356.0	72.0
5.774265E13	2346.0	75.0
5.7742664E13	2346.0	77.0
5.7742673E13	2346.0	76.0
5.774268E13	2346.0	76.0
5.7742694E13	2344.0	76.0
5.7742702E13	2344.0	75.0
5.7742715E13	2344.0	75.0
5.7742723E13	2349.0	73.0
5.774273E13	2349.0	71.0
5.7742744E13	2349.0	69.0
5.7742752E13	2349.0	68.0
5.774276E13	2370.0	67.0
5.7742773E13	2370.0	65.0
5.774278E13	2370.0	64.0
5.7742794E13	2370.0	64.0
5.7742803E13	2391.0	66.0
5.774281E13	2391.0	68.0
5.7742824E13	2391.0	71.0
5.7742832E13	2391.0	73.0
5.774284E13	2415.0	75.0
5.7742853E13	2415.0	76.0
5.774286E13	2415.0	78.0
5.7742874E13	2463.0	80.0
5.7742887E13	2463.0	81.0
5.774289E13	2463.0	82.0
5.7742903E13	2521.0	81.0
5.774291E13	2521.0	81.0
5.7742924E13	2521.0	80.0
5.7742933E13	2521.0	79.0
5.774294E13	2583.0	76.0
5.7742954E13	2583.0	74.0
5.7742962E13	2583.0	74.0
5.7742975E13	2583.0	72.0
5.7742983E13	2583.0	71.0
5.7742996E13	2634.0	70.0
5.7743004E13	2634.0	70.0
5.7743013E13	2634.0	70.0
5.774302E13	2679.0	71.0
5.7743033E13	2679.0	72.0
5.774304E13	2679.0	73.0
5.7743054E13	2679.0	74.0
5.7743063E13	2713.0	75.0
5.774307E13	2713.0	76.0
5.7743084E13	2713.0	76.0
5.7743092E13	2713.0	75.0
5.7743105E13	2738.0	76.0
5.7743113E13	2738.0	76.0
5.774312E13	2738.0	75.0
5.7743134E13	2738.0	74.0
5.7743143E13	2754.0	75.0
5.774315E13	2754.0	76.0
5.7743164E13	2754.0	76.0
5.774317E13	2757.0	75.0
5.7743184E13	2757.0	72.0
5.7743193E13	2757.0	69.0
5.77432E13	2755.0	69.0
5.7743214E13	2755.0	70.0
5.7743222E13	2755.0	72.0
5.7743235E13	2755.0	72.0
5.7743243E13	2756.0	76.0
5.774325E13	2756.0	78.0
5.7743264E13	2756.0	79.0
5.7743273E13	2756.0	79.0
5.774328E13	2756.0	79.0
5.7743294E13	2758.0	79.0
5.77433E13	2758.0	80.0
5.7743315E13	2758.0	81.0
5.7743323E13	2769.0	83.0
5.774333E13	2769.0	84.0
5.7743344E13	2769.0	84.0
5.7743365E13	2770.0	84.0
5.7743373E13	2770.0	83.0
5.774338E13	2770.0	82.0
5.7743394E13	2770.0	83.0
5.7743403E13	2775.0	83.0
5.7743415E13	2775.0	85.0
5.7743424E13	2775.0	86.0
5.774343E13	2770.0	88.0
5.7743445E13	2770.0	88.0
5.7743453E13	2770.0	88.0
5.774346E13	2770.0	88.0
5.7743474E13	2758.0	87.0
5.7743482E13	2758.0	85.0
5.7743495E13	2758.0	84.0
5.7743503E13	2758.0	82.0
5.774351E13	2727.0	81.0
5.7743524E13	2727.0	79.0
5.7743533E13	2727.0	80.0
5.7743545E13	2727.0	80.0
5.7743554E13	2673.0	81.0
5.774356E13	2673.0	83.0
5.7743575E13	2673.0	86.0
5.7743583E13	2673.0	86.0
5.774359E13	2611.0	88.0
5.7743604E13	2611.0	87.0
5.7743612E13	2611.0	85.0
5.7743625E13	2521.0	84.0
5.7743633E13	2521.0	81.0
5.774364E13	2521.0	80.0
5.7743654E13	2521.0	78.0
5.7743663E13	2443.0	77.0
5.7743675E13	2443.0	75.0
5.7743684E13	2443.0	73.0
5.774369E13	2443.0	72.0
5.7743705E13	2386.0	70.0
5.7743713E13	2386.0	67.0
5.774372E13	2386.0	69.0
5.7743734E13	2386.0	72.0
5.7743742E13	2339.0	74.0
5.7743755E13	2339.0	74.0
5.7743763E13	2339.0	73.0
5.774377E13	2309.0	71.0
5.7743784E13	2309.0	69.0
5.7743793E13	2309.0	71.0
5.7743805E13	2309.0	74.0
5.7743814E13	2296.0	83.0
5.774382E13	2296.0	84.0
5.7743835E13	2296.0	81.0
5.7743843E13	2296.0	80.0
5.774385E13	2289.0	79.0
5.7743864E13	2289.0	78.0
5.7743872E13	2289.0	77.0
5.7743885E13	2289.0	75.0
5.7743893E13	2293.0	72.0
5.77439E13	2293.0	69.0
5.7743914E13	2293.0	66.0
5.7743923E13	2314.0	64.0
5.7743935E13	2314.0	63.0
5.7743944E13	2314.0	64.0
5.774395E13	2314.0	67.0
5.7743965E13	2345.0	71.0
5.7743973E13	2345.0	74.0
5.7743986E13	2345.0	75.0
5.7743994E13	2345.0	74.0
5.7744002E13	2377.0	74.0
5.7744015E13	2377.0	75.0
5.7744023E13	2377.0	76.0
5.774403E13	2377.0	78.0
5.7744044E13	2414.0	79.0
5.7744053E13	2414.0	80.0
5.7744065E13	2414.0	80.0
5.7744074E13	2457.0	78.0
5.774408E13	2457.0	77.0
5.7744095E13	2457.0	76.0
5.7744103E13	2457.0	75.0
5.7744116E13	2498.0	74.0
5.7744124E13	2498.0	72.0
5.7744132E13	2498.0	72.0
5.7744145E13	2498.0	71.0
5.7744153E13	2538.0	71.0
5.774416E13	2538.0	71.0
5.7744174E13	2538.0	71.0
5.7744183E13	2538.0	72.0
5.7744195E13	2576.0	72.0
5.7744204E13	2576.0	74.0
5.7744212E13	2576.0	75.0
5.7744225E13	2608.0	76.0
5.7744233E13	2608.0	76.0
5.7744246E13	2608.0	76.0
5.7744254E13	2608.0	78.0
5.7744262E13	2644.0	79.0
5.7744275E13	2644.0	78.0
5.7744283E13	2644.0	76.0
5.774429E13	2644.0	73.0
5.7744304E13	2669.0	71.0
5.7744313E13	2669.0	70.0
5.7744325E13	2669.0	71.0
5.7744334E13	2669.0	71.0
5.7744342E13	2679.0	71.0
5.7744355E13	2679.0	70.0
5.7744363E13	2679.0	69.0
5.7744376E13	2678.0	68.0
5.7744384E13	2678.0	69.0
5.7744392E13	2678.0	71.0
5.7744405E13	2678.0	73.0
5.7744413E13	2686.0	74.0
5.7744426E13	2686.0	76.0
5.7744434E13	2686.0	79.0
5.7744443E13	2686.0	80.0
5.7744455E13	2686.0	80.0
5.7744464E13	2686.0	80.0
5.7744472E13	2686.0	82.0
5.7744485E13	2697.0	85.0
5.7744493E13	2697.0	85.0
5.7744506E13	2697.0	85.0
5.7744514E13	2697.0	86.0
5.7744522E13	2707.0	86.0
5.7744535E13	2707.0	85.0
5.7744543E13	2707.0	84.0
5.7744556E13	2707.0	83.0
5.7744564E13	2710.0	83.0
5.7744573E13	2710.0	83.0
5.7744585E13	2710.0	83.0
5.7744594E13	2710.0	83.0
5.7744602E13	2704.0	84.0
5.7744615E13	2704.0	85.0
5.7744623E13	2704.0	86.0
5.7744636E13	2704.0	86.0
5.7744644E13	2685.0	84.0
5.7744653E13	2685.0	82.0
5.7744665E13	2685.0	80.0
5.7744673E13	2641.0	78.0
5.7744686E13	2641.0	77.0
5.7744694E13	2641.0	77.0
5.7744703E13	2641.0	78.0
5.7744715E13	2579.0	79.0
5.7744724E13	2579.0	80.0
5.7744732E13	2579.0	81.0
5.7744745E13	2579.0	84.0
5.7744753E13	2499.0	87.0
5.7744766E13	2499.0	85.0
5.7744774E13	2499.0	85.0
5.7744783E13	2499.0	80.0
5.7744795E13	2409.0	74.0
5.7744803E13	2409.0	73.0
5.7744816E13	2409.0	75.0
5.7744824E13	2338.0	77.0
5.7744833E13	2338.0	78.0
5.7744845E13	2338.0	78.0
5.7744854E13	2338.0	75.0
5.7744866E13	2285.0	73.0
5.7744875E13	2285.0	72.0
5.7744883E13	2285.0	72.0
5.7744896E13	2285.0	72.0
5.7744904E13	2236.0	72.0
5.7744913E13	2236.0	71.0
5.7744925E13	2236.0	69.0
5.7744934E13	2236.0	67.0
5.7744946E13	2204.0	67.0
5.7744954E13	2204.0	68.0
5.7744967E13	2204.0	71.0
5.7744975E13	2192.0	76.0
5.7744984E13	2192.0	79.0
5.7744996E13	2192.0	79.0
5.7745005E13	2192.0	77.0
5.7745013E13	2187.0	77.0
5.7745026E13	2187.0	76.0
5.7745034E13	2187.0	74.0
5.7745043E13	2187.0	73.0
5.7745055E13	2189.0	72.0
5.7745064E13	2189.0	69.0
5.7745076E13	2189.0	65.0
5.7745085E13	2189.0	61.0
5.7745093E13	2203.0	57.0
5.7745105E13	2203.0	55.0
5.7745114E13	2203.0	58.0
5.7745126E13	2223.0	64.0
5.7745135E13	2223.0	71.0
5.7745143E13	2223.0	76.0
5.7745156E13	2223.0	77.0
5.7745164E13	2253.0	76.0
5.7745177E13	2253.0	76.0
5.7745185E13	2253.0	77.0
5.7745194E13	2253.0	79.0
5.7745206E13	2300.0	79.0
5.7745215E13	2300.0	79.0
5.7745227E13	2300.0	81.0
5.7745236E13	2300.0	81.0
5.7745244E13	2359.0	82.0
5.7745256E13	2359.0	80.0
5.7745265E13	2359.0	78.0
5.7745273E13	2416.0	76.0
5.7745286E13	2416.0	74.0
5.7745294E13	2416.0	72.0
5.7745307E13	2416.0	70.0
5.7745315E13	2468.0	70.0
5.7745324E13	2468.0	69.0
5.7745336E13	2468.0	69.0
5.7745345E13	2468.0	69.0
5.7745357E13	2513.0	70.0
5.7745366E13	2513.0	71.0
5.7745374E13	2513.0	72.0
5.7745387E13	2513.0	74.0
5.7745395E13	2549.0	75.0
5.7745403E13	2549.0	77.0
5.7745416E13	2577.0	80.0
5.7745424E13	2577.0	80.0
5.7745437E13	2577.0	81.0
5.7745445E13	2577.0	75.0
5.7745454E13	2594.0	74.0
5.7745466E13	2594.0	75.0
5.7745475E13	2594.0	76.0
5.7745487E13	2594.0	76.0
5.7745496E13	2594.0	75.0
5.7745504E13	2599.0	72.0
5.7745517E13	2599.0	68.0
5.774553E13	2595.0	69.0
5.7745533E13	2595.0	70.0
5.7745546E13	2595.0	72.0
5.774556E13	2595.0	73.0
5.7745567E13	2597.0	76.0
5.7745575E13	2597.0	80.0
5.7745584E13	2597.0	82.0
5.7745596E13	2597.0	82.0
5.7745605E13	2595.0	81.0
5.7745617E13	2595.0	81.0
5.7745626E13	2595.0	81.0
5.7745634E13	2595.0	83.0
5.7745647E13	2595.0	84.0
5.7745655E13	2595.0	85.0
5.7745663E13	2595.0	85.0
5.7745676E13	2595.0	84.0
5.7745684E13	2591.0	82.0
5.7745697E13	2591.0	81.0
5.7745705E13	2591.0	80.0
5.7745714E13	2591.0	79.0
5.7745726E13	2580.0	79.0
5.7745735E13	2580.0	79.0
5.7745747E13	2580.0	78.0
5.7745756E13	2580.0	79.0
5.7745764E13	2566.0	80.0
5.7745777E13	2566.0	81.0
5.7745785E13	2566.0	82.0
5.7745798E13	2566.0	82.0
5.7745806E13	2544.0	81.0
5.774582E13	2544.0	80.0
5.7745827E13	2544.0	78.0
5.7745835E13	2507.0	77.0
5.7745844E13	2507.0	76.0
5.7745856E13	2507.0	76.0
5.7745865E13	2507.0	78.0
5.7745877E13	2445.0	80.0
5.7745886E13	2445.0	83.0
5.7745894E13	2445.0	86.0
5.7745907E13	2445.0	83.0
5.7745915E13	2376.0	79.0
5.7745928E13	2376.0	77.0
5.7745936E13	2376.0	75.0
5.7745944E13	2376.0	75.0
5.7745957E13	2318.0	76.0
5.7745965E13	2318.0	74.0
5.7745974E13	2318.0	72.0
5.7745986E13	2275.0	72.0
5.7745995E13	2275.0	72.0
5.7746007E13	2275.0	71.0
5.7746016E13	2275.0	70.0
5.7746024E13	2241.0	70.0
5.7746037E13	2241.0	71.0
5.7746045E13	2241.0	72.0
5.7746058E13	2241.0	73.0
5.7746066E13	2211.0	73.0
5.7746074E13	2211.0	74.0
5.7746087E13	2211.0	74.0
5.7746095E13	2211.0	72.0
5.774611E13	2188.0	68.0
5.7746116E13	2188.0	68.0
5.7746125E13	2188.0	71.0
5.7746137E13	2178.0	75.0
5.7746146E13	2178.0	77.0
5.7746154E13	2178.0	76.0
5.7746167E13	2178.0	76.0
5.7746175E13	2175.0	75.0
5.7746188E13	2175.0	75.0
5.7746196E13	2175.0	74.0
5.7746204E13	2175.0	73.0
5.7746217E13	2182.0	70.0
5.7746225E13	2182.0	67.0
5.774624E13	2182.0	65.0
5.7746246E13	2182.0	63.0
5.7746255E13	2204.0	60.0
5.7746267E13	2204.0	60.0
5.7746276E13	2204.0	67.0
5.774629E13	2225.0	70.0
5.7746297E13	2225.0	73.0
5.7746305E13	2225.0	74.0
5.7746318E13	2225.0	75.0
5.7746326E13	2250.0	75.0
5.7746334E13	2250.0	77.0
5.7746347E13	2250.0	80.0
5.7746355E13	2250.0	81.0
5.774637E13	2289.0	82.0
5.7746376E13	2289.0	82.0
5.7746385E13	2289.0	83.0
5.7746397E13	2289.0	82.0
5.7746406E13	2336.0	81.0
5.7746414E13	2336.0	80.0
5.7746427E13	2336.0	78.0
5.7746435E13	2382.0	76.0
5.7746448E13	2382.0	74.0
5.7746456E13	2382.0	70.0
5.7746464E13	2429.0	69.0
5.7746477E13	2429.0	68.0
5.7746485E13	2429.0	68.0
5.77465E13	2429.0	69.0
5.7746506E13	2429.0	69.0
5.7746515E13	2469.0	71.0
5.7746527E13	2469.0	72.0
5.7746536E13	2469.0	74.0
5.774655E13	2469.0	74.0
5.7746557E13	2504.0	74.0
5.7746565E13	2504.0	75.0
5.7746578E13	2535.0	75.0
5.7746586E13	2535.0	75.0
5.7746594E13	2535.0	75.0
5.7746607E13	2535.0	75.0
5.7746615E13	2535.0	74.0
5.774663E13	2555.0	74.0
5.7746636E13	2555.0	74.0
5.7746645E13	2555.0	75.0
5.7746657E13	2555.0	74.0
5.7746666E13	2558.0	72.0
5.774668E13	2558.0	71.0
5.7746687E13	2558.0	71.0
5.7746695E13	2558.0	72.0
5.7746708E13	2562.0	73.0
5.7746716E13	2562.0	73.0
5.7746724E13	2562.0	75.0
5.7746737E13	2568.0	77.0
5.7746745E13	2568.0	79.0
5.774676E13	2568.0	80.0
5.7746766E13	2568.0	80.0
5.7746775E13	2576.0	80.0
5.7746787E13	2576.0	82.0
5.7746796E13	2576.0	84.0
5.774681E13	2576.0	86.0
5.7746817E13	2583.0	87.0
5.7746825E13	2583.0	87.0
5.7746838E13	2583.0	86.0
5.7746846E13	2583.0	85.0
5.774686E13	2584.0	84.0
5.7746867E13	2584.0	82.0
5.7746875E13	2584.0	81.0
5.774689E13	2576.0	80.0
5.7746896E13	2576.0	81.0
5.7746905E13	2576.0	82.0
5.7746917E13	2576.0	84.0
5.7746926E13	2569.0	86.0
5.774694E13	2569.0	87.0
5.7746947E13	2569.0	86.0
5.7746955E13	2569.0	85.0
5.7746968E13	2555.0	85.0
5.7746976E13	2555.0	84.0
5.774699E13	2555.0	82.0
5.7746997E13	2555.0	81.0
5.7747006E13	2524.0	80.0
5.774702E13	2524.0	81.0
5.7747026E13	2524.0	83.0
5.774704E13	2485.0	85.0
5.7747047E13	2485.0	88.0
5.7747056E13	2485.0	89.0
5.774707E13	2485.0	86.0
5.7747077E13	2434.0	84.0
5.7747085E13	2434.0	82.0
5.7747098E13	2434.0	80.0
5.7747106E13	2434.0	78.0
5.774712E13	2384.0	77.0
5.7747127E13	2384.0	76.0
5.7747136E13	2384.0	75.0
5.774715E13	2384.0	72.0
5.7747157E13	2336.0	70.0
5.7747165E13	2336.0	68.0
5.7747177E13	2336.0	68.0
5.7747186E13	2293.0	70.0
5.77472E13	2293.0	73.0
5.7747207E13	2293.0	74.0
5.7747215E13	2293.0	72.0
5.7747228E13	2261.0	69.0
5.7747236E13	2261.0	65.0
5.774725E13	2261.0	62.0
5.7747257E13	2261.0	62.0
5.7747266E13	2249.0	67.0
5.774728E13	2249.0	73.0
5.7747287E13	2249.0	76.0
5.77473E13	2249.0	76.0
5.7747307E13	2245.0	76.0
5.7747316E13	2245.0	77.0
5.774733E13	2245.0	77.0
5.7747337E13	2251.0	76.0
5.7747345E13	2251.0	74.0
5.7747358E13	2251.0	71.0
5.7747366E13	2251.0	68.0
5.774738E13	2266.0	65.0
5.7747387E13	2266.0	63.0
5.7747396E13	2266.0	61.0
5.774741E13	2266.0	61.0
5.7747417E13	2289.0	62.0
5.774743E13	2289.0	66.0
5.7747438E13	2289.0	70.0
5.7747446E13	2289.0	73.0
5.774746E13	2308.0	76.0
5.7747467E13	2308.0	77.0
5.7747475E13	2329.0	78.0
5.7747488E13	2329.0	79.0
5.7747496E13	2329.0	79.0
5.774751E13	2329.0	80.0
5.774752E13	2365.0	80.0
5.7747526E13	2365.0	60.0
5.774754E13	2365.0	79.0
5.7747547E13	2365.0	79.0
5.774756E13	2402.0	78.0
5.7747568E13	2402.0	77.0
5.7747576E13	2402.0	75.0
5.774759E13	2402.0	73.0
5.7747597E13	2440.0	59.0
5.7747605E13	2440.0	70.0
5.7747618E13	2440.0	70.0
5.7747626E13	2477.0	69.0
5.774764E13	2477.0	69.0
5.7747647E13	2477.0	69.0
5.7747656E13	2477.0	69.0
5.774767E13	2477.0	70.0
5.7747677E13	2511.0	70.0
5.774769E13	2511.0	72.0
5.7747698E13	2511.0	73.0
5.7747706E13	2511.0	74.0
5.774772E13	2539.0	75.0
5.7747727E13	2539.0	75.0
5.774774E13	2539.0	75.0
5.7747748E13	2539.0	75.0
5.7747756E13	2558.0	73.0
5.774777E13	2558.0	71.0
5.7747777E13	2558.0	70.0
5.7747786E13	2570.0	69.0
5.77478E13	2570.0	67.0
5.7747807E13	2570.0	66.0
5.774782E13	2570.0	66.0
5.7747828E13	2576.0	66.0
5.7747836E13	2576.0	68.0
5.774785E13	2576.0	71.0
5.7747857E13	2576.0	73.0
5.774787E13	2587.0	74.0
5.774788E13	2587.0	76.0
5.7747886E13	2587.0	79.0
5.77479E13	2587.0	80.0
5.7747907E13	2592.0	81.0
5.774792E13	2592.0	81.0
5.774793E13	2603.0	81.0
5.7747937E13	2603.0	82.0
5.774795E13	2603.0	83.0
5.7747958E13	2603.0	83.0
5.7747966E13	2614.0	82.0
5.774798E13	2614.0	81.0
5.7747987E13	2614.0	80.0
5.7748E13	2614.0	79.0
5.774801E13	2620.0	79.0
5.7748016E13	2620.0	79.0
5.774803E13	2620.0	80.0
5.7748037E13	2620.0	79.0
5.7748046E13	2628.0	78.0
5.774806E13	2628.0	77.0
5.7748067E13	2628.0	76.0
5.774808E13	2628.0	76.0
5.7748088E13	2627.0	75.0
5.7748096E13	2627.0	74.0
5.774811E13	2627.0	74.0
5.7748117E13	2627.0	74.0
5.774813E13	2597.0	75.0
5.774814E13	2597.0	79.0
5.7748146E13	2597.0	83.0
5.774816E13	2597.0	86.0
5.7748167E13	2549.0	89.0
5.7748176E13	2549.0	87.0
5.774819E13	2549.0	83.0
5.7748197E13	2549.0	81.0
5.774821E13	2488.0	82.0
5.7748218E13	2488.0	81.0
5.7748226E13	2488.0	79.0
5.774824E13	2438.0	78.0
5.7748247E13	2438.0	76.0
5.774826E13	2438.0	74.0
5.774827E13	2438.0	73.0
5.7748276E13	2396.0	72.0
5.774829E13	2396.0	72.0
5.7748297E13	2396.0	72.0
5.7748306E13	2396.0	73.0
5.774832E13	2360.0	74.0
5.7748327E13	2360.0	75.0
5.774834E13	2360.0	76.0
5.7748348E13	2360.0	76.0
5.7748356E13	2327.0	75.0
5.774837E13	2327.0	73.0
5.7748377E13	2327.0	72.0
5.774839E13	2301.0	72.0
5.77484E13	2301.0	73.0
5.7748406E13	2301.0	77.0
5.774842E13	2301.0	81.0
5.7748427E13	2284.0	80.0
5.774844E13	2284.0	77.0
5.774845E13	2284.0	76.0
5.7748457E13	2284.0	76.0
5.774847E13	2270.0	76.0
5.7748478E13	2270.0	75.0
5.7748486E13	2270.0	73.0
5.77485E13	2276.0	69.0
5.7748507E13	2276.0	69.0
5.774852E13	2276.0	66.0
5.774853E13	2295.0	62.0
5.7748536E13	2295.0	61.0
5.774855E13	2295.0	61.0
5.7748557E13	2295.0	64.0
5.774857E13	2295.0	68.0
5.774858E13	2310.0	72.0
5.7748587E13	2310.0	75.0
5.77486E13	2310.0	75.0
5.7748608E13	2310.0	75.0
5.7748616E13	2332.0	76.0
5.774863E13	2332.0	77.0
5.7748637E13	2332.0	80.0
5.774865E13	2332.0	81.0
5.774866E13	2373.0	81.0
5.7748666E13	2373.0	82.0
5.774868E13	2373.0	82.0
5.7748687E13	2421.0	81.0
5.77487E13	2421.0	80.0
5.774871E13	2421.0	78.0
5.7748717E13	2421.0	76.0
5.774873E13	2471.0	72.0
5.774875E13	2471.0	67.0
5.774876E13	2514.0	67.0
5.7748767E13	2514.0	67.0
5.774878E13	2514.0	66.0
5.774879E13	2514.0	67.0
5.7748796E13	2514.0	67.0
5.774881E13	2554.0	69.0
5.7748817E13	2554.0	72.0
5.774883E13	2554.0	75.0
5.774884E13	2592.0	77.0
5.7748847E13	2592.0	78.0
5.774886E13	2592.0	76.0
5.7748868E13	2592.0	75.0
5.774888E13	2622.0	75.0
5.774889E13	2622.0	74.0
5.7748897E13	2622.0	72.0
5.774891E13	2622.0	70.0
5.774892E13	2637.0	69.0
5.7748926E13	2637.0	69.0
5.774894E13	2637.0	69.0
5.7748947E13	2637.0	68.0
5.774896E13	2637.0	67.0
5.774897E13	2637.0	67.0
5.7748977E13	2637.0	68.0
5.774899E13	2637.0	70.0
5.7748998E13	2637.0	72.0
5.774901E13	2637.0	73.0
5.774902E13	2637.0	75.0
5.7749027E13	2648.0	79.0
5.774904E13	2648.0	81.0
5.774905E13	2648.0	81.0
5.7749057E13	2648.0	82.0
5.774907E13	2666.0	84.0
5.7749077E13	2666.0	85.0
5.774909E13	2666.0	83.0
5.77491E13	2666.0	83.0
5.7749107E13	2687.0	85.0
5.774912E13	2687.0	84.0
5.7749128E13	2687.0	82.0
5.774914E13	2701.0	80.0
5.774915E13	2701.0	79.0
5.7749157E13	2701.0	78.0
5.774917E13	2701.0	77.0
5.774918E13	2704.0	77.0
5.774919E13	2704.0	77.0
5.77492E13	2704.0	77.0
5.7749208E13	2704.0	77.0
5.774922E13	2705.0	77.0
5.774923E13	2705.0	76.0
5.7749237E13	2705.0	76.0
5.774925E13	2682.0	76.0
5.7749258E13	2682.0	77.0
5.774927E13	2682.0	79.0
5.774928E13	2682.0	80.0
5.7749287E13	2625.0	81.0
5.77493E13	2625.0	82.0
5.774931E13	2625.0	85.0
5.774932E13	2625.0	89.0
5.774933E13	2552.0	89.0
5.7749338E13	2552.0	89.0
5.774935E13	2552.0	87.0
5.774936E13	2552.0	82.0
5.774937E13	2478.0	78.0
5.774938E13	2478.0	75.0
5.7749388E13	2478.0	74.0
5.77494E13	2419.0	75.0
5.774941E13	2419.0	76.0
5.7749417E13	2419.0	76.0
5.774943E13	2419.0	75.0
5.774944E13	2377.0	74.0
5.774945E13	2377.0	73.0
5.774946E13	2377.0	70.0
5.7749468E13	2337.0	69.0
5.774948E13	2337.0	70.0
5.774949E13	2337.0	70.0
5.77495E13	2337.0	72.0
5.774951E13	2337.0	72.0
5.7749518E13	2295.0	70.0
5.774953E13	2295.0	70.0
5.774954E13	2295.0	70.0
5.774955E13	2264.0	82.0
5.774957E13	2264.0	81.0
5.774958E13	2245.0	79.0
5.774959E13	2245.0	79.0
5.7749598E13	2245.0	79.0
5.774961E13	2245.0	78.0
5.774962E13	2245.0	75.0
5.774963E13	2242.0	73.0
5.774964E13	2242.0	72.0
5.774965E13	2242.0	70.0
5.774966E13	2242.0	68.0
5.774967E13	2270.0	65.0
5.7749677E13	2270.0	61.0
5.774969E13	2270.0	60.0
5.77497E13	2315.0	62.0
5.774971E13	2315.0	66.0
5.774972E13	2315.0	71.0
5.7749728E13	2315.0	73.0
5.774974E13	2357.0	74.0
5.774975E13	2357.0	75.0
5.774976E13	2357.0	77.0
5.774977E13	2357.0	79.0
5.774978E13	2410.0	81.0
5.774979E13	2410.0	81.0
5.77498E13	2410.0	82.0
5.774981E13	2410.0	81.0
5.774982E13	2474.0	81.0
5.774983E13	2474.0	80.0
5.774984E13	2474.0	78.0
5.774985E13	2537.0	75.0
5.7749858E13	2537.0	73.0
5.774987E13	2537.0	70.0
5.774988E13	2588.0	68.0
5.774989E13	2588.0	68.0
5.77499E13	2588.0	69.0
5.774991E13	2588.0	69.0
5.774992E13	2588.0	70.0
5.774993E13	2635.0	71.0
5.774994E13	2635.0	72.0
5.774995E13	2635.0	73.0
5.774996E13	2635.0	74.0
5.774997E13	2684.0	76.0
5.774998E13	2684.0	76.0
5.7749988E13	2684.0	77.0
5.775E13	2726.0	78.0
5.775001E13	2726.0	77.0
5.775002E13	2726.0	74.0
5.775003E13	2726.0	72.0
5.775004E13	2753.0	71.0
5.775005E13	2753.0	71.0
5.775006E13	2753.0	71.0
5.775007E13	2753.0	70.0
5.775009E13	2764.0	66.0
5.77501E13	2764.0	65.0
5.775011E13	2764.0	65.0
5.7750118E13	2765.0	67.0
5.775014E13	2765.0	72.0
5.775015E13	2767.0	73.0
5.775017E13	2767.0	78.0
5.775018E13	2767.0	80.0
5.775019E13	2773.0	81.0
5.77502E13	2773.0	83.0
5.775021E13	2773.0	86.0
5.775022E13	2783.0	84.0
5.775023E13	2783.0	84.0
5.775024E13	2783.0	84.0
5.775025E13	2783.0	83.0
5.775026E13	2783.0	81.0
5.775027E13	2781.0	79.0
5.775031E13	2769.0	78.0
5.775032E13	2769.0	79.0
5.775033E13	2769.0	79.0
5.775034E13	2749.0	80.0
5.775035E13	2749.0	81.0
5.775036E13	2749.0	81.0
5.775037E13	2749.0	80.0
5.775038E13	2705.0	78.0
5.775039E13	2705.0	77.0
5.77504E13	2705.0	77.0
5.775041E13	2705.0	77.0
5.775042E13	2645.0	77.0
5.7750432E13	2645.0	49.0
5.775044E13	2645.0	82.0
5.775045E13	2568.0	84.0
5.775046E13	2568.0	86.0
5.775047E13	2568.0	86.0
5.775048E13	2568.0	85.0
5.775049E13	2480.0	83.0
5.77505E13	2480.0	81.0
5.775051E13	2480.0	78.0
5.775052E13	2480.0	76.0
5.775053E13	2395.0	76.0
5.775054E13	2395.0	75.0
5.775055E13	2395.0	72.0
5.7750562E13	2395.0	72.0
5.775057E13	2331.0	66.0
5.775058E13	2331.0	66.0
5.775059E13	2273.0	70.0
5.77506E13	2273.0	70.0
5.775061E13	2273.0	74.0
5.775062E13	2273.0	77.0
5.775063E13	2273.0	75.0
5.775064E13	2216.0	68.0
5.775065E13	2216.0	67.0
5.775066E13	2216.0	69.0
5.775067E13	2178.0	72.0
5.775068E13	2178.0	72.0
5.7750692E13	2178.0	76.0
5.77507E13	2178.0	77.0
5.775071E13	2178.0	75.0
5.775072E13	2159.0	75.0
5.775073E13	2159.0	76.0
5.775074E13	2159.0	75.0
5.775075E13	2154.0	74.0
5.775076E13	2154.0	74.0
5.775077E13	2154.0	73.0
5.775078E13	2154.0	72.0
5.775079E13	2170.0	70.0
5.77508E13	2170.0	66.0
5.775081E13	2170.0	59.0
5.7750827E13	2197.0	57.0
5.775083E13	2197.0	57.0
5.775084E13	2197.0	59.0
5.775085E13	2197.0	64.0
5.775086E13	2197.0	70.0
5.775087E13	2215.0	73.0
5.775088E13	2215.0	73.0
5.775089E13	2215.0	74.0
5.77509E13	2240.0	76.0
5.775091E13	2240.0	78.0
5.775092E13	2240.0	79.0
5.775093E13	2240.0	79.0
5.775094E13	2291.0	79.0
5.7750952E13	2291.0	78.0
5.775096E13	2291.0	79.0
5.775097E13	2291.0	79.0
5.7750986E13	2359.0	79.0
5.775099E13	2359.0	79.0
5.7751003E13	2359.0	76.0
5.775101E13	2359.0	74.0
5.775102E13	2430.0	72.0
5.775103E13	2430.0	71.0
5.775104E13	2430.0	70.0
5.775105E13	2494.0	69.0
5.775106E13	2494.0	69.0
5.775107E13	2494.0	69.0
5.7751082E13	2494.0	69.0
5.775109E13	2552.0	71.0
5.77511E13	2552.0	72.0
5.775111E13	2552.0	74.0
5.775112E13	2552.0	74.0
5.7751133E13	2593.0	75.0
5.775114E13	2593.0	76.0
5.775115E13	2593.0	76.0
5.775116E13	2593.0	76.0
5.775117E13	2625.0	76.0
5.7751183E13	2625.0	73.0
5.775119E13	2625.0	72.0
5.77512E13	2644.0	72.0
5.7751212E13	2644.0	72.0
5.775122E13	2644.0	71.0
5.775123E13	2644.0	69.0
5.775124E13	2650.0	49.0
5.775125E13	2650.0	67.0
5.7751263E13	2650.0	68.0
5.775127E13	2650.0	69.0
5.775128E13	2659.0	71.0
5.775129E13	2659.0	73.0
5.77513E13	2659.0	76.0
5.775131E13	2659.0	79.0
5.775132E13	2671.0	80.0
5.775133E13	2671.0	81.0
5.7751342E13	2671.0	81.0
5.775135E13	2689.0	83.0
5.775136E13	2689.0	88.0
5.775137E13	2689.0	87.0
5.775138E13	2689.0	86.0
5.7751393E13	2696.0	88.0
5.77514E13	2696.0	86.0
5.775141E13	2696.0	84.0
5.7751422E13	2696.0	83.0
5.775143E13	2677.0	82.0
5.7751443E13	2677.0	81.0
5.775145E13	2677.0	80.0
5.775146E13	2677.0	79.0
5.7751472E13	2656.0	78.0
5.775148E13	2656.0	77.0
5.775149E13	2656.0	75.0
5.77515E13	2634.0	74.0
5.775151E13	2634.0	72.0
5.7751523E13	2634.0	71.0
5.775153E13	2634.0	72.0
5.775154E13	2598.0	73.0
5.7751552E13	2598.0	75.0
5.775156E13	2598.0	82.0
5.7751573E13	2536.0	86.0
5.775158E13	2536.0	89.0
5.775159E13	2536.0	89.0
5.7751615E13	2463.0	82.0
5.775162E13	2463.0	80.0
5.7751636E13	2463.0	78.0
5.775164E13	2388.0	77.0
5.7751653E13	2388.0	76.0
5.775166E13	2388.0	75.0
5.775167E13	2388.0	75.0
5.7751682E13	2320.0	74.0
5.775169E13	2320.0	75.0
5.7751703E13	2320.0	75.0
5.775171E13	2320.0	74.0
5.775172E13	2258.0	73.0
5.7751732E13	2258.0	71.0
5.775174E13	2258.0	71.0
5.775175E13	2258.0	69.0
5.775176E13	2258.0	68.0
5.775177E13	2201.0	69.0
5.7751783E13	2201.0	71.0
5.775179E13	2201.0	71.0
5.77518E13	2156.0	71.0
5.7751812E13	2156.0	69.0
5.775182E13	2156.0	66.0
5.7751833E13	2156.0	63.0
5.775184E13	2123.0	63.0
5.775185E13	2123.0	68.0
5.7751863E13	2123.0	74.0
5.775187E13	2123.0	81.0
5.7751883E13	2103.0	86.0
5.775189E13	2103.0	83.0
5.77519E13	2103.0	77.0
5.7751913E13	2088.0	78.0
5.775192E13	2088.0	77.0
5.775193E13	2088.0	75.0
5.7751942E13	2088.0	75.0
5.775195E13	2107.0	70.0
5.7751963E13	2107.0	70.0
5.775197E13	2107.0	67.0
5.775198E13	2107.0	64.0
5.7751993E13	2155.0	62.0
5.7752E13	2155.0	67.0
5.7752014E13	2155.0	71.0
5.775202E13	2155.0	73.0
5.775203E13	2198.0	73.0
5.7752043E13	2198.0	72.0
5.775205E13	2198.0	73.0
5.7752064E13	2198.0	75.0
5.7752072E13	2228.0	78.0
5.775208E13	2228.0	79.0
5.7752093E13	2228.0	79.0
5.77521E13	2265.0	80.0
5.775211E13	2265.0	80.0
5.7752123E13	2265.0	80.0
5.775213E13	2265.0	79.0
5.7752144E13	2307.0	78.0
5.775215E13	2307.0	77.0
5.775216E13	2307.0	76.0
5.7752173E13	2307.0	75.0
5.775218E13	2353.0	74.0
5.775219E13	2353.0	73.0
5.7752202E13	2353.0	73.0
5.775221E13	2353.0	72.0
5.7752223E13	2403.0	72.0
5.775223E13	2403.0	73.0
5.775224E13	2403.0	73.0
5.7752253E13	2454.0	74.0
5.775226E13	2454.0	76.0
5.7752274E13	2454.0	77.0
5.775228E13	2454.0	78.0
5.775229E13	2499.0	79.0
5.7752303E13	2499.0	79.0
5.775231E13	2499.0	79.0
5.7752324E13	2499.0	77.0
5.7752332E13	2525.0	76.0
5.775234E13	2525.0	74.0
5.7752353E13	2525.0	72.0
5.775236E13	2525.0	71.0
5.775237E13	2528.0	71.0
5.7752383E13	2528.0	71.0
5.775239E13	2528.0	70.0
5.7752404E13	2524.0	69.0
5.775241E13	2524.0	68.0
5.775242E13	2524.0	68.0
5.7752433E13	2524.0	69.0
5.775244E13	2528.0	70.0
5.775245E13	2528.0	72.0
5.7752462E13	2528.0	76.0
5.775247E13	2528.0	79.0
5.7752483E13	2536.0	80.0
5.775249E13	2536.0	80.0
5.77525E13	2536.0	79.0
5.7752513E13	2536.0	80.0
5.775252E13	2559.0	82.0
5.7752534E13	2559.0	84.0
5.775254E13	2559.0	84.0
5.775255E13	2580.0	83.0
5.7752563E13	2580.0	82.0
5.775257E13	2580.0	82.0
5.7752584E13	2580.0	82.0
5.7752592E13	2583.0	82.0
5.77526E13	2583.0	81.0
5.7752613E13	2583.0	82.0
5.775262E13	2577.0	83.0
5.7752634E13	2577.0	83.0
5.7752643E13	2577.0	86.0
5.775265E13	2577.0	86.0
5.7752664E13	2577.0	86.0
5.775267E13	2562.0	84.0
5.775268E13	2562.0	84.0
5.7752693E13	2562.0	82.0
5.77527E13	2521.0	80.0
5.7752714E13	2521.0	79.0
5.7752722E13	2521.0	79.0
5.775273E13	2450.0	79.0
5.7752743E13	2450.0	79.0
5.775275E13	2450.0	81.0
5.7752764E13	2450.0	84.0
5.7752773E13	2450.0	86.0
5.775278E13	2359.0	89.0
5.7752794E13	2359.0	89.0
5.77528E13	2359.0	86.0
5.775281E13	2359.0	83.0
5.7752823E13	2269.0	80.0
5.775283E13	2269.0	77.0
5.7752844E13	2269.0	74.0
5.7752852E13	2194.0	73.0
5.775286E13	2194.0	73.0
5.7752873E13	2194.0	72.0
5.775288E13	2194.0	72.0
5.7752894E13	2126.0	69.0
5.7752903E13	2126.0	68.0
5.775291E13	2126.0	67.0
5.7752924E13	2126.0	66.0
5.775293E13	2060.0	66.0
5.775294E13	2060.0	65.0
5.7752953E13	2060.0	64.0
5.775296E13	2022.0	63.0
5.7752974E13	2022.0	62.0
5.7752982E13	2022.0	63.0
5.775299E13	2022.0	68.0
5.7753003E13	2018.0	74.0
5.775301E13	2018.0	76.0
5.7753024E13	2018.0	76.0
5.7753033E13	2018.0	76.0
5.775304E13	2020.0	77.0
5.7753054E13	2020.0	77.0
5.775306E13	2020.0	77.0
5.775307E13	2020.0	75.0
5.7753083E13	2024.0	73.0
5.775309E13	2024.0	72.0
5.7753104E13	2024.0	69.0
5.7753112E13	2044.0	67.0
5.775312E13	2044.0	66.0
5.7753133E13	2044.0	65.0
5.775314E13	2044.0	65.0
5.7753154E13	2068.0	66.0
5.7753163E13	2068.0	67.0
5.775317E13	2068.0	70.0
5.7753184E13	2068.0	72.0
5.7753192E13	2089.0	73.0
5.7753205E13	2089.0	74.0
5.7753213E13	2089.0	76.0
5.775322E13	2089.0	78.0
5.7753234E13	2121.0	80.0
5.7753242E13	2121.0	80.0
5.775325E13	2121.0	80.0
5.7753263E13	2172.0	80.0
5.775327E13	2172.0	80.0
5.7753284E13	2172.0	80.0
5.7753293E13	2172.0	79.0
5.77533E13	2229.0	78.0
5.7753314E13	2229.0	77.0
5.7753322E13	2229.0	76.0
5.7753335E13	2229.0	75.0
5.7753343E13	2288.0	73.0
5.775335E13	2288.0	72.0
5.7753364E13	2288.0	71.0
5.7753372E13	2288.0	70.0
5.775338E13	2333.0	70.0
5.7753393E13	2333.0	71.0
5.77534E13	2333.0	71.0
5.7753414E13	2376.0	71.0
5.7753423E13	2376.0	73.0
5.775343E13	2376.0	74.0
5.7753444E13	2376.0	75.0
5.7753452E13	2416.0	75.0
5.7753465E13	2416.0	75.0
5.7753473E13	2416.0	74.0
5.775348E13	2416.0	74.0
5.7753494E13	2448.0	75.0
5.7753502E13	2448.0	75.0
5.7753515E13	2448.0	75.0
5.7753523E13	2448.0	74.0
5.775353E13	2463.0	72.0
5.7753544E13	2463.0	71.0
5.7753553E13	2463.0	70.0
5.775356E13	2465.0	69.0
5.7753574E13	2465.0	69.0
5.7753582E13	2465.0	70.0
5.7753595E13	2465.0	71.0
5.7753603E13	2479.0	51.0
5.775361E13	2479.0	73.0
5.7753624E13	2479.0	79.0
5.7753633E13	2499.0	81.0
5.7753645E13	2499.0	80.0
5.7753653E13	2499.0	81.0
5.775366E13	2499.0	81.0
5.7753674E13	2516.0	86.0
5.7753683E13	2516.0	86.0
5.775369E13	2516.0	86.0
5.7753704E13	2516.0	85.0
5.7753712E13	2525.0	82.0
5.7753725E13	2525.0	77.0
5.7753733E13	2525.0	77.0
5.775374E13	2516.0	78.0
5.7753754E13	2516.0	78.0
5.7753763E13	2516.0	78.0
5.7753775E13	2516.0	79.0
5.7753784E13	2516.0	79.0
5.775379E13	2507.0	80.0
5.7753804E13	2507.0	81.0
5.7753813E13	2507.0	79.0
5.775382E13	2507.0	79.0
5.7753834E13	2499.0	78.0
5.7753842E13	2499.0	76.0
5.7753855E13	2499.0	75.0
5.7753863E13	2461.0	76.0
5.775387E13	2461.0	78.0
5.7753884E13	2461.0	81.0
5.7753893E13	2398.0	84.0
5.7753905E13	2398.0	84.0
5.7753914E13	2398.0	89.0
5.775392E13	2398.0	88.0
5.7753934E13	2398.0	84.0
5.7753943E13	2331.0	82.0
5.7753955E13	2331.0	80.0
5.7753964E13	2331.0	79.0
5.7753972E13	2331.0	79.0
5.7753985E13	2267.0	77.0
5.7753993E13	2267.0	76.0
5.7754E13	2267.0	75.0
5.7754014E13	2201.0	75.0
5.7754023E13	2201.0	75.0
5.7754035E13	2201.0	76.0
5.7754044E13	2201.0	77.0
5.775405E13	2139.0	76.0
5.7754065E13	2139.0	75.0
5.7754073E13	2139.0	73.0
5.7754085E13	2139.0	72.0
5.7754094E13	2080.0	73.0
5.7754102E13	2080.0	73.0
5.7754115E13	2080.0	73.0
5.7754123E13	2080.0	72.0
5.775413E13	2034.0	70.0
5.7754144E13	2034.0	68.0
5.7754153E13	2034.0	69.0
5.7754165E13	2010.0	72.0
5.7754174E13	2010.0	77.0
5.775418E13	2010.0	79.0
5.7754195E13	2010.0	77.0
5.7754203E13	1994.0	77.0
5.7754216E13	1994.0	77.0
5.7754224E13	1994.0	78.0
5.7754232E13	1994.0	77.0
5.7754245E13	1991.0	75.0
5.7754253E13	1991.0	73.0
5.775426E13	1991.0	71.0
5.7754274E13	1991.0	69.0
5.7754283E13	2011.0	67.0
5.7754295E13	2011.0	64.0
5.7754304E13	2011.0	63.0
5.775431E13	2042.0	63.0
5.7754325E13	2042.0	66.0
5.7754333E13	2042.0	70.0
5.7754346E13	2042.0	73.0
5.7754354E13	2071.0	74.0
5.7754362E13	2071.0	75.0
5.7754375E13	2071.0	77.0
5.7754383E13	2071.0	78.0
5.7754396E13	2106.0	80.0
5.7754404E13	2106.0	81.0
5.7754413E13	2106.0	81.0
5.7754425E13	2106.0	81.0
5.7754434E13	2152.0	80.0
5.775444E13	2152.0	80.0
5.7754455E13	2152.0	79.0
5.7754463E13	2205.0	79.0
5.7754476E13	2205.0	76.0
5.7754484E13	2205.0	74.0
5.7754492E13	2205.0	72.0
5.7754505E13	2256.0	70.0
5.7754513E13	2256.0	69.0
5.7754526E13	2256.0	68.0
5.7754534E13	2256.0	68.0
5.7754543E13	2298.0	69.0
5.7754555E13	2298.0	69.0
5.7754564E13	2298.0	70.0
5.775457E13	2298.0	72.0
5.7754585E13	2334.0	74.0
5.7754593E13	2334.0	75.0
5.7754606E13	2334.0	76.0
5.7754614E13	2368.0	77.0
5.7754622E13	2368.0	77.0
5.7754635E13	2368.0	76.0
5.7754643E13	2394.0	52.0
5.7754656E13	2394.0	73.0
5.7754664E13	2394.0	73.0
5.7754677E13	2394.0	72.0
5.7754685E13	2405.0	72.0
5.7754694E13	2405.0	70.0
5.7754706E13	2405.0	68.0
5.7754715E13	2405.0	66.0
5.7754723E13	2406.0	65.0
5.7754736E13	2406.0	66.0
5.7754744E13	2406.0	69.0
5.7754752E13	2413.0	71.0
5.7754765E13	2413.0	73.0
5.7754773E13	2413.0	76.0
5.7754786E13	2413.0	78.0
5.7754794E13	2424.0	79.0
5.7754803E13	2424.0	78.0
5.7754815E13	2424.0	78.0
5.7754824E13	2424.0	78.0
5.7754836E13	2424.0	80.0
5.7754845E13	2439.0	85.0
5.7754853E13	2439.0	87.0
5.7754866E13	2439.0	87.0
5.7754874E13	2439.0	87.0
5.7754882E13	2458.0	85.0
5.7754895E13	2458.0	82.0
5.7754903E13	2458.0	80.0
5.7754916E13	2450.0	78.0
5.7754924E13	2450.0	77.0
5.7754933E13	2450.0	76.0
5.7754945E13	2450.0	76.0
5.7754954E13	2435.0	77.0
5.7754966E13	2435.0	81.0
5.7754975E13	2435.0	84.0
5.7754983E13	2435.0	86.0
5.7754996E13	2417.0	86.0
5.7755004E13	2417.0	85.0
5.7755012E13	2417.0	84.0
5.7755025E13	2417.0	83.0
5.7755033E13	2386.0	82.0
5.7755046E13	2386.0	81.0
5.7755054E13	2386.0	80.0
5.7755063E13	2335.0	82.0
5.7755075E13	2335.0	84.0
5.7755084E13	2335.0	87.0
5.7755096E13	2269.0	89.0
5.7755105E13	2269.0	88.0
5.7755113E13	2269.0	85.0
5.7755126E13	2269.0	82.0
5.7755134E13	2204.0	81.0
5.7755147E13	2204.0	80.0
5.7755155E13	2204.0	79.0
5.7755163E13	2204.0	78.0
5.7755176E13	2146.0	77.0
5.7755184E13	2146.0	76.0
5.7755193E13	2146.0	75.0
5.7755205E13	2092.0	73.0
5.7755214E13	2092.0	71.0
5.7755226E13	2092.0	71.0
5.7755235E13	2092.0	70.0
5.7755243E13	2038.0	70.0
5.7755256E13	2038.0	71.0
5.7755264E13	2038.0	73.0
5.7755277E13	2038.0	73.0
5.7755285E13	1986.0	69.0
5.7755293E13	1986.0	69.0
5.7755306E13	1986.0	68.0
5.7755314E13	1986.0	66.0
5.7755327E13	1986.0	66.0
5.7755335E13	1960.0	70.0
5.7755344E13	1960.0	75.0
5.7755356E13	1960.0	79.0
5.7755365E13	1952.0	78.0
5.7755373E13	1952.0	79.0
5.7755386E13	1952.0	80.0
5.7755394E13	1952.0	80.0
5.7755407E13	1947.0	76.0
5.7755415E13	1947.0	73.0
5.7755423E13	1947.0	59.0
5.7755436E13	1947.0	59.0
5.7755444E13	1958.0	69.0
5.7755453E13	1958.0	64.0
5.7755465E13	1958.0	61.0
5.7755474E13	1980.0	61.0
5.7755486E13	1980.0	64.0
5.7755495E13	1980.0	68.0
5.7755503E13	1999.0	72.0
5.7755516E13	1999.0	74.0
5.775553E13	1999.0	75.0
5.7755537E13	1999.0	75.0
5.7755545E13	2022.0	76.0
5.7755553E13	2022.0	77.0
5.7755566E13	2022.0	78.0
5.7755574E13	2022.0	78.0
5.7755583E13	2022.0	79.0
5.7755595E13	2062.0	80.0
5.7755604E13	2062.0	80.0
5.7755616E13	2062.0	80.0
5.7755625E13	2062.0	80.0
5.7755633E13	2105.0	79.0
5.7755646E13	2105.0	77.0
5.7755654E13	2105.0	75.0
5.7755667E13	2152.0	73.0
5.7755675E13	2152.0	54.0
5.7755684E13	2152.0	54.0
5.7755696E13	2152.0	70.0
5.7755704E13	2190.0	70.0
5.7755713E13	2190.0	70.0
5.7755725E13	2190.0	71.0
5.7755734E13	2190.0	71.0
5.7755746E13	2228.0	72.0
5.7755755E13	2228.0	73.0
5.7755763E13	2228.0	74.0
5.7755776E13	2228.0	74.0
5.7755784E13	2263.0	75.0
5.7755797E13	2263.0	76.0
5.7755805E13	2263.0	77.0
5.7755814E13	2299.0	78.0
5.7755826E13	2299.0	78.0
5.7755835E13	2299.0	76.0
5.7755843E13	2299.0	74.0
5.7755855E13	2322.0	71.0
5.7755864E13	2322.0	71.0
5.7755876E13	2322.0	71.0
5.7755885E13	2322.0	71.0
5.7755893E13	2334.0	71.0
5.7755906E13	2334.0	72.0
5.7755914E13	2334.0	72.0
5.7755927E13	2334.0	73.0
5.7755935E13	2346.0	74.0
5.7755944E13	2346.0	76.0
5.7755956E13	2346.0	77.0
5.7755965E13	2364.0	77.0
5.7755977E13	2364.0	78.0
5.7755986E13	2364.0	79.0
5.7756006E13	2383.0	83.0
5.7755994E13	2383.0	83.0
5.7756015E13	2383.0	83.0
5.7756023E13	2383.0	52.0
5.7756036E13	2383.0	52.0
5.7756044E13	2400.0	52.0
5.7756057E13	2400.0	85.0
5.7756065E13	2400.0	52.0
5.7756074E13	2400.0	52.0
5.7756086E13	2402.0	52.0
5.7756095E13	2402.0	52.0
5.7756107E13	2402.0	52.0
5.7756116E13	2401.0	52.0
5.7756124E13	2401.0	52.0
5.7756137E13	2401.0	52.0
5.7756145E13	2401.0	88.0
5.7756157E13	2398.0	52.0
5.7756166E13	2398.0	52.0
5.7756183E13	2398.0	87.0
5.7756187E13	2398.0	85.0
5.7756195E13	2376.0	84.0
5.7756208E13	2376.0	83.0
5.7756216E13	2376.0	83.0
5.775623E13	2333.0	84.0
5.7756237E13	2333.0	85.0
5.7756246E13	2333.0	88.0
5.7756267E13	2271.0	54.0
5.775628E13	2271.0	85.0
5.7756254E13	2271.0	84.0
5.7756288E13	2271.0	84.0
5.7756296E13	2271.0	82.0
5.775631E13	2202.0	81.0
5.775632E13	2202.0	79.0
5.775633E13	2202.0	78.0
5.7756334E13	2202.0	77.0
5.7756346E13	2130.0	76.0
5.7756355E13	2130.0	76.0
5.7756367E13	2130.0	75.0
5.7756376E13	2053.0	74.0
5.775639E13	2053.0	72.0
5.7756397E13	2053.0	57.0
5.775641E13	2053.0	57.0
5.7756418E13	1984.0	76.0
5.7756426E13	1984.0	58.0
5.7756434E13	1984.0	58.0
5.7756447E13	1984.0	58.0
5.7756455E13	1946.0	59.0
5.7756468E13	1946.0	59.0
5.7756476E13	1946.0	59.0
5.775649E13	1946.0	59.0
5.7756497E13	1935.0	59.0
5.7756506E13	1935.0	59.0
5.7756514E13	1935.0	59.0
5.7756527E13	1936.0	59.0
5.7756535E13	1936.0	59.0
5.7756548E13	1936.0	59.0
5.7756556E13	1936.0	75.0
5.775657E13	1942.0	69.0
5.7756577E13	1942.0	69.0
5.775659E13	1942.0	62.0
5.7756606E13	1966.0	59.0
5.7756615E13	1966.0	59.0
5.7756598E13	1966.0	59.0
5.7756627E13	1966.0	60.0
5.7756636E13	1966.0	62.0
5.775665E13	1998.0	66.0
5.7756657E13	1998.0	69.0
5.775667E13	1998.0	71.0
5.7756678E13	2026.0	58.0
5.7756686E13	2026.0	74.0
5.7756694E13	2026.0	76.0
5.7756707E13	2062.0	80.0
5.7756715E13	2062.0	80.0
5.7756728E13	2062.0	80.0
5.7756736E13	2062.0	81.0
5.775675E13	2062.0	80.0
5.7756757E13	2108.0	80.0
5.775677E13	2108.0	79.0
5.7756774E13	2108.0	78.0
5.7756787E13	2108.0	76.0
5.7756795E13	2154.0	75.0
5.7756808E13	2154.0	73.0
5.7756816E13	2154.0	71.0
5.775683E13	2193.0	70.0
5.7756837E13	2193.0	69.0
5.775685E13	2193.0	69.0
5.775686E13	2193.0	70.0
5.7756866E13	2237.0	55.0
5.7756875E13	2237.0	55.0
5.7756887E13	2237.0	55.0
5.7756896E13	2237.0	55.0
5.775691E13	2281.0	73.0
5.7756917E13	2281.0	75.0
5.775693E13	2281.0	75.0
5.7756938E13	2281.0	54.0
5.775695E13	2334.0	53.0
5.7756954E13	2334.0	53.0
5.7756967E13	2334.0	53.0
5.7756975E13	2373.0	53.0
5.775699E13	2373.0	53.0
5.7756996E13	2373.0	53.0
5.775701E13	2373.0	71.0
5.7757017E13	2392.0	70.0
5.775703E13	2392.0	69.0
5.775704E13	2392.0	68.0
5.7757047E13	2392.0	52.0
5.7757055E13	2406.0	70.0
5.7757068E13	2406.0	72.0
5.775709E13	2406.0	74.0
5.7757097E13	2424.0	52.0
5.775711E13	2424.0	52.0
5.775712E13	2424.0	52.0
5.7757126E13	2436.0	52.0
5.7757135E13	2436.0	77.0
5.7757147E13	2436.0	83.0
5.7757156E13	2436.0	83.0
5.775717E13	2450.0	52.0
5.7757177E13	2450.0	86.0
5.775719E13	2450.0	86.0
5.7757198E13	2450.0	86.0
5.775721E13	2458.0	84.0
5.7757214E13	2458.0	84.0
5.7757227E13	2458.0	51.0
5.7757235E13	2458.0	82.0
5.775725E13	2460.0	51.0
5.7757256E13	2460.0	82.0
5.775727E13	2460.0	82.0
5.7757277E13	2453.0	83.0
5.775729E13	2453.0	52.0
5.77573E13	2453.0	83.0
5.7757307E13	2453.0	52.0
5.7757315E13	2443.0	82.0
5.7757328E13	2443.0	52.0
5.7757336E13	2443.0	52.0
5.775735E13	2443.0	52.0
5.7757357E13	2409.0	80.0
5.775737E13	2409.0	81.0
5.775738E13	2409.0	81.0
5.775739E13	2409.0	52.0
5.7757395E13	2355.0	84.0
5.7757407E13	2355.0	53.0
5.7757416E13	2355.0	53.0
5.775743E13	2280.0	54.0
5.7757437E13	2280.0	54.0
5.775745E13	2280.0	54.0
5.7757458E13	2280.0	54.0
5.775747E13	2209.0	55.0
5.775748E13	2209.0	55.0
5.7757487E13	2209.0	55.0
5.7757495E13	2209.0	76.0
5.775751E13	2142.0	75.0
5.7757516E13	2142.0	74.0
5.775753E13	2142.0	72.0
5.7757537E13	2142.0	69.0
5.775755E13	2071.0	67.0
5.775756E13	2071.0	68.0
5.7757567E13	2071.0	70.0
5.7757575E13	2010.0	71.0
5.7757588E13	2010.0	72.0
5.7757596E13	2010.0	71.0
5.775761E13	2010.0	70.0
5.7757617E13	1974.0	68.0
5.775763E13	1974.0	66.0
5.775764E13	1974.0	65.0
5.775765E13	1974.0	67.0
5.7757655E13	1964.0	72.0
5.7757667E13	1964.0	75.0
5.7757676E13	1964.0	76.0
5.775769E13	1964.0	75.0
5.7757697E13	1966.0	76.0
5.775771E13	1966.0	76.0
5.7757718E13	1966.0	76.0
5.775773E13	1977.0	75.0
5.775774E13	1977.0	73.0
5.7757747E13	1977.0	69.0
5.7757756E13	1977.0	67.0
5.775777E13	2001.0	64.0
5.7757776E13	2001.0	61.0
5.775779E13	2001.0	60.0
5.7757797E13	2001.0	61.0
5.775781E13	2024.0	64.0
5.775782E13	2024.0	67.0
5.7757827E13	2024.0	70.0
5.7757835E13	2024.0	72.0
5.7757848E13	2041.0	74.0
5.7757856E13	2041.0	76.0
5.7757873E13	2041.0	78.0
5.7757877E13	2074.0	79.0
5.775789E13	2074.0	80.0
5.77579E13	2074.0	81.0
5.775791E13	2074.0	80.0
5.7757915E13	2123.0	80.0
5.7757927E13	2123.0	79.0
5.7757936E13	2123.0	79.0
5.775795E13	2123.0	80.0
5.7757957E13	2173.0	79.0
5.775797E13	2173.0	77.0
5.7757978E13	2173.0	73.0
5.775799E13	2173.0	73.0
5.7758E13	2224.0	72.0
5.7758007E13	2224.0	55.0
5.7758016E13	2224.0	70.0
5.775803E13	2260.0	54.0
5.7758037E13	2260.0	54.0
5.775805E13	2260.0	54.0
5.7758057E13	2260.0	54.0
5.775807E13	2298.0	54.0
5.775808E13	2298.0	54.0
5.775809E13	2298.0	75.0
5.7758095E13	2298.0	54.0
5.7758108E13	2333.0	53.0
5.7758116E13	2333.0	53.0
5.775813E13	2333.0	53.0
5.7758137E13	2333.0	53.0
5.775815E13	2363.0	53.0
5.775816E13	2363.0	53.0
5.775817E13	2363.0	53.0
5.775818E13	2379.0	53.0
5.7758188E13	2379.0	53.0
5.7758196E13	2379.0	73.0
5.775821E13	2379.0	53.0
5.7758217E13	2387.0	52.0
5.775823E13	2387.0	70.0
5.7758238E13	2387.0	52.0
