5.6729362E13	215.0	85.0
5.672937E13	215.0	85.0
5.6729383E13	215.0	84.0
5.672939E13	215.0	83.0
5.67294E13	229.0	82.0
5.6729413E13	229.0	81.0
5.672942E13	229.0	80.0
5.6729434E13	229.0	79.0
5.6729442E13	241.0	78.0
5.672945E13	241.0	76.0
5.6729463E13	241.0	74.0
5.672947E13	241.0	72.0
5.672948E13	251.0	70.0
5.6729493E13	251.0	67.0
5.67295E13	251.0	67.0
5.6729513E13	251.0	68.0
5.672952E13	260.0	69.0
5.672953E13	260.0	70.0
5.6729543E13	260.0	72.0
5.672955E13	267.0	72.0
5.6729564E13	267.0	70.0
5.6729572E13	267.0	69.0
5.672958E13	267.0	70.0
5.6729593E13	273.0	71.0
5.67296E13	273.0	72.0
5.672961E13	273.0	72.0
5.6729623E13	273.0	75.0
5.672963E13	273.0	76.0
5.6729644E13	273.0	74.0
5.672965E13	273.0	73.0
5.672966E13	271.0	75.0
5.6729673E13	271.0	77.0
5.672968E13	271.0	77.0
5.6729694E13	271.0	77.0
5.6729702E13	266.0	76.0
5.672971E13	266.0	73.0
5.6729723E13	266.0	71.0
5.672973E13	266.0	69.0
5.6729744E13	256.0	68.0
5.6729753E13	256.0	67.0
5.672976E13	256.0	66.0
5.6729774E13	256.0	68.0
5.672978E13	246.0	69.0
5.672979E13	246.0	71.0
5.6729803E13	246.0	73.0
5.672981E13	238.0	74.0
5.6729824E13	238.0	76.0
5.6729832E13	238.0	78.0
5.672984E13	238.0	80.0
5.6729853E13	230.0	82.0
5.672986E13	230.0	83.0
5.6729874E13	230.0	81.0
5.6729883E13	219.0	80.0
5.672989E13	219.0	80.0
5.6729904E13	219.0	80.0
5.672991E13	219.0	77.0
5.6729925E13	210.0	76.0
5.6729937E13	210.0	75.0
5.672994E13	210.0	75.0
5.6729954E13	210.0	74.0
5.6729962E13	204.0	72.0
5.672997E13	204.0	72.0
5.6729983E13	204.0	72.0
5.672999E13	200.0	74.0
5.6730004E13	200.0	74.0
5.6730013E13	200.0	75.0
5.673002E13	200.0	75.0
5.6730034E13	200.0	76.0
5.673004E13	196.0	77.0
5.673005E13	196.0	77.0
5.6730063E13	196.0	76.0
5.6730076E13	196.0	76.0
5.6730084E13	193.0	76.0
5.6730097E13	193.0	76.0
5.67301E13	191.0	75.0
5.6730113E13	191.0	75.0
5.673012E13	191.0	76.0
5.6730134E13	191.0	76.0
5.6730143E13	191.0	76.0
5.673015E13	191.0	75.0
5.6730164E13	191.0	75.0
5.673017E13	191.0	75.0
5.673018E13	191.0	73.0
5.6730193E13	192.0	72.0
5.67302E13	192.0	70.0
5.6730214E13	192.0	70.0
5.6730222E13	192.0	71.0
5.673023E13	191.0	73.0
5.6730243E13	191.0	75.0
5.673025E13	191.0	77.0
5.6730264E13	190.0	79.0
5.6730273E13	190.0	79.0
5.673028E13	190.0	79.0
5.6730294E13	190.0	79.0
5.67303E13	190.0	80.0
5.6730315E13	190.0	83.0
5.6730323E13	190.0	83.0
5.673033E13	190.0	83.0
5.6730344E13	190.0	82.0
5.6730352E13	190.0	81.0
5.673036E13	190.0	79.0
5.6730373E13	190.0	79.0
5.673038E13	189.0	78.0
5.6730403E13	189.0	80.0
5.673041E13	188.0	79.0
5.6730424E13	188.0	78.0
5.673043E13	188.0	78.0
5.673044E13	188.0	79.0
5.6730453E13	191.0	81.0
5.673046E13	191.0	82.0
5.6730474E13	191.0	82.0
5.6730482E13	191.0	82.0
5.673049E13	197.0	82.0
5.6730503E13	197.0	83.0
5.6730516E13	197.0	84.0
5.6730524E13	197.0	85.0
5.6730537E13	207.0	86.0
5.673054E13	207.0	88.0
5.6730554E13	207.0	90.0
5.673056E13	218.0	88.0
5.6730575E13	218.0	86.0
5.6730583E13	218.0	84.0
5.673059E13	218.0	83.0
5.6730604E13	231.0	82.0
5.6730612E13	231.0	82.0
5.673062E13	231.0	81.0
5.6730633E13	231.0	80.0
5.673064E13	244.0	78.0
5.6730654E13	244.0	76.0
5.6730663E13	244.0	74.0
5.673067E13	254.0	72.0
5.6730684E13	254.0	71.0
5.673069E13	254.0	71.0
5.6730705E13	254.0	69.0
5.6730713E13	264.0	67.0
5.673072E13	264.0	68.0
5.6730734E13	264.0	73.0
5.6730742E13	264.0	72.0
5.673075E13	272.0	70.0
5.6730763E13	272.0	69.0
5.673077E13	272.0	69.0
5.6730784E13	272.0	69.0
5.6730793E13	279.0	71.0
5.67308E13	279.0	73.0
5.6730814E13	279.0	73.0
5.6730822E13	283.0	72.0
5.6730835E13	283.0	71.0
5.6730843E13	283.0	70.0
5.673085E13	283.0	71.0
5.673087E13	283.0	72.0
5.6730872E13	283.0	72.0
5.6730885E13	283.0	71.0
5.6730893E13	283.0	70.0
5.67309E13	277.0	67.0
5.6730914E13	277.0	64.0
5.6730923E13	277.0	61.0
5.673093E13	277.0	61.0
5.6730944E13	267.0	62.0
5.6730952E13	267.0	64.0
5.6730965E13	267.0	66.0
5.6730973E13	260.0	68.0
5.673098E13	260.0	69.0
5.6730994E13	260.0	70.0
5.6731002E13	260.0	70.0
5.6731015E13	254.0	72.0
5.6731023E13	254.0	74.0
5.673103E13	254.0	77.0
5.6731044E13	254.0	79.0
5.6731053E13	245.0	79.0
5.673106E13	245.0	78.0
5.6731074E13	245.0	78.0
5.6731082E13	245.0	79.0
5.6731095E13	233.0	79.0
5.6731103E13	233.0	78.0
5.673111E13	233.0	77.0
5.6731124E13	222.0	76.0
5.6731132E13	222.0	75.0
5.6731145E13	222.0	74.0
5.6731153E13	222.0	73.0
5.673116E13	212.0	72.0
5.6731174E13	212.0	71.0
5.6731183E13	212.0	71.0
5.673119E13	212.0	70.0
5.6731204E13	205.0	71.0
5.6731212E13	205.0	71.0
5.6731225E13	205.0	72.0
5.6731233E13	205.0	73.0
5.673124E13	199.0	74.0
5.6731254E13	199.0	74.0
5.6731263E13	199.0	75.0
5.6731275E13	192.0	76.0
5.6731283E13	192.0	76.0
5.673129E13	192.0	76.0
5.6731304E13	192.0	75.0
5.6731313E13	187.0	74.0
5.6731325E13	187.0	73.0
5.6731334E13	187.0	74.0
5.6731342E13	187.0	74.0
5.6731355E13	185.0	73.0
5.6731363E13	185.0	72.0
5.673137E13	185.0	71.0
5.6731384E13	185.0	71.0
5.6731393E13	185.0	71.0
5.6731405E13	185.0	72.0
5.6731414E13	185.0	74.0
5.673142E13	184.0	76.0
5.6731434E13	184.0	78.0
5.6731443E13	184.0	80.0
5.6731455E13	184.0	81.0
5.6731464E13	186.0	80.0
5.6731472E13	186.0	80.0
5.6731485E13	186.0	81.0
5.6731493E13	186.0	83.0
5.6731506E13	186.0	83.0
5.6731514E13	186.0	83.0
5.6731523E13	186.0	81.0
5.6731535E13	186.0	80.0
5.6731544E13	186.0	79.0
5.673155E13	186.0	78.0
5.6731565E13	186.0	78.0
5.6731573E13	185.0	79.0
5.6731585E13	185.0	80.0
5.6731594E13	185.0	83.0
5.6731606E13	185.0	83.0
5.6731615E13	184.0	85.0
5.6731623E13	184.0	86.0
5.6731636E13	184.0	87.0
5.6731644E13	184.0	88.0
5.6731653E13	185.0	88.0
5.6731665E13	185.0	88.0
5.6731674E13	185.0	86.0
5.673168E13	192.0	84.0
5.6731695E13	192.0	82.0
5.6731703E13	192.0	80.0
5.6731716E13	192.0	79.0
5.6731724E13	204.0	79.0
5.6731732E13	204.0	79.0
5.6731745E13	204.0	81.0
5.6731753E13	204.0	83.0
5.6731766E13	220.0	84.0
5.6731774E13	220.0	85.0
5.6731783E13	220.0	85.0
5.6731795E13	220.0	83.0
5.6731804E13	236.0	83.0
5.673181E13	236.0	84.0
5.6731825E13	236.0	83.0
5.6731833E13	246.0	81.0
5.6731846E13	246.0	77.0
5.6731854E13	246.0	75.0
5.6731862E13	246.0	73.0
5.6731875E13	253.0	72.0
5.6731883E13	253.0	72.0
5.6731896E13	253.0	71.0
5.6731904E13	253.0	70.0
5.6731917E13	259.0	71.0
5.6731925E13	259.0	71.0
5.6731934E13	259.0	72.0
5.6731946E13	259.0	71.0
5.6731955E13	266.0	68.0
5.6731963E13	266.0	66.0
5.6731976E13	271.0	64.0
5.6731984E13	271.0	66.0
5.6731992E13	271.0	70.0
5.6732005E13	271.0	73.0
5.6732013E13	272.0	73.0
5.6732026E13	272.0	71.0
5.6732034E13	272.0	72.0
5.6732043E13	272.0	73.0
5.6732055E13	268.0	75.0
5.6732064E13	268.0	76.0
5.6732076E13	268.0	74.0
5.6732085E13	268.0	72.0
5.6732093E13	261.0	70.0
5.6732106E13	261.0	67.0
5.6732114E13	261.0	65.0
5.6732122E13	253.0	64.0
5.6732135E13	253.0	64.0
5.6732143E13	253.0	64.0
5.6732156E13	253.0	65.0
5.6732164E13	253.0	66.0
5.6732173E13	246.0	67.0
5.6732185E13	246.0	70.0
5.6732194E13	246.0	73.0
5.6732206E13	246.0	75.0
5.6732215E13	241.0	76.0
5.6732223E13	241.0	78.0
5.6732236E13	241.0	80.0
5.6732244E13	241.0	81.0
5.6732257E13	233.0	81.0
5.6732265E13	233.0	80.0
5.6732273E13	233.0	80.0
5.6732286E13	224.0	80.0
5.6732294E13	224.0	79.0
5.6732303E13	224.0	77.0
5.6732315E13	224.0	75.0
5.6732324E13	215.0	74.0
5.6732336E13	215.0	73.0
5.6732345E13	215.0	72.0
5.6732353E13	215.0	71.0
5.6732366E13	207.0	71.0
5.6732374E13	207.0	71.0
5.6732387E13	207.0	71.0
5.6732395E13	207.0	72.0
5.6732403E13	200.0	72.0
5.6732416E13	200.0	72.0
5.6732424E13	200.0	73.0
5.6732433E13	194.0	74.0
5.6732445E13	194.0	74.0
5.6732454E13	194.0	75.0
5.6732466E13	194.0	76.0
5.6732475E13	189.0	77.0
5.6732483E13	189.0	78.0
5.6732496E13	189.0	79.0
5.6732504E13	189.0	79.0
5.6732517E13	184.0	79.0
5.6732525E13	184.0	76.0
5.6732533E13	184.0	74.0
5.6732546E13	183.0	72.0
5.6732554E13	183.0	73.0
5.6732563E13	183.0	73.0
5.6732575E13	183.0	74.0
5.6732584E13	182.0	73.0
5.6732596E13	182.0	72.0
5.6732605E13	182.0	73.0
5.6732613E13	182.0	74.0
5.6732626E13	180.0	76.0
5.6732634E13	180.0	78.0
5.6732647E13	180.0	79.0
5.6732655E13	180.0	79.0
5.6732663E13	179.0	79.0
5.6732676E13	179.0	79.0
5.6732684E13	179.0	79.0
5.6732697E13	178.0	80.0
5.6732705E13	178.0	82.0
5.6732714E13	178.0	84.0
5.6732726E13	178.0	85.0
5.6732735E13	178.0	86.0
5.6732743E13	178.0	85.0
5.6732756E13	178.0	82.0
5.6732764E13	178.0	80.0
5.6732777E13	178.0	79.0
5.6732785E13	178.0	78.0
5.6732793E13	178.0	78.0
5.6732806E13	178.0	79.0
5.6732814E13	179.0	79.0
5.6732827E13	179.0	80.0
5.6732835E13	179.0	81.0
5.6732844E13	180.0	82.0
5.6732856E13	180.0	84.0
5.6732865E13	180.0	85.0
5.6732873E13	180.0	87.0
5.6732886E13	184.0	87.0
5.6732894E13	184.0	86.0
5.6732907E13	184.0	84.0
5.6732915E13	184.0	83.0
5.6732923E13	192.0	82.0
5.6732936E13	192.0	83.0
5.6732944E13	192.0	85.0
5.6732957E13	192.0	87.0
5.6732965E13	200.0	89.0
5.6732974E13	200.0	86.0
5.6732986E13	200.0	83.0
5.6732995E13	208.0	79.0
5.6733007E13	208.0	76.0
5.6733016E13	208.0	74.0
5.6733024E13	208.0	73.0
5.6733037E13	216.0	72.0
5.6733045E13	216.0	71.0
5.6733053E13	216.0	68.0
5.6733066E13	216.0	66.0
5.6733074E13	224.0	67.0
5.6733087E13	224.0	67.0
5.6733095E13	224.0	66.0
5.6733104E13	224.0	67.0
5.6733116E13	234.0	70.0
5.6733125E13	234.0	72.0
5.6733137E13	234.0	71.0
5.6733146E13	245.0	70.0
5.6733154E13	245.0	68.0
5.6733167E13	245.0	67.0
5.6733175E13	245.0	65.0
5.6733184E13	253.0	66.0
5.6733196E13	253.0	69.0
5.6733204E13	253.0	73.0
5.6733217E13	253.0	75.0
5.6733225E13	254.0	74.0
5.6733234E13	254.0	72.0
5.6733246E13	254.0	73.0
5.6733255E13	254.0	75.0
5.6733267E13	252.0	77.0
5.673328E13	252.0	75.0
5.6733284E13	252.0	75.0
5.6733297E13	246.0	74.0
5.6733305E13	246.0	73.0
5.6733318E13	246.0	71.0
5.6733326E13	246.0	69.0
5.6733335E13	237.0	66.0
5.6733347E13	237.0	66.0
5.6733355E13	237.0	66.0
5.6733364E13	230.0	68.0
5.6733376E13	230.0	70.0
5.6733385E13	230.0	73.0
5.6733397E13	230.0	75.0
5.6733406E13	225.0	76.0
5.6733414E13	225.0	78.0
5.6733427E13	225.0	79.0
5.6733435E13	219.0	80.0
5.6733444E13	219.0	80.0
5.6733456E13	219.0	80.0
5.6733465E13	219.0	54.0
5.6733477E13	212.0	78.0
5.6733485E13	212.0	78.0
5.6733494E13	212.0	78.0
5.6733506E13	212.0	76.0
5.6733515E13	204.0	74.0
5.6733527E13	204.0	73.0
5.6733536E13	204.0	72.0
5.673355E13	199.0	72.0
5.6733557E13	199.0	72.0
5.6733565E13	199.0	72.0
5.6733578E13	199.0	73.0
5.6733586E13	195.0	74.0
5.6733595E13	195.0	75.0
5.6733607E13	195.0	76.0
5.6733616E13	195.0	54.0
5.6733624E13	190.0	76.0
5.6733636E13	190.0	76.0
5.6733645E13	190.0	77.0
5.6733657E13	190.0	78.0
5.6733666E13	185.0	77.0
5.6733674E13	185.0	76.0
5.6733687E13	185.0	76.0
5.6733695E13	185.0	76.0
5.6733708E13	181.0	76.0
5.6733716E13	181.0	74.0
5.6733725E13	181.0	73.0
5.6733737E13	181.0	73.0
5.6733746E13	180.0	73.0
5.6733754E13	180.0	74.0
5.6733767E13	180.0	73.0
5.6733775E13	180.0	72.0
5.6733787E13	180.0	73.0
5.6733796E13	180.0	73.0
5.6733804E13	180.0	74.0
5.6733817E13	180.0	75.0
5.6733825E13	179.0	77.0
5.6733838E13	179.0	79.0
5.6733846E13	179.0	80.0
5.6733855E13	178.0	80.0
5.6733867E13	178.0	80.0
5.6733876E13	178.0	81.0
5.6733884E13	178.0	82.0
5.6733897E13	177.0	84.0
5.6733905E13	177.0	85.0
5.6733918E13	177.0	85.0
5.6733926E13	177.0	84.0
5.6733934E13	176.0	83.0
5.6733947E13	176.0	82.0
5.6733955E13	176.0	81.0
5.6733968E13	176.0	81.0
5.6733976E13	175.0	80.0
5.6733985E13	175.0	80.0
5.6733997E13	175.0	80.0
5.6734006E13	174.0	81.0
5.6734014E13	174.0	84.0
5.6734027E13	174.0	86.0
5.6734035E13	174.0	88.0
5.6734048E13	173.0	89.0
5.6734056E13	173.0	88.0
5.6734064E13	173.0	87.0
5.6734077E13	173.0	85.0
5.6734085E13	178.0	83.0
5.6734098E13	178.0	81.0
5.673411E13	178.0	80.0
5.6734115E13	178.0	80.0
5.6734127E13	187.0	81.0
5.6734136E13	187.0	83.0
5.673415E13	187.0	85.0
5.6734157E13	197.0	86.0
5.6734165E13	197.0	87.0
5.6734178E13	197.0	87.0
5.6734186E13	197.0	85.0
5.6734194E13	210.0	82.0
5.673421E13	210.0	81.0
5.6734215E13	210.0	79.0
5.6734228E13	210.0	77.0
5.6734236E13	221.0	75.0
5.6734245E13	221.0	74.0
5.6734257E13	221.0	72.0
5.6734266E13	221.0	70.0
5.673428E13	230.0	67.0
5.6734287E13	230.0	64.0
5.6734295E13	230.0	63.0
5.6734308E13	239.0	66.0
5.6734316E13	239.0	71.0
5.673433E13	239.0	76.0
5.6734337E13	239.0	76.0
5.6734345E13	249.0	74.0
5.673436E13	249.0	70.0
5.6734366E13	249.0	68.0
5.6734375E13	249.0	68.0
5.6734387E13	256.0	70.0
5.6734396E13	256.0	74.0
5.673441E13	256.0	78.0
5.6734417E13	258.0	77.0
5.6734425E13	258.0	77.0
5.6734438E13	258.0	74.0
5.6734446E13	258.0	74.0
5.673446E13	257.0	75.0
5.6734467E13	257.0	76.0
5.6734475E13	257.0	74.0
5.673449E13	251.0	70.0
5.6734496E13	251.0	70.0
5.6734505E13	251.0	67.0
5.6734517E13	251.0	62.0
5.6734526E13	243.0	63.0
5.673454E13	243.0	66.0
5.6734547E13	243.0	70.0
5.6734555E13	236.0	72.0
5.6734568E13	236.0	72.0
5.6734576E13	236.0	72.0
5.673459E13	236.0	72.0
5.6734597E13	236.0	74.0
5.6734605E13	231.0	76.0
5.673462E13	231.0	78.0
5.6734626E13	231.0	79.0
5.6734635E13	231.0	79.0
5.6734647E13	224.0	78.0
5.6734656E13	224.0	77.0
5.673467E13	224.0	76.0
5.6734677E13	224.0	73.0
5.6734685E13	214.0	72.0
5.6734698E13	214.0	72.0
5.6734706E13	214.0	71.0
5.673472E13	204.0	71.0
5.6734727E13	204.0	72.0
5.6734735E13	204.0	72.0
5.673475E13	204.0	72.0
5.6734756E13	196.0	72.0
5.673477E13	196.0	72.0
5.6734777E13	196.0	71.0
5.6734786E13	196.0	71.0
5.67348E13	189.0	72.0
5.6734807E13	189.0	73.0
5.6734815E13	189.0	73.0
5.6734828E13	189.0	74.0
5.6734836E13	184.0	75.0
5.673485E13	184.0	76.0
5.6734857E13	184.0	76.0
5.6734865E13	178.0	78.0
5.673488E13	178.0	78.0
5.6734886E13	178.0	77.0
5.67349E13	178.0	75.0
5.6734907E13	175.0	74.0
5.6734916E13	175.0	73.0
5.673493E13	175.0	73.0
5.6734937E13	175.0	72.0
5.6734945E13	175.0	70.0
5.6734958E13	175.0	68.0
5.6734966E13	175.0	67.0
5.673498E13	175.0	68.0
5.6734987E13	175.0	70.0
5.6734995E13	175.0	72.0
5.673501E13	175.0	74.0
5.6735016E13	175.0	76.0
5.673503E13	175.0	77.0
5.6735037E13	175.0	79.0
5.6735046E13	175.0	80.0
5.673506E13	176.0	81.0
5.6735067E13	176.0	82.0
5.6735075E13	176.0	84.0
5.6735088E13	176.0	84.0
5.6735096E13	176.0	84.0
5.673511E13	176.0	83.0
5.6735117E13	176.0	81.0
5.6735125E13	176.0	79.0
5.673514E13	174.0	77.0
5.6735146E13	174.0	76.0
5.673516E13	174.0	75.0
5.6735167E13	171.0	74.0
5.6735176E13	171.0	74.0
5.673519E13	171.0	76.0
5.6735197E13	171.0	78.0
5.673521E13	169.0	82.0
5.6735218E13	169.0	85.0
5.6735226E13	169.0	87.0
5.673524E13	169.0	88.0
5.6735247E13	172.0	87.0
5.6735255E13	172.0	85.0
5.673527E13	172.0	83.0
5.6735276E13	172.0	82.0
5.673529E13	180.0	82.0
5.6735297E13	180.0	83.0
5.6735306E13	180.0	84.0
5.673532E13	192.0	85.0
5.6735327E13	192.0	87.0
5.673534E13	192.0	89.0
5.6735348E13	192.0	86.0
5.6735356E13	207.0	85.0
5.673537E13	207.0	84.0
5.6735377E13	207.0	83.0
5.6735386E13	219.0	78.0
5.67354E13	219.0	76.0
5.6735406E13	219.0	76.0
5.673542E13	219.0	73.0
5.6735427E13	219.0	71.0
5.6735436E13	228.0	67.0
5.673545E13	228.0	66.0
5.6735457E13	228.0	66.0
5.673547E13	235.0	67.0
5.6735478E13	235.0	67.0
5.6735486E13	235.0	70.0
5.67355E13	235.0	71.0
5.6735507E13	243.0	72.0
5.673552E13	243.0	70.0
5.673553E13	243.0	67.0
5.6735537E13	243.0	65.0
5.673555E13	251.0	66.0
5.6735557E13	251.0	70.0
5.6735566E13	256.0	74.0
5.673558E13	256.0	74.0
5.6735587E13	256.0	75.0
5.67356E13	256.0	75.0
5.6735608E13	256.0	75.0
5.6735616E13	258.0	75.0
5.673563E13	258.0	75.0
5.6735637E13	258.0	76.0
5.673565E13	258.0	75.0
5.673566E13	255.0	73.0
5.6735667E13	255.0	70.0
5.673568E13	255.0	68.0
5.6735688E13	255.0	67.0
5.6735696E13	247.0	65.0
5.673571E13	247.0	64.0
5.6735717E13	247.0	65.0
5.673573E13	240.0	67.0
5.6735738E13	240.0	70.0
5.6735746E13	240.0	72.0
5.673576E13	240.0	72.0
5.6735767E13	235.0	72.0
5.673578E13	235.0	74.0
5.673579E13	235.0	75.0
5.6735797E13	235.0	77.0
5.673581E13	229.0	79.0
5.6735818E13	229.0	80.0
5.6735826E13	229.0	80.0
5.673584E13	229.0	81.0
5.6735847E13	220.0	81.0
5.673586E13	220.0	82.0
5.6735868E13	220.0	81.0
5.6735876E13	209.0	80.0
5.673589E13	209.0	79.0
5.6735897E13	209.0	78.0
5.673591E13	209.0	75.0
5.673592E13	200.0	74.0
5.6735927E13	200.0	73.0
5.673594E13	200.0	72.0
5.6735948E13	200.0	71.0
5.673596E13	192.0	70.0
5.673597E13	192.0	70.0
5.6735977E13	192.0	71.0
5.673599E13	192.0	72.0
5.6735998E13	186.0	73.0
5.6736006E13	186.0	74.0
5.673602E13	186.0	75.0
5.6736027E13	182.0	76.0
5.673604E13	182.0	76.0
5.673605E13	182.0	76.0
5.6736057E13	182.0	76.0
5.673607E13	179.0	76.0
5.6736078E13	179.0	76.0
5.673609E13	179.0	75.0
5.67361E13	179.0	75.0
5.6736107E13	178.0	74.0
5.673612E13	178.0	73.0
5.673613E13	178.0	72.0
5.6736136E13	178.0	71.0
5.673615E13	179.0	71.0
5.6736157E13	179.0	73.0
5.673617E13	179.0	74.0
5.673618E13	180.0	74.0
5.6736187E13	180.0	75.0
5.67362E13	180.0	77.0
5.6736208E13	180.0	79.0
5.673622E13	179.0	80.0
5.673623E13	179.0	80.0
5.6736237E13	179.0	81.0
5.673625E13	179.0	81.0
5.673626E13	180.0	82.0
5.6736266E13	180.0	83.0
5.673628E13	180.0	83.0
5.6736287E13	180.0	83.0
5.67363E13	179.0	83.0
5.673631E13	179.0	83.0
5.6736317E13	179.0	81.0
5.673633E13	179.0	81.0
5.6736338E13	179.0	81.0
5.673635E13	179.0	81.0
5.673636E13	179.0	81.0
5.6736367E13	179.0	79.0
5.673638E13	179.0	79.0
5.673639E13	179.0	79.0
5.67364E13	179.0	81.0
5.673641E13	180.0	83.0
5.6736417E13	180.0	84.0
5.673643E13	180.0	84.0
5.673644E13	186.0	84.0
5.6736447E13	186.0	84.0
5.673646E13	186.0	82.0
5.6736468E13	197.0	82.0
5.673648E13	197.0	82.0
5.673649E13	197.0	83.0
5.6736497E13	197.0	83.0
5.673651E13	197.0	85.0
5.673652E13	211.0	87.0
5.673653E13	211.0	88.0
5.673654E13	211.0	88.0
5.6736547E13	211.0	86.0
5.673656E13	224.0	84.0
5.673657E13	224.0	80.0
5.6736577E13	234.0	79.0
5.673659E13	234.0	77.0
5.67366E13	234.0	74.0
5.673661E13	234.0	72.0
5.673662E13	244.0	69.0
5.6736627E13	244.0	67.0
5.673664E13	244.0	66.0
5.673665E13	244.0	66.0
5.673666E13	254.0	65.0
5.673667E13	254.0	66.0
5.6736677E13	254.0	67.0
5.673669E13	254.0	68.0
5.67367E13	265.0	69.0
5.6736707E13	265.0	69.0
5.673672E13	265.0	69.0
5.6736728E13	265.0	69.0
5.673674E13	277.0	67.0
5.673675E13	277.0	65.0
5.6736757E13	277.0	66.0
5.673677E13	277.0	68.0
5.673678E13	284.0	72.0
5.673679E13	284.0	74.0
5.67368E13	284.0	73.0
5.6736807E13	284.0	72.0
5.673682E13	285.0	72.0
5.673683E13	285.0	73.0
5.6736837E13	285.0	74.0
5.673685E13	285.0	74.0
5.6736858E13	279.0	73.0
5.673687E13	279.0	71.0
5.673688E13	279.0	69.0
5.6736887E13	268.0	66.0
5.67369E13	268.0	64.0
5.673691E13	268.0	63.0
5.673692E13	268.0	63.0
5.673693E13	259.0	64.0
5.6736937E13	259.0	67.0
5.673695E13	259.0	69.0
5.673696E13	259.0	72.0
5.673697E13	256.0	74.0
5.673698E13	256.0	75.0
5.6736988E13	256.0	77.0
5.6737E13	256.0	79.0
5.673701E13	254.0	80.0
5.6737017E13	254.0	81.0
5.673703E13	254.0	82.0
5.673704E13	248.0	82.0
5.673705E13	248.0	82.0
5.673706E13	248.0	82.0
5.6737067E13	248.0	82.0
5.673708E13	239.0	81.0
5.673709E13	239.0	80.0
5.67371E13	239.0	78.0
5.673711E13	239.0	76.0
5.6737118E13	229.0	75.0
5.673713E13	229.0	73.0
5.673714E13	229.0	72.0
5.6737147E13	229.0	72.0
5.673716E13	222.0	71.0
5.673717E13	222.0	72.0
5.673718E13	222.0	73.0
5.673719E13	217.0	73.0
5.6737197E13	217.0	75.0
5.673721E13	217.0	77.0
5.673722E13	217.0	77.0
5.673723E13	214.0	76.0
5.673724E13	214.0	76.0
5.6737248E13	214.0	77.0
5.673726E13	214.0	77.0
5.673727E13	213.0	76.0
5.673728E13	213.0	76.0
5.673729E13	213.0	75.0
5.67373E13	213.0	75.0
5.673731E13	213.0	75.0
5.673732E13	213.0	74.0
5.6737327E13	213.0	73.0
5.673734E13	215.0	72.0
5.673735E13	215.0	72.0
5.673736E13	215.0	72.0
5.6737378E13	215.0	74.0
5.673739E13	215.0	75.0
5.67374E13	215.0	77.0
5.673741E13	215.0	79.0
5.673742E13	216.0	80.0
5.673743E13	216.0	81.0
5.673744E13	216.0	81.0
5.6737453E13	219.0	82.0
5.673746E13	219.0	83.0
5.673747E13	219.0	85.0
5.673748E13	222.0	84.0
5.673749E13	222.0	83.0
5.67375E13	222.0	83.0
5.6737508E13	222.0	82.0
5.673752E13	222.0	82.0
5.673753E13	227.0	80.0
5.673754E13	227.0	79.0
5.673755E13	227.0	78.0
5.673756E13	227.0	79.0
5.673757E13	230.0	79.0
5.673758E13	230.0	81.0
5.673759E13	233.0	83.0
5.67376E13	233.0	84.0
5.673761E13	233.0	86.0
5.673762E13	233.0	86.0
5.673763E13	233.0	86.0
5.6737638E13	238.0	86.0
5.673765E13	238.0	85.0
5.673766E13	238.0	84.0
5.673767E13	238.0	84.0
5.673768E13	248.0	83.0
5.673769E13	248.0	84.0
5.67377E13	248.0	85.0
5.673771E13	248.0	86.0
5.673772E13	258.0	87.0
5.673773E13	258.0	86.0
5.673774E13	258.0	87.0
5.673775E13	270.0	84.0
5.673776E13	270.0	81.0
5.6737768E13	270.0	78.0
5.673778E13	270.0	76.0
5.673779E13	280.0	74.0
5.67378E13	280.0	73.0
5.673781E13	280.0	71.0
5.673782E13	280.0	69.0
5.673783E13	287.0	69.0
5.673784E13	287.0	68.0
5.673785E13	287.0	67.0
5.673786E13	287.0	68.0
5.673787E13	294.0	69.0
5.673788E13	294.0	69.0
5.673789E13	294.0	69.0
5.67379E13	302.0	70.0
5.673791E13	302.0	70.0
5.673792E13	302.0	69.0
5.673793E13	302.0	68.0
5.673794E13	309.0	67.0
5.673795E13	309.0	67.0
5.673796E13	309.0	67.0
5.673797E13	309.0	68.0
5.673798E13	309.0	73.0
5.673799E13	309.0	72.0
5.6738E13	309.0	72.0
5.673801E13	305.0	74.0
5.673802E13	305.0	75.0
5.6738032E13	305.0	77.0
5.673804E13	296.0	76.0
5.673805E13	296.0	75.0
5.673806E13	296.0	75.0
5.673807E13	296.0	72.0
5.673808E13	296.0	72.0
5.673809E13	285.0	70.0
5.67381E13	285.0	68.0
5.673811E13	285.0	66.0
5.673812E13	285.0	65.0
5.673813E13	274.0	65.0
5.673814E13	274.0	67.0
5.673815E13	274.0	69.0
5.6738162E13	274.0	72.0
5.673817E13	267.0	75.0
5.673818E13	267.0	76.0
5.673819E13	267.0	77.0
5.67382E13	260.0	78.0
5.673821E13	260.0	80.0
5.673822E13	260.0	82.0
5.673823E13	260.0	83.0
5.673824E13	251.0	83.0
5.673825E13	251.0	83.0
5.673826E13	251.0	82.0
5.673827E13	251.0	81.0
5.673828E13	241.0	80.0
5.6738292E13	241.0	78.0
5.67383E13	241.0	76.0
5.673831E13	241.0	74.0
5.673832E13	232.0	72.0
5.673833E13	232.0	71.0
5.673834E13	232.0	71.0
5.673835E13	226.0	70.0
5.673836E13	226.0	70.0
5.673837E13	226.0	71.0
5.673838E13	226.0	72.0
5.6738393E13	222.0	72.0
5.67384E13	222.0	73.0
5.673841E13	222.0	76.0
5.6738422E13	217.0	77.0
5.673843E13	217.0	77.0
5.673844E13	217.0	77.0
5.673845E13	217.0	77.0
5.673846E13	211.0	78.0
5.6738473E13	211.0	77.0
5.673848E13	211.0	77.0
5.673849E13	207.0	76.0
5.67385E13	207.0	75.0
5.673851E13	207.0	74.0
5.673852E13	207.0	73.0
5.673853E13	204.0	73.0
5.673854E13	204.0	72.0
5.6738552E13	204.0	72.0
5.673856E13	204.0	73.0
5.673857E13	201.0	73.0
5.673858E13	201.0	74.0
5.673859E13	201.0	76.0
5.6738603E13	196.0	78.0
5.673861E13	196.0	78.0
5.673862E13	193.0	80.0
5.673864E13	193.0	80.0
5.673865E13	193.0	81.0
5.673866E13	193.0	82.0
5.673867E13	193.0	82.0
5.6738682E13	193.0	83.0
5.673869E13	190.0	84.0
5.67387E13	190.0	84.0
5.673871E13	190.0	83.0
5.673872E13	190.0	82.0
5.6738733E13	184.0	82.0
5.673874E13	184.0	82.0
5.673875E13	184.0	83.0
5.673876E13	178.0	83.0
5.673877E13	178.0	83.0
5.673878E13	178.0	84.0
5.673879E13	178.0	85.0
5.67388E13	172.0	87.0
5.6738812E13	172.0	88.0
5.673882E13	172.0	88.0
5.673883E13	172.0	88.0
5.673884E13	169.0	87.0
5.673885E13	169.0	85.0
5.6738863E13	169.0	83.0
5.673887E13	169.0	82.0
5.673888E13	172.0	81.0
5.673889E13	172.0	81.0
5.67389E13	172.0	82.0
5.673891E13	180.0	83.0
5.673892E13	180.0	85.0
5.673893E13	180.0	88.0
5.6738942E13	180.0	89.0
5.673895E13	193.0	89.0
5.673896E13	193.0	87.0
5.673897E13	193.0	85.0
5.673898E13	193.0	84.0
5.6738993E13	206.0	83.0
5.6739E13	206.0	81.0
5.673901E13	206.0	80.0
5.673902E13	206.0	77.0
5.673903E13	215.0	74.0
5.6739043E13	215.0	70.0
5.673905E13	215.0	69.0
5.673906E13	223.0	67.0
5.6739072E13	223.0	68.0
5.673908E13	223.0	70.0
5.673909E13	223.0	72.0
5.67391E13	232.0	73.0
5.673911E13	232.0	73.0
5.6739123E13	232.0	72.0
5.673913E13	232.0	70.0
5.673914E13	241.0	67.0
5.673915E13	241.0	66.0
5.673916E13	241.0	69.0
5.6739173E13	241.0	72.0
5.673918E13	247.0	73.0
5.673919E13	247.0	74.0
5.6739202E13	247.0	74.0
5.673921E13	246.0	74.0
5.673922E13	246.0	74.0
5.673923E13	246.0	75.0
5.673924E13	246.0	75.0
5.6739253E13	240.0	75.0
5.673926E13	240.0	74.0
5.673927E13	240.0	73.0
5.673928E13	240.0	70.0
5.673929E13	230.0	67.0
5.6739303E13	230.0	65.0
5.673931E13	230.0	64.0
5.673934E13	221.0	68.0
5.6739353E13	221.0	71.0
5.673936E13	216.0	74.0
5.673937E13	216.0	77.0
5.6739383E13	216.0	79.0
5.673939E13	216.0	80.0
5.67394E13	210.0	81.0
5.673941E13	210.0	81.0
5.673942E13	210.0	81.0
5.6739433E13	210.0	81.0
5.673944E13	202.0	81.0
5.673945E13	202.0	81.0
5.6739462E13	202.0	82.0
5.673947E13	193.0	82.0
5.6739483E13	193.0	80.0
5.673949E13	193.0	79.0
5.67395E13	193.0	78.0
5.6739513E13	184.0	77.0
5.673952E13	184.0	76.0
5.673953E13	184.0	75.0
5.673954E13	184.0	74.0
5.673955E13	178.0	74.0
5.6739563E13	178.0	72.0
5.673957E13	178.0	72.0
5.673958E13	175.0	71.0
5.6739592E13	175.0	72.0
5.67396E13	175.0	72.0
5.6739613E13	173.0	73.0
5.673962E13	173.0	73.0
5.673963E13	173.0	75.0
5.6739643E13	173.0	75.0
5.673965E13	170.0	75.0
5.6739664E13	170.0	77.0
5.673967E13	170.0	77.0
5.6739685E13	168.0	75.0
5.6739693E13	168.0	75.0
5.67397E13	168.0	73.0
5.673971E13	168.0	72.0
5.6739722E13	168.0	71.0
5.673973E13	168.0	72.0
5.6739743E13	168.0	71.0
5.673975E13	168.0	70.0
5.673976E13	166.0	70.0
5.6739773E13	166.0	72.0
5.673978E13	166.0	72.0
5.6739794E13	166.0	73.0
5.6739802E13	166.0	77.0
5.673981E13	165.0	78.0
5.6739823E13	165.0	79.0
5.673983E13	165.0	79.0
5.673984E13	165.0	79.0
5.6739852E13	165.0	79.0
5.673986E13	165.0	81.0
5.6739873E13	165.0	83.0
5.673988E13	165.0	85.0
5.673989E13	165.0	86.0
5.6739903E13	165.0	85.0
5.673991E13	165.0	83.0
5.6739924E13	164.0	81.0
5.6739932E13	164.0	80.0
5.673994E13	164.0	79.0
5.6739953E13	164.0	78.0
5.673996E13	163.0	78.0
5.673997E13	163.0	78.0
5.6739982E13	163.0	80.0
5.673999E13	163.0	82.0
5.6740003E13	161.0	84.0
5.674001E13	161.0	86.0
5.674002E13	161.0	87.0
5.6740033E13	161.0	87.0
5.674004E13	162.0	86.0
5.6740054E13	162.0	85.0
5.6740062E13	162.0	84.0
5.674007E13	168.0	83.0
5.6740083E13	168.0	83.0
5.674009E13	168.0	84.0
5.67401E13	168.0	85.0
5.6740112E13	178.0	87.0
5.674012E13	178.0	88.0
5.6740133E13	178.0	89.0
5.674014E13	178.0	88.0
5.674015E13	190.0	86.0
5.6740163E13	190.0	85.0
5.674017E13	190.0	83.0
5.6740184E13	190.0	80.0
5.6740192E13	203.0	76.0
5.67402E13	203.0	75.0
5.6740213E13	203.0	74.0
5.674022E13	217.0	72.0
5.674023E13	217.0	71.0
5.6740243E13	217.0	72.0
5.674025E13	217.0	72.0
5.6740263E13	230.0	70.0
5.674027E13	230.0	68.0
5.674028E13	230.0	68.0
5.6740293E13	230.0	70.0
5.67403E13	242.0	71.0
5.6740314E13	242.0	71.0
5.6740322E13	242.0	69.0
5.674033E13	254.0	67.0
5.6740343E13	254.0	65.0
5.674035E13	254.0	65.0
5.6740364E13	254.0	67.0
5.6740373E13	257.0	74.0
5.674038E13	257.0	74.0
5.6740394E13	257.0	74.0
5.67404E13	257.0	73.0
5.674041E13	256.0	73.0
5.6740423E13	256.0	74.0
5.674043E13	256.0	75.0
5.6740444E13	256.0	75.0
5.6740452E13	251.0	73.0
5.674046E13	251.0	72.0
5.6740473E13	251.0	71.0
5.674048E13	242.0	69.0
5.6740494E13	242.0	67.0
5.6740503E13	242.0	64.0
5.674051E13	242.0	61.0
5.6740524E13	232.0	59.0
5.674053E13	232.0	61.0
5.6740545E13	232.0	65.0
5.6740553E13	232.0	71.0
5.674056E13	226.0	72.0
5.6740574E13	226.0	74.0
5.6740582E13	226.0	76.0
5.674059E13	220.0	78.0
5.6740603E13	220.0	79.0
5.674061E13	220.0	79.0
5.6740624E13	212.0	79.0
5.6740633E13	212.0	80.0
5.674064E13	212.0	80.0
5.6740654E13	212.0	80.0
5.674066E13	201.0	79.0
5.6740675E13	201.0	79.0
5.6740683E13	201.0	79.0
5.674069E13	201.0	77.0
5.6740704E13	189.0	75.0
5.6740712E13	189.0	75.0
5.674072E13	189.0	75.0
5.6740733E13	189.0	75.0
5.674074E13	189.0	75.0
5.6740754E13	180.0	73.0
5.6740763E13	180.0	74.0
5.674077E13	180.0	74.0
5.6740784E13	175.0	74.0
5.674079E13	175.0	74.0
5.6740805E13	175.0	74.0
5.6740813E13	175.0	73.0
5.674082E13	172.0	72.0
5.6740834E13	172.0	72.0
5.6740842E13	172.0	72.0
5.674085E13	172.0	73.0
5.6740863E13	170.0	75.0
5.674087E13	170.0	76.0
5.6740884E13	170.0	76.0
5.6740893E13	169.0	74.0
5.6740905E13	169.0	74.0
5.6740914E13	169.0	71.0
5.674092E13	169.0	70.0
5.6740935E13	169.0	69.0
5.6740943E13	169.0	68.0
5.674095E13	169.0	67.0
5.6740964E13	169.0	67.0
5.6740972E13	167.0	69.0
5.6740985E13	167.0	71.0
5.6740993E13	167.0	73.0
5.6741E13	167.0	75.0
5.6741014E13	167.0	79.0
5.6741023E13	167.0	80.0
5.674103E13	167.0	80.0
5.6741044E13	167.0	79.0
5.674105E13	170.0	79.0
5.6741065E13	170.0	78.0
5.6741073E13	170.0	78.0
5.674108E13	170.0	78.0
5.6741094E13	170.0	78.0
5.6741107E13	170.0	78.0
5.6741115E13	170.0	79.0
5.6741123E13	168.0	78.0
5.674113E13	168.0	76.0
5.6741144E13	168.0	74.0
5.6741153E13	168.0	73.0
5.674116E13	166.0	73.0
5.6741174E13	166.0	73.0
5.674118E13	166.0	74.0
5.6741195E13	166.0	77.0
5.6741203E13	167.0	80.0
5.674121E13	167.0	83.0
5.6741224E13	167.0	85.0
5.6741232E13	170.0	86.0
5.6741245E13	170.0	87.0
5.6741253E13	170.0	88.0
5.674126E13	170.0	88.0
5.6741274E13	177.0	87.0
5.6741283E13	177.0	87.0
5.674129E13	177.0	86.0
5.6741304E13	177.0	89.0
5.674131E13	186.0	88.0
5.6741325E13	186.0	87.0
5.6741333E13	186.0	86.0
5.674134E13	196.0	85.0
5.6741354E13	196.0	83.0
5.6741362E13	196.0	81.0
5.6741375E13	196.0	79.0
5.6741383E13	204.0	77.0
5.674139E13	204.0	74.0
5.6741404E13	204.0	72.0
5.6741413E13	204.0	69.0
5.6741425E13	210.0	67.0
5.6741434E13	210.0	66.0
5.674144E13	210.0	66.0
5.6741455E13	210.0	65.0
5.6741463E13	218.0	65.0
5.674147E13	218.0	65.0
5.6741484E13	218.0	67.0
5.6741492E13	227.0	70.0
5.6741505E13	227.0	72.0
5.6741513E13	227.0	72.0
5.674153E13	235.0	68.0
5.6741534E13	235.0	68.0
5.6741543E13	235.0	67.0
5.6741555E13	235.0	67.0
5.6741564E13	235.0	70.0
5.6741572E13	241.0	74.0
5.6741585E13	241.0	75.0
5.6741593E13	241.0	74.0
5.6741606E13	242.0	75.0
5.6741614E13	242.0	75.0
5.6741622E13	242.0	75.0
5.6741635E13	242.0	75.0
5.6741643E13	237.0	74.0
5.674165E13	237.0	74.0
5.6741664E13	237.0	72.0
5.6741673E13	237.0	70.0
5.6741685E13	229.0	66.0
5.6741694E13	229.0	63.0
5.6741702E13	229.0	62.0
5.6741715E13	221.0	65.0
5.6741723E13	221.0	69.0
5.674173E13	221.0	73.0
5.6741744E13	221.0	75.0
5.6741752E13	221.0	75.0
5.6741765E13	216.0	76.0
5.6741773E13	216.0	77.0
5.674178E13	216.0	78.0
5.6741794E13	211.0	79.0
5.6741803E13	211.0	80.0
5.6741815E13	211.0	81.0
5.6741824E13	211.0	80.0
5.6741832E13	202.0	80.0
5.6741845E13	202.0	80.0
5.6741853E13	202.0	79.0
5.6741866E13	202.0	78.0
5.6741874E13	192.0	77.0
5.6741882E13	192.0	75.0
5.6741895E13	192.0	73.0
5.6741903E13	192.0	72.0
5.674191E13	183.0	71.0
5.6741924E13	183.0	71.0
5.6741933E13	183.0	72.0
5.6741945E13	178.0	71.0
5.6741954E13	178.0	72.0
5.6741962E13	178.0	72.0
5.6741975E13	178.0	74.0
5.6741983E13	174.0	75.0
5.6741996E13	174.0	76.0
5.6742004E13	174.0	78.0
5.6742013E13	174.0	78.0
5.6742025E13	169.0	78.0
5.6742033E13	169.0	77.0
5.6742046E13	169.0	73.0
5.6742054E13	169.0	72.0
5.6742063E13	166.0	72.0
5.6742075E13	166.0	73.0
5.6742084E13	166.0	74.0
5.6742092E13	166.0	75.0
5.6742105E13	166.0	74.0
5.6742113E13	166.0	72.0
5.6742126E13	166.0	71.0
5.6742134E13	167.0	71.0
5.6742143E13	167.0	71.0
5.6742155E13	167.0	73.0
5.6742164E13	167.0	74.0
5.6742176E13	167.0	76.0
5.6742184E13	167.0	77.0
5.6742193E13	167.0	79.0
5.6742205E13	166.0	80.0
5.6742214E13	166.0	80.0
5.6742222E13	166.0	80.0
5.6742235E13	166.0	80.0
5.6742243E13	166.0	81.0
5.6742256E13	166.0	83.0
5.6742264E13	166.0	84.0
5.6742273E13	166.0	83.0
5.6742285E13	165.0	81.0
5.6742294E13	165.0	80.0
5.6742306E13	165.0	78.0
5.6742315E13	165.0	77.0
5.6742323E13	164.0	77.0
5.6742335E13	164.0	77.0
5.6742344E13	164.0	78.0
5.6742352E13	164.0	80.0
5.6742365E13	164.0	82.0
5.6742373E13	164.0	84.0
5.6742386E13	164.0	86.0
5.6742394E13	164.0	89.0
5.6742403E13	164.0	90.0
5.6742415E13	164.0	90.0
5.6742424E13	164.0	88.0
5.6742436E13	168.0	86.0
5.6742445E13	168.0	83.0
5.6742453E13	168.0	82.0
5.6742466E13	168.0	81.0
5.6742474E13	178.0	81.0
5.6742482E13	178.0	82.0
5.6742495E13	178.0	84.0
5.6742503E13	191.0	86.0
5.6742516E13	191.0	88.0
5.6742524E13	191.0	88.0
5.6742533E13	191.0	86.0
5.6742545E13	203.0	84.0
5.6742554E13	203.0	82.0
5.6742566E13	203.0	82.0
5.6742575E13	203.0	80.0
5.6742583E13	213.0	77.0
5.6742596E13	213.0	75.0
5.6742604E13	213.0	74.0
5.6742616E13	213.0	74.0
5.6742625E13	222.0	73.0
5.6742633E13	222.0	73.0
5.6742646E13	232.0	73.0
5.6742654E13	232.0	73.0
5.6742663E13	232.0	73.0
5.6742675E13	232.0	74.0
5.6742684E13	232.0	74.0
5.6742696E13	242.0	68.0
5.674271E13	242.0	66.0
5.6742713E13	242.0	65.0
5.6742726E13	248.0	64.0
5.674274E13	248.0	66.0
5.6742747E13	248.0	68.0
5.6742763E13	250.0	71.0
5.6742755E13	250.0	71.0
5.6742776E13	250.0	67.0
5.6742784E13	250.0	67.0
5.6742797E13	248.0	69.0
5.6742805E13	248.0	72.0
5.6742814E13	248.0	74.0
5.6742826E13	248.0	74.0
5.6742835E13	248.0	73.0
5.6742843E13	245.0	70.0
5.6742856E13	245.0	69.0
5.6742864E13	245.0	70.0
5.6742877E13	245.0	68.0
5.6742885E13	240.0	66.0
5.6742893E13	240.0	65.0
5.6742906E13	240.0	66.0
5.6742914E13	240.0	68.0
5.6742923E13	234.0	71.0
5.6742935E13	234.0	73.0
5.6742944E13	234.0	73.0
5.6742956E13	229.0	72.0
5.6742965E13	229.0	72.0
5.6742973E13	229.0	73.0
5.6742986E13	229.0	75.0
5.6742994E13	221.0	77.0
5.6743007E13	221.0	78.0
5.6743015E13	221.0	79.0
5.6743023E13	221.0	79.0
5.6743036E13	212.0	78.0
5.6743044E13	212.0	77.0
5.6743057E13	212.0	77.0
5.6743065E13	212.0	76.0
5.6743074E13	203.0	75.0
5.6743086E13	203.0	74.0
5.6743095E13	203.0	73.0
5.6743103E13	194.0	72.0
5.6743116E13	194.0	72.0
5.6743124E13	194.0	72.0
5.6743137E13	194.0	72.0
5.6743145E13	187.0	73.0
5.6743153E13	187.0	73.0
5.6743166E13	187.0	74.0
5.6743174E13	187.0	75.0
5.6743187E13	181.0	76.0
5.6743195E13	181.0	77.0
5.6743204E13	181.0	77.0
5.6743216E13	176.0	77.0
5.6743225E13	176.0	77.0
5.6743233E13	176.0	77.0
5.6743246E13	176.0	77.0
5.6743254E13	172.0	78.0
5.6743267E13	172.0	80.0
5.6743275E13	172.0	81.0
5.6743283E13	172.0	81.0
5.6743296E13	170.0	79.0
5.6743304E13	170.0	77.0
5.6743317E13	170.0	75.0
5.6743325E13	170.0	74.0
5.6743334E13	169.0	74.0
5.6743346E13	169.0	75.0
5.6743355E13	169.0	75.0
5.6743367E13	169.0	76.0
5.6743376E13	169.0	76.0
5.6743384E13	169.0	76.0
5.6743397E13	169.0	77.0
5.6743405E13	168.0	79.0
5.6743413E13	168.0	81.0
5.6743426E13	168.0	82.0
5.6743434E13	168.0	82.0
5.6743447E13	166.0	83.0
5.6743455E13	166.0	84.0
5.6743464E13	166.0	85.0
5.6743476E13	165.0	85.0
5.6743485E13	165.0	85.0
5.6743497E13	165.0	84.0
5.6743506E13	165.0	83.0
5.6743514E13	165.0	82.0
5.6743527E13	165.0	81.0
5.6743535E13	165.0	81.0
5.6743543E13	165.0	80.0
5.6743556E13	165.0	79.0
5.6743564E13	165.0	78.0
5.6743577E13	165.0	79.0
5.6743585E13	165.0	79.0
5.6743594E13	165.0	81.0
5.6743606E13	165.0	81.0
5.6743615E13	165.0	82.0
5.6743627E13	169.0	82.0
5.6743636E13	169.0	81.0
5.6743644E13	169.0	81.0
5.6743657E13	169.0	80.0
5.6743665E13	178.0	79.0
5.6743673E13	178.0	79.0
5.6743686E13	178.0	80.0
5.6743694E13	178.0	80.0
5.6743707E13	193.0	84.0
5.6743715E13	193.0	84.0
5.6743724E13	193.0	87.0
5.6743736E13	193.0	89.0
5.6743745E13	205.0	88.0
5.6743757E13	205.0	85.0
5.6743766E13	205.0	80.0
5.6743774E13	205.0	80.0
5.6743787E13	215.0	75.0
5.6743795E13	215.0	72.0
5.6743808E13	220.0	70.0
5.6743816E13	220.0	68.0
5.6743824E13	220.0	68.0
5.6743837E13	220.0	67.0
5.6743845E13	220.0	66.0
5.6743854E13	224.0	66.0
5.6743866E13	224.0	65.0
5.6743875E13	224.0	66.0
5.6743887E13	224.0	65.0
5.6743896E13	229.0	64.0
5.6743904E13	229.0	66.0
5.6743917E13	229.0	67.0
5.6743925E13	229.0	67.0
5.6743934E13	235.0	66.0
5.6743946E13	235.0	64.0
5.6743954E13	235.0	63.0
5.6743967E13	241.0	62.0
5.6743975E13	241.0	63.0
5.6743984E13	241.0	67.0
5.6743996E13	241.0	73.0
5.6744005E13	243.0	75.0
5.6744017E13	243.0	73.0
5.6744026E13	243.0	72.0
5.6744034E13	243.0	73.0
5.6744047E13	244.0	74.0
5.6744055E13	244.0	74.0
5.6744068E13	244.0	74.0
5.6744076E13	244.0	74.0
5.6744085E13	239.0	73.0
5.6744097E13	239.0	71.0
5.6744105E13	239.0	70.0
5.6744114E13	229.0	70.0
5.6744126E13	229.0	69.0
5.6744135E13	229.0	69.0
5.6744147E13	229.0	68.0
5.6744156E13	218.0	68.0
5.6744164E13	218.0	69.0
5.6744177E13	218.0	70.0
5.6744185E13	218.0	71.0
5.6744198E13	210.0	73.0
5.6744206E13	210.0	75.0
5.6744215E13	210.0	77.0
5.6744227E13	204.0	79.0
5.6744235E13	204.0	80.0
5.6744244E13	204.0	80.0
5.6744256E13	204.0	80.0
5.6744265E13	197.0	80.0
5.6744277E13	197.0	80.0
5.6744286E13	197.0	78.0
5.6744294E13	197.0	77.0
5.6744307E13	190.0	76.0
5.6744315E13	190.0	75.0
5.6744328E13	190.0	74.0
5.6744336E13	190.0	73.0
5.6744345E13	183.0	72.0
5.6744357E13	183.0	72.0
5.6744366E13	183.0	71.0
5.674438E13	178.0	70.0
5.6744386E13	178.0	70.0
5.6744395E13	178.0	71.0
5.6744407E13	178.0	70.0
5.6744416E13	175.0	71.0
5.6744424E13	175.0	71.0
5.6744437E13	175.0	73.0
5.6744445E13	175.0	75.0
5.6744458E13	172.0	75.0
5.6744466E13	172.0	75.0
5.6744475E13	172.0	76.0
5.6744487E13	172.0	76.0
5.6744496E13	171.0	76.0
5.674451E13	171.0	76.0
5.6744517E13	171.0	76.0
5.6744525E13	172.0	75.0
5.6744537E13	172.0	74.0
5.6744546E13	172.0	71.0
5.674456E13	172.0	71.0
5.6744567E13	172.0	71.0
5.6744575E13	172.0	72.0
5.6744588E13	172.0	73.0
5.6744596E13	172.0	74.0
5.6744605E13	172.0	76.0
5.6744617E13	172.0	77.0
5.6744626E13	172.0	80.0
5.674464E13	172.0	82.0
5.6744647E13	171.0	83.0
5.6744655E13	171.0	84.0
5.6744668E13	171.0	84.0
5.6744676E13	171.0	83.0
5.674469E13	171.0	81.0
5.6744697E13	171.0	80.0
5.6744705E13	170.0	80.0
5.6744718E13	170.0	80.0
5.6744726E13	170.0	80.0
5.6744735E13	170.0	80.0
5.6744747E13	168.0	81.0
5.674476E13	168.0	81.0
5.674477E13	168.0	82.0
5.6744777E13	168.0	84.0
5.6744785E13	165.0	87.0
5.6744798E13	165.0	87.0
5.6744806E13	165.0	88.0
5.674482E13	166.0	58.0
5.6744827E13	166.0	78.0
5.6744835E13	166.0	75.0
5.6744848E13	166.0	73.0
5.6744856E13	166.0	73.0
5.6744865E13	175.0	73.0
5.6744877E13	175.0	75.0
5.6744886E13	175.0	77.0
5.67449E13	175.0	80.0
5.6744907E13	190.0	82.0
5.6744915E13	190.0	84.0
5.6744928E13	190.0	87.0
5.6744936E13	190.0	88.0
5.674495E13	205.0	87.0
5.6744957E13	205.0	86.0
5.6744965E13	205.0	85.0
5.6744978E13	216.0	83.0
5.6744986E13	216.0	81.0
5.6744995E13	216.0	78.0
5.6745007E13	216.0	75.0
5.6745016E13	224.0	72.0
5.674503E13	224.0	69.0
5.6745037E13	224.0	67.0
5.6745045E13	224.0	66.0
5.6745058E13	230.0	66.0
5.6745066E13	230.0	69.0
5.674508E13	230.0	74.0
5.6745087E13	238.0	75.0
5.6745095E13	238.0	72.0
5.674511E13	238.0	69.0
5.6745116E13	238.0	66.0
5.674513E13	248.0	65.0
5.6745137E13	248.0	65.0
5.6745146E13	248.0	66.0
5.674516E13	248.0	68.0
5.6745167E13	250.0	71.0
5.6745175E13	250.0	73.0
5.6745188E13	250.0	71.0
5.6745196E13	250.0	70.0
5.674521E13	248.0	71.0
5.6745217E13	248.0	72.0
5.6745225E13	248.0	73.0
5.674524E13	244.0	73.0
5.6745246E13	244.0	72.0
5.674526E13	244.0	71.0
5.6745267E13	244.0	69.0
5.6745276E13	237.0	67.0
5.674529E13	237.0	67.0
5.6745297E13	237.0	67.0
5.6745305E13	237.0	67.0
5.6745318E13	226.0	68.0
5.6745326E13	226.0	69.0
5.674534E13	226.0	70.0
5.6745347E13	226.0	70.0
5.6745355E13	218.0	71.0
5.6745372E13	218.0	74.0
5.6745376E13	218.0	74.0
5.674539E13	210.0	78.0
5.6745397E13	210.0	79.0
5.6745406E13	210.0	79.0
5.674542E13	210.0	79.0
5.6745427E13	202.0	78.0
5.6745435E13	202.0	77.0
5.6745448E13	202.0	75.0
5.6745456E13	202.0	73.0
5.674547E13	193.0	72.0
5.6745477E13	193.0	70.0
5.6745485E13	193.0	70.0
5.67455E13	193.0	70.0
5.6745506E13	187.0	70.0
5.674552E13	187.0	70.0
5.6745527E13	187.0	71.0
5.6745536E13	182.0	73.0
5.674555E13	182.0	74.0
5.6745557E13	182.0	75.0
5.674557E13	182.0	75.0
5.6745578E13	179.0	75.0
5.6745586E13	179.0	74.0
5.67456E13	179.0	74.0
5.6745607E13	179.0	75.0
5.6745615E13	176.0	75.0
5.674563E13	176.0	74.0
5.6745636E13	176.0	73.0
5.674565E13	176.0	74.0
5.6745657E13	174.0	74.0
5.6745666E13	174.0	75.0
5.674568E13	174.0	75.0
5.6745687E13	173.0	76.0
5.67457E13	173.0	76.0
5.6745708E13	173.0	74.0
5.6745716E13	174.0	71.0
5.674573E13	174.0	70.0
5.6745737E13	174.0	70.0
5.674575E13	174.0	57.0
5.6745762E13	174.0	71.0
5.6745766E13	174.0	72.0
5.674578E13	174.0	77.0
5.6745787E13	174.0	79.0
5.6745796E13	173.0	81.0
5.674581E13	173.0	82.0
5.6745817E13	173.0	83.0
5.674583E13	172.0	84.0
5.6745838E13	172.0	83.0
5.6745846E13	172.0	83.0
5.674586E13	172.0	82.0
5.6745867E13	172.0	82.0
5.674588E13	172.0	83.0
5.674589E13	172.0	83.0
5.6745896E13	172.0	82.0
5.674591E13	171.0	81.0
5.6745917E13	171.0	79.0
5.6745926E13	171.0	78.0
5.674594E13	168.0	78.0
5.6745947E13	168.0	78.0
5.674596E13	168.0	77.0
5.6745968E13	168.0	76.0
5.6745976E13	168.0	76.0
5.674599E13	166.0	75.0
5.6745997E13	166.0	75.0
5.674601E13	166.0	76.0
5.674602E13	166.0	76.0
5.6746026E13	169.0	76.0
5.674604E13	169.0	77.0
5.6746047E13	169.0	78.0
5.6746056E13	169.0	80.0
5.674607E13	179.0	81.0
5.6746077E13	179.0	83.0
5.674609E13	179.0	85.0
5.6746098E13	192.0	88.0
5.6746106E13	192.0	89.0
5.674612E13	192.0	87.0
5.6746127E13	192.0	85.0
5.674614E13	203.0	82.0
5.674615E13	203.0	78.0
5.6746156E13	203.0	76.0
5.674617E13	203.0	74.0
5.6746177E13	210.0	72.0
5.6746186E13	210.0	69.0
5.67462E13	210.0	66.0
5.6746207E13	210.0	65.0
5.674622E13	215.0	63.0
5.6746228E13	215.0	62.0
5.6746236E13	215.0	62.0
5.674625E13	221.0	64.0
5.6746257E13	221.0	66.0
5.674627E13	221.0	68.0
5.674628E13	221.0	71.0
5.6746287E13	229.0	73.0
5.67463E13	229.0	71.0
5.6746307E13	229.0	68.0
5.674632E13	229.0	64.0
5.674633E13	235.0	62.0
5.6746337E13	235.0	63.0
5.674635E13	235.0	64.0
5.6746358E13	235.0	68.0
5.6746366E13	236.0	73.0
5.674638E13	236.0	73.0
5.6746387E13	236.0	72.0
5.67464E13	232.0	72.0
5.674641E13	232.0	73.0
5.6746417E13	232.0	73.0
5.674643E13	232.0	74.0
5.6746438E13	225.0	73.0
5.674645E13	225.0	71.0
5.674646E13	225.0	70.0
5.6746467E13	225.0	69.0
5.674648E13	215.0	69.0
5.6746488E13	215.0	71.0
5.6746496E13	215.0	73.0
5.674651E13	215.0	73.0
5.6746517E13	208.0	72.0
5.674653E13	208.0	72.0
5.674654E13	208.0	74.0
5.6746547E13	202.0	76.0
5.674656E13	202.0	78.0
5.6746568E13	202.0	81.0
5.674658E13	202.0	82.0
5.674659E13	196.0	82.0
5.6746597E13	196.0	82.0
5.674661E13	196.0	81.0
5.6746618E13	196.0	80.0
5.6746626E13	188.0	78.0
5.674664E13	188.0	76.0
5.6746647E13	188.0	74.0
5.674666E13	188.0	73.0
5.674667E13	182.0	72.0
5.6746677E13	182.0	71.0
5.674669E13	182.0	70.0
5.6746698E13	178.0	71.0
5.674671E13	178.0	71.0
5.674672E13	178.0	72.0
5.6746727E13	178.0	72.0
5.674674E13	176.0	72.0
5.6746748E13	176.0	72.0
5.674676E13	176.0	72.0
5.674677E13	174.0	72.0
5.6746777E13	174.0	72.0
5.674679E13	174.0	72.0
5.67468E13	174.0	72.0
5.6746807E13	174.0	72.0
5.674682E13	172.0	73.0
5.6746828E13	172.0	74.0
5.674684E13	172.0	74.0
5.674685E13	171.0	73.0
5.6746857E13	171.0	72.0
5.674687E13	171.0	71.0
5.674688E13	172.0	70.0
5.674689E13	172.0	69.0
5.67469E13	172.0	69.0
5.6746907E13	172.0	69.0
5.674692E13	172.0	70.0
5.674693E13	171.0	71.0
5.6746937E13	171.0	72.0
5.674695E13	171.0	74.0
5.6746958E13	170.0	77.0
5.674697E13	170.0	79.0
5.674698E13	170.0	81.0
5.6746987E13	170.0	81.0
5.6747E13	170.0	81.0
5.674701E13	170.0	82.0
5.674702E13	170.0	83.0
5.674703E13	170.0	83.0
5.6747037E13	171.0	83.0
5.674705E13	171.0	83.0
5.674706E13	171.0	81.0
5.6747067E13	171.0	80.0
5.674708E13	169.0	79.0
5.6747088E13	169.0	78.0
5.67471E13	169.0	78.0
5.674711E13	167.0	76.0
5.6747117E13	167.0	74.0
5.674713E13	167.0	72.0
5.674714E13	167.0	72.0
5.674715E13	165.0	74.0
5.674716E13	165.0	77.0
5.6747167E13	165.0	80.0
5.674718E13	165.0	82.0
5.674719E13	165.0	83.0
5.67472E13	165.0	83.0
5.674721E13	165.0	83.0
5.6747218E13	165.0	83.0
5.674723E13	172.0	83.0
5.674724E13	172.0	83.0
5.6747247E13	172.0	82.0
5.674726E13	182.0	83.0
5.674727E13	182.0	87.0
5.674728E13	182.0	88.0
5.674729E13	182.0	84.0
5.6747297E13	194.0	83.0
5.674731E13	194.0	82.0
5.674732E13	194.0	81.0
5.674733E13	194.0	79.0
5.674734E13	202.0	76.0
5.6747348E13	202.0	72.0
5.674736E13	202.0	69.0
5.674737E13	202.0	68.0
5.6747377E13	209.0	66.0
5.674739E13	209.0	65.0
5.67474E13	209.0	64.0
5.674741E13	215.0	64.0
5.674742E13	215.0	66.0
5.6747427E13	215.0	68.0
5.674744E13	215.0	70.0
5.674745E13	223.0	71.0
5.674746E13	223.0	71.0
5.674747E13	223.0	69.0
5.6747478E13	223.0	66.0
5.674749E13	230.0	64.0
5.67475E13	230.0	63.0
5.674751E13	230.0	65.0
5.674753E13	233.0	71.0
5.674754E13	233.0	75.0
5.674755E13	233.0	75.0
5.6747557E13	232.0	71.0
5.674758E13	232.0	71.0
5.674759E13	228.0	73.0
5.67476E13	228.0	73.0
5.6747608E13	228.0	71.0
5.674762E13	228.0	68.0
5.674763E13	228.0	66.0
5.674764E13	219.0	66.0
5.674765E13	219.0	67.0
5.674766E13	219.0	68.0
5.674767E13	219.0	66.0
5.674768E13	208.0	65.0
5.6747687E13	208.0	64.0
5.67477E13	208.0	65.0
5.674771E13	199.0	71.0
5.674772E13	199.0	73.0
5.674773E13	199.0	75.0
5.6747738E13	193.0	77.0
5.674775E13	193.0	77.0
5.674776E13	193.0	79.0
5.674777E13	193.0	80.0
5.674778E13	193.0	80.0
5.674779E13	187.0	79.0
5.67478E13	187.0	79.0
5.674781E13	181.0	78.0
5.6747817E13	181.0	78.0
5.674783E13	181.0	76.0
5.674784E13	181.0	74.0
5.674785E13	174.0	72.0
5.674786E13	174.0	72.0
5.6747868E13	174.0	71.0
5.674788E13	174.0	70.0
5.674789E13	170.0	70.0
5.67479E13	170.0	70.0
5.674791E13	170.0	71.0
5.674792E13	170.0	71.0
5.674793E13	170.0	71.0
5.674794E13	166.0	72.0
5.6747947E13	166.0	72.0
5.674796E13	166.0	74.0
5.674797E13	164.0	74.0
5.674798E13	164.0	88.0
5.674799E13	164.0	88.0
5.6747998E13	164.0	88.0
5.674801E13	164.0	88.0
5.674802E13	164.0	88.0
5.674803E13	164.0	88.0
5.674805E13	166.0	88.0
5.674806E13	166.0	71.0
5.674807E13	166.0	71.0
5.6748077E13	166.0	71.0
5.674809E13	171.0	70.0
5.67481E13	171.0	71.0
5.674811E13	171.0	72.0
5.674812E13	176.0	74.0
5.6748128E13	176.0	77.0
5.674814E13	179.0	82.0
5.674815E13	179.0	82.0
5.674816E13	179.0	83.0
5.674817E13	179.0	83.0
5.674818E13	179.0	83.0
5.674819E13	179.0	83.0
5.67482E13	181.0	82.0
5.674821E13	181.0	82.0
5.674822E13	181.0	81.0
5.674823E13	181.0	81.0
5.674824E13	179.0	83.0
5.674825E13	179.0	83.0
5.6748258E13	179.0	83.0
5.674827E13	174.0	83.0
5.674828E13	174.0	82.0
5.674829E13	174.0	81.0
5.67483E13	174.0	79.0
5.6748317E13	167.0	78.0
5.674832E13	167.0	87.0
5.674833E13	167.0	74.0
5.674834E13	167.0	73.0
5.674835E13	161.0	87.0
5.674836E13	161.0	87.0
5.674837E13	161.0	87.0
5.674838E13	161.0	87.0
5.6748388E13	161.0	77.0
5.67484E13	161.0	88.0
5.674841E13	161.0	80.0
5.674842E13	169.0	88.0
5.674843E13	169.0	88.0
5.674844E13	169.0	88.0
5.674845E13	169.0	88.0
5.674846E13	181.0	90.0
5.674847E13	181.0	88.0
5.674848E13	181.0	88.0
5.674849E13	181.0	88.0
5.674851E13	193.0	81.0
5.6748518E13	193.0	78.0
5.674853E13	193.0	87.0
5.674854E13	202.0	87.0
5.674855E13	202.0	87.0
5.674856E13	202.0	87.0
5.674857E13	208.0	87.0
5.674858E13	208.0	87.0
5.674859E13	208.0	66.0
5.67486E13	208.0	66.0
5.674861E13	216.0	67.0
5.674862E13	216.0	68.0
5.674863E13	216.0	69.0
5.674864E13	216.0	68.0
5.6748652E13	229.0	67.0
5.674866E13	229.0	67.0
5.674867E13	229.0	66.0
5.674868E13	241.0	65.0
5.674869E13	241.0	65.0
5.67487E13	241.0	66.0
5.674871E13	241.0	69.0
5.674872E13	250.0	72.0
5.674873E13	250.0	76.0
5.674874E13	250.0	76.0
5.674875E13	250.0	73.0
5.674876E13	254.0	73.0
5.674877E13	254.0	73.0
5.6748782E13	254.0	74.0
5.674879E13	254.0	73.0
5.67488E13	250.0	70.0
5.674881E13	250.0	69.0
5.674882E13	250.0	69.0
5.674883E13	240.0	69.0
5.674884E13	240.0	70.0
5.674885E13	240.0	71.0
5.674886E13	240.0	72.0
5.674887E13	231.0	72.0
5.674888E13	231.0	71.0
5.674889E13	231.0	71.0
5.67489E13	231.0	71.0
5.6748912E13	224.0	73.0
5.674892E13	224.0	76.0
5.674893E13	224.0	78.0
5.674894E13	224.0	80.0
5.674895E13	217.0	81.0
5.6748962E13	217.0	81.0
5.674897E13	217.0	81.0
5.674898E13	208.0	80.0
5.674899E13	208.0	78.0
5.6749E13	208.0	78.0
5.674901E13	208.0	76.0
5.674902E13	201.0	74.0
5.674903E13	201.0	72.0
5.6749042E13	201.0	70.0
5.674905E13	201.0	69.0
5.674906E13	197.0	68.0
5.674907E13	197.0	69.0
5.674908E13	197.0	69.0
5.6749093E13	197.0	70.0
5.67491E13	195.0	71.0
5.674911E13	195.0	72.0
5.674912E13	195.0	73.0
5.674913E13	194.0	74.0
5.674914E13	194.0	75.0
5.674915E13	194.0	75.0
5.674916E13	194.0	76.0
5.6749172E13	193.0	76.0
5.674918E13	193.0	77.0
5.674919E13	193.0	78.0
5.67492E13	193.0	76.0
5.674921E13	193.0	74.0
5.6749223E13	193.0	73.0
5.674923E13	193.0	74.0
5.674924E13	193.0	75.0
5.674925E13	196.0	73.0
5.674926E13	196.0	72.0
5.674927E13	196.0	71.0
5.674928E13	200.0	71.0
5.674929E13	200.0	71.0
5.6749302E13	200.0	73.0
5.674931E13	200.0	75.0
5.674932E13	202.0	75.0
5.674936E13	202.0	81.0
5.674937E13	202.0	81.0
5.674938E13	202.0	83.0
5.674939E13	202.0	85.0
5.6749403E13	202.0	86.0
5.674941E13	202.0	87.0
5.674942E13	202.0	87.0
5.6749432E13	201.0	86.0
5.674944E13	201.0	85.0
5.674945E13	201.0	83.0
5.674946E13	201.0	83.0
5.674947E13	200.0	81.0
5.6749483E13	200.0	80.0
5.674949E13	200.0	79.0
5.67495E13	200.0	80.0
5.674951E13	197.0	80.0
5.674952E13	197.0	81.0
5.6749533E13	197.0	81.0
5.674954E13	197.0	81.0
5.674955E13	194.0	80.0
5.6749562E13	194.0	79.0
5.674957E13	194.0	78.0
5.6749583E13	197.0	78.0
5.674959E13	197.0	79.0
5.67496E13	197.0	79.0
5.6749613E13	197.0	81.0
5.674962E13	205.0	82.0
5.674963E13	205.0	83.0
5.674964E13	205.0	85.0
5.674965E13	205.0	86.0
5.6749663E13	217.0	87.0
5.674967E13	217.0	85.0
5.674968E13	217.0	83.0
5.6749692E13	230.0	80.0
5.67497E13	230.0	79.0
5.6749713E13	230.0	78.0
5.674972E13	230.0	77.0
5.674973E13	241.0	73.0
5.6749743E13	241.0	70.0
5.674975E13	241.0	70.0
5.674976E13	248.0	64.0
5.674977E13	248.0	64.0
5.674978E13	248.0	63.0
5.6749793E13	248.0	63.0
5.67498E13	248.0	64.0
5.674981E13	256.0	64.0
5.6749822E13	256.0	64.0
5.674983E13	263.0	64.0
5.6749843E13	263.0	61.0
5.674985E13	263.0	60.0
5.674986E13	263.0	61.0
5.6749873E13	263.0	61.0
5.674988E13	267.0	63.0
5.6749894E13	267.0	66.0
5.67499E13	267.0	71.0
5.674991E13	267.0	74.0
5.6749923E13	268.0	73.0
5.674993E13	268.0	72.0
5.674994E13	268.0	72.0
5.6749952E13	268.0	73.0
5.674996E13	268.0	74.0
5.6749973E13	268.0	74.0
5.674998E13	268.0	73.0
5.674999E13	263.0	71.0
5.6750003E13	263.0	71.0
5.675001E13	263.0	69.0
5.6750024E13	263.0	69.0
5.675003E13	253.0	69.0
5.675004E13	253.0	71.0
5.6750053E13	253.0	72.0
5.675006E13	253.0	72.0
5.6750074E13	244.0	72.0
5.6750082E13	244.0	71.0
5.675009E13	244.0	71.0
5.6750103E13	244.0	72.0
5.675011E13	238.0	75.0
5.675012E13	238.0	77.0
5.6750133E13	238.0	79.0
5.675014E13	232.0	79.0
5.6750154E13	232.0	79.0
5.675016E13	232.0	79.0
5.675017E13	232.0	79.0
5.6750183E13	224.0	79.0
5.675019E13	224.0	77.0
5.67502E13	224.0	75.0
5.6750212E13	224.0	74.0
5.675022E13	216.0	72.0
5.6750233E13	216.0	71.0
5.675024E13	216.0	70.0
5.675025E13	216.0	71.0
5.6750263E13	210.0	72.0
5.675027E13	210.0	72.0
5.6750284E13	210.0	72.0
5.675029E13	205.0	72.0
5.67503E13	205.0	72.0
5.6750313E13	205.0	73.0
5.675032E13	205.0	73.0
5.6750334E13	203.0	74.0
5.6750342E13	203.0	75.0
5.675035E13	203.0	75.0
5.6750363E13	203.0	76.0
5.675037E13	202.0	77.0
5.675038E13	202.0	76.0
5.6750393E13	202.0	76.0
5.67504E13	202.0	75.0
5.6750414E13	202.0	75.0
5.6750422E13	202.0	75.0
5.675043E13	202.0	74.0
5.6750443E13	204.0	74.0
5.675045E13	204.0	74.0
5.6750464E13	204.0	75.0
5.6750472E13	204.0	76.0
5.675048E13	204.0	77.0
5.6750493E13	204.0	79.0
5.67505E13	204.0	79.0
5.675051E13	204.0	80.0
5.6750523E13	203.0	82.0
5.675053E13	203.0	83.0
5.6750544E13	203.0	84.0
5.6750552E13	202.0	84.0
5.675056E13	202.0	83.0
5.6750573E13	202.0	82.0
5.675058E13	202.0	81.0
5.6750594E13	201.0	79.0
5.6750602E13	201.0	79.0
5.675061E13	201.0	79.0
5.6750623E13	201.0	79.0
5.675063E13	198.0	81.0
5.6750644E13	198.0	82.0
5.6750653E13	198.0	82.0
5.675066E13	198.0	82.0
5.6750674E13	195.0	82.0
5.6750682E13	195.0	82.0
5.675069E13	195.0	82.0
5.6750703E13	194.0	80.0
5.675071E13	194.0	77.0
5.6750724E13	194.0	73.0
5.6750732E13	194.0	70.0
5.675074E13	200.0	69.0
5.6750753E13	200.0	71.0
5.675076E13	200.0	73.0
5.6750774E13	214.0	75.0
5.6750783E13	214.0	80.0
5.675079E13	214.0	88.0
5.6750804E13	214.0	86.0
5.6750812E13	230.0	84.0
5.675082E13	230.0	83.0
5.6750833E13	230.0	81.0
5.675084E13	243.0	83.0
5.6750854E13	243.0	83.0
5.6750862E13	243.0	81.0
5.675087E13	243.0	51.0
5.6750883E13	251.0	75.0
5.675089E13	251.0	72.0
5.6750904E13	251.0	70.0
5.6750913E13	251.0	68.0
5.675092E13	257.0	66.0
5.6750934E13	257.0	65.0
5.6750942E13	257.0	65.0
5.675095E13	257.0	65.0
5.6750963E13	264.0	68.0
5.675097E13	264.0	68.0
5.6750984E13	264.0	69.0
5.6750993E13	271.0	68.0
5.6751E13	271.0	68.0
5.675102E13	271.0	63.0
5.675103E13	271.0	63.0
5.6751043E13	275.0	65.0
5.675105E13	275.0	69.0
5.6751064E13	275.0	77.0
5.6751072E13	275.0	77.0
5.675108E13	279.0	74.0
5.6751093E13	279.0	74.0
5.67511E13	279.0	75.0
5.6751114E13	279.0	76.0
5.6751123E13	279.0	76.0
5.675113E13	279.0	75.0
5.6751144E13	279.0	73.0
5.675115E13	273.0	71.0
5.675116E13	273.0	71.0
5.6751173E13	273.0	71.0
5.675118E13	273.0	72.0
5.6751194E13	263.0	71.0
5.6751202E13	263.0	70.0
5.675121E13	263.0	70.0
5.6751223E13	263.0	70.0
5.675123E13	252.0	71.0
5.6751244E13	252.0	72.0
5.6751253E13	252.0	74.0
5.675126E13	252.0	77.0
5.6751274E13	243.0	80.0
5.675128E13	243.0	81.0
5.6751295E13	243.0	82.0
5.6751303E13	235.0	81.0
5.675131E13	235.0	81.0
5.6751324E13	235.0	80.0
5.6751332E13	235.0	77.0
5.675134E13	227.0	74.0
5.6751353E13	227.0	72.0
5.675136E13	227.0	71.0
5.6751374E13	227.0	71.0
5.6751383E13	222.0	71.0
5.675139E13	222.0	71.0
5.6751404E13	222.0	71.0
5.675141E13	220.0	72.0
5.6751425E13	220.0	72.0
5.6751433E13	220.0	73.0
5.675144E13	220.0	74.0
5.6751454E13	218.0	74.0
5.6751462E13	218.0	75.0
5.675147E13	218.0	76.0
5.6751483E13	218.0	76.0
5.675149E13	216.0	76.0
5.6751504E13	216.0	76.0
5.6751513E13	216.0	77.0
5.675152E13	216.0	77.0
5.6751534E13	215.0	77.0
5.675154E13	215.0	76.0
5.6751555E13	215.0	75.0
5.6751563E13	216.0	76.0
5.675157E13	216.0	75.0
5.6751584E13	216.0	73.0
5.6751592E13	216.0	73.0
5.6751605E13	220.0	72.0
5.6751613E13	220.0	73.0
5.675162E13	220.0	74.0
5.6751634E13	220.0	75.0
5.6751643E13	222.0	75.0
5.675165E13	222.0	76.0
5.6751664E13	222.0	77.0
5.675167E13	222.0	79.0
5.6751685E13	224.0	82.0
5.6751693E13	224.0	84.0
5.67517E13	224.0	85.0
5.6751714E13	226.0	84.0
5.6751722E13	226.0	84.0
5.6751735E13	226.0	83.0
5.6751743E13	226.0	82.0
5.675175E13	228.0	82.0
5.6751764E13	228.0	81.0
5.6751773E13	228.0	81.0
5.675178E13	228.0	82.0
5.6751794E13	230.0	83.0
5.67518E13	230.0	83.0
5.6751815E13	230.0	82.0
5.6751823E13	232.0	79.0
5.675183E13	232.0	79.0
5.6751844E13	232.0	79.0
5.6751852E13	232.0	79.0
5.6751865E13	231.0	79.0
5.6751873E13	231.0	79.0
5.675188E13	231.0	78.0
5.6751894E13	231.0	76.0
5.6751903E13	233.0	73.0
5.6751915E13	233.0	72.0
5.6751924E13	233.0	71.0
5.675193E13	233.0	71.0
5.6751945E13	241.0	73.0
5.6751953E13	241.0	76.0
5.675196E13	241.0	80.0
5.6751974E13	241.0	84.0
5.6751982E13	252.0	89.0
5.6751995E13	252.0	86.0
5.6752003E13	252.0	85.0
5.675201E13	264.0	85.0
5.6752024E13	264.0	83.0
5.6752033E13	264.0	80.0
5.6752045E13	264.0	77.0
5.6752054E13	274.0	74.0
5.675206E13	274.0	71.0
5.6752075E13	274.0	68.0
5.6752083E13	274.0	65.0
5.6752096E13	282.0	64.0
5.6752104E13	282.0	63.0
5.6752112E13	282.0	64.0
5.6752125E13	282.0	66.0
5.6752133E13	291.0	68.0
5.675214E13	291.0	70.0
5.6752154E13	291.0	70.0
5.6752163E13	302.0	68.0
5.6752175E13	302.0	66.0
5.6752184E13	302.0	65.0
5.675219E13	302.0	65.0
5.6752205E13	305.0	66.0
5.6752213E13	305.0	70.0
5.6752226E13	305.0	74.0
5.6752234E13	305.0	75.0
5.6752242E13	305.0	73.0
5.6752255E13	305.0	73.0
5.6752263E13	305.0	74.0
5.675227E13	299.0	74.0
5.6752284E13	299.0	74.0
5.6752293E13	299.0	72.0
5.6752305E13	299.0	71.0
5.6752314E13	285.0	69.0
5.6752322E13	285.0	67.0
5.6752335E13	285.0	64.0
5.6752343E13	285.0	61.0
5.6752356E13	272.0	60.0
5.6752364E13	272.0	63.0
5.6752372E13	272.0	68.0
5.6752385E13	272.0	73.0
5.6752393E13	263.0	74.0
5.67524E13	263.0	74.0
5.6752414E13	263.0	75.0
5.6752423E13	256.0	77.0
5.6752435E13	256.0	78.0
5.6752444E13	256.0	79.0
5.6752456E13	247.0	79.0
5.6752465E13	247.0	78.0
5.6752473E13	247.0	78.0
5.6752486E13	247.0	77.0
5.6752494E13	236.0	52.0
5.6752502E13	236.0	74.0
5.6752515E13	236.0	73.0
5.6752523E13	236.0	71.0
5.6752536E13	226.0	70.0
5.6752544E13	226.0	70.0
5.6752553E13	226.0	70.0
5.6752565E13	219.0	70.0
5.6752574E13	219.0	70.0
5.6752586E13	219.0	71.0
5.6752595E13	219.0	73.0
5.6752603E13	212.0	73.0
5.6752616E13	212.0	73.0
5.6752624E13	212.0	73.0
5.6752632E13	212.0	74.0
5.6752645E13	212.0	74.0
5.6752653E13	207.0	75.0
5.6752666E13	207.0	75.0
5.6752674E13	207.0	76.0
5.6752683E13	207.0	76.0
5.6752695E13	203.0	76.0
5.6752704E13	203.0	76.0
5.6752712E13	203.0	75.0
5.6752725E13	200.0	73.0
5.6752733E13	200.0	71.0
5.6752746E13	200.0	71.0
5.6752754E13	197.0	71.0
5.6752763E13	197.0	71.0
5.6752775E13	197.0	74.0
5.6752783E13	197.0	74.0
5.6752796E13	197.0	75.0
5.6752804E13	194.0	76.0
5.6752813E13	194.0	78.0
5.6752825E13	194.0	79.0
5.6752834E13	190.0	80.0
5.6752846E13	190.0	80.0
5.6752855E13	190.0	51.0
5.6752863E13	189.0	86.0
5.6752876E13	189.0	85.0
5.6752884E13	189.0	85.0
5.6752893E13	189.0	85.0
5.6752905E13	189.0	86.0
5.6752914E13	187.0	86.0
5.6752926E13	187.0	86.0
5.6752934E13	187.0	85.0
5.6752943E13	187.0	85.0
5.6752955E13	185.0	83.0
5.6752964E13	185.0	81.0
5.6752976E13	185.0	79.0
5.6752985E13	185.0	78.0
5.6752993E13	179.0	76.0
5.6753006E13	179.0	74.0
5.6753014E13	179.0	73.0
5.6753023E13	172.0	72.0
5.6753035E13	172.0	71.0
5.6753044E13	172.0	71.0
5.6753056E13	172.0	72.0
5.6753065E13	171.0	73.0
5.6753073E13	171.0	75.0
5.6753085E13	171.0	78.0
5.6753094E13	177.0	85.0
5.6753106E13	177.0	89.0
5.6753115E13	177.0	89.0
5.6753123E13	177.0	87.0
5.6753136E13	186.0	85.0
5.6753144E13	186.0	84.0
5.6753153E13	186.0	83.0
5.6753165E13	186.0	81.0
5.6753174E13	196.0	80.0
5.6753186E13	196.0	79.0
5.6753195E13	196.0	78.0
5.6753203E13	196.0	76.0
5.6753216E13	206.0	74.0
5.6753224E13	206.0	71.0
5.6753236E13	206.0	69.0
5.6753245E13	206.0	67.0
5.6753253E13	214.0	67.0
5.6753266E13	214.0	66.0
5.6753274E13	214.0	67.0
5.6753283E13	223.0	68.0
5.6753295E13	223.0	71.0
5.6753304E13	223.0	74.0
5.6753316E13	233.0	67.0
5.6753325E13	233.0	71.0
5.6753333E13	233.0	67.0
5.6753346E13	233.0	69.0
5.6753354E13	241.0	72.0
5.6753366E13	241.0	72.0
5.6753375E13	241.0	74.0
5.6753383E13	243.0	74.0
5.6753396E13	243.0	74.0
5.6753404E13	243.0	73.0
5.6753417E13	243.0	73.0
5.6753425E13	238.0	72.0
5.6753434E13	238.0	71.0
5.6753446E13	238.0	69.0
5.6753455E13	238.0	66.0
5.6753463E13	228.0	64.0
5.6753476E13	228.0	62.0
5.6753484E13	228.0	63.0
5.6753497E13	228.0	67.0
5.6753505E13	228.0	67.0
5.6753513E13	221.0	74.0
5.6753526E13	221.0	74.0
5.6753534E13	221.0	74.0
5.6753547E13	221.0	73.0
5.6753555E13	215.0	73.0
5.6753564E13	215.0	74.0
5.6753576E13	215.0	87.0
5.6753585E13	208.0	78.0
5.6753593E13	208.0	87.0
5.6753606E13	208.0	87.0
5.6753614E13	208.0	87.0
5.6753627E13	198.0	87.0
5.6753635E13	198.0	87.0
5.6753643E13	198.0	87.0
5.6753656E13	198.0	87.0
5.6753664E13	189.0	87.0
5.6753677E13	189.0	87.0
5.6753685E13	189.0	87.0
5.6753694E13	189.0	87.0
5.6753706E13	183.0	87.0
5.6753715E13	183.0	87.0
5.6753723E13	183.0	87.0
5.6753736E13	179.0	87.0
5.6753744E13	179.0	87.0
5.6753757E13	179.0	87.0
5.6753765E13	179.0	87.0
5.6753773E13	175.0	87.0
5.6753786E13	175.0	87.0
5.6753794E13	175.0	87.0
5.6753807E13	175.0	87.0
5.6753815E13	171.0	87.0
5.6753824E13	171.0	77.0
5.6753836E13	171.0	76.0
5.6753845E13	171.0	75.0
5.6753857E13	171.0	74.0
5.6753866E13	171.0	75.0
5.6753874E13	171.0	74.0
5.6753887E13	174.0	74.0
5.6753895E13	174.0	73.0
5.6753903E13	174.0	73.0
5.6753916E13	174.0	73.0
5.6753924E13	178.0	73.0
5.6753937E13	178.0	73.0
5.6753945E13	178.0	74.0
5.6753954E13	178.0	75.0
5.6753966E13	180.0	78.0
5.6753975E13	180.0	81.0
5.6753987E13	180.0	82.0
5.6753996E13	179.0	83.0
5.6754004E13	179.0	84.0
5.6754017E13	179.0	84.0
5.6754025E13	179.0	84.0
5.6754038E13	178.0	84.0
5.6754046E13	178.0	84.0
5.6754054E13	178.0	83.0
5.6754067E13	178.0	82.0
5.6754075E13	177.0	81.0
5.6754084E13	177.0	81.0
5.6754096E13	177.0	80.0
5.6754105E13	177.0	78.0
5.6754117E13	176.0	77.0
5.6754126E13	176.0	76.0
5.6754134E13	176.0	76.0
5.6754147E13	175.0	77.0
5.6754155E13	175.0	78.0
5.6754163E13	175.0	78.0
5.6754176E13	175.0	79.0
5.6754184E13	177.0	78.0
5.6754197E13	177.0	77.0
5.6754205E13	177.0	78.0
5.6754214E13	177.0	79.0
5.6754226E13	186.0	80.0
5.6754235E13	186.0	81.0
5.6754247E13	186.0	83.0
5.6754256E13	186.0	85.0
5.6754264E13	198.0	86.0
5.6754277E13	198.0	87.0
5.6754285E13	198.0	88.0
5.6754298E13	210.0	86.0
5.6754306E13	210.0	83.0
5.6754314E13	210.0	81.0
5.6754327E13	210.0	79.0
5.6754335E13	222.0	78.0
5.6754344E13	222.0	76.0
5.6754356E13	222.0	75.0
5.6754365E13	222.0	73.0
5.6754377E13	232.0	72.0
5.6754386E13	232.0	71.0
5.6754394E13	232.0	70.0
5.6754407E13	232.0	68.0
5.6754415E13	240.0	68.0
5.6754428E13	240.0	68.0
5.6754436E13	240.0	69.0
5.6754444E13	248.0	72.0
5.6754457E13	248.0	74.0
5.6754465E13	248.0	73.0
5.6754474E13	248.0	71.0
5.6754486E13	256.0	68.0
5.6754495E13	256.0	67.0
5.6754507E13	256.0	67.0
5.6754516E13	256.0	70.0
5.6754524E13	263.0	73.0
5.6754537E13	263.0	78.0
5.6754545E13	263.0	80.0
5.6754558E13	263.0	75.0
5.6754566E13	265.0	71.0
5.6754574E13	265.0	73.0
5.6754587E13	265.0	75.0
5.6754595E13	263.0	76.0
5.675461E13	263.0	75.0
5.6754616E13	263.0	73.0
5.6754625E13	263.0	70.0
5.6754637E13	258.0	68.0
5.6754646E13	258.0	66.0
5.6754654E13	258.0	66.0
5.6754667E13	258.0	67.0
5.6754675E13	249.0	68.0
5.6754688E13	249.0	70.0
5.6754696E13	249.0	71.0
5.6754704E13	244.0	72.0
5.6754717E13	244.0	72.0
5.6754725E13	244.0	75.0
5.675474E13	244.0	75.0
5.6754746E13	240.0	77.0
5.6754755E13	240.0	79.0
5.6754767E13	240.0	81.0
5.6754776E13	234.0	80.0
5.6754784E13	234.0	80.0
5.6754797E13	234.0	79.0
5.6754805E13	234.0	79.0
5.6754818E13	226.0	79.0
5.6754826E13	226.0	78.0
5.6754835E13	226.0	78.0
5.6754847E13	226.0	76.0
5.6754855E13	218.0	75.0
5.6754872E13	218.0	74.0
5.6754876E13	218.0	73.0
5.675489E13	212.0	72.0
5.6754897E13	212.0	72.0
5.6754906E13	212.0	72.0
5.6754914E13	212.0	72.0
5.6754927E13	212.0	73.0
5.6754935E13	208.0	74.0
5.6754948E13	208.0	74.0
5.6754956E13	208.0	75.0
5.6754965E13	208.0	76.0
5.6754977E13	206.0	77.0
5.6754986E13	206.0	77.0
5.6755E13	206.0	76.0
5.6755006E13	206.0	74.0
5.6755015E13	206.0	73.0
5.6755027E13	206.0	71.0
5.6755036E13	206.0	70.0
5.675505E13	210.0	71.0
5.6755057E13	210.0	71.0
5.6755065E13	210.0	73.0
5.6755078E13	210.0	73.0
5.6755086E13	214.0	74.0
5.6755095E13	214.0	74.0
5.6755107E13	214.0	75.0
5.6755116E13	214.0	76.0
5.675513E13	218.0	77.0
5.6755136E13	218.0	79.0
5.6755145E13	218.0	80.0
5.6755157E13	222.0	82.0
5.6755166E13	222.0	82.0
5.675518E13	222.0	83.0
5.6755187E13	222.0	84.0
5.6755195E13	223.0	85.0
5.6755208E13	223.0	86.0
5.6755216E13	223.0	85.0
5.6755225E13	223.0	85.0
5.6755237E13	223.0	85.0
5.6755246E13	223.0	85.0
5.675526E13	223.0	85.0
5.6755267E13	223.0	84.0
5.6755275E13	224.0	83.0
5.6755287E13	224.0	82.0
5.6755296E13	224.0	80.0
5.675531E13	223.0	80.0
5.6755317E13	223.0	80.0
5.6755325E13	223.0	80.0
5.6755338E13	223.0	79.0
5.6755346E13	223.0	78.0
5.675536E13	223.0	78.0
5.6755367E13	223.0	78.0
5.6755376E13	223.0	78.0
5.675539E13	228.0	77.0
5.6755397E13	228.0	77.0
5.6755405E13	228.0	77.0
5.6755418E13	228.0	77.0
5.6755426E13	239.0	78.0
5.675544E13	239.0	82.0
5.6755447E13	239.0	85.0
5.6755455E13	252.0	88.0
5.6755468E13	252.0	88.0
5.6755476E13	252.0	85.0
5.675549E13	252.0	82.0
5.6755497E13	263.0	79.0
5.6755506E13	263.0	77.0
5.675552E13	263.0	76.0
5.6755527E13	263.0	75.0
5.6755535E13	273.0	73.0
5.6755548E13	273.0	72.0
5.6755556E13	273.0	72.0
5.675557E13	273.0	71.0
5.6755577E13	284.0	71.0
5.6755585E13	284.0	71.0
5.6755598E13	284.0	69.0
5.6755606E13	297.0	68.0
5.675562E13	297.0	70.0
5.6755627E13	297.0	72.0
5.6755636E13	297.0	73.0
5.675565E13	306.0	72.0
5.6755657E13	306.0	70.0
5.6755665E13	306.0	67.0
5.6755678E13	306.0	65.0
5.6755686E13	314.0	64.0
5.67557E13	314.0	64.0
5.6755707E13	314.0	66.0
5.6755715E13	316.0	71.0
5.6755728E13	316.0	74.0
5.6755736E13	316.0	71.0
5.675575E13	316.0	72.0
5.6755757E13	316.0	72.0
5.6755766E13	316.0	75.0
5.675578E13	316.0	77.0
5.6755787E13	316.0	77.0
5.67558E13	314.0	75.0
5.6755808E13	314.0	72.0
5.6755816E13	314.0	70.0
5.675583E13	314.0	69.0
5.6755837E13	307.0	69.0
5.6755845E13	307.0	69.0
5.675586E13	298.0	70.0
5.6755866E13	298.0	70.0
5.675588E13	298.0	70.0
5.6755887E13	298.0	70.0
5.6755896E13	298.0	71.0
5.675591E13	287.0	72.0
5.6755917E13	287.0	73.0
5.675593E13	287.0	75.0
5.6755938E13	287.0	76.0
5.6755946E13	281.0	78.0
5.675596E13	281.0	79.0
5.6755967E13	281.0	79.0
5.6755984E13	274.0	79.0
5.675599E13	274.0	79.0
5.6755996E13	274.0	77.0
5.675601E13	274.0	77.0
5.6756017E13	268.0	75.0
5.6756026E13	268.0	73.0
5.675604E13	268.0	72.0
5.6756047E13	268.0	72.0
5.675606E13	263.0	71.0
5.6756068E13	263.0	70.0
5.6756076E13	263.0	70.0
5.675609E13	263.0	70.0
5.6756097E13	259.0	71.0
5.6756105E13	259.0	72.0
5.675612E13	259.0	74.0
5.6756126E13	259.0	74.0
5.675614E13	257.0	74.0
5.6756147E13	257.0	75.0
5.6756156E13	257.0	75.0
5.675617E13	255.0	76.0
5.6756177E13	255.0	76.0
5.675619E13	255.0	76.0
5.6756198E13	255.0	77.0
5.6756206E13	256.0	77.0
5.675622E13	256.0	78.0
5.6756227E13	256.0	77.0
5.675624E13	256.0	76.0
5.675625E13	260.0	77.0
5.6756256E13	260.0	77.0
5.6756277E13	260.0	74.0
5.6756286E13	266.0	73.0
5.67563E13	266.0	73.0
5.6756307E13	266.0	73.0
5.675632E13	270.0	73.0
5.6756328E13	270.0	74.0
5.6756336E13	270.0	76.0
5.675635E13	270.0	78.0
5.6756357E13	272.0	80.0
5.675637E13	272.0	83.0
5.675638E13	272.0	85.0
5.6756386E13	272.0	86.0
5.67564E13	272.0	86.0
5.6756407E13	272.0	86.0
5.6756416E13	272.0	85.0
5.675643E13	272.0	85.0
5.6756437E13	271.0	84.0
5.675645E13	271.0	82.0
5.6756458E13	271.0	81.0
5.6756466E13	271.0	79.0
5.675648E13	271.0	78.0
5.6756487E13	271.0	79.0
5.67565E13	271.0	80.0
5.675651E13	267.0	81.0
5.6756516E13	267.0	81.0
5.675653E13	267.0	81.0
5.6756537E13	267.0	81.0
5.6756546E13	264.0	81.0
5.675656E13	264.0	81.0
5.6756567E13	264.0	81.0
5.675658E13	264.0	81.0
5.6756588E13	267.0	82.0
5.6756596E13	267.0	82.0
5.675661E13	267.0	83.0
5.6756617E13	276.0	84.0
5.675663E13	276.0	85.0
5.675664E13	276.0	87.0
5.6756646E13	276.0	88.0
5.675666E13	287.0	88.0
5.6756667E13	287.0	85.0
5.675668E13	287.0	82.0
5.675669E13	287.0	80.0
5.6756697E13	301.0	77.0
5.675671E13	301.0	75.0
5.6756718E13	306.0	72.0
5.6756726E13	306.0	72.0
5.675674E13	306.0	71.0
5.6756747E13	306.0	70.0
5.675676E13	317.0	68.0
5.675677E13	317.0	66.0
5.6756776E13	317.0	66.0
5.675679E13	317.0	68.0
5.6756797E13	326.0	71.0
5.675681E13	326.0	72.0
5.675682E13	326.0	70.0
5.6756827E13	326.0	67.0
5.675684E13	333.0	65.0
5.6756848E13	333.0	63.0
5.6756856E13	333.0	64.0
5.675687E13	334.0	68.0
5.6756877E13	334.0	56.0
5.675689E13	334.0	77.0
5.67569E13	334.0	77.0
5.6756906E13	332.0	75.0
5.675692E13	332.0	74.0
5.6756927E13	332.0	74.0
5.675694E13	332.0	75.0
5.675695E13	328.0	75.0
5.6756957E13	328.0	74.0
5.675697E13	328.0	72.0
5.6756978E13	328.0	71.0
5.675699E13	318.0	70.0
5.6757E13	318.0	69.0
5.6757007E13	318.0	70.0
5.675702E13	306.0	70.0
5.675703E13	306.0	69.0
5.6757037E13	306.0	68.0
5.675705E13	306.0	68.0
5.6757057E13	299.0	69.0
5.675707E13	299.0	71.0
5.675708E13	299.0	72.0
5.6757087E13	299.0	75.0
5.67571E13	292.0	77.0
5.6757108E13	292.0	79.0
5.6757116E13	292.0	80.0
5.675713E13	292.0	81.0
5.6757137E13	292.0	81.0
5.675715E13	285.0	81.0
5.675716E13	285.0	80.0
5.6757167E13	279.0	79.0
5.675718E13	279.0	78.0
5.6757188E13	279.0	76.0
5.67572E13	279.0	76.0
5.675721E13	279.0	74.0
5.6757217E13	274.0	73.0
5.675723E13	274.0	86.0
5.6757238E13	274.0	86.0
5.675725E13	274.0	86.0
5.675726E13	270.0	71.0
5.6757267E13	270.0	71.0
5.675728E13	270.0	71.0
5.675729E13	270.0	72.0
5.6757305E13	267.0	73.0
5.675731E13	267.0	74.0
5.6757318E13	267.0	75.0
5.675733E13	264.0	76.0
5.675734E13	264.0	77.0
5.675735E13	264.0	77.0
5.675736E13	264.0	78.0
5.675737E13	264.0	77.0
5.675738E13	264.0	77.0
5.6757397E13	264.0	76.0
5.67574E13	264.0	76.0
5.675741E13	267.0	76.0
5.675742E13	267.0	75.0
5.675743E13	267.0	74.0
5.675744E13	267.0	73.0
5.675745E13	271.0	86.0
5.675746E13	271.0	86.0
5.6757473E13	271.0	73.0
5.675748E13	271.0	74.0
5.675749E13	271.0	75.0
5.6757498E13	271.0	76.0
5.675751E13	271.0	77.0
5.675752E13	270.0	78.0
5.675753E13	270.0	79.0
5.675754E13	270.0	80.0
5.6757552E13	270.0	81.0
5.675756E13	267.0	82.0
5.675757E13	267.0	83.0
5.6757578E13	267.0	83.0
5.675759E13	265.0	82.0
5.67576E13	265.0	81.0
5.675761E13	265.0	80.0
5.675762E13	265.0	80.0
5.6757632E13	264.0	78.0
5.675764E13	264.0	78.0
5.675765E13	264.0	77.0
5.6757657E13	264.0	78.0
5.675767E13	261.0	86.0
5.675768E13	261.0	86.0
5.675769E13	261.0	85.0
5.67577E13	261.0	87.0
5.675771E13	258.0	87.0
5.675772E13	258.0	86.0
5.6757733E13	258.0	86.0
5.6757737E13	261.0	86.0
5.675775E13	261.0	86.0
5.675776E13	261.0	86.0
5.675777E13	261.0	81.0
5.675778E13	270.0	86.0
5.675779E13	270.0	45.0
5.67578E13	270.0	45.0
5.6757812E13	283.0	88.0
5.675782E13	283.0	88.0
5.675783E13	283.0	86.0
5.6757838E13	283.0	86.0
5.675785E13	283.0	86.0
5.675786E13	295.0	81.0
5.675787E13	295.0	86.0
5.675788E13	295.0	86.0
5.6757892E13	304.0	73.0
5.67579E13	304.0	72.0
5.675791E13	304.0	69.0
5.6757917E13	304.0	67.0
5.675793E13	306.0	65.0
5.675794E13	306.0	86.0
5.675795E13	306.0	69.0
5.675796E13	306.0	69.0
5.675797E13	312.0	72.0
5.675798E13	312.0	86.0
5.6757993E13	312.0	86.0
5.6757997E13	312.0	86.0
5.675801E13	318.0	85.0
5.675802E13	318.0	85.0
5.675803E13	318.0	85.0
5.675804E13	320.0	85.0
5.675805E13	320.0	85.0
5.675806E13	320.0	85.0
5.6758073E13	320.0	85.0
5.675808E13	320.0	85.0
5.675809E13	320.0	85.0
5.6758098E13	320.0	85.0
5.675811E13	320.0	85.0
5.675812E13	317.0	85.0
5.675813E13	317.0	85.0
5.675814E13	317.0	85.0
5.6758152E13	317.0	85.0
5.675816E13	309.0	86.0
5.6758173E13	309.0	86.0
5.6758177E13	309.0	86.0
5.675819E13	303.0	86.0
5.67582E13	303.0	86.0
5.675821E13	303.0	86.0
5.675822E13	303.0	86.0
5.675823E13	291.0	86.0
5.675824E13	291.0	86.0
5.6758253E13	291.0	86.0
5.675826E13	291.0	86.0
5.675827E13	283.0	79.0
5.675828E13	283.0	81.0
5.675829E13	283.0	81.0
5.67583E13	283.0	81.0
5.675831E13	275.0	81.0
5.675832E13	275.0	80.0
5.6758333E13	275.0	80.0
5.675834E13	268.0	78.0
5.675835E13	268.0	75.0
5.6758358E13	268.0	73.0
5.675837E13	268.0	73.0
5.675838E13	263.0	72.0
5.675839E13	263.0	71.0
5.67584E13	263.0	71.0
5.6758412E13	263.0	71.0
5.675842E13	260.0	72.0
5.6758433E13	260.0	72.0
5.675844E13	260.0	74.0
5.675845E13	255.0	75.0
5.675846E13	255.0	75.0
5.675847E13	255.0	76.0
5.675848E13	255.0	77.0
5.675849E13	251.0	77.0
5.67585E13	251.0	77.0
5.6758513E13	251.0	78.0
5.675852E13	251.0	78.0
5.675853E13	246.0	78.0
5.675854E13	246.0	78.0
5.675855E13	246.0	78.0
5.675856E13	246.0	77.0
5.675857E13	241.0	76.0
5.675858E13	241.0	75.0
5.6758593E13	241.0	74.0
5.67586E13	235.0	73.0
5.6758614E13	235.0	72.0
5.675862E13	235.0	72.0
5.675863E13	235.0	72.0
5.675864E13	230.0	75.0
5.675865E13	230.0	77.0
5.675866E13	230.0	79.0
5.6758672E13	230.0	80.0
5.675868E13	225.0	81.0
5.6758693E13	225.0	82.0
5.67587E13	225.0	84.0
5.675871E13	223.0	86.0
5.6758723E13	223.0	86.0
5.675873E13	223.0	85.0
5.675874E13	221.0	86.0
5.675875E13	221.0	85.0
5.675876E13	221.0	85.0
5.6758773E13	221.0	85.0
5.675878E13	220.0	82.0
5.6758794E13	220.0	81.0
5.67588E13	220.0	81.0
5.675881E13	220.0	79.0
5.675882E13	219.0	79.0
5.675883E13	219.0	80.0
5.675884E13	219.0	80.0
5.6758853E13	219.0	82.0
5.675886E13	219.0	83.0
5.6758874E13	220.0	83.0
5.675888E13	220.0	83.0
5.6758895E13	220.0	82.0
5.67589E13	227.0	80.0
5.675891E13	227.0	79.0
5.675892E13	227.0	77.0
5.6758932E13	227.0	76.0
5.675894E13	241.0	77.0
5.6758953E13	241.0	78.0
5.675896E13	241.0	80.0
5.6758974E13	241.0	82.0
5.675898E13	259.0	85.0
5.675899E13	259.0	88.0
5.6759E13	259.0	88.0
5.675901E13	259.0	84.0
5.675902E13	273.0	82.0
5.6759033E13	273.0	79.0
5.675904E13	273.0	77.0
5.6759054E13	282.0	73.0
5.6759062E13	282.0	71.0
5.675907E13	282.0	70.0
5.675908E13	282.0	69.0
5.675909E13	286.0	68.0
5.67591E13	286.0	67.0
5.6759113E13	286.0	66.0
5.675912E13	286.0	65.0
5.6759134E13	288.0	66.0
5.675914E13	288.0	68.0
5.675915E13	288.0	70.0
5.675916E13	288.0	71.0
5.675917E13	287.0	70.0
5.675918E13	287.0	67.0
5.6759192E13	287.0	65.0
5.67592E13	284.0	64.0
5.6759213E13	284.0	65.0
5.675922E13	284.0	67.0
5.6759234E13	284.0	70.0
5.675924E13	278.0	74.0
5.675925E13	278.0	75.0
5.675926E13	278.0	73.0
5.675927E13	278.0	72.0
5.675928E13	273.0	73.0
5.6759293E13	273.0	75.0
5.67593E13	273.0	75.0
5.6759314E13	267.0	75.0
5.6759322E13	267.0	74.0
5.675933E13	267.0	72.0
