5.681167E13	78.0	77.0
5.6811684E13	78.0	77.0
5.6811692E13	78.0	78.0
5.68117E13	78.0	79.0
5.6811713E13	88.0	80.0
5.681172E13	88.0	80.0
5.681173E13	88.0	80.0
5.6811743E13	88.0	80.0
5.681175E13	101.0	75.0
5.6811764E13	101.0	75.0
5.6811772E13	101.0	74.0
5.681178E13	114.0	72.0
5.68118E13	114.0	72.0
5.681181E13	127.0	74.0
5.6811823E13	127.0	74.0
5.681183E13	127.0	74.0
5.6811843E13	127.0	74.0
5.681186E13	140.0	72.0
5.6811873E13	140.0	69.0
5.681188E13	140.0	67.0
5.6811894E13	140.0	66.0
5.6811902E13	151.0	67.0
5.681191E13	151.0	69.0
5.6811923E13	151.0	72.0
5.681193E13	155.0	74.0
5.6811944E13	155.0	74.0
5.6811953E13	155.0	73.0
5.681196E13	155.0	72.0
5.6811974E13	154.0	73.0
5.681198E13	154.0	75.0
5.681199E13	154.0	75.0
5.6812003E13	154.0	74.0
5.681201E13	147.0	73.0
5.6812024E13	147.0	70.0
5.6812032E13	147.0	66.0
5.681204E13	147.0	62.0
5.681206E13	139.0	58.0
5.6812074E13	139.0	59.0
5.6812083E13	131.0	62.0
5.681209E13	131.0	65.0
5.6812104E13	131.0	68.0
5.681211E13	131.0	70.0
5.681212E13	127.0	72.0
5.6812133E13	127.0	75.0
5.681214E13	127.0	76.0
5.6812154E13	127.0	76.0
5.6812162E13	124.0	76.0
5.681217E13	124.0	75.0
5.6812183E13	124.0	74.0
5.681219E13	124.0	74.0
5.6812204E13	117.0	76.0
5.6812213E13	117.0	77.0
5.681222E13	117.0	78.0
5.6812234E13	107.0	78.0
5.681224E13	107.0	78.0
5.681225E13	107.0	78.0
5.6812263E13	107.0	76.0
5.681227E13	95.0	75.0
5.6812284E13	95.0	74.0
5.6812292E13	95.0	73.0
5.68123E13	95.0	72.0
5.6812313E13	85.0	71.0
5.681232E13	85.0	70.0
5.6812334E13	85.0	70.0
5.6812343E13	78.0	71.0
5.681235E13	78.0	71.0
5.6812364E13	78.0	72.0
5.681237E13	78.0	73.0
5.6812385E13	74.0	73.0
5.6812393E13	74.0	75.0
5.68124E13	74.0	76.0
5.6812414E13	74.0	76.0
5.6812422E13	71.0	74.0
5.681243E13	71.0	74.0
5.6812443E13	71.0	73.0
5.681245E13	71.0	73.0
5.6812464E13	69.0	72.0
5.6812473E13	69.0	72.0
5.681248E13	69.0	73.0
5.6812494E13	68.0	72.0
5.68125E13	68.0	71.0
5.681251E13	68.0	71.0
5.6812523E13	67.0	72.0
5.681253E13	67.0	75.0
5.6812544E13	67.0	77.0
5.6812552E13	67.0	79.0
5.681256E13	66.0	79.0
5.6812573E13	66.0	79.0
5.681258E13	66.0	78.0
5.6812594E13	66.0	78.0
5.6812603E13	66.0	78.0
5.681261E13	66.0	78.0
5.6812624E13	66.0	78.0
5.681263E13	66.0	78.0
5.6812645E13	66.0	78.0
5.6812653E13	66.0	78.0
5.681266E13	66.0	77.0
5.6812674E13	66.0	76.0
5.6812682E13	67.0	74.0
5.681269E13	67.0	73.0
5.6812703E13	67.0	72.0
5.681271E13	67.0	72.0
5.6812724E13	70.0	73.0
5.6812733E13	70.0	75.0
5.681274E13	70.0	78.0
5.6812754E13	70.0	81.0
5.681276E13	74.0	83.0
5.6812775E13	74.0	85.0
5.6812783E13	74.0	86.0
5.681279E13	81.0	86.0
5.6812804E13	81.0	86.0
5.6812812E13	81.0	86.0
5.681282E13	81.0	85.0
5.6812833E13	88.0	85.0
5.681284E13	88.0	83.0
5.6812854E13	88.0	82.0
5.6812863E13	88.0	82.0
5.681287E13	93.0	81.0
5.6812884E13	93.0	80.0
5.681289E13	93.0	80.0
5.6812905E13	93.0	80.0
5.6812913E13	102.0	80.0
5.681292E13	102.0	80.0
5.6812934E13	102.0	80.0
5.6812942E13	112.0	78.0
5.6812955E13	112.0	76.0
5.6812963E13	112.0	76.0
5.681297E13	112.0	75.0
5.6812984E13	124.0	74.0
5.6812993E13	124.0	74.0
5.6813E13	124.0	71.0
5.6813014E13	124.0	70.0
5.681302E13	135.0	70.0
5.6813035E13	135.0	71.0
5.6813043E13	135.0	73.0
5.681305E13	135.0	72.0
5.6813064E13	146.0	70.0
5.6813072E13	146.0	68.0
5.6813085E13	146.0	66.0
5.6813093E13	155.0	65.0
5.68131E13	155.0	67.0
5.6813114E13	155.0	69.0
5.6813123E13	155.0	71.0
5.6813135E13	160.0	73.0
5.6813144E13	160.0	73.0
5.6813152E13	160.0	74.0
5.6813165E13	160.0	73.0
5.6813173E13	162.0	72.0
5.681318E13	162.0	73.0
5.6813194E13	162.0	76.0
5.6813202E13	160.0	76.0
5.6813215E13	160.0	74.0
5.6813223E13	160.0	72.0
5.681323E13	160.0	70.0
5.6813244E13	153.0	67.0
5.6813253E13	153.0	64.0
5.681326E13	153.0	61.0
5.6813274E13	153.0	60.0
5.6813282E13	144.0	59.0
5.6813295E13	144.0	60.0
5.6813303E13	144.0	64.0
5.681331E13	144.0	68.0
5.6813324E13	136.0	71.0
5.6813332E13	136.0	75.0
5.6813345E13	129.0	79.0
5.6813353E13	129.0	79.0
5.681336E13	129.0	78.0
5.6813374E13	129.0	77.0
5.6813383E13	120.0	76.0
5.6813395E13	120.0	77.0
5.6813404E13	120.0	77.0
5.6813412E13	120.0	78.0
5.6813425E13	120.0	78.0
5.6813433E13	109.0	78.0
5.681344E13	109.0	77.0
5.6813454E13	109.0	76.0
5.6813462E13	96.0	74.0
5.6813475E13	96.0	74.0
5.6813483E13	96.0	72.0
5.681349E13	87.0	72.0
5.6813504E13	87.0	72.0
5.6813513E13	87.0	72.0
5.6813525E13	87.0	71.0
5.6813534E13	87.0	71.0
5.6813542E13	80.0	73.0
5.6813555E13	80.0	73.0
5.6813563E13	80.0	73.0
5.681357E13	75.0	74.0
5.6813584E13	75.0	75.0
5.6813593E13	75.0	76.0
5.6813605E13	75.0	76.0
5.6813613E13	75.0	76.0
5.681362E13	71.0	75.0
5.6813634E13	71.0	74.0
5.6813643E13	71.0	70.0
5.6813655E13	68.0	67.0
5.6813664E13	68.0	68.0
5.6813672E13	68.0	70.0
5.6813685E13	68.0	71.0
5.6813693E13	66.0	71.0
5.68137E13	66.0	71.0
5.6813714E13	66.0	72.0
5.6813723E13	66.0	73.0
5.6813735E13	65.0	75.0
5.6813744E13	65.0	77.0
5.681375E13	65.0	82.0
5.6813764E13	65.0	82.0
5.6813773E13	64.0	81.0
5.6813785E13	64.0	80.0
5.6813794E13	64.0	79.0
5.6813802E13	64.0	79.0
5.6813815E13	64.0	80.0
5.6813823E13	64.0	80.0
5.6813836E13	64.0	79.0
5.6813844E13	63.0	76.0
5.6813853E13	63.0	81.0
5.6813865E13	63.0	83.0
5.6813874E13	63.0	81.0
5.681388E13	62.0	79.0
5.6813895E13	62.0	78.0
5.6813903E13	62.0	78.0
5.6813915E13	62.0	78.0
5.6813924E13	62.0	78.0
5.6813932E13	62.0	79.0
5.6813945E13	62.0	79.0
5.6813953E13	65.0	79.0
5.6813966E13	65.0	80.0
5.6813974E13	65.0	81.0
5.6813983E13	65.0	83.0
5.6813995E13	69.0	86.0
5.6814004E13	69.0	90.0
5.6814016E13	69.0	87.0
5.6814025E13	69.0	84.0
5.6814033E13	72.0	83.0
5.6814045E13	72.0	82.0
5.6814054E13	72.0	81.0
5.6814062E13	76.0	80.0
5.6814075E13	76.0	79.0
5.6814083E13	76.0	77.0
5.6814096E13	76.0	75.0
5.6814104E13	84.0	74.0
5.6814113E13	84.0	73.0
5.6814125E13	84.0	72.0
5.6814134E13	84.0	72.0
5.6814146E13	93.0	72.0
5.6814155E13	93.0	72.0
5.6814163E13	93.0	71.0
5.6814176E13	93.0	70.0
5.6814184E13	105.0	70.0
5.6814192E13	105.0	70.0
5.6814205E13	105.0	69.0
5.6814213E13	120.0	68.0
5.6814226E13	120.0	68.0
5.6814234E13	120.0	67.0
5.6814243E13	120.0	66.0
5.6814255E13	134.0	67.0
5.6814264E13	134.0	67.0
5.6814276E13	134.0	68.0
5.6814285E13	134.0	68.0
5.6814293E13	142.0	67.0
5.6814306E13	142.0	68.0
5.6814314E13	142.0	71.0
5.6814322E13	142.0	71.0
5.6814335E13	145.0	72.0
5.6814343E13	145.0	72.0
5.6814356E13	145.0	72.0
5.6814364E13	139.0	74.0
5.6814373E13	139.0	75.0
5.6814385E13	139.0	74.0
5.6814394E13	139.0	73.0
5.6814406E13	131.0	70.0
5.6814415E13	131.0	66.0
5.6814423E13	131.0	63.0
5.6814436E13	131.0	60.0
5.6814444E13	120.0	59.0
5.6814457E13	120.0	61.0
5.6814465E13	120.0	65.0
5.6814473E13	120.0	69.0
5.6814486E13	112.0	72.0
5.6814494E13	112.0	75.0
5.6814503E13	112.0	77.0
5.6814515E13	106.0	78.0
5.6814524E13	106.0	80.0
5.6814536E13	106.0	80.0
5.6814545E13	106.0	78.0
5.6814553E13	98.0	77.0
5.6814566E13	98.0	77.0
5.6814574E13	98.0	77.0
5.6814587E13	98.0	78.0
5.6814595E13	89.0	78.0
5.6814603E13	89.0	76.0
5.6814616E13	89.0	73.0
5.6814624E13	89.0	71.0
5.6814633E13	80.0	71.0
5.6814645E13	80.0	71.0
5.6814654E13	80.0	71.0
5.6814666E13	73.0	72.0
5.6814675E13	73.0	73.0
5.6814683E13	73.0	73.0
5.6814696E13	73.0	73.0
5.6814704E13	68.0	73.0
5.6814717E13	68.0	72.0
5.6814725E13	68.0	72.0
5.6814733E13	68.0	73.0
5.6814746E13	64.0	74.0
5.6814754E13	64.0	74.0
5.6814763E13	64.0	72.0
5.6814775E13	64.0	71.0
5.6814784E13	62.0	72.0
5.6814796E13	62.0	73.0
5.6814805E13	60.0	73.0
5.6814813E13	60.0	72.0
5.6814826E13	60.0	72.0
5.6814834E13	60.0	72.0
5.6814847E13	59.0	72.0
5.6814855E13	59.0	72.0
5.6814863E13	59.0	73.0
5.6814876E13	59.0	74.0
5.6814884E13	59.0	74.0
5.6814897E13	58.0	75.0
5.6814905E13	58.0	77.0
5.6814914E13	58.0	77.0
5.6814926E13	57.0	78.0
5.6814935E13	57.0	79.0
5.6814943E13	57.0	80.0
5.6814956E13	57.0	80.0
5.6814964E13	57.0	79.0
5.6814977E13	57.0	78.0
5.6814985E13	57.0	78.0
5.6814993E13	57.0	78.0
5.6815006E13	57.0	78.0
5.6815014E13	57.0	79.0
5.6815027E13	57.0	79.0
5.6815035E13	57.0	80.0
5.6815044E13	57.0	82.0
5.6815056E13	57.0	83.0
5.6815065E13	57.0	84.0
5.6815073E13	58.0	86.0
5.6815086E13	58.0	87.0
5.6815094E13	58.0	88.0
5.6815107E13	58.0	89.0
5.6815115E13	60.0	89.0
5.6815123E13	60.0	87.0
5.6815136E13	60.0	87.0
5.6815144E13	60.0	86.0
5.6815157E13	64.0	85.0
5.6815165E13	64.0	84.0
5.6815174E13	64.0	84.0
5.6815186E13	64.0	85.0
5.6815195E13	71.0	87.0
5.6815203E13	71.0	88.0
5.6815216E13	71.0	89.0
5.6815224E13	81.0	87.0
5.6815237E13	81.0	87.0
5.6815245E13	81.0	87.0
5.6815253E13	81.0	85.0
5.6815266E13	90.0	84.0
5.6815274E13	90.0	80.0
5.6815287E13	90.0	76.0
5.6815295E13	90.0	74.0
5.6815304E13	99.0	74.0
5.6815316E13	99.0	72.0
5.6815325E13	99.0	70.0
5.6815337E13	99.0	71.0
5.6815346E13	108.0	72.0
5.6815354E13	108.0	75.0
5.6815367E13	108.0	78.0
5.6815375E13	118.0	77.0
5.6815383E13	118.0	75.0
5.6815396E13	118.0	71.0
5.6815404E13	118.0	68.0
5.6815417E13	130.0	67.0
5.6815425E13	130.0	67.0
5.6815434E13	130.0	69.0
5.6815446E13	130.0	72.0
5.6815455E13	138.0	74.0
5.6815467E13	138.0	76.0
5.6815476E13	138.0	77.0
5.6815484E13	138.0	75.0
5.6815497E13	140.0	73.0
5.6815505E13	140.0	72.0
5.6815514E13	140.0	73.0
5.6815526E13	135.0	73.0
5.6815534E13	135.0	73.0
5.6815547E13	135.0	70.0
5.6815555E13	135.0	67.0
5.6815564E13	127.0	65.0
5.6815576E13	127.0	61.0
5.6815585E13	127.0	58.0
5.6815597E13	127.0	57.0
5.6815606E13	118.0	60.0
5.6815614E13	118.0	64.0
5.6815627E13	118.0	68.0
5.6815635E13	118.0	71.0
5.6815644E13	112.0	74.0
5.6815656E13	112.0	76.0
5.6815664E13	112.0	78.0
5.6815677E13	106.0	78.0
5.6815685E13	106.0	76.0
5.6815694E13	106.0	75.0
5.6815706E13	99.0	75.0
5.6815715E13	99.0	75.0
5.6815727E13	99.0	76.0
5.6815736E13	99.0	78.0
5.6815744E13	99.0	78.0
5.6815757E13	90.0	78.0
5.6815765E13	90.0	74.0
5.6815778E13	90.0	74.0
5.6815786E13	82.0	73.0
5.6815795E13	82.0	37.0
5.6815807E13	82.0	72.0
5.6815815E13	75.0	71.0
5.6815824E13	75.0	71.0
5.6815836E13	75.0	72.0
5.6815845E13	75.0	72.0
5.6815857E13	70.0	72.0
5.6815866E13	70.0	72.0
5.6815874E13	70.0	72.0
5.6815887E13	70.0	73.0
5.6815895E13	66.0	75.0
5.6815908E13	66.0	76.0
5.6815916E13	66.0	76.0
5.6815925E13	63.0	75.0
5.6815937E13	63.0	74.0
5.6815946E13	63.0	74.0
5.6815954E13	63.0	74.0
5.6815966E13	61.0	74.0
5.6815975E13	61.0	73.0
5.6815987E13	61.0	73.0
5.6815996E13	61.0	70.0
5.6816004E13	61.0	69.0
5.6816017E13	60.0	70.0
5.6816025E13	60.0	71.0
5.6816038E13	60.0	73.0
5.6816046E13	60.0	75.0
5.6816055E13	59.0	76.0
5.6816067E13	59.0	76.0
5.6816076E13	59.0	76.0
5.6816084E13	58.0	77.0
5.6816097E13	58.0	80.0
5.6816105E13	58.0	83.0
5.6816117E13	58.0	85.0
5.6816126E13	58.0	87.0
5.6816134E13	58.0	86.0
5.6816147E13	58.0	83.0
5.6816155E13	58.0	80.0
5.6816168E13	58.0	79.0
5.6816176E13	58.0	78.0
5.6816185E13	58.0	78.0
5.6816197E13	58.0	77.0
5.6816206E13	59.0	77.0
5.6816214E13	59.0	77.0
5.6816227E13	59.0	77.0
5.6816235E13	61.0	78.0
5.6816248E13	61.0	80.0
5.6816256E13	61.0	83.0
5.6816264E13	61.0	86.0
5.6816277E13	65.0	88.0
5.6816285E13	65.0	89.0
5.6816298E13	65.0	89.0
5.6816306E13	65.0	88.0
5.6816315E13	72.0	86.0
5.6816327E13	72.0	85.0
5.6816336E13	72.0	84.0
5.681635E13	72.0	84.0
5.6816357E13	82.0	84.0
5.6816365E13	82.0	85.0
5.6816378E13	82.0	87.0
5.6816386E13	93.0	88.0
5.6816394E13	93.0	88.0
5.6816407E13	93.0	85.0
5.6816415E13	93.0	84.0
5.6816428E13	103.0	82.0
5.6816436E13	103.0	79.0
5.6816445E13	103.0	77.0
5.6816457E13	103.0	75.0
5.6816466E13	112.0	74.0
5.681648E13	112.0	71.0
5.6816487E13	112.0	68.0
5.6816495E13	118.0	66.0
5.6816508E13	118.0	65.0
5.6816516E13	118.0	65.0
5.681653E13	118.0	66.0
5.6816537E13	126.0	67.0
5.6816545E13	126.0	67.0
5.6816558E13	126.0	68.0
5.6816566E13	126.0	67.0
5.6816575E13	136.0	66.0
5.6816587E13	136.0	66.0
5.6816596E13	136.0	66.0
5.681661E13	136.0	67.0
5.6816617E13	146.0	70.0
5.6816625E13	146.0	72.0
5.6816638E13	146.0	73.0
5.6816646E13	150.0	72.0
5.681666E13	150.0	71.0
5.6816667E13	150.0	71.0
5.6816675E13	150.0	72.0
5.681669E13	145.0	74.0
5.6816696E13	145.0	74.0
5.6816705E13	145.0	74.0
5.6816717E13	145.0	73.0
5.6816726E13	137.0	71.0
5.681674E13	137.0	64.0
5.6816747E13	137.0	59.0
5.6816755E13	129.0	59.0
5.6816768E13	129.0	59.0
5.6816776E13	129.0	64.0
5.681679E13	129.0	64.0
5.6816797E13	124.0	71.0
5.6816805E13	124.0	71.0
5.681682E13	124.0	74.0
5.6816826E13	124.0	76.0
5.681684E13	120.0	80.0
5.6816847E13	120.0	80.0
5.6816856E13	120.0	79.0
5.681687E13	116.0	78.0
5.6816877E13	116.0	77.0
5.6816885E13	116.0	78.0
5.6816898E13	116.0	81.0
5.6816906E13	107.0	82.0
5.681692E13	107.0	80.0
5.6816927E13	107.0	80.0
5.6816935E13	107.0	79.0
5.681695E13	96.0	79.0
5.6816956E13	96.0	78.0
5.681697E13	96.0	76.0
5.6816977E13	96.0	75.0
5.6816986E13	86.0	76.0
5.6817E13	86.0	74.0
5.6817007E13	86.0	73.0
5.6817015E13	86.0	72.0
5.6817028E13	79.0	72.0
5.6817036E13	79.0	73.0
5.681705E13	79.0	74.0
5.6817057E13	79.0	74.0
5.6817065E13	75.0	75.0
5.681708E13	75.0	75.0
5.6817086E13	75.0	76.0
5.68171E13	72.0	76.0
5.6817107E13	72.0	75.0
5.6817116E13	72.0	75.0
5.681713E13	72.0	74.0
5.6817137E13	70.0	73.0
5.6817145E13	70.0	71.0
5.6817158E13	70.0	70.0
5.6817166E13	70.0	69.0
5.681718E13	68.0	70.0
5.6817187E13	68.0	70.0
5.6817195E13	68.0	73.0
5.681721E13	67.0	74.0
5.6817216E13	67.0	76.0
5.681723E13	67.0	77.0
5.6817237E13	67.0	79.0
5.681725E13	67.0	80.0
5.681726E13	67.0	80.0
5.6817267E13	67.0	80.0
5.681728E13	67.0	81.0
5.6817288E13	67.0	80.0
5.6817296E13	67.0	80.0
5.681731E13	67.0	80.0
5.6817317E13	67.0	80.0
5.6817325E13	67.0	80.0
5.681734E13	67.0	80.0
5.6817346E13	68.0	79.0
5.681736E13	68.0	78.0
5.6817367E13	68.0	78.0
5.6817376E13	68.0	78.0
5.681739E13	68.0	78.0
5.6817397E13	69.0	78.0
5.681741E13	69.0	78.0
5.6817418E13	69.0	79.0
5.6817426E13	69.0	80.0
5.681744E13	71.0	82.0
5.6817447E13	71.0	84.0
5.681746E13	71.0	85.0
5.681747E13	71.0	86.0
5.6817476E13	75.0	86.0
5.681749E13	75.0	85.0
5.6817497E13	75.0	85.0
5.6817506E13	82.0	86.0
5.681752E13	82.0	87.0
5.6817527E13	82.0	88.0
5.681754E13	82.0	88.0
5.6817548E13	91.0	89.0
5.6817556E13	91.0	87.0
5.681757E13	91.0	84.0
5.6817577E13	101.0	84.0
5.681759E13	101.0	81.0
5.68176E13	101.0	79.0
5.6817606E13	101.0	77.0
5.681762E13	101.0	77.0
5.6817627E13	110.0	76.0
5.6817636E13	110.0	75.0
5.681765E13	110.0	75.0
5.6817657E13	119.0	73.0
5.681767E13	119.0	71.0
5.6817678E13	119.0	69.0
5.6817686E13	119.0	67.0
5.68177E13	128.0	66.0
5.6817707E13	128.0	67.0
5.6817716E13	128.0	70.0
5.681773E13	128.0	71.0
5.6817736E13	138.0	71.0
5.681775E13	138.0	69.0
5.6817757E13	138.0	67.0
5.6817766E13	138.0	65.0
5.681778E13	145.0	66.0
5.6817787E13	145.0	70.0
5.68178E13	149.0	72.0
5.6817808E13	149.0	72.0
5.6817816E13	149.0	71.0
5.681783E13	149.0	71.0
5.6817837E13	148.0	69.0
5.681785E13	148.0	69.0
5.681786E13	148.0	70.0
5.6817867E13	148.0	71.0
5.681788E13	142.0	72.0
5.6817887E13	142.0	72.0
5.6817896E13	142.0	70.0
5.681791E13	142.0	67.0
5.6817917E13	136.0	64.0
5.681793E13	136.0	61.0
5.6817938E13	136.0	61.0
5.6817946E13	136.0	60.0
5.681796E13	129.0	62.0
5.6817967E13	129.0	66.0
5.681798E13	129.0	70.0
5.681799E13	129.0	72.0
5.6817997E13	124.0	72.0
5.681801E13	124.0	75.0
5.6818018E13	124.0	77.0
5.6818026E13	124.0	78.0
5.681804E13	118.0	78.0
5.6818047E13	118.0	78.0
5.681806E13	118.0	78.0
5.6818068E13	118.0	78.0
5.6818076E13	110.0	78.0
5.681809E13	110.0	79.0
5.6818097E13	110.0	79.0
5.681811E13	101.0	79.0
5.681812E13	101.0	78.0
5.6818127E13	101.0	77.0
5.681814E13	101.0	75.0
5.6818148E13	91.0	75.0
5.6818156E13	91.0	74.0
5.6818173E13	91.0	73.0
5.6818177E13	91.0	73.0
5.681819E13	84.0	72.0
5.6818198E13	84.0	71.0
5.6818206E13	84.0	72.0
5.681822E13	79.0	73.0
5.6818227E13	79.0	73.0
5.681824E13	79.0	74.0
5.681825E13	79.0	75.0
5.6818257E13	75.0	76.0
5.681827E13	75.0	76.0
5.6818278E13	75.0	75.0
5.6818286E13	75.0	75.0
5.68183E13	72.0	76.0
5.6818307E13	72.0	75.0
5.681832E13	72.0	74.0
5.6818328E13	72.0	73.0
5.6818336E13	70.0	72.0
5.681835E13	70.0	70.0
5.6818357E13	70.0	70.0
5.681837E13	68.0	70.0
5.681838E13	68.0	72.0
5.6818387E13	68.0	73.0
5.68184E13	68.0	75.0
5.6818408E13	67.0	75.0
5.681842E13	67.0	75.0
5.681843E13	67.0	75.0
5.6818437E13	67.0	75.0
5.681845E13	66.0	77.0
5.681846E13	66.0	79.0
5.6818466E13	66.0	81.0
5.681848E13	66.0	81.0
5.6818487E13	66.0	80.0
5.68185E13	66.0	80.0
5.681851E13	66.0	81.0
5.6818517E13	65.0	82.0
5.681853E13	65.0	82.0
5.6818538E13	65.0	80.0
5.681855E13	65.0	78.0
5.681856E13	65.0	76.0
5.6818567E13	65.0	76.0
5.681858E13	65.0	77.0
5.6818592E13	65.0	77.0
5.6818596E13	65.0	77.0
5.681861E13	65.0	80.0
5.6818617E13	65.0	83.0
5.681863E13	65.0	83.0
5.681864E13	66.0	85.0
5.6818647E13	66.0	87.0
5.681866E13	66.0	86.0
5.6818668E13	69.0	84.0
5.681868E13	69.0	83.0
5.681869E13	69.0	82.0
5.6818697E13	69.0	84.0
5.681871E13	74.0	85.0
5.681872E13	74.0	86.0
5.681873E13	74.0	86.0
5.681874E13	74.0	86.0
5.6818747E13	80.0	85.0
5.681876E13	80.0	84.0
5.681877E13	80.0	84.0
5.6818777E13	80.0	83.0
5.681879E13	87.0	82.0
5.6818798E13	87.0	81.0
5.681881E13	87.0	79.0
5.681882E13	93.0	75.0
5.6818827E13	93.0	73.0
5.681884E13	93.0	71.0
5.681885E13	93.0	71.0
5.681886E13	98.0	68.0
5.681887E13	98.0	68.0
5.6818877E13	98.0	68.0
5.681889E13	98.0	68.0
5.68189E13	105.0	69.0
5.6818907E13	105.0	69.0
5.681892E13	105.0	67.0
5.6818928E13	112.0	41.0
5.681894E13	112.0	66.0
5.681895E13	112.0	65.0
5.6818957E13	119.0	65.0
5.681897E13	119.0	65.0
5.681898E13	119.0	67.0
5.681899E13	119.0	70.0
5.6819E13	119.0	73.0
5.6819007E13	123.0	73.0
5.681902E13	123.0	74.0
5.681903E13	123.0	72.0
5.6819037E13	123.0	70.0
5.681905E13	125.0	72.0
5.6819058E13	125.0	75.0
5.681907E13	125.0	75.0
5.681908E13	123.0	73.0
5.6819087E13	123.0	72.0
5.68191E13	123.0	70.0
5.681911E13	123.0	67.0
5.681912E13	118.0	65.0
5.681913E13	118.0	61.0
5.6819137E13	118.0	59.0
5.681915E13	118.0	58.0
5.681916E13	113.0	60.0
5.681917E13	113.0	64.0
5.681918E13	113.0	68.0
5.6819188E13	113.0	70.0
5.68192E13	109.0	73.0
5.681921E13	109.0	76.0
5.6819217E13	109.0	78.0
5.681923E13	106.0	80.0
5.681924E13	106.0	80.0
5.681925E13	106.0	78.0
5.681926E13	106.0	78.0
5.6819267E13	100.0	78.0
5.681928E13	100.0	78.0
5.681929E13	100.0	79.0
5.68193E13	100.0	80.0
5.681931E13	91.0	80.0
5.6819318E13	91.0	78.0
5.681933E13	91.0	76.0
5.681934E13	91.0	75.0
5.6819347E13	82.0	73.0
5.681936E13	82.0	72.0
5.681937E13	82.0	70.0
5.681938E13	75.0	70.0
5.681939E13	75.0	69.0
5.6819397E13	75.0	69.0
5.681941E13	75.0	68.0
5.681942E13	71.0	69.0
5.681943E13	71.0	70.0
5.681946E13	68.0	74.0
5.681947E13	68.0	73.0
5.6819477E13	68.0	72.0
5.681949E13	68.0	72.0
5.68195E13	66.0	73.0
5.681951E13	66.0	73.0
5.681952E13	66.0	71.0
5.6819527E13	64.0	70.0
5.681954E13	64.0	70.0
5.681955E13	64.0	70.0
5.681956E13	64.0	71.0
5.681957E13	64.0	72.0
5.6819578E13	64.0	72.0
5.681959E13	64.0	73.0
5.68196E13	64.0	73.0
5.681961E13	63.0	75.0
5.681962E13	63.0	76.0
5.681963E13	63.0	76.0
5.681964E13	63.0	76.0
5.681965E13	62.0	77.0
5.6819657E13	62.0	77.0
5.681967E13	62.0	78.0
5.681968E13	62.0	79.0
5.681969E13	62.0	80.0
5.68197E13	62.0	80.0
5.6819708E13	62.0	80.0
5.681972E13	63.0	78.0
5.681973E13	63.0	78.0
5.681974E13	63.0	78.0
5.681975E13	63.0	78.0
5.681976E13	63.0	80.0
5.681977E13	63.0	81.0
5.681979E13	63.0	85.0
5.68198E13	63.0	86.0
5.681981E13	63.0	87.0
5.681982E13	63.0	87.0
5.681983E13	64.0	87.0
5.6819838E13	64.0	87.0
5.681985E13	64.0	88.0
5.681986E13	64.0	89.0
5.681987E13	67.0	89.0
5.681988E13	67.0	89.0
5.681989E13	67.0	89.0
5.68199E13	67.0	89.0
5.681991E13	71.0	89.0
5.681992E13	71.0	89.0
5.681993E13	71.0	89.0
5.681994E13	77.0	89.0
5.681995E13	77.0	89.0
5.681996E13	77.0	88.0
5.6819968E13	77.0	87.0
5.681998E13	84.0	49.0
5.681999E13	84.0	84.0
5.682E13	84.0	83.0
5.682001E13	93.0	81.0
5.682002E13	93.0	81.0
5.682003E13	93.0	78.0
5.682004E13	93.0	76.0
5.682005E13	93.0	74.0
5.682006E13	101.0	73.0
5.682007E13	101.0	73.0
5.682008E13	101.0	74.0
5.682009E13	109.0	74.0
5.6820098E13	109.0	72.0
5.682011E13	109.0	70.0
5.682012E13	109.0	69.0
5.682013E13	117.0	68.0
5.682014E13	117.0	67.0
5.682015E13	117.0	66.0
5.682016E13	117.0	66.0
5.682017E13	125.0	66.0
5.682018E13	125.0	69.0
5.682019E13	125.0	72.0
5.68202E13	125.0	73.0
5.682021E13	129.0	72.0
5.682022E13	129.0	72.0
5.682023E13	129.0	72.0
5.682024E13	129.0	74.0
5.682025E13	129.0	77.0
5.682026E13	129.0	79.0
5.682027E13	129.0	77.0
5.682028E13	125.0	71.0
5.682029E13	125.0	71.0
5.68203E13	125.0	70.0
5.682031E13	125.0	67.0
5.682032E13	118.0	63.0
5.682033E13	118.0	61.0
5.682034E13	118.0	61.0
5.682035E13	118.0	64.0
5.6820362E13	112.0	67.0
5.682037E13	112.0	70.0
5.682038E13	112.0	72.0
5.682039E13	108.0	73.0
5.68204E13	108.0	75.0
5.6820412E13	108.0	77.0
5.682042E13	108.0	78.0
5.682043E13	104.0	79.0
5.682044E13	104.0	79.0
5.682045E13	104.0	79.0
5.682046E13	104.0	79.0
5.682047E13	98.0	81.0
5.682048E13	98.0	80.0
5.6820492E13	98.0	79.0
5.68205E13	98.0	77.0
5.682051E13	90.0	76.0
5.682052E13	90.0	76.0
5.682053E13	90.0	74.0
5.682054E13	82.0	73.0
5.682055E13	82.0	73.0
5.682056E13	82.0	73.0
5.682057E13	82.0	72.0
5.682058E13	76.0	71.0
5.682059E13	76.0	72.0
5.68206E13	76.0	73.0
5.682061E13	76.0	73.0
5.6820622E13	73.0	74.0
5.682063E13	73.0	75.0
5.682064E13	73.0	75.0
5.682065E13	70.0	75.0
5.682066E13	70.0	75.0
5.682067E13	70.0	75.0
5.682068E13	70.0	75.0
5.682069E13	68.0	76.0
5.68207E13	68.0	76.0
5.682071E13	68.0	77.0
5.682072E13	68.0	76.0
5.682073E13	67.0	75.0
5.682074E13	67.0	74.0
5.6820752E13	67.0	73.0
5.682076E13	67.0	73.0
5.682077E13	66.0	72.0
5.682078E13	66.0	72.0
5.682079E13	66.0	73.0
5.6820803E13	66.0	74.0
5.682081E13	66.0	76.0
5.682082E13	66.0	77.0
5.682083E13	66.0	78.0
5.682084E13	65.0	79.0
5.682085E13	65.0	79.0
5.682086E13	65.0	79.0
5.682087E13	65.0	78.0
5.6820882E13	65.0	78.0
5.682089E13	65.0	78.0
5.68209E13	65.0	79.0
5.682091E13	65.0	82.0
5.682092E13	65.0	81.0
5.6820933E13	65.0	81.0
5.682094E13	65.0	81.0
5.682095E13	65.0	80.0
5.682096E13	65.0	79.0
5.682097E13	65.0	79.0
5.682098E13	65.0	79.0
5.682099E13	67.0	80.0
5.6821E13	67.0	81.0
5.6821012E13	67.0	83.0
5.682102E13	67.0	84.0
5.682103E13	71.0	85.0
5.682104E13	71.0	86.0
5.682105E13	71.0	85.0
5.6821063E13	71.0	85.0
5.682107E13	76.0	85.0
5.682108E13	76.0	85.0
5.682109E13	76.0	86.0
5.68211E13	83.0	87.0
5.682111E13	83.0	88.0
5.682112E13	83.0	90.0
5.682113E13	83.0	88.0
5.6821142E13	91.0	85.0
5.682115E13	91.0	83.0
5.682116E13	91.0	83.0
5.682117E13	91.0	83.0
5.682118E13	100.0	80.0
5.6821193E13	100.0	78.0
5.68212E13	100.0	77.0
5.682121E13	100.0	78.0
5.682122E13	110.0	78.0
5.682123E13	110.0	75.0
5.6821243E13	110.0	72.0
5.682125E13	120.0	69.0
5.682126E13	120.0	68.0
5.6821272E13	120.0	71.0
5.682128E13	120.0	74.0
5.682129E13	131.0	75.0
5.68213E13	131.0	74.0
5.682131E13	131.0	73.0
5.6821323E13	131.0	70.0
5.682133E13	143.0	68.0
5.682134E13	143.0	66.0
5.682135E13	143.0	65.0
5.682136E13	150.0	67.0
5.6821373E13	150.0	70.0
5.682138E13	150.0	72.0
5.682139E13	150.0	71.0
5.6821402E13	153.0	71.0
5.682141E13	153.0	71.0
5.6821423E13	153.0	73.0
5.682143E13	151.0	76.0
5.682144E13	151.0	76.0
5.6821453E13	151.0	73.0
5.682146E13	151.0	73.0
5.682147E13	151.0	70.0
5.682148E13	146.0	63.0
5.682149E13	146.0	63.0
5.6821503E13	139.0	57.0
5.682151E13	139.0	55.0
5.682152E13	139.0	57.0
5.6821537E13	139.0	62.0
5.682154E13	139.0	62.0
5.6821553E13	134.0	67.0
5.682156E13	134.0	71.0
5.682157E13	134.0	77.0
5.6821583E13	134.0	77.0
5.682159E13	131.0	79.0
5.6821604E13	131.0	79.0
5.682161E13	131.0	79.0
5.682162E13	127.0	78.0
5.6821633E13	127.0	78.0
5.682164E13	127.0	78.0
5.6821662E13	118.0	79.0
5.682167E13	118.0	79.0
5.6821683E13	118.0	81.0
5.682169E13	107.0	80.0
5.68217E13	107.0	78.0
5.6821713E13	107.0	77.0
5.682172E13	107.0	76.0
5.682173E13	96.0	74.0
5.682174E13	96.0	74.0
5.682175E13	96.0	73.0
5.6821763E13	96.0	73.0
5.682177E13	88.0	72.0
5.6821784E13	88.0	72.0
5.6821792E13	88.0	72.0
5.68218E13	88.0	72.0
5.6821813E13	83.0	73.0
5.682182E13	83.0	74.0
5.682183E13	83.0	75.0
5.6821843E13	79.0	74.0
5.682185E13	79.0	74.0
5.6821864E13	79.0	75.0
5.682187E13	79.0	76.0
5.682188E13	76.0	76.0
5.6821893E13	76.0	77.0
5.68219E13	76.0	77.0
5.682191E13	76.0	76.0
5.6821922E13	74.0	74.0
5.682193E13	74.0	73.0
5.6821943E13	74.0	73.0
5.682195E13	73.0	73.0
5.682196E13	73.0	74.0
5.6821973E13	73.0	76.0
5.682198E13	73.0	77.0
5.682199E13	73.0	78.0
5.6822E13	73.0	78.0
5.682201E13	73.0	78.0
5.6822023E13	73.0	77.0
5.682203E13	73.0	77.0
5.682204E13	73.0	76.0
5.6822052E13	73.0	76.0
5.682206E13	73.0	76.0
5.6822073E13	73.0	77.0
5.682209E13	73.0	80.0
5.6822107E13	73.0	80.0
5.682211E13	74.0	80.0
5.682212E13	74.0	78.0
5.6822132E13	74.0	77.0
5.682214E13	74.0	77.0
5.6822153E13	75.0	77.0
5.682216E13	75.0	78.0
5.682217E13	75.0	79.0
5.6822182E13	75.0	80.0
5.682219E13	77.0	82.0
5.6822203E13	77.0	84.0
5.682221E13	77.0	85.0
5.682222E13	82.0	86.0
5.6822233E13	82.0	86.0
5.682224E13	82.0	86.0
5.6822254E13	82.0	86.0
5.6822262E13	87.0	86.0
5.682227E13	87.0	87.0
5.6822283E13	87.0	87.0
5.682229E13	87.0	86.0
5.68223E13	92.0	84.0
5.6822312E13	92.0	83.0
5.682232E13	92.0	84.0
5.6822333E13	92.0	83.0
5.682234E13	97.0	81.0
5.682235E13	97.0	79.0
5.682237E13	102.0	76.0
5.6822384E13	102.0	74.0
5.6822392E13	102.0	73.0
5.68224E13	102.0	71.0
5.6822413E13	108.0	71.0
5.682242E13	108.0	71.0
5.682243E13	108.0	70.0
5.6822442E13	108.0	70.0
5.682245E13	116.0	69.0
5.6822463E13	116.0	69.0
5.682247E13	116.0	67.0
5.6822484E13	116.0	66.0
5.6822493E13	126.0	68.0
5.68225E13	126.0	70.0
5.6822514E13	126.0	71.0
5.6822522E13	136.0	65.0
5.682253E13	136.0	65.0
5.6822543E13	136.0	67.0
5.682255E13	145.0	69.0
5.6822564E13	145.0	69.0
5.6822573E13	145.0	70.0
5.682258E13	145.0	72.0
5.6822593E13	145.0	73.0
5.68226E13	148.0	72.0
5.682261E13	148.0	71.0
5.6822623E13	148.0	72.0
5.682263E13	148.0	74.0
5.6822644E13	146.0	75.0
5.6822652E13	146.0	75.0
5.682266E13	146.0	74.0
5.6822673E13	140.0	71.0
5.682268E13	140.0	67.0
5.6822694E13	140.0	63.0
5.6822703E13	140.0	60.0
5.682271E13	133.0	57.0
5.6822724E13	133.0	57.0
5.682273E13	133.0	64.0
5.6822744E13	133.0	67.0
5.6822753E13	127.0	70.0
5.682276E13	127.0	73.0
5.6822774E13	127.0	75.0
5.6822782E13	127.0	76.0
5.682279E13	123.0	78.0
5.6822803E13	123.0	79.0
5.682281E13	123.0	79.0
5.6822824E13	119.0	78.0
5.6822833E13	119.0	78.0
5.682284E13	119.0	78.0
5.6822854E13	119.0	79.0
5.682286E13	111.0	80.0
5.6822875E13	111.0	81.0
5.6822883E13	111.0	81.0
5.682289E13	100.0	80.0
5.6822904E13	100.0	80.0
5.6822912E13	100.0	78.0
5.682292E13	100.0	77.0
5.6822933E13	90.0	75.0
5.682294E13	90.0	72.0
5.6822954E13	90.0	72.0
5.6822963E13	90.0	72.0
5.682297E13	83.0	71.0
5.6822984E13	83.0	71.0
5.682299E13	83.0	72.0
5.6823005E13	83.0	72.0
5.6823013E13	78.0	73.0
5.682302E13	78.0	73.0
5.6823034E13	78.0	73.0
5.6823042E13	78.0	72.0
5.682305E13	74.0	72.0
5.6823063E13	74.0	73.0
5.682307E13	74.0	74.0
5.6823084E13	72.0	75.0
5.6823093E13	72.0	74.0
5.68231E13	72.0	74.0
5.6823114E13	72.0	74.0
5.682312E13	70.0	74.0
5.6823135E13	70.0	73.0
5.6823143E13	70.0	74.0
5.682315E13	70.0	75.0
5.6823164E13	69.0	77.0
5.6823172E13	69.0	77.0
5.682318E13	69.0	77.0
5.6823193E13	69.0	78.0
5.68232E13	68.0	78.0
5.6823214E13	68.0	79.0
5.6823223E13	68.0	81.0
5.682323E13	67.0	81.0
5.6823244E13	67.0	81.0
5.682325E13	67.0	81.0
5.6823265E13	67.0	81.0
5.6823273E13	67.0	81.0
5.682328E13	67.0	79.0
5.6823294E13	67.0	78.0
5.6823302E13	67.0	78.0
5.6823315E13	67.0	79.0
5.6823323E13	67.0	79.0
5.682333E13	67.0	80.0
5.6823344E13	67.0	81.0
5.6823353E13	67.0	83.0
5.682336E13	67.0	84.0
5.6823374E13	67.0	85.0
5.682338E13	68.0	86.0
5.6823395E13	68.0	86.0
5.6823403E13	68.0	87.0
5.682341E13	68.0	88.0
5.6823424E13	71.0	88.0
5.6823432E13	71.0	88.0
5.6823445E13	71.0	87.0
5.6823453E13	71.0	86.0
5.682346E13	78.0	85.0
5.6823474E13	78.0	87.0
5.6823483E13	78.0	88.0
5.6823495E13	78.0	88.0
5.6823504E13	87.0	88.0
5.682351E13	87.0	87.0
5.6823525E13	87.0	87.0
5.6823533E13	96.0	86.0
5.682354E13	96.0	86.0
5.6823554E13	96.0	85.0
5.6823562E13	96.0	84.0
5.6823575E13	105.0	83.0
5.6823583E13	105.0	81.0
5.682359E13	105.0	80.0
5.6823604E13	105.0	78.0
5.6823613E13	113.0	74.0
5.6823625E13	113.0	72.0
5.6823634E13	113.0	72.0
5.682364E13	113.0	72.0
5.6823655E13	120.0	72.0
5.6823663E13	120.0	72.0
5.682367E13	120.0	69.0
5.6823684E13	128.0	68.0
5.6823692E13	128.0	66.0
5.6823705E13	128.0	65.0
5.6823713E13	128.0	64.0
5.6823726E13	135.0	66.0
5.6823734E13	135.0	69.0
5.6823743E13	135.0	72.0
5.6823755E13	135.0	74.0
5.6823764E13	138.0	73.0
5.682377E13	138.0	71.0
5.6823785E13	138.0	71.0
5.6823793E13	138.0	88.0
5.68238E13	138.0	73.0
5.6823814E13	138.0	72.0
5.6823822E13	138.0	71.0
5.6823835E13	134.0	70.0
5.6823843E13	134.0	66.0
5.682385E13	134.0	62.0
5.6823864E13	134.0	62.0
5.6823873E13	129.0	58.0
5.6823885E13	129.0	58.0
5.6823894E13	129.0	64.0
5.6823902E13	129.0	64.0
5.6823915E13	123.0	68.0
5.6823923E13	123.0	71.0
5.6823936E13	123.0	73.0
5.6823944E13	117.0	74.0
5.6823952E13	117.0	75.0
5.6823965E13	117.0	75.0
5.6823973E13	117.0	75.0
5.682398E13	111.0	76.0
5.6823994E13	111.0	77.0
5.6824003E13	111.0	78.0
5.6824015E13	111.0	78.0
5.6824024E13	103.0	77.0
5.6824032E13	103.0	77.0
5.6824045E13	103.0	77.0
5.6824053E13	103.0	77.0
5.6824066E13	94.0	76.0
5.6824074E13	94.0	76.0
5.6824082E13	94.0	75.0
5.6824095E13	86.0	75.0
5.6824103E13	86.0	74.0
5.682411E13	86.0	74.0
5.6824124E13	78.0	74.0
5.6824133E13	78.0	74.0
5.6824145E13	78.0	74.0
5.6824154E13	78.0	74.0
5.6824162E13	78.0	74.0
5.6824175E13	73.0	73.0
5.6824183E13	73.0	74.0
5.6824196E13	73.0	75.0
5.6824204E13	73.0	76.0
5.6824212E13	69.0	75.0
5.6824225E13	69.0	75.0
5.6824233E13	69.0	75.0
5.682424E13	66.0	74.0
5.6824254E13	66.0	72.0
5.6824263E13	66.0	72.0
5.6824275E13	66.0	73.0
5.6824284E13	65.0	73.0
5.6824292E13	65.0	74.0
5.6824305E13	65.0	74.0
5.6824313E13	65.0	74.0
5.6824334E13	64.0	76.0
5.6824343E13	64.0	78.0
5.6824355E13	64.0	81.0
5.6824363E13	64.0	83.0
5.6824376E13	64.0	84.0
5.6824384E13	64.0	83.0
5.6824393E13	64.0	82.0
5.6824405E13	64.0	83.0
5.6824414E13	64.0	83.0
5.6824422E13	64.0	83.0
5.6824435E13	64.0	83.0
5.6824443E13	64.0	82.0
5.6824456E13	64.0	82.0
5.6824464E13	64.0	83.0
5.6824473E13	64.0	84.0
5.6824485E13	64.0	83.0
5.6824494E13	64.0	82.0
5.6824506E13	64.0	82.0
5.6824514E13	64.0	82.0
5.6824523E13	64.0	82.0
5.6824535E13	64.0	82.0
5.6824544E13	65.0	82.0
5.6824552E13	65.0	82.0
5.6824565E13	65.0	83.0
5.6824573E13	65.0	84.0
5.6824586E13	69.0	85.0
5.6824594E13	69.0	86.0
5.6824603E13	69.0	86.0
5.6824615E13	69.0	86.0
5.6824624E13	75.0	85.0
5.6824636E13	75.0	85.0
5.6824645E13	75.0	86.0
5.6824653E13	84.0	87.0
5.6824665E13	84.0	88.0
5.6824674E13	84.0	88.0
5.6824686E13	96.0	88.0
5.6824695E13	96.0	88.0
5.6824707E13	96.0	86.0
5.6824716E13	96.0	85.0
5.6824724E13	107.0	83.0
5.6824733E13	107.0	82.0
5.6824745E13	107.0	80.0
5.6824754E13	107.0	78.0
5.6824766E13	117.0	75.0
5.6824775E13	117.0	73.0
5.6824783E13	117.0	73.0
5.6824795E13	117.0	71.0
5.6824804E13	124.0	68.0
5.6824816E13	124.0	67.0
5.6824825E13	124.0	69.0
5.6824833E13	124.0	70.0
5.6824846E13	132.0	71.0
5.6824854E13	132.0	71.0
5.6824863E13	132.0	68.0
5.6824875E13	143.0	66.0
5.6824884E13	143.0	65.0
5.6824896E13	143.0	66.0
5.6824905E13	143.0	66.0
5.6824913E13	143.0	70.0
5.6824926E13	149.0	74.0
5.6824934E13	149.0	76.0
5.6824946E13	149.0	76.0
5.6824955E13	150.0	74.0
5.6824963E13	150.0	73.0
5.6824976E13	150.0	43.0
5.6824984E13	148.0	72.0
5.6824993E13	148.0	67.0
5.6825005E13	148.0	70.0
5.6825014E13	148.0	67.0
5.6825026E13	139.0	66.0
5.6825035E13	139.0	65.0
5.6825043E13	139.0	65.0
5.6825056E13	139.0	66.0
5.6825064E13	129.0	67.0
5.6825077E13	129.0	68.0
5.6825085E13	129.0	69.0
5.6825093E13	120.0	70.0
5.6825106E13	120.0	72.0
5.6825114E13	120.0	75.0
5.6825127E13	120.0	77.0
5.6825135E13	114.0	78.0
5.6825144E13	114.0	79.0
5.6825156E13	114.0	79.0
5.6825165E13	114.0	79.0
5.6825173E13	114.0	79.0
5.6825186E13	107.0	80.0
5.6825194E13	107.0	79.0
5.6825207E13	107.0	79.0
5.6825215E13	107.0	78.0
5.6825223E13	98.0	78.0
5.6825236E13	98.0	76.0
5.6825244E13	98.0	74.0
5.6825257E13	90.0	74.0
5.6825265E13	90.0	73.0
5.6825274E13	90.0	73.0
5.6825286E13	90.0	74.0
5.6825295E13	83.0	74.0
5.6825303E13	83.0	74.0
5.6825316E13	83.0	74.0
5.6825324E13	83.0	74.0
5.6825337E13	78.0	75.0
5.6825345E13	78.0	74.0
5.6825353E13	78.0	75.0
5.6825366E13	74.0	76.0
5.6825374E13	74.0	76.0
5.6825387E13	74.0	75.0
5.6825395E13	74.0	74.0
5.6825404E13	71.0	75.0
5.6825416E13	71.0	76.0
5.6825425E13	71.0	77.0
5.6825433E13	71.0	77.0
5.6825446E13	70.0	77.0
5.6825454E13	70.0	77.0
5.6825467E13	70.0	76.0
5.6825475E13	70.0	76.0
5.6825483E13	69.0	77.0
5.6825496E13	69.0	78.0
5.6825504E13	69.0	79.0
5.6825517E13	69.0	80.0
5.6825525E13	69.0	81.0
5.6825534E13	69.0	82.0
5.6825546E13	69.0	83.0
5.6825555E13	69.0	83.0
5.6825567E13	69.0	83.0
5.6825576E13	69.0	82.0
5.6825584E13	69.0	82.0
5.6825597E13	70.0	81.0
5.6825605E13	70.0	82.0
5.6825613E13	70.0	84.0
5.6825626E13	70.0	84.0
5.6825634E13	71.0	84.0
5.6825647E13	71.0	83.0
5.6825655E13	71.0	82.0
5.6825664E13	72.0	82.0
5.6825676E13	72.0	82.0
5.6825685E13	72.0	82.0
5.6825697E13	72.0	84.0
5.6825706E13	75.0	84.0
5.6825714E13	75.0	85.0
5.6825727E13	75.0	86.0
5.6825735E13	75.0	87.0
5.6825748E13	79.0	87.0
5.6825756E13	79.0	86.0
5.6825764E13	79.0	84.0
5.6825777E13	79.0	83.0
5.6825785E13	87.0	81.0
5.6825794E13	87.0	81.0
5.6825806E13	87.0	81.0
5.6825815E13	99.0	82.0
5.6825827E13	99.0	84.0
5.6825836E13	99.0	86.0
5.6825844E13	99.0	87.0
5.6825857E13	112.0	88.0
5.6825865E13	112.0	89.0
5.6825873E13	112.0	86.0
5.6825886E13	123.0	83.0
5.6825894E13	123.0	80.0
5.6825907E13	123.0	80.0
5.6825915E13	123.0	75.0
5.6825924E13	123.0	75.0
5.6825936E13	130.0	72.0
5.6825945E13	130.0	72.0
5.6825957E13	130.0	70.0
5.6825966E13	134.0	68.0
5.6825974E13	134.0	68.0
5.6825987E13	134.0	68.0
5.6825995E13	137.0	68.0
5.6826008E13	137.0	68.0
5.6826016E13	137.0	67.0
5.6826024E13	137.0	65.0
5.6826037E13	142.0	65.0
5.6826045E13	142.0	65.0
5.6826054E13	142.0	66.0
5.6826066E13	142.0	67.0
5.6826075E13	142.0	71.0
5.6826087E13	146.0	74.0
5.6826096E13	146.0	74.0
5.6826104E13	146.0	73.0
5.6826117E13	148.0	72.0
5.6826125E13	148.0	73.0
5.6826138E13	148.0	73.0
5.6826146E13	148.0	73.0
5.6826154E13	146.0	73.0
5.6826167E13	146.0	71.0
5.6826175E13	146.0	69.0
5.6826184E13	146.0	68.0
5.6826196E13	141.0	65.0
5.6826205E13	141.0	63.0
5.6826217E13	141.0	62.0
5.6826226E13	135.0	63.0
5.6826234E13	135.0	65.0
5.6826247E13	135.0	68.0
5.6826255E13	135.0	71.0
5.6826268E13	131.0	72.0
5.6826276E13	131.0	73.0
5.6826284E13	131.0	75.0
5.6826297E13	131.0	77.0
5.6826305E13	128.0	79.0
5.6826314E13	128.0	80.0
5.6826326E13	128.0	81.0
5.6826335E13	128.0	80.0
5.6826347E13	121.0	80.0
5.6826356E13	121.0	80.0
5.6826364E13	121.0	80.0
5.6826377E13	111.0	80.0
5.6826385E13	111.0	79.0
5.6826398E13	111.0	78.0
5.6826406E13	111.0	77.0
5.6826414E13	102.0	76.0
5.6826427E13	102.0	74.0
5.6826435E13	102.0	73.0
5.682645E13	102.0	71.0
5.6826456E13	94.0	71.0
5.6826465E13	94.0	71.0
5.6826477E13	94.0	71.0
5.6826486E13	94.0	71.0
5.6826494E13	89.0	72.0
5.6826507E13	89.0	72.0
5.6826515E13	89.0	71.0
5.6826528E13	84.0	71.0
5.6826536E13	84.0	72.0
5.6826545E13	84.0	73.0
5.6826557E13	84.0	73.0
5.6826565E13	81.0	73.0
5.682658E13	81.0	74.0
5.6826586E13	81.0	74.0
5.6826595E13	81.0	74.0
5.6826607E13	79.0	73.0
5.6826616E13	79.0	72.0
5.6826624E13	79.0	71.0
5.6826637E13	79.0	71.0
5.6826645E13	78.0	72.0
5.6826658E13	78.0	74.0
5.6826666E13	78.0	75.0
5.6826675E13	78.0	77.0
5.6826687E13	78.0	80.0
5.6826696E13	78.0	81.0
5.682671E13	78.0	82.0
5.6826716E13	78.0	82.0
5.6826725E13	78.0	81.0
5.6826737E13	78.0	81.0
5.6826746E13	78.0	80.0
5.6826754E13	79.0	80.0
5.6826767E13	79.0	80.0
5.6826775E13	79.0	80.0
5.6826788E13	79.0	81.0
5.6826796E13	80.0	81.0
5.6826805E13	80.0	81.0
5.6826817E13	80.0	80.0
5.6826826E13	81.0	81.0
5.682684E13	81.0	81.0
5.6826847E13	81.0	81.0
5.6826855E13	81.0	82.0
5.6826867E13	82.0	83.0
5.6826876E13	82.0	85.0
5.682689E13	82.0	86.0
5.6826897E13	82.0	87.0
5.6826905E13	85.0	84.0
5.6826918E13	85.0	83.0
5.6826926E13	91.0	81.0
5.6826935E13	91.0	80.0
5.6826947E13	91.0	79.0
5.6826956E13	91.0	79.0
5.682697E13	101.0	82.0
5.6826977E13	101.0	82.0
5.6826985E13	101.0	87.0
5.6826998E13	101.0	87.0
5.6827006E13	112.0	85.0
5.682702E13	112.0	84.0
5.6827027E13	112.0	86.0
5.6827035E13	112.0	87.0
5.6827048E13	122.0	85.0
5.6827056E13	122.0	81.0
5.6827065E13	122.0	78.0
5.6827077E13	128.0	76.0
5.6827086E13	128.0	73.0
5.68271E13	128.0	73.0
5.6827107E13	128.0	70.0
5.6827115E13	131.0	67.0
5.6827128E13	131.0	66.0
5.6827136E13	131.0	66.0
5.682715E13	131.0	68.0
5.6827157E13	131.0	71.0
5.6827165E13	133.0	72.0
5.6827178E13	133.0	68.0
5.6827186E13	133.0	66.0
5.68272E13	133.0	66.0
5.6827207E13	136.0	67.0
5.6827216E13	136.0	70.0
5.682723E13	136.0	73.0
5.6827237E13	139.0	76.0
5.6827245E13	139.0	75.0
5.6827258E13	139.0	74.0
5.6827266E13	139.0	74.0
5.682728E13	140.0	73.0
5.6827287E13	140.0	73.0
5.6827295E13	140.0	73.0
5.6827308E13	140.0	72.0
5.6827316E13	137.0	70.0
5.682733E13	137.0	68.0
5.6827337E13	137.0	65.0
5.6827346E13	137.0	63.0
5.682736E13	131.0	63.0
5.6827367E13	131.0	65.0
5.6827375E13	131.0	68.0
5.6827388E13	127.0	70.0
5.6827396E13	127.0	71.0
5.682741E13	127.0	71.0
5.6827417E13	127.0	73.0
5.6827425E13	124.0	75.0
5.682744E13	124.0	77.0
5.6827446E13	124.0	80.0
5.682746E13	124.0	81.0
5.6827467E13	119.0	81.0
5.6827476E13	119.0	81.0
5.682749E13	119.0	80.0
5.6827497E13	119.0	80.0
5.6827505E13	111.0	78.0
5.6827518E13	111.0	78.0
5.6827526E13	111.0	77.0
5.682754E13	101.0	76.0
5.6827547E13	101.0	75.0
5.6827555E13	101.0	74.0
5.682757E13	101.0	73.0
5.6827576E13	93.0	72.0
5.682759E13	93.0	70.0
5.6827597E13	93.0	69.0
5.6827606E13	93.0	69.0
5.682762E13	86.0	70.0
5.6827627E13	86.0	71.0
5.6827635E13	86.0	71.0
5.6827648E13	81.0	72.0
5.6827656E13	81.0	73.0
5.682767E13	81.0	74.0
5.6827677E13	81.0	74.0
5.6827685E13	78.0	75.0
5.68277E13	78.0	75.0
5.6827706E13	78.0	76.0
5.682772E13	78.0	76.0
5.6827727E13	74.0	77.0
5.6827736E13	74.0	77.0
5.682775E13	74.0	76.0
5.6827757E13	74.0	76.0
5.6827765E13	72.0	76.0
5.6827778E13	72.0	74.0
5.6827786E13	72.0	72.0
5.68278E13	71.0	73.0
5.6827807E13	71.0	75.0
5.6827815E13	71.0	77.0
5.682783E13	71.0	79.0
5.6827836E13	70.0	81.0
5.682785E13	70.0	82.0
5.6827857E13	70.0	82.0
5.6827866E13	70.0	83.0
5.682788E13	69.0	83.0
5.6827887E13	69.0	83.0
5.68279E13	69.0	84.0
5.6827908E13	69.0	84.0
5.6827916E13	69.0	84.0
5.682793E13	69.0	82.0
5.6827937E13	69.0	80.0
5.6827945E13	69.0	80.0
5.682796E13	69.0	80.0
5.6827966E13	69.0	82.0
5.682798E13	69.0	41.0
5.6827987E13	69.0	84.0
5.6827996E13	69.0	84.0
5.682801E13	69.0	85.0
5.6828017E13	69.0	86.0
5.682803E13	69.0	88.0
5.6828038E13	69.0	88.0
5.6828046E13	69.0	88.0
5.682806E13	69.0	86.0
5.6828067E13	73.0	84.0
5.6828075E13	73.0	82.0
5.682809E13	73.0	80.0
5.6828096E13	80.0	80.0
5.682811E13	80.0	81.0
5.6828117E13	80.0	83.0
5.6828126E13	80.0	86.0
5.682814E13	90.0	86.0
5.6828147E13	90.0	85.0
5.682816E13	90.0	86.0
5.6828168E13	90.0	86.0
5.6828176E13	99.0	85.0
5.682819E13	99.0	82.0
5.6828197E13	99.0	80.0
5.682821E13	99.0	78.0
5.682822E13	105.0	75.0
5.6828226E13	105.0	72.0
5.682824E13	105.0	70.0
5.6828247E13	108.0	68.0
5.6828256E13	108.0	66.0
5.682827E13	108.0	66.0
5.6828277E13	108.0	65.0
5.682829E13	111.0	67.0
5.6828298E13	111.0	69.0
5.6828306E13	111.0	71.0
5.682832E13	111.0	71.0
5.6828327E13	117.0	69.0
5.682834E13	117.0	68.0
5.682835E13	117.0	67.0
5.6828356E13	117.0	68.0
5.682837E13	124.0	70.0
5.6828377E13	124.0	73.0
5.6828386E13	124.0	76.0
5.68284E13	128.0	76.0
5.6828407E13	128.0	73.0
5.682842E13	128.0	73.0
5.6828428E13	128.0	73.0
5.6828436E13	129.0	75.0
5.682845E13	129.0	75.0
5.6828457E13	129.0	74.0
5.682847E13	129.0	72.0
5.682848E13	126.0	70.0
5.6828486E13	126.0	68.0
5.68285E13	126.0	65.0
5.6828507E13	119.0	63.0
5.682852E13	119.0	63.0
5.682853E13	119.0	65.0
5.6828537E13	119.0	68.0
5.682855E13	114.0	71.0
5.6828558E13	114.0	73.0
5.6828566E13	114.0	74.0
5.682858E13	114.0	75.0
5.6828587E13	110.0	77.0
5.68286E13	110.0	79.0
5.682861E13	110.0	79.0
5.6828617E13	110.0	79.0
5.682863E13	103.0	79.0
5.6828637E13	103.0	79.0
5.682865E13	103.0	79.0
5.682866E13	94.0	77.0
5.6828667E13	94.0	74.0
5.682868E13	94.0	72.0
5.6828688E13	94.0	71.0
5.6828696E13	84.0	69.0
5.682871E13	84.0	68.0
5.6828717E13	84.0	68.0
5.682873E13	84.0	68.0
5.682874E13	78.0	69.0
5.6828747E13	78.0	70.0
5.682876E13	78.0	72.0
5.6828768E13	78.0	74.0
5.682878E13	73.0	75.0
5.682879E13	73.0	75.0
5.6828797E13	73.0	76.0
5.682881E13	70.0	77.0
5.6828818E13	70.0	77.0
5.682883E13	70.0	77.0
5.682884E13	70.0	77.0
5.6828847E13	67.0	78.0
5.682886E13	67.0	78.0
5.682887E13	67.0	77.0
5.6828877E13	67.0	76.0
5.682889E13	65.0	73.0
5.6828898E13	65.0	72.0
5.682891E13	65.0	72.0
5.682892E13	65.0	73.0
5.6828927E13	65.0	74.0
5.682894E13	65.0	74.0
5.6828948E13	64.0	74.0
5.682896E13	64.0	74.0
5.682897E13	64.0	75.0
5.6828977E13	64.0	80.0
5.682899E13	64.0	81.0
5.6829E13	64.0	82.0
5.6829007E13	64.0	81.0
5.682902E13	64.0	81.0
5.6829028E13	64.0	81.0
5.682904E13	65.0	81.0
5.682905E13	65.0	81.0
5.6829057E13	65.0	82.0
5.682907E13	65.0	82.0
5.6829078E13	65.0	81.0
5.682909E13	65.0	81.0
5.68291E13	65.0	80.0
5.6829107E13	66.0	80.0
5.682912E13	66.0	81.0
5.682913E13	66.0	82.0
5.682914E13	66.0	82.0
5.682915E13	67.0	83.0
5.682916E13	67.0	83.0
5.682917E13	67.0	82.0
5.682918E13	67.0	83.0
5.6829187E13	68.0	84.0
5.68292E13	68.0	86.0
5.682921E13	68.0	87.0
5.682922E13	72.0	85.0
5.682923E13	72.0	81.0
5.6829237E13	72.0	77.0
5.682925E13	72.0	75.0
5.682926E13	79.0	74.0
5.682927E13	79.0	75.0
5.682928E13	79.0	79.0
5.6829288E13	79.0	84.0
5.68293E13	86.0	87.0
5.682931E13	86.0	86.0
5.6829317E13	86.0	83.0
5.682933E13	86.0	81.0
5.682935E13	93.0	80.0
5.682936E13	93.0	79.0
5.6829367E13	99.0	79.0
5.6829384E13	99.0	77.0
5.682939E13	99.0	77.0
5.68294E13	105.0	72.0
5.682941E13	105.0	72.0
5.6829418E13	105.0	70.0
5.682943E13	105.0	69.0
5.682947E13	111.0	75.0
5.682949E13	117.0	72.0
5.6829497E13	117.0	69.0
5.682951E13	117.0	69.0
5.682952E13	123.0	70.0
5.682953E13	123.0	72.0
5.682954E13	123.0	74.0
5.6829548E13	123.0	75.0
5.682956E13	125.0	74.0
5.682957E13	125.0	73.0
5.6829577E13	125.0	73.0
5.682959E13	125.0	73.0
5.68296E13	124.0	73.0
5.682961E13	124.0	71.0
5.682962E13	124.0	70.0
5.6829627E13	124.0	69.0
5.682964E13	122.0	66.0
5.682965E13	122.0	63.0
5.682966E13	122.0	61.0
5.682967E13	118.0	60.0
5.6829678E13	118.0	62.0
5.682969E13	118.0	65.0
5.68297E13	118.0	69.0
5.682972E13	116.0	73.0
5.682973E13	116.0	74.0
5.682974E13	116.0	75.0
5.682975E13	114.0	77.0
5.6829757E13	114.0	78.0
5.682977E13	114.0	79.0
5.682978E13	114.0	79.0
5.682979E13	109.0	79.0
5.68298E13	109.0	79.0
5.6829808E13	109.0	78.0
5.682982E13	101.0	78.0
5.682983E13	101.0	77.0
5.6829837E13	101.0	76.0
5.682985E13	101.0	75.0
5.682986E13	93.0	74.0
5.682987E13	93.0	73.0
5.682988E13	93.0	72.0
5.6829887E13	93.0	72.0
5.68299E13	87.0	71.0
5.682991E13	87.0	70.0
5.682992E13	87.0	71.0
5.6829938E13	82.0	74.0
5.682995E13	82.0	76.0
5.682996E13	78.0	77.0
5.682997E13	78.0	77.0
5.682999E13	78.0	76.0
5.683E13	75.0	75.0
5.683001E13	75.0	75.0
5.683002E13	75.0	75.0
5.683003E13	75.0	45.0
5.683004E13	73.0	75.0
5.683005E13	73.0	75.0
5.683006E13	73.0	76.0
5.6830068E13	72.0	77.0
5.683008E13	72.0	77.0
5.683009E13	72.0	76.0
5.68301E13	72.0	76.0
5.683011E13	72.0	76.0
5.683012E13	71.0	76.0
5.683013E13	71.0	77.0
5.683014E13	71.0	79.0
5.683015E13	71.0	82.0
5.683016E13	71.0	82.0
5.683017E13	71.0	81.0
5.683019E13	71.0	82.0
5.68302E13	72.0	82.0
5.683021E13	72.0	82.0
5.683022E13	72.0	82.0
5.683023E13	72.0	82.0
5.683024E13	72.0	83.0
5.683025E13	72.0	84.0
5.683027E13	74.0	84.0
5.683028E13	74.0	84.0
5.683029E13	74.0	83.0
5.68303E13	74.0	83.0
5.683031E13	76.0	83.0
5.683032E13	76.0	84.0
5.6830328E13	76.0	84.0
5.683034E13	76.0	85.0
5.683035E13	79.0	85.0
5.683036E13	79.0	85.0
5.683037E13	79.0	85.0
5.683038E13	84.0	84.0
5.683039E13	84.0	83.0
5.68304E13	84.0	82.0
5.683041E13	84.0	82.0
5.683042E13	92.0	83.0
5.683043E13	92.0	84.0
5.683044E13	92.0	86.0
5.683045E13	92.0	88.0
5.6830458E13	103.0	89.0
5.683047E13	103.0	89.0
5.683048E13	103.0	88.0
5.683049E13	103.0	87.0
5.68305E13	113.0	86.0
5.683051E13	113.0	84.0
5.683052E13	113.0	82.0
5.683053E13	124.0	81.0
5.683054E13	124.0	80.0
5.683055E13	124.0	79.0
5.683056E13	124.0	77.0
5.683057E13	133.0	73.0
5.683058E13	133.0	70.0
5.683059E13	133.0	68.0
5.68306E13	133.0	67.0
5.683061E13	140.0	67.0
5.6830626E13	140.0	67.0
5.683063E13	140.0	67.0
5.683064E13	140.0	69.0
5.683065E13	146.0	70.0
5.683066E13	146.0	67.0
5.683067E13	146.0	64.0
5.683068E13	150.0	63.0
5.683069E13	150.0	65.0
5.68307E13	150.0	68.0
5.683071E13	150.0	71.0
5.683072E13	153.0	74.0
5.683073E13	153.0	76.0
5.683074E13	153.0	72.0
5.683075E13	155.0	73.0
5.683076E13	155.0	74.0
5.683077E13	155.0	74.0
5.683078E13	153.0	74.0
5.683079E13	153.0	72.0
5.68308E13	153.0	71.0
5.683081E13	153.0	71.0
5.683082E13	146.0	66.0
5.683083E13	146.0	66.0
5.683084E13	146.0	65.0
5.683085E13	146.0	65.0
5.683086E13	146.0	66.0
5.683087E13	137.0	69.0
5.683088E13	137.0	71.0
5.683089E13	137.0	71.0
5.6830902E13	137.0	73.0
5.683091E13	128.0	74.0
5.683092E13	128.0	76.0
5.683093E13	128.0	77.0
5.683094E13	122.0	78.0
5.683095E13	122.0	78.0
5.683096E13	122.0	78.0
5.683097E13	115.0	78.0
5.683098E13	115.0	77.0
5.683099E13	115.0	77.0
5.6831E13	115.0	76.0
5.683101E13	108.0	74.0
5.683102E13	108.0	73.0
5.6831032E13	108.0	73.0
5.683104E13	108.0	72.0
5.683105E13	100.0	71.0
5.683106E13	100.0	72.0
5.683107E13	100.0	71.0
5.683108E13	94.0	71.0
5.683109E13	94.0	72.0
5.68311E13	94.0	73.0
5.6831112E13	94.0	73.0
5.683112E13	89.0	73.0
5.683113E13	89.0	74.0
5.683114E13	89.0	74.0
5.683115E13	89.0	74.0
5.6831162E13	89.0	74.0
5.683117E13	86.0	77.0
5.683118E13	86.0	77.0
5.683119E13	86.0	78.0
5.68312E13	86.0	78.0
5.683121E13	83.0	77.0
5.683122E13	83.0	76.0
5.683123E13	80.0	74.0
5.6831242E13	80.0	74.0
5.683125E13	80.0	74.0
5.683126E13	80.0	74.0
5.683127E13	79.0	75.0
5.683128E13	79.0	75.0
5.6831292E13	79.0	76.0
5.68313E13	79.0	78.0
5.683131E13	78.0	89.0
5.683132E13	78.0	89.0
5.683133E13	78.0	80.0
5.683134E13	78.0	80.0
5.683135E13	78.0	81.0
5.683136E13	78.0	81.0
5.6831372E13	78.0	82.0
5.683138E13	78.0	82.0
5.683139E13	78.0	83.0
5.68314E13	78.0	84.0
5.683141E13	78.0	84.0
5.6831422E13	79.0	83.0
5.683143E13	79.0	81.0
5.683144E13	79.0	79.0
5.683145E13	79.0	79.0
5.683146E13	80.0	78.0
5.6831473E13	80.0	78.0
5.683148E13	80.0	77.0
5.683149E13	82.0	77.0
5.6831502E13	82.0	77.0
5.683151E13	82.0	79.0
5.683152E13	82.0	81.0
5.683153E13	86.0	83.0
5.683154E13	86.0	85.0
5.6831553E13	86.0	85.0
5.683156E13	86.0	87.0
5.683157E13	86.0	87.0
5.683158E13	93.0	87.0
5.683159E13	93.0	86.0
5.6831603E13	93.0	84.0
5.683161E13	93.0	84.0
5.683162E13	102.0	85.0
5.6831632E13	102.0	87.0
5.683164E13	102.0	87.0
5.683165E13	112.0	87.0
5.683166E13	112.0	87.0
5.683167E13	112.0	85.0
5.6831683E13	112.0	84.0
5.683169E13	121.0	83.0
5.68317E13	121.0	80.0
5.683171E13	121.0	76.0
5.683172E13	121.0	74.0
5.6831733E13	126.0	72.0
5.683174E13	126.0	71.0
5.683175E13	126.0	71.0
5.6831762E13	126.0	72.0
5.683177E13	128.0	74.0
5.683178E13	128.0	74.0
5.683179E13	128.0	75.0
5.68318E13	131.0	76.0
5.6831813E13	131.0	75.0
5.683182E13	131.0	72.0
5.683183E13	131.0	69.0
5.683184E13	137.0	69.0
5.683185E13	137.0	70.0
5.6831863E13	137.0	71.0
5.683187E13	137.0	73.0
5.683188E13	139.0	73.0
5.6831892E13	139.0	73.0
5.68319E13	139.0	74.0
5.683191E13	139.0	74.0
5.683192E13	139.0	74.0
5.6831934E13	139.0	74.0
5.6831943E13	139.0	73.0
5.683195E13	134.0	72.0
5.683196E13	134.0	69.0
5.683197E13	134.0	65.0
5.683198E13	134.0	59.0
5.6831993E13	127.0	53.0
5.6832E13	127.0	51.0
5.683201E13	127.0	55.0
5.6832022E13	123.0	70.0
5.683203E13	123.0	74.0
5.6832043E13	123.0	77.0
5.683205E13	123.0	35.0
5.683206E13	121.0	79.0
5.6832073E13	121.0	80.0
5.683208E13	121.0	80.0
5.683209E13	116.0	79.0
5.68321E13	116.0	77.0
5.683211E13	116.0	77.0
5.6832123E13	116.0	77.0
5.683213E13	116.0	77.0
5.683214E13	108.0	78.0
5.6832152E13	108.0	79.0
5.683216E13	108.0	78.0
5.6832173E13	108.0	77.0
5.683218E13	98.0	76.0
5.683219E13	98.0	75.0
5.6832203E13	98.0	75.0
5.683221E13	98.0	74.0
5.683222E13	89.0	73.0
5.683223E13	89.0	72.0
5.683224E13	89.0	73.0
5.6832253E13	83.0	75.0
5.683226E13	83.0	75.0
5.683227E13	83.0	75.0
5.6832282E13	83.0	75.0
5.683229E13	79.0	75.0
5.6832303E13	79.0	73.0
5.683231E13	79.0	72.0
5.683232E13	79.0	71.0
5.6832333E13	76.0	71.0
5.683234E13	76.0	73.0
5.6832354E13	76.0	73.0
5.683236E13	73.0	73.0
5.683237E13	73.0	73.0
5.6832383E13	73.0	73.0
5.683239E13	73.0	74.0
5.68324E13	71.0	74.0
5.6832412E13	71.0	76.0
5.683242E13	71.0	78.0
5.6832433E13	71.0	80.0
5.683244E13	70.0	81.0
5.683245E13	70.0	81.0
5.6832463E13	70.0	81.0
5.683247E13	70.0	79.0
5.6832484E13	69.0	78.0
5.683249E13	69.0	78.0
5.68325E13	69.0	78.0
5.6832513E13	69.0	79.0
5.683252E13	69.0	80.0
5.683253E13	69.0	81.0
5.6832542E13	69.0	81.0
5.683255E13	68.0	81.0
5.6832563E13	68.0	81.0
5.683257E13	68.0	81.0
5.683258E13	68.0	82.0
5.6832593E13	68.0	83.0
5.68326E13	68.0	84.0
5.6832614E13	68.0	86.0
5.683262E13	68.0	87.0
5.683263E13	68.0	87.0
5.6832643E13	68.0	87.0
5.683265E13	68.0	87.0
5.683266E13	70.0	85.0
5.6832672E13	70.0	82.0
5.683268E13	70.0	79.0
5.6832693E13	70.0	77.0
5.68327E13	76.0	76.0
5.683271E13	76.0	76.0
5.6832723E13	76.0	77.0
5.683273E13	76.0	80.0
5.6832744E13	84.0	83.0
5.683275E13	84.0	87.0
5.683276E13	84.0	89.0
5.6832773E13	84.0	86.0
5.683278E13	92.0	86.0
5.6832794E13	92.0	85.0
5.6832802E13	92.0	84.0
5.683281E13	98.0	82.0
5.6832823E13	98.0	81.0
5.683283E13	98.0	78.0
5.683284E13	98.0	74.0
5.6832853E13	103.0	73.0
5.683286E13	103.0	73.0
5.6832874E13	103.0	74.0
5.6832882E13	103.0	74.0
5.683289E13	108.0	75.0
5.6832903E13	108.0	75.0
5.683291E13	108.0	75.0
5.6832924E13	108.0	74.0
5.6832932E13	112.0	72.0
5.683294E13	112.0	70.0
5.6832953E13	112.0	70.0
5.683296E13	116.0	73.0
5.683297E13	116.0	76.0
5.6832983E13	116.0	76.0
5.683299E13	117.0	76.0
5.6833004E13	117.0	76.0
5.6833012E13	117.0	74.0
5.683302E13	117.0	75.0
5.6833033E13	117.0	75.0
5.683304E13	117.0	73.0
5.6833054E13	117.0	72.0
5.6833062E13	114.0	70.0
5.683307E13	114.0	67.0
5.6833083E13	114.0	65.0
5.683309E13	114.0	65.0
5.6833104E13	114.0	63.0
5.6833113E13	109.0	63.0
5.683312E13	109.0	68.0
5.6833134E13	109.0	68.0
5.6833142E13	109.0	72.0
5.683315E13	105.0	76.0
5.6833163E13	105.0	77.0
5.683317E13	105.0	78.0
5.6833184E13	105.0	79.0
5.6833192E13	101.0	79.0
5.68332E13	101.0	79.0
5.6833213E13	101.0	79.0
5.683322E13	94.0	79.0
5.6833234E13	94.0	78.0
5.6833243E13	94.0	77.0
5.683325E13	94.0	75.0
5.6833264E13	87.0	74.0
5.6833272E13	87.0	73.0
5.683328E13	87.0	72.0
5.6833293E13	87.0	71.0
5.68333E13	80.0	71.0
5.6833314E13	80.0	70.0
5.6833323E13	80.0	69.0
5.683333E13	80.0	69.0
5.6833343E13	75.0	69.0
5.683335E13	75.0	70.0
5.6833364E13	75.0	71.0
5.6833373E13	71.0	71.0
5.683338E13	71.0	72.0
5.6833394E13	71.0	73.0
5.6833402E13	71.0	73.0
5.6833415E13	68.0	73.0
5.6833423E13	68.0	73.0
5.683343E13	68.0	74.0
5.6833444E13	68.0	75.0
5.6833453E13	66.0	74.0
5.683346E13	66.0	74.0
5.6833474E13	66.0	74.0
5.683348E13	66.0	73.0
5.6833494E13	65.0	73.0
5.6833503E13	65.0	73.0
5.683351E13	65.0	73.0
5.6833524E13	64.0	73.0
5.6833532E13	64.0	74.0
5.6833545E13	64.0	75.0
5.6833553E13	64.0	76.0
5.683356E13	64.0	78.0
5.6833574E13	64.0	80.0
5.6833583E13	64.0	83.0
5.683359E13	64.0	84.0
5.6833604E13	63.0	83.0
5.683361E13	63.0	82.0
5.6833625E13	63.0	83.0
5.6833633E13	63.0	82.0
5.683364E13	63.0	82.0
5.6833654E13	63.0	81.0
5.6833662E13	63.0	81.0
5.6833675E13	63.0	81.0
5.6833683E13	63.0	80.0
5.683369E13	63.0	79.0
5.6833704E13	63.0	78.0
5.6833713E13	64.0	78.0
5.683372E13	64.0	79.0
5.6833734E13	64.0	80.0
5.683374E13	64.0	81.0
5.6833755E13	65.0	82.0
5.6833763E13	65.0	85.0
5.6833776E13	65.0	86.0
5.6833784E13	68.0	86.0
5.6833796E13	68.0	86.0
5.6833805E13	68.0	86.0
5.6833813E13	68.0	86.0
5.683382E13	75.0	85.0
5.6833834E13	75.0	83.0
5.6833843E13	75.0	82.0
5.6833855E13	75.0	82.0
5.6833864E13	85.0	82.0
5.683387E13	85.0	83.0
5.6833885E13	85.0	86.0
5.6833893E13	85.0	88.0
5.68339E13	96.0	86.0
5.6833914E13	96.0	86.0
5.6833922E13	96.0	85.0
5.6833935E13	105.0	85.0
5.6833943E13	105.0	84.0
5.683395E13	105.0	81.0
5.6833964E13	111.0	79.0
5.6833973E13	111.0	77.0
5.6833985E13	111.0	77.0
5.6833994E13	111.0	75.0
5.6834E13	111.0	73.0
5.6834015E13	115.0	70.0
5.6834023E13	115.0	70.0
5.6834036E13	115.0	70.0
5.6834044E13	120.0	72.0
5.6834052E13	120.0	38.0
5.6834065E13	120.0	68.0
5.6834073E13	125.0	65.0
5.683408E13	125.0	64.0
5.6834094E13	125.0	64.0
5.6834103E13	125.0	65.0
5.6834115E13	125.0	68.0
5.6834124E13	127.0	70.0
5.683413E13	127.0	73.0
5.6834145E13	127.0	74.0
5.6834153E13	127.0	73.0
5.683416E13	128.0	74.0
5.6834174E13	128.0	74.0
5.6834182E13	128.0	75.0
5.6834195E13	128.0	74.0
5.6834203E13	127.0	73.0
5.683421E13	127.0	72.0
5.6834224E13	127.0	72.0
5.6834233E13	125.0	70.0
5.6834245E13	125.0	67.0
5.6834254E13	125.0	64.0
5.683426E13	125.0	62.0
5.6834275E13	120.0	62.0
5.6834283E13	120.0	64.0
5.6834296E13	120.0	67.0
5.6834304E13	120.0	71.0
5.6834312E13	116.0	73.0
5.6834325E13	116.0	74.0
5.6834333E13	116.0	76.0
5.683434E13	116.0	77.0
5.6834354E13	114.0	78.0
5.6834363E13	114.0	79.0
5.6834375E13	114.0	79.0
5.6834384E13	108.0	80.0
5.683439E13	108.0	79.0
5.6834405E13	108.0	79.0
5.6834413E13	108.0	79.0
5.6834426E13	99.0	77.0
5.6834434E13	99.0	76.0
5.6834442E13	99.0	75.0
5.6834455E13	99.0	73.0
5.6834463E13	90.0	72.0
5.683447E13	90.0	71.0
5.6834484E13	90.0	70.0
5.6834493E13	84.0	69.0
5.6834505E13	84.0	70.0
5.6834514E13	84.0	71.0
5.683452E13	84.0	72.0
5.6834535E13	79.0	72.0
5.6834543E13	79.0	72.0
5.6834556E13	79.0	74.0
5.6834564E13	79.0	75.0
5.6834572E13	76.0	75.0
5.6834585E13	76.0	76.0
5.6834593E13	76.0	76.0
5.68346E13	76.0	76.0
5.6834614E13	74.0	75.0
5.6834623E13	74.0	75.0
5.6834635E13	74.0	74.0
5.6834644E13	73.0	75.0
5.6834652E13	73.0	75.0
5.6834665E13	73.0	75.0
5.6834673E13	73.0	75.0
5.6834686E13	72.0	75.0
5.6834694E13	72.0	75.0
5.6834702E13	72.0	75.0
5.6834715E13	72.0	77.0
5.6834723E13	72.0	78.0
5.6834736E13	72.0	80.0
5.6834744E13	72.0	81.0
5.6834753E13	72.0	82.0
5.6834765E13	72.0	82.0
5.6834774E13	72.0	82.0
5.6834782E13	72.0	82.0
5.6834795E13	72.0	83.0
5.6834803E13	72.0	84.0
5.6834816E13	72.0	84.0
5.6834824E13	72.0	83.0
5.6834832E13	73.0	83.0
5.6834845E13	73.0	82.0
5.6834853E13	73.0	82.0
5.6834866E13	73.0	82.0
5.6834874E13	75.0	82.0
5.6834883E13	75.0	82.0
5.6834895E13	75.0	83.0
5.6834904E13	75.0	84.0
5.6834912E13	77.0	84.0
5.6834925E13	77.0	85.0
5.6834933E13	77.0	85.0
5.6834946E13	82.0	85.0
5.6834954E13	82.0	86.0
5.6834962E13	82.0	84.0
5.6834975E13	90.0	83.0
5.6834983E13	90.0	82.0
5.6834996E13	90.0	82.0
5.6835004E13	90.0	81.0
5.6835013E13	90.0	81.0
5.6835025E13	101.0	83.0
5.6835034E13	101.0	88.0
5.6835046E13	101.0	88.0
5.6835055E13	101.0	89.0
5.6835063E13	113.0	36.0
5.6835076E13	113.0	83.0
5.6835084E13	123.0	82.0
5.6835093E13	123.0	81.0
5.6835105E13	123.0	81.0
5.6835113E13	123.0	80.0
5.6835126E13	123.0	79.0
5.6835134E13	131.0	76.0
5.6835143E13	131.0	72.0
5.6835155E13	131.0	70.0
5.6835164E13	131.0	70.0
5.6835176E13	136.0	69.0
5.6835185E13	136.0	67.0
5.6835193E13	136.0	66.0
5.6835206E13	136.0	68.0
5.6835214E13	143.0	69.0
5.6835223E13	143.0	71.0
5.6835235E13	143.0	72.0
5.6835244E13	149.0	70.0
5.6835256E13	149.0	67.0
5.6835264E13	149.0	66.0
5.6835273E13	149.0	68.0
5.6835285E13	155.0	70.0
5.6835294E13	155.0	73.0
5.6835306E13	155.0	77.0
5.6835315E13	155.0	77.0
5.6835323E13	156.0	75.0
5.6835336E13	156.0	73.0
5.6835344E13	156.0	73.0
5.6835353E13	153.0	74.0
5.6835365E13	153.0	75.0
5.6835374E13	153.0	74.0
5.6835386E13	153.0	72.0
5.6835395E13	147.0	70.0
5.6835403E13	147.0	67.0
5.6835415E13	147.0	64.0
5.6835424E13	147.0	63.0
5.6835436E13	138.0	64.0
5.6835445E13	138.0	66.0
5.6835453E13	138.0	70.0
5.6835466E13	138.0	73.0
5.6835474E13	131.0	75.0
5.6835487E13	131.0	75.0
5.6835495E13	131.0	76.0
5.6835504E13	125.0	78.0
5.6835516E13	125.0	78.0
5.6835525E13	125.0	79.0
5.6835533E13	125.0	79.0
5.6835545E13	119.0	78.0
5.6835554E13	119.0	78.0
5.6835566E13	119.0	79.0
5.6835575E13	119.0	78.0
5.6835583E13	110.0	76.0
5.6835596E13	110.0	75.0
5.6835604E13	110.0	74.0
5.6835617E13	110.0	73.0
5.6835625E13	103.0	71.0
5.6835634E13	103.0	71.0
5.6835646E13	103.0	71.0
5.6835655E13	96.0	71.0
5.6835663E13	96.0	71.0
5.6835676E13	96.0	72.0
5.6835684E13	92.0	73.0
5.6835696E13	92.0	75.0
5.6835705E13	92.0	76.0
5.6835713E13	92.0	76.0
5.6835726E13	88.0	78.0
5.6835734E13	88.0	77.0
5.6835747E13	88.0	76.0
5.6835755E13	88.0	75.0
5.6835764E13	85.0	75.0
5.6835776E13	85.0	76.0
5.6835785E13	85.0	75.0
5.6835797E13	83.0	74.0
5.6835806E13	83.0	74.0
5.6835814E13	83.0	74.0
5.6835827E13	83.0	74.0
5.6835835E13	81.0	74.0
5.6835843E13	81.0	75.0
5.6835856E13	81.0	75.0
5.6835864E13	81.0	76.0
5.6835877E13	81.0	77.0
5.6835885E13	81.0	79.0
5.6835894E13	81.0	80.0
5.6835906E13	81.0	80.0
5.6835915E13	80.0	80.0
5.6835927E13	80.0	80.0
5.6835936E13	80.0	80.0
5.6835944E13	80.0	81.0
5.6835957E13	80.0	82.0
5.6835965E13	80.0	83.0
5.6835973E13	80.0	84.0
5.6835986E13	81.0	84.0
5.6835994E13	81.0	84.0
5.6836007E13	81.0	85.0
5.6836015E13	81.0	84.0
5.6836024E13	81.0	84.0
5.6836036E13	81.0	83.0
5.6836045E13	83.0	84.0
5.6836053E13	83.0	84.0
5.6836066E13	83.0	85.0
5.6836074E13	83.0	85.0
5.6836087E13	83.0	86.0
5.6836095E13	85.0	87.0
5.6836103E13	85.0	87.0
5.6836116E13	85.0	87.0
5.6836124E13	85.0	86.0
5.6836137E13	85.0	86.0
5.6836145E13	91.0	89.0
5.6836154E13	91.0	89.0
5.6836166E13	91.0	89.0
5.6836175E13	91.0	89.0
5.6836187E13	100.0	89.0
5.6836196E13	100.0	89.0
5.6836204E13	100.0	89.0
5.6836217E13	111.0	86.0
5.6836225E13	111.0	88.0
5.6836233E13	111.0	88.0
5.6836246E13	111.0	88.0
5.6836254E13	121.0	88.0
5.6836267E13	121.0	88.0
5.6836275E13	121.0	88.0
5.6836284E13	121.0	88.0
5.6836296E13	129.0	88.0
5.6836305E13	129.0	88.0
5.6836317E13	129.0	88.0
5.6836326E13	129.0	88.0
5.6836334E13	135.0	88.0
5.6836347E13	135.0	88.0
5.6836355E13	135.0	88.0
5.6836363E13	140.0	88.0
5.6836376E13	140.0	88.0
5.6836384E13	140.0	88.0
5.6836397E13	140.0	88.0
5.6836405E13	145.0	88.0
5.6836414E13	145.0	88.0
5.6836426E13	145.0	88.0
5.6836435E13	145.0	66.0
5.6836447E13	149.0	69.0
5.6836456E13	149.0	72.0
5.6836464E13	149.0	74.0
5.6836477E13	149.0	74.0
5.6836485E13	150.0	74.0
5.6836498E13	150.0	74.0
5.6836506E13	150.0	75.0
5.6836514E13	148.0	75.0
5.6836527E13	148.0	75.0
5.6836535E13	148.0	75.0
5.6836544E13	148.0	73.0
5.6836556E13	143.0	71.0
5.6836565E13	143.0	68.0
5.6836577E13	143.0	65.0
5.6836586E13	143.0	63.0
5.6836594E13	136.0	61.0
5.6836607E13	136.0	63.0
5.6836615E13	136.0	65.0
5.6836628E13	136.0	70.0
5.6836636E13	130.0	74.0
5.6836644E13	130.0	76.0
5.6836657E13	130.0	77.0
5.6836665E13	125.0	78.0
5.6836674E13	125.0	79.0
5.6836686E13	125.0	79.0
5.6836695E13	125.0	80.0
5.6836707E13	118.0	80.0
5.6836716E13	118.0	80.0
5.6836724E13	118.0	80.0
5.6836737E13	118.0	80.0
5.6836745E13	109.0	80.0
5.6836758E13	109.0	79.0
5.6836766E13	109.0	78.0
5.6836774E13	99.0	77.0
5.6836787E13	99.0	77.0
5.6836795E13	99.0	75.0
5.6836804E13	99.0	74.0
5.683682E13	92.0	73.0
5.6836825E13	92.0	73.0
5.6836837E13	92.0	72.0
5.6836846E13	92.0	72.0
5.6836854E13	86.0	72.0
5.6836867E13	86.0	72.0
5.6836875E13	86.0	73.0
5.6836888E13	86.0	72.0
5.6836896E13	82.0	72.0
5.6836904E13	82.0	73.0
5.6836917E13	82.0	75.0
5.6836925E13	79.0	75.0
5.683694E13	79.0	75.0
5.6836946E13	79.0	76.0
5.6836955E13	79.0	75.0
5.6836967E13	76.0	74.0
5.6836976E13	76.0	73.0
5.6836984E13	76.0	73.0
5.6836997E13	74.0	73.0
5.6837005E13	74.0	73.0
5.6837018E13	74.0	74.0
5.6837026E13	74.0	74.0
5.6837034E13	73.0	76.0
5.6837047E13	73.0	76.0
5.6837055E13	73.0	77.0
5.683707E13	72.0	81.0
5.6837076E13	72.0	82.0
5.6837085E13	72.0	81.0
5.6837097E13	72.0	81.0
5.6837106E13	71.0	82.0
5.683712E13	71.0	82.0
5.6837127E13	71.0	83.0
5.6837135E13	71.0	84.0
5.6837148E13	71.0	84.0
5.6837156E13	71.0	84.0
5.6837164E13	71.0	84.0
5.6837177E13	71.0	84.0
5.6837185E13	71.0	83.0
5.68372E13	70.0	81.0
5.6837206E13	70.0	81.0
5.6837215E13	70.0	82.0
5.6837227E13	70.0	82.0
5.6837236E13	70.0	84.0
5.683725E13	70.0	85.0
5.6837257E13	70.0	86.0
5.6837265E13	71.0	87.0
5.6837278E13	71.0	88.0
5.6837286E13	71.0	87.0
5.6837295E13	71.0	86.0
5.6837307E13	74.0	85.0
5.6837315E13	74.0	84.0
5.683733E13	74.0	82.0
5.6837336E13	74.0	81.0
5.6837345E13	81.0	81.0
5.6837357E13	81.0	82.0
5.6837366E13	81.0	84.0
5.683738E13	92.0	85.0
5.6837387E13	92.0	87.0
5.6837395E13	92.0	89.0
5.6837408E13	92.0	87.0
5.6837416E13	103.0	85.0
5.6837425E13	103.0	84.0
5.6837437E13	103.0	82.0
5.6837446E13	103.0	80.0
5.683746E13	111.0	80.0
5.6837466E13	111.0	78.0
5.6837475E13	111.0	75.0
5.6837487E13	116.0	72.0
5.6837496E13	116.0	68.0
5.683751E13	116.0	65.0
5.6837517E13	116.0	64.0
5.6837525E13	120.0	63.0
5.6837538E13	120.0	64.0
5.6837546E13	120.0	66.0
5.683756E13	120.0	69.0
5.6837567E13	127.0	70.0
5.6837576E13	127.0	69.0
5.683759E13	127.0	67.0
5.6837597E13	127.0	65.0
5.683761E13	133.0	67.0
5.6837617E13	133.0	71.0
5.6837626E13	133.0	76.0
5.683764E13	138.0	76.0
5.6837647E13	138.0	75.0
5.6837655E13	138.0	75.0
5.6837668E13	138.0	76.0
5.6837676E13	139.0	76.0
5.683769E13	139.0	76.0
5.6837697E13	139.0	74.0
5.6837706E13	139.0	73.0
5.683772E13	137.0	70.0
5.6837727E13	137.0	69.0
5.6837735E13	137.0	69.0
5.6837748E13	137.0	67.0
5.6837756E13	129.0	65.0
5.683777E13	129.0	65.0
5.6837777E13	129.0	66.0
5.6837785E13	120.0	69.0
5.6837798E13	120.0	72.0
5.6837806E13	120.0	73.0
5.683782E13	120.0	73.0
5.6837827E13	113.0	74.0
5.6837836E13	113.0	75.0
5.683785E13	113.0	76.0
5.6837857E13	113.0	78.0
5.6837865E13	105.0	78.0
5.6837878E13	105.0	78.0
5.6837886E13	105.0	78.0
5.68379E13	105.0	78.0
5.6837907E13	96.0	77.0
5.6837915E13	96.0	75.0
5.6837928E13	96.0	74.0
5.6837936E13	87.0	72.0
5.683795E13	87.0	71.0
5.6837957E13	87.0	71.0
5.6837966E13	87.0	70.0
5.683798E13	80.0	70.0
5.6837987E13	80.0	70.0
5.6838E13	80.0	71.0
5.6838008E13	74.0	72.0
5.6838016E13	74.0	73.0
5.683803E13	74.0	73.0
5.6838037E13	74.0	74.0
5.6838045E13	74.0	74.0
5.6838058E13	71.0	74.0
5.6838066E13	71.0	74.0
5.683808E13	68.0	73.0
5.6838087E13	68.0	36.0
5.6838096E13	68.0	72.0
5.683811E13	68.0	71.0
5.6838117E13	66.0	69.0
5.683813E13	66.0	69.0
5.6838138E13	66.0	68.0
5.6838146E13	66.0	68.0
5.683816E13	66.0	69.0
5.6838167E13	65.0	70.0
5.683818E13	65.0	70.0
5.683819E13	65.0	71.0
5.6838196E13	65.0	73.0
5.683821E13	64.0	75.0
5.6838217E13	64.0	77.0
5.6838226E13	64.0	79.0
5.683824E13	64.0	81.0
5.6838247E13	64.0	82.0
5.683826E13	64.0	81.0
5.6838268E13	64.0	80.0
5.6838276E13	64.0	80.0
5.683829E13	64.0	81.0
5.6838297E13	64.0	83.0
5.683831E13	64.0	83.0
5.683832E13	64.0	82.0
5.6838326E13	64.0	82.0
5.683834E13	64.0	82.0
5.6838347E13	65.0	82.0
5.683836E13	65.0	82.0
5.683837E13	65.0	82.0
5.6838377E13	65.0	83.0
5.683839E13	66.0	84.0
5.6838398E13	66.0	85.0
5.6838406E13	66.0	86.0
5.683842E13	66.0	87.0
5.6838427E13	69.0	88.0
5.683844E13	69.0	88.0
5.683845E13	69.0	87.0
5.6838456E13	75.0	85.0
5.683847E13	75.0	85.0
5.6838477E13	75.0	83.0
5.6838486E13	75.0	83.0
5.6838507E13	85.0	84.0
5.683852E13	85.0	85.0
5.6838528E13	85.0	86.0
5.6838536E13	98.0	87.0
5.683855E13	98.0	88.0
5.6838557E13	98.0	88.0
5.683857E13	98.0	87.0
5.683858E13	113.0	84.0
5.6838586E13	113.0	82.0
5.68386E13	113.0	82.0
5.6838607E13	113.0	81.0
5.6838616E13	125.0	78.0
5.683863E13	125.0	76.0
5.6838637E13	125.0	75.0
5.683865E13	132.0	73.0
5.6838658E13	132.0	70.0
5.6838666E13	132.0	70.0
5.683868E13	132.0	69.0
5.6838687E13	137.0	70.0
5.68387E13	137.0	71.0
5.683871E13	137.0	71.0
5.6838716E13	141.0	69.0
5.683873E13	141.0	67.0
5.6838737E13	141.0	67.0
5.683875E13	141.0	63.0
5.683876E13	143.0	64.0
5.6838767E13	143.0	64.0
5.683878E13	143.0	66.0
5.6838788E13	143.0	68.0
5.6838796E13	144.0	71.0
5.683881E13	144.0	73.0
5.6838817E13	144.0	73.0
5.683883E13	145.0	74.0
5.683884E13	145.0	75.0
5.6838846E13	145.0	75.0
5.683886E13	145.0	74.0
5.6838867E13	145.0	74.0
5.683888E13	145.0	71.0
5.683889E13	145.0	71.0
5.6838897E13	145.0	70.0
5.683891E13	145.0	68.0
5.6838918E13	139.0	66.0
5.6838926E13	139.0	66.0
5.683894E13	139.0	67.0
5.6838947E13	130.0	70.0
5.683896E13	130.0	71.0
5.683897E13	130.0	71.0
5.6838976E13	124.0	73.0
5.683899E13	124.0	74.0
5.6838997E13	124.0	76.0
5.6839006E13	124.0	76.0
5.683902E13	118.0	77.0
5.6839027E13	118.0	35.0
5.683904E13	118.0	77.0
5.6839048E13	110.0	77.0
5.6839056E13	110.0	77.0
5.683907E13	110.0	77.0
5.6839077E13	110.0	77.0
5.683909E13	110.0	88.0
5.68391E13	102.0	89.0
5.6839106E13	102.0	89.0
5.683912E13	102.0	89.0
5.6839127E13	102.0	89.0
5.683914E13	94.0	89.0
5.683915E13	94.0	89.0
5.6839157E13	94.0	73.0
5.683917E13	94.0	73.0
5.6839178E13	88.0	89.0
5.6839186E13	88.0	74.0
5.68392E13	88.0	89.0
5.6839207E13	83.0	89.0
5.683922E13	83.0	89.0
5.683923E13	83.0	75.0
5.6839236E13	83.0	75.0
5.683925E13	79.0	75.0
5.6839257E13	79.0	75.0
5.683927E13	79.0	89.0
5.683928E13	79.0	89.0
5.6839287E13	77.0	89.0
5.68393E13	77.0	74.0
5.6839308E13	77.0	74.0
5.683932E13	77.0	74.0
5.683933E13	76.0	73.0
5.6839337E13	76.0	73.0
5.683936E13	75.0	76.0
5.683935E13	75.0	80.0
5.683938E13	75.0	80.0
5.6839387E13	75.0	80.0
5.6839367E13	75.0	80.0
5.68394E13	75.0	89.0
5.683941E13	75.0	89.0
5.6839417E13	75.0	89.0
5.683943E13	75.0	89.0
5.6839438E13	75.0	83.0
5.6839446E13	75.0	84.0
5.683946E13	75.0	84.0
5.6839467E13	76.0	84.0
5.683948E13	76.0	84.0
5.683949E13	76.0	84.0
5.6839497E13	76.0	83.0
5.683951E13	77.0	89.0
5.6839518E13	77.0	81.0
5.6839534E13	77.0	81.0
5.683954E13	77.0	81.0
5.6839547E13	80.0	81.0
5.683956E13	80.0	82.0
5.6839568E13	80.0	83.0
5.6839585E13	80.0	89.0
5.683959E13	84.0	85.0
5.683961E13	84.0	87.0
5.6839606E13	84.0	87.0
5.683963E13	91.0	87.0
5.683963E13	91.0	87.0
5.683964E13	91.0	86.0
5.6839648E13	91.0	87.0
5.683966E13	102.0	87.0
5.683967E13	102.0	86.0
5.683968E13	102.0	85.0
5.683969E13	102.0	84.0
5.68397E13	116.0	85.0
5.683971E13	116.0	86.0
5.683972E13	116.0	87.0
5.6839727E13	116.0	86.0
5.683974E13	131.0	86.0
5.683975E13	131.0	84.0
5.683976E13	131.0	83.0
5.683977E13	145.0	82.0
5.683978E13	145.0	81.0
5.683979E13	145.0	80.0
5.68398E13	145.0	88.0
5.6839807E13	155.0	75.0
5.683982E13	155.0	73.0
5.6839828E13	155.0	71.0
5.683984E13	155.0	68.0
5.683985E13	161.0	69.0
5.683986E13	161.0	88.0
5.683987E13	161.0	88.0
5.6839882E13	161.0	88.0
5.683989E13	165.0	88.0
5.68399E13	165.0	68.0
5.6839908E13	165.0	88.0
5.683992E13	168.0	88.0
5.683993E13	168.0	67.0
5.683994E13	168.0	69.0
5.683995E13	168.0	73.0
5.6839962E13	168.0	75.0
5.683997E13	168.0	75.0
5.683998E13	168.0	73.0
5.6839987E13	168.0	88.0
5.684E13	167.0	88.0
5.684001E13	167.0	74.0
5.684002E13	167.0	88.0
5.684003E13	167.0	88.0
5.684004E13	164.0	71.0
5.684005E13	164.0	88.0
5.6840063E13	164.0	88.0
5.684007E13	157.0	88.0
5.684008E13	157.0	88.0
5.684009E13	157.0	88.0
5.68401E13	157.0	88.0
5.684011E13	149.0	88.0
5.684012E13	149.0	70.0
5.684013E13	149.0	72.0
5.6840142E13	149.0	88.0
5.684015E13	143.0	74.0
5.684016E13	143.0	77.0
5.6840168E13	143.0	78.0
5.684018E13	143.0	79.0
5.684019E13	137.0	80.0
5.68402E13	137.0	80.0
5.684021E13	137.0	80.0
5.6840222E13	129.0	79.0
5.684023E13	129.0	78.0
5.684024E13	129.0	79.0
5.6840247E13	129.0	80.0
5.684026E13	119.0	78.0
5.684027E13	119.0	77.0
5.684028E13	119.0	76.0
5.684029E13	119.0	75.0
5.68403E13	110.0	75.0
5.684031E13	110.0	74.0
5.6840323E13	110.0	74.0
5.6840327E13	110.0	73.0
5.684034E13	103.0	73.0
5.684035E13	103.0	73.0
5.684036E13	103.0	72.0
5.684037E13	98.0	73.0
5.684038E13	98.0	74.0
5.684039E13	98.0	74.0
5.6840403E13	98.0	74.0
5.684041E13	95.0	75.0
5.684042E13	95.0	76.0
5.6840428E13	95.0	75.0
5.684044E13	95.0	75.0
5.684045E13	92.0	73.0
5.684046E13	92.0	73.0
5.684047E13	92.0	73.0
5.6840482E13	90.0	72.0
5.684049E13	90.0	72.0
5.6840503E13	90.0	72.0
5.6840507E13	90.0	72.0
5.684052E13	89.0	73.0
5.684053E13	89.0	74.0
5.684054E13	89.0	75.0
5.684055E13	89.0	77.0
5.684056E13	89.0	80.0
5.684057E13	89.0	82.0
5.6840583E13	89.0	80.0
5.684059E13	89.0	79.0
5.68406E13	88.0	80.0
5.684061E13	88.0	80.0
5.684062E13	88.0	80.0
5.684063E13	88.0	81.0
5.684064E13	88.0	82.0
5.684065E13	88.0	84.0
5.6840663E13	88.0	84.0
5.684067E13	88.0	83.0
5.6840684E13	88.0	82.0
5.6840688E13	88.0	81.0
5.68407E13	88.0	80.0
5.684071E13	89.0	80.0
5.684072E13	89.0	79.0
5.6840742E13	89.0	79.0
5.684075E13	92.0	79.0
5.6840763E13	92.0	80.0
5.684077E13	92.0	81.0
5.684078E13	98.0	82.0
5.684079E13	98.0	83.0
5.68408E13	98.0	84.0
5.684081E13	98.0	85.0
5.684082E13	108.0	85.0
5.684083E13	108.0	86.0
5.6840843E13	108.0	87.0
5.684085E13	108.0	87.0
5.684086E13	119.0	87.0
5.684087E13	119.0	86.0
5.684088E13	119.0	86.0
5.684089E13	119.0	84.0
5.68409E13	129.0	82.0
5.684091E13	129.0	80.0
5.6840923E13	129.0	79.0
5.684093E13	136.0	77.0
5.6840944E13	136.0	76.0
5.6840948E13	136.0	74.0
5.684096E13	136.0	72.0
5.684097E13	141.0	69.0
5.684098E13	141.0	67.0
5.684099E13	141.0	66.0
5.6841002E13	141.0	88.0
5.684101E13	147.0	66.0
5.6841023E13	147.0	67.0
5.684103E13	147.0	69.0
5.684104E13	147.0	70.0
5.684105E13	153.0	70.0
5.684106E13	153.0	68.0
5.684107E13	153.0	65.0
5.684108E13	158.0	64.0
5.684109E13	158.0	65.0
5.6841103E13	158.0	67.0
5.684111E13	158.0	70.0
5.6841124E13	160.0	74.0
5.6841132E13	160.0	75.0
5.684114E13	160.0	73.0
5.684115E13	160.0	72.0
5.684116E13	160.0	72.0
5.684117E13	160.0	74.0
5.6841183E13	160.0	75.0
5.684119E13	156.0	75.0
5.6841204E13	156.0	73.0
5.684121E13	156.0	71.0
5.684122E13	156.0	69.0
5.684123E13	148.0	67.0
5.684124E13	148.0	65.0
5.684125E13	148.0	65.0
5.6841262E13	148.0	66.0
5.684127E13	140.0	68.0
5.6841283E13	140.0	70.0
5.684129E13	140.0	71.0
5.6841304E13	140.0	71.0
5.6841313E13	132.0	75.0
5.684132E13	132.0	77.0
5.684133E13	132.0	79.0
5.684134E13	126.0	80.0
5.684135E13	126.0	81.0
5.6841363E13	126.0	81.0
5.684137E13	126.0	80.0
5.6841384E13	118.0	78.0
5.6841392E13	118.0	77.0
5.68414E13	118.0	76.0
5.684141E13	118.0	75.0
5.684142E13	108.0	74.0
5.684143E13	108.0	72.0
5.6841443E13	108.0	72.0
5.684145E13	108.0	72.0
5.6841464E13	99.0	71.0
5.684147E13	99.0	71.0
5.684148E13	99.0	71.0
