5.7251583E13	2617.0	70.0
5.725159E13	2617.0	70.0
5.7251604E13	2617.0	69.0
5.725161E13	2592.0	67.0
5.7251625E13	2592.0	65.0
5.7251633E13	2592.0	65.0
5.725164E13	2586.0	70.0
5.7251654E13	2586.0	71.0
5.7251662E13	2586.0	70.0
5.7251675E13	2586.0	71.0
5.7251683E13	2578.0	75.0
5.725169E13	2578.0	76.0
5.7251704E13	2578.0	77.0
5.7251713E13	2565.0	81.0
5.7251725E13	2565.0	87.0
5.7251734E13	2565.0	87.0
5.725174E13	2565.0	87.0
5.7251755E13	2565.0	87.0
5.7251763E13	2564.0	86.0
5.725177E13	2564.0	84.0
5.7251784E13	2564.0	82.0
5.7251792E13	2582.0	79.0
5.7251805E13	2582.0	79.0
5.7251813E13	2582.0	77.0
5.725182E13	2582.0	75.0
5.7251834E13	2634.0	72.0
5.7251843E13	2634.0	72.0
5.725185E13	2634.0	71.0
5.7251864E13	2733.0	71.0
5.7251872E13	2733.0	71.0
5.7251885E13	2733.0	71.0
5.7251893E13	2733.0	71.0
5.72519E13	2873.0	72.0
5.7251914E13	2873.0	72.0
5.7251922E13	2873.0	72.0
5.7251935E13	3098.0	75.0
5.7251943E13	3098.0	75.0
5.725195E13	3919.0	77.0
5.7251964E13	3919.0	79.0
5.7251973E13	3919.0	81.0
5.7251985E13	5510.0	84.0
5.7251994E13	5510.0	88.0
5.7252002E13	5510.0	87.0
5.7252015E13	5510.0	80.0
5.7252023E13	9972.0	74.0
5.725203E13	9972.0	72.0
5.7252044E13	9972.0	72.0
5.7252052E13	9972.0	72.0
5.7252065E13	15523.0	72.0
5.7252073E13	15523.0	72.0
5.7252086E13	15523.0	70.0
5.7252094E13	0.0	69.0
5.7252103E13	0.0	67.0
5.725211E13	0.0	65.0
5.7252124E13	21583.0	65.0
5.7252132E13	21583.0	67.0
5.7252145E13	21583.0	68.0
5.7252153E13	21583.0	69.0
5.725216E13	25061.0	71.0
5.7252174E13	25061.0	70.0
5.7252182E13	25061.0	66.0
5.7252195E13	0.0	64.0
5.7252203E13	0.0	68.0
5.725221E13	0.0	74.0
5.7252224E13	25556.0	78.0
5.7252233E13	25556.0	80.0
5.7252245E13	25556.0	78.0
5.7252254E13	25556.0	78.0
5.7252262E13	27367.0	77.0
5.7252275E13	27367.0	76.0
5.7252287E13	27367.0	74.0
5.725229E13	0.0	73.0
5.7252304E13	0.0	72.0
5.7252313E13	0.0	69.0
5.7252325E13	24898.0	67.0
5.7252333E13	24898.0	65.0
5.725234E13	24898.0	63.0
5.7252354E13	24898.0	63.0
5.7252363E13	21034.0	65.0
5.7252375E13	21034.0	68.0
5.7252384E13	21034.0	71.0
5.7252392E13	0.0	72.0
5.7252405E13	0.0	72.0
5.7252413E13	0.0	71.0
5.725242E13	15763.0	75.0
5.7252434E13	15763.0	78.0
5.7252443E13	15763.0	79.0
5.7252455E13	15763.0	80.0
5.7252464E13	10008.0	79.0
5.725247E13	10008.0	79.0
5.7252484E13	10008.0	78.0
5.7252493E13	0.0	77.0
5.7252505E13	0.0	76.0
5.7252514E13	0.0	76.0
5.7252522E13	4663.0	76.0
5.7252535E13	4663.0	76.0
5.7252543E13	4663.0	76.0
5.725255E13	4663.0	74.0
5.7252564E13	3354.0	73.0
5.7252573E13	3354.0	72.0
5.7252585E13	3354.0	71.0
5.7252594E13	3354.0	72.0
5.72526E13	2785.0	72.0
5.7252615E13	2785.0	72.0
5.7252623E13	2785.0	73.0
5.7252635E13	2785.0	74.0
5.7252644E13	2717.0	74.0
5.7252652E13	2717.0	73.0
5.7252665E13	2717.0	73.0
5.7252673E13	2680.0	72.0
5.7252686E13	2680.0	72.0
5.7252694E13	2680.0	68.0
5.7252707E13	2680.0	66.0
5.7252715E13	2644.0	67.0
5.7252724E13	2644.0	66.0
5.725273E13	2644.0	67.0
5.7252745E13	2644.0	67.0
5.7252753E13	2618.0	67.0
5.7252765E13	2618.0	66.0
5.7252774E13	2618.0	66.0
5.7252782E13	2618.0	68.0
5.7252795E13	2608.0	71.0
5.7252803E13	2608.0	72.0
5.7252816E13	2608.0	71.0
5.7252824E13	2604.0	71.0
5.7252833E13	2604.0	74.0
5.7252845E13	2604.0	77.0
5.7252854E13	2604.0	77.0
5.725286E13	2586.0	77.0
5.7252875E13	2586.0	79.0
5.7252883E13	2586.0	83.0
5.7252896E13	2586.0	87.0
5.7252904E13	2578.0	87.0
5.7252912E13	2578.0	83.0
5.7252925E13	2578.0	78.0
5.7252933E13	2589.0	73.0
5.7252946E13	2589.0	70.0
5.7252954E13	2589.0	69.0
5.7252963E13	2589.0	70.0
5.7252975E13	2631.0	71.0
5.7252984E13	2631.0	72.0
5.7252996E13	2631.0	72.0
5.7253005E13	2631.0	73.0
5.7253013E13	2708.0	74.0
5.7253026E13	2708.0	75.0
5.7253034E13	2708.0	75.0
5.7253042E13	2708.0	75.0
5.7253055E13	2818.0	74.0
5.7253063E13	2818.0	56.0
5.7253076E13	2968.0	80.0
5.7253084E13	3020.0	83.0
5.7253093E13	3020.0	85.0
5.7253105E13	3020.0	87.0
5.7253114E13	4190.0	89.0
5.7253126E13	4190.0	85.0
5.7253135E13	4190.0	85.0
5.7253143E13	4190.0	84.0
5.7253156E13	4190.0	85.0
5.7253164E13	5495.0	83.0
5.7253172E13	5495.0	79.0
5.7253185E13	5495.0	77.0
5.7253193E13	5495.0	77.0
5.7253206E13	9271.0	80.0
5.7253214E13	9271.0	78.0
5.7253223E13	9271.0	75.0
5.7253235E13	8506.0	72.0
5.7253244E13	14491.0	69.0
5.7253256E13	14491.0	66.0
5.7253265E13	14491.0	63.0
5.7253273E13	0.0	65.0
5.7253286E13	0.0	71.0
5.7253294E13	0.0	74.0
5.7253302E13	20009.0	72.0
5.7253315E13	20009.0	72.0
5.7253323E13	20009.0	71.0
5.7253336E13	20009.0	68.0
5.7253344E13	21475.0	70.0
5.7253357E13	21475.0	76.0
5.7253365E13	21475.0	76.0
5.7253374E13	0.0	81.0
5.7253386E13	0.0	76.0
5.7253395E13	0.0	76.0
5.7253403E13	22513.0	75.0
5.7253416E13	22513.0	75.0
5.7253424E13	22513.0	75.0
5.7253437E13	22513.0	74.0
5.7253445E13	23417.0	72.0
5.7253453E13	23417.0	69.0
5.7253466E13	23417.0	65.0
5.7253474E13	0.0	63.0
5.7253483E13	0.0	62.0
5.7253495E13	0.0	63.0
5.7253504E13	19195.0	67.0
5.7253516E13	19195.0	71.0
5.7253525E13	19195.0	74.0
5.7253533E13	19195.0	74.0
5.7253546E13	16326.0	72.0
5.7253554E13	16326.0	73.0
5.7253567E13	16326.0	75.0
5.7253575E13	0.0	77.0
5.7253583E13	0.0	78.0
5.7253596E13	0.0	79.0
5.7253604E13	8614.0	79.0
5.7253617E13	8614.0	79.0
5.7253625E13	8614.0	79.0
5.7253634E13	8614.0	79.0
5.7253646E13	4988.0	78.0
5.7253655E13	4988.0	78.0
5.7253663E13	4988.0	77.0
5.7253676E13	3496.0	74.0
5.7253684E13	3496.0	74.0
5.7253697E13	3496.0	73.0
5.725371E13	3496.0	72.0
5.7253713E13	3496.0	72.0
5.7253726E13	2831.0	72.0
5.7253734E13	2831.0	73.0
5.7253747E13	2831.0	73.0
5.7253755E13	2717.0	74.0
5.7253764E13	2717.0	74.0
5.7253776E13	2717.0	74.0
5.7253785E13	2717.0	75.0
5.7253793E13	2671.0	77.0
5.7253806E13	2671.0	76.0
5.7253814E13	2671.0	75.0
5.7253827E13	2671.0	74.0
5.7253835E13	2643.0	72.0
5.7253843E13	2643.0	71.0
5.7253856E13	2643.0	69.0
5.7253864E13	2617.0	68.0
5.7253877E13	2617.0	68.0
5.7253885E13	2617.0	68.0
5.7253894E13	2617.0	67.0
5.7253906E13	2597.0	66.0
5.7253915E13	2597.0	66.0
5.7253923E13	2597.0	65.0
5.7253936E13	2597.0	66.0
5.7253944E13	2594.0	67.0
5.7253957E13	2594.0	69.0
5.7253965E13	2594.0	70.0
5.7253973E13	2594.0	72.0
5.7253986E13	2589.0	77.0
5.7253994E13	2589.0	75.0
5.7254007E13	2572.0	76.0
5.7254015E13	2572.0	76.0
5.7254024E13	2572.0	81.0
5.7254036E13	2572.0	81.0
5.7254045E13	2569.0	82.0
5.7254057E13	2569.0	82.0
5.7254066E13	2569.0	79.0
5.7254074E13	2569.0	79.0
5.7254087E13	2569.0	78.0
5.7254095E13	2578.0	78.0
5.7254103E13	2578.0	79.0
5.7254116E13	2578.0	81.0
5.7254124E13	2614.0	82.0
5.7254145E13	2694.0	79.0
5.7254175E13	2694.0	78.0
5.7254154E13	2694.0	78.0
5.7254166E13	2694.0	78.0
5.7254187E13	2694.0	76.0
5.7254196E13	2841.0	75.0
5.7254137E13	2841.0	75.0
5.7254204E13	2841.0	74.0
5.7254217E13	2841.0	73.0
5.7254225E13	2841.0	73.0
5.7254234E13	3114.0	73.0
5.7254246E13	3114.0	76.0
5.725426E13	3114.0	77.0
5.7254267E13	3114.0	79.0
5.7254275E13	4243.0	82.0
5.725429E13	4243.0	85.0
5.7254296E13	4243.0	85.0
5.7254305E13	4886.0	84.0
5.7254317E13	9243.0	83.0
5.7254326E13	9243.0	82.0
5.7254334E13	9243.0	82.0
5.7254347E13	15707.0	81.0
5.7254355E13	15707.0	76.0
5.7254364E13	15707.0	71.0
5.7254376E13	15707.0	69.0
5.7254385E13	18409.0	67.0
5.7254397E13	18409.0	67.0
5.7254405E13	18409.0	65.0
5.725442E13	0.0	66.0
5.7254426E13	0.0	67.0
5.7254435E13	0.0	68.0
5.7254447E13	22212.0	70.0
5.7254456E13	22212.0	70.0
5.7254464E13	22212.0	68.0
5.7254477E13	22212.0	65.0
5.7254485E13	22212.0	63.0
5.7254498E13	25347.0	63.0
5.7254506E13	25347.0	67.0
5.7254515E13	25347.0	73.0
5.7254527E13	0.0	76.0
5.7254535E13	0.0	78.0
5.7254544E13	0.0	76.0
5.7254556E13	25636.0	75.0
5.7254565E13	25636.0	75.0
5.7254577E13	25636.0	73.0
5.7254586E13	25636.0	75.0
5.72546E13	22697.0	75.0
5.7254607E13	22697.0	72.0
5.7254615E13	22697.0	69.0
5.7254624E13	0.0	66.0
5.7254636E13	0.0	63.0
5.7254645E13	0.0	63.0
5.7254657E13	19155.0	64.0
5.7254666E13	19155.0	68.0
5.7254674E13	19155.0	70.0
5.7254686E13	19155.0	72.0
5.7254695E13	14527.0	73.0
5.7254707E13	14527.0	73.0
5.7254716E13	14527.0	73.0
5.7254724E13	0.0	73.0
5.7254737E13	0.0	75.0
5.7254745E13	0.0	77.0
5.7254758E13	7556.0	79.0
5.7254766E13	7556.0	78.0
5.7254775E13	7556.0	78.0
5.7254787E13	7556.0	77.0
5.7254796E13	4126.0	77.0
5.7254804E13	4126.0	76.0
5.7254817E13	4126.0	76.0
5.7254825E13	4126.0	77.0
5.7254837E13	3268.0	76.0
5.7254846E13	3268.0	75.0
5.7254854E13	3268.0	74.0
5.7254867E13	3268.0	75.0
5.7254875E13	2949.0	75.0
5.7254888E13	2949.0	74.0
5.7254896E13	2949.0	73.0
5.7254905E13	2806.0	73.0
5.7254917E13	2806.0	74.0
5.7254926E13	2806.0	74.0
5.7254934E13	2806.0	74.0
5.7254947E13	2722.0	75.0
5.7254955E13	2722.0	74.0
5.7254968E13	2722.0	73.0
5.7254976E13	2722.0	72.0
5.7254984E13	2674.0	73.0
5.7254997E13	2674.0	73.0
5.7255005E13	2674.0	72.0
5.7255018E13	2633.0	71.0
5.7255026E13	2633.0	71.0
5.7255035E13	2633.0	70.0
5.7255047E13	2633.0	70.0
5.7255056E13	2607.0	69.0
5.7255064E13	2607.0	68.0
5.7255077E13	2607.0	68.0
5.7255085E13	2607.0	69.0
5.7255098E13	2592.0	71.0
5.7255106E13	2592.0	71.0
5.7255114E13	2592.0	72.0
5.7255127E13	2592.0	73.0
5.7255135E13	2582.0	75.0
5.7255148E13	2582.0	76.0
5.7255156E13	2582.0	76.0
5.7255165E13	2568.0	77.0
5.7255177E13	2568.0	80.0
5.7255186E13	2568.0	83.0
5.72552E13	2568.0	86.0
5.7255207E13	2570.0	87.0
5.7255215E13	2570.0	84.0
5.7255228E13	2570.0	79.0
5.7255236E13	2570.0	76.0
5.725525E13	2594.0	75.0
5.7255257E13	2594.0	74.0
5.7255265E13	2594.0	74.0
5.7255278E13	2594.0	75.0
5.7255286E13	2645.0	75.0
5.7255295E13	2645.0	76.0
5.7255307E13	2645.0	77.0
5.7255316E13	2747.0	78.0
5.725533E13	2747.0	79.0
5.7255337E13	2747.0	78.0
5.7255345E13	2747.0	77.0
5.7255358E13	2901.0	74.0
5.7255366E13	2901.0	72.0
5.725538E13	2901.0	70.0
5.7255387E13	2901.0	69.0
5.7255395E13	3167.0	68.0
5.725541E13	3167.0	70.0
5.7255416E13	3167.0	74.0
5.7255425E13	3167.0	78.0
5.7255437E13	3790.0	80.0
5.7255446E13	3790.0	82.0
5.725546E13	3790.0	83.0
5.7255467E13	4707.0	84.0
5.7255475E13	6824.0	84.0
5.7255488E13	6824.0	83.0
5.7255496E13	6824.0	82.0
5.725551E13	13292.0	78.0
5.7255517E13	13292.0	75.0
5.7255525E13	13292.0	72.0
5.725554E13	13292.0	67.0
5.7255546E13	15635.0	66.0
5.7255555E13	15635.0	66.0
5.7255567E13	15635.0	65.0
5.7255576E13	15635.0	65.0
5.725559E13	0.0	68.0
5.7255597E13	0.0	72.0
5.7255605E13	0.0	72.0
5.7255618E13	21127.0	71.0
5.7255626E13	21127.0	67.0
5.725564E13	21127.0	65.0
5.7255647E13	21127.0	66.0
5.7255655E13	23493.0	70.0
5.725567E13	23493.0	76.0
5.725568E13	0.0	80.0
5.725569E13	0.0	80.0
5.7255697E13	0.0	77.0
5.7255706E13	0.0	77.0
5.725572E13	27063.0	74.0
5.7255727E13	27063.0	75.0
5.7255735E13	27063.0	74.0
5.7255748E13	27063.0	75.0
5.7255756E13	26436.0	74.0
5.725577E13	26436.0	70.0
5.7255777E13	26436.0	66.0
5.7255785E13	0.0	63.0
5.72558E13	0.0	61.0
5.7255806E13	0.0	62.0
5.725582E13	22141.0	64.0
5.7255827E13	22141.0	67.0
5.7255836E13	22141.0	69.0
5.725585E13	22141.0	70.0
5.7255857E13	16873.0	70.0
5.725587E13	16873.0	71.0
5.7255878E13	16873.0	73.0
5.7255886E13	0.0	74.0
5.72559E13	0.0	75.0
5.7255907E13	0.0	77.0
5.7255915E13	9926.0	78.0
5.725593E13	9926.0	77.0
5.7255936E13	9926.0	76.0
5.725595E13	4993.0	75.0
5.7255957E13	4993.0	75.0
5.725598E13	4993.0	71.0
5.7255987E13	3559.0	70.0
5.7255995E13	3559.0	70.0
5.7256008E13	3559.0	69.0
5.7256016E13	3559.0	70.0
5.725603E13	3105.0	70.0
5.7256037E13	3105.0	71.0
5.7256045E13	3105.0	71.0
5.725606E13	2935.0	72.0
5.7256066E13	2935.0	72.0
5.725608E13	2935.0	73.0
5.7256087E13	2935.0	74.0
5.7256096E13	2935.0	74.0
5.725611E13	2847.0	74.0
5.7256117E13	2847.0	73.0
5.7256125E13	2847.0	72.0
5.7256138E13	2803.0	70.0
5.7256146E13	2803.0	68.0
5.725616E13	2803.0	68.0
5.7256167E13	2765.0	68.0
5.7256175E13	2765.0	68.0
5.725619E13	2765.0	69.0
5.7256196E13	2765.0	68.0
5.725621E13	2765.0	67.0
5.7256217E13	2745.0	66.0
5.7256234E13	2745.0	65.0
5.725624E13	2745.0	66.0
5.7256247E13	2745.0	68.0
5.7256255E13	2736.0	70.0
5.7256268E13	2736.0	71.0
5.7256276E13	2736.0	71.0
5.725629E13	2736.0	72.0
5.7256297E13	2723.0	73.0
5.7256305E13	2723.0	74.0
5.725632E13	2723.0	75.0
5.7256326E13	2720.0	77.0
5.725634E13	2720.0	78.0
5.7256347E13	2720.0	78.0
5.7256356E13	2720.0	76.0
5.725637E13	2732.0	75.0
5.7256377E13	2732.0	75.0
5.725639E13	2732.0	76.0
5.7256398E13	2732.0	76.0
5.7256406E13	2764.0	75.0
5.725642E13	2764.0	74.0
5.7256427E13	2764.0	75.0
5.7256436E13	2764.0	75.0
5.725645E13	2833.0	76.0
5.7256456E13	2833.0	76.0
5.725647E13	2833.0	76.0
5.7256477E13	2946.0	76.0
5.7256486E13	2946.0	75.0
5.72565E13	2946.0	74.0
5.7256507E13	2946.0	73.0
5.725652E13	3124.0	73.0
5.7256528E13	3124.0	74.0
5.7256536E13	3124.0	77.0
5.725655E13	3124.0	80.0
5.7256557E13	3494.0	83.0
5.7256566E13	3494.0	85.0
5.725658E13	3494.0	85.0
5.7256587E13	3494.0	85.0
5.72566E13	4539.0	84.0
5.7256607E13	4539.0	84.0
5.7256616E13	4539.0	83.0
5.725663E13	10326.0	82.0
5.7256637E13	10326.0	82.0
5.725665E13	10326.0	80.0
5.7256658E13	10326.0	78.0
5.7256666E13	16307.0	75.0
5.725668E13	16307.0	73.0
5.7256687E13	16307.0	72.0
5.72567E13	16307.0	70.0
5.725671E13	0.0	69.0
5.7256717E13	0.0	70.0
5.725673E13	0.0	72.0
5.7256738E13	23527.0	73.0
5.7256746E13	23527.0	74.0
5.725676E13	23527.0	71.0
5.7256767E13	23527.0	68.0
5.725678E13	24504.0	67.0
5.7256788E13	24504.0	69.0
5.72568E13	24504.0	73.0
5.725681E13	0.0	76.0
5.7256817E13	0.0	78.0
5.725683E13	0.0	78.0
5.725684E13	26218.0	75.0
5.7256847E13	26218.0	74.0
5.725686E13	26218.0	73.0
5.7256868E13	26218.0	71.0
5.7256876E13	26207.0	72.0
5.725689E13	26207.0	71.0
5.7256897E13	26207.0	67.0
5.725691E13	0.0	64.0
5.7256918E13	0.0	60.0
5.7256926E13	0.0	58.0
5.725694E13	22024.0	60.0
5.7256947E13	22024.0	64.0
5.725696E13	22024.0	69.0
5.725697E13	22024.0	71.0
5.7256977E13	19358.0	71.0
5.725699E13	19358.0	71.0
5.7256998E13	19358.0	71.0
5.7257006E13	0.0	72.0
5.725702E13	0.0	76.0
5.7257027E13	11333.0	76.0
5.725704E13	11333.0	76.0
5.7257048E13	11333.0	76.0
5.7257056E13	11333.0	76.0
5.725707E13	11333.0	76.0
5.7257077E13	5290.0	75.0
5.725709E13	5290.0	75.0
5.72571E13	5290.0	74.0
5.7257107E13	5290.0	72.0
5.725712E13	3598.0	71.0
5.7257128E13	3598.0	71.0
5.725714E13	3598.0	70.0
5.725715E13	3598.0	70.0
5.7257157E13	3175.0	71.0
5.725717E13	3175.0	71.0
5.725718E13	3175.0	70.0
5.7257186E13	3021.0	72.0
5.72572E13	3021.0	72.0
5.7257207E13	3021.0	73.0
5.725722E13	3021.0	74.0
5.725723E13	2943.0	74.0
5.7257237E13	2943.0	73.0
5.725725E13	2943.0	72.0
5.7257258E13	2943.0	70.0
5.725727E13	2906.0	68.0
5.725728E13	2906.0	67.0
5.7257287E13	2906.0	66.0
5.72573E13	2878.0	66.0
5.725731E13	2878.0	65.0
5.725732E13	2878.0	64.0
5.725733E13	2878.0	64.0
5.7257337E13	2859.0	63.0
5.725735E13	2859.0	63.0
5.725736E13	2859.0	63.0
5.7257367E13	2859.0	65.0
5.725738E13	2845.0	68.0
5.7257388E13	2845.0	70.0
5.72574E13	2845.0	71.0
5.725741E13	2845.0	73.0
5.7257417E13	2830.0	75.0
5.725743E13	2830.0	77.0
5.725744E13	2830.0	78.0
5.725745E13	2808.0	79.0
5.725746E13	2808.0	81.0
5.7257467E13	2808.0	81.0
5.725748E13	2808.0	80.0
5.725749E13	2804.0	79.0
5.7257497E13	2804.0	77.0
5.725751E13	2804.0	77.0
5.7257518E13	2804.0	78.0
5.725753E13	2821.0	78.0
5.725754E13	2821.0	77.0
5.7257547E13	2821.0	74.0
5.725756E13	2821.0	72.0
5.725757E13	2871.0	73.0
5.725758E13	2871.0	75.0
5.725759E13	2871.0	76.0
5.7257597E13	2963.0	77.0
5.725761E13	2963.0	77.0
5.725762E13	2963.0	77.0
5.7257627E13	2963.0	77.0
5.725764E13	3106.0	76.0
5.7257648E13	3106.0	75.0
5.725766E13	3106.0	75.0
5.725767E13	3106.0	76.0
5.7257677E13	3410.0	77.0
5.725769E13	3410.0	79.0
5.72577E13	3410.0	79.0
5.725771E13	3410.0	81.0
5.725772E13	4091.0	83.0
5.7257727E13	4091.0	86.0
5.725774E13	4091.0	85.0
5.725775E13	8282.0	82.0
5.725776E13	8282.0	80.0
5.725777E13	8282.0	78.0
5.7257778E13	8282.0	76.0
5.725779E13	14056.0	73.0
5.72578E13	14056.0	71.0
5.7257807E13	14056.0	70.0
5.725782E13	14056.0	70.0
5.725783E13	0.0	70.0
5.725784E13	0.0	68.0
5.725785E13	0.0	66.0
5.7257857E13	19833.0	65.0
5.725787E13	19833.0	68.0
5.725788E13	19833.0	72.0
5.725789E13	19833.0	12.0
5.72579E13	23183.0	66.0
5.7257908E13	23183.0	65.0
5.725792E13	23183.0	67.0
5.725793E13	0.0	71.0
5.7257937E13	0.0	77.0
5.725795E13	23604.0	78.0
5.725796E13	23604.0	75.0
5.725797E13	23604.0	75.0
5.725798E13	23604.0	73.0
5.7257987E13	23604.0	73.0
5.7258E13	25131.0	73.0
5.725801E13	25131.0	73.0
5.725802E13	25131.0	71.0
5.725803E13	0.0	69.0
5.7258038E13	0.0	66.0
5.725805E13	20795.0	60.0
5.725806E13	20795.0	57.0
5.7258067E13	20795.0	58.0
5.725808E13	20795.0	58.0
5.725809E13	20795.0	63.0
5.72581E13	19047.0	68.0
5.725811E13	19047.0	71.0
5.725812E13	19047.0	72.0
5.725813E13	0.0	72.0
5.725814E13	0.0	73.0
5.725815E13	0.0	74.0
5.725816E13	13867.0	74.0
5.7258168E13	13867.0	75.0
5.725818E13	13867.0	76.0
5.725819E13	13867.0	75.0
5.72582E13	8654.0	75.0
5.725821E13	8654.0	76.0
5.725822E13	8654.0	77.0
5.725823E13	0.0	77.0
5.725824E13	0.0	90.0
5.7258247E13	0.0	75.0
5.7258273E13	3696.0	71.0
5.725828E13	3696.0	70.0
5.7258298E13	3193.0	68.0
5.725833E13	3193.0	69.0
5.725835E13	3037.0	71.0
5.725836E13	3037.0	72.0
5.725837E13	3037.0	73.0
5.7258377E13	2971.0	73.0
5.725839E13	2971.0	73.0
5.72584E13	2971.0	72.0
5.725841E13	2951.0	71.0
5.725842E13	2951.0	68.0
5.7258428E13	2951.0	65.0
5.725844E13	2928.0	61.0
5.725845E13	2928.0	60.0
5.725846E13	2928.0	61.0
5.725847E13	2928.0	60.0
5.725848E13	2913.0	60.0
5.725849E13	2913.0	61.0
5.72585E13	2913.0	62.0
5.7258508E13	2905.0	64.0
5.725852E13	2905.0	75.0
5.725853E13	2905.0	68.0
5.725854E13	2905.0	70.0
5.725855E13	2894.0	73.0
5.7258558E13	2894.0	75.0
5.725857E13	2894.0	77.0
5.725858E13	2894.0	78.0
5.725859E13	2878.0	80.0
5.72586E13	2878.0	80.0
5.725861E13	2878.0	81.0
5.725862E13	2878.0	81.0
5.725863E13	2878.0	80.0
5.7258654E13	2874.0	79.0
5.725866E13	2894.0	79.0
5.725867E13	2894.0	78.0
5.725868E13	2894.0	78.0
5.7258688E13	2894.0	78.0
5.72587E13	2944.0	78.0
5.725871E13	2944.0	78.0
5.725872E13	2944.0	79.0
5.725874E13	2944.0	75.0
5.725875E13	3038.0	71.0
5.725876E13	3038.0	68.0
5.725877E13	3038.0	66.0
5.725878E13	3038.0	66.0
5.725879E13	3185.0	69.0
5.72588E13	3185.0	73.0
5.725881E13	3470.0	80.0
5.7258818E13	3470.0	88.0
5.725883E13	3470.0	88.0
5.725884E13	3470.0	87.0
5.725885E13	4044.0	85.0
5.725886E13	4044.0	85.0
5.725887E13	4044.0	84.0
5.725888E13	4044.0	82.0
5.725889E13	4044.0	82.0
5.72589E13	7000.0	80.0
5.725891E13	7000.0	78.0
5.725892E13	7000.0	77.0
5.725893E13	7000.0	75.0
5.725894E13	12537.0	73.0
5.725895E13	12537.0	72.0
5.725896E13	12537.0	70.0
5.725897E13	12682.0	68.0
5.725898E13	18429.0	65.0
5.725899E13	18429.0	64.0
5.7259002E13	18429.0	65.0
5.725901E13	0.0	65.0
5.725902E13	0.0	69.0
5.725903E13	22545.0	68.0
5.725904E13	22545.0	68.0
5.725905E13	22545.0	65.0
5.725906E13	22545.0	65.0
5.725907E13	22545.0	68.0
5.7259082E13	25089.0	72.0
5.725909E13	25089.0	79.0
5.72591E13	0.0	75.0
5.725911E13	0.0	75.0
5.725912E13	0.0	74.0
5.725913E13	0.0	74.0
5.725914E13	26290.0	74.0
5.725915E13	26290.0	73.0
5.725916E13	26290.0	70.0
5.725917E13	0.0	60.0
5.725918E13	19158.0	74.0
5.725919E13	19158.0	74.0
5.72592E13	19158.0	74.0
5.7259212E13	19158.0	74.0
5.725922E13	19158.0	74.0
5.725923E13	19158.0	74.0
5.725924E13	19158.0	74.0
5.725925E13	19158.0	74.0
5.725926E13	19158.0	72.0
5.725927E13	19158.0	71.0
5.725928E13	14002.0	72.0
5.725929E13	14002.0	73.0
5.72593E13	14002.0	74.0
5.725931E13	0.0	74.0
5.725932E13	0.0	75.0
5.725933E13	0.0	75.0
5.7259342E13	5500.0	75.0
5.725935E13	5500.0	75.0
5.725936E13	5500.0	74.0
5.725937E13	5500.0	73.0
5.725938E13	3950.0	72.0
5.725939E13	3950.0	71.0
5.72594E13	3950.0	71.0
5.725941E13	3950.0	70.0
5.725942E13	3423.0	71.0
5.725943E13	3423.0	72.0
5.725944E13	3423.0	74.0
5.725945E13	3163.0	73.0
5.725946E13	3163.0	72.0
5.7259472E13	3163.0	72.0
5.725948E13	3163.0	73.0
5.725949E13	3043.0	73.0
5.72595E13	3043.0	72.0
5.725951E13	3043.0	71.0
5.725952E13	3043.0	70.0
5.725953E13	2990.0	69.0
5.725954E13	2990.0	69.0
5.725955E13	2990.0	69.0
5.725956E13	2990.0	69.0
5.725957E13	2959.0	68.0
5.725958E13	2959.0	68.0
5.725959E13	2959.0	67.0
5.7259602E13	2954.0	66.0
5.725961E13	2954.0	65.0
5.725962E13	2954.0	65.0
5.725963E13	2954.0	65.0
5.725964E13	2956.0	66.0
5.7259653E13	2956.0	68.0
5.725966E13	2956.0	68.0
5.725967E13	2956.0	69.0
5.725968E13	2948.0	71.0
5.725969E13	2948.0	73.0
5.72597E13	2948.0	74.0
5.725971E13	2948.0	75.0
5.725972E13	2940.0	76.0
5.7259732E13	2940.0	77.0
5.725974E13	2940.0	77.0
5.725975E13	2941.0	75.0
5.725976E13	2941.0	73.0
5.725977E13	2941.0	71.0
5.7259783E13	2941.0	71.0
5.725979E13	2958.0	72.0
5.72598E13	2958.0	74.0
5.725981E13	2958.0	76.0
5.725982E13	2958.0	78.0
5.7259833E13	3004.0	79.0
5.725984E13	3004.0	77.0
5.725985E13	3004.0	74.0
5.7259862E13	3004.0	72.0
5.725987E13	3061.0	70.0
5.725988E13	3061.0	69.0
5.725989E13	3061.0	69.0
5.72599E13	3166.0	69.0
5.7259913E13	3166.0	72.0
5.725992E13	3166.0	75.0
5.725993E13	3166.0	80.0
5.725994E13	3365.0	83.0
5.725995E13	3365.0	85.0
5.7259963E13	3365.0	85.0
5.725998E13	3870.0	83.0
5.7259992E13	3870.0	82.0
5.726E13	3870.0	83.0
5.726002E13	5805.0	82.0
5.726003E13	5805.0	80.0
5.7260043E13	13056.0	76.0
5.726005E13	13056.0	76.0
5.726006E13	13056.0	74.0
5.726007E13	13056.0	73.0
5.726008E13	17502.0	68.0
5.7260093E13	17502.0	41.0
5.72601E13	17502.0	69.0
5.726011E13	17502.0	71.0
5.7260122E13	0.0	74.0
5.726013E13	0.0	74.0
5.726014E13	0.0	76.0
5.726015E13	0.0	76.0
5.726016E13	21327.0	74.0
5.7260173E13	21327.0	71.0
5.726018E13	21327.0	68.0
5.726019E13	21327.0	68.0
5.72602E13	25096.0	71.0
5.726021E13	25096.0	75.0
5.7260223E13	25096.0	79.0
5.726023E13	0.0	76.0
5.726024E13	0.0	74.0
5.7260252E13	0.0	74.0
5.726026E13	24655.0	74.0
5.7260273E13	24655.0	74.0
5.726028E13	24655.0	72.0
5.726029E13	24655.0	68.0
5.7260303E13	22152.0	62.0
5.726031E13	22152.0	58.0
5.7260324E13	22152.0	54.0
5.726033E13	0.0	54.0
5.726034E13	0.0	60.0
5.7260353E13	0.0	68.0
5.726036E13	15700.0	73.0
5.726037E13	15700.0	74.0
5.7260382E13	15700.0	73.0
5.726039E13	15700.0	72.0
5.7260403E13	12891.0	73.0
5.726041E13	12891.0	75.0
5.7260424E13	12891.0	76.0
5.7260433E13	0.0	77.0
5.726044E13	0.0	77.0
5.726045E13	0.0	77.0
5.726046E13	4157.0	78.0
5.726047E13	4157.0	78.0
5.7260483E13	4157.0	77.0
5.726049E13	4157.0	75.0
5.72605E13	3541.0	73.0
5.7260512E13	3541.0	71.0
5.726052E13	3541.0	71.0
5.7260533E13	3541.0	71.0
5.726054E13	3226.0	71.0
5.726055E13	3226.0	72.0
5.7260563E13	3226.0	72.0
5.726057E13	3226.0	72.0
5.726058E13	3089.0	73.0
5.726059E13	3089.0	73.0
5.72606E13	3089.0	75.0
5.7260613E13	3023.0	76.0
5.726062E13	3023.0	76.0
5.726063E13	3023.0	74.0
5.7260642E13	3023.0	73.0
5.726065E13	2986.0	72.0
5.7260663E13	2986.0	71.0
5.726067E13	2986.0	71.0
5.726068E13	2986.0	70.0
5.7260693E13	2963.0	70.0
5.72607E13	2963.0	68.0
5.7260714E13	2963.0	67.0
5.726072E13	2939.0	67.0
5.726073E13	2939.0	67.0
5.7260743E13	2939.0	67.0
5.726075E13	2933.0	68.0
5.726076E13	2933.0	71.0
5.7260772E13	2933.0	72.0
5.726078E13	2933.0	73.0
5.7260793E13	2932.0	73.0
5.72608E13	2932.0	74.0
5.726081E13	2932.0	76.0
5.7260823E13	2932.0	78.0
5.726083E13	2924.0	79.0
5.7260844E13	2924.0	82.0
5.7260852E13	2924.0	82.0
5.726086E13	2922.0	83.0
5.7260873E13	2922.0	83.0
5.726088E13	2922.0	77.0
5.7260894E13	2922.0	77.0
5.7260902E13	2930.0	77.0
5.726091E13	2930.0	77.0
5.7260923E13	2930.0	77.0
5.726093E13	2930.0	77.0
5.726094E13	2930.0	78.0
5.7260953E13	2955.0	78.0
5.726096E13	2955.0	76.0
5.7260974E13	2955.0	74.0
5.7260982E13	2955.0	71.0
5.726099E13	3014.0	70.0
5.726101E13	3127.0	66.0
5.7261024E13	3127.0	66.0
5.7261032E13	3127.0	70.0
5.726104E13	3127.0	70.0
5.7261053E13	3127.0	74.0
5.726106E13	3376.0	78.0
5.726107E13	3376.0	84.0
5.7261083E13	3376.0	85.0
5.726109E13	3376.0	85.0
5.7261104E13	4005.0	84.0
5.7261112E13	4005.0	84.0
5.726112E13	4005.0	83.0
5.7261133E13	4005.0	82.0
5.726114E13	6710.0	80.0
5.726115E13	6710.0	79.0
5.7261162E13	6710.0	78.0
5.726117E13	12843.0	77.0
5.7261183E13	12843.0	76.0
5.726119E13	12843.0	77.0
5.72612E13	12843.0	77.0
5.7261213E13	17980.0	75.0
5.726122E13	17980.0	74.0
5.7261234E13	17980.0	73.0
5.7261242E13	17980.0	72.0
5.726125E13	0.0	72.0
5.7261263E13	0.0	73.0
5.726127E13	0.0	73.0
5.7261284E13	22277.0	71.0
5.7261293E13	22277.0	67.0
5.72613E13	22277.0	66.0
5.7261313E13	22277.0	68.0
5.726132E13	25910.0	72.0
5.726133E13	25910.0	76.0
5.7261343E13	25910.0	77.0
5.726135E13	0.0	75.0
5.7261364E13	0.0	73.0
5.7261372E13	0.0	73.0
5.726138E13	26939.0	73.0
5.7261393E13	26939.0	72.0
5.72614E13	26939.0	69.0
5.7261414E13	26939.0	66.0
5.7261423E13	24345.0	63.0
5.726143E13	24345.0	59.0
5.7261444E13	24345.0	56.0
5.726145E13	0.0	55.0
5.726146E13	0.0	58.0
5.7261473E13	0.0	64.0
5.726148E13	20061.0	69.0
5.7261494E13	20061.0	71.0
5.7261502E13	20061.0	71.0
5.726151E13	20061.0	70.0
5.7261523E13	18263.0	69.0
5.726153E13	18263.0	70.0
5.7261544E13	18263.0	72.0
5.7261553E13	0.0	73.0
5.726156E13	0.0	74.0
5.7261574E13	0.0	76.0
5.726158E13	9016.0	77.0
5.7261595E13	9016.0	77.0
5.7261603E13	9016.0	77.0
5.726161E13	9016.0	77.0
5.7261624E13	4296.0	75.0
5.7261632E13	4296.0	73.0
5.726164E13	4296.0	73.0
5.7261653E13	4296.0	74.0
5.726166E13	3582.0	74.0
5.7261674E13	3582.0	73.0
5.7261683E13	3582.0	73.0
5.726169E13	3582.0	73.0
5.7261704E13	3205.0	72.0
5.726171E13	3205.0	72.0
5.7261725E13	3205.0	72.0
5.7261733E13	3051.0	73.0
5.726174E13	3051.0	73.0
5.7261754E13	3051.0	74.0
5.7261762E13	3051.0	74.0
5.726177E13	2985.0	73.0
5.7261783E13	2985.0	72.0
5.726179E13	2985.0	71.0
5.7261804E13	2985.0	70.0
5.7261813E13	2949.0	70.0
5.726182E13	2949.0	69.0
5.7261834E13	2949.0	68.0
5.726184E13	2926.0	68.0
5.7261855E13	2926.0	67.0
5.7261863E13	2926.0	66.0
5.726187E13	2926.0	65.0
5.7261884E13	2918.0	64.0
5.7261892E13	2918.0	65.0
5.7261905E13	2918.0	66.0
5.7261913E13	2918.0	68.0
5.726192E13	2918.0	69.0
5.7261934E13	2918.0	71.0
5.7261943E13	2918.0	73.0
5.726195E13	2918.0	75.0
5.7261964E13	2912.0	77.0
5.726197E13	2912.0	78.0
5.7261985E13	2912.0	79.0
5.7261993E13	2903.0	79.0
5.7262E13	2903.0	76.0
5.7262014E13	2903.0	75.0
5.7262022E13	2903.0	75.0
5.7262035E13	2901.0	75.0
5.7262043E13	2901.0	75.0
5.726205E13	2901.0	77.0
5.7262064E13	2901.0	78.0
5.7262073E13	2913.0	79.0
5.726208E13	2913.0	80.0
5.7262094E13	2913.0	81.0
5.72621E13	2950.0	82.0
5.7262115E13	2950.0	81.0
5.7262123E13	2950.0	79.0
5.726213E13	3040.0	77.0
5.7262144E13	3040.0	77.0
5.7262152E13	3040.0	75.0
5.7262165E13	3040.0	73.0
5.7262173E13	3040.0	72.0
5.726218E13	3216.0	72.0
5.7262194E13	3216.0	72.0
5.7262203E13	3216.0	73.0
5.726221E13	3216.0	75.0
5.7262224E13	3723.0	79.0
5.726223E13	3723.0	82.0
5.7262245E13	3723.0	83.0
5.7262253E13	3723.0	86.0
5.726226E13	6213.0	87.0
5.7262274E13	6213.0	84.0
5.7262282E13	6213.0	81.0
5.7262295E13	13233.0	81.0
5.7262303E13	13233.0	79.0
5.726231E13	13233.0	77.0
5.7262324E13	13233.0	75.0
5.7262333E13	18277.0	74.0
5.7262345E13	18277.0	72.0
5.7262354E13	18277.0	71.0
5.726236E13	18277.0	70.0
5.7262375E13	0.0	69.0
5.7262383E13	0.0	69.0
5.726239E13	0.0	70.0
5.7262404E13	21966.0	71.0
5.7262412E13	21966.0	72.0
5.7262425E13	21966.0	69.0
5.7262433E13	25654.0	68.0
5.726244E13	25654.0	69.0
5.7262454E13	25654.0	72.0
5.7262463E13	0.0	76.0
5.7262475E13	0.0	80.0
5.7262484E13	0.0	79.0
5.726249E13	27950.0	77.0
5.7262505E13	27950.0	75.0
5.7262513E13	27950.0	75.0
5.726252E13	27950.0	75.0
5.7262534E13	27950.0	73.0
5.7262542E13	26407.0	71.0
5.7262555E13	26407.0	70.0
5.7262563E13	26407.0	64.0
5.726257E13	0.0	60.0
5.7262584E13	0.0	59.0
5.7262593E13	0.0	59.0
5.7262605E13	20924.0	62.0
5.7262614E13	20924.0	66.0
5.7262622E13	20924.0	69.0
5.7262635E13	20924.0	71.0
5.7262643E13	18404.0	71.0
5.726265E13	18404.0	71.0
5.7262664E13	18404.0	72.0
5.7262672E13	0.0	73.0
5.7262685E13	0.0	74.0
5.7262693E13	0.0	75.0
5.72627E13	9565.0	76.0
5.7262714E13	9565.0	76.0
5.7262723E13	9565.0	76.0
5.7262735E13	9565.0	76.0
5.7262744E13	4892.0	75.0
5.7262752E13	4892.0	73.0
5.7262765E13	4892.0	73.0
5.7262773E13	4892.0	73.0
5.7262786E13	3801.0	73.0
5.7262794E13	3801.0	72.0
5.7262802E13	3801.0	71.0
5.7262815E13	3801.0	71.0
5.7262823E13	3336.0	71.0
5.726283E13	3336.0	71.0
5.7262844E13	3336.0	71.0
5.7262853E13	3110.0	70.0
5.7262865E13	3110.0	70.0
5.7262874E13	3110.0	70.0
5.7262882E13	3110.0	71.0
5.7262895E13	3006.0	71.0
5.7262903E13	3006.0	71.0
5.7262916E13	3006.0	71.0
5.7262924E13	3006.0	70.0
5.7262932E13	2960.0	69.0
5.7262945E13	2960.0	69.0
5.7262953E13	2960.0	68.0
5.726296E13	2931.0	68.0
5.7262974E13	2931.0	68.0
5.7262983E13	2931.0	67.0
5.7262995E13	2931.0	66.0
5.7263004E13	2910.0	66.0
5.7263012E13	2910.0	66.0
5.7263025E13	2910.0	68.0
5.7263033E13	2894.0	71.0
5.7263046E13	2894.0	73.0
5.7263054E13	2894.0	75.0
5.7263063E13	2894.0	76.0
5.7263075E13	2889.0	78.0
5.7263083E13	2889.0	79.0
5.7263096E13	2889.0	79.0
5.7263104E13	2876.0	80.0
5.7263113E13	2876.0	80.0
5.7263125E13	2876.0	78.0
5.7263134E13	2876.0	75.0
5.7263142E13	2884.0	73.0
5.7263155E13	2884.0	73.0
5.7263163E13	2884.0	74.0
5.7263176E13	2884.0	76.0
5.7263184E13	2896.0	78.0
5.7263193E13	2896.0	79.0
5.7263205E13	2896.0	79.0
5.7263214E13	2896.0	79.0
5.7263226E13	2927.0	78.0
5.7263234E13	2927.0	77.0
5.7263243E13	2927.0	75.0
5.7263255E13	2990.0	74.0
5.7263264E13	2990.0	72.0
5.7263272E13	2990.0	72.0
5.7263285E13	2990.0	71.0
5.7263293E13	3120.0	72.0
5.7263306E13	3120.0	72.0
5.7263314E13	3120.0	73.0
5.7263323E13	3120.0	75.0
5.7263335E13	3387.0	81.0
5.7263344E13	3387.0	83.0
5.7263356E13	3387.0	84.0
5.7263365E13	3387.0	83.0
5.7263373E13	3997.0	83.0
5.7263385E13	3997.0	82.0
5.7263394E13	3997.0	79.0
5.7263402E13	6793.0	76.0
5.7263415E13	6793.0	74.0
5.7263423E13	6793.0	72.0
5.7263436E13	6793.0	71.0
5.7263444E13	13546.0	73.0
5.7263453E13	13546.0	73.0
5.7263465E13	13546.0	71.0
5.7263474E13	13546.0	69.0
5.7263486E13	17558.0	70.0
5.7263495E13	17558.0	71.0
5.7263503E13	17558.0	72.0
5.7263516E13	0.0	74.0
5.7263524E13	0.0	76.0
5.7263536E13	0.0	75.0
5.7263545E13	0.0	75.0
5.7263553E13	21922.0	70.0
5.7263566E13	21922.0	70.0
5.7263574E13	21922.0	69.0
5.7263583E13	23131.0	74.0
5.7263595E13	23131.0	74.0
5.7263604E13	23131.0	77.0
5.7263616E13	23131.0	79.0
5.7263625E13	0.0	80.0
5.7263633E13	0.0	77.0
5.7263646E13	0.0	75.0
5.7263654E13	24551.0	73.0
5.7263662E13	24551.0	71.0
5.7263675E13	24551.0	70.0
5.7263683E13	24551.0	70.0
5.7263696E13	21665.0	68.0
5.7263704E13	21665.0	11.0
5.7263717E13	21665.0	63.0
5.7263725E13	0.0	61.0
5.7263734E13	0.0	59.0
5.7263746E13	0.0	60.0
5.7263755E13	19476.0	63.0
5.7263763E13	19476.0	68.0
5.7263776E13	19476.0	71.0
5.7263784E13	19476.0	71.0
5.7263797E13	17015.0	71.0
5.7263805E13	17015.0	72.0
5.7263813E13	17015.0	72.0
5.7263826E13	0.0	73.0
5.7263834E13	0.0	74.0
5.7263843E13	0.0	75.0
5.7263855E13	6543.0	76.0
5.7263864E13	6543.0	77.0
5.7263876E13	6543.0	78.0
5.7263885E13	6543.0	78.0
5.7263893E13	3976.0	77.0
5.7263906E13	3976.0	75.0
5.7263914E13	3976.0	74.0
5.7263927E13	3976.0	73.0
5.7263935E13	3397.0	72.0
5.7263943E13	3397.0	72.0
5.7263956E13	3397.0	72.0
5.7263964E13	3397.0	72.0
5.7263977E13	3086.0	72.0
5.7263985E13	3086.0	72.0
5.7263994E13	3086.0	73.0
5.7264006E13	2949.0	72.0
5.7264015E13	2949.0	74.0
5.7264023E13	2949.0	77.0
5.7264036E13	2949.0	77.0
5.7264044E13	2876.0	74.0
5.7264057E13	2876.0	73.0
5.7264065E13	2876.0	72.0
5.7264073E13	2876.0	71.0
5.7264086E13	2835.0	70.0
5.7264094E13	2835.0	69.0
5.7264107E13	2835.0	68.0
5.7264115E13	2815.0	65.0
5.7264124E13	2815.0	65.0
5.7264136E13	2815.0	64.0
5.7264145E13	2815.0	63.0
5.7264157E13	2810.0	63.0
5.7264166E13	2810.0	66.0
5.7264174E13	2810.0	69.0
5.7264187E13	2810.0	71.0
5.7264195E13	2806.0	73.0
5.7264203E13	2806.0	74.0
5.7264216E13	2806.0	74.0
5.7264224E13	2795.0	75.0
5.7264237E13	2795.0	75.0
5.7264245E13	2795.0	77.0
5.7264254E13	2795.0	79.0
5.7264266E13	2787.0	80.0
5.7264275E13	2787.0	81.0
5.7264283E13	2787.0	81.0
5.7264296E13	2787.0	80.0
5.7264304E13	2792.0	79.0
5.7264317E13	2792.0	79.0
5.7264325E13	2792.0	79.0
5.7264333E13	2792.0	80.0
5.7264346E13	2815.0	81.0
5.7264354E13	2815.0	82.0
5.7264367E13	2815.0	83.0
5.7264375E13	2815.0	83.0
5.7264384E13	2867.0	82.0
5.7264396E13	2867.0	81.0
5.7264405E13	2867.0	80.0
5.7264413E13	2974.0	78.0
5.7264426E13	2974.0	76.0
5.7264434E13	2974.0	74.0
5.7264447E13	2974.0	74.0
5.7264455E13	3199.0	74.0
5.7264463E13	3199.0	75.0
5.7264476E13	3199.0	78.0
5.7264484E13	3199.0	81.0
5.7264497E13	3856.0	84.0
5.7264505E13	3856.0	85.0
5.7264514E13	3856.0	87.0
5.7264526E13	3856.0	87.0
5.7264535E13	6447.0	86.0
5.7264547E13	6447.0	84.0
5.7264556E13	6447.0	81.0
5.7264564E13	12625.0	78.0
5.7264577E13	12625.0	77.0
5.7264585E13	12625.0	76.0
5.7264593E13	12625.0	74.0
5.7264606E13	17051.0	72.0
5.7264614E13	17051.0	71.0
5.7264627E13	17051.0	73.0
5.7264635E13	17051.0	74.0
5.7264644E13	0.0	76.0
5.7264656E13	0.0	76.0
5.7264665E13	0.0	74.0
5.7264677E13	21905.0	72.0
5.7264686E13	21905.0	69.0
5.7264694E13	21905.0	69.0
5.7264707E13	21905.0	71.0
5.7264715E13	22435.0	74.0
5.7264728E13	22435.0	78.0
5.7264736E13	22435.0	81.0
5.7264744E13	0.0	80.0
5.7264757E13	0.0	78.0
5.7264765E13	0.0	77.0
5.7264774E13	23490.0	76.0
5.7264786E13	23490.0	75.0
5.7264795E13	23490.0	73.0
5.7264807E13	23490.0	70.0
5.7264816E13	21189.0	66.0
5.7264824E13	21189.0	63.0
5.7264837E13	21189.0	61.0
5.7264845E13	0.0	59.0
5.7264858E13	0.0	60.0
5.7264866E13	0.0	64.0
5.7264874E13	13762.0	69.0
5.7264887E13	13762.0	73.0
5.7264895E13	13762.0	73.0
5.7264904E13	13762.0	73.0
5.7264916E13	9697.0	73.0
5.7264925E13	9697.0	74.0
5.7264937E13	9697.0	75.0
5.7264946E13	0.0	75.0
5.7264954E13	0.0	76.0
5.7264967E13	0.0	76.0
5.7264975E13	4242.0	78.0
5.7264988E13	4242.0	78.0
5.7264996E13	4242.0	77.0
5.7265004E13	4242.0	76.0
5.7265017E13	3552.0	75.0
5.7265025E13	3552.0	74.0
5.7265034E13	3552.0	73.0
5.7265046E13	3137.0	70.0
5.7265055E13	3137.0	70.0
5.7265067E13	3137.0	70.0
5.7265076E13	3137.0	70.0
5.7265084E13	3137.0	71.0
5.7265097E13	2978.0	72.0
5.7265105E13	2978.0	72.0
5.7265118E13	2978.0	74.0
5.7265126E13	2910.0	75.0
5.7265135E13	2910.0	74.0
5.7265147E13	2910.0	73.0
5.7265155E13	2910.0	71.0
5.726517E13	2883.0	70.0
5.7265176E13	2883.0	69.0
5.7265185E13	2883.0	66.0
5.7265197E13	2883.0	65.0
5.7265206E13	2859.0	65.0
5.7265214E13	2859.0	66.0
5.7265227E13	2859.0	66.0
5.7265235E13	2835.0	66.0
5.7265248E13	2835.0	65.0
5.7265256E13	2835.0	65.0
5.7265265E13	2835.0	64.0
5.7265277E13	2821.0	64.0
5.7265285E13	2821.0	66.0
5.72653E13	2821.0	69.0
5.7265306E13	2821.0	71.0
5.7265315E13	2815.0	73.0
5.7265327E13	2815.0	76.0
5.7265336E13	2815.0	79.0
5.7265344E13	2815.0	80.0
5.7265357E13	2796.0	79.0
5.7265365E13	2796.0	80.0
5.7265378E13	2796.0	82.0
5.7265386E13	2784.0	84.0
5.7265395E13	2784.0	85.0
5.7265407E13	2784.0	83.0
5.7265416E13	2784.0	80.0
5.726543E13	2789.0	77.0
5.7265436E13	2789.0	75.0
5.7265445E13	2789.0	75.0
5.7265457E13	2789.0	75.0
5.7265466E13	2818.0	76.0
5.7265474E13	2818.0	76.0
5.7265487E13	2818.0	75.0
5.7265495E13	2818.0	73.0
5.7265508E13	2878.0	71.0
5.7265516E13	2878.0	69.0
5.7265525E13	2878.0	67.0
5.7265537E13	2986.0	67.0
5.7265546E13	2986.0	67.0
5.726556E13	2986.0	68.0
5.7265567E13	2986.0	71.0
5.7265575E13	3173.0	74.0
5.7265587E13	3173.0	77.0
5.7265596E13	3173.0	79.0
5.726561E13	3173.0	82.0
5.7265617E13	3634.0	84.0
5.7265625E13	3634.0	84.0
5.7265638E13	3634.0	83.0
5.7265646E13	3634.0	82.0
5.7265655E13	4239.0	81.0
5.7265667E13	4239.0	81.0
5.7265676E13	4239.0	82.0
5.726569E13	7205.0	77.0
5.7265697E13	7205.0	75.0
5.7265705E13	7205.0	75.0
5.7265718E13	7205.0	73.0
5.7265726E13	10275.0	71.0
5.726574E13	10275.0	69.0
5.7265747E13	10275.0	69.0
5.7265755E13	10275.0	69.0
5.7265768E13	0.0	69.0
5.7265776E13	0.0	70.0
5.7265785E13	0.0	71.0
5.7265797E13	17640.0	71.0
5.7265806E13	17640.0	70.0
5.726582E13	17640.0	69.0
5.7265827E13	17640.0	67.0
5.7265835E13	19143.0	67.0
5.7265848E13	19143.0	70.0
5.7265856E13	19143.0	75.0
5.726587E13	0.0	81.0
5.7265877E13	0.0	80.0
5.7265885E13	0.0	79.0
5.7265898E13	20771.0	78.0
5.7265906E13	20771.0	76.0
5.7265915E13	20771.0	74.0
5.7265927E13	20771.0	73.0
5.7265936E13	21381.0	70.0
5.726595E13	21381.0	67.0
5.7265957E13	21381.0	64.0
5.7265965E13	0.0	62.0
5.7266E13	13953.0	67.0
5.7266007E13	13953.0	70.0
5.7266015E13	13953.0	71.0
5.7266028E13	13953.0	71.0
5.7266036E13	12318.0	73.0
5.726605E13	12318.0	77.0
5.7266057E13	12318.0	77.0
5.7266066E13	0.0	78.0
5.726608E13	0.0	81.0
5.7266087E13	4550.0	81.0
5.7266095E13	4550.0	81.0
5.7266108E13	4550.0	81.0
5.7266116E13	4550.0	79.0
5.726613E13	4550.0	78.0
5.7266137E13	3602.0	76.0
5.7266145E13	3602.0	75.0
5.726616E13	3602.0	75.0
5.7266166E13	3602.0	74.0
5.726618E13	3143.0	73.0
5.7266187E13	3143.0	72.0
5.7266196E13	3143.0	72.0
5.726621E13	3143.0	73.0
5.7266217E13	2966.0	73.0
5.7266225E13	2966.0	72.0
5.7266238E13	2966.0	72.0
5.7266246E13	2886.0	74.0
5.726626E13	2886.0	76.0
5.7266267E13	2886.0	76.0
5.7266275E13	2886.0	76.0
5.726629E13	2849.0	75.0
5.7266296E13	2849.0	74.0
5.726631E13	2849.0	74.0
5.7266317E13	2849.0	73.0
5.7266326E13	2820.0	70.0
5.726634E13	2820.0	69.0
5.7266347E13	2820.0	69.0
5.7266355E13	2797.0	69.0
5.7266368E13	2797.0	69.0
5.7266376E13	2797.0	69.0
5.726639E13	2797.0	68.0
5.7266397E13	2786.0	66.0
5.7266405E13	2786.0	64.0
5.726642E13	2786.0	65.0
5.7266426E13	2786.0	66.0
5.726644E13	2778.0	68.0
5.7266447E13	2778.0	70.0
5.7266456E13	2778.0	72.0
5.726647E13	2778.0	76.0
5.7266477E13	2769.0	78.0
5.726649E13	2769.0	78.0
5.7266498E13	2769.0	79.0
5.7266506E13	2750.0	80.0
5.726652E13	2750.0	82.0
5.7266527E13	2750.0	85.0
5.7266535E13	2750.0	86.0
5.726655E13	2742.0	84.0
5.7266556E13	2742.0	81.0
5.726657E13	2742.0	78.0
5.7266577E13	2742.0	77.0
5.7266586E13	2746.0	77.0
5.72666E13	2746.0	77.0
5.7266607E13	2746.0	77.0
5.726662E13	2746.0	76.0
5.7266628E13	2773.0	76.0
5.7266636E13	2773.0	76.0
5.726665E13	2773.0	76.0
5.7266657E13	2841.0	76.0
5.7266665E13	2841.0	75.0
5.726668E13	2841.0	74.0
5.7266686E13	2841.0	73.0
5.72667E13	2954.0	72.0
5.7266707E13	2954.0	72.0
5.7266716E13	2954.0	73.0
5.726673E13	2954.0	74.0
5.7266737E13	3165.0	77.0
5.726675E13	3165.0	81.0
5.7266758E13	3165.0	83.0
5.7266766E13	3165.0	84.0
5.726678E13	3664.0	85.0
5.7266787E13	3664.0	85.0
5.72668E13	3664.0	84.0
5.726681E13	4462.0	83.0
5.7266816E13	4462.0	81.0
5.726683E13	4462.0	79.0
5.7266837E13	4462.0	77.0
5.7266846E13	10387.0	75.0
5.726686E13	10387.0	74.0
5.7266867E13	10387.0	72.0
5.726688E13	10387.0	71.0
5.7266888E13	16322.0	70.0
5.7266896E13	16322.0	68.0
5.726691E13	16322.0	69.0
5.7266917E13	0.0	70.0
5.726693E13	0.0	71.0
5.726694E13	0.0	73.0
5.7266946E13	21650.0	74.0
5.726696E13	21650.0	72.0
5.7266967E13	21650.0	69.0
5.7266976E13	23542.0	66.0
5.726699E13	23542.0	67.0
5.7266997E13	23542.0	70.0
5.726701E13	23542.0	70.0
5.7267018E13	0.0	77.0
5.7267026E13	0.0	77.0
5.726704E13	0.0	80.0
5.7267047E13	25647.0	80.0
5.726706E13	25647.0	76.0
5.726707E13	25647.0	73.0
5.7267076E13	23509.0	72.0
5.726709E13	23509.0	73.0
5.7267097E13	23509.0	73.0
5.726711E13	0.0	70.0
5.726712E13	0.0	70.0
5.7267127E13	0.0	66.0
5.726714E13	0.0	63.0
5.7267148E13	18421.0	61.0
5.7267156E13	18421.0	61.0
5.726717E13	18421.0	65.0
5.7267177E13	18421.0	70.0
5.726719E13	13515.0	74.0
5.72672E13	13515.0	74.0
5.726721E13	13515.0	73.0
5.726722E13	0.0	72.0
5.7267227E13	0.0	73.0
5.726724E13	0.0	75.0
5.726725E13	6945.0	75.0
5.7267257E13	6945.0	76.0
5.726727E13	6945.0	77.0
5.7267278E13	6945.0	78.0
5.7267286E13	4147.0	78.0
5.72673E13	4147.0	78.0
5.7267307E13	4147.0	78.0
5.726732E13	4147.0	77.0
5.726733E13	3554.0	77.0
5.7267337E13	3554.0	77.0
5.726735E13	3554.0	76.0
5.7267357E13	3554.0	75.0
5.726737E13	3127.0	74.0
5.726738E13	3127.0	73.0
5.7267387E13	3127.0	73.0
5.72674E13	2932.0	73.0
5.7267408E13	2932.0	74.0
5.7267416E13	2932.0	75.0
5.726743E13	2932.0	76.0
5.7267437E13	2828.0	76.0
5.726745E13	2828.0	77.0
5.726746E13	2828.0	78.0
5.7267467E13	2828.0	77.0
5.726748E13	2786.0	75.0
5.7267488E13	2786.0	72.0
5.72675E13	2786.0	70.0
5.726751E13	2761.0	69.0
5.7267517E13	2761.0	70.0
5.726753E13	2761.0	72.0
5.7267538E13	2761.0	72.0
5.7267546E13	2756.0	69.0
5.726756E13	2756.0	62.0
5.7267567E13	2756.0	62.0
5.726758E13	2756.0	60.0
5.726759E13	2760.0	59.0
5.7267597E13	2760.0	61.0
5.726761E13	2760.0	63.0
5.7267618E13	2760.0	65.0
5.726763E13	2769.0	66.0
5.726764E13	2769.0	69.0
5.7267647E13	2769.0	72.0
5.726766E13	2763.0	73.0
5.7267668E13	2763.0	75.0
5.726768E13	2763.0	77.0
5.726769E13	2763.0	80.0
5.7267697E13	2749.0	83.0
5.726771E13	2749.0	87.0
5.726772E13	2749.0	87.0
5.7267727E13	2749.0	84.0
5.726774E13	2747.0	81.0
5.7267748E13	2747.0	79.0
5.726776E13	2747.0	78.0
5.726777E13	2747.0	77.0
5.7267777E13	2770.0	77.0
5.726779E13	2770.0	76.0
5.7267798E13	2770.0	75.0
5.726781E13	2822.0	76.0
5.726782E13	2822.0	77.0
5.7267827E13	2822.0	78.0
5.726784E13	2822.0	78.0
5.726785E13	2899.0	78.0
5.7267857E13	2899.0	77.0
5.726787E13	2899.0	76.0
5.7267878E13	2899.0	75.0
5.726789E13	3028.0	74.0
5.72679E13	3028.0	73.0
5.7267907E13	3028.0	73.0
5.726792E13	3028.0	75.0
5.726793E13	3255.0	77.0
5.726794E13	3255.0	80.0
5.726795E13	3255.0	83.0
5.7267957E13	3789.0	86.0
5.726797E13	3789.0	88.0
5.726798E13	3789.0	86.0
5.7267987E13	5632.0	81.0
5.7268E13	5632.0	82.0
5.7268008E13	5632.0	80.0
5.726802E13	5632.0	80.0
5.726803E13	11456.0	73.0
5.7268037E13	11456.0	73.0
5.726805E13	11456.0	70.0
5.726806E13	11456.0	69.0
5.726807E13	11456.0	68.0
5.726808E13	14990.0	66.0
5.7268087E13	14990.0	40.0
5.72681E13	0.0	76.0
5.726811E13	0.0	75.0
5.726812E13	0.0	71.0
5.726813E13	0.0	71.0
5.7268138E13	20521.0	68.0
5.726815E13	20521.0	68.0
5.726816E13	20521.0	69.0
5.7268167E13	20521.0	72.0
5.726818E13	21898.0	76.0
5.726819E13	21898.0	78.0
5.72682E13	21898.0	78.0
5.726821E13	0.0	77.0
5.7268217E13	0.0	76.0
5.726823E13	0.0	76.0
5.726824E13	21032.0	75.0
5.726825E13	21032.0	72.0
5.726826E13	21032.0	70.0
5.7268268E13	21032.0	67.0
5.726828E13	20036.0	64.0
5.726829E13	20036.0	61.0
5.72683E13	20036.0	58.0
5.726831E13	0.0	57.0
5.726832E13	0.0	58.0
5.726833E13	0.0	61.0
5.726834E13	17147.0	65.0
5.7268347E13	17147.0	69.0
5.726836E13	17147.0	73.0
5.726837E13	17147.0	75.0
5.726838E13	11703.0	75.0
5.726839E13	11703.0	75.0
5.72684E13	11703.0	76.0
5.726841E13	0.0	77.0
5.726842E13	0.0	77.0
5.726843E13	0.0	78.0
5.726844E13	4385.0	79.0
5.726845E13	4385.0	79.0
5.726846E13	4385.0	79.0
5.726847E13	4385.0	79.0
5.7268477E13	3567.0	79.0
5.726849E13	3567.0	78.0
5.72685E13	3567.0	77.0
5.726851E13	3567.0	76.0
5.726852E13	3139.0	75.0
5.7268528E13	3139.0	56.0
5.726854E13	3139.0	74.0
5.726855E13	3139.0	74.0
5.726856E13	2984.0	74.0
5.726857E13	2984.0	74.0
5.726858E13	2925.0	74.0
5.726859E13	2925.0	74.0
5.72686E13	2925.0	76.0
5.7268607E13	2925.0	77.0
5.726862E13	2925.0	76.0
5.726863E13	2900.0	74.0
5.726864E13	2900.0	71.0
5.726865E13	2900.0	71.0
5.7268658E13	2890.0	72.0
5.726867E13	2890.0	73.0
5.726868E13	2890.0	73.0
5.72687E13	2874.0	71.0
5.726871E13	2874.0	68.0
5.726872E13	2874.0	67.0
5.726873E13	2869.0	66.0
5.7268737E13	2869.0	66.0
5.726875E13	2869.0	66.0
5.726876E13	2869.0	68.0
5.726877E13	2871.0	72.0
5.726878E13	2871.0	73.0
5.7268788E13	2871.0	75.0
5.72688E13	2871.0	77.0
5.726881E13	2866.0	78.0
5.726882E13	2866.0	78.0
5.726883E13	2866.0	79.0
5.726884E13	2856.0	82.0
5.726885E13	2856.0	82.0
5.726886E13	2856.0	86.0
5.726887E13	2856.0	86.0
5.726888E13	2858.0	86.0
5.72689E13	2858.0	79.0
5.726891E13	2858.0	79.0
5.7268918E13	2858.0	77.0
5.726893E13	2867.0	76.0
5.726894E13	2867.0	76.0
5.726895E13	2867.0	76.0
5.726896E13	2867.0	77.0
5.726897E13	2894.0	77.0
5.726898E13	2894.0	76.0
5.726899E13	2894.0	75.0
5.7269E13	2949.0	73.0
5.726901E13	2949.0	70.0
5.726902E13	2949.0	70.0
5.726903E13	2949.0	70.0
5.726904E13	3036.0	70.0
5.7269048E13	3036.0	70.0
5.726906E13	3036.0	72.0
5.726907E13	3036.0	74.0
5.726908E13	3181.0	77.0
5.726909E13	3181.0	79.0
5.72691E13	3181.0	83.0
5.726911E13	3181.0	83.0
5.726912E13	3521.0	85.0
5.726913E13	3521.0	88.0
5.726915E13	4213.0	82.0
5.726916E13	4213.0	78.0
5.7269178E13	4213.0	77.0
5.726919E13	8779.0	78.0
5.72692E13	8779.0	78.0
5.726921E13	8779.0	78.0
5.726922E13	8779.0	75.0
5.726923E13	12582.0	72.0
5.726924E13	12582.0	70.0
5.726925E13	12582.0	68.0
5.726926E13	0.0	67.0
5.726927E13	0.0	69.0
5.726928E13	0.0	72.0
5.726929E13	19652.0	75.0
5.72693E13	19652.0	75.0
5.7269308E13	19652.0	73.0
5.726932E13	19652.0	70.0
5.726933E13	20532.0	70.0
5.726934E13	20532.0	71.0
5.726935E13	20532.0	75.0
5.726936E13	0.0	77.0
5.726937E13	0.0	78.0
5.726938E13	0.0	80.0
5.726939E13	20963.0	79.0
5.72694E13	20963.0	76.0
5.726942E13	20963.0	72.0
5.726943E13	21640.0	71.0
5.726944E13	21640.0	71.0
5.726945E13	21640.0	70.0
5.726946E13	0.0	67.0
5.726947E13	0.0	65.0
5.726948E13	0.0	63.0
5.726949E13	13756.0	61.0
5.72695E13	13756.0	61.0
5.726951E13	13756.0	64.0
5.726952E13	13756.0	67.0
5.726953E13	9016.0	71.0
5.726954E13	9016.0	72.0
5.726955E13	9016.0	75.0
5.726956E13	0.0	77.0
5.726957E13	0.0	78.0
5.726958E13	0.0	80.0
5.726959E13	4046.0	80.0
5.72696E13	4046.0	81.0
5.726961E13	4046.0	82.0
5.7269622E13	4046.0	83.0
5.726963E13	3466.0	82.0
5.726964E13	3466.0	80.0
5.726965E13	3466.0	79.0
5.726966E13	3466.0	78.0
5.726967E13	3128.0	76.0
5.726968E13	3128.0	75.0
5.726969E13	3128.0	75.0
5.7269702E13	3128.0	74.0
5.726971E13	2978.0	74.0
5.726972E13	2978.0	73.0
5.726973E13	2978.0	73.0
5.726974E13	2911.0	74.0
5.7269752E13	2911.0	75.0
5.726976E13	2911.0	76.0
5.726977E13	2911.0	76.0
5.726978E13	2880.0	75.0
5.726979E13	2880.0	75.0
5.72698E13	2880.0	74.0
5.726981E13	2880.0	73.0
5.726982E13	2871.0	73.0
5.7269832E13	2871.0	72.0
5.726984E13	2860.0	70.0
5.726985E13	2860.0	70.0
5.726986E13	2860.0	70.0
5.726987E13	2860.0	70.0
5.7269882E13	2853.0	70.0
5.726989E13	2853.0	68.0
5.72699E13	2853.0	68.0
5.726991E13	2853.0	65.0
5.726992E13	2847.0	64.0
5.7269933E13	2847.0	64.0
5.726994E13	2847.0	66.0
5.726995E13	2847.0	68.0
5.7269962E13	2847.0	70.0
5.726997E13	2848.0	72.0
5.726998E13	2848.0	75.0
5.726999E13	2848.0	76.0
5.727E13	2837.0	77.0
5.7270012E13	2837.0	79.0
5.727002E13	2837.0	82.0
5.727003E13	2833.0	89.0
5.727004E13	2833.0	89.0
5.727005E13	2833.0	87.0
5.7270063E13	2833.0	87.0
5.727007E13	2831.0	81.0
5.727008E13	2831.0	81.0
5.7270092E13	2831.0	80.0
5.72701E13	2831.0	79.0
5.727011E13	2831.0	77.0
5.727012E13	2847.0	75.0
5.727013E13	2847.0	72.0
5.7270143E13	2880.0	73.0
5.727015E13	2880.0	74.0
5.727016E13	2880.0	75.0
5.727017E13	2880.0	75.0
5.727018E13	2880.0	75.0
5.7270193E13	2944.0	75.0
5.72702E13	2944.0	74.0
5.727021E13	2944.0	73.0
5.7270222E13	2944.0	73.0
5.727023E13	3060.0	73.0
5.727024E13	3060.0	74.0
5.727025E13	3060.0	76.0
5.727026E13	3060.0	78.0
5.7270273E13	3282.0	81.0
5.727028E13	3282.0	84.0
5.727029E13	3282.0	86.0
5.72703E13	3814.0	88.0
5.727031E13	3814.0	89.0
5.7270323E13	3814.0	86.0
5.727033E13	3814.0	81.0
5.727034E13	5165.0	78.0
5.7270352E13	5165.0	77.0
5.727036E13	5165.0	77.0
5.727037E13	5165.0	75.0
5.727038E13	9695.0	72.0
5.727039E13	9695.0	71.0
5.7270403E13	9695.0	70.0
5.727041E13	9695.0	69.0
5.727042E13	13306.0	71.0
5.727043E13	13306.0	72.0
5.727044E13	13306.0	74.0
5.7270453E13	0.0	73.0
5.727046E13	0.0	71.0
5.727047E13	0.0	68.0
5.7270482E13	19580.0	67.0
5.727049E13	19580.0	68.0
5.7270503E13	19580.0	73.0
5.727051E13	19580.0	77.0
5.727052E13	19860.0	79.0
5.7270533E13	19860.0	80.0
5.727054E13	19860.0	79.0
5.727055E13	0.0	77.0
5.727056E13	0.0	76.0
5.727057E13	0.0	76.0
5.7270583E13	19962.0	76.0
5.727059E13	19962.0	74.0
5.72706E13	19962.0	71.0
5.7270612E13	19962.0	69.0
5.727062E13	15894.0	66.0
5.7270633E13	15894.0	63.0
5.727064E13	15894.0	60.0
5.727065E13	0.0	59.0
5.7270663E13	0.0	61.0
5.727067E13	0.0	66.0
5.727068E13	11746.0	70.0
5.727069E13	11746.0	74.0
5.72707E13	11746.0	75.0
5.7270713E13	11746.0	75.0
5.727072E13	7347.0	75.0
5.727073E13	7347.0	77.0
5.7270742E13	7347.0	77.0
5.727075E13	0.0	78.0
5.7270763E13	0.0	78.0
5.727077E13	0.0	79.0
5.727078E13	3735.0	79.0
5.7270793E13	3735.0	79.0
5.72708E13	3735.0	79.0
5.727081E13	3735.0	79.0
5.727082E13	3213.0	77.0
5.727083E13	3213.0	74.0
5.7270843E13	3213.0	74.0
5.727085E13	3213.0	74.0
5.7270864E13	2988.0	73.0
5.7270872E13	2988.0	73.0
5.727088E13	2988.0	72.0
5.7270893E13	2988.0	73.0
5.72709E13	2885.0	75.0
5.727091E13	2885.0	76.0
5.7270923E13	2885.0	75.0
5.727093E13	2840.0	75.0
5.7270944E13	2840.0	75.0
5.727095E13	2840.0	74.0
5.727096E13	2840.0	74.0
5.7270973E13	2820.0	73.0
5.727098E13	2820.0	72.0
5.727099E13	2820.0	71.0
5.7271002E13	2820.0	70.0
5.727101E13	2804.0	70.0
5.7271023E13	2804.0	70.0
5.727103E13	2804.0	70.0
5.727104E13	2792.0	68.0
5.7271053E13	2792.0	67.0
5.727106E13	2792.0	67.0
5.7271074E13	2792.0	66.0
5.727108E13	2783.0	65.0
5.727109E13	2783.0	65.0
5.7271103E13	2783.0	67.0
5.727111E13	2783.0	69.0
5.7271132E13	2784.0	76.0
5.727114E13	2784.0	70.0
5.7271153E13	2781.0	77.0
5.727116E13	2781.0	78.0
5.727117E13	2781.0	78.0
5.7271183E13	2781.0	80.0
5.727119E13	2775.0	81.0
5.7271204E13	2775.0	82.0
5.727121E13	2775.0	82.0
5.727122E13	2775.0	82.0
5.7271233E13	2780.0	81.0
5.727124E13	2780.0	80.0
5.7271254E13	2780.0	80.0
5.7271262E13	2780.0	80.0
5.727127E13	2780.0	80.0
5.7271283E13	2780.0	79.0
5.727129E13	2780.0	79.0
5.72713E13	2780.0	79.0
5.7271313E13	2800.0	79.0
5.727132E13	2800.0	79.0
5.7271334E13	2800.0	80.0
5.727134E13	2847.0	80.0
5.727135E13	2847.0	80.0
5.7271363E13	2847.0	79.0
5.727137E13	2847.0	79.0
5.7271384E13	2931.0	79.0
5.7271392E13	2931.0	78.0
5.72714E13	2931.0	79.0
5.7271413E13	2931.0	80.0
5.727142E13	3103.0	81.0
5.727143E13	3103.0	82.0
5.7271443E13	3103.0	84.0
5.727145E13	3103.0	86.0
5.7271464E13	3522.0	87.0
5.727147E13	3522.0	85.0
5.727148E13	3522.0	83.0
5.7271493E13	4209.0	82.0
5.72715E13	4209.0	83.0
5.7271514E13	4209.0	83.0
5.7271522E13	4209.0	83.0
5.727153E13	8403.0	81.0
5.7271543E13	8403.0	78.0
5.727155E13	8403.0	77.0
5.727157E13	13375.0	77.0
5.7271573E13	13375.0	77.0
5.727158E13	13375.0	76.0
5.72716E13	0.0	74.0
5.7271602E13	0.0	74.0
5.727161E13	0.0	74.0
5.7271623E13	0.0	76.0
5.727163E13	18316.0	73.0
5.7271644E13	18316.0	73.0
5.7271652E13	18316.0	69.0
5.727166E13	18316.0	70.0
5.7271673E13	17320.0	72.0
5.727168E13	17320.0	77.0
5.7271694E13	17320.0	82.0
5.7271703E13	0.0	84.0
5.727171E13	0.0	80.0
5.7271724E13	0.0	78.0
5.7271732E13	20058.0	76.0
5.727174E13	20058.0	75.0
5.7271753E13	20058.0	75.0
5.727176E13	20058.0	73.0
5.7271774E13	15763.0	71.0
5.7271782E13	15763.0	66.0
5.7271795E13	0.0	63.0
5.7271803E13	0.0	63.0
5.727181E13	0.0	60.0
5.7271824E13	0.0	59.0
5.7271833E13	9345.0	61.0
5.727184E13	9345.0	65.0
5.7271854E13	9345.0	70.0
5.7271862E13	9345.0	73.0
5.727187E13	6283.0	75.0
5.7271883E13	6283.0	77.0
5.727189E13	6283.0	80.0
5.7271904E13	6283.0	81.0
5.7271912E13	4027.0	81.0
5.727192E13	4027.0	80.0
5.7271933E13	4027.0	80.0
5.727194E13	3449.0	80.0
5.7271954E13	3449.0	79.0
5.7271963E13	3449.0	78.0
5.727197E13	3449.0	78.0
5.7271984E13	3025.0	77.0
5.7271992E13	3025.0	77.0
5.7272E13	3025.0	75.0
5.7272013E13	2851.0	75.0
5.727202E13	2851.0	74.0
5.7272034E13	2851.0	74.0
5.7272043E13	2851.0	75.0
5.727205E13	2766.0	75.0
5.7272063E13	2766.0	76.0
5.727207E13	2766.0	77.0
5.7272084E13	2766.0	77.0
5.7272093E13	2728.0	79.0
5.72721E13	2728.0	79.0
5.7272114E13	2728.0	79.0
5.7272122E13	2699.0	76.0
5.727213E13	2699.0	76.0
5.7272143E13	2699.0	76.0
5.727215E13	2699.0	72.0
5.7272164E13	2699.0	72.0
5.7272173E13	2679.0	71.0
5.7272185E13	2679.0	68.0
5.7272194E13	2679.0	67.0
5.72722E13	2679.0	67.0
5.7272214E13	2666.0	65.0
5.7272223E13	2666.0	63.0
5.727223E13	2666.0	61.0
5.7272244E13	2661.0	61.0
5.7272252E13	2661.0	63.0
5.7272265E13	2661.0	66.0
5.7272273E13	2661.0	70.0
5.727228E13	2656.0	52.0
5.7272294E13	2656.0	52.0
5.7272303E13	2656.0	52.0
5.727231E13	2656.0	81.0
5.7272324E13	2639.0	82.0
5.727233E13	2639.0	83.0
5.7272345E13	2639.0	83.0
5.7272353E13	2639.0	85.0
5.727236E13	2628.0	85.0
5.7272374E13	2628.0	85.0
5.7272382E13	2628.0	84.0
5.7272395E13	2629.0	81.0
5.7272403E13	2629.0	77.0
5.727241E13	2629.0	75.0
5.7272424E13	2629.0	75.0
5.7272433E13	2640.0	76.0
5.727244E13	2640.0	76.0
5.7272454E13	2640.0	74.0
5.727246E13	2640.0	72.0
5.7272475E13	2675.0	71.0
5.7272483E13	2675.0	69.0
5.727249E13	2675.0	69.0
5.7272504E13	2675.0	69.0
5.7272512E13	2747.0	69.0
5.7272525E13	2747.0	71.0
5.7272533E13	2747.0	73.0
5.727254E13	2887.0	75.0
5.7272554E13	2887.0	76.0
5.7272563E13	2887.0	76.0
5.727257E13	2887.0	74.0
5.7272584E13	3253.0	74.0
5.727259E13	3253.0	75.0
5.7272605E13	3253.0	78.0
5.7272613E13	3253.0	81.0
5.727262E13	4101.0	84.0
5.7272634E13	4101.0	86.0
5.7272642E13	4101.0	84.0
5.7272655E13	4101.0	83.0
5.7272663E13	7655.0	79.0
5.727267E13	7655.0	77.0
5.7272684E13	7655.0	75.0
5.7272693E13	12566.0	71.0
5.7272705E13	12566.0	71.0
5.7272714E13	12566.0	70.0
5.7272726E13	12566.0	70.0
5.7272735E13	0.0	69.0
5.7272747E13	0.0	71.0
5.727275E13	0.0	71.0
5.7272764E13	17434.0	71.0
5.7272772E13	17434.0	72.0
5.7272785E13	17434.0	71.0
5.7272793E13	17434.0	69.0
5.72728E13	19431.0	68.0
5.7272814E13	19431.0	69.0
5.7272823E13	19431.0	71.0
5.7272835E13	0.0	74.0
5.7272844E13	0.0	78.0
5.727285E13	0.0	81.0
5.7272865E13	20292.0	80.0
5.7272873E13	20292.0	77.0
5.727288E13	20292.0	75.0
5.7272894E13	20292.0	74.0
5.7272902E13	20338.0	71.0
5.7272915E13	20338.0	70.0
5.7272923E13	20338.0	69.0
5.727293E13	0.0	67.0
5.7272944E13	0.0	66.0
5.7272953E13	0.0	64.0
5.7272965E13	18110.0	61.0
5.7272974E13	18110.0	59.0
5.727298E13	18110.0	59.0
5.7272995E13	18110.0	62.0
5.7273003E13	16559.0	67.0
5.727301E13	16559.0	71.0
5.7273024E13	16559.0	73.0
5.7273032E13	0.0	75.0
5.7273045E13	0.0	75.0
5.7273053E13	0.0	76.0
5.727306E13	7488.0	78.0
5.7273074E13	7488.0	78.0
5.7273083E13	7488.0	78.0
5.7273095E13	4092.0	78.0
5.7273104E13	4092.0	77.0
5.727311E13	4092.0	77.0
5.7273125E13	4092.0	76.0
5.7273133E13	4092.0	75.0
5.7273146E13	3270.0	74.0
5.7273154E13	3270.0	73.0
5.7273162E13	3270.0	73.0
5.7273175E13	3270.0	72.0
5.7273188E13	2887.0	71.0
5.727319E13	2887.0	71.0
5.7273204E13	2887.0	72.0
5.7273213E13	2748.0	73.0
5.7273225E13	2748.0	73.0
5.7273234E13	2748.0	74.0
5.727324E13	2748.0	76.0
5.7273255E13	2677.0	75.0
5.7273263E13	2677.0	75.0
5.7273276E13	2677.0	74.0
5.7273284E13	2677.0	74.0
5.7273292E13	2645.0	73.0
5.7273305E13	2645.0	71.0
5.7273313E13	2645.0	70.0
5.727332E13	2618.0	69.0
5.7273334E13	2618.0	68.0
5.7273343E13	2618.0	69.0
5.7273355E13	2618.0	69.0
5.7273364E13	2602.0	67.0
5.7273372E13	2602.0	66.0
5.7273385E13	2602.0	65.0
5.7273393E13	2602.0	64.0
5.7273406E13	2597.0	64.0
5.7273414E13	2597.0	66.0
5.7273422E13	2597.0	68.0
5.7273435E13	2597.0	70.0
5.7273443E13	2594.0	72.0
5.7273456E13	2594.0	76.0
5.7273464E13	2594.0	76.0
5.7273473E13	2581.0	76.0
5.7273485E13	2581.0	76.0
5.7273494E13	2581.0	78.0
5.7273502E13	2581.0	80.0
5.7273515E13	2572.0	83.0
5.7273523E13	2572.0	85.0
5.7273536E13	2572.0	85.0
5.7273544E13	2572.0	84.0
5.7273552E13	2574.0	82.0
5.7273565E13	2574.0	80.0
5.7273573E13	2574.0	79.0
5.7273586E13	2574.0	77.0
5.7273594E13	2585.0	76.0
5.7273603E13	2585.0	76.0
5.7273615E13	2585.0	77.0
5.7273624E13	2624.0	78.0
5.7273632E13	2624.0	78.0
5.7273645E13	2624.0	78.0
5.7273653E13	2624.0	78.0
5.7273666E13	2704.0	77.0
5.7273674E13	2704.0	76.0
5.7273682E13	2704.0	75.0
5.7273695E13	2704.0	75.0
5.7273703E13	2874.0	76.0
5.7273716E13	2874.0	77.0
5.7273724E13	2874.0	79.0
5.7273733E13	2874.0	81.0
5.7273745E13	3272.0	83.0
5.7273754E13	3272.0	84.0
5.7273766E13	3272.0	83.0
5.7273775E13	3955.0	84.0
5.7273783E13	3955.0	85.0
5.7273796E13	3955.0	86.0
5.7273804E13	3955.0	85.0
5.7273813E13	7378.0	83.0
5.7273825E13	7378.0	80.0
5.7273833E13	7378.0	79.0
5.7273846E13	7378.0	78.0
5.7273854E13	12960.0	76.0
5.7273863E13	12960.0	74.0
5.7273875E13	12960.0	71.0
5.7273884E13	12960.0	70.0
5.7273896E13	15768.0	71.0
5.7273905E13	15768.0	71.0
5.7273917E13	15768.0	72.0
5.7273926E13	0.0	75.0
5.7273934E13	0.0	77.0
5.7273943E13	0.0	74.0
5.7273955E13	19954.0	71.0
5.7273964E13	19954.0	67.0
5.7273976E13	19954.0	67.0
5.7273984E13	19954.0	70.0
5.7273993E13	19298.0	77.0
5.7274005E13	19298.0	80.0
5.7274014E13	0.0	80.0
5.7274026E13	0.0	80.0
5.7274035E13	0.0	78.0
5.7274043E13	19010.0	78.0
5.7274056E13	19010.0	78.0
5.7274064E13	19010.0	77.0
5.7274073E13	19010.0	76.0
5.7274085E13	19010.0	75.0
5.7274094E13	13028.0	74.0
5.7274106E13	13028.0	71.0
5.7274115E13	13028.0	66.0
5.7274123E13	0.0	61.0
5.7274135E13	0.0	56.0
5.7274144E13	0.0	55.0
5.7274156E13	7607.0	57.0
5.7274165E13	7607.0	63.0
5.7274173E13	7607.0	69.0
5.7274186E13	7607.0	74.0
5.7274203E13	4885.0	78.0
5.7274215E13	4885.0	80.0
5.7274224E13	4885.0	81.0
5.7274236E13	3965.0	80.0
5.7274245E13	3965.0	78.0
5.7274253E13	3965.0	77.0
5.7274266E13	3965.0	77.0
5.7274274E13	3372.0	79.0
5.7274286E13	3372.0	80.0
5.7274295E13	3372.0	81.0
5.7274303E13	2950.0	80.0
5.7274316E13	2950.0	79.0
5.7274324E13	2950.0	78.0
5.7274333E13	2950.0	78.0
5.7274345E13	2760.0	77.0
5.7274354E13	2760.0	76.0
5.7274366E13	2760.0	76.0
5.7274375E13	2760.0	76.0
5.7274383E13	2658.0	76.0
5.7274396E13	2658.0	77.0
5.7274404E13	2658.0	77.0
5.7274416E13	2608.0	77.0
5.7274425E13	2608.0	76.0
5.7274433E13	2608.0	76.0
5.7274446E13	2608.0	74.0
5.7274454E13	2574.0	73.0
5.7274467E13	2574.0	73.0
5.7274475E13	2574.0	73.0
5.7274484E13	2574.0	71.0
5.7274496E13	2553.0	69.0
5.7274505E13	2553.0	67.0
5.7274513E13	2553.0	66.0
5.7274526E13	2553.0	66.0
5.7274534E13	2544.0	66.0
5.7274547E13	2544.0	64.0
5.7274555E13	2544.0	63.0
5.7274563E13	2538.0	63.0
5.7274576E13	2538.0	66.0
5.7274584E13	2538.0	68.0
5.7274597E13	2538.0	70.0
5.7274605E13	2543.0	70.0
5.7274618E13	2543.0	70.0
5.7274626E13	2543.0	73.0
5.7274635E13	2543.0	76.0
5.7274647E13	2532.0	81.0
5.7274656E13	2532.0	81.0
5.7274664E13	2532.0	83.0
5.7274677E13	2527.0	87.0
5.7274685E13	2527.0	87.0
5.7274693E13	2527.0	88.0
5.7274706E13	2527.0	87.0
5.7274714E13	2535.0	85.0
5.7274727E13	2535.0	83.0
5.7274735E13	2535.0	83.0
5.7274744E13	2535.0	81.0
5.7274756E13	2571.0	79.0
5.7274765E13	2571.0	77.0
5.7274773E13	2571.0	75.0
5.7274786E13	2571.0	72.0
5.7274794E13	2638.0	71.0
5.7274807E13	2638.0	70.0
5.7274815E13	2638.0	71.0
5.7274823E13	2638.0	72.0
5.7274836E13	2740.0	73.0
5.7274844E13	2740.0	74.0
5.7274857E13	2740.0	76.0
5.7274865E13	2880.0	77.0
5.7274874E13	2880.0	79.0
5.7274886E13	2880.0	80.0
5.7274895E13	2880.0	81.0
5.7274907E13	3128.0	83.0
5.7274916E13	3128.0	85.0
5.7274924E13	3128.0	87.0
5.7274937E13	3128.0	88.0
5.7274945E13	3767.0	87.0
5.7274953E13	3767.0	86.0
5.7274966E13	3767.0	83.0
5.7274974E13	3767.0	81.0
5.7274987E13	7254.0	81.0
5.7274995E13	7254.0	78.0
5.7275004E13	7254.0	78.0
5.7275016E13	13061.0	75.0
5.7275025E13	13061.0	74.0
5.7275037E13	13061.0	72.0
5.7275046E13	13061.0	69.0
5.7275054E13	18539.0	69.0
5.7275067E13	18539.0	73.0
5.7275075E13	18539.0	78.0
5.7275088E13	0.0	75.0
5.7275096E13	0.0	70.0
5.7275104E13	0.0	68.0
5.7275117E13	0.0	68.0
5.7275125E13	20581.0	69.0
5.7275134E13	20581.0	73.0
5.7275146E13	20581.0	78.0
5.7275155E13	19898.0	78.0
5.7275167E13	19898.0	78.0
5.7275176E13	19898.0	77.0
5.727519E13	19898.0	77.0
5.7275197E13	0.0	75.0
5.7275205E13	0.0	74.0
5.7275218E13	0.0	72.0
5.7275226E13	16308.0	70.0
5.7275234E13	16308.0	67.0
5.7275247E13	16308.0	64.0
5.7275255E13	16308.0	60.0
5.7275264E13	13361.0	59.0
5.7275276E13	13361.0	59.0
5.7275285E13	13361.0	60.0
5.7275297E13	0.0	63.0
5.7275306E13	0.0	67.0
5.7275314E13	0.0	70.0
5.7275327E13	8323.0	73.0
5.7275335E13	8323.0	75.0
5.7275348E13	8323.0	77.0
5.7275356E13	8323.0	79.0
5.7275364E13	5142.0	80.0
5.7275377E13	5142.0	79.0
5.7275385E13	5142.0	78.0
5.7275394E13	5142.0	77.0
5.7275406E13	3874.0	76.0
5.7275415E13	3874.0	77.0
5.7275427E13	3874.0	79.0
5.7275436E13	3874.0	79.0
5.7275444E13	3190.0	77.0
5.7275457E13	3190.0	76.0
5.7275465E13	3190.0	76.0
5.7275478E13	2893.0	74.0
5.7275486E13	2893.0	75.0
5.7275494E13	2893.0	74.0
5.7275507E13	2893.0	74.0
5.7275515E13	2760.0	74.0
5.727553E13	2760.0	75.0
5.7275536E13	2760.0	75.0
5.7275545E13	2760.0	75.0
5.7275557E13	2692.0	75.0
5.7275566E13	2692.0	76.0
5.7275574E13	2692.0	77.0
5.7275587E13	2652.0	77.0
5.7275595E13	2652.0	76.0
5.7275608E13	2652.0	74.0
5.7275616E13	2652.0	73.0
5.7275624E13	2616.0	72.0
5.7275637E13	2616.0	70.0
5.7275645E13	2616.0	69.0
5.727566E13	2616.0	69.0
5.7275666E13	2601.0	68.0
5.7275675E13	2601.0	67.0
5.7275687E13	2601.0	66.0
5.7275696E13	2601.0	65.0
5.7275704E13	2597.0	65.0
5.7275717E13	2597.0	67.0
5.7275725E13	2597.0	68.0
5.7275738E13	2595.0	70.0
5.7275746E13	2595.0	72.0
5.7275754E13	2595.0	74.0
5.7275767E13	2595.0	75.0
5.7275775E13	2587.0	75.0
5.727579E13	2587.0	77.0
5.7275796E13	2587.0	82.0
5.7275805E13	2587.0	82.0
5.7275817E13	2583.0	80.0
5.7275826E13	2583.0	78.0
5.727584E13	2583.0	77.0
5.7275847E13	2583.0	77.0
5.7275855E13	2596.0	78.0
5.7275868E13	2596.0	78.0
5.7275876E13	2596.0	78.0
5.7275885E13	2634.0	77.0
5.7275897E13	2634.0	76.0
5.7275905E13	2634.0	74.0
5.727592E13	2634.0	73.0
5.7275926E13	2702.0	73.0
5.7275935E13	2702.0	72.0
5.7275947E13	2702.0	72.0
5.7275956E13	2702.0	73.0
5.727597E13	2804.0	73.0
5.7275977E13	2804.0	74.0
5.7276015E13	3015.0	79.0
5.7276027E13	3567.0	85.0
5.7276035E13	3567.0	86.0
5.727605E13	3567.0	86.0
5.7276056E13	3567.0	85.0
5.7276065E13	3567.0	85.0
5.7276077E13	5049.0	82.0
5.7276086E13	5049.0	81.0
5.72761E13	5049.0	81.0
5.7276107E13	5049.0	81.0
5.7276115E13	10073.0	79.0
5.7276128E13	10073.0	75.0
5.7276136E13	10073.0	73.0
5.7276145E13	13352.0	71.0
5.7276157E13	13352.0	69.0
5.7276166E13	13352.0	69.0
5.727618E13	13352.0	70.0
5.7276186E13	0.0	71.0
5.7276195E13	0.0	71.0
5.7276207E13	0.0	73.0
5.7276216E13	19026.0	73.0
5.727623E13	19026.0	71.0
5.7276237E13	19026.0	70.0
5.7276245E13	19026.0	68.0
5.7276258E13	20100.0	68.0
5.7276266E13	20100.0	71.0
5.727628E13	20100.0	74.0
5.7276287E13	0.0	78.0
5.7276296E13	0.0	80.0
5.727631E13	0.0	78.0
5.7276317E13	20455.0	77.0
5.7276325E13	20455.0	77.0
5.7276337E13	20455.0	79.0
5.7276346E13	20455.0	78.0
5.727636E13	19909.0	74.0
5.7276367E13	19909.0	71.0
5.727638E13	19909.0	68.0
5.7276388E13	0.0	64.0
5.7276396E13	0.0	61.0
5.727641E13	0.0	60.0
5.7276417E13	12999.0	61.0
5.7276426E13	12999.0	64.0
5.727644E13	12999.0	67.0
5.7276447E13	12999.0	70.0
5.7276455E13	11938.0	73.0
5.7276468E13	11938.0	74.0
5.7276476E13	11938.0	75.0
5.727649E13	0.0	77.0
5.7276497E13	0.0	78.0
5.7276505E13	0.0	79.0
5.7276518E13	4265.0	79.0
5.7276526E13	4265.0	80.0
5.727654E13	4265.0	79.0
5.7276547E13	4265.0	79.0
5.7276556E13	3527.0	78.0
5.727657E13	3527.0	78.0
5.7276577E13	3527.0	76.0
5.727659E13	3527.0	75.0
5.7276598E13	3033.0	74.0
5.7276606E13	3033.0	74.0
5.727662E13	3033.0	74.0
5.7276627E13	3033.0	74.0
5.7276635E13	2825.0	74.0
5.7276648E13	2825.0	74.0
5.7276656E13	2825.0	74.0
5.727667E13	2724.0	76.0
5.7276677E13	2724.0	77.0
5.7276686E13	2724.0	76.0
5.72767E13	2724.0	77.0
5.7276707E13	2661.0	77.0
5.727672E13	2661.0	78.0
5.7276728E13	2661.0	78.0
5.7276736E13	2661.0	78.0
5.727675E13	2624.0	74.0
5.7276757E13	2624.0	70.0
5.727677E13	2624.0	69.0
5.7276778E13	2595.0	68.0
5.7276786E13	2595.0	68.0
5.72768E13	2595.0	67.0
5.7276807E13	2595.0	66.0
5.7276816E13	2581.0	64.0
5.727683E13	2581.0	63.0
5.7276837E13	2581.0	64.0
5.727685E13	2581.0	66.0
5.7276858E13	2575.0	68.0
5.7276866E13	2575.0	69.0
5.727688E13	2575.0	71.0
5.7276887E13	2575.0	73.0
5.7276895E13	2571.0	75.0
5.727691E13	2571.0	75.0
5.7276916E13	2571.0	74.0
5.727693E13	2558.0	75.0
5.7276937E13	2558.0	77.0
5.7276946E13	2558.0	81.0
5.727696E13	2556.0	82.0
5.7276967E13	2556.0	81.0
5.727698E13	2556.0	80.0
5.7276988E13	2556.0	80.0
5.7276996E13	2572.0	80.0
5.727701E13	2572.0	80.0
5.7277017E13	2572.0	80.0
5.727704E13	2605.0	81.0
5.7277025E13	2605.0	67.0
5.7277046E13	2605.0	83.0
5.727706E13	2605.0	84.0
5.7277067E13	2674.0	85.0
5.7277076E13	2674.0	85.0
5.7277092E13	2674.0	85.0
5.7277097E13	2674.0	83.0
5.727711E13	2786.0	81.0
5.7277118E13	2786.0	79.0
5.7277126E13	2786.0	76.0
5.727714E13	2786.0	42.0
5.7277147E13	2979.0	76.0
5.727717E13	2979.0	76.0
5.7277176E13	2979.0	76.0
5.727716E13	2979.0	76.0
5.727719E13	4385.0	84.0
5.7277197E13	4385.0	84.0
5.7277206E13	4385.0	84.0
5.727722E13	4385.0	38.0
5.7277227E13	4385.0	38.0
5.727724E13	4385.0	87.0
5.7277248E13	4385.0	88.0
5.7277256E13	9476.0	85.0
5.727727E13	9476.0	81.0
5.7277277E13	9476.0	78.0
5.727729E13	9476.0	77.0
5.72773E13	15061.0	75.0
5.7277306E13	15061.0	71.0
5.727732E13	15061.0	69.0
5.7277327E13	0.0	68.0
5.7277336E13	0.0	69.0
5.727735E13	0.0	72.0
5.7277357E13	18518.0	73.0
5.727737E13	18518.0	73.0
5.7277378E13	18518.0	70.0
5.7277386E13	18518.0	66.0
5.72774E13	20556.0	67.0
5.7277407E13	20556.0	70.0
5.727742E13	20556.0	74.0
5.727743E13	0.0	79.0
5.7277436E13	0.0	81.0
5.727745E13	0.0	79.0
5.7277457E13	20305.0	77.0
5.727747E13	20305.0	77.0
5.727748E13	20305.0	77.0
5.727749E13	20305.0	76.0
5.72775E13	19881.0	74.0
5.7277508E13	19881.0	72.0
5.7277516E13	19881.0	72.0
5.727753E13	19881.0	69.0
5.7277537E13	0.0	66.0
5.727755E13	0.0	62.0
5.727756E13	0.0	59.0
5.7277566E13	13540.0	56.0
5.727758E13	13540.0	58.0
5.727759E13	13540.0	62.0
5.7277596E13	13540.0	68.0
5.727761E13	10137.0	73.0
5.7277617E13	10137.0	76.0
5.727763E13	10137.0	77.0
5.7277638E13	0.0	78.0
5.7277646E13	0.0	80.0
5.727766E13	0.0	81.0
5.7277667E13	4331.0	80.0
5.727768E13	4331.0	79.0
5.727769E13	4331.0	79.0
5.7277696E13	4331.0	78.0
5.727771E13	3687.0	77.0
5.7277717E13	3687.0	78.0
5.7277726E13	3687.0	78.0
5.727774E13	3687.0	77.0
5.7277747E13	3163.0	76.0
5.727776E13	3163.0	74.0
5.7277768E13	3163.0	73.0
5.7277776E13	3163.0	73.0
5.727779E13	2938.0	72.0
5.7277797E13	2938.0	70.0
5.727781E13	2938.0	70.0
5.727782E13	2831.0	71.0
5.7277826E13	2831.0	72.0
5.727784E13	2831.0	74.0
5.7277847E13	2831.0	75.0
5.7277856E13	2780.0	76.0
5.727787E13	2780.0	79.0
5.7277877E13	2780.0	78.0
5.727789E13	2780.0	75.0
5.7277898E13	2756.0	73.0
5.7277906E13	2756.0	74.0
5.727792E13	2756.0	74.0
5.7277927E13	2738.0	73.0
5.727794E13	2738.0	72.0
5.727795E13	2738.0	70.0
5.7277956E13	2738.0	68.0
5.727797E13	2722.0	67.0
5.7277977E13	2722.0	66.0
5.727799E13	2722.0	64.0
5.7278E13	2722.0	64.0
5.7278007E13	2723.0	66.0
5.727802E13	2723.0	69.0
5.7278028E13	2723.0	70.0
5.7278036E13	2723.0	71.0
5.727805E13	2726.0	72.0
5.7278057E13	2726.0	72.0
5.727807E13	2726.0	72.0
5.727808E13	2722.0	73.0
5.7278087E13	2722.0	75.0
5.72781E13	2722.0	79.0
5.7278107E13	2722.0	83.0
5.727812E13	2722.0	86.0
5.727813E13	2722.0	86.0
5.7278137E13	2722.0	84.0
5.727815E13	2722.0	80.0
5.7278158E13	2743.0	80.0
5.727817E13	2743.0	79.0
5.727818E13	2743.0	78.0
5.7278187E13	2743.0	77.0
5.72782E13	2785.0	77.0
5.727821E13	2785.0	77.0
5.7278217E13	2785.0	78.0
5.727823E13	2869.0	78.0
5.7278238E13	2869.0	77.0
5.727825E13	2869.0	76.0
5.727826E13	2869.0	74.0
5.7278267E13	2983.0	73.0
5.727828E13	2983.0	72.0
5.7278288E13	2983.0	72.0
5.72783E13	2983.0	73.0
5.727831E13	3157.0	74.0
5.7278317E13	3157.0	75.0
5.727833E13	3157.0	77.0
5.727834E13	3157.0	79.0
5.7278347E13	3590.0	81.0
5.727836E13	3590.0	83.0
5.7278368E13	3590.0	85.0
5.727838E13	4443.0	87.0
5.727839E13	4443.0	89.0
5.7278397E13	4443.0	88.0
5.727841E13	4443.0	84.0
5.7278418E13	8777.0	80.0
5.727843E13	8777.0	77.0
5.727844E13	8777.0	74.0
5.7278447E13	8777.0	73.0
5.727846E13	13497.0	72.0
5.727847E13	13497.0	71.0
5.727848E13	13497.0	70.0
5.727849E13	0.0	71.0
5.7278498E13	0.0	71.0
5.727851E13	0.0	71.0
5.727852E13	19522.0	70.0
5.7278527E13	19522.0	72.0
5.727854E13	19522.0	72.0
5.7278548E13	19522.0	70.0
5.727856E13	20350.0	70.0
5.727857E13	20350.0	72.0
5.727858E13	20350.0	75.0
5.727859E13	0.0	79.0
5.72786E13	0.0	81.0
5.727861E13	0.0	82.0
5.727862E13	19981.0	79.0
5.7278628E13	19981.0	78.0
5.727864E13	19981.0	77.0
5.727865E13	19981.0	77.0
5.7278657E13	18953.0	76.0
5.727867E13	18953.0	74.0
5.727868E13	18953.0	71.0
5.727869E13	0.0	67.0
5.72787E13	0.0	64.0
5.7278707E13	0.0	63.0
5.727872E13	12297.0	61.0
5.727873E13	12297.0	62.0
5.727874E13	12297.0	65.0
5.727875E13	12297.0	69.0
5.7278758E13	8325.0	72.0
5.727877E13	8325.0	74.0
5.727878E13	8325.0	76.0
5.727879E13	0.0	77.0
5.72788E13	0.0	79.0
5.727881E13	0.0	80.0
5.727882E13	4373.0	80.0
5.727883E13	4373.0	80.0
5.7278837E13	4373.0	79.0
5.727886E13	3865.0	81.0
5.727886E13	3865.0	81.0
5.727887E13	3865.0	82.0
5.727888E13	3865.0	81.0
5.7278888E13	3286.0	80.0
5.72789E13	3286.0	80.0
5.727891E13	3286.0	79.0
5.727893E13	3006.0	74.0
5.727894E13	3006.0	73.0
5.727895E13	3006.0	73.0
5.7278967E13	2882.0	51.0
5.7279E13	2882.0	75.0
5.727901E13	2829.0	76.0
5.727903E13	2829.0	76.0
5.727904E13	2829.0	51.0
5.727905E13	2810.0	72.0
5.727906E13	2810.0	70.0
5.727907E13	2795.0	69.0
5.727908E13	2795.0	68.0
5.727909E13	2795.0	67.0
5.72791E13	2795.0	67.0
5.727911E13	2795.0	66.0
5.727912E13	2779.0	65.0
5.727913E13	2779.0	64.0
5.727914E13	2779.0	63.0
5.7279148E13	2771.0	67.0
5.727916E13	2771.0	69.0
5.727917E13	2771.0	71.0
5.727918E13	2771.0	73.0
5.727919E13	2767.0	74.0
5.72792E13	2767.0	75.0
5.727921E13	2767.0	76.0
5.727922E13	2754.0	77.0
5.727923E13	2754.0	79.0
5.727924E13	2754.0	81.0
5.727925E13	2754.0	84.0
5.727926E13	2747.0	85.0
5.727927E13	2747.0	86.0
5.7279278E13	2747.0	85.0
5.727929E13	2747.0	84.0
5.72793E13	2752.0	82.0
5.727931E13	2752.0	81.0
5.727932E13	2752.0	81.0
5.727933E13	2752.0	81.0
5.727934E13	2776.0	80.0
5.727935E13	2776.0	79.0
5.727936E13	2776.0	78.0
5.727937E13	2831.0	76.0
5.727938E13	2831.0	73.0
5.727939E13	2831.0	71.0
5.72794E13	2831.0	69.0
5.7279408E13	2831.0	69.0
5.727942E13	2924.0	68.0
5.727943E13	2924.0	68.0
5.727944E13	2924.0	68.0
5.727945E13	2924.0	70.0
5.727947E13	3087.0	76.0
5.727949E13	3087.0	83.0
5.72795E13	3507.0	85.0
5.727951E13	3507.0	87.0
5.727952E13	3507.0	88.0
5.727953E13	9058.0	78.0
5.727954E13	9058.0	78.0
5.727955E13	9058.0	78.0
5.727956E13	9058.0	78.0
5.727957E13	9058.0	78.0
5.727958E13	9058.0	78.0
5.727959E13	9058.0	26.0
5.72796E13	9058.0	26.0
5.727961E13	13238.0	18.0
5.727962E13	13238.0	18.0
5.727963E13	13238.0	70.0
5.727965E13	0.0	90.0
5.727966E13	0.0	90.0
5.7279668E13	19493.0	13.0
5.727968E13	19493.0	13.0
5.727969E13	19493.0	13.0
5.72797E13	19493.0	13.0
5.727971E13	20509.0	12.0
5.727972E13	20509.0	12.0
5.727973E13	20509.0	12.0
5.727974E13	0.0	90.0
5.727975E13	0.0	90.0
5.727976E13	0.0	90.0
5.727977E13	20785.0	12.0
5.727978E13	20785.0	12.0
5.727979E13	20785.0	12.0
5.7279798E13	20785.0	12.0
5.727981E13	19924.0	12.0
5.727982E13	19924.0	12.0
5.727983E13	19924.0	12.0
5.727984E13	0.0	90.0
5.727986E13	0.0	58.0
5.727985E13	0.0	58.0
5.727987E13	13195.0	64.0
5.727988E13	13195.0	64.0
5.727989E13	13195.0	18.0
5.72799E13	13195.0	18.0
5.727991E13	12380.0	17.0
5.727992E13	12380.0	76.0
5.727993E13	12380.0	78.0
5.727995E13	0.0	90.0
5.727996E13	0.0	90.0
5.727997E13	4743.0	79.0
5.7279987E13	4743.0	79.0
5.727999E13	4743.0	80.0
5.728E13	4743.0	42.0
5.728001E13	3658.0	46.0
5.728002E13	3658.0	46.0
5.7280033E13	3658.0	46.0
5.728004E13	3658.0	46.0
5.7280054E13	3094.0	74.0
5.728006E13	3094.0	73.0
5.728008E13	3094.0	72.0
5.7280083E13	2881.0	73.0
5.728009E13	2881.0	72.0
5.72801E13	2881.0	72.0
5.7280112E13	2881.0	73.0
5.728012E13	2786.0	73.0
5.7280133E13	2786.0	74.0
5.728014E13	2786.0	75.0
5.728015E13	2786.0	76.0
5.728016E13	2743.0	76.0
5.728017E13	2743.0	74.0
5.728018E13	2743.0	73.0
5.728019E13	2743.0	72.0
5.72802E13	2724.0	70.0
5.7280213E13	2724.0	71.0
5.728022E13	2724.0	71.0
5.7280234E13	2700.0	70.0
5.7280242E13	2700.0	69.0
5.728025E13	2700.0	68.0
5.728026E13	2700.0	67.0
5.728027E13	2684.0	67.0
5.728028E13	2684.0	66.0
5.7280293E13	2684.0	66.0
5.72803E13	2684.0	65.0
5.7280314E13	2674.0	66.0
5.728032E13	2674.0	68.0
5.728033E13	2674.0	69.0
5.728034E13	2674.0	70.0
5.728035E13	2669.0	72.0
5.728036E13	2669.0	74.0
5.7280372E13	2669.0	75.0
5.728038E13	2660.0	75.0
5.7280393E13	2660.0	75.0
5.72804E13	2660.0	75.0
5.7280414E13	2660.0	77.0
5.728042E13	2653.0	79.0
5.728043E13	2653.0	80.0
5.728044E13	2653.0	80.0
5.7280452E13	2653.0	79.0
5.728046E13	2662.0	77.0
5.7280473E13	2662.0	77.0
5.728048E13	2662.0	77.0
5.7280494E13	2662.0	78.0
5.7280502E13	2692.0	78.0
5.728051E13	2692.0	78.0
5.728052E13	2692.0	79.0
5.728053E13	2749.0	81.0
5.728054E13	2749.0	83.0
5.7280553E13	2749.0	84.0
5.728056E13	2749.0	85.0
5.7280574E13	2841.0	85.0
5.7280582E13	2841.0	84.0
5.7280595E13	2841.0	82.0
5.72806E13	2841.0	80.0
5.728061E13	2993.0	78.0
5.728062E13	2993.0	78.0
5.7280632E13	2993.0	80.0
5.728064E13	2993.0	81.0
5.7280653E13	3352.0	82.0
5.728066E13	3352.0	82.0
5.7280674E13	3352.0	83.0
5.7280683E13	4218.0	84.0
5.728069E13	4218.0	84.0
5.72807E13	4218.0	84.0
5.7280712E13	4218.0	85.0
5.728072E13	8654.0	84.0
5.7280733E13	8654.0	83.0
5.728074E13	8654.0	82.0
5.7280754E13	8654.0	81.0
5.7280762E13	13329.0	79.0
5.728077E13	13329.0	75.0
5.7280783E13	13329.0	73.0
5.728079E13	0.0	73.0
5.72808E13	0.0	74.0
5.7280813E13	0.0	74.0
5.728082E13	19164.0	76.0
5.7280834E13	19164.0	77.0
5.7280842E13	19164.0	77.0
5.7280855E13	19164.0	74.0
5.728086E13	20360.0	71.0
5.728087E13	20360.0	68.0
5.728088E13	20360.0	67.0
5.7280893E13	0.0	69.0
5.72809E13	0.0	72.0
5.7280913E13	0.0	77.0
5.728092E13	20223.0	80.0
5.7280934E13	20223.0	80.0
5.7280943E13	20223.0	79.0
5.728095E13	20223.0	79.0
5.728096E13	19778.0	78.0
5.7280972E13	19778.0	76.0
5.728098E13	19778.0	74.0
5.7280993E13	0.0	72.0
5.7281E13	0.0	69.0
5.7281014E13	0.0	67.0
5.7281023E13	14068.0	65.0
5.7281035E13	14068.0	62.0
5.728104E13	14068.0	63.0
5.728105E13	9843.0	67.0
5.728106E13	9843.0	67.0
5.7281073E13	9843.0	70.0
5.728108E13	0.0	73.0
5.7281094E13	0.0	73.0
5.7281102E13	0.0	73.0
5.7281115E13	0.0	73.0
5.7281123E13	4644.0	75.0
5.728113E13	4644.0	78.0
5.728114E13	4644.0	80.0
5.7281153E13	4008.0	81.0
5.728116E13	4008.0	81.0
5.7281174E13	4008.0	80.0
5.728118E13	4008.0	79.0
5.7281194E13	4008.0	79.0
5.7281203E13	3372.0	78.0
5.728121E13	3372.0	78.0
5.728122E13	3372.0	78.0
5.7281232E13	3372.0	78.0
5.728124E13	3028.0	76.0
5.7281253E13	3028.0	76.0
5.728126E13	3028.0	73.0
5.7281274E13	2878.0	74.0
5.7281283E13	2878.0	74.0
5.7281295E13	2878.0	73.0
5.7281304E13	2878.0	74.0
5.728131E13	2809.0	75.0
5.728132E13	2809.0	77.0
5.7281333E13	2809.0	77.0
5.728134E13	2809.0	77.0
5.7281354E13	2775.0	78.0
5.7281362E13	2775.0	76.0
5.7281375E13	2775.0	73.0
5.7281383E13	2754.0	70.0
5.728139E13	2754.0	69.0
5.72814E13	2754.0	70.0
5.7281413E13	2754.0	70.0
5.728142E13	2745.0	69.0
5.7281434E13	2745.0	67.0
5.728144E13	2745.0	66.0
5.7281455E13	2745.0	65.0
5.7281463E13	2738.0	63.0
5.7281476E13	2738.0	63.0
5.728148E13	2738.0	64.0
5.7281492E13	2738.0	66.0
5.72815E13	2738.0	69.0
5.7281513E13	2738.0	71.0
5.728152E13	2738.0	72.0
5.7281534E13	2731.0	75.0
5.7281543E13	2731.0	78.0
5.7281555E13	2731.0	78.0
5.7281564E13	2731.0	78.0
5.728157E13	2715.0	79.0
