5.750852E13	2406.0	84.0
5.7508534E13	2406.0	79.0
5.7508543E13	2353.0	78.0
5.750855E13	2353.0	79.0
5.7508564E13	2353.0	80.0
5.750857E13	2353.0	82.0
5.750858E13	2305.0	82.0
5.7508593E13	2305.0	81.0
5.75086E13	2305.0	81.0
5.7508614E13	2305.0	75.0
5.7508622E13	2305.0	75.0
5.750863E13	2280.0	70.0
5.7508643E13	2280.0	70.0
5.750865E13	2280.0	72.0
5.7508664E13	2280.0	72.0
5.7508673E13	2271.0	77.0
5.750868E13	2271.0	77.0
5.7508694E13	2271.0	77.0
5.75087E13	2268.0	77.0
5.750871E13	2268.0	76.0
5.7508723E13	2268.0	76.0
5.750873E13	2268.0	76.0
5.7508744E13	2270.0	70.0
5.7508752E13	2270.0	68.0
5.750876E13	2270.0	67.0
5.7508773E13	2275.0	65.0
5.750878E13	2275.0	64.0
5.7508794E13	2275.0	61.0
5.7508803E13	2275.0	61.0
5.750881E13	2289.0	62.0
5.7508824E13	2289.0	65.0
5.750883E13	2289.0	66.0
5.750884E13	2319.0	68.0
5.7508853E13	2319.0	70.0
5.750886E13	2319.0	72.0
5.7508874E13	2319.0	74.0
5.7508882E13	2319.0	74.0
5.750889E13	2364.0	75.0
5.7508903E13	2364.0	77.0
5.750891E13	2364.0	77.0
5.7508924E13	2364.0	78.0
5.7508933E13	2426.0	78.0
5.750894E13	2426.0	78.0
5.7508954E13	2426.0	77.0
5.750896E13	2426.0	54.0
5.7508975E13	2492.0	53.0
5.7508983E13	2492.0	53.0
5.750899E13	2492.0	53.0
5.7509004E13	2552.0	76.0
5.7509012E13	2552.0	52.0
5.750902E13	2552.0	52.0
5.7509033E13	2552.0	52.0
5.750904E13	2599.0	51.0
5.7509054E13	2599.0	51.0
5.7509063E13	2599.0	51.0
5.750907E13	2599.0	51.0
5.7509084E13	2643.0	50.0
5.750909E13	2643.0	50.0
5.7509105E13	2643.0	50.0
5.7509113E13	2643.0	50.0
5.750912E13	2680.0	76.0
5.7509134E13	2680.0	50.0
5.7509142E13	2680.0	50.0
5.7509155E13	2714.0	49.0
5.7509163E13	2714.0	49.0
5.750917E13	2714.0	49.0
5.7509184E13	2714.0	49.0
5.7509193E13	2734.0	49.0
5.75092E13	2734.0	49.0
5.7509214E13	2734.0	49.0
5.750922E13	2734.0	49.0
5.7509235E13	2738.0	49.0
5.7509243E13	2738.0	49.0
5.750925E13	2738.0	49.0
5.7509264E13	2738.0	49.0
5.7509272E13	2751.0	70.0
5.750928E13	2751.0	49.0
5.7509293E13	2751.0	73.0
5.75093E13	2765.0	75.0
5.7509314E13	2765.0	49.0
5.7509323E13	2765.0	49.0
5.750933E13	2765.0	74.0
5.7509344E13	2772.0	75.0
5.750935E13	2772.0	77.0
5.7509365E13	2772.0	79.0
5.7509373E13	2772.0	79.0
5.750938E13	2782.0	78.0
5.7509394E13	2782.0	76.0
5.7509402E13	2782.0	74.0
5.7509415E13	2782.0	73.0
5.7509423E13	2780.0	72.0
5.750943E13	2780.0	72.0
5.7509444E13	2780.0	73.0
5.7509453E13	2761.0	75.0
5.750946E13	2761.0	77.0
5.7509474E13	2761.0	81.0
5.750948E13	2761.0	84.0
5.7509495E13	2729.0	85.0
5.7509503E13	2729.0	84.0
5.750951E13	2729.0	83.0
5.7509524E13	2729.0	81.0
5.7509532E13	2688.0	80.0
5.7509545E13	2688.0	78.0
5.7509553E13	2688.0	78.0
5.750956E13	2688.0	78.0
5.7509574E13	2629.0	79.0
5.7509583E13	2629.0	81.0
5.750959E13	2629.0	83.0
5.7509604E13	2558.0	85.0
5.750961E13	2558.0	87.0
5.7509625E13	2558.0	85.0
5.7509633E13	2558.0	84.0
5.750964E13	2483.0	83.0
5.7509654E13	2483.0	83.0
5.7509662E13	2483.0	83.0
5.7509675E13	2483.0	82.0
5.7509683E13	2414.0	81.0
5.750969E13	2414.0	79.0
5.7509704E13	2414.0	77.0
5.7509713E13	2414.0	76.0
5.7509725E13	2356.0	74.0
5.7509734E13	2356.0	74.0
5.7509742E13	2356.0	73.0
5.7509755E13	2310.0	72.0
5.7509763E13	2310.0	71.0
5.750977E13	2310.0	73.0
5.7509784E13	2310.0	75.0
5.7509792E13	2283.0	75.0
5.7509805E13	2283.0	75.0
5.7509813E13	2283.0	71.0
5.750982E13	2283.0	71.0
5.7509834E13	2275.0	70.0
5.7509843E13	2275.0	70.0
5.7509855E13	2275.0	73.0
5.7509864E13	2275.0	74.0
5.7509872E13	2276.0	76.0
5.7509885E13	2276.0	78.0
5.7509893E13	2276.0	77.0
5.75099E13	2275.0	57.0
5.7509935E13	2275.0	76.0
5.7509922E13	2275.0	76.0
5.7509943E13	2276.0	73.0
5.7509914E13	2276.0	73.0
5.750995E13	2276.0	71.0
5.7509964E13	2276.0	68.0
5.7509973E13	2276.0	66.0
5.7509985E13	2283.0	65.0
5.7509994E13	2283.0	62.0
5.7510002E13	2283.0	60.0
5.7510015E13	2283.0	61.0
5.7510023E13	2301.0	64.0
5.7510036E13	2301.0	70.0
5.7510044E13	2301.0	73.0
5.7510052E13	2341.0	75.0
5.7510065E13	2341.0	76.0
5.7510073E13	2341.0	78.0
5.751008E13	2341.0	78.0
5.7510094E13	2395.0	78.0
5.7510103E13	2395.0	78.0
5.7510115E13	2395.0	78.0
5.7510124E13	2395.0	78.0
5.7510132E13	2459.0	77.0
5.7510145E13	2459.0	77.0
5.7510153E13	2459.0	77.0
5.751016E13	2516.0	77.0
5.7510174E13	2516.0	78.0
5.7510183E13	2516.0	77.0
5.7510195E13	2516.0	77.0
5.7510203E13	2569.0	75.0
5.751021E13	2569.0	74.0
5.7510224E13	2569.0	74.0
5.7510233E13	2569.0	74.0
5.7510245E13	2613.0	74.0
5.7510254E13	2613.0	74.0
5.7510262E13	2613.0	73.0
5.7510275E13	2613.0	73.0
5.7510283E13	2651.0	73.0
5.7510296E13	2651.0	74.0
5.7510304E13	2651.0	74.0
5.7510313E13	2690.0	73.0
5.7510325E13	2690.0	73.0
5.7510334E13	2690.0	73.0
5.751034E13	2690.0	71.0
5.7510354E13	2727.0	68.0
5.7510363E13	2727.0	65.0
5.7510375E13	2727.0	63.0
5.7510384E13	2727.0	64.0
5.7510392E13	2749.0	49.0
5.7510405E13	2749.0	67.0
5.7510413E13	2749.0	49.0
5.7510426E13	2749.0	49.0
5.7510434E13	2757.0	49.0
5.7510443E13	2757.0	49.0
5.7510455E13	2757.0	49.0
5.7510464E13	2764.0	49.0
5.751047E13	2764.0	49.0
5.7510485E13	2764.0	49.0
5.7510493E13	2764.0	49.0
5.7510505E13	2769.0	49.0
5.7510514E13	2769.0	77.0
5.7510522E13	2769.0	49.0
5.7510535E13	2769.0	49.0
5.7510543E13	2775.0	49.0
5.7510556E13	2775.0	49.0
5.7510564E13	2775.0	49.0
5.7510573E13	2775.0	49.0
5.7510585E13	2787.0	49.0
5.7510594E13	2787.0	49.0
5.75106E13	2787.0	78.0
5.7510615E13	2795.0	49.0
5.7510623E13	2795.0	49.0
5.7510636E13	2795.0	49.0
5.7510644E13	2795.0	49.0
5.7510652E13	2790.0	49.0
5.7510665E13	2790.0	49.0
5.7510673E13	2790.0	49.0
5.7510686E13	2790.0	49.0
5.7510694E13	2771.0	49.0
5.7510703E13	2771.0	49.0
5.7510715E13	2771.0	49.0
5.7510724E13	2771.0	49.0
5.7510736E13	2732.0	49.0
5.7510745E13	2732.0	49.0
5.7510753E13	2732.0	49.0
5.7510766E13	2667.0	50.0
5.7510774E13	2667.0	50.0
5.7510782E13	2667.0	50.0
5.7510795E13	2667.0	50.0
5.7510803E13	2588.0	51.0
5.7510816E13	2588.0	51.0
5.7510824E13	2588.0	51.0
5.7510833E13	2588.0	51.0
5.7510845E13	2498.0	53.0
5.7510854E13	2498.0	53.0
5.7510866E13	2498.0	53.0
5.7510875E13	2498.0	53.0
5.7510883E13	2416.0	54.0
5.7510896E13	2416.0	54.0
5.7510904E13	2416.0	54.0
5.7510912E13	2350.0	55.0
5.7510925E13	2350.0	73.0
5.7510933E13	2350.0	55.0
5.7510946E13	2350.0	72.0
5.7510954E13	2310.0	73.0
5.7510963E13	2310.0	56.0
5.7510975E13	2310.0	75.0
5.7510984E13	2310.0	75.0
5.7510996E13	2294.0	57.0
5.7511005E13	2294.0	71.0
5.7511013E13	2294.0	72.0
5.7511026E13	2294.0	73.0
5.7511034E13	2293.0	73.0
5.7511047E13	2293.0	76.0
5.7511055E13	2293.0	78.0
5.7511063E13	2294.0	78.0
5.7511076E13	2294.0	77.0
5.7511084E13	2294.0	76.0
5.7511093E13	2294.0	75.0
5.7511105E13	2295.0	74.0
5.7511114E13	2295.0	73.0
5.7511126E13	2295.0	71.0
5.7511135E13	2295.0	69.0
5.7511143E13	2303.0	65.0
5.7511156E13	2303.0	61.0
5.7511164E13	2303.0	58.0
5.7511177E13	2303.0	57.0
5.7511185E13	2325.0	59.0
5.7511193E13	2325.0	62.0
5.7511206E13	2325.0	66.0
5.7511214E13	2356.0	70.0
5.7511223E13	2356.0	73.0
5.7511235E13	2356.0	73.0
5.7511244E13	2356.0	74.0
5.7511256E13	2394.0	76.0
5.7511265E13	2394.0	77.0
5.7511273E13	2394.0	78.0
5.7511286E13	2394.0	77.0
5.7511294E13	2450.0	77.0
5.7511307E13	2450.0	77.0
5.7511315E13	2450.0	76.0
5.7511323E13	2450.0	76.0
5.7511336E13	2518.0	76.0
5.7511344E13	2518.0	76.0
5.7511353E13	2518.0	76.0
5.7511365E13	2583.0	75.0
5.7511374E13	2583.0	73.0
5.7511386E13	2583.0	72.0
5.7511395E13	2583.0	72.0
5.7511403E13	2644.0	72.0
5.7511416E13	2644.0	73.0
5.7511424E13	2644.0	73.0
5.7511437E13	2644.0	74.0
5.7511445E13	2698.0	75.0
5.7511453E13	2698.0	74.0
5.7511466E13	2698.0	75.0
5.7511474E13	2698.0	75.0
5.7511487E13	2748.0	75.0
5.7511495E13	2748.0	75.0
5.7511504E13	2748.0	74.0
5.7511516E13	2789.0	74.0
5.7511525E13	2789.0	74.0
5.7511533E13	2789.0	73.0
5.7511546E13	2789.0	71.0
5.7511554E13	2814.0	70.0
5.7511567E13	2814.0	68.0
5.7511575E13	2814.0	67.0
5.7511588E13	2814.0	68.0
5.7511596E13	2826.0	67.0
5.7511604E13	2826.0	67.0
5.7511617E13	2826.0	68.0
5.7511625E13	2826.0	70.0
5.7511634E13	2834.0	70.0
5.7511646E13	2834.0	71.0
5.7511655E13	2834.0	74.0
5.7511667E13	2846.0	77.0
5.7511676E13	2846.0	77.0
5.7511684E13	2846.0	77.0
5.7511697E13	2846.0	79.0
5.7511705E13	2852.0	81.0
5.7511713E13	2852.0	83.0
5.7511726E13	2852.0	84.0
5.7511734E13	2852.0	83.0
5.7511747E13	2859.0	80.0
5.7511755E13	2859.0	78.0
5.7511764E13	2859.0	76.0
5.7511776E13	2859.0	76.0
5.7511785E13	2854.0	75.0
5.7511797E13	2854.0	75.0
5.7511806E13	2854.0	76.0
5.7511814E13	2841.0	77.0
5.7511827E13	2841.0	78.0
5.7511835E13	2841.0	79.0
5.7511843E13	2841.0	80.0
5.7511856E13	2812.0	82.0
5.7511864E13	2812.0	83.0
5.7511877E13	2812.0	82.0
5.7511885E13	2812.0	81.0
5.7511894E13	2753.0	79.0
5.7511906E13	2753.0	78.0
5.7511915E13	2753.0	77.0
5.7511927E13	3013.0	78.0
5.7511936E13	2678.0	81.0
5.7511944E13	2678.0	83.0
5.7511957E13	2678.0	85.0
5.7511965E13	2599.0	86.0
5.7511973E13	2599.0	86.0
5.7511986E13	2599.0	85.0
5.7511994E13	2599.0	84.0
5.7512007E13	2523.0	83.0
5.7512015E13	2523.0	83.0
5.7512024E13	2523.0	84.0
5.7512036E13	2523.0	83.0
5.7512045E13	2460.0	82.0
5.7512057E13	2460.0	80.0
5.7512066E13	2460.0	79.0
5.7512074E13	2406.0	78.0
5.7512087E13	2406.0	77.0
5.7512095E13	2406.0	77.0
5.7512108E13	2406.0	76.0
5.7512116E13	2362.0	75.0
5.7512124E13	2362.0	75.0
5.7512137E13	2362.0	77.0
5.7512145E13	2362.0	77.0
5.7512154E13	2329.0	77.0
5.7512166E13	2329.0	75.0
5.7512175E13	2329.0	73.0
5.7512187E13	2329.0	71.0
5.7512196E13	2309.0	72.0
5.7512204E13	2309.0	74.0
5.7512217E13	2309.0	77.0
5.7512225E13	2300.0	78.0
5.7512238E13	2300.0	78.0
5.7512246E13	2300.0	76.0
5.7512255E13	2300.0	76.0
5.7512267E13	2299.0	76.0
5.7512275E13	2299.0	76.0
5.7512284E13	2299.0	75.0
5.7512296E13	2299.0	74.0
5.7512305E13	2315.0	72.0
5.7512317E13	2315.0	70.0
5.7512326E13	2315.0	68.0
5.7512334E13	2315.0	66.0
5.7512347E13	2342.0	63.0
5.7512355E13	2342.0	61.0
5.7512368E13	2342.0	63.0
5.7512376E13	2368.0	67.0
5.7512385E13	2368.0	70.0
5.7512397E13	2368.0	74.0
5.7512405E13	2368.0	76.0
5.7512414E13	2397.0	78.0
5.7512426E13	2397.0	79.0
5.7512435E13	2397.0	80.0
5.7512447E13	2397.0	79.0
5.7512456E13	2445.0	78.0
5.7512464E13	2445.0	78.0
5.7512477E13	2445.0	78.0
5.7512485E13	2445.0	79.0
5.7512498E13	2510.0	79.0
5.7512506E13	2510.0	79.0
5.7512515E13	2581.0	79.0
5.7512527E13	2581.0	79.0
5.7512536E13	2581.0	78.0
5.751255E13	2581.0	78.0
5.7512556E13	2653.0	77.0
5.7512565E13	2653.0	77.0
5.7512577E13	2653.0	77.0
5.7512586E13	2653.0	75.0
5.7512594E13	2653.0	75.0
5.7512607E13	2709.0	57.0
5.7512615E13	2709.0	56.0
5.7512628E13	2709.0	76.0
5.7512636E13	2785.0	71.0
5.7512707E13	2803.0	70.0
5.7512716E13	2803.0	68.0
5.7512724E13	2803.0	67.0
5.7512737E13	2803.0	66.0
5.7512745E13	2813.0	65.0
5.7512758E13	2813.0	64.0
5.7512766E13	2813.0	64.0
5.7512775E13	2813.0	76.0
5.7512787E13	2816.0	67.0
5.7512796E13	2816.0	69.0
5.751281E13	2816.0	71.0
5.7512817E13	2824.0	72.0
5.7512825E13	2824.0	74.0
5.7512838E13	2824.0	75.0
5.7512846E13	2824.0	76.0
5.751286E13	2830.0	75.0
5.7512867E13	2830.0	75.0
5.7512875E13	2830.0	76.0
5.7512888E13	2830.0	77.0
5.7512896E13	2830.0	79.0
5.7512905E13	2830.0	80.0
5.7512917E13	2830.0	80.0
5.7512926E13	2830.0	79.0
5.751294E13	2826.0	78.0
5.7512947E13	2826.0	77.0
5.7512955E13	2826.0	77.0
5.7512968E13	2826.0	76.0
5.7512976E13	2809.0	76.0
5.751299E13	2809.0	76.0
5.7512997E13	2809.0	77.0
5.7513005E13	2786.0	79.0
5.7513018E13	2786.0	82.0
5.7513026E13	2786.0	84.0
5.7513035E13	2786.0	85.0
5.7513047E13	2750.0	86.0
5.7513056E13	2750.0	85.0
5.751307E13	2750.0	85.0
5.7513077E13	2750.0	85.0
5.7513085E13	2750.0	49.0
5.7513098E13	2697.0	50.0
5.751311E13	2697.0	81.0
5.751312E13	2697.0	80.0
5.7513127E13	2624.0	81.0
5.7513135E13	2624.0	81.0
5.7513148E13	2624.0	85.0
5.7513156E13	2624.0	87.0
5.7513165E13	2538.0	88.0
5.7513177E13	2538.0	88.0
5.7513186E13	2538.0	86.0
5.75132E13	2538.0	84.0
5.7513207E13	2448.0	83.0
5.7513215E13	2448.0	82.0
5.7513228E13	2448.0	82.0
5.7513236E13	2448.0	81.0
5.751325E13	2376.0	79.0
5.7513257E13	2376.0	77.0
5.7513265E13	2376.0	74.0
5.751328E13	2325.0	71.0
5.7513286E13	2325.0	71.0
5.7513295E13	2325.0	72.0
5.7513307E13	2325.0	73.0
5.7513316E13	2288.0	72.0
5.751333E13	2288.0	75.0
5.7513337E13	2288.0	77.0
5.7513345E13	2288.0	75.0
5.7513358E13	2271.0	71.0
5.7513366E13	2271.0	72.0
5.751338E13	2271.0	75.0
5.7513387E13	2271.0	76.0
5.7513395E13	2269.0	78.0
5.751341E13	2269.0	80.0
5.7513416E13	2269.0	80.0
5.7513425E13	2270.0	78.0
5.7513437E13	2270.0	77.0
5.7513446E13	2270.0	76.0
5.751346E13	2270.0	76.0
5.7513467E13	2271.0	76.0
5.7513475E13	2271.0	74.0
5.7513488E13	2271.0	72.0
5.7513496E13	2271.0	70.0
5.751351E13	2284.0	68.0
5.7513517E13	2284.0	65.0
5.7513525E13	2284.0	63.0
5.751354E13	2313.0	62.0
5.7513546E13	2313.0	63.0
5.751356E13	2313.0	65.0
5.7513567E13	2313.0	68.0
5.7513576E13	2359.0	71.0
5.751359E13	2359.0	73.0
5.7513597E13	2359.0	74.0
5.7513605E13	2359.0	74.0
5.7513618E13	2403.0	75.0
5.7513626E13	2403.0	77.0
5.751364E13	2403.0	77.0
5.7513647E13	2403.0	77.0
5.7513655E13	2460.0	77.0
5.751367E13	2460.0	79.0
5.7513676E13	2522.0	80.0
5.751369E13	2522.0	81.0
5.7513697E13	2522.0	81.0
5.7513706E13	2522.0	81.0
5.751372E13	2522.0	79.0
5.7513727E13	2582.0	78.0
5.7513735E13	2582.0	77.0
5.7513748E13	2582.0	76.0
5.7513756E13	2582.0	74.0
5.751377E13	2640.0	73.0
5.7513777E13	2640.0	74.0
5.7513785E13	2640.0	74.0
5.75138E13	2640.0	75.0
5.7513806E13	2694.0	74.0
5.751382E13	2694.0	74.0
5.7513827E13	2694.0	75.0
5.7513836E13	2740.0	76.0
5.751385E13	2740.0	76.0
5.7513857E13	2740.0	76.0
5.7513865E13	2740.0	75.0
5.7513878E13	2782.0	74.0
5.7513886E13	2782.0	73.0
5.75139E13	2782.0	72.0
5.7513907E13	2782.0	71.0
5.7513915E13	2807.0	71.0
5.751393E13	2807.0	71.0
5.7513936E13	2807.0	68.0
5.751395E13	2807.0	66.0
5.7513957E13	2820.0	65.0
5.7513966E13	2820.0	63.0
5.751398E13	2820.0	63.0
5.7513987E13	2837.0	64.0
5.7514E13	2837.0	66.0
5.751401E13	2837.0	71.0
5.7514016E13	2837.0	71.0
5.751403E13	2856.0	75.0
5.751404E13	2864.0	73.0
5.7514045E13	2864.0	73.0
5.751406E13	2864.0	73.0
5.7514066E13	2864.0	73.0
5.751408E13	2864.0	73.0
5.7514087E13	2864.0	73.0
5.7514096E13	2864.0	73.0
5.751411E13	2864.0	73.0
5.7514117E13	2864.0	73.0
5.751413E13	2864.0	73.0
5.7514138E13	2864.0	73.0
5.7514146E13	2864.0	73.0
5.751416E13	2864.0	73.0
5.7514167E13	2864.0	73.0
5.751418E13	2864.0	74.0
5.751419E13	2864.0	77.0
5.7514196E13	2864.0	80.0
5.751421E13	2864.0	80.0
5.7514217E13	2841.0	81.0
5.7514226E13	2841.0	82.0
5.751424E13	2841.0	82.0
5.7514247E13	2841.0	83.0
5.751426E13	2798.0	83.0
5.7514268E13	2798.0	82.0
5.7514276E13	2798.0	82.0
5.751429E13	2742.0	82.0
5.7514297E13	2742.0	82.0
5.751431E13	2742.0	83.0
5.751432E13	2742.0	84.0
5.7514326E13	2671.0	86.0
5.751434E13	2671.0	87.0
5.7514347E13	2671.0	86.0
5.7514356E13	2671.0	86.0
5.751437E13	2595.0	85.0
5.7514377E13	2595.0	83.0
5.751439E13	2595.0	81.0
5.7514398E13	2595.0	80.0
5.7514406E13	2522.0	80.0
5.751442E13	2522.0	80.0
5.7514427E13	2522.0	78.0
5.751444E13	2461.0	76.0
5.751445E13	2461.0	73.0
5.7514457E13	2461.0	72.0
5.751447E13	2461.0	72.0
5.7514477E13	2400.0	73.0
5.751449E13	2400.0	74.0
5.75145E13	2400.0	76.0
5.7514507E13	2400.0	76.0
5.751452E13	2337.0	76.0
5.7514528E13	2337.0	74.0
5.7514536E13	2337.0	70.0
5.751455E13	2337.0	65.0
5.7514557E13	2295.0	64.0
5.751457E13	2295.0	66.0
5.751458E13	2295.0	71.0
5.7514587E13	2289.0	77.0
5.75146E13	2289.0	77.0
5.7514608E13	2289.0	79.0
5.7514616E13	2289.0	79.0
5.751463E13	2283.0	80.0
5.7514637E13	2283.0	80.0
5.751465E13	2283.0	79.0
5.7514658E13	2283.0	80.0
5.7514666E13	2289.0	79.0
5.751468E13	2289.0	76.0
5.7514687E13	2289.0	73.0
5.75147E13	2289.0	72.0
5.751471E13	2312.0	69.0
5.7514717E13	2312.0	67.0
5.751473E13	2312.0	65.0
5.7514738E13	2358.0	65.0
5.751475E13	2358.0	68.0
5.751476E13	2358.0	71.0
5.7514767E13	2358.0	74.0
5.751478E13	2412.0	75.0
5.7514788E13	2412.0	76.0
5.7514796E13	2412.0	78.0
5.751481E13	2412.0	79.0
5.7514817E13	2470.0	80.0
5.751483E13	2470.0	81.0
5.751484E13	2470.0	82.0
5.7514847E13	2470.0	82.0
5.751486E13	2533.0	81.0
5.7514868E13	2533.0	80.0
5.751488E13	2533.0	78.0
5.751489E13	2594.0	77.0
5.7514897E13	2594.0	76.0
5.751491E13	2594.0	76.0
5.7514918E13	2594.0	76.0
5.7514926E13	2645.0	74.0
5.751494E13	2645.0	74.0
5.7514947E13	2645.0	73.0
5.751496E13	2645.0	73.0
5.751497E13	2688.0	73.0
5.7514977E13	2688.0	74.0
5.751499E13	2688.0	74.0
5.7514998E13	2688.0	75.0
5.751501E13	2725.0	77.0
5.751502E13	2725.0	78.0
5.7515027E13	2725.0	78.0
5.751504E13	2760.0	76.0
5.751505E13	2760.0	73.0
5.751506E13	2760.0	72.0
5.751507E13	2760.0	69.0
5.7515077E13	2782.0	69.0
5.751509E13	2782.0	69.0
5.75151E13	2782.0	69.0
5.7515107E13	2782.0	69.0
5.751512E13	2789.0	68.0
5.7515128E13	2789.0	67.0
5.751514E13	2789.0	66.0
5.751515E13	2790.0	65.0
5.7515157E13	2790.0	64.0
5.751517E13	2790.0	65.0
5.751518E13	2790.0	66.0
5.751519E13	2797.0	68.0
5.75152E13	2797.0	69.0
5.7515207E13	2797.0	71.0
5.751522E13	2797.0	73.0
5.751523E13	2806.0	74.0
5.751524E13	2806.0	75.0
5.751525E13	2806.0	75.0
5.7515258E13	2806.0	77.0
5.751527E13	2814.0	80.0
5.751528E13	2814.0	48.0
5.7515287E13	2814.0	83.0
5.75153E13	2815.0	79.0
5.751531E13	2815.0	79.0
5.751532E13	2815.0	78.0
5.751533E13	2815.0	77.0
5.7515337E13	2803.0	76.0
5.751535E13	2803.0	75.0
5.751536E13	2803.0	75.0
5.751537E13	2803.0	75.0
5.751538E13	2784.0	76.0
5.7515388E13	2784.0	77.0
5.75154E13	2784.0	79.0
5.751541E13	2784.0	80.0
5.7515417E13	2742.0	80.0
5.751543E13	2742.0	81.0
5.751544E13	2742.0	81.0
5.751545E13	2677.0	82.0
5.751546E13	2677.0	82.0
5.7515467E13	2677.0	82.0
5.751549E13	2593.0	84.0
5.75155E13	2593.0	85.0
5.7515518E13	2593.0	87.0
5.751554E13	2496.0	87.0
5.7515547E13	2496.0	84.0
5.751556E13	2404.0	84.0
5.751557E13	2404.0	82.0
5.751558E13	2404.0	80.0
5.751559E13	2328.0	77.0
5.7515597E13	2328.0	76.0
5.751561E13	2328.0	76.0
5.751562E13	2328.0	75.0
5.751563E13	2328.0	75.0
5.751564E13	2272.0	73.0
5.7515648E13	2272.0	74.0
5.751566E13	2272.0	74.0
5.751567E13	2237.0	76.0
5.751568E13	2237.0	73.0
5.751569E13	2237.0	70.0
5.75157E13	2237.0	69.0
5.751571E13	2237.0	69.0
5.751572E13	2210.0	69.0
5.7515727E13	2210.0	70.0
5.751574E13	2210.0	72.0
5.751575E13	2201.0	75.0
5.751576E13	2201.0	78.0
5.751577E13	2203.0	76.0
5.7515778E13	2203.0	76.0
5.751579E13	2203.0	76.0
5.75158E13	2203.0	76.0
5.751581E13	2203.0	75.0
5.751582E13	2203.0	73.0
5.751583E13	2210.0	69.0
5.751584E13	2210.0	67.0
5.751585E13	2210.0	65.0
5.7515857E13	2210.0	63.0
5.751587E13	2235.0	62.0
5.751588E13	2235.0	61.0
5.751589E13	2235.0	62.0
5.75159E13	2265.0	66.0
5.7515908E13	2265.0	73.0
5.751592E13	2265.0	73.0
5.751593E13	2265.0	75.0
5.751594E13	2298.0	76.0
5.751595E13	2298.0	76.0
5.751596E13	2298.0	77.0
5.751597E13	2298.0	77.0
5.751598E13	2345.0	77.0
5.7516E13	2345.0	76.0
5.751601E13	2345.0	78.0
5.751602E13	2409.0	80.0
5.751603E13	2409.0	82.0
5.7516038E13	2409.0	81.0
5.751605E13	2479.0	78.0
5.751606E13	2479.0	76.0
5.751607E13	2479.0	76.0
5.751609E13	2545.0	74.0
5.75161E13	2545.0	73.0
5.751611E13	2545.0	73.0
5.7516117E13	2545.0	73.0
5.751613E13	2603.0	72.0
5.751614E13	2603.0	73.0
5.751615E13	2603.0	75.0
5.751616E13	2603.0	76.0
5.7516168E13	2660.0	77.0
5.751618E13	2660.0	76.0
5.751619E13	2660.0	74.0
5.75162E13	2709.0	75.0
5.751621E13	2709.0	75.0
5.751622E13	2709.0	74.0
5.751623E13	2709.0	73.0
5.751624E13	2738.0	73.0
5.751625E13	2738.0	69.0
5.751626E13	2738.0	68.0
5.751627E13	2738.0	67.0
5.751628E13	2751.0	67.0
5.751629E13	2751.0	65.0
5.7516298E13	2751.0	64.0
5.751631E13	2751.0	64.0
5.751632E13	2758.0	64.0
5.751633E13	2758.0	65.0
5.751634E13	2758.0	67.0
5.751635E13	2768.0	68.0
5.751636E13	2768.0	70.0
5.751637E13	2768.0	73.0
5.751638E13	2768.0	76.0
5.751639E13	2771.0	78.0
5.75164E13	2771.0	79.0
5.751641E13	2771.0	80.0
5.751642E13	2771.0	82.0
5.7516428E13	2777.0	85.0
5.751644E13	2777.0	86.0
5.751645E13	2777.0	86.0
5.751646E13	2777.0	83.0
5.751647E13	2786.0	81.0
5.751648E13	2786.0	79.0
5.751649E13	2786.0	78.0
5.75165E13	2781.0	77.0
5.751651E13	2781.0	76.0
5.751652E13	2781.0	76.0
5.751653E13	2781.0	77.0
5.751654E13	2758.0	78.0
5.751655E13	2758.0	79.0
5.751656E13	2758.0	81.0
5.751657E13	2758.0	82.0
5.751658E13	2708.0	82.0
5.751659E13	2708.0	81.0
5.75166E13	2708.0	81.0
5.751661E13	2635.0	79.0
5.751662E13	2635.0	79.0
5.751663E13	2635.0	79.0
5.751664E13	2635.0	79.0
5.751665E13	2542.0	80.0
5.751666E13	2542.0	80.0
5.751667E13	2542.0	82.0
5.751668E13	2542.0	84.0
5.751669E13	2445.0	88.0
5.75167E13	2445.0	88.0
5.751671E13	2445.0	85.0
5.751672E13	2352.0	62.0
5.751673E13	2352.0	83.0
5.751674E13	2352.0	81.0
5.751675E13	2275.0	79.0
5.751676E13	2275.0	79.0
5.751677E13	2275.0	77.0
5.751678E13	2275.0	76.0
5.751679E13	2275.0	73.0
5.75168E13	2216.0	70.0
5.751681E13	2216.0	68.0
5.7516822E13	2216.0	66.0
5.751683E13	2216.0	70.0
5.751684E13	2178.0	75.0
5.751685E13	2178.0	77.0
5.751686E13	2178.0	74.0
5.751687E13	2178.0	71.0
5.751688E13	2162.0	69.0
5.751689E13	2162.0	69.0
5.75169E13	2162.0	71.0
5.751691E13	2161.0	74.0
5.751692E13	2161.0	76.0
5.751693E13	2161.0	76.0
5.751694E13	2161.0	76.0
5.7516952E13	2162.0	76.0
5.751696E13	2162.0	75.0
5.751697E13	2162.0	75.0
5.751698E13	2162.0	73.0
5.751699E13	2162.0	72.0
5.7517002E13	2162.0	71.0
5.751701E13	2162.0	67.0
5.751702E13	2162.0	59.0
5.751703E13	2170.0	57.0
5.751704E13	2170.0	56.0
5.751705E13	2170.0	57.0
5.7517065E13	2193.0	61.0
5.751707E13	2193.0	66.0
5.7517086E13	2193.0	73.0
5.751709E13	2224.0	74.0
5.75171E13	2224.0	74.0
5.751711E13	2224.0	77.0
5.751712E13	2224.0	77.0
5.751713E13	2224.0	78.0
5.751714E13	2275.0	78.0
5.751715E13	2275.0	78.0
5.751716E13	2275.0	77.0
5.751717E13	2275.0	76.0
5.751718E13	2346.0	77.0
5.751719E13	2346.0	77.0
5.75172E13	2346.0	77.0
5.7517212E13	2421.0	76.0
5.751722E13	2421.0	75.0
5.751723E13	2421.0	73.0
5.751724E13	2421.0	72.0
5.751725E13	2499.0	73.0
5.7517263E13	2499.0	75.0
5.751727E13	2499.0	74.0
5.751728E13	2499.0	73.0
5.751729E13	2573.0	73.0
5.75173E13	2573.0	75.0
5.751731E13	2573.0	76.0
5.751732E13	2573.0	76.0
5.751733E13	2630.0	75.0
5.7517342E13	2630.0	75.0
5.751735E13	2630.0	76.0
5.751736E13	2675.0	75.0
5.751737E13	2675.0	73.0
5.751738E13	2675.0	71.0
5.7517393E13	2675.0	71.0
5.75174E13	2708.0	70.0
5.751741E13	2708.0	70.0
5.751742E13	2708.0	69.0
5.751743E13	2708.0	68.0
5.7517443E13	2726.0	67.0
5.751745E13	2726.0	67.0
5.751746E13	2726.0	66.0
5.7517472E13	2726.0	66.0
5.751748E13	2730.0	67.0
5.751749E13	2730.0	68.0
5.75175E13	2730.0	68.0
5.751751E13	2738.0	69.0
5.7517523E13	2738.0	71.0
5.751753E13	2738.0	73.0
5.751754E13	2738.0	74.0
5.751755E13	2740.0	75.0
5.751756E13	2740.0	75.0
5.751757E13	2740.0	77.0
5.751758E13	2740.0	79.0
5.751759E13	2734.0	81.0
5.7517602E13	2734.0	82.0
5.751761E13	2734.0	81.0
5.751762E13	2734.0	79.0
5.751763E13	2722.0	75.0
5.751764E13	2722.0	75.0
5.7517653E13	2705.0	74.0
5.751766E13	2705.0	75.0
5.751767E13	2705.0	75.0
5.751768E13	2705.0	76.0
5.751769E13	2680.0	76.0
5.7517703E13	2680.0	80.0
5.751771E13	2680.0	82.0
5.751772E13	2680.0	84.0
5.7517732E13	2642.0	85.0
5.751774E13	2642.0	86.0
5.751775E13	2642.0	85.0
5.751776E13	2642.0	85.0
5.751777E13	2642.0	83.0
5.7517783E13	2587.0	82.0
5.751779E13	2587.0	80.0
5.75178E13	2587.0	79.0
5.751781E13	2515.0	80.0
5.751782E13	2515.0	82.0
5.7517833E13	2515.0	83.0
5.751784E13	2515.0	84.0
5.751785E13	2430.0	85.0
5.7517862E13	2430.0	84.0
5.751787E13	2430.0	83.0
5.751788E13	2430.0	83.0
5.751789E13	2352.0	83.0
5.75179E13	2352.0	83.0
5.7517913E13	2352.0	81.0
5.751792E13	2352.0	79.0
5.751793E13	2281.0	77.0
5.751794E13	2281.0	75.0
5.751795E13	2281.0	73.0
5.7517963E13	2225.0	72.0
5.751797E13	2225.0	71.0
5.751798E13	2225.0	73.0
5.7517992E13	2225.0	75.0
5.7518E13	2184.0	76.0
5.7518013E13	2184.0	75.0
5.751802E13	2184.0	74.0
5.751803E13	2184.0	73.0
5.7518043E13	2166.0	72.0
5.751805E13	2166.0	74.0
5.751806E13	2166.0	75.0
5.751807E13	2166.0	78.0
5.751808E13	2163.0	81.0
5.7518093E13	2163.0	79.0
5.75181E13	2163.0	78.0
5.751811E13	2162.0	77.0
5.7518122E13	2162.0	75.0
5.751813E13	2162.0	74.0
5.7518143E13	2162.0	72.0
5.751815E13	2166.0	71.0
5.751816E13	2166.0	68.0
5.7518173E13	2166.0	65.0
5.751818E13	2166.0	61.0
5.751819E13	2179.0	59.0
5.75182E13	2179.0	58.0
5.751821E13	2179.0	59.0
5.7518223E13	2179.0	63.0
5.751823E13	2204.0	67.0
5.751824E13	2204.0	71.0
5.7518252E13	2204.0	74.0
5.751826E13	2236.0	75.0
5.7518273E13	2236.0	75.0
5.751828E13	2236.0	76.0
5.751829E13	2236.0	77.0
5.7518303E13	2283.0	78.0
5.751831E13	2283.0	78.0
5.751832E13	2283.0	78.0
5.751833E13	2283.0	78.0
5.751834E13	2342.0	77.0
5.7518353E13	2342.0	78.0
5.751836E13	2342.0	78.0
5.751837E13	2403.0	78.0
5.7518382E13	2403.0	77.0
5.751839E13	2403.0	77.0
5.7518403E13	2403.0	75.0
5.751841E13	2471.0	74.0
5.751842E13	2471.0	73.0
5.7518433E13	2471.0	72.0
5.751844E13	2471.0	72.0
5.7518454E13	2536.0	72.0
5.751846E13	2536.0	73.0
5.751847E13	2536.0	73.0
5.7518483E13	2536.0	74.0
5.751849E13	2604.0	76.0
5.75185E13	2604.0	77.0
5.7518512E13	2604.0	77.0
5.751852E13	2665.0	77.0
5.7518533E13	2665.0	75.0
5.751854E13	2665.0	72.0
5.751855E13	2665.0	70.0
5.7518563E13	2712.0	68.0
5.751857E13	2712.0	68.0
5.7518584E13	2712.0	68.0
5.7518592E13	2712.0	68.0
5.75186E13	2731.0	67.0
5.7518613E13	2731.0	66.0
5.751862E13	2731.0	66.0
5.7518634E13	2743.0	67.0
5.7518642E13	2743.0	67.0
5.751865E13	2743.0	68.0
5.7518663E13	2743.0	69.0
5.751867E13	2751.0	72.0
5.751868E13	2751.0	72.0
5.7518693E13	2751.0	74.0
5.75187E13	2750.0	56.0
5.7518714E13	2750.0	77.0
5.7518722E13	2750.0	79.0
5.751873E13	2750.0	81.0
5.7518743E13	2750.0	81.0
5.751875E13	2751.0	82.0
5.7518764E13	2751.0	81.0
5.7518772E13	2751.0	79.0
5.751878E13	2751.0	77.0
5.7518793E13	2746.0	75.0
5.75188E13	2746.0	75.0
5.751881E13	2746.0	75.0
5.7518823E13	2732.0	74.0
5.751883E13	2732.0	74.0
5.7518844E13	2732.0	75.0
5.7518852E13	2732.0	76.0
5.751886E13	2707.0	79.0
5.7518873E13	2707.0	81.0
5.751888E13	2707.0	83.0
5.7518894E13	2707.0	84.0
5.7518902E13	2668.0	85.0
5.751891E13	2668.0	84.0
5.7518923E13	2668.0	83.0
5.751893E13	2668.0	82.0
5.7518944E13	2618.0	81.0
5.7518953E13	2618.0	80.0
5.751896E13	2618.0	80.0
5.7518974E13	2554.0	80.0
5.7518982E13	2554.0	81.0
5.751899E13	2554.0	85.0
5.7519003E13	2554.0	87.0
5.751901E13	2472.0	86.0
5.7519024E13	2472.0	85.0
5.7519033E13	2472.0	82.0
5.751904E13	2472.0	80.0
5.7519053E13	2394.0	82.0
5.7519074E13	2394.0	82.0
5.7519083E13	2394.0	80.0
5.751909E13	2336.0	78.0
5.7519104E13	2336.0	76.0
5.7519112E13	2336.0	75.0
5.751912E13	2293.0	75.0
5.7519133E13	2293.0	76.0
5.751914E13	2293.0	76.0
5.7519154E13	2293.0	77.0
5.7519163E13	2262.0	78.0
5.751917E13	2262.0	78.0
5.7519183E13	2262.0	75.0
5.751919E13	2262.0	74.0
5.7519204E13	2250.0	74.0
5.7519213E13	2250.0	76.0
5.751922E13	2250.0	78.0
5.7519234E13	2250.0	79.0
5.7519242E13	2247.0	81.0
5.7519255E13	2247.0	80.0
5.7519263E13	2247.0	77.0
5.751927E13	2251.0	56.0
5.7519284E13	2251.0	76.0
5.7519293E13	2251.0	76.0
5.75193E13	2251.0	74.0
5.7519314E13	2261.0	71.0
5.751932E13	2261.0	69.0
5.7519334E13	2261.0	66.0
5.7519343E13	2261.0	64.0
5.751935E13	2288.0	61.0
5.7519364E13	2288.0	61.0
5.7519372E13	2288.0	64.0
5.751938E13	2288.0	66.0
5.7519393E13	2320.0	69.0
5.75194E13	2320.0	71.0
5.7519414E13	2320.0	73.0
5.7519423E13	2354.0	75.0
5.751943E13	2354.0	76.0
5.7519444E13	2354.0	75.0
5.751945E13	2354.0	75.0
5.7519465E13	2403.0	75.0
5.7519473E13	2403.0	75.0
5.751948E13	2403.0	76.0
5.7519494E13	2403.0	77.0
5.7519502E13	2460.0	77.0
5.7519515E13	2460.0	77.0
5.7519523E13	2460.0	77.0
5.751953E13	2460.0	77.0
5.7519544E13	2521.0	77.0
5.7519553E13	2521.0	75.0
5.751956E13	2521.0	75.0
5.7519574E13	2584.0	74.0
5.751958E13	2584.0	73.0
5.7519595E13	2584.0	73.0
5.7519603E13	2584.0	73.0
5.751961E13	2644.0	73.0
5.7519624E13	2644.0	75.0
5.7519632E13	2644.0	76.0
5.7519645E13	2701.0	76.0
5.7519653E13	2701.0	76.0
5.751966E13	2701.0	76.0
5.7519674E13	2701.0	75.0
5.7519683E13	2701.0	75.0
5.751969E13	2750.0	71.0
5.7519704E13	2750.0	71.0
5.751971E13	2750.0	70.0
5.7519725E13	2795.0	71.0
5.7519733E13	2795.0	59.0
5.751974E13	2795.0	70.0
5.7519754E13	2816.0	69.0
5.7519762E13	2816.0	68.0
5.7519775E13	2816.0	68.0
5.7519783E13	2816.0	66.0
5.751979E13	2816.0	65.0
5.7519804E13	2843.0	66.0
5.7519813E13	2843.0	67.0
5.751984E13	2867.0	70.0
5.7519855E13	2867.0	70.0
5.7519863E13	2867.0	71.0
5.751987E13	2880.0	73.0
5.7519884E13	2880.0	74.0
5.7519892E13	2880.0	76.0
5.7519905E13	2880.0	78.0
5.7519913E13	2883.0	80.0
5.751992E13	2883.0	82.0
5.7519934E13	2883.0	82.0
5.7519943E13	2883.0	81.0
5.7519955E13	2875.0	81.0
5.7519964E13	2875.0	80.0
5.751997E13	2875.0	79.0
5.7519985E13	2865.0	79.0
5.7519993E13	2865.0	79.0
5.752E13	2865.0	79.0
5.7520014E13	2865.0	80.0
5.7520022E13	2849.0	81.0
5.7520035E13	2849.0	83.0
5.7520043E13	2849.0	83.0
5.752005E13	2849.0	83.0
5.7520064E13	2815.0	82.0
5.7520073E13	2815.0	81.0
5.7520085E13	2815.0	79.0
5.7520094E13	2815.0	78.0
5.7520106E13	2770.0	77.0
5.7520115E13	2770.0	77.0
5.7520123E13	2770.0	78.0
5.752014E13	2708.0	82.0
5.7520144E13	2708.0	87.0
5.7520152E13	2708.0	86.0
5.7520165E13	2644.0	85.0
5.7520173E13	2644.0	86.0
5.752018E13	2644.0	87.0
5.7520194E13	2644.0	86.0
5.7520203E13	2585.0	84.0
5.7520215E13	2585.0	84.0
5.7520224E13	2585.0	81.0
5.752023E13	2585.0	79.0
5.7520245E13	2585.0	78.0
5.7520253E13	2531.0	76.0
5.752026E13	2531.0	75.0
5.7520274E13	2531.0	75.0
5.7520282E13	2491.0	76.0
5.7520295E13	2491.0	76.0
5.7520303E13	2491.0	76.0
5.752031E13	2491.0	77.0
5.7520324E13	2458.0	78.0
5.7520333E13	2458.0	76.0
5.7520345E13	2458.0	73.0
5.7520354E13	2458.0	70.0
5.752036E13	2444.0	70.0
5.7520375E13	2444.0	72.0
5.7520383E13	2444.0	78.0
5.7520396E13	2444.0	83.0
5.7520404E13	2444.0	82.0
5.7520412E13	2444.0	77.0
5.7520425E13	2444.0	76.0
5.7520433E13	2453.0	76.0
5.752044E13	2453.0	76.0
5.7520454E13	2453.0	75.0
5.7520463E13	2453.0	73.0
5.7520475E13	2479.0	70.0
5.7520484E13	2479.0	68.0
5.7520492E13	2479.0	65.0
5.7520505E13	2479.0	62.0
5.7520513E13	2527.0	60.0
5.7520526E13	2527.0	59.0
5.7520534E13	2527.0	62.0
5.7520542E13	2527.0	65.0
5.7520555E13	2567.0	71.0
5.7520563E13	2567.0	74.0
5.752057E13	2567.0	75.0
5.7520584E13	2595.0	76.0
5.7520593E13	2595.0	77.0
5.7520605E13	2595.0	78.0
5.7520614E13	2595.0	78.0
5.7520622E13	2638.0	77.0
5.7520635E13	2638.0	77.0
5.7520643E13	2638.0	76.0
5.7520656E13	2638.0	77.0
5.7520664E13	2686.0	79.0
5.7520672E13	2686.0	79.0
5.7520685E13	2686.0	80.0
5.7520693E13	2686.0	80.0
5.7520706E13	2733.0	79.0
5.7520714E13	2733.0	79.0
5.7520723E13	2733.0	78.0
5.7520735E13	2782.0	75.0
5.7520744E13	2782.0	75.0
5.7520752E13	2782.0	74.0
5.7520765E13	2824.0	63.0
5.7520773E13	2824.0	75.0
5.7520786E13	2824.0	75.0
5.7520794E13	2824.0	62.0
5.7520802E13	2869.0	76.0
5.7520815E13	2869.0	76.0
5.7520823E13	2869.0	76.0
5.7520836E13	2869.0	74.0
5.7520844E13	2869.0	73.0
5.7520853E13	2914.0	73.0
5.7520865E13	2914.0	73.0
5.7520874E13	2914.0	72.0
5.7520882E13	2955.0	71.0
5.7520895E13	2955.0	71.0
5.7520903E13	2955.0	70.0
5.7520916E13	2955.0	69.0
5.7520924E13	2971.0	69.0
5.7520933E13	2971.0	67.0
5.7520945E13	2971.0	66.0
5.7520953E13	2971.0	66.0
5.7520966E13	2993.0	67.0
5.7520983E13	2993.0	71.0
5.7520995E13	2993.0	73.0
5.7521004E13	3007.0	74.0
5.7521012E13	3007.0	76.0
5.7521025E13	3007.0	77.0
5.7521033E13	3015.0	77.0
5.7521046E13	3015.0	78.0
5.7521054E13	3015.0	80.0
5.7521063E13	3015.0	82.0
5.7521075E13	3021.0	82.0
5.7521084E13	3021.0	80.0
5.7521096E13	3021.0	78.0
5.7521104E13	3021.0	76.0
5.7521113E13	3012.0	74.0
5.7521125E13	3012.0	73.0
5.7521134E13	3012.0	72.0
5.7521146E13	3012.0	72.0
5.7521155E13	2995.0	73.0
5.7521163E13	2995.0	73.0
5.7521176E13	2995.0	73.0
5.7521184E13	2972.0	74.0
5.7521193E13	2972.0	76.0
5.7521205E13	2972.0	78.0
5.7521214E13	2972.0	79.0
5.7521226E13	2923.0	79.0
5.7521235E13	2923.0	79.0
5.7521243E13	2923.0	78.0
5.7521255E13	2923.0	78.0
5.7521264E13	2833.0	77.0
5.7521276E13	2833.0	77.0
5.7521285E13	2833.0	78.0
5.7521293E13	2833.0	80.0
5.7521306E13	2728.0	82.0
5.7521314E13	2728.0	82.0
5.7521323E13	2728.0	82.0
5.7521335E13	2622.0	83.0
5.7521344E13	2622.0	84.0
5.7521356E13	2622.0	83.0
5.7521365E13	2622.0	81.0
5.7521373E13	2532.0	79.0
5.7521386E13	2532.0	78.0
5.7521394E13	2532.0	78.0
5.7521406E13	2532.0	77.0
5.7521415E13	2441.0	77.0
5.7521423E13	2441.0	76.0
5.7521436E13	2441.0	76.0
5.7521444E13	2374.0	75.0
5.7521453E13	2374.0	74.0
5.7521465E13	2374.0	72.0
5.7521474E13	2374.0	72.0
5.7521486E13	2346.0	74.0
5.7521495E13	2346.0	76.0
5.7521503E13	2346.0	72.0
5.7521516E13	2346.0	67.0
5.7521524E13	2338.0	69.0
5.7521536E13	2338.0	72.0
5.7521545E13	2338.0	74.0
5.7521553E13	2338.0	76.0
5.7521566E13	2335.0	77.0
5.7521574E13	2335.0	77.0
5.7521587E13	2335.0	77.0
5.7521595E13	2329.0	75.0
5.7521604E13	2329.0	74.0
5.7521616E13	2329.0	72.0
5.7521625E13	2329.0	70.0
5.7521633E13	2330.0	68.0
5.7521646E13	2330.0	66.0
5.7521654E13	2330.0	63.0
5.7521667E13	2330.0	59.0
5.7521675E13	2341.0	57.0
5.7521683E13	2341.0	60.0
5.7521696E13	2341.0	64.0
5.7521704E13	2341.0	64.0
5.7521717E13	2364.0	70.0
5.7521725E13	2364.0	71.0
5.7521734E13	2364.0	71.0
5.7521746E13	2390.0	73.0
5.7521755E13	2390.0	74.0
5.7521767E13	2390.0	76.0
5.7521776E13	2390.0	77.0
5.7521784E13	2436.0	77.0
5.7521797E13	2436.0	77.0
5.7521805E13	2436.0	77.0
5.7521813E13	2502.0	76.0
5.7521826E13	2502.0	76.0
5.7521834E13	2502.0	75.0
5.7521847E13	2502.0	76.0
5.7521855E13	2502.0	76.0
5.7521864E13	2576.0	74.0
5.7521876E13	2576.0	74.0
5.7521885E13	2576.0	73.0
5.7521897E13	2652.0	73.0
5.7521906E13	2652.0	73.0
5.7521914E13	2652.0	73.0
5.7521927E13	2652.0	73.0
5.7521935E13	2731.0	72.0
5.7521943E13	2731.0	72.0
5.7521956E13	2731.0	72.0
5.7521964E13	2731.0	73.0
5.7521977E13	2801.0	73.0
5.7521985E13	2801.0	74.0
5.7521994E13	2801.0	74.0
5.7522006E13	2801.0	74.0
5.7522015E13	2855.0	74.0
5.7522027E13	2855.0	73.0
5.7522036E13	2855.0	71.0
5.7522044E13	2886.0	69.0
5.7522057E13	2886.0	68.0
5.7522065E13	2886.0	68.0
5.7522073E13	2886.0	67.0
5.7522086E13	2901.0	67.0
5.7522094E13	2901.0	66.0
5.7522107E13	2901.0	67.0
5.7522115E13	2901.0	69.0
5.7522124E13	2909.0	71.0
5.7522136E13	2909.0	71.0
5.7522145E13	2909.0	72.0
5.7522157E13	2909.0	74.0
5.7522166E13	2918.0	77.0
5.7522174E13	2918.0	77.0
5.7522187E13	2918.0	77.0
5.7522195E13	2921.0	79.0
5.7522203E13	2921.0	81.0
5.7522216E13	2921.0	83.0
5.7522224E13	2914.0	83.0
5.7522237E13	2914.0	82.0
5.7522245E13	2914.0	81.0
5.7522254E13	2914.0	79.0
5.7522266E13	2882.0	78.0
5.7522275E13	2882.0	76.0
5.7522287E13	2882.0	75.0
5.7522296E13	2882.0	74.0
5.7522304E13	2823.0	74.0
5.7522317E13	2823.0	75.0
5.7522325E13	2823.0	75.0
5.7522338E13	2729.0	76.0
5.7522346E13	2729.0	77.0
5.7522354E13	2729.0	77.0
5.7522367E13	2729.0	76.0
5.7522375E13	2729.0	76.0
5.7522384E13	2619.0	75.0
5.7522396E13	2619.0	75.0
5.7522405E13	2619.0	76.0
5.7522417E13	2619.0	77.0
5.7522426E13	2512.0	78.0
5.7522434E13	2512.0	81.0
5.7522447E13	2512.0	83.0
5.7522455E13	2512.0	84.0
5.7522468E13	2405.0	86.0
5.7522476E13	2405.0	85.0
5.7522484E13	2307.0	82.0
5.7522497E13	2307.0	80.0
5.7522505E13	2307.0	78.0
5.7522514E13	2307.0	77.0
5.7522526E13	2307.0	77.0
5.7522535E13	2238.0	76.0
5.7522547E13	2238.0	76.0
5.7522556E13	2238.0	75.0
5.7522564E13	2238.0	75.0
5.7522577E13	2180.0	73.0
5.7522585E13	2180.0	72.0
5.7522598E13	2180.0	70.0
5.7522606E13	2180.0	67.0
5.7522614E13	2128.0	68.0
5.7522627E13	2128.0	72.0
5.7522635E13	2128.0	74.0
5.7522644E13	2085.0	73.0
5.7522656E13	2085.0	70.0
5.7522665E13	2085.0	69.0
5.7522677E13	2085.0	68.0
5.7522686E13	2059.0	70.0
5.7522694E13	2059.0	75.0
5.7522707E13	2059.0	81.0
5.7522715E13	2059.0	81.0
5.7522728E13	2043.0	80.0
5.7522736E13	2043.0	78.0
5.7522744E13	2043.0	77.0
5.7522757E13	2043.0	77.0
5.7522765E13	2029.0	75.0
5.7522774E13	2029.0	74.0
5.7522786E13	2029.0	72.0
5.7522795E13	2021.0	70.0
5.7522807E13	2021.0	69.0
5.7522816E13	2021.0	67.0
5.7522824E13	2021.0	64.0
5.7522837E13	2032.0	63.0
5.7522845E13	2032.0	63.0
5.7522858E13	2032.0	65.0
5.7522866E13	2032.0	69.0
5.7522874E13	2050.0	73.0
5.7522887E13	2050.0	75.0
5.7522895E13	2050.0	75.0
5.7522904E13	2050.0	75.0
5.7522916E13	2074.0	75.0
5.7522925E13	2074.0	76.0
5.7522937E13	2074.0	76.0
5.7522946E13	2107.0	77.0
5.7522954E13	2107.0	78.0
5.7522967E13	2107.0	79.0
5.7522975E13	2107.0	80.0
5.7522988E13	2155.0	80.0
5.7522996E13	2155.0	80.0
5.7523005E13	2155.0	80.0
5.7523017E13	2155.0	80.0
5.7523025E13	2213.0	79.0
5.752304E13	2213.0	78.0
5.7523046E13	2213.0	76.0
5.7523067E13	2272.0	72.0
5.7523076E13	2272.0	73.0
5.7523084E13	2272.0	73.0
5.7523097E13	2321.0	73.0
5.7523105E13	2321.0	74.0
5.7523118E13	2321.0	75.0
5.7523126E13	2321.0	75.0
5.7523135E13	2351.0	74.0
5.7523147E13	2351.0	74.0
5.7523156E13	2351.0	74.0
5.7523172E13	2351.0	73.0
5.7523176E13	2366.0	71.0
5.7523185E13	2366.0	71.0
5.7523197E13	2366.0	70.0
5.7523206E13	2369.0	68.0
5.7523214E13	2369.0	66.0
5.7523227E13	2369.0	65.0
5.7523235E13	2369.0	64.0
5.7523256E13	2361.0	61.0
5.7523265E13	2361.0	61.0
5.7523277E13	2361.0	63.0
5.7523286E13	2349.0	68.0
5.75233E13	2349.0	69.0
5.7523306E13	2349.0	72.0
5.7523315E13	2349.0	76.0
5.7523327E13	2342.0	79.0
5.7523336E13	2342.0	80.0
5.752335E13	2342.0	80.0
5.7523357E13	2334.0	82.0
5.7523365E13	2334.0	83.0
5.7523378E13	2334.0	84.0
5.7523386E13	2334.0	85.0
5.7523395E13	2314.0	84.0
5.7523407E13	2314.0	81.0
5.7523416E13	2314.0	79.0
5.752343E13	2314.0	77.0
5.7523437E13	2265.0	76.0
5.7523445E13	2265.0	75.0
5.7523457E13	2265.0	74.0
5.7523466E13	2265.0	73.0
5.752348E13	2208.0	73.0
5.7523487E13	2208.0	73.0
5.7523495E13	2208.0	75.0
5.7523508E13	2146.0	76.0
5.7523516E13	2146.0	77.0
5.752353E13	2146.0	77.0
5.7523537E13	2146.0	76.0
5.7523546E13	2105.0	76.0
5.752356E13	2105.0	76.0
5.7523567E13	2105.0	76.0
5.7523575E13	2105.0	76.0
5.7523588E13	2090.0	77.0
5.7523596E13	2090.0	78.0
5.752361E13	2090.0	80.0
5.7523617E13	2090.0	83.0
5.7523625E13	2079.0	85.0
5.7523638E13	2079.0	88.0
5.7523646E13	2079.0	88.0
5.752366E13	2071.0	84.0
5.7523667E13	2071.0	79.0
5.7523676E13	2071.0	79.0
5.752369E13	2061.0	79.0
5.7523697E13	2061.0	79.0
5.7523705E13	2061.0	79.0
5.7523718E13	2061.0	79.0
5.7523726E13	2061.0	77.0
5.752374E13	2057.0	72.0
5.7523747E13	2057.0	72.0
5.7523755E13	2057.0	70.0
5.7523768E13	2064.0	73.0
5.7523776E13	2064.0	76.0
5.752379E13	2064.0	76.0
5.7523797E13	2082.0	71.0
5.7523806E13	2082.0	71.0
5.752382E13	2082.0	69.0
5.7523827E13	2082.0	69.0
5.7523835E13	2082.0	71.0
5.7523848E13	2106.0	75.0
5.7523856E13	2106.0	78.0
5.752387E13	2106.0	80.0
5.7523877E13	2106.0	79.0
5.7523885E13	2124.0	78.0
5.7523898E13	2124.0	77.0
5.7523906E13	2124.0	76.0
5.752392E13	2124.0	76.0
5.7523927E13	2135.0	73.0
5.7523936E13	2135.0	70.0
5.752395E13	2135.0	68.0
5.7523957E13	2144.0	65.0
5.752397E13	2144.0	62.0
5.7523978E13	2144.0	59.0
5.7523986E13	2144.0	59.0
5.7524E13	2157.0	61.0
5.7524007E13	2157.0	65.0
5.7524015E13	2157.0	69.0
5.752403E13	2157.0	72.0
5.7524036E13	2179.0	74.0
5.752405E13	2179.0	74.0
5.7524057E13	2179.0	75.0
5.7524066E13	2179.0	77.0
5.752408E13	2209.0	77.0
5.75241E13	2209.0	79.0
5.7524108E13	2242.0	80.0
5.7524116E13	2242.0	80.0
5.752413E13	2242.0	79.0
5.7524137E13	2242.0	78.0
5.7524145E13	2264.0	78.0
5.752416E13	2264.0	77.0
5.7524166E13	2264.0	75.0
5.752418E13	2264.0	74.0
5.7524187E13	2284.0	73.0
5.7524196E13	2284.0	72.0
5.752421E13	2284.0	72.0
5.7524217E13	2284.0	72.0
5.752423E13	2303.0	73.0
5.7524238E13	2303.0	74.0
5.7524246E13	2303.0	74.0
5.752426E13	2328.0	75.0
5.7524267E13	2328.0	76.0
5.7524275E13	2328.0	77.0
5.752429E13	2328.0	76.0
5.7524296E13	2361.0	75.0
5.752431E13	2361.0	73.0
5.7524317E13	2361.0	72.0
5.7524326E13	2361.0	71.0
5.752434E13	2388.0	70.0
5.7524347E13	2388.0	70.0
5.752436E13	2388.0	69.0
5.7524368E13	2388.0	68.0
5.7524376E13	2409.0	67.0
5.752439E13	2409.0	66.0
5.7524397E13	2409.0	64.0
5.752441E13	2431.0	63.0
5.752442E13	2431.0	64.0
5.7524426E13	2431.0	67.0
5.752444E13	2431.0	69.0
5.7524447E13	2456.0	70.0
5.7524456E13	2456.0	72.0
5.752447E13	2456.0	74.0
5.7524477E13	2456.0	76.0
5.752449E13	2472.0	77.0
5.7524498E13	2472.0	78.0
5.7524506E13	2472.0	80.0
5.752452E13	2491.0	83.0
5.7524527E13	2491.0	85.0
5.752454E13	2491.0	87.0
5.752455E13	2491.0	86.0
5.7524556E13	2524.0	84.0
5.752457E13	2524.0	82.0
5.7524577E13	2524.0	80.0
5.7524586E13	2524.0	79.0
5.75246E13	2577.0	78.0
5.7524607E13	2577.0	78.0
5.752462E13	2577.0	77.0
5.7524628E13	2577.0	78.0
5.7524636E13	2646.0	78.0
5.752465E13	2646.0	79.0
5.7524657E13	2646.0	79.0
5.752467E13	2720.0	79.0
5.752468E13	2720.0	78.0
5.7524686E13	2720.0	77.0
5.75247E13	2775.0	76.0
5.7524707E13	2775.0	76.0
5.752472E13	2775.0	76.0
5.752473E13	2775.0	78.0
5.7524737E13	2775.0	78.0
5.752475E13	2788.0	80.0
5.7524758E13	2788.0	80.0
5.7524766E13	2788.0	80.0
5.752478E13	2788.0	85.0
5.7524787E13	2769.0	83.0
5.75248E13	2769.0	83.0
5.752481E13	2731.0	84.0
5.7524816E13	2731.0	81.0
5.752483E13	2731.0	78.0
5.7524837E13	2731.0	77.0
5.752485E13	2731.0	77.0
5.752486E13	2689.0	72.0
5.7524867E13	2689.0	69.0
5.752488E13	2689.0	67.0
5.7524888E13	2689.0	67.0
5.7524896E13	2661.0	69.0
5.752491E13	2661.0	71.0
5.7524917E13	2661.0	74.0
5.752493E13	2661.0	77.0
5.752494E13	2651.0	74.0
5.7524946E13	2651.0	70.0
5.752496E13	2651.0	69.0
5.7524967E13	2655.0	70.0
5.752498E13	2655.0	73.0
5.752499E13	2655.0	77.0
5.7524997E13	2655.0	80.0
5.752501E13	2669.0	80.0
5.7525018E13	2669.0	79.0
5.7525026E13	2669.0	77.0
5.752504E13	2669.0	77.0
5.7525047E13	2677.0	76.0
5.752506E13	2677.0	74.0
5.752507E13	2677.0	71.0
5.7525076E13	2677.0	67.0
5.752509E13	2685.0	64.0
5.7525097E13	2685.0	61.0
5.752511E13	2685.0	58.0
5.752512E13	2699.0	57.0
5.7525127E13	2699.0	60.0
5.752514E13	2699.0	64.0
5.7525148E13	2699.0	69.0
5.752516E13	2723.0	72.0
5.752517E13	2723.0	75.0
5.7525177E13	2723.0	76.0
5.752519E13	2723.0	76.0
5.75252E13	2763.0	77.0
5.7525207E13	2763.0	77.0
5.752522E13	2763.0	78.0
5.7525227E13	2763.0	77.0
5.752524E13	2820.0	77.0
5.752525E13	2820.0	78.0
5.7525257E13	2820.0	78.0
5.752527E13	2879.0	79.0
5.7525278E13	2879.0	77.0
5.752529E13	2879.0	75.0
5.75253E13	2879.0	73.0
5.7525307E13	2925.0	71.0
5.752532E13	2925.0	70.0
5.752533E13	2925.0	70.0
5.7525337E13	2925.0	71.0
5.752535E13	2973.0	72.0
5.7525358E13	2973.0	73.0
5.752537E13	2973.0	75.0
5.752538E13	2973.0	75.0
5.7525387E13	3020.0	76.0
5.75254E13	3020.0	76.0
5.7525408E13	3020.0	75.0
5.752542E13	3068.0	74.0
5.752543E13	3068.0	73.0
5.7525437E13	3068.0	72.0
5.752545E13	3068.0	74.0
5.752546E13	3105.0	74.0
5.7525467E13	3105.0	73.0
5.752548E13	3105.0	73.0
5.7525488E13	3105.0	73.0
5.75255E13	3128.0	72.0
5.752551E13	3128.0	70.0
5.7525517E13	3128.0	69.0
5.752553E13	3128.0	67.0
5.7525538E13	3143.0	66.0
5.752555E13	3143.0	65.0
5.752556E13	3143.0	65.0
5.7525567E13	3170.0	67.0
5.752558E13	3170.0	67.0
5.752559E13	3170.0	67.0
5.75256E13	3170.0	70.0
5.752561E13	3187.0	73.0
5.7525618E13	3187.0	75.0
5.752563E13	3187.0	75.0
5.752564E13	3187.0	74.0
5.7525647E13	3203.0	77.0
5.752566E13	3203.0	81.0
5.7525668E13	3203.0	84.0
5.752568E13	3203.0	87.0
5.752569E13	3210.0	87.0
5.7525697E13	3210.0	84.0
5.752571E13	3217.0	79.0
5.752572E13	3217.0	78.0
5.752573E13	3217.0	78.0
5.752574E13	3217.0	78.0
5.7525748E13	3222.0	78.0
5.752576E13	3222.0	78.0
5.752577E13	3222.0	79.0
5.7525777E13	3222.0	79.0
5.752579E13	3210.0	79.0
5.75258E13	3210.0	78.0
5.752581E13	3210.0	78.0
5.752582E13	3210.0	77.0
5.7525827E13	3174.0	76.0
5.752584E13	3174.0	76.0
5.752585E13	3174.0	78.0
5.752586E13	3105.0	80.0
5.752587E13	3105.0	80.0
5.752589E13	3105.0	82.0
5.75259E13	3105.0	85.0
5.752591E13	3014.0	87.0
5.752592E13	3014.0	85.0
5.752594E13	3014.0	84.0
5.752595E13	2924.0	84.0
5.7525957E13	2924.0	83.0
5.752597E13	2924.0	82.0
5.752598E13	2924.0	79.0
5.752599E13	2850.0	77.0
5.7526E13	2850.0	75.0
5.7526008E13	2850.0	73.0
5.752602E13	2780.0	72.0
5.752603E13	2780.0	71.0
5.7526037E13	2780.0	70.0
5.752605E13	2780.0	70.0
5.752606E13	2715.0	71.0
5.752607E13	2715.0	74.0
5.752608E13	2715.0	78.0
5.7526087E13	2715.0	79.0
5.75261E13	2663.0	77.0
5.752611E13	2663.0	76.0
5.752612E13	2663.0	75.0
5.752613E13	2632.0	74.0
5.7526138E13	2632.0	76.0
5.752615E13	2632.0	79.0
5.752616E13	2632.0	81.0
5.7526167E13	2613.0	83.0
5.752618E13	2613.0	80.0
5.752619E13	2613.0	77.0
5.75262E13	2613.0	77.0
5.752621E13	2604.0	76.0
5.7526217E13	2604.0	75.0
5.752623E13	2604.0	71.0
5.752624E13	2604.0	71.0
5.752625E13	2613.0	69.0
5.752626E13	2613.0	67.0
5.752628E13	2648.0	63.0
5.752629E13	2648.0	62.0
5.75263E13	2648.0	65.0
5.752631E13	2648.0	68.0
5.752632E13	2690.0	72.0
5.752633E13	2690.0	74.0
5.752634E13	2690.0	75.0
5.7526347E13	2690.0	75.0
5.752636E13	2727.0	77.0
5.752637E13	2727.0	78.0
5.752638E13	2727.0	79.0
5.752639E13	2727.0	79.0
5.7526398E13	2779.0	79.0
5.752641E13	2779.0	78.0
5.752642E13	2779.0	78.0
5.752643E13	2841.0	78.0
5.752644E13	2841.0	76.0
5.752645E13	2841.0	74.0
5.752646E13	2841.0	74.0
5.752647E13	2911.0	74.0
5.7526477E13	2911.0	74.0
5.75265E13	2911.0	73.0
5.752652E13	2972.0	75.0
5.7526528E13	2972.0	75.0
5.752654E13	2972.0	77.0
5.752655E13	3023.0	77.0
5.752656E13	3023.0	78.0
5.752657E13	3023.0	77.0
5.752658E13	3057.0	75.0
5.752659E13	3057.0	74.0
5.75266E13	3057.0	73.0
5.752661E13	3057.0	72.0
5.752662E13	3079.0	73.0
5.752664E13	3079.0	71.0
5.752665E13	3079.0	68.0
5.7526658E13	3092.0	66.0
5.752667E13	3092.0	64.0
5.752668E13	3092.0	63.0
5.752669E13	3092.0	62.0
5.75267E13	3094.0	62.0
5.752671E13	3094.0	63.0
5.752672E13	3094.0	66.0
5.752673E13	3106.0	68.0
5.752674E13	3106.0	69.0
5.752675E13	3106.0	72.0
5.752676E13	3106.0	74.0
5.752677E13	3108.0	75.0
5.752678E13	3108.0	76.0
5.7526788E13	3108.0	78.0
5.75268E13	3108.0	82.0
5.752681E13	3108.0	82.0
5.752682E13	3108.0	83.0
5.752683E13	3108.0	83.0
5.752684E13	3108.0	81.0
5.752685E13	3102.0	79.0
5.752686E13	3102.0	76.0
5.752687E13	3102.0	76.0
5.752688E13	3070.0	77.0
5.752689E13	3070.0	77.0
5.75269E13	3070.0	77.0
5.752691E13	3070.0	77.0
5.7526918E13	3019.0	77.0
5.752693E13	3019.0	77.0
5.752694E13	3019.0	78.0
5.752695E13	3019.0	79.0
5.752696E13	2934.0	80.0
5.752697E13	2934.0	79.0
5.752698E13	2934.0	78.0
5.752699E13	2934.0	77.0
5.7527E13	2818.0	75.0
5.752701E13	2818.0	75.0
5.752702E13	2818.0	74.0
5.752703E13	2685.0	75.0
5.752704E13	2685.0	77.0
5.752705E13	2685.0	80.0
5.752706E13	2685.0	82.0
5.752707E13	2560.0	86.0
5.752708E13	2560.0	88.0
5.752709E13	2560.0	82.0
5.7527102E13	2560.0	80.0
5.752711E13	2460.0	82.0
5.752712E13	2460.0	83.0
5.752713E13	2460.0	82.0
5.752714E13	2460.0	80.0
5.752715E13	2390.0	80.0
5.752716E13	2390.0	79.0
5.752717E13	2390.0	76.0
5.752718E13	2329.0	74.0
5.752719E13	2329.0	72.0
5.75272E13	2329.0	69.0
5.752721E13	2329.0	73.0
5.752722E13	2283.0	76.0
5.7527232E13	2283.0	76.0
5.752724E13	2283.0	74.0
5.752725E13	2258.0	72.0
5.752726E13	2258.0	72.0
5.752727E13	2258.0	74.0
5.752728E13	2258.0	79.0
5.752729E13	2246.0	80.0
5.75273E13	2246.0	79.0
5.752731E13	2246.0	78.0
5.752732E13	2237.0	78.0
5.752733E13	2237.0	77.0
5.752734E13	2237.0	75.0
5.752735E13	2237.0	73.0
5.7527362E13	2230.0	70.0
5.752737E13	2230.0	67.0
5.752738E13	2230.0	64.0
5.752739E13	2230.0	62.0
5.75274E13	2232.0	61.0
5.752741E13	2232.0	62.0
5.752742E13	2232.0	63.0
5.752743E13	2232.0	63.0
5.752744E13	2232.0	66.0
5.752745E13	2253.0	69.0
5.752746E13	2253.0	72.0
5.752747E13	2253.0	73.0
5.752748E13	2283.0	74.0
5.7527492E13	2283.0	74.0
5.75275E13	2283.0	75.0
5.752751E13	2283.0	75.0
5.752752E13	2316.0	76.0
5.752753E13	2316.0	77.0
5.752754E13	2316.0	77.0
5.752755E13	2316.0	77.0
5.752756E13	2363.0	76.0
5.7527572E13	2363.0	76.0
5.752758E13	2363.0	76.0
5.752759E13	2417.0	75.0
5.75276E13	2417.0	74.0
5.752761E13	2417.0	74.0
5.7527622E13	2417.0	74.0
5.752763E13	2475.0	73.0
5.752764E13	2475.0	72.0
5.752765E13	2475.0	72.0
5.752766E13	2475.0	73.0
5.7527673E13	2530.0	73.0
5.752768E13	2530.0	73.0
5.752769E13	2530.0	73.0
5.7527702E13	2530.0	74.0
5.752771E13	2576.0	74.0
5.752772E13	2576.0	73.0
5.7527736E13	2611.0	71.0
5.752774E13	2611.0	71.0
5.7527752E13	2611.0	72.0
5.752776E13	2611.0	72.0
5.752777E13	2639.0	70.0
5.752778E13	2639.0	69.0
5.752779E13	2639.0	69.0
5.7527803E13	2639.0	70.0
5.752781E13	2642.0	69.0
5.752782E13	2642.0	67.0
5.7527832E13	2642.0	67.0
5.752784E13	2642.0	64.0
5.752785E13	2642.0	64.0
5.752786E13	2641.0	65.0
5.752787E13	2641.0	50.0
5.7527882E13	2639.0	72.0
5.752789E13	2639.0	72.0
5.75279E13	2639.0	74.0
5.752791E13	2639.0	77.0
5.752792E13	2639.0	77.0
5.7527933E13	2639.0	77.0
5.752794E13	2639.0	78.0
5.752795E13	2639.0	80.0
5.7527962E13	2634.0	84.0
5.752797E13	2634.0	84.0
5.7527983E13	2634.0	86.0
5.752799E13	2634.0	83.0
5.7528E13	2622.0	75.0
5.7528013E13	2622.0	73.0
5.752802E13	2622.0	73.0
5.752803E13	2622.0	72.0
5.752804E13	2585.0	72.0
5.752806E13	2585.0	71.0
5.7528063E13	2585.0	71.0
5.7528075E13	2536.0	73.0
5.752808E13	2536.0	73.0
5.7528092E13	2536.0	74.0
5.75281E13	2536.0	75.0
5.752811E13	2477.0	74.0
5.752812E13	2477.0	74.0
5.752813E13	2477.0	74.0
5.7528143E13	2477.0	73.0
5.752815E13	2477.0	73.0
5.752816E13	2418.0	74.0
5.752817E13	2418.0	77.0
5.752818E13	2361.0	82.0
5.7528193E13	2361.0	84.0
5.75282E13	2361.0	85.0
5.752821E13	2361.0	85.0
5.7528222E13	2307.0	83.0
5.752823E13	2307.0	83.0
5.752824E13	2307.0	81.0
5.752825E13	2307.0	79.0
5.752826E13	2307.0	77.0
5.7528273E13	2260.0	77.0
5.752828E13	2260.0	78.0
5.752829E13	2260.0	79.0
5.75283E13	2260.0	78.0
5.752831E13	2225.0	76.0
5.7528323E13	2225.0	73.0
5.752833E13	2225.0	72.0
5.752834E13	2195.0	72.0
5.7528352E13	2195.0	74.0
5.752836E13	2195.0	75.0
5.7528373E13	2178.0	75.0
5.752838E13	2178.0	75.0
5.752839E13	2178.0	69.0
5.7528403E13	2178.0	69.0
5.752841E13	2178.0	67.0
5.752842E13	2178.0	71.0
5.752843E13	2178.0	75.0
5.752844E13	2178.0	75.0
5.7528453E13	2178.0	77.0
5.752846E13	2188.0	78.0
5.752847E13	2188.0	78.0
5.7528482E13	2188.0	77.0
5.752849E13	2196.0	76.0
5.7528503E13	2196.0	75.0
5.752851E13	2196.0	74.0
5.752852E13	2196.0	72.0
5.7528533E13	2205.0	69.0
5.752854E13	2205.0	66.0
5.752855E13	2205.0	63.0
5.752856E13	2205.0	60.0
5.752857E13	2214.0	59.0
5.7528583E13	2214.0	61.0
5.752859E13	2214.0	65.0
5.75286E13	2214.0	69.0
5.7528612E13	2227.0	73.0
5.752862E13	2227.0	74.0
5.7528633E13	2227.0	74.0
5.752864E13	2257.0	74.0
5.752865E13	2257.0	75.0
5.7528663E13	2257.0	75.0
5.752867E13	2257.0	76.0
5.752868E13	2298.0	77.0
5.752869E13	2298.0	77.0
5.75287E13	2298.0	78.0
5.7528713E13	2298.0	78.0
5.752872E13	2348.0	79.0
5.752873E13	2348.0	79.0
5.7528742E13	2348.0	79.0
5.752875E13	2348.0	78.0
5.7528763E13	2395.0	75.0
5.752877E13	2395.0	73.0
5.752878E13	2395.0	72.0
5.7528793E13	2435.0	71.0
5.75288E13	2435.0	69.0
5.752881E13	2435.0	69.0
5.752882E13	2435.0	71.0
5.752883E13	2475.0	72.0
5.7528843E13	2475.0	74.0
5.752885E13	2475.0	74.0
5.752886E13	2475.0	74.0
5.7528872E13	2514.0	74.0
5.752888E13	2514.0	74.0
5.7528893E13	2514.0	73.0
5.75289E13	2514.0	71.0
5.752891E13	2546.0	70.0
5.7528923E13	2546.0	69.0
5.752893E13	2546.0	68.0
5.7528944E13	2567.0	67.0
5.752895E13	2567.0	65.0
5.752896E13	2567.0	64.0
5.7528973E13	2567.0	63.0
5.752898E13	2581.0	62.0
5.752899E13	2581.0	63.0
5.752901E13	2581.0	66.0
5.7529023E13	2599.0	68.0
5.752903E13	2599.0	70.0
5.752904E13	2599.0	72.0
5.7529053E13	2599.0	74.0
5.752906E13	2619.0	75.0
5.7529074E13	2619.0	76.0
5.752908E13	2619.0	77.0
5.752909E13	2627.0	80.0
5.7529103E13	2627.0	83.0
5.752911E13	2627.0	85.0
5.7529124E13	2627.0	86.0
5.7529132E13	2637.0	85.0
5.752914E13	2637.0	83.0
5.7529153E13	2637.0	81.0
5.752916E13	2637.0	80.0
5.752917E13	2648.0	80.0
5.7529183E13	2648.0	80.0
5.752919E13	2648.0	80.0
5.7529204E13	2661.0	79.0
5.752921E13	2661.0	79.0
5.752922E13	2661.0	78.0
5.7529233E13	2661.0	79.0
5.752924E13	2668.0	78.0
5.7529254E13	2668.0	78.0
5.7529262E13	2668.0	77.0
5.752927E13	2668.0	77.0
5.7529283E13	2652.0	77.0
5.752929E13	2652.0	77.0
5.7529304E13	2652.0	77.0
5.7529313E13	2652.0	78.0
5.752932E13	2619.0	78.0
5.7529334E13	2619.0	80.0
5.7529342E13	2619.0	82.0
5.752935E13	2562.0	84.0
5.7529363E13	2562.0	86.0
5.752937E13	2562.0	88.0
5.7529384E13	2562.0	88.0
5.7529392E13	2487.0	86.0
5.75294E13	2487.0	84.0
5.7529413E13	2487.0	82.0
5.752942E13	2487.0	80.0
5.752943E13	2404.0	78.0
5.7529443E13	2404.0	78.0
5.752945E13	2404.0	77.0
5.7529464E13	2404.0	74.0
5.7529472E13	2355.0	70.0
5.752948E13	2355.0	69.0
5.7529493E13	2355.0	73.0
5.75295E13	2315.0	75.0
5.7529514E13	2315.0	76.0
5.7529522E13	2315.0	77.0
5.752953E13	2315.0	75.0
5.7529543E13	2295.0	71.0
5.752955E13	2295.0	71.0
5.7529564E13	2295.0	73.0
5.7529573E13	2295.0	77.0
5.752958E13	2293.0	79.0
5.7529594E13	2293.0	79.0
5.7529602E13	2293.0	77.0
5.7529615E13	2293.0	77.0
5.7529623E13	2291.0	77.0
5.752963E13	2291.0	76.0
5.7529644E13	2291.0	74.0
5.7529652E13	2293.0	72.0
5.752966E13	2293.0	69.0
5.7529673E13	2293.0	67.0
5.752968E13	2293.0	64.0
5.7529694E13	2299.0	62.0
5.7529703E13	2299.0	62.0
5.752971E13	2299.0	64.0
5.7529724E13	2321.0	67.0
5.7529732E13	2321.0	67.0
5.7529745E13	2321.0	72.0
5.7529753E13	2321.0	72.0
5.752976E13	2321.0	73.0
5.7529774E13	2338.0	74.0
5.7529783E13	2338.0	74.0
5.752979E13	2338.0	77.0
5.7529803E13	2369.0	78.0
5.752981E13	2369.0	78.0
5.7529824E13	2369.0	78.0
5.7529862E13	2417.0	80.0
5.7529875E13	2417.0	80.0
5.7529883E13	2472.0	79.0
5.7529904E13	2472.0	77.0
5.7529913E13	2472.0	76.0
5.752992E13	2520.0	75.0
5.7529933E13	2520.0	74.0
5.752994E13	2520.0	72.0
5.7529954E13	2567.0	72.0
5.7529963E13	2567.0	72.0
5.752997E13	2567.0	72.0
5.7529984E13	2567.0	71.0
5.7529992E13	2627.0	72.0
5.7530005E13	2627.0	73.0
5.7530013E13	2627.0	74.0
5.753002E13	2627.0	74.0
5.7530034E13	2657.0	74.0
5.7530043E13	2657.0	74.0
5.7530055E13	2657.0	73.0
5.7530064E13	2657.0	71.0
5.753007E13	2688.0	69.0
5.7530084E13	2688.0	68.0
5.7530093E13	2688.0	68.0
5.75301E13	2708.0	68.0
5.7530114E13	2708.0	67.0
5.7530122E13	2708.0	67.0
5.7530135E13	2708.0	66.0
5.7530143E13	2719.0	67.0
5.753015E13	2719.0	70.0
5.7530164E13	2719.0	73.0
5.7530173E13	2719.0	74.0
5.7530185E13	2724.0	75.0
5.7530194E13	2724.0	76.0
5.75302E13	2724.0	78.0
5.7530215E13	2724.0	79.0
5.7530223E13	2718.0	79.0
5.753023E13	2718.0	80.0
5.7530244E13	2718.0	82.0
5.7530252E13	2720.0	85.0
5.7530265E13	2720.0	86.0
5.7530273E13	2720.0	85.0
5.753028E13	2720.0	80.0
5.7530294E13	2715.0	77.0
5.7530303E13	2715.0	74.0
5.7530315E13	2715.0	73.0
5.7530324E13	2715.0	74.0
5.753033E13	2701.0	74.0
5.7530345E13	2701.0	75.0
5.7530353E13	2701.0	75.0
5.753036E13	2701.0	76.0
5.7530374E13	2687.0	77.0
5.7530382E13	2687.0	78.0
5.7530395E13	2687.0	77.0
5.7530403E13	2655.0	77.0
5.753041E13	2655.0	76.0
5.7530424E13	2655.0	76.0
5.7530433E13	2655.0	76.0
5.7530445E13	2586.0	77.0
5.7530454E13	2586.0	78.0
5.753046E13	2586.0	82.0
5.7530475E13	2497.0	84.0
5.7530483E13	2497.0	86.0
5.753049E13	2497.0	87.0
5.7530504E13	2497.0	83.0
5.7530512E13	2408.0	81.0
5.7530525E13	2408.0	80.0
5.7530533E13	2408.0	80.0
5.753054E13	2329.0	80.0
5.7530554E13	2329.0	81.0
5.7530563E13	2329.0	81.0
5.7530575E13	2329.0	80.0
5.7530584E13	2262.0	77.0
5.753059E13	2262.0	74.0
5.7530605E13	2262.0	74.0
5.7530613E13	2262.0	72.0
5.7530626E13	2207.0	72.0
5.7530634E13	2207.0	76.0
5.7530642E13	2207.0	76.0
5.7530655E13	2207.0	78.0
5.7530663E13	2171.0	78.0
5.753067E13	2171.0	77.0
5.7530684E13	2171.0	76.0
5.7530693E13	2171.0	73.0
5.7530705E13	2160.0	72.0
5.7530714E13	2160.0	72.0
5.753072E13	2160.0	75.0
5.7530735E13	2160.0	80.0
5.7530743E13	2158.0	80.0
5.7530756E13	2158.0	79.0
5.7530764E13	2158.0	76.0
5.7530772E13	2150.0	75.0
5.7530785E13	2150.0	73.0
5.7530793E13	2150.0	71.0
5.75308E13	2140.0	68.0
5.7530814E13	2140.0	68.0
5.7530823E13	2140.0	60.0
5.7530835E13	2140.0	60.0
5.7530844E13	2140.0	56.0
5.753085E13	2132.0	54.0
5.7530865E13	2132.0	59.0
5.7530873E13	2132.0	67.0
5.7530886E13	2141.0	72.0
5.7530894E13	2141.0	75.0
5.7530902E13	2141.0	75.0
5.7530915E13	2141.0	75.0
5.7530923E13	2141.0	75.0
5.753093E13	2165.0	75.0
5.7530944E13	2165.0	74.0
5.7530953E13	2165.0	75.0
5.7530965E13	2203.0	75.0
5.7530974E13	2203.0	76.0
5.753098E13	2203.0	78.0
5.7530995E13	2203.0	79.0
5.7531003E13	2249.0	79.0
5.7531016E13	2249.0	78.0
5.7531024E13	2249.0	76.0
5.7531032E13	2249.0	75.0
5.7531045E13	2290.0	73.0
5.7531053E13	2290.0	73.0
5.753106E13	2290.0	73.0
5.7531074E13	2290.0	73.0
5.7531083E13	2330.0	73.0
5.7531095E13	2330.0	75.0
5.7531104E13	2330.0	74.0
5.753111E13	2368.0	74.0
5.7531125E13	2368.0	74.0
5.7531133E13	2368.0	75.0
5.7531146E13	2368.0	75.0
5.7531154E13	2405.0	76.0
5.7531162E13	2405.0	77.0
5.7531175E13	2405.0	77.0
5.7531183E13	2405.0	75.0
5.753119E13	2429.0	73.0
5.7531204E13	2429.0	72.0
5.7531213E13	2429.0	71.0
5.7531225E13	2429.0	71.0
5.7531234E13	2448.0	70.0
5.7531242E13	2448.0	69.0
5.7531255E13	2448.0	69.0
5.7531263E13	2459.0	67.0
5.7531276E13	2459.0	66.0
5.7531284E13	2459.0	66.0
5.7531292E13	2459.0	68.0
5.7531305E13	2465.0	70.0
5.7531313E13	2465.0	71.0
5.753132E13	2465.0	72.0
5.7531334E13	2465.0	75.0
5.7531343E13	2467.0	78.0
5.7531355E13	2467.0	80.0
5.7531364E13	2467.0	79.0
5.7531372E13	2467.0	79.0
5.7531385E13	2454.0	81.0
5.7531393E13	2454.0	86.0
5.7531406E13	2447.0	88.0
5.7531414E13	2447.0	88.0
5.7531422E13	2447.0	86.0
5.7531435E13	2447.0	82.0
5.7531443E13	2447.0	79.0
5.7531456E13	2427.0	77.0
5.7531464E13	2427.0	77.0
5.7531473E13	2427.0	76.0
5.7531485E13	2427.0	76.0
5.7531494E13	2403.0	75.0
5.7531502E13	2403.0	75.0
5.7531515E13	2403.0	74.0
5.7531523E13	2403.0	74.0
5.7531536E13	2381.0	73.0
5.7531544E13	2381.0	72.0
5.7531552E13	2381.0	72.0
5.7531565E13	2352.0	70.0
5.7531573E13	2352.0	69.0
5.7531586E13	2352.0	68.0
5.7531594E13	2352.0	69.0
5.7531603E13	2309.0	70.0
5.7531615E13	2309.0	72.0
5.7531624E13	2309.0	75.0
5.7531636E13	2309.0	79.0
5.7531645E13	2255.0	85.0
5.7531653E13	2255.0	85.0
5.7531666E13	2255.0	83.0
5.7531674E13	2255.0	82.0
5.7531683E13	2196.0	82.0
5.7531695E13	2196.0	80.0
5.7531703E13	2196.0	79.0
5.7531716E13	2157.0	77.0
5.7531724E13	2157.0	74.0
5.7531733E13	2157.0	73.0
5.7531745E13	2157.0	72.0
5.7531754E13	2123.0	69.0
5.7531766E13	2123.0	67.0
5.7531775E13	2123.0	68.0
5.7531783E13	2123.0	68.0
5.7531796E13	2102.0	72.0
5.7531804E13	2102.0	72.0
5.7531813E13	2102.0	75.0
5.7531825E13	2102.0	76.0
5.7531834E13	2098.0	75.0
5.7531846E13	2098.0	72.0
5.7531854E13	2098.0	71.0
5.7531863E13	2108.0	72.0
5.7531875E13	2108.0	77.0
5.7531884E13	2108.0	79.0
5.7531896E13	2108.0	81.0
5.7531905E13	2128.0	79.0
5.7531913E13	2128.0	77.0
5.7531926E13	2128.0	77.0
5.7531934E13	2128.0	76.0
5.7531943E13	2140.0	74.0
5.7531955E13	2140.0	71.0
5.7531964E13	2140.0	68.0
5.7531976E13	2140.0	65.0
5.7531985E13	2147.0	61.0
5.7531993E13	2147.0	58.0
5.7532005E13	2147.0	56.0
5.7532014E13	2156.0	57.0
5.7532026E13	2156.0	62.0
5.7532035E13	2156.0	68.0
5.7532043E13	2156.0	74.0
5.7532056E13	2168.0	76.0
5.7532064E13	2168.0	76.0
5.7532077E13	2168.0	76.0
5.7532085E13	2168.0	76.0
5.7532094E13	2195.0	77.0
5.7532106E13	2195.0	77.0
5.7532115E13	2195.0	77.0
5.7532123E13	2195.0	77.0
5.7532136E13	2227.0	79.0
5.7532144E13	2227.0	81.0
5.7532156E13	2227.0	81.0
5.7532165E13	2253.0	80.0
5.7532173E13	2253.0	79.0
5.7532186E13	2253.0	76.0
5.7532194E13	2253.0	75.0
5.7532207E13	2269.0	75.0
5.7532215E13	2269.0	74.0
5.7532224E13	2269.0	73.0
5.7532236E13	2269.0	72.0
5.7532245E13	2286.0	72.0
5.7532253E13	2286.0	72.0
5.7532266E13	2304.0	72.0
5.7532274E13	2304.0	74.0
5.7532287E13	2304.0	75.0
5.7532295E13	2304.0	77.0
5.7532303E13	2333.0	77.0
5.7532316E13	2333.0	76.0
5.7532324E13	2333.0	75.0
5.7532337E13	2333.0	74.0
5.7532345E13	2357.0	73.0
5.7532354E13	2357.0	73.0
5.7532366E13	2357.0	72.0
5.7532375E13	2357.0	71.0
5.7532387E13	2357.0	71.0
5.7532396E13	2375.0	70.0
5.7532404E13	2375.0	68.0
5.7532417E13	2375.0	67.0
5.753243E13	2389.0	64.0
5.7532433E13	2389.0	63.0
5.7532446E13	2389.0	63.0
5.7532454E13	2389.0	65.0
5.7532467E13	2411.0	67.0
5.7532475E13	2411.0	69.0
5.7532484E13	2411.0	71.0
5.7532496E13	2411.0	73.0
5.7532505E13	2419.0	75.0
5.7532513E13	2419.0	76.0
5.7532526E13	2419.0	76.0
5.7532534E13	2419.0	78.0
5.7532547E13	2408.0	81.0
5.7532555E13	2408.0	84.0
5.7532563E13	2408.0	87.0
5.7532576E13	2405.0	87.0
5.7532584E13	2405.0	86.0
5.7532597E13	2405.0	83.0
5.7532605E13	2405.0	80.0
5.7532614E13	2415.0	77.0
5.7532626E13	2415.0	76.0
5.7532635E13	2415.0	76.0
5.7532647E13	2415.0	76.0
5.7532656E13	2440.0	77.0
5.7532664E13	2440.0	78.0
5.7532677E13	2440.0	79.0
5.7532685E13	2440.0	80.0
5.7532693E13	2471.0	81.0
5.7532706E13	2471.0	81.0
5.7532714E13	2471.0	80.0
5.7532727E13	2491.0	79.0
5.7532735E13	2491.0	78.0
5.7532744E13	2491.0	77.0
5.7532756E13	2491.0	77.0
5.7532765E13	2486.0	78.0
5.7532777E13	2486.0	79.0
5.7532786E13	2486.0	80.0
5.7532794E13	2486.0	81.0
5.7532807E13	2462.0	82.0
5.7532815E13	2462.0	85.0
5.7532823E13	2462.0	87.0
5.7532836E13	2462.0	88.0
5.7532844E13	2427.0	85.0
5.7532857E13	2427.0	81.0
5.7532865E13	2427.0	80.0
5.7532874E13	2391.0	80.0
5.7532886E13	2391.0	78.0
5.7532895E13	2391.0	76.0
5.7532907E13	2367.0	74.0
5.7532916E13	2367.0	74.0
5.7532924E13	2367.0	73.0
5.7532937E13	2367.0	73.0
5.7532945E13	2357.0	75.0
5.7532958E13	2357.0	75.0
5.7532966E13	2357.0	75.0
5.7532974E13	2357.0	74.0
5.7532987E13	2357.0	72.0
5.7532995E13	2364.0	71.0
5.7533004E13	2364.0	72.0
5.7533016E13	2364.0	75.0
5.7533025E13	2365.0	79.0
5.7533037E13	2365.0	81.0
5.7533046E13	2365.0	79.0
5.7533054E13	2365.0	77.0
5.7533067E13	2369.0	77.0
5.7533075E13	2369.0	76.0
5.7533088E13	2369.0	74.0
5.7533096E13	2369.0	71.0
5.7533104E13	2371.0	69.0
5.7533117E13	2371.0	66.0
5.7533125E13	2371.0	62.0
5.7533134E13	2371.0	59.0
5.7533146E13	2371.0	57.0
5.7533155E13	2371.0	59.0
5.7533167E13	2371.0	63.0
5.7533176E13	2381.0	67.0
5.7533184E13	2381.0	71.0
5.7533197E13	2381.0	73.0
5.7533205E13	2381.0	74.0
5.7533218E13	2398.0	75.0
5.7533226E13	2398.0	75.0
5.7533234E13	2398.0	76.0
5.7533247E13	2398.0	77.0
5.7533255E13	2421.0	77.0
5.753327E13	2421.0	77.0
5.7533276E13	2421.0	78.0
5.7533285E13	2421.0	78.0
5.7533297E13	2440.0	79.0
5.7533306E13	2440.0	79.0
5.7533314E13	2440.0	78.0
5.7533327E13	2457.0	76.0
5.7533335E13	2457.0	76.0
5.7533348E13	2457.0	76.0
5.7533356E13	2457.0	75.0
5.7533364E13	2473.0	74.0
5.7533377E13	2473.0	74.0
5.7533385E13	2473.0	74.0
5.75334E13	2473.0	72.0
5.753341E13	2493.0	73.0
5.7533415E13	2493.0	73.0
5.7533427E13	2493.0	73.0
5.7533436E13	2493.0	73.0
5.7533444E13	2515.0	74.0
5.7533457E13	2515.0	75.0
5.7533465E13	2515.0	74.0
5.7533478E13	2537.0	73.0
5.7533486E13	2537.0	73.0
5.7533494E13	2537.0	73.0
5.7533507E13	2537.0	74.0
5.7533515E13	2547.0	74.0
5.753353E13	2547.0	73.0
5.7533536E13	2547.0	53.0
5.7533545E13	2547.0	70.0
5.7533557E13	2556.0	68.0
5.7533566E13	2556.0	66.0
5.753358E13	2556.0	66.0
5.7533587E13	2556.0	68.0
5.7533595E13	2560.0	70.0
5.7533608E13	2560.0	71.0
5.7533616E13	2560.0	73.0
5.7533624E13	2563.0	76.0
5.7533637E13	2563.0	76.0
5.7533645E13	2563.0	76.0
5.753366E13	2557.0	77.0
5.7533666E13	2557.0	77.0
5.7533675E13	2557.0	79.0
5.7533687E13	2557.0	80.0
5.7533696E13	2557.0	80.0
5.753371E13	2555.0	75.0
5.7533717E13	2555.0	75.0
5.7533725E13	2549.0	73.0
5.7533738E13	2549.0	73.0
5.7533746E13	2549.0	73.0
5.7533755E13	2549.0	73.0
5.7533767E13	2549.0	73.0
5.7533775E13	2540.0	74.0
5.753379E13	2540.0	75.0
5.7533796E13	2540.0	77.0
5.7533805E13	2540.0	79.0
5.7533817E13	2526.0	81.0
5.7533826E13	2526.0	83.0
5.753384E13	2526.0	83.0
5.7533847E13	2526.0	83.0
5.7533855E13	2507.0	82.0
5.7533868E13	2507.0	82.0
5.7533876E13	2507.0	81.0
5.753389E13	2486.0	81.0
5.7533897E13	2486.0	82.0
5.7533906E13	2486.0	83.0
5.753392E13	2486.0	85.0
5.7533926E13	2464.0	86.0
5.7533935E13	2464.0	87.0
5.7533947E13	2464.0	84.0
5.7533956E13	2464.0	82.0
5.753397E13	2430.0	83.0
5.7533977E13	2430.0	83.0
5.7533985E13	2430.0	83.0
5.7533998E13	2430.0	82.0
5.7534006E13	2396.0	80.0
5.753402E13	2396.0	79.0
5.7534027E13	2396.0	77.0
5.7534036E13	2367.0	74.0
5.753405E13	2367.0	73.0
5.7534056E13	2367.0	75.0
5.7534065E13	2367.0	77.0
5.7534077E13	2348.0	78.0
5.7534086E13	2348.0	77.0
5.75341E13	2348.0	55.0
5.7534107E13	2348.0	76.0
5.7534115E13	2343.0	74.0
5.7534128E13	2343.0	71.0
5.7534136E13	2343.0	72.0
5.753415E13	2343.0	74.0
5.7534157E13	2339.0	77.0
5.7534166E13	2339.0	79.0
5.753418E13	2339.0	80.0
5.7534187E13	2328.0	79.0
5.75342E13	2328.0	78.0
5.7534207E13	2328.0	74.0
5.7534216E13	2328.0	73.0
5.753423E13	2319.0	70.0
5.7534237E13	2319.0	67.0
5.7534245E13	2319.0	64.0
5.7534258E13	2319.0	60.0
5.7534266E13	2316.0	58.0
5.753428E13	2316.0	57.0
5.7534287E13	2316.0	61.0
5.7534296E13	2316.0	67.0
5.753431E13	2327.0	71.0
5.7534317E13	2327.0	73.0
5.753433E13	2327.0	73.0
5.7534338E13	2339.0	73.0
5.7534346E13	2339.0	74.0
5.753436E13	2339.0	74.0
5.7534367E13	2339.0	75.0
5.753438E13	2367.0	75.0
5.7534388E13	2367.0	75.0
5.7534396E13	2367.0	76.0
5.753441E13	2367.0	77.0
5.7534417E13	2396.0	77.0
5.7534426E13	2396.0	77.0
5.753444E13	2396.0	76.0
5.7534447E13	2396.0	76.0
5.753446E13	2425.0	75.0
5.7534468E13	2425.0	75.0
5.7534476E13	2425.0	74.0
5.753449E13	2452.0	74.0
5.7534497E13	2452.0	74.0
5.7534505E13	2452.0	73.0
5.7534518E13	2452.0	72.0
5.7534526E13	2482.0	73.0
5.753454E13	2482.0	73.0
5.7534547E13	2482.0	72.0
5.7534556E13	2482.0	72.0
5.753457E13	2518.0	73.0
5.7534577E13	2518.0	74.0
5.753459E13	2518.0	75.0
5.7534598E13	2518.0	75.0
5.7534606E13	2558.0	73.0
5.753462E13	2558.0	71.0
5.7534627E13	2558.0	70.0
5.753464E13	2588.0	69.0
5.7534648E13	2588.0	69.0
5.7534656E13	2588.0	70.0
5.753467E13	2588.0	70.0
5.7534677E13	2607.0	70.0
5.7534686E13	2607.0	66.0
5.75347E13	2607.0	66.0
5.7534707E13	2607.0	64.0
5.753472E13	2622.0	67.0
5.7534728E13	2622.0	67.0
5.7534736E13	2622.0	70.0
5.753475E13	2641.0	72.0
5.7534757E13	2641.0	75.0
5.753477E13	2641.0	76.0
5.753478E13	2641.0	76.0
5.7534786E13	2647.0	75.0
5.75348E13	2647.0	75.0
5.7534807E13	2647.0	77.0
5.7534816E13	2647.0	80.0
5.753483E13	2650.0	81.0
5.7534837E13	2650.0	82.0
5.753485E13	2650.0	80.0
5.7534858E13	2650.0	78.0
5.7534866E13	2649.0	76.0
5.753488E13	2649.0	75.0
5.7534887E13	2649.0	75.0
5.75349E13	2649.0	75.0
5.753491E13	2640.0	74.0
5.7534916E13	2640.0	74.0
5.753493E13	2640.0	75.0
5.7534937E13	2633.0	76.0
5.7534946E13	2633.0	78.0
5.753496E13	2633.0	80.0
5.7534967E13	2633.0	81.0
5.753498E13	2620.0	81.0
5.7534988E13	2620.0	80.0
5.7534996E13	2620.0	76.0
5.753501E13	2620.0	75.0
5.7535017E13	2597.0	75.0
5.753503E13	2597.0	76.0
5.753504E13	2597.0	79.0
5.7535046E13	2597.0	81.0
5.753506E13	2545.0	82.0
5.7535067E13	2545.0	83.0
5.753508E13	2545.0	83.0
5.753509E13	2486.0	82.0
5.7535097E13	2486.0	82.0
5.753511E13	2486.0	82.0
5.7535118E13	2486.0	82.0
5.7535126E13	2430.0	82.0
5.753514E13	2430.0	81.0
5.7535147E13	2430.0	80.0
5.753516E13	2430.0	78.0
5.753517E13	2380.0	77.0
5.7535176E13	2380.0	76.0
5.753519E13	2380.0	75.0
5.7535197E13	2380.0	74.0
5.753521E13	2338.0	73.0
5.753522E13	2338.0	73.0
5.7535227E13	2338.0	74.0
5.753524E13	2299.0	75.0
5.7535248E13	2299.0	74.0
5.7535256E13	2299.0	71.0
5.753527E13	2299.0	69.0
5.7535277E13	2279.0	72.0
5.7535294E13	2279.0	74.0
5.75353E13	2279.0	74.0
5.7535306E13	2276.0	79.0
5.753532E13	2276.0	79.0
5.7535327E13	2276.0	77.0
5.753534E13	2272.0	75.0
5.753535E13	2272.0	75.0
5.7535357E13	2272.0	76.0
5.753537E13	2272.0	76.0
5.7535378E13	2281.0	73.0
5.7535386E13	2281.0	70.0
5.75354E13	2281.0	70.0
5.7535407E13	2281.0	68.0
5.753542E13	2281.0	67.0
5.753543E13	2296.0	65.0
5.7535436E13	2296.0	62.0
5.753545E13	2296.0	61.0
5.7535457E13	2296.0	63.0
5.753547E13	2315.0	67.0
5.753548E13	2315.0	70.0
5.7535487E13	2315.0	72.0
5.75355E13	2338.0	74.0
5.7535508E13	2338.0	75.0
5.7535516E13	2338.0	76.0
5.753553E13	2378.0	78.0
5.7535537E13	2378.0	78.0
5.753555E13	2378.0	78.0
5.753556E13	2378.0	78.0
5.7535566E13	2420.0	78.0
5.753558E13	2458.0	73.0
5.7535587E13	2458.0	73.0
5.75356E13	2458.0	73.0
5.753561E13	2458.0	73.0
5.7535617E13	2498.0	73.0
5.753563E13	2498.0	73.0
5.7535638E13	2498.0	73.0
5.7535646E13	2498.0	73.0
5.753566E13	2498.0	52.0
5.7535667E13	2498.0	52.0
5.753568E13	2498.0	52.0
5.753569E13	2540.0	52.0
5.7535696E13	2540.0	73.0
5.753571E13	2540.0	52.0
5.7535717E13	2540.0	75.0
5.753573E13	2581.0	51.0
5.753574E13	2581.0	51.0
5.7535747E13	2581.0	76.0
5.753576E13	2581.0	76.0
5.7535768E13	2624.0	50.0
5.753578E13	2624.0	69.0
5.753579E13	2624.0	68.0
5.7535797E13	2658.0	68.0
5.753581E13	2658.0	68.0
5.753582E13	2658.0	50.0
5.7535826E13	2658.0	50.0
5.753584E13	2681.0	65.0
5.7535847E13	2681.0	64.0
5.753586E13	2681.0	65.0
5.753587E13	2681.0	66.0
5.7535877E13	2691.0	69.0
5.753589E13	2691.0	49.0
5.7535898E13	2691.0	49.0
5.753591E13	2691.0	73.0
5.753592E13	2704.0	75.0
5.7535927E13	2704.0	49.0
5.753594E13	2704.0	79.0
5.753595E13	2711.0	79.0
5.7535957E13	2711.0	80.0
5.753597E13	2711.0	82.0
5.7535977E13	2711.0	84.0
5.753599E13	2719.0	83.0
5.7536E13	2719.0	81.0
5.7536007E13	2719.0	79.0
5.7536024E13	2719.0	77.0
5.7536028E13	2729.0	76.0
5.753604E13	2729.0	75.0
5.753605E13	2729.0	76.0
5.7536057E13	2729.0	77.0
5.753607E13	2730.0	77.0
5.753608E13	2730.0	78.0
5.753609E13	2730.0	79.0
5.75361E13	2723.0	81.0
5.7536108E13	2723.0	82.0
5.753612E13	2723.0	82.0
5.753613E13	2723.0	81.0
5.7536137E13	2704.0	81.0
5.753615E13	2704.0	79.0
5.7536158E13	2704.0	78.0
5.753617E13	2704.0	77.0
5.753618E13	2653.0	76.0
5.7536187E13	2653.0	76.0
5.75362E13	2653.0	76.0
5.753621E13	2653.0	77.0
5.753622E13	2576.0	79.0
5.753623E13	2576.0	82.0
5.7536238E13	2485.0	86.0
5.753625E13	2485.0	86.0
5.753626E13	2485.0	83.0
5.7536267E13	2485.0	84.0
5.753628E13	2394.0	84.0
5.7536288E13	2394.0	84.0
5.75363E13	2394.0	83.0
5.753631E13	2394.0	78.0
5.7536317E13	2325.0	73.0
5.753633E13	2325.0	73.0
5.753634E13	2325.0	75.0
5.753635E13	2325.0	78.0
5.753636E13	2275.0	77.0
5.7536368E13	2275.0	76.0
5.753638E13	2275.0	78.0
5.753639E13	2238.0	76.0
5.7536397E13	2238.0	73.0
5.753641E13	2238.0	70.0
5.7536418E13	2238.0	70.0
5.753643E13	2224.0	72.0
5.753644E13	2224.0	74.0
5.7536447E13	2224.0	77.0
5.753646E13	2224.0	78.0
5.753647E13	2224.0	77.0
5.753648E13	2224.0	76.0
5.753649E13	2224.0	76.0
5.7536498E13	2224.0	75.0
5.753651E13	2233.0	74.0
5.753652E13	2233.0	72.0
5.753653E13	2233.0	66.0
5.753654E13	2251.0	63.0
5.753655E13	2251.0	61.0
5.753656E13	2251.0	61.0
5.753657E13	2251.0	62.0
5.7536577E13	2273.0	64.0
5.753659E13	2273.0	67.0
5.75366E13	2273.0	69.0
5.753661E13	2273.0	71.0
5.753662E13	2294.0	73.0
5.7536628E13	2294.0	74.0
5.753664E13	2294.0	75.0
5.753665E13	2294.0	77.0
5.753666E13	2333.0	78.0
5.753667E13	2333.0	77.0
5.753668E13	2333.0	77.0
5.753669E13	2392.0	76.0
5.75367E13	2392.0	77.0
5.7536707E13	2392.0	77.0
5.7536724E13	2392.0	78.0
5.753673E13	2455.0	78.0
5.753674E13	2455.0	78.0
5.753675E13	2455.0	78.0
5.7536758E13	2455.0	77.0
5.753677E13	2519.0	75.0
5.753678E13	2519.0	73.0
5.753679E13	2519.0	73.0
5.75368E13	2519.0	74.0
5.7536812E13	2581.0	74.0
5.753682E13	2581.0	72.0
5.7536833E13	2581.0	72.0
5.7536837E13	2635.0	73.0
5.753685E13	2635.0	74.0
5.753686E13	2635.0	74.0
5.753688E13	2635.0	75.0
5.753688E13	2635.0	75.0
5.753689E13	2688.0	75.0
5.75369E13	2688.0	74.0
5.7536913E13	2688.0	71.0
5.753692E13	2731.0	69.0
5.753693E13	2731.0	68.0
5.753694E13	2731.0	68.0
5.753695E13	2755.0	69.0
5.753696E13	2755.0	69.0
5.753697E13	2755.0	67.0
5.753698E13	2755.0	64.0
5.7536993E13	2770.0	63.0
5.7537E13	2770.0	63.0
5.753701E13	2770.0	64.0
5.7537018E13	2770.0	65.0
5.753703E13	2770.0	65.0
5.753704E13	2781.0	48.0
5.753705E13	2781.0	71.0
5.753706E13	2781.0	48.0
5.7537072E13	2781.0	74.0
5.753708E13	2784.0	74.0
5.7537093E13	2784.0	74.0
5.75371E13	2784.0	75.0
5.753711E13	2776.0	76.0
5.753712E13	2776.0	77.0
5.753714E13	2776.0	78.0
5.753714E13	2776.0	48.0
5.753715E13	2763.0	48.0
5.753716E13	2763.0	48.0
5.7537173E13	2763.0	48.0
5.753718E13	2763.0	84.0
5.753719E13	2736.0	83.0
5.75372E13	2736.0	82.0
5.753721E13	2736.0	48.0
5.753722E13	2736.0	48.0
5.753723E13	2706.0	48.0
5.753724E13	2706.0	48.0
5.7537253E13	2706.0	48.0
5.753726E13	2665.0	48.0
5.7537274E13	2665.0	49.0
5.7537278E13	2665.0	49.0
5.753729E13	2665.0	81.0
5.75373E13	2607.0	79.0
5.753731E13	2607.0	50.0
5.753732E13	2607.0	50.0
5.7537332E13	2607.0	50.0
5.753734E13	2525.0	51.0
5.7537353E13	2525.0	51.0
5.753736E13	2525.0	51.0
5.753737E13	2525.0	51.0
5.753738E13	2432.0	52.0
5.753739E13	2432.0	52.0
5.75374E13	2432.0	52.0
5.753741E13	2337.0	54.0
5.753742E13	2337.0	54.0
5.7537433E13	2337.0	54.0
5.753744E13	2337.0	54.0
5.753745E13	2252.0	55.0
5.753746E13	2252.0	55.0
5.753747E13	2252.0	76.0
5.753748E13	2252.0	55.0
5.753749E13	2193.0	56.0
5.75375E13	2193.0	56.0
5.7537513E13	2193.0	56.0
5.753752E13	2193.0	56.0
5.7537534E13	2154.0	78.0
5.753754E13	2154.0	77.0
5.753755E13	2154.0	74.0
5.753756E13	2133.0	73.0
5.753757E13	2133.0	73.0
5.753758E13	2133.0	80.0
5.7537592E13	2133.0	80.0
5.75376E13	2124.0	82.0
5.7537613E13	2124.0	80.0
5.753762E13	2124.0	80.0
5.753763E13	2124.0	78.0
5.753764E13	2118.0	76.0
5.753765E13	2118.0	76.0
5.753766E13	2118.0	76.0
5.753767E13	2118.0	75.0
5.753768E13	2116.0	72.0
5.7537693E13	2116.0	70.0
5.75377E13	2116.0	66.0
5.7537714E13	2121.0	62.0
5.753772E13	2121.0	58.0
5.753773E13	2121.0	57.0
5.753774E13	2121.0	59.0
5.753775E13	2137.0	63.0
5.753776E13	2137.0	68.0
5.7537773E13	2137.0	71.0
5.753778E13	2137.0	74.0
5.7537794E13	2166.0	75.0
5.75378E13	2166.0	75.0
5.753781E13	2166.0	75.0
5.753782E13	2166.0	75.0
5.753783E13	2220.0	75.0
5.753784E13	2220.0	75.0
5.7537852E13	2220.0	75.0
5.753786E13	2279.0	77.0
5.7537873E13	2279.0	78.0
5.753788E13	2279.0	78.0
5.7537894E13	2279.0	78.0
5.75379E13	2339.0	76.0
5.753791E13	2339.0	74.0
5.753792E13	2339.0	74.0
5.753793E13	2339.0	73.0
5.753794E13	2396.0	72.0
5.7537953E13	2396.0	72.0
5.753796E13	2396.0	73.0
5.7537974E13	2396.0	74.0
5.7537982E13	2448.0	73.0
5.753799E13	2448.0	73.0
5.7538E13	2448.0	74.0
5.753801E13	2494.0	75.0
5.753802E13	2494.0	77.0
5.7538033E13	2494.0	78.0
5.753804E13	2494.0	77.0
5.7538054E13	2544.0	76.0
5.753806E13	2544.0	74.0
5.7538075E13	2544.0	72.0
5.7538083E13	2544.0	71.0
5.753809E13	2586.0	70.0
5.75381E13	2586.0	69.0
5.7538112E13	2586.0	69.0
5.753812E13	2586.0	70.0
5.7538133E13	2610.0	70.0
5.753814E13	2610.0	70.0
5.7538154E13	2610.0	70.0
5.7538163E13	2625.0	68.0
5.753817E13	2625.0	68.0
5.753818E13	2625.0	68.0
5.753819E13	2625.0	70.0
5.75382E13	2638.0	72.0
5.7538213E13	2638.0	75.0
5.753822E13	2638.0	77.0
5.7538234E13	2638.0	78.0
5.7538242E13	2649.0	82.0
5.753825E13	2649.0	82.0
5.753826E13	2649.0	82.0
5.753827E13	2649.0	82.0
5.753828E13	2649.0	83.0
5.7538293E13	2649.0	85.0
5.75383E13	2649.0	87.0
5.7538314E13	2651.0	87.0
5.7538322E13	2651.0	82.0
5.7538335E13	2651.0	77.0
5.7538343E13	2651.0	73.0
5.753835E13	2638.0	71.0
5.753836E13	2638.0	71.0
5.7538372E13	2638.0	71.0
5.753838E13	2638.0	72.0
5.7538393E13	2607.0	72.0
5.75384E13	2607.0	72.0
5.7538414E13	2607.0	70.0
5.7538423E13	2607.0	69.0
5.753843E13	2572.0	67.0
5.753844E13	2572.0	66.0
5.7538452E13	2572.0	67.0
5.753846E13	2515.0	68.0
5.7538473E13	2515.0	72.0
5.753848E13	2515.0	77.0
5.7538494E13	2515.0	81.0
5.7538502E13	2435.0	85.0
5.7538515E13	2435.0	87.0
