5.734345E13	2385.0	77.0
5.7343463E13	2385.0	77.0
5.734347E13	2425.0	75.0
5.7343484E13	2425.0	72.0
5.7343492E13	2425.0	69.0
5.73435E13	2425.0	69.0
5.7343513E13	2486.0	69.0
5.734352E13	2486.0	74.0
5.7343534E13	2486.0	74.0
5.7343543E13	2532.0	74.0
5.734355E13	2532.0	73.0
5.734357E13	2532.0	73.0
5.7343572E13	2532.0	73.0
5.734358E13	2559.0	74.0
5.7343593E13	2559.0	75.0
5.73436E13	2559.0	76.0
5.7343614E13	2559.0	71.0
5.7343623E13	2565.0	74.0
5.734363E13	2565.0	73.0
5.7343643E13	2565.0	71.0
5.734365E13	2546.0	69.0
5.7343664E13	2546.0	66.0
5.7343673E13	2546.0	64.0
5.734368E13	2546.0	60.0
5.7343694E13	2516.0	57.0
5.7343702E13	2516.0	57.0
5.734371E13	2516.0	54.0
5.7343723E13	2516.0	54.0
5.734373E13	2516.0	55.0
5.7343744E13	2497.0	58.0
5.7343753E13	2497.0	65.0
5.734376E13	2497.0	65.0
5.7343774E13	2497.0	68.0
5.734378E13	2482.0	69.0
5.7343794E13	2482.0	70.0
5.7343803E13	2482.0	71.0
5.734381E13	2438.0	72.0
5.7343824E13	2438.0	72.0
5.7343832E13	2438.0	73.0
5.7343845E13	2438.0	74.0
5.7343853E13	2398.0	75.0
5.734386E13	2398.0	75.0
5.7343874E13	2398.0	75.0
5.7343883E13	2398.0	74.0
5.734389E13	2383.0	73.0
5.7343904E13	2383.0	73.0
5.734391E13	2383.0	73.0
5.7343925E13	2390.0	73.0
5.7343933E13	2390.0	72.0
5.734394E13	2390.0	72.0
5.7343954E13	2402.0	72.0
5.7343962E13	2402.0	72.0
5.7343975E13	2402.0	71.0
5.7343983E13	2402.0	71.0
5.734399E13	2402.0	71.0
5.7344004E13	2404.0	72.0
5.7344013E13	2404.0	73.0
5.7344025E13	2404.0	74.0
5.7344034E13	2404.0	74.0
5.734404E13	2393.0	73.0
5.7344055E13	2393.0	72.0
5.7344063E13	2393.0	70.0
5.734407E13	2393.0	69.0
5.7344084E13	2387.0	68.0
5.7344092E13	2387.0	68.0
5.7344105E13	2387.0	67.0
5.7344113E13	2401.0	65.0
5.734412E13	2401.0	64.0
5.7344134E13	2401.0	62.0
5.7344143E13	2401.0	61.0
5.734415E13	2421.0	61.0
5.7344164E13	2421.0	63.0
5.734417E13	2421.0	66.0
5.7344185E13	2421.0	67.0
5.7344193E13	2428.0	67.0
5.73442E13	2428.0	68.0
5.7344214E13	2428.0	72.0
5.7344222E13	2428.0	74.0
5.7344235E13	2431.0	74.0
5.7344243E13	2431.0	73.0
5.734425E13	2431.0	75.0
5.7344264E13	2432.0	77.0
5.7344273E13	2432.0	78.0
5.734428E13	2432.0	77.0
5.7344294E13	2432.0	75.0
5.73443E13	2401.0	72.0
5.7344315E13	2401.0	69.0
5.7344323E13	2401.0	67.0
5.734433E13	2401.0	67.0
5.7344344E13	2350.0	67.0
5.7344352E13	2350.0	68.0
5.7344365E13	2350.0	70.0
5.7344373E13	2350.0	72.0
5.734438E13	2288.0	75.0
5.7344394E13	2288.0	77.0
5.7344403E13	2288.0	79.0
5.734441E13	2238.0	79.0
5.7344424E13	2238.0	79.0
5.734443E13	2238.0	78.0
5.7344445E13	2238.0	78.0
5.7344453E13	2203.0	79.0
5.734446E13	2203.0	81.0
5.7344474E13	2203.0	82.0
5.7344482E13	2203.0	84.0
5.7344495E13	2180.0	86.0
5.7344503E13	2180.0	85.0
5.734451E13	2180.0	83.0
5.7344524E13	2180.0	81.0
5.7344533E13	2177.0	80.0
5.7344545E13	2177.0	80.0
5.7344554E13	2177.0	81.0
5.734456E13	2188.0	82.0
5.7344575E13	2188.0	81.0
5.7344583E13	2188.0	81.0
5.734459E13	2188.0	79.0
5.7344604E13	2219.0	78.0
5.7344612E13	2219.0	76.0
5.7344625E13	2219.0	74.0
5.7344633E13	2219.0	73.0
5.734464E13	2270.0	73.0
5.7344654E13	2270.0	74.0
5.7344663E13	2270.0	75.0
5.7344675E13	2270.0	76.0
5.7344684E13	2338.0	75.0
5.734469E13	2338.0	74.0
5.7344705E13	2338.0	71.0
5.7344713E13	2389.0	68.0
5.7344726E13	2389.0	66.0
5.7344734E13	2389.0	68.0
5.7344742E13	2389.0	74.0
5.7344755E13	2394.0	76.0
5.7344763E13	2394.0	74.0
5.734477E13	2394.0	73.0
5.7344784E13	2394.0	73.0
5.7344793E13	2370.0	74.0
5.7344805E13	2370.0	73.0
5.7344814E13	2370.0	72.0
5.734482E13	2343.0	70.0
5.7344835E13	2343.0	68.0
5.7344843E13	2343.0	65.0
5.7344856E13	2343.0	62.0
5.7344864E13	2303.0	59.0
5.7344872E13	2303.0	57.0
5.7344885E13	2303.0	57.0
5.7344893E13	2303.0	60.0
5.73449E13	2280.0	63.0
5.7344914E13	2280.0	69.0
5.7344923E13	2280.0	70.0
5.7344935E13	2280.0	72.0
5.7344944E13	2249.0	75.0
5.7344952E13	2249.0	76.0
5.7344965E13	2249.0	77.0
5.7344973E13	2218.0	77.0
5.7344986E13	2218.0	77.0
5.7344994E13	2218.0	76.0
5.7345002E13	2218.0	76.0
5.7345015E13	2191.0	75.0
5.7345023E13	2191.0	75.0
5.7345036E13	2191.0	77.0
5.7345044E13	2191.0	78.0
5.7345053E13	2190.0	77.0
5.7345065E13	2190.0	75.0
5.7345074E13	2190.0	73.0
5.7345082E13	2190.0	72.0
5.7345095E13	2204.0	72.0
5.7345103E13	2204.0	72.0
5.7345116E13	2204.0	71.0
5.7345124E13	2210.0	71.0
5.7345132E13	2210.0	71.0
5.7345145E13	2210.0	72.0
5.7345153E13	2210.0	73.0
5.7345166E13	2205.0	74.0
5.7345174E13	2205.0	73.0
5.7345183E13	2205.0	73.0
5.7345195E13	2205.0	73.0
5.7345204E13	2199.0	72.0
5.7345212E13	2199.0	71.0
5.7345225E13	2199.0	70.0
5.7345233E13	2199.0	67.0
5.7345246E13	2204.0	64.0
5.7345254E13	2204.0	63.0
5.7345262E13	2204.0	62.0
5.7345275E13	2210.0	62.0
5.7345283E13	2210.0	61.0
5.7345296E13	2210.0	60.0
5.7345304E13	2210.0	60.0
5.7345313E13	2207.0	62.0
5.7345325E13	2207.0	65.0
5.7345334E13	2207.0	68.0
5.7345342E13	2207.0	69.0
5.7345355E13	2217.0	72.0
5.7345363E13	2217.0	75.0
5.7345376E13	2217.0	76.0
5.7345384E13	2217.0	75.0
5.7345393E13	2237.0	74.0
5.7345405E13	2237.0	76.0
5.7345413E13	2237.0	79.0
5.7345426E13	2226.0	80.0
5.7345434E13	2226.0	80.0
5.7345443E13	2226.0	77.0
5.7345455E13	2226.0	74.0
5.7345464E13	2181.0	72.0
5.7345476E13	2181.0	70.0
5.7345485E13	2181.0	70.0
5.7345493E13	2181.0	70.0
5.7345506E13	2129.0	71.0
5.7345514E13	2129.0	72.0
5.7345523E13	2129.0	74.0
5.7345535E13	2129.0	77.0
5.7345544E13	2082.0	80.0
5.7345556E13	2082.0	83.0
5.7345564E13	2082.0	84.0
5.7345573E13	2044.0	83.0
5.7345585E13	2044.0	82.0
5.7345594E13	2044.0	82.0
5.7345606E13	2044.0	81.0
5.7345615E13	2012.0	81.0
5.7345623E13	2012.0	81.0
5.7345636E13	2012.0	81.0
5.7345644E13	2012.0	83.0
5.7345653E13	1987.0	84.0
5.7345665E13	1987.0	86.0
5.7345674E13	1987.0	82.0
5.7345686E13	1987.0	83.0
5.7345694E13	1981.0	83.0
5.7345703E13	1981.0	85.0
5.7345715E13	1981.0	84.0
5.7345724E13	1999.0	82.0
5.7345736E13	1999.0	79.0
5.7345745E13	1999.0	79.0
5.7345753E13	1999.0	79.0
5.7345766E13	2033.0	77.0
5.7345774E13	2033.0	76.0
5.7345783E13	2033.0	75.0
5.7345795E13	2033.0	75.0
5.7345804E13	2080.0	74.0
5.7345816E13	2080.0	74.0
5.7345825E13	2080.0	76.0
5.7345833E13	2080.0	76.0
5.7345845E13	2131.0	75.0
5.7345854E13	2131.0	72.0
5.7345866E13	2131.0	69.0
5.7345875E13	2174.0	68.0
5.7345883E13	2174.0	71.0
5.7345896E13	2174.0	75.0
5.7345904E13	2174.0	78.0
5.7345917E13	2194.0	77.0
5.7345925E13	2194.0	76.0
5.7345934E13	2194.0	75.0
5.7345946E13	2194.0	74.0
5.7345955E13	2206.0	73.0
5.7345963E13	2206.0	72.0
5.7345976E13	2206.0	70.0
5.7345984E13	2206.0	67.0
5.7345996E13	2198.0	64.0
5.734601E13	2198.0	60.0
5.7346013E13	2198.0	60.0
5.7346026E13	2184.0	59.0
5.7346034E13	2184.0	59.0
5.7346047E13	2184.0	62.0
5.7346055E13	2184.0	65.0
5.7346064E13	2179.0	68.0
5.7346076E13	2179.0	71.0
5.7346085E13	2179.0	72.0
5.7346093E13	2179.0	73.0
5.7346106E13	2160.0	74.0
5.7346114E13	2160.0	75.0
5.7346127E13	2160.0	76.0
5.7346135E13	2160.0	77.0
5.7346143E13	2121.0	77.0
5.7346156E13	2121.0	77.0
5.7346164E13	2121.0	77.0
5.7346177E13	2096.0	77.0
5.7346206E13	2096.0	76.0
5.7346215E13	2096.0	74.0
5.7346223E13	2096.0	74.0
5.7346236E13	2096.0	73.0
5.7346244E13	2096.0	73.0
5.7346257E13	2109.0	72.0
5.7346265E13	2109.0	72.0
5.7346273E13	2109.0	72.0
5.7346286E13	2109.0	72.0
5.7346294E13	2122.0	72.0
5.7346307E13	2122.0	72.0
5.7346315E13	2122.0	74.0
5.7346324E13	2123.0	75.0
5.7346336E13	2123.0	75.0
5.7346345E13	2123.0	74.0
5.7346357E13	2123.0	72.0
5.7346366E13	2126.0	70.0
5.7346374E13	2126.0	70.0
5.7346387E13	2126.0	70.0
5.7346395E13	2126.0	71.0
5.7346403E13	2138.0	70.0
5.7346416E13	2138.0	68.0
5.7346424E13	2138.0	65.0
5.7346437E13	2138.0	64.0
5.7346445E13	2149.0	63.0
5.7346454E13	2149.0	61.0
5.7346466E13	2149.0	63.0
5.7346475E13	2142.0	65.0
5.7346487E13	2142.0	66.0
5.7346496E13	2142.0	68.0
5.7346504E13	2142.0	70.0
5.7346517E13	2153.0	74.0
5.7346525E13	2153.0	78.0
5.7346533E13	2153.0	77.0
5.7346546E13	2153.0	75.0
5.7346554E13	2181.0	75.0
5.7346567E13	2181.0	78.0
5.7346575E13	2181.0	80.0
5.7346596E13	2175.0	81.0
5.7346605E13	2175.0	74.0
5.7346617E13	2127.0	74.0
5.7346626E13	2127.0	72.0
5.7346634E13	2127.0	72.0
5.7346647E13	2127.0	71.0
5.7346655E13	2127.0	70.0
5.7346663E13	2071.0	70.0
5.7346676E13	2071.0	70.0
5.7346684E13	2071.0	71.0
5.7346697E13	2071.0	72.0
5.7346705E13	2027.0	75.0
5.7346714E13	2027.0	77.0
5.7346726E13	2027.0	78.0
5.7346735E13	2002.0	78.0
5.7346747E13	2002.0	78.0
5.7346756E13	2002.0	77.0
5.7346764E13	2002.0	77.0
5.7346777E13	1991.0	77.0
5.7346785E13	1991.0	77.0
5.7346798E13	1991.0	78.0
5.7346806E13	1991.0	83.0
5.7346814E13	1981.0	86.0
5.7346827E13	1981.0	85.0
5.734684E13	1981.0	81.0
5.7346844E13	1981.0	81.0
5.7346856E13	1982.0	81.0
5.7346865E13	1982.0	82.0
5.7346877E13	1982.0	82.0
5.7346886E13	2005.0	83.0
5.7346894E13	2005.0	83.0
5.7346907E13	2005.0	81.0
5.7346915E13	2005.0	79.0
5.7346928E13	2048.0	76.0
5.7346936E13	2048.0	74.0
5.7346944E13	2048.0	74.0
5.7346957E13	2048.0	74.0
5.7346965E13	2103.0	73.0
5.7346974E13	2103.0	72.0
5.7346986E13	2103.0	72.0
5.7346995E13	2103.0	72.0
5.7347007E13	2172.0	73.0
5.7347016E13	2172.0	73.0
5.7347024E13	2239.0	68.0
5.7347037E13	2239.0	68.0
5.7347045E13	2239.0	67.0
5.7347058E13	2239.0	68.0
5.7347066E13	2239.0	71.0
5.7347074E13	2280.0	75.0
5.7347087E13	2280.0	76.0
5.7347095E13	2280.0	75.0
5.7347104E13	2280.0	74.0
5.7347116E13	2298.0	74.0
5.7347125E13	2298.0	74.0
5.7347137E13	2298.0	73.0
5.7347146E13	2298.0	71.0
5.7347154E13	2295.0	69.0
5.7347167E13	2295.0	67.0
5.7347175E13	2295.0	65.0
5.7347188E13	2271.0	64.0
5.7347196E13	2271.0	63.0
5.7347204E13	2271.0	61.0
5.7347217E13	2271.0	60.0
5.7347225E13	2249.0	61.0
5.734724E13	2249.0	65.0
5.7347246E13	2249.0	67.0
5.7347255E13	2249.0	68.0
5.7347267E13	2217.0	70.0
5.7347276E13	2217.0	72.0
5.7347284E13	2217.0	74.0
5.7347297E13	2217.0	75.0
5.7347305E13	2176.0	76.0
5.7347318E13	2176.0	76.0
5.7347326E13	2176.0	76.0
5.7347334E13	2137.0	76.0
5.7347347E13	2137.0	76.0
5.7347355E13	2137.0	75.0
5.734737E13	2137.0	76.0
5.7347376E13	2117.0	75.0
5.7347385E13	2117.0	74.0
5.7347397E13	2117.0	74.0
5.7347406E13	2117.0	73.0
5.7347414E13	2113.0	73.0
5.7347427E13	2113.0	72.0
5.7347435E13	2113.0	71.0
5.7347448E13	2113.0	71.0
5.7347456E13	2118.0	72.0
5.7347464E13	2118.0	73.0
5.7347477E13	2122.0	74.0
5.7347485E13	2122.0	74.0
5.73475E13	2122.0	74.0
5.7347506E13	2122.0	75.0
5.7347515E13	2122.0	75.0
5.7347527E13	2123.0	75.0
5.7347536E13	2123.0	75.0
5.734755E13	2123.0	73.0
5.7347557E13	2125.0	72.0
5.7347578E13	2125.0	68.0
5.7347565E13	2125.0	29.0
5.7347586E13	2125.0	29.0
5.7347595E13	2132.0	65.0
5.7347607E13	2132.0	65.0
5.7347615E13	2132.0	64.0
5.734763E13	2133.0	62.0
5.7347636E13	2133.0	61.0
5.7347645E13	2133.0	61.0
5.7347657E13	2133.0	63.0
5.7347666E13	2129.0	66.0
5.734768E13	2129.0	68.0
5.7347687E13	2129.0	70.0
5.7347695E13	2129.0	73.0
5.7347708E13	2135.0	75.0
5.7347716E13	2135.0	75.0
5.7347725E13	2135.0	73.0
5.7347737E13	2135.0	73.0
5.7347746E13	2143.0	75.0
5.734776E13	2143.0	79.0
5.7347766E13	2143.0	82.0
5.7347775E13	2135.0	80.0
5.7347787E13	2135.0	77.0
5.7347796E13	2135.0	77.0
5.734781E13	2135.0	73.0
5.7347817E13	2135.0	71.0
5.7347825E13	2126.0	69.0
5.7347838E13	2126.0	69.0
5.7347846E13	2126.0	69.0
5.7347855E13	2126.0	69.0
5.7347867E13	2120.0	70.0
5.7347876E13	2120.0	72.0
5.734789E13	2120.0	75.0
5.7347897E13	2120.0	79.0
5.7347905E13	2121.0	82.0
5.7347917E13	2121.0	84.0
5.7347926E13	2121.0	85.0
5.734794E13	2129.0	84.0
5.7347947E13	2129.0	82.0
5.7347955E13	2129.0	80.0
5.7347968E13	2129.0	78.0
5.7347976E13	2134.0	77.0
5.734799E13	2134.0	77.0
5.7347997E13	2134.0	79.0
5.7348006E13	2134.0	82.0
5.734802E13	2139.0	85.0
5.7348027E13	2139.0	83.0
5.7348035E13	2139.0	82.0
5.7348048E13	2139.0	82.0
5.7348056E13	2156.0	82.0
5.734807E13	2156.0	81.0
5.7348077E13	2181.0	81.0
5.7348085E13	2181.0	80.0
5.7348098E13	2181.0	78.0
5.7348106E13	2181.0	76.0
5.7348115E13	2214.0	75.0
5.7348127E13	2214.0	72.0
5.7348136E13	2214.0	72.0
5.734815E13	2214.0	72.0
5.7348157E13	2214.0	71.0
5.7348165E13	2252.0	71.0
5.7348178E13	2252.0	72.0
5.7348186E13	2252.0	73.0
5.73482E13	2252.0	75.0
5.7348207E13	2294.0	76.0
5.7348215E13	2294.0	74.0
5.7348228E13	2294.0	72.0
5.7348236E13	2326.0	72.0
5.734825E13	2326.0	74.0
5.7348257E13	2326.0	75.0
5.7348266E13	2326.0	76.0
5.734828E13	2335.0	75.0
5.7348287E13	2335.0	75.0
5.7348295E13	2335.0	76.0
5.7348308E13	2335.0	75.0
5.7348316E13	2329.0	74.0
5.734833E13	2329.0	71.0
5.7348337E13	2329.0	68.0
5.7348345E13	2329.0	66.0
5.7348358E13	2308.0	64.0
5.7348366E13	2308.0	61.0
5.734838E13	2308.0	59.0
5.7348387E13	2288.0	57.0
5.7348396E13	2288.0	57.0
5.734841E13	2288.0	58.0
5.7348417E13	2288.0	61.0
5.7348425E13	2279.0	64.0
5.7348438E13	2279.0	67.0
5.7348446E13	2279.0	69.0
5.734846E13	2279.0	72.0
5.7348467E13	2267.0	74.0
5.7348475E13	2267.0	75.0
5.734849E13	2267.0	76.0
5.7348496E13	2241.0	75.0
5.734851E13	2241.0	75.0
5.7348517E13	2241.0	75.0
5.7348526E13	2214.0	77.0
5.734854E13	2214.0	77.0
5.7348547E13	2214.0	78.0
5.7348555E13	2214.0	80.0
5.7348568E13	2214.0	79.0
5.7348576E13	2185.0	78.0
5.734859E13	2185.0	77.0
5.7348597E13	2185.0	77.0
5.7348605E13	2149.0	75.0
5.734862E13	2149.0	76.0
5.7348626E13	2149.0	76.0
5.734864E13	2149.0	75.0
5.7348647E13	2149.0	74.0
5.7348656E13	2116.0	73.0
5.734867E13	2116.0	73.0
5.7348677E13	2116.0	74.0
5.734869E13	2086.0	75.0
5.7348698E13	2086.0	75.0
5.7348706E13	2086.0	75.0
5.734872E13	2086.0	75.0
5.7348727E13	2053.0	75.0
5.7348735E13	2053.0	72.0
5.734875E13	2053.0	69.0
5.7348756E13	2053.0	67.0
5.734877E13	2028.0	64.0
5.7348777E13	2028.0	63.0
5.7348786E13	2028.0	63.0
5.73488E13	2007.0	64.0
5.7348807E13	2007.0	64.0
5.734882E13	2007.0	65.0
5.7348828E13	2007.0	66.0
5.7348836E13	1987.0	67.0
5.734885E13	1987.0	68.0
5.7348857E13	1987.0	70.0
5.7348865E13	1987.0	70.0
5.734888E13	1962.0	71.0
5.7348886E13	1962.0	74.0
5.73489E13	1962.0	77.0
5.7348907E13	1962.0	78.0
5.7348916E13	1944.0	77.0
5.734893E13	1944.0	79.0
5.7348937E13	1944.0	82.0
5.734895E13	1909.0	85.0
5.7348958E13	1909.0	85.0
5.7348966E13	1909.0	82.0
5.734898E13	1909.0	77.0
5.7348987E13	1829.0	73.0
5.7349E13	1829.0	70.0
5.734901E13	1829.0	68.0
5.7349016E13	1829.0	68.0
5.734903E13	1762.0	68.0
5.7349037E13	1762.0	68.0
5.7349046E13	1762.0	70.0
5.734906E13	1762.0	71.0
5.7349067E13	1751.0	72.0
5.734908E13	1751.0	74.0
5.7349088E13	1751.0	76.0
5.7349096E13	1756.0	77.0
5.734911E13	1756.0	77.0
5.7349117E13	1756.0	77.0
5.734913E13	1756.0	77.0
5.734914E13	1739.0	78.0
5.7349146E13	1739.0	78.0
5.734916E13	1739.0	79.0
5.7349167E13	1739.0	81.0
5.734918E13	1713.0	83.0
5.734919E13	1713.0	86.0
5.7349197E13	1713.0	87.0
5.734921E13	1713.0	85.0
5.7349218E13	1711.0	85.0
5.7349226E13	1711.0	86.0
5.734924E13	1711.0	85.0
5.7349247E13	1722.0	82.0
5.734926E13	1722.0	80.0
5.734927E13	1722.0	79.0
5.7349276E13	1722.0	79.0
5.734929E13	1769.0	79.0
5.7349297E13	1769.0	79.0
5.734931E13	1769.0	77.0
5.734932E13	1769.0	74.0
5.7349327E13	1836.0	72.0
5.734934E13	1836.0	70.0
5.7349348E13	1836.0	71.0
5.7349356E13	1836.0	73.0
5.734937E13	1913.0	73.0
5.7349377E13	1913.0	73.0
5.734939E13	1913.0	71.0
5.73494E13	1988.0	68.0
5.7349406E13	1988.0	66.0
5.734942E13	1988.0	66.0
5.7349427E13	1988.0	68.0
5.734944E13	2045.0	71.0
5.734945E13	2045.0	75.0
5.7349457E13	2045.0	77.0
5.734947E13	2092.0	74.0
5.7349478E13	2092.0	74.0
5.734949E13	2092.0	74.0
5.73495E13	2092.0	74.0
5.7349507E13	2111.0	73.0
5.734952E13	2111.0	73.0
5.734953E13	2111.0	65.0
5.7349536E13	2111.0	65.0
5.734955E13	2124.0	62.0
5.7349557E13	2124.0	59.0
5.734957E13	2124.0	61.0
5.734958E13	2127.0	64.0
5.7349587E13	2127.0	68.0
5.73496E13	2127.0	71.0
5.7349608E13	2127.0	71.0
5.734962E13	2127.0	73.0
5.734963E13	2143.0	73.0
5.734964E13	2143.0	73.0
5.734965E13	2143.0	74.0
5.734966E13	2138.0	75.0
5.7349667E13	2138.0	75.0
5.734968E13	2138.0	76.0
5.7349687E13	2135.0	77.0
5.73497E13	2135.0	78.0
5.734971E13	2135.0	79.0
5.7349717E13	2135.0	78.0
5.734973E13	2162.0	77.0
5.7349738E13	2162.0	77.0
5.734975E13	2162.0	75.0
5.734976E13	2162.0	73.0
5.7349767E13	2162.0	72.0
5.734978E13	2211.0	71.0
5.734979E13	2211.0	71.0
5.7349797E13	2211.0	71.0
5.734981E13	2211.0	71.0
5.7349817E13	2262.0	71.0
5.734983E13	2262.0	72.0
5.734984E13	2262.0	73.0
5.7349847E13	2298.0	74.0
5.734986E13	2298.0	75.0
5.7349868E13	2298.0	76.0
5.734988E13	2298.0	76.0
5.734989E13	2328.0	75.0
5.7349897E13	2328.0	76.0
5.734991E13	2328.0	75.0
5.734992E13	2328.0	73.0
5.734993E13	2353.0	69.0
5.734994E13	2353.0	66.0
5.7349948E13	2353.0	64.0
5.734996E13	2353.0	64.0
5.734997E13	2380.0	65.0
5.7349977E13	2380.0	65.0
5.734999E13	2380.0	64.0
5.7349998E13	2403.0	63.0
5.735001E13	2403.0	62.0
5.735002E13	2403.0	63.0
5.7350027E13	2403.0	65.0
5.735004E13	2421.0	68.0
5.735005E13	2421.0	70.0
5.735006E13	2421.0	73.0
5.735007E13	2421.0	76.0
5.7350078E13	2451.0	76.0
5.735009E13	2451.0	74.0
5.73501E13	2451.0	73.0
5.7350107E13	2451.0	74.0
5.735012E13	2481.0	76.0
5.7350128E13	2481.0	77.0
5.735014E13	2481.0	78.0
5.735015E13	2485.0	77.0
5.7350157E13	2485.0	75.0
5.735017E13	2485.0	72.0
5.735018E13	2485.0	69.0
5.735019E13	2480.0	69.0
5.73502E13	2480.0	69.0
5.7350208E13	2480.0	69.0
5.735022E13	2480.0	70.0
5.735023E13	2473.0	71.0
5.7350237E13	2473.0	73.0
5.735025E13	2473.0	75.0
5.7350258E13	2473.0	79.0
5.735028E13	2465.0	83.0
5.7350287E13	2465.0	84.0
5.73503E13	2454.0	84.0
5.735031E13	2454.0	83.0
5.735033E13	2454.0	80.0
5.7350338E13	2433.0	80.0
5.735035E13	2433.0	80.0
5.735036E13	2433.0	81.0
5.735037E13	2433.0	83.0
5.735038E13	2411.0	84.0
5.735039E13	2411.0	84.0
5.73504E13	2411.0	83.0
5.735041E13	2411.0	81.0
5.7350417E13	2403.0	80.0
5.735043E13	2403.0	80.0
5.735044E13	2403.0	79.0
5.735045E13	2412.0	77.0
5.735046E13	2412.0	76.0
5.7350468E13	2412.0	76.0
5.735048E13	2412.0	74.0
5.735049E13	2433.0	73.0
5.73505E13	2433.0	73.0
5.735051E13	2433.0	74.0
5.735052E13	2458.0	76.0
5.735053E13	2458.0	75.0
5.735054E13	2458.0	75.0
5.7350547E13	2458.0	74.0
5.735056E13	2458.0	74.0
5.735057E13	2488.0	71.0
5.735058E13	2488.0	69.0
5.735059E13	2488.0	70.0
5.7350598E13	2514.0	72.0
5.735061E13	2514.0	74.0
5.735062E13	2514.0	79.0
5.735063E13	2530.0	77.0
5.735064E13	2530.0	76.0
5.735065E13	2530.0	76.0
5.735066E13	2530.0	76.0
5.735067E13	2530.0	74.0
5.7350677E13	2546.0	72.0
5.735069E13	2546.0	69.0
5.73507E13	2546.0	66.0
5.735071E13	2546.0	65.0
5.735072E13	2552.0	64.0
5.7350728E13	2552.0	63.0
5.735074E13	2552.0	63.0
5.735075E13	2562.0	62.0
5.735076E13	2562.0	62.0
5.735077E13	2562.0	63.0
5.735078E13	2562.0	65.0
5.735079E13	2562.0	67.0
5.73508E13	2562.0	69.0
5.735081E13	2562.0	71.0
5.735082E13	2562.0	73.0
5.735083E13	2556.0	75.0
5.735084E13	2556.0	75.0
5.735085E13	2556.0	76.0
5.7350858E13	2541.0	78.0
5.735087E13	2541.0	77.0
5.735088E13	2541.0	77.0
5.735089E13	2541.0	77.0
5.73509E13	2542.0	78.0
5.735091E13	2542.0	78.0
5.735092E13	2542.0	78.0
5.735093E13	2542.0	77.0
5.735094E13	2554.0	76.0
5.735095E13	2554.0	75.0
5.735096E13	2554.0	74.0
5.735097E13	2554.0	73.0
5.735098E13	2574.0	72.0
5.7350988E13	2574.0	72.0
5.735101E13	2593.0	72.0
5.735102E13	2593.0	72.0
5.735103E13	2593.0	73.0
5.735105E13	2597.0	74.0
5.735106E13	2597.0	75.0
5.735107E13	2597.0	74.0
5.735108E13	2597.0	73.0
5.735109E13	2604.0	73.0
5.73511E13	2604.0	73.0
5.735111E13	2604.0	70.0
5.735112E13	2604.0	67.0
5.735113E13	2610.0	65.0
5.735114E13	2610.0	65.0
5.735115E13	2610.0	66.0
5.735116E13	2629.0	66.0
5.735117E13	2629.0	65.0
5.735118E13	2629.0	64.0
5.735119E13	2629.0	65.0
5.73512E13	2639.0	66.0
5.735121E13	2639.0	68.0
5.735122E13	2639.0	69.0
5.735123E13	2639.0	70.0
5.735124E13	2648.0	72.0
5.735125E13	2648.0	75.0
5.735126E13	2648.0	76.0
5.735127E13	2648.0	76.0
5.735128E13	2662.0	76.0
5.735129E13	2662.0	77.0
5.73513E13	2662.0	79.0
5.735131E13	2670.0	81.0
5.735132E13	2670.0	81.0
5.735133E13	2670.0	79.0
5.735134E13	2670.0	76.0
5.735135E13	2666.0	74.0
5.735136E13	2666.0	72.0
5.735137E13	2666.0	72.0
5.735138E13	2666.0	72.0
5.735139E13	2659.0	73.0
5.73514E13	2659.0	74.0
5.735141E13	2659.0	76.0
5.735142E13	2659.0	77.0
5.7351432E13	2649.0	79.0
5.735144E13	2649.0	80.0
5.735145E13	2649.0	81.0
5.735146E13	2649.0	81.0
5.735147E13	2649.0	79.0
5.735148E13	2649.0	76.0
5.735149E13	2649.0	74.0
5.73515E13	2635.0	73.0
5.735151E13	2635.0	74.0
5.735152E13	2635.0	75.0
5.735153E13	2635.0	78.0
5.735154E13	2611.0	81.0
5.735155E13	2611.0	86.0
5.7351562E13	2611.0	84.0
5.735157E13	2589.0	82.0
5.735158E13	2589.0	82.0
5.735159E13	2589.0	80.0
5.73516E13	2583.0	79.0
5.735161E13	2583.0	79.0
5.735162E13	2583.0	77.0
5.735163E13	2583.0	77.0
5.735164E13	2591.0	74.0
5.735165E13	2591.0	72.0
5.735166E13	2591.0	71.0
5.735167E13	2591.0	68.0
5.735168E13	2598.0	67.0
5.7351692E13	2598.0	70.0
5.73517E13	2598.0	76.0
5.735171E13	2598.0	76.0
5.735172E13	2598.0	78.0
5.735173E13	2609.0	78.0
5.735174E13	2609.0	79.0
5.735175E13	2609.0	78.0
5.735176E13	2620.0	74.0
5.735177E13	2620.0	71.0
5.735178E13	2620.0	71.0
5.735179E13	2620.0	74.0
5.73518E13	2628.0	77.0
5.735181E13	2628.0	79.0
5.7351822E13	2628.0	78.0
5.735183E13	2628.0	76.0
5.735184E13	2640.0	76.0
5.735185E13	2640.0	75.0
5.735186E13	2640.0	74.0
5.735187E13	2640.0	72.0
5.735188E13	2650.0	70.0
5.735189E13	2650.0	66.0
5.73519E13	2650.0	64.0
5.735191E13	2654.0	62.0
5.735192E13	2654.0	61.0
5.735193E13	2654.0	61.0
5.735194E13	2654.0	62.0
5.7351952E13	2663.0	65.0
5.735196E13	2663.0	67.0
5.735197E13	2663.0	70.0
5.735198E13	2663.0	72.0
5.735199E13	2652.0	74.0
5.7352003E13	2652.0	75.0
5.735201E13	2652.0	74.0
5.735203E13	2644.0	75.0
5.735204E13	2644.0	76.0
5.735205E13	2644.0	76.0
5.735206E13	2645.0	76.0
5.735207E13	2645.0	77.0
5.7352082E13	2645.0	77.0
5.735209E13	2645.0	76.0
5.73521E13	2656.0	76.0
5.735211E13	2656.0	75.0
5.735212E13	2656.0	73.0
5.7352133E13	2656.0	73.0
5.735214E13	2675.0	73.0
5.735215E13	2675.0	72.0
5.7352162E13	2675.0	72.0
5.735217E13	2675.0	72.0
5.735218E13	2692.0	72.0
5.735219E13	2692.0	72.0
5.73522E13	2692.0	73.0
5.7352212E13	2705.0	74.0
5.735222E13	2705.0	75.0
5.735223E13	2705.0	77.0
5.735224E13	2705.0	77.0
5.735225E13	2713.0	75.0
5.7352263E13	2713.0	73.0
5.735227E13	2713.0	72.0
5.735228E13	2713.0	72.0
5.7352292E13	2720.0	71.0
5.73523E13	2720.0	71.0
5.7352313E13	2720.0	69.0
5.735232E13	2720.0	67.0
5.735233E13	2727.0	66.0
5.7352342E13	2727.0	64.0
5.735235E13	2727.0	63.0
5.735236E13	2733.0	62.0
5.735237E13	2733.0	62.0
5.735238E13	2733.0	63.0
5.7352393E13	2733.0	65.0
5.73524E13	2740.0	69.0
5.735241E13	2740.0	71.0
5.7352422E13	2740.0	72.0
5.735243E13	2740.0	73.0
5.7352443E13	2751.0	75.0
5.735245E13	2751.0	75.0
5.735246E13	2751.0	75.0
5.7352472E13	2751.0	75.0
5.735248E13	2765.0	78.0
5.7352493E13	2765.0	82.0
5.73525E13	2765.0	85.0
5.735251E13	2768.0	85.0
5.7352523E13	2768.0	81.0
5.735253E13	2768.0	75.0
5.735254E13	2768.0	72.0
5.7352552E13	2760.0	70.0
5.735256E13	2760.0	69.0
5.7352573E13	2760.0	69.0
5.735258E13	2751.0	69.0
5.735259E13	2751.0	71.0
5.7352603E13	2751.0	74.0
5.735261E13	2751.0	78.0
5.735262E13	2740.0	79.0
5.735263E13	2740.0	80.0
5.735264E13	2740.0	80.0
5.7352653E13	2721.0	80.0
5.735266E13	2721.0	80.0
5.735267E13	2721.0	51.0
5.7352682E13	2721.0	79.0
5.735269E13	2693.0	80.0
5.7352703E13	2693.0	80.0
5.735271E13	2693.0	80.0
5.735272E13	2693.0	81.0
5.7352733E13	2663.0	82.0
5.735274E13	2663.0	55.0
5.735275E13	2663.0	56.0
5.735276E13	2663.0	82.0
5.735277E13	2663.0	82.0
5.7352783E13	2646.0	82.0
5.735279E13	2646.0	81.0
5.73528E13	2646.0	81.0
5.7352812E13	2644.0	80.0
5.735282E13	2644.0	79.0
5.7352833E13	2644.0	78.0
5.735284E13	2644.0	77.0
5.735285E13	2648.0	74.0
5.7352863E13	2648.0	72.0
5.735287E13	2648.0	71.0
5.7352884E13	2648.0	70.0
5.735289E13	2665.0	71.0
5.73529E13	2665.0	74.0
5.7352913E13	2665.0	76.0
5.735292E13	2689.0	75.0
5.7352934E13	2689.0	74.0
5.7352942E13	2689.0	72.0
5.735295E13	2689.0	69.0
5.7352963E13	2705.0	70.0
5.735297E13	2705.0	72.0
5.735298E13	2705.0	74.0
5.7352993E13	2705.0	76.0
5.7353E13	2705.0	76.0
5.7353014E13	2705.0	75.0
5.735302E13	2705.0	74.0
5.7353035E13	2705.0	73.0
5.7353043E13	2705.0	72.0
5.735305E13	2705.0	70.0
5.735306E13	2705.0	68.0
5.7353072E13	2692.0	67.0
5.735308E13	2692.0	65.0
5.7353093E13	2692.0	64.0
5.73531E13	2688.0	63.0
5.735311E13	2688.0	61.0
5.7353123E13	2688.0	60.0
5.735313E13	2688.0	61.0
5.7353144E13	2680.0	64.0
5.735315E13	2680.0	67.0
5.735316E13	2680.0	67.0
5.7353173E13	2680.0	70.0
5.735318E13	2680.0	72.0
5.735319E13	2674.0	73.0
5.7353202E13	2674.0	74.0
5.735321E13	2674.0	74.0
5.7353223E13	2669.0	74.0
5.735323E13	2669.0	74.0
5.735324E13	2669.0	74.0
5.7353253E13	2669.0	74.0
5.735326E13	2683.0	75.0
5.7353274E13	2683.0	75.0
5.735328E13	2683.0	77.0
5.735329E13	2683.0	76.0
5.7353303E13	2710.0	75.0
5.735331E13	2710.0	75.0
5.735332E13	2710.0	75.0
5.7353332E13	2710.0	75.0
5.735334E13	2735.0	75.0
5.7353353E13	2735.0	75.0
5.735336E13	2735.0	75.0
5.735337E13	2756.0	74.0
5.7353383E13	2756.0	74.0
5.735339E13	2756.0	72.0
5.7353404E13	2756.0	72.0
5.735341E13	2774.0	72.0
5.735342E13	2774.0	73.0
5.7353433E13	2774.0	73.0
5.735344E13	2774.0	73.0
5.735345E13	2787.0	72.0
5.7353462E13	2787.0	71.0
5.735347E13	2787.0	70.0
5.7353483E13	2787.0	69.0
5.735349E13	2801.0	67.0
5.73535E13	2801.0	67.0
5.7353513E13	2801.0	65.0
5.735352E13	2809.0	64.0
5.7353534E13	2809.0	63.0
5.735354E13	2809.0	61.0
5.735355E13	2809.0	61.0
5.7353563E13	2817.0	62.0
5.735357E13	2817.0	64.0
5.7353592E13	2817.0	72.0
5.73536E13	2830.0	73.0
5.7353613E13	2830.0	76.0
5.735362E13	2830.0	76.0
5.735363E13	2843.0	73.0
5.7353643E13	2843.0	73.0
5.735365E13	2843.0	73.0
5.7353664E13	2853.0	79.0
5.735367E13	2853.0	79.0
5.735368E13	2853.0	82.0
5.7353693E13	2853.0	83.0
5.73537E13	2853.0	80.0
5.7353714E13	2863.0	74.0
5.7353722E13	2863.0	74.0
5.735373E13	2863.0	72.0
5.7353743E13	2863.0	71.0
5.735375E13	2862.0	70.0
5.735376E13	2862.0	70.0
5.7353773E13	2862.0	71.0
5.735378E13	2862.0	73.0
5.7353794E13	2864.0	75.0
5.73538E13	2864.0	77.0
5.735381E13	2864.0	80.0
5.7353823E13	2863.0	82.0
5.735383E13	2863.0	83.0
5.7353844E13	2863.0	83.0
5.7353852E13	2863.0	82.0
5.735386E13	2845.0	81.0
5.7353873E13	2845.0	80.0
5.735388E13	2845.0	80.0
5.7353894E13	2845.0	81.0
5.7353903E13	2817.0	83.0
5.735391E13	2817.0	84.0
5.7353924E13	2817.0	88.0
5.7353932E13	2817.0	88.0
5.735395E13	2775.0	84.0
5.7353953E13	2775.0	82.0
5.735396E13	2775.0	82.0
5.7353974E13	2738.0	82.0
5.7353982E13	2738.0	82.0
5.735399E13	2738.0	82.0
5.7354003E13	2738.0	82.0
5.735401E13	2716.0	80.0
5.7354024E13	2716.0	80.0
5.7354033E13	2716.0	78.0
5.735404E13	2716.0	76.0
5.7354054E13	2703.0	73.0
5.7354062E13	2703.0	72.0
5.735407E13	2703.0	73.0
5.7354083E13	2703.0	75.0
5.735409E13	2708.0	76.0
5.7354104E13	2708.0	76.0
5.7354112E13	2708.0	74.0
5.735412E13	2718.0	73.0
5.7354133E13	2718.0	71.0
5.735414E13	2718.0	69.0
5.7354154E13	2718.0	69.0
5.7354163E13	2722.0	71.0
5.735417E13	2722.0	74.0
5.7354184E13	2722.0	76.0
5.7354192E13	2722.0	76.0
5.73542E13	2723.0	78.0
5.7354213E13	2723.0	78.0
5.7354234E13	2723.0	73.0
5.7354242E13	2717.0	71.0
5.735425E13	2717.0	68.0
5.7354263E13	2717.0	66.0
5.735427E13	2718.0	62.0
5.7354284E13	2718.0	59.0
5.7354293E13	2718.0	59.0
5.73543E13	2718.0	59.0
5.7354314E13	2718.0	61.0
5.7354322E13	2718.0	64.0
5.7354335E13	2718.0	66.0
5.7354343E13	2718.0	69.0
5.735435E13	2723.0	72.0
5.7354364E13	2723.0	74.0
5.7354373E13	2723.0	75.0
5.735438E13	2723.0	76.0
5.7354393E13	2725.0	76.0
5.73544E13	2725.0	77.0
5.7354414E13	2725.0	77.0
5.7354423E13	2738.0	78.0
5.735443E13	2738.0	80.0
5.7354444E13	2738.0	81.0
5.7354452E13	2738.0	82.0
5.7354465E13	2766.0	80.0
5.7354473E13	2766.0	77.0
5.735448E13	2766.0	75.0
5.7354494E13	2766.0	74.0
5.7354503E13	2798.0	73.0
5.735451E13	2798.0	72.0
5.7354524E13	2798.0	72.0
5.735453E13	2798.0	73.0
5.7354544E13	2827.0	74.0
5.7354553E13	2827.0	73.0
5.735456E13	2827.0	74.0
5.7354574E13	2850.0	74.0
5.7354582E13	2850.0	74.0
5.7354595E13	2850.0	73.0
5.7354603E13	2850.0	73.0
5.735461E13	2866.0	71.0
5.7354624E13	2866.0	70.0
5.7354633E13	2866.0	70.0
5.7354645E13	2866.0	70.0
5.7354654E13	2879.0	69.0
5.735466E13	2879.0	68.0
5.7354675E13	2879.0	68.0
5.7354683E13	2890.0	68.0
5.735469E13	2890.0	66.0
5.7354704E13	2890.0	64.0
5.7354712E13	2900.0	62.0
5.7354725E13	2900.0	62.0
5.7354733E13	2900.0	61.0
5.735474E13	2900.0	62.0
5.7354754E13	2900.0	64.0
5.7354763E13	2908.0	67.0
5.7354775E13	2908.0	69.0
5.7354784E13	2908.0	71.0
5.735479E13	2908.0	74.0
5.7354805E13	2919.0	76.0
5.7354813E13	2919.0	76.0
5.735482E13	2919.0	76.0
5.7354834E13	2934.0	78.0
5.7354842E13	2934.0	83.0
5.7354855E13	2934.0	86.0
5.7354863E13	2934.0	88.0
5.735487E13	2938.0	87.0
5.7354884E13	2938.0	82.0
5.7354893E13	2938.0	77.0
5.7354905E13	2938.0	73.0
5.7354914E13	2924.0	71.0
5.735492E13	2924.0	70.0
5.7354935E13	2924.0	69.0
5.7354943E13	2924.0	69.0
5.7354956E13	2908.0	69.0
5.7354964E13	2908.0	69.0
5.7354972E13	2908.0	69.0
5.7354985E13	2895.0	69.0
5.7354993E13	2895.0	69.0
5.7355E13	2895.0	70.0
5.7355014E13	2895.0	73.0
5.7355023E13	2874.0	75.0
5.7355035E13	2874.0	78.0
5.7355044E13	2874.0	83.0
5.735505E13	2874.0	83.0
5.7355065E13	2833.0	84.0
5.7355077E13	2833.0	83.0
5.7355086E13	2833.0	83.0
5.7355094E13	2833.0	83.0
5.7355102E13	2794.0	84.0
5.7355115E13	2794.0	84.0
5.7355123E13	2794.0	82.0
5.735513E13	2770.0	81.0
5.7355144E13	2770.0	81.0
5.7355153E13	2770.0	81.0
5.7355165E13	2770.0	81.0
5.7355174E13	2754.0	81.0
5.735518E13	2754.0	79.0
5.7355195E13	2754.0	76.0
5.7355203E13	2754.0	73.0
5.7355216E13	2748.0	72.0
5.7355224E13	2748.0	72.0
5.7355232E13	2748.0	73.0
5.7355245E13	2748.0	74.0
5.7355253E13	2756.0	75.0
5.735526E13	2756.0	75.0
5.7355274E13	2756.0	74.0
5.7355283E13	2774.0	73.0
5.7355295E13	2774.0	72.0
5.7355304E13	2774.0	72.0
5.735531E13	2774.0	71.0
5.7355325E13	2789.0	73.0
5.7355333E13	2789.0	75.0
5.7355346E13	2789.0	77.0
5.7355354E13	2789.0	77.0
5.7355362E13	2797.0	76.0
5.7355375E13	2797.0	75.0
5.7355383E13	2797.0	75.0
5.7355396E13	2797.0	74.0
5.7355404E13	2806.0	72.0
5.7355413E13	2806.0	71.0
5.7355425E13	2806.0	68.0
5.7355434E13	2810.0	66.0
5.735544E13	2810.0	65.0
5.7355455E13	2810.0	63.0
5.7355463E13	2810.0	60.0
5.7355476E13	2816.0	60.0
5.7355484E13	2816.0	62.0
5.7355492E13	2816.0	65.0
5.7355505E13	2817.0	69.0
5.7355513E13	2817.0	71.0
5.7355526E13	2817.0	71.0
5.7355534E13	2817.0	72.0
5.7355543E13	2812.0	73.0
5.7355555E13	2812.0	75.0
5.7355564E13	2812.0	76.0
5.735557E13	2815.0	76.0
5.7355585E13	2815.0	76.0
5.7355593E13	2815.0	76.0
5.7355606E13	2815.0	76.0
5.7355614E13	2827.0	76.0
5.7355622E13	2827.0	76.0
5.7355635E13	2827.0	75.0
5.7355643E13	2827.0	74.0
5.7355656E13	2854.0	73.0
5.7355664E13	2854.0	73.0
5.7355673E13	2854.0	73.0
5.7355685E13	2854.0	73.0
5.7355694E13	2879.0	73.0
5.7355706E13	2879.0	73.0
5.7355715E13	2879.0	39.0
5.7355723E13	2894.0	73.0
5.7355736E13	2894.0	74.0
5.735575E13	2894.0	75.0
5.7355752E13	2894.0	76.0
5.7355765E13	2903.0	75.0
5.7355773E13	2903.0	73.0
5.7355786E13	2903.0	72.0
5.7355794E13	2903.0	71.0
5.7355803E13	2903.0	71.0
5.7355815E13	2914.0	71.0
5.7355824E13	2914.0	72.0
5.7355836E13	2914.0	69.0
5.7355845E13	2914.0	67.0
5.7355853E13	2923.0	67.0
5.7355866E13	2923.0	67.0
5.7355874E13	2923.0	66.0
5.7355882E13	2930.0	64.0
5.7355895E13	2930.0	64.0
5.7355903E13	2930.0	64.0
5.7355916E13	2930.0	65.0
5.7355924E13	2934.0	66.0
5.7355933E13	2934.0	67.0
5.7355945E13	2934.0	68.0
5.7355954E13	2934.0	70.0
5.7355966E13	2939.0	71.0
5.7355975E13	2939.0	71.0
5.7355983E13	2939.0	70.0
5.7355996E13	2939.0	71.0
5.7356004E13	2947.0	73.0
5.7356012E13	2947.0	75.0
5.7356025E13	2947.0	76.0
5.7356033E13	2957.0	77.0
5.7356046E13	2957.0	77.0
5.7356054E13	2957.0	75.0
5.7356063E13	2957.0	74.0
5.7356075E13	2962.0	74.0
5.7356084E13	2962.0	74.0
5.7356096E13	2962.0	75.0
5.7356105E13	2962.0	76.0
5.7356113E13	2964.0	76.0
5.7356126E13	2964.0	76.0
5.7356134E13	2964.0	77.0
5.7356143E13	2964.0	78.0
5.7356155E13	2964.0	79.0
5.7356163E13	2964.0	81.0
5.7356176E13	2964.0	81.0
5.7356184E13	2952.0	80.0
5.7356214E13	2952.0	76.0
5.7356226E13	2922.0	75.0
5.7356235E13	2922.0	76.0
5.7356243E13	2922.0	77.0
5.7356256E13	2922.0	80.0
5.7356264E13	2885.0	84.0
5.7356277E13	2885.0	87.0
5.7356285E13	2885.0	84.0
5.7356294E13	2885.0	81.0
5.7356306E13	2848.0	80.0
5.7356314E13	2848.0	80.0
5.7356323E13	2848.0	80.0
5.7356335E13	2817.0	82.0
5.7356344E13	2817.0	82.0
5.7356356E13	2817.0	81.0
5.7356365E13	2817.0	79.0
5.7356373E13	2793.0	78.0
5.7356386E13	2793.0	77.0
5.7356394E13	2793.0	76.0
5.7356407E13	2793.0	74.0
5.7356415E13	2779.0	73.0
5.7356424E13	2779.0	74.0
5.7356436E13	2779.0	76.0
5.7356444E13	2779.0	78.0
5.7356457E13	2773.0	80.0
5.7356465E13	2773.0	80.0
5.7356474E13	2773.0	78.0
5.7356486E13	2770.0	76.0
5.7356495E13	2770.0	76.0
5.7356503E13	2770.0	77.0
5.7356516E13	2770.0	79.0
5.7356524E13	2768.0	80.0
5.7356537E13	2768.0	80.0
5.7356545E13	2768.0	79.0
5.7356554E13	2768.0	78.0
5.7356566E13	2771.0	77.0
5.7356575E13	2771.0	76.0
5.7356587E13	2771.0	74.0
5.7356595E13	2782.0	72.0
5.7356604E13	2782.0	68.0
5.7356616E13	2782.0	61.0
5.7356625E13	2782.0	57.0
5.7356637E13	2795.0	56.0
5.7356646E13	2795.0	60.0
5.7356654E13	2795.0	65.0
5.7356667E13	2811.0	69.0
5.7356675E13	2811.0	69.0
5.7356684E13	2811.0	72.0
5.7356696E13	2811.0	72.0
5.7356705E13	2811.0	72.0
5.7356717E13	2823.0	72.0
5.7356726E13	2823.0	73.0
5.7356734E13	2835.0	73.0
5.7356746E13	2835.0	73.0
5.7356755E13	2835.0	74.0
5.7356763E13	2835.0	75.0
5.7356776E13	2855.0	76.0
5.7356784E13	2855.0	76.0
5.7356797E13	2855.0	77.0
5.7356805E13	2855.0	77.0
5.7356814E13	2855.0	76.0
5.7356826E13	2889.0	75.0
5.7356835E13	2889.0	74.0
5.7356847E13	2889.0	74.0
5.7356856E13	2889.0	73.0
5.7356864E13	2919.0	72.0
5.7356877E13	2919.0	72.0
5.7356885E13	2919.0	71.0
5.7356893E13	2944.0	72.0
5.7356906E13	2944.0	72.0
5.7356914E13	2944.0	72.0
5.7356927E13	2944.0	71.0
5.7356935E13	2958.0	73.0
5.7356944E13	2958.0	74.0
5.7356956E13	2958.0	73.0
5.7356965E13	2958.0	72.0
5.7356977E13	2968.0	70.0
5.7356986E13	2968.0	70.0
5.7356994E13	2968.0	71.0
5.7357007E13	2968.0	69.0
5.7357015E13	2977.0	68.0
5.7357028E13	2977.0	67.0
5.7357036E13	2977.0	65.0
5.7357044E13	2984.0	64.0
5.7357057E13	2984.0	62.0
5.7357065E13	2984.0	61.0
5.7357074E13	2984.0	60.0
5.7357086E13	2987.0	61.0
5.7357095E13	2987.0	62.0
5.7357107E13	2987.0	63.0
5.7357116E13	2987.0	65.0
5.7357124E13	2994.0	67.0
5.7357137E13	2994.0	69.0
5.7357145E13	2994.0	71.0
5.7357158E13	2994.0	73.0
5.7357166E13	3012.0	75.0
5.7357174E13	3012.0	75.0
5.7357187E13	3012.0	76.0
5.7357195E13	3029.0	78.0
5.7357204E13	3029.0	80.0
5.7357216E13	3029.0	81.0
5.7357225E13	3029.0	80.0
5.7357237E13	3036.0	80.0
5.7357246E13	3036.0	79.0
5.7357254E13	3036.0	79.0
5.7357267E13	3036.0	78.0
5.7357275E13	3032.0	78.0
5.7357288E13	3032.0	77.0
5.7357296E13	3032.0	77.0
5.7357304E13	3032.0	77.0
5.7357317E13	3026.0	78.0
5.7357325E13	3026.0	80.0
5.7357334E13	3026.0	81.0
5.7357346E13	3011.0	83.0
5.7357355E13	3011.0	85.0
5.7357367E13	3011.0	83.0
5.7357376E13	3011.0	81.0
5.7357384E13	2969.0	80.0
5.7357397E13	2969.0	79.0
5.7357405E13	2969.0	79.0
5.7357418E13	2969.0	80.0
5.7357426E13	2918.0	82.0
5.7357434E13	2918.0	85.0
5.7357447E13	2918.0	86.0
5.7357455E13	2918.0	85.0
5.7357464E13	2860.0	84.0
5.7357476E13	2860.0	83.0
5.7357485E13	2860.0	83.0
5.7357497E13	2813.0	83.0
5.7357506E13	2813.0	82.0
5.7357514E13	2813.0	81.0
5.7357527E13	2813.0	80.0
5.7357535E13	2781.0	79.0
5.7357548E13	2781.0	77.0
5.7357556E13	2781.0	75.0
5.7357564E13	2781.0	72.0
5.7357577E13	2770.0	70.0
5.7357585E13	2770.0	71.0
5.73576E13	2770.0	76.0
5.7357606E13	2770.0	78.0
5.7357615E13	2767.0	77.0
5.7357627E13	2767.0	74.0
5.7357636E13	2767.0	72.0
5.7357644E13	2768.0	70.0
5.7357657E13	2768.0	72.0
5.7357665E13	2768.0	72.0
5.7357678E13	2768.0	73.0
5.7357686E13	2772.0	75.0
5.7357694E13	2772.0	76.0
5.7357707E13	2772.0	76.0
5.7357715E13	2772.0	76.0
5.735773E13	2777.0	75.0
5.7357736E13	2777.0	74.0
5.7357745E13	2777.0	72.0
5.7357757E13	2777.0	69.0
5.7357766E13	2781.0	67.0
5.7357774E13	2781.0	65.0
5.7357787E13	2781.0	63.0
5.7357795E13	2783.0	62.0
5.7357808E13	2783.0	60.0
5.7357816E13	2783.0	59.0
5.7357824E13	2783.0	60.0
5.7357837E13	2793.0	61.0
5.7357845E13	2793.0	63.0
5.735786E13	2793.0	66.0
5.7357866E13	2793.0	68.0
5.7357875E13	2800.0	70.0
5.7357887E13	2800.0	72.0
5.7357896E13	2800.0	74.0
5.7357904E13	2800.0	76.0
5.7357917E13	2810.0	77.0
5.7357925E13	2810.0	76.0
5.7357938E13	2810.0	76.0
5.7357946E13	2841.0	75.0
5.7357954E13	2841.0	75.0
5.7357967E13	2841.0	76.0
5.7357975E13	2841.0	76.0
5.735799E13	2879.0	76.0
5.7357996E13	2879.0	75.0
5.7358005E13	2879.0	75.0
5.7358017E13	2879.0	75.0
5.7358026E13	2922.0	74.0
5.735804E13	2922.0	73.0
5.7358047E13	2922.0	73.0
5.7358055E13	2922.0	72.0
5.7358068E13	2953.0	73.0
5.7358076E13	2953.0	73.0
5.7358084E13	2953.0	74.0
5.7358097E13	2970.0	76.0
5.7358105E13	2970.0	76.0
5.735812E13	2970.0	74.0
5.7358126E13	2984.0	73.0
5.7358135E13	2984.0	73.0
5.7358147E13	2984.0	72.0
5.7358156E13	2984.0	71.0
5.735817E13	2991.0	69.0
5.7358177E13	2991.0	67.0
5.7358185E13	2991.0	67.0
5.7358198E13	2991.0	65.0
5.7358206E13	3004.0	64.0
5.735822E13	3004.0	64.0
5.7358227E13	3004.0	63.0
5.7358235E13	3014.0	64.0
5.735825E13	3014.0	66.0
5.7358256E13	3014.0	68.0
5.7358265E13	3014.0	70.0
5.7358277E13	3022.0	71.0
5.7358286E13	3022.0	72.0
5.73583E13	3022.0	72.0
5.7358307E13	3022.0	74.0
5.7358315E13	3022.0	75.0
5.7358328E13	3038.0	74.0
5.7358336E13	3038.0	73.0
5.735835E13	3038.0	73.0
5.7358357E13	3038.0	75.0
5.7358365E13	3053.0	78.0
5.735838E13	3053.0	80.0
5.7358386E13	3053.0	81.0
5.7358395E13	3056.0	79.0
5.7358407E13	3056.0	77.0
5.7358416E13	3056.0	74.0
5.735843E13	3056.0	73.0
5.7358437E13	3046.0	73.0
5.7358445E13	3046.0	73.0
5.7358458E13	3046.0	74.0
5.7358466E13	3046.0	75.0
5.735848E13	3026.0	78.0
5.7358487E13	3026.0	78.0
5.7358496E13	3026.0	80.0
5.735851E13	3011.0	82.0
5.7358516E13	3011.0	83.0
5.7358525E13	3011.0	84.0
5.7358537E13	3011.0	84.0
5.7358546E13	2993.0	84.0
5.735856E13	2993.0	84.0
5.7358567E13	2993.0	82.0
5.7358575E13	2993.0	80.0
5.7358588E13	2950.0	80.0
5.7358596E13	2950.0	80.0
5.735861E13	2950.0	84.0
5.7358617E13	2950.0	84.0
5.7358626E13	2888.0	86.0
5.735864E13	2888.0	88.0
5.7358647E13	2821.0	88.0
5.7358655E13	2821.0	88.0
5.7358667E13	2821.0	87.0
5.7358676E13	2821.0	85.0
5.735869E13	2821.0	82.0
5.7358697E13	2765.0	82.0
5.7358705E13	2765.0	81.0
5.7358718E13	2765.0	80.0
5.7358726E13	2765.0	80.0
5.735874E13	2731.0	77.0
5.7358747E13	2731.0	75.0
5.7358756E13	2731.0	74.0
5.735877E13	2731.0	75.0
5.7358777E13	2716.0	76.0
5.7358785E13	2716.0	77.0
5.7358798E13	2716.0	77.0
5.7358806E13	2709.0	78.0
5.735882E13	2709.0	78.0
5.7358827E13	2709.0	76.0
5.7358835E13	2709.0	75.0
5.7358848E13	2708.0	75.0
5.7358856E13	2708.0	77.0
5.735887E13	2708.0	78.0
5.7358877E13	2708.0	80.0
5.7358886E13	2707.0	80.0
5.73589E13	2707.0	78.0
5.7358907E13	2707.0	78.0
5.735892E13	2707.0	77.0
5.7358928E13	2713.0	76.0
5.7358936E13	2713.0	73.0
5.735895E13	2713.0	70.0
5.7358957E13	2728.0	67.0
5.7358965E13	2728.0	65.0
5.7358978E13	2728.0	58.0
5.7358986E13	2728.0	54.0
5.7359E13	2741.0	53.0
5.7359007E13	2741.0	57.0
5.7359016E13	2741.0	63.0
5.735903E13	2741.0	67.0
5.7359037E13	2754.0	70.0
5.735905E13	2754.0	72.0
5.7359058E13	2754.0	73.0
5.7359066E13	2754.0	73.0
5.735908E13	2762.0	73.0
5.7359087E13	2762.0	72.0
5.7359095E13	2762.0	72.0
5.7359108E13	2770.0	73.0
5.7359116E13	2770.0	74.0
5.735913E13	2770.0	76.0
5.7359137E13	2770.0	77.0
5.7359146E13	2794.0	78.0
5.735916E13	2794.0	78.0
5.7359167E13	2794.0	77.0
5.735918E13	2794.0	75.0
5.7359188E13	2835.0	74.0
5.7359196E13	2835.0	72.0
5.735921E13	2835.0	70.0
5.7359217E13	2835.0	70.0
5.735923E13	2870.0	70.0
5.735924E13	2870.0	71.0
5.7359246E13	2870.0	72.0
5.735926E13	2893.0	73.0
5.7359267E13	2893.0	73.0
5.7359276E13	2893.0	74.0
5.735929E13	2893.0	74.0
5.7359297E13	2906.0	73.0
5.735931E13	2906.0	71.0
5.7359318E13	2906.0	70.0
5.7359326E13	2906.0	69.0
5.735934E13	2915.0	69.0
5.7359347E13	2915.0	68.0
5.735936E13	2915.0	67.0
5.735937E13	2915.0	66.0
5.7359376E13	2923.0	64.0
5.735939E13	2923.0	63.0
5.7359397E13	2923.0	62.0
5.7359406E13	2927.0	62.0
5.735942E13	2927.0	62.0
5.7359427E13	2927.0	62.0
5.735944E13	2927.0	63.0
5.7359448E13	2931.0	64.0
5.7359456E13	2931.0	66.0
5.735947E13	2931.0	68.0
5.7359477E13	2931.0	69.0
5.735949E13	2941.0	71.0
5.73595E13	2941.0	72.0
5.7359506E13	2941.0	73.0
5.735952E13	2941.0	73.0
5.7359527E13	2953.0	73.0
5.7359536E13	2953.0	73.0
5.735955E13	2968.0	74.0
5.7359557E13	2968.0	74.0
5.735957E13	2968.0	74.0
5.7359578E13	2968.0	74.0
5.7359586E13	2968.0	75.0
5.73596E13	2977.0	75.0
5.7359607E13	2977.0	76.0
5.735962E13	2977.0	78.0
5.735963E13	2973.0	79.0
5.7359636E13	2973.0	79.0
5.735965E13	2973.0	79.0
5.7359657E13	2973.0	79.0
5.735967E13	2973.0	79.0
5.735968E13	2948.0	79.0
5.7359687E13	2948.0	80.0
5.73597E13	2948.0	81.0
5.7359708E13	2914.0	82.0
5.7359716E13	2914.0	82.0
5.735973E13	2914.0	81.0
5.7359737E13	2914.0	80.0
5.735975E13	2865.0	79.0
5.735976E13	2865.0	79.0
5.7359766E13	2865.0	81.0
5.735978E13	2865.0	84.0
5.7359787E13	2807.0	87.0
5.73598E13	2807.0	89.0
5.735981E13	2807.0	86.0
5.7359817E13	2807.0	83.0
5.735983E13	2742.0	82.0
5.7359838E13	2742.0	81.0
5.735985E13	2742.0	80.0
5.735986E13	2688.0	81.0
5.7359867E13	2688.0	82.0
5.735988E13	2688.0	82.0
5.735989E13	2688.0	82.0
5.7359896E13	2652.0	81.0
5.735991E13	2652.0	79.0
5.7359917E13	2652.0	77.0
5.735993E13	2652.0	73.0
5.735994E13	2631.0	70.0
5.7359947E13	2631.0	69.0
5.735996E13	2631.0	71.0
5.7359968E13	2631.0	73.0
5.735998E13	2628.0	74.0
5.735999E13	2628.0	73.0
5.7359997E13	2628.0	71.0
5.736001E13	2630.0	70.0
5.736002E13	2630.0	71.0
5.7360026E13	2630.0	73.0
5.736004E13	2630.0	77.0
5.7360047E13	2627.0	79.0
5.736006E13	2627.0	79.0
5.736007E13	2627.0	78.0
5.7360077E13	2627.0	76.0
5.736009E13	2622.0	76.0
5.7360098E13	2622.0	75.0
5.736011E13	2622.0	74.0
5.736012E13	2622.0	71.0
5.7360127E13	2619.0	67.0
5.736014E13	2619.0	64.0
5.736015E13	2619.0	62.0
5.7360156E13	2617.0	61.0
5.736017E13	2617.0	58.0
5.7360177E13	2617.0	56.0
5.736019E13	2617.0	55.0
5.73602E13	2623.0	57.0
5.7360207E13	2623.0	61.0
5.736022E13	2623.0	64.0
5.7360228E13	2623.0	68.0
5.736024E13	2627.0	71.0
5.736025E13	2627.0	72.0
5.7360257E13	2627.0	72.0
5.736027E13	2635.0	72.0
5.736028E13	2635.0	72.0
5.736029E13	2635.0	73.0
5.73603E13	2635.0	73.0
5.7360307E13	2650.0	74.0
5.736032E13	2650.0	74.0
5.736033E13	2650.0	75.0
5.7360337E13	2650.0	75.0
5.736035E13	2676.0	76.0
5.7360358E13	2676.0	76.0
5.736037E13	2676.0	76.0
5.736038E13	2676.0	75.0
5.7360387E13	2708.0	75.0
5.73604E13	2708.0	75.0
5.736041E13	2708.0	74.0
5.736042E13	2738.0	52.0
5.736043E13	2738.0	73.0
5.7360437E13	2738.0	73.0
5.736045E13	2738.0	73.0
5.736046E13	2759.0	74.0
5.7360467E13	2759.0	75.0
5.736048E13	2759.0	74.0
5.7360488E13	2759.0	74.0
5.73605E13	2774.0	74.0
5.736051E13	2774.0	74.0
5.7360517E13	2774.0	73.0
5.736053E13	2774.0	73.0
5.736054E13	2786.0	69.0
5.736055E13	2786.0	68.0
5.736056E13	2786.0	68.0
5.736058E13	2793.0	65.0
5.736059E13	2793.0	65.0
5.73606E13	2793.0	65.0
5.736061E13	2797.0	66.0
5.7360618E13	2797.0	66.0
5.736063E13	2797.0	67.0
5.736064E13	2799.0	68.0
5.7360647E13	2799.0	68.0
5.736066E13	2799.0	68.0
5.736067E13	2799.0	69.0
5.736068E13	2799.0	69.0
5.736069E13	2806.0	70.0
5.7360698E13	2806.0	71.0
5.736071E13	2806.0	72.0
5.736073E13	2822.0	73.0
5.736074E13	2822.0	74.0
5.7360748E13	2822.0	76.0
5.736076E13	2829.0	77.0
5.7360777E13	2829.0	78.0
5.736079E13	2829.0	77.0
5.73608E13	2826.0	77.0
5.736081E13	2826.0	78.0
5.736082E13	2826.0	76.0
5.7360828E13	2826.0	76.0
5.736084E13	2805.0	77.0
5.736085E13	2805.0	78.0
5.736086E13	2805.0	79.0
5.736087E13	2771.0	81.0
5.7360878E13	2771.0	82.0
5.736089E13	2771.0	82.0
5.73609E13	2771.0	82.0
5.7360907E13	2735.0	82.0
5.736092E13	2735.0	82.0
5.736093E13	2735.0	83.0
5.736094E13	2735.0	83.0
5.736095E13	2689.0	83.0
5.7360958E13	2689.0	83.0
5.736097E13	2689.0	83.0
5.736098E13	2689.0	82.0
5.736099E13	2641.0	82.0
5.7361E13	2641.0	81.0
5.7361008E13	2641.0	81.0
5.736102E13	2596.0	81.0
5.736103E13	2596.0	82.0
5.7361037E13	2596.0	83.0
5.736105E13	2596.0	83.0
5.736106E13	2569.0	83.0
5.736107E13	2569.0	83.0
5.736108E13	2569.0	81.0
5.7361088E13	2569.0	80.0
5.73611E13	2559.0	79.0
5.736111E13	2559.0	79.0
5.736112E13	2559.0	79.0
5.736113E13	2559.0	78.0
5.736114E13	2557.0	78.0
5.736115E13	2557.0	78.0
5.736116E13	2557.0	76.0
5.736117E13	2570.0	74.0
5.736118E13	2570.0	72.0
5.736119E13	2570.0	72.0
5.73612E13	2570.0	73.0
5.736121E13	2574.0	75.0
5.7361218E13	2574.0	78.0
5.736123E13	2574.0	79.0
5.736124E13	2574.0	77.0
5.736125E13	2580.0	76.0
5.736126E13	2580.0	76.0
5.736127E13	2580.0	75.0
5.736128E13	2580.0	73.0
5.736129E13	2582.0	70.0
5.73613E13	2582.0	67.0
5.736131E13	2582.0	64.0
5.736132E13	2581.0	61.0
5.736133E13	2581.0	60.0
5.736134E13	2581.0	55.0
5.7361348E13	2581.0	57.0
5.736136E13	2584.0	60.0
5.736138E13	2584.0	67.0
5.736139E13	2584.0	69.0
5.73614E13	2588.0	71.0
5.736141E13	2588.0	72.0
5.736143E13	2588.0	72.0
5.736144E13	2590.0	72.0
5.736145E13	2590.0	72.0
5.736146E13	2590.0	72.0
5.736147E13	2590.0	72.0
5.7361478E13	2590.0	74.0
5.736149E13	2590.0	75.0
5.73615E13	2590.0	77.0
5.736151E13	2604.0	77.0
5.736152E13	2604.0	77.0
5.736153E13	2604.0	76.0
5.736154E13	2604.0	75.0
5.736155E13	2623.0	75.0
5.736156E13	2623.0	74.0
5.736157E13	2623.0	72.0
5.736158E13	2623.0	72.0
5.736159E13	2643.0	72.0
5.73616E13	2643.0	72.0
5.736161E13	2657.0	73.0
5.736162E13	2657.0	73.0
5.736163E13	2657.0	73.0
5.736164E13	2657.0	73.0
5.736165E13	2657.0	73.0
5.736166E13	2667.0	71.0
5.736167E13	2667.0	71.0
5.736168E13	2667.0	68.0
5.736169E13	2673.0	33.0
5.73617E13	2673.0	67.0
5.736171E13	2673.0	66.0
5.736172E13	2673.0	65.0
5.736173E13	2673.0	65.0
5.736174E13	2680.0	64.0
5.736175E13	2680.0	63.0
5.736176E13	2680.0	62.0
5.736177E13	2687.0	62.0
5.736178E13	2687.0	63.0
5.7361792E13	2687.0	65.0
5.73618E13	2687.0	68.0
5.736181E13	2689.0	70.0
5.736182E13	2689.0	69.0
5.736183E13	2689.0	69.0
5.736184E13	2697.0	69.0
5.736185E13	2697.0	71.0
5.736186E13	2697.0	73.0
5.736187E13	2697.0	76.0
5.736188E13	2713.0	81.0
5.736189E13	2713.0	85.0
5.73619E13	2713.0	83.0
5.736191E13	2715.0	81.0
5.7361922E13	2715.0	76.0
5.736193E13	2715.0	71.0
5.736194E13	2715.0	68.0
5.736195E13	2702.0	67.0
5.736196E13	2702.0	68.0
5.736197E13	2702.0	69.0
5.736198E13	2702.0	70.0
5.736199E13	2679.0	71.0
5.7362E13	2679.0	71.0
5.736201E13	2679.0	72.0
5.736202E13	2660.0	75.0
5.736203E13	2660.0	79.0
5.736204E13	2660.0	81.0
5.7362052E13	2660.0	81.0
5.736206E13	2646.0	81.0
5.736207E13	2646.0	82.0
5.736208E13	2646.0	82.0
5.736209E13	2646.0	82.0
5.73621E13	2633.0	82.0
5.736211E13	2633.0	83.0
5.736212E13	2633.0	85.0
5.736213E13	2633.0	86.0
5.736214E13	2617.0	86.0
5.736215E13	2617.0	82.0
5.736216E13	2617.0	82.0
5.736217E13	2617.0	82.0
5.7362182E13	2601.0	81.0
5.736219E13	2601.0	82.0
5.73622E13	2601.0	83.0
5.736221E13	2601.0	82.0
5.736222E13	2595.0	81.0
5.736223E13	2595.0	80.0
5.736224E13	2595.0	79.0
5.736225E13	2595.0	77.0
5.736226E13	2595.0	77.0
5.736227E13	2595.0	77.0
5.736228E13	2595.0	74.0
5.736229E13	2595.0	73.0
5.73623E13	2599.0	73.0
5.7362312E13	2599.0	72.0
5.736232E13	2599.0	72.0
5.736233E13	2617.0	73.0
5.736234E13	2617.0	74.0
5.736235E13	2617.0	72.0
5.736236E13	2617.0	71.0
5.736237E13	2631.0	72.0
5.736238E13	2631.0	74.0
5.736239E13	2631.0	76.0
5.73624E13	2631.0	77.0
5.736241E13	2638.0	77.0
5.736242E13	2638.0	76.0
5.736243E13	2638.0	75.0
5.7362442E13	2638.0	75.0
5.736245E13	2641.0	76.0
5.736246E13	2641.0	76.0
5.736247E13	2639.0	71.0
5.736248E13	2639.0	71.0
5.736249E13	2639.0	68.0
5.73625E13	2639.0	65.0
5.736251E13	2639.0	62.0
5.736252E13	2632.0	59.0
5.736253E13	2632.0	58.0
5.736254E13	2632.0	56.0
5.736255E13	2632.0	56.0
5.736256E13	2635.0	58.0
5.7362572E13	2635.0	60.0
5.736258E13	2635.0	64.0
5.736259E13	2635.0	68.0
5.73626E13	2628.0	72.0
5.736261E13	2628.0	72.0
5.7362623E13	2628.0	73.0
5.736263E13	2625.0	74.0
5.736264E13	2625.0	73.0
5.736265E13	2625.0	73.0
5.736266E13	2625.0	73.0
5.736267E13	2628.0	73.0
5.736268E13	2628.0	73.0
5.736269E13	2628.0	74.0
5.7362702E13	2628.0	76.0
5.736271E13	2638.0	77.0
5.736272E13	2638.0	78.0
5.736273E13	2638.0	78.0
5.736274E13	2638.0	76.0
5.7362753E13	2655.0	76.0
5.736276E13	2655.0	76.0
5.736277E13	2655.0	75.0
5.736278E13	2675.0	74.0
5.736279E13	2675.0	74.0
5.73628E13	2675.0	74.0
5.736281E13	2675.0	73.0
5.736282E13	2689.0	74.0
5.7362832E13	2689.0	75.0
5.736284E13	2689.0	74.0
5.736285E13	2689.0	74.0
5.736286E13	2695.0	74.0
5.736287E13	2695.0	71.0
5.7362883E13	2695.0	70.0
5.736289E13	2695.0	70.0
5.73629E13	2701.0	70.0
5.7362912E13	2701.0	67.0
5.736292E13	2701.0	65.0
5.7362933E13	2707.0	63.0
5.736294E13	2707.0	62.0
5.736295E13	2707.0	62.0
5.7362962E13	2707.0	62.0
5.736297E13	2713.0	63.0
5.736298E13	2713.0	65.0
5.736299E13	2713.0	67.0
5.7363E13	2713.0	69.0
5.7363013E13	2716.0	70.0
5.736302E13	2716.0	70.0
5.736303E13	2716.0	70.0
5.7363042E13	2716.0	70.0
5.736305E13	2725.0	69.0
5.7363063E13	2725.0	69.0
5.736307E13	2725.0	71.0
5.736308E13	2743.0	74.0
5.7363092E13	2743.0	77.0
5.73631E13	2743.0	80.0
5.736311E13	2743.0	79.0
5.736312E13	2745.0	76.0
5.736313E13	2745.0	73.0
5.7363143E13	2745.0	71.0
5.736315E13	2745.0	70.0
5.736316E13	2739.0	69.0
5.7363172E13	2739.0	69.0
5.736318E13	2739.0	70.0
5.7363193E13	2739.0	72.0
5.73632E13	2732.0	76.0
5.736321E13	2732.0	79.0
5.7363222E13	2732.0	82.0
5.736323E13	2729.0	84.0
5.736324E13	2729.0	85.0
5.736325E13	2729.0	85.0
5.736326E13	2729.0	84.0
5.7363273E13	2726.0	83.0
5.736328E13	2726.0	82.0
5.736329E13	2726.0	82.0
5.7363302E13	2726.0	82.0
5.736331E13	2717.0	84.0
5.7363323E13	2717.0	86.0
5.736333E13	2717.0	87.0
5.736334E13	2717.0	85.0
5.7363353E13	2692.0	84.0
5.736336E13	2692.0	84.0
5.7363373E13	2692.0	84.0
5.736338E13	2662.0	84.0
5.736339E13	2662.0	84.0
5.7363403E13	2662.0	84.0
5.736341E13	2662.0	85.0
5.736342E13	2647.0	86.0
5.7363432E13	2647.0	86.0
5.736344E13	2647.0	84.0
5.7363453E13	2647.0	81.0
5.736346E13	2638.0	79.0
5.736347E13	2638.0	77.0
5.7363483E13	2638.0	76.0
5.736349E13	2638.0	74.0
5.7363504E13	2644.0	75.0
5.736351E13	2644.0	78.0
5.736352E13	2644.0	78.0
5.7363533E13	2660.0	77.0
5.736354E13	2660.0	74.0
5.7363554E13	2660.0	72.0
5.7363562E13	2670.0	74.0
5.736357E13	2670.0	77.0
5.7363583E13	2670.0	77.0
5.736359E13	2670.0	78.0
5.73636E13	2670.0	78.0
5.7363613E13	2670.0	76.0
5.736362E13	2670.0	76.0
5.7363634E13	2670.0	76.0
5.736364E13	2672.0	72.0
5.736365E13	2672.0	69.0
5.7363663E13	2672.0	65.0
5.736367E13	2667.0	63.0
5.7363684E13	2667.0	63.0
5.7363692E13	2667.0	60.0
5.73637E13	2667.0	57.0
5.7363713E13	2667.0	55.0
5.736372E13	2668.0	55.0
5.736373E13	2668.0	57.0
5.7363743E13	2668.0	61.0
5.736375E13	2668.0	66.0
5.7363764E13	2666.0	71.0
5.736377E13	2666.0	73.0
5.736378E13	2666.0	74.0
5.7363793E13	2666.0	74.0
5.73638E13	2660.0	73.0
5.7363814E13	2660.0	73.0
5.7363822E13	2660.0	72.0
5.736383E13	2652.0	72.0
5.7363843E13	2652.0	71.0
5.736385E13	2652.0	72.0
5.736386E13	2652.0	73.0
5.7363873E13	2653.0	75.0
5.736388E13	2653.0	76.0
5.7363894E13	2653.0	77.0
5.73639E13	2653.0	77.0
5.736391E13	2663.0	78.0
5.7363923E13	2663.0	77.0
5.736393E13	2663.0	76.0
5.7363944E13	2679.0	75.0
5.7363952E13	2679.0	75.0
5.736396E13	2679.0	74.0
5.7363973E13	2694.0	74.0
5.736398E13	2694.0	74.0
5.7363994E13	2694.0	73.0
5.7364003E13	2694.0	73.0
5.736401E13	2694.0	73.0
5.7364024E13	2706.0	74.0
5.736403E13	2706.0	74.0
5.736404E13	2706.0	73.0
5.7364053E13	2706.0	72.0
5.736406E13	2713.0	71.0
5.7364074E13	2713.0	70.0
5.7364082E13	2713.0	69.0
5.736409E13	2722.0	69.0
5.7364103E13	2722.0	68.0
5.736411E13	2722.0	67.0
5.7364124E13	2722.0	66.0
5.7364133E13	2729.0	65.0
5.736414E13	2729.0	64.0
5.7364154E13	2729.0	63.0
5.736416E13	2729.0	63.0
5.736417E13	2732.0	65.0
5.7364183E13	2732.0	67.0
5.736419E13	2732.0	70.0
5.7364204E13	2732.0	72.0
5.7364212E13	2736.0	73.0
5.736422E13	2736.0	74.0
5.7364233E13	2736.0	75.0
5.7364254E13	2750.0	76.0
5.7364263E13	2750.0	76.0
5.736427E13	2750.0	77.0
5.7364284E13	2764.0	77.0
5.736429E13	2764.0	78.0
5.73643E13	2764.0	79.0
5.7364313E13	2764.0	78.0
5.736432E13	2763.0	75.0
5.7364334E13	2763.0	72.0
5.7364342E13	2763.0	69.0
5.736435E13	2763.0	68.0
5.7364363E13	2757.0	67.0
5.736437E13	2757.0	68.0
5.7364384E13	2757.0	70.0
5.7364393E13	2746.0	72.0
5.73644E13	2746.0	74.0
5.7364414E13	2746.0	76.0
5.736442E13	2746.0	78.0
5.736443E13	2729.0	80.0
5.7364443E13	2729.0	80.0
5.736445E13	2729.0	80.0
5.7364464E13	2729.0	81.0
5.7364472E13	2709.0	81.0
5.736448E13	2709.0	81.0
5.7364493E13	2709.0	82.0
5.73645E13	2709.0	82.0
5.7364514E13	2689.0	83.0
5.7364523E13	2689.0	84.0
5.736453E13	2661.0	86.0
5.7364544E13	2661.0	86.0
5.736455E13	2661.0	86.0
5.7364565E13	2661.0	85.0
5.7364573E13	2633.0	83.0
5.736458E13	2633.0	82.0
5.7364594E13	2633.0	82.0
5.7364602E13	2633.0	81.0
5.736461E13	2633.0	81.0
5.7364623E13	2618.0	80.0
5.736463E13	2618.0	77.0
5.7364644E13	2618.0	76.0
5.7364653E13	2618.0	76.0
5.736466E13	2611.0	77.0
5.7364674E13	2611.0	79.0
5.7364682E13	2611.0	80.0
5.7364695E13	2614.0	81.0
5.7364703E13	2614.0	83.0
5.736471E13	2614.0	83.0
5.7364724E13	2614.0	80.0
5.7364732E13	2617.0	75.0
5.7364745E13	2617.0	72.0
5.7364753E13	2617.0	73.0
5.736476E13	2617.0	77.0
5.7364774E13	2626.0	78.0
5.7364783E13	2626.0	78.0
5.736479E13	2626.0	78.0
5.7364804E13	2626.0	78.0
5.7364812E13	2634.0	78.0
5.7364825E13	2634.0	76.0
5.7364833E13	2634.0	74.0
5.736484E13	2635.0	69.0
5.7364854E13	2635.0	64.0
5.7364862E13	2635.0	59.0
5.736487E13	2635.0	56.0
5.7364883E13	2637.0	53.0
5.736489E13	2637.0	51.0
5.7364904E13	2637.0	51.0
5.7364913E13	2637.0	52.0
5.736492E13	2636.0	56.0
5.7364934E13	2636.0	61.0
5.7364942E13	2636.0	66.0
5.7364955E13	2636.0	69.0
5.7364963E13	2632.0	71.0
5.736497E13	2632.0	72.0
5.7364984E13	2632.0	72.0
5.7364992E13	2625.0	72.0
5.7365E13	2625.0	71.0
5.7365013E13	2625.0	71.0
5.736502E13	2625.0	70.0
5.7365034E13	2623.0	70.0
5.7365043E13	2623.0	71.0
5.736505E13	2623.0	73.0
5.7365064E13	2623.0	75.0
5.7365072E13	2628.0	75.0
5.7365085E13	2628.0	76.0
5.7365093E13	2628.0	76.0
5.73651E13	2628.0	76.0
5.7365114E13	2645.0	75.0
5.7365123E13	2645.0	74.0
5.7365135E13	2645.0	74.0
5.7365143E13	2661.0	74.0
5.736515E13	2661.0	73.0
5.7365164E13	2661.0	72.0
5.7365173E13	2661.0	71.0
5.736518E13	2670.0	70.0
5.7365194E13	2670.0	70.0
5.7365202E13	2670.0	70.0
5.7365215E13	2670.0	69.0
5.7365223E13	2672.0	68.0
5.736523E13	2672.0	68.0
5.7365244E13	2672.0	67.0
5.7365253E13	2672.0	67.0
5.7365265E13	2672.0	69.0
5.7365274E13	2672.0	70.0
5.736528E13	2672.0	69.0
5.7365294E13	2678.0	67.0
5.7365303E13	2678.0	65.0
5.736531E13	2678.0	62.0
5.7365324E13	2678.0	60.0
5.7365332E13	2681.0	60.0
5.7365345E13	2681.0	62.0
5.7365353E13	2681.0	64.0
5.736536E13	2681.0	67.0
5.7365374E13	2682.0	69.0
5.7365383E13	2682.0	70.0
5.7365395E13	2682.0	71.0
5.7365404E13	2682.0	73.0
5.736541E13	2689.0	74.0
5.7365425E13	2689.0	73.0
5.7365433E13	2689.0	71.0
5.7365445E13	2700.0	70.0
5.7365454E13	2700.0	71.0
5.7365462E13	2700.0	72.0
5.7365475E13	2700.0	72.0
5.7365483E13	2697.0	70.0
5.736549E13	2697.0	68.0
5.7365504E13	2697.0	65.0
5.7365513E13	2681.0	65.0
5.7365525E13	2681.0	65.0
5.7365534E13	2681.0	66.0
5.736554E13	2681.0	68.0
5.7365555E13	2656.0	73.0
5.7365563E13	2656.0	73.0
5.7365575E13	2656.0	77.0
5.7365584E13	2656.0	80.0
5.7365592E13	2629.0	81.0
5.7365605E13	2629.0	81.0
5.7365613E13	2629.0	80.0
5.7365626E13	2629.0	80.0
5.7365634E13	2603.0	80.0
5.7365643E13	2603.0	80.0
5.7365655E13	2603.0	80.0
5.7365664E13	2603.0	81.0
5.736567E13	2574.0	82.0
5.7365685E13	2574.0	83.0
5.7365693E13	2574.0	84.0
5.7365706E13	2545.0	84.0
5.7365714E13	2545.0	83.0
5.7365722E13	2545.0	83.0
5.7365735E13	2545.0	82.0
5.7365743E13	2514.0	82.0
5.7365756E13	2514.0	82.0
5.7365764E13	2514.0	83.0
5.7365773E13	2514.0	84.0
5.7365785E13	2496.0	84.0
5.7365794E13	2496.0	84.0
5.73658E13	2496.0	83.0
5.7365815E13	2496.0	82.0
5.7365823E13	2485.0	81.0
5.7365836E13	2485.0	81.0
5.7365844E13	2485.0	79.0
5.7365852E13	2490.0	77.0
5.7365865E13	2490.0	75.0
5.7365873E13	2490.0	74.0
5.7365886E13	2490.0	75.0
5.7365894E13	2502.0	78.0
5.7365903E13	2502.0	79.0
5.7365915E13	2502.0	78.0
5.7365924E13	2502.0	76.0
5.736593E13	2517.0	75.0
5.7365945E13	2517.0	75.0
5.7365953E13	2517.0	76.0
5.7365966E13	2517.0	78.0
5.7365974E13	2520.0	78.0
5.7365982E13	2520.0	79.0
5.7365995E13	2520.0	77.0
5.7366003E13	2511.0	76.0
5.7366016E13	2511.0	76.0
5.7366024E13	2511.0	76.0
5.7366033E13	2511.0	74.0
5.7366045E13	2498.0	70.0
5.7366054E13	2498.0	66.0
5.7366066E13	2498.0	62.0
5.7366075E13	2498.0	58.0
5.7366083E13	2491.0	54.0
5.7366096E13	2491.0	52.0
5.7366104E13	2491.0	53.0
5.7366112E13	2491.0	55.0
5.7366125E13	2480.0	59.0
5.7366133E13	2480.0	65.0
5.7366146E13	2480.0	70.0
5.7366154E13	2467.0	73.0
5.7366163E13	2467.0	73.0
5.7366175E13	2467.0	72.0
5.7366184E13	2467.0	72.0
5.7366196E13	2453.0	71.0
5.7366226E13	2453.0	69.0
5.7366234E13	2451.0	70.0
5.7366242E13	2451.0	72.0
5.7366255E13	2451.0	74.0
5.7366263E13	2451.0	75.0
5.7366276E13	2469.0	76.0
5.7366284E13	2469.0	76.0
5.7366293E13	2469.0	76.0
5.7366305E13	2492.0	77.0
5.7366314E13	2492.0	79.0
5.7366326E13	2492.0	79.0
5.7366335E13	2519.0	77.0
5.7366343E13	2519.0	75.0
5.7366356E13	2519.0	74.0
5.7366364E13	2519.0	75.0
5.7366372E13	2534.0	76.0
5.7366385E13	2534.0	75.0
5.7366393E13	2534.0	73.0
5.7366406E13	2534.0	72.0
5.7366414E13	2540.0	70.0
5.7366423E13	2540.0	69.0
5.7366435E13	2540.0	67.0
5.7366444E13	2545.0	67.0
5.7366456E13	2545.0	66.0
5.7366465E13	2545.0	65.0
5.7366473E13	2545.0	64.0
5.7366486E13	2550.0	63.0
5.7366494E13	2550.0	61.0
5.7366507E13	2550.0	60.0
5.7366515E13	2550.0	59.0
5.7366523E13	2557.0	60.0
5.7366536E13	2557.0	62.0
5.7366544E13	2557.0	64.0
5.7366553E13	2557.0	67.0
5.7366565E13	2556.0	68.0
5.7366574E13	2556.0	68.0
5.7366586E13	2556.0	69.0
5.7366595E13	2564.0	71.0
5.7366603E13	2564.0	72.0
5.7366616E13	2564.0	72.0
5.7366624E13	2564.0	72.0
5.7366632E13	2564.0	74.0
5.7366645E13	2578.0	79.0
5.7366653E13	2578.0	85.0
5.7366666E13	2578.0	86.0
5.7366674E13	2578.0	82.0
5.7366683E13	2569.0	76.0
5.7366695E13	2569.0	71.0
5.7366704E13	2569.0	68.0
5.7366716E13	2569.0	66.0
5.7366725E13	2540.0	66.0
5.7366733E13	2540.0	66.0
5.7366746E13	2540.0	67.0
5.7366754E13	2499.0	69.0
5.7366762E13	2499.0	72.0
5.7366775E13	2499.0	76.0
5.7366783E13	2499.0	80.0
5.7366796E13	2458.0	83.0
5.7366804E13	2458.0	86.0
5.7366813E13	2458.0	86.0
5.7366825E13	2458.0	81.0
5.7366834E13	2420.0	79.0
5.7366846E13	2420.0	80.0
5.7366855E13	2420.0	80.0
5.7366863E13	2420.0	82.0
5.7366876E13	2382.0	84.0
5.7366884E13	2382.0	85.0
5.7366897E13	2382.0	86.0
5.7366905E13	2351.0	86.0
5.7366913E13	2351.0	86.0
5.7366926E13	2351.0	84.0
5.7366934E13	2351.0	84.0
5.7366943E13	2321.0	84.0
5.7366955E13	2321.0	84.0
5.7366964E13	2321.0	83.0
5.7366976E13	2321.0	82.0
5.7366985E13	2314.0	81.0
5.7366993E13	2314.0	82.0
5.7367006E13	2314.0	82.0
5.7367014E13	2314.0	80.0
5.7367027E13	2316.0	78.0
5.7367035E13	2316.0	76.0
5.7367044E13	2316.0	74.0
5.7367056E13	2334.0	74.0
5.7367064E13	2334.0	74.0
5.7367073E13	2334.0	73.0
5.7367085E13	2334.0	72.0
5.7367094E13	2356.0	71.0
5.7367106E13	2356.0	71.0
5.7367115E13	2356.0	73.0
5.7367123E13	2356.0	74.0
5.7367136E13	2358.0	77.0
5.7367144E13	2358.0	78.0
5.7367157E13	2358.0	80.0
5.7367165E13	2358.0	79.0
5.7367174E13	2345.0	77.0
5.7367186E13	2345.0	77.0
5.7367195E13	2345.0	76.0
5.7367207E13	2334.0	73.0
5.7367215E13	2334.0	71.0
5.7367224E13	2334.0	68.0
5.7367236E13	2334.0	66.0
5.7367245E13	2317.0	63.0
5.7367253E13	2317.0	60.0
5.7367266E13	2317.0	57.0
5.7367274E13	2317.0	55.0
5.7367287E13	2309.0	55.0
5.7367295E13	2309.0	56.0
5.7367304E13	2309.0	61.0
5.7367316E13	2295.0	66.0
5.7367325E13	2295.0	71.0
5.7367337E13	2295.0	73.0
5.7367345E13	2295.0	73.0
5.7367354E13	2278.0	74.0
5.7367366E13	2278.0	74.0
5.7367375E13	2278.0	74.0
5.7367383E13	2278.0	73.0
5.7367396E13	2269.0	72.0
5.7367404E13	2269.0	72.0
5.7367417E13	2269.0	73.0
5.7367425E13	2269.0	74.0
5.7367434E13	2270.0	76.0
5.7367446E13	2270.0	78.0
5.7367455E13	2284.0	78.0
5.7367467E13	2284.0	78.0
5.7367476E13	2284.0	77.0
5.7367484E13	2284.0	76.0
5.7367496E13	2284.0	76.0
5.7367505E13	2303.0	75.0
5.7367517E13	2303.0	74.0
5.7367526E13	2303.0	74.0
5.7367534E13	2303.0	74.0
5.7367547E13	2314.0	74.0
5.7367555E13	2314.0	74.0
5.7367564E13	2314.0	74.0
5.7367576E13	2314.0	74.0
5.7367585E13	2324.0	74.0
5.7367597E13	2324.0	73.0
5.7367606E13	2324.0	72.0
5.7367614E13	2327.0	70.0
5.7367627E13	2327.0	70.0
5.7367635E13	2327.0	69.0
5.7367647E13	2327.0	66.0
5.7367656E13	2337.0	64.0
5.7367664E13	2337.0	62.0
5.7367677E13	2337.0	62.0
5.7367685E13	2337.0	62.0
5.7367698E13	2342.0	63.0
5.7367706E13	2342.0	63.0
5.7367715E13	2342.0	63.0
5.7367727E13	2342.0	63.0
5.7367736E13	2344.0	64.0
5.7367744E13	2344.0	66.0
5.7367757E13	2344.0	66.0
5.7367765E13	2345.0	66.0
5.7367778E13	2345.0	67.0
5.7367786E13	2345.0	69.0
5.7367794E13	2345.0	70.0
5.7367807E13	2352.0	70.0
5.7367815E13	2352.0	72.0
5.7367828E13	2352.0	75.0
5.7367836E13	2352.0	79.0
5.7367845E13	2355.0	81.0
5.7367857E13	2355.0	80.0
5.7367866E13	2355.0	76.0
5.7367874E13	2355.0	72.0
5.7367887E13	2342.0	70.0
5.7367895E13	2342.0	68.0
5.7367908E13	2342.0	68.0
5.7367916E13	2325.0	69.0
5.7367924E13	2325.0	71.0
5.7367937E13	2325.0	74.0
5.7367945E13	2325.0	77.0
5.7367958E13	2301.0	81.0
5.7367966E13	2301.0	82.0
5.7367975E13	2301.0	82.0
5.7367987E13	2301.0	81.0
5.7367996E13	2279.0	80.0
5.7368004E13	2279.0	79.0
5.7368017E13	2279.0	79.0
5.7368025E13	2279.0	78.0
5.7368038E13	2255.0	79.0
5.7368046E13	2255.0	80.0
5.7368054E13	2255.0	82.0
5.7368067E13	2227.0	84.0
5.7368075E13	2227.0	86.0
5.7368088E13	2227.0	86.0
5.7368096E13	2227.0	85.0
5.7368105E13	2199.0	84.0
5.7368117E13	2199.0	83.0
5.7368126E13	2199.0	83.0
5.736814E13	2199.0	83.0
5.7368147E13	2187.0	83.0
5.7368155E13	2187.0	82.0
5.7368168E13	2187.0	81.0
5.7368176E13	2187.0	78.0
5.7368184E13	2193.0	75.0
5.7368197E13	2193.0	72.0
5.7368205E13	2193.0	68.0
5.736822E13	2215.0	65.0
5.7368226E13	2215.0	67.0
5.7368235E13	2215.0	74.0
5.7368247E13	2215.0	81.0
5.7368256E13	2238.0	82.0
5.736827E13	2238.0	80.0
5.7368277E13	2238.0	79.0
5.7368285E13	2238.0	77.0
5.7368298E13	2264.0	74.0
5.7368306E13	2264.0	73.0
5.7368314E13	2264.0	73.0
5.7368327E13	2264.0	75.0
5.7368335E13	2277.0	79.0
5.736835E13	2277.0	78.0
5.7368356E13	2285.0	76.0
5.7368365E13	2285.0	75.0
5.7368377E13	2285.0	74.0
5.7368386E13	2285.0	74.0
5.73684E13	2282.0	67.0
5.7368407E13	2282.0	67.0
5.7368415E13	2282.0	66.0
5.7368428E13	2282.0	58.0
5.7368436E13	2282.0	58.0
5.736845E13	2269.0	56.0
5.7368457E13	2269.0	55.0
5.7368465E13	2269.0	58.0
5.736848E13	2254.0	63.0
5.7368486E13	2254.0	63.0
5.7368495E13	2254.0	68.0
5.7368507E13	2254.0	71.0
5.7368516E13	2243.0	73.0
5.736853E13	2243.0	74.0
5.7368537E13	2243.0	73.0
5.7368545E13	2243.0	72.0
5.7368558E13	2228.0	71.0
5.7368566E13	2228.0	71.0
5.736858E13	2228.0	71.0
5.7368587E13	2228.0	72.0
5.7368595E13	2221.0	73.0
5.736861E13	2221.0	75.0
5.7368616E13	2221.0	76.0
5.7368625E13	2221.0	77.0
5.7368637E13	2224.0	77.0
5.7368646E13	2224.0	76.0
5.736866E13	2224.0	76.0
5.7368667E13	2236.0	75.0
5.7368675E13	2236.0	74.0
5.7368688E13	2236.0	74.0
5.7368696E13	2236.0	74.0
5.736871E13	2253.0	74.0
5.7368717E13	2253.0	74.0
5.7368725E13	2253.0	75.0
5.736874E13	2253.0	76.0
5.7368746E13	2268.0	75.0
5.7368755E13	2268.0	76.0
5.7368767E13	2268.0	75.0
5.7368776E13	2268.0	74.0
5.736879E13	2285.0	71.0
5.7368797E13	2285.0	69.0
5.7368805E13	2285.0	69.0
5.7368818E13	2302.0	70.0
5.7368826E13	2302.0	72.0
5.736884E13	2302.0	72.0
5.7368847E13	2302.0	70.0
5.7368855E13	2315.0	67.0
5.736887E13	2315.0	66.0
5.7368876E13	2315.0	65.0
5.736889E13	2315.0	64.0
5.7368897E13	2320.0	64.0
5.7368906E13	2320.0	65.0
5.736892E13	2320.0	65.0
5.7368927E13	2320.0	66.0
5.7368935E13	2327.0	68.0
5.7368948E13	2327.0	69.0
5.7368956E13	2327.0	70.0
5.736897E13	2338.0	73.0
5.7368977E13	2338.0	76.0
5.7368985E13	2338.0	76.0
5.7369E13	2338.0	75.0
5.7369006E13	2350.0	75.0
5.736902E13	2350.0	76.0
5.7369027E13	2350.0	79.0
5.7369036E13	2350.0	81.0
5.736905E13	2352.0	82.0
5.7369057E13	2352.0	81.0
5.736907E13	2352.0	78.0
5.7369078E13	2346.0	76.0
5.7369086E13	2346.0	74.0
5.73691E13	2346.0	73.0
5.7369107E13	2346.0	73.0
5.7369115E13	2337.0	73.0
5.736913E13	2337.0	73.0
5.7369136E13	2337.0	74.0
5.736915E13	2337.0	76.0
5.7369157E13	2328.0	78.0
5.7369166E13	2328.0	80.0
5.736918E13	2328.0	83.0
5.7369187E13	2328.0	83.0
5.7369195E13	2315.0	83.0
5.7369208E13	2315.0	82.0
5.7369216E13	2315.0	81.0
5.736923E13	2300.0	80.0
5.7369237E13	2300.0	80.0
5.7369246E13	2300.0	80.0
5.736926E13	2300.0	81.0
5.7369266E13	2282.0	82.0
5.736928E13	2282.0	83.0
5.7369287E13	2282.0	84.0
5.7369296E13	2282.0	85.0
5.736931E13	2264.0	85.0
5.7369317E13	2264.0	84.0
5.736933E13	2264.0	83.0
5.7369338E13	2264.0	81.0
5.7369346E13	2255.0	80.0
5.736936E13	2255.0	79.0
5.7369367E13	2259.0	76.0
5.7369376E13	2259.0	75.0
5.736939E13	2259.0	72.0
5.7369397E13	2259.0	72.0
5.736941E13	2278.0	69.0
5.7369417E13	2278.0	69.0
5.7369426E13	2278.0	69.0
5.736944E13	2278.0	69.0
5.7369447E13	2278.0	75.0
5.736946E13	2305.0	76.0
5.7369468E13	2305.0	77.0
5.7369476E13	2305.0	75.0
5.736949E13	2331.0	73.0
5.7369497E13	2331.0	73.0
5.7369506E13	2331.0	74.0
5.736952E13	2331.0	76.0
5.7369527E13	2343.0	78.0
5.736954E13	2343.0	79.0
5.7369548E13	2343.0	78.0
5.7369556E13	2343.0	78.0
5.736957E13	2353.0	77.0
5.7369577E13	2353.0	77.0
5.736959E13	2353.0	75.0
5.7369598E13	2353.0	71.0
5.7369606E13	2352.0	69.0
5.736962E13	2352.0	66.0
5.7369627E13	2352.0	65.0
5.7369636E13	2352.0	63.0
5.736965E13	2341.0	61.0
5.7369657E13	2341.0	59.0
5.736967E13	2341.0	58.0
5.7369678E13	2340.0	60.0
5.7369686E13	2340.0	63.0
5.73697E13	2340.0	66.0
5.7369707E13	2340.0	68.0
5.736972E13	2339.0	70.0
5.7369728E13	2339.0	71.0
5.7369736E13	2339.0	72.0
5.736975E13	2339.0	73.0
5.7369757E13	2330.0	74.0
5.736977E13	2330.0	74.0
5.736978E13	2330.0	73.0
5.7369787E13	2330.0	73.0
5.73698E13	2327.0	74.0
5.7369808E13	2327.0	75.0
5.7369816E13	2327.0	78.0
5.736983E13	2335.0	79.0
5.7369837E13	2335.0	79.0
5.736985E13	2335.0	78.0
5.7369858E13	2335.0	78.0
5.7369866E13	2350.0	76.0
5.736988E13	2350.0	75.0
5.7369887E13	2350.0	74.0
5.73699E13	2350.0	73.0
5.736991E13	2369.0	73.0
5.7369917E13	2369.0	72.0
5.736993E13	2369.0	73.0
5.7369938E13	2369.0	74.0
5.736995E13	2386.0	76.0
5.736996E13	2386.0	76.0
5.7369967E13	2386.0	76.0
5.736998E13	2402.0	76.0
5.736999E13	2402.0	75.0
5.7369996E13	2402.0	73.0
5.737001E13	2402.0	71.0
5.7370017E13	2419.0	68.0
5.737003E13	2419.0	67.0
5.737004E13	2419.0	65.0
5.7370047E13	2419.0	64.0
5.737006E13	2433.0	64.0
5.7370068E13	2433.0	64.0
5.7370076E13	2433.0	64.0
5.737009E13	2433.0	64.0
5.7370097E13	2445.0	64.0
5.737011E13	2445.0	64.0
5.737012E13	2445.0	66.0
5.7370126E13	2455.0	68.0
5.737014E13	2455.0	70.0
5.7370147E13	2455.0	72.0
5.737016E13	2455.0	74.0
5.737017E13	2467.0	75.0
5.7370177E13	2467.0	75.0
5.737019E13	2467.0	74.0
5.7370198E13	2467.0	74.0
5.737021E13	2481.0	75.0
5.737022E13	2481.0	77.0
5.7370227E13	2481.0	78.0
5.737024E13	2481.0	79.0
5.737025E13	2489.0	78.0
5.7370256E13	2489.0	76.0
5.737027E13	2489.0	74.0
5.7370277E13	2490.0	74.0
5.737029E13	2490.0	73.0
5.73703E13	2490.0	73.0
5.7370307E13	2490.0	73.0
5.737032E13	2490.0	74.0
5.7370328E13	2490.0	75.0
5.737034E13	2490.0	77.0
5.737035E13	2490.0	79.0
5.7370357E13	2493.0	81.0
5.737037E13	2493.0	83.0
5.737038E13	2493.0	82.0
5.7370386E13	2497.0	81.0
5.73704E13	2497.0	81.0
5.7370407E13	2497.0	80.0
5.737042E13	2497.0	80.0
5.737043E13	2497.0	80.0
5.7370437E13	2497.0	80.0
5.737045E13	2497.0	81.0
5.7370458E13	2479.0	85.0
5.737047E13	2479.0	86.0
5.737048E13	2479.0	85.0
5.7370487E13	2479.0	84.0
5.73705E13	2479.0	84.0
5.737051E13	2458.0	83.0
5.7370516E13	2458.0	82.0
5.737053E13	2458.0	81.0
5.7370537E13	2458.0	81.0
5.737055E13	2447.0	82.0
5.737056E13	2447.0	85.0
5.7370567E13	2447.0	85.0
5.737058E13	2452.0	82.0
5.7370588E13	2452.0	79.0
5.73706E13	2452.0	78.0
5.737061E13	2452.0	76.0
5.7370617E13	2464.0	74.0
5.737063E13	2464.0	75.0
5.737064E13	2464.0	76.0
5.737065E13	2464.0	78.0
5.737066E13	2487.0	78.0
5.7370667E13	2487.0	79.0
5.737068E13	2487.0	80.0
5.737069E13	2507.0	77.0
5.7370697E13	2507.0	74.0
5.737071E13	2507.0	73.0
5.7370718E13	2507.0	74.0
5.737073E13	2524.0	77.0
5.737074E13	2524.0	78.0
5.7370747E13	2524.0	78.0
5.737076E13	2524.0	76.0
5.737077E13	2536.0	75.0
5.737078E13	2536.0	74.0
5.737079E13	2536.0	74.0
5.7370797E13	2536.0	72.0
5.737081E13	2539.0	69.0
5.737082E13	2539.0	67.0
5.7370827E13	2539.0	64.0
5.737084E13	2540.0	61.0
5.7370848E13	2540.0	59.0
5.737086E13	2540.0	56.0
5.737087E13	2540.0	54.0
5.7370877E13	2539.0	55.0
5.737089E13	2539.0	59.0
5.73709E13	2539.0	63.0
5.737091E13	2539.0	68.0
5.737092E13	2539.0	72.0
5.7370927E13	2539.0	74.0
5.737094E13	2539.0	75.0
5.737095E13	2539.0	75.0
5.7370957E13	2533.0	74.0
5.737097E13	2533.0	74.0
5.7370978E13	2533.0	74.0
5.737099E13	2536.0	75.0
5.7371E13	2536.0	76.0
5.7371007E13	2536.0	77.0
5.737102E13	2536.0	77.0
5.737103E13	2547.0	77.0
5.737104E13	2547.0	77.0
5.737105E13	2547.0	77.0
5.7371057E13	2547.0	76.0
5.737107E13	2564.0	75.0
5.737108E13	2564.0	75.0
5.737109E13	2564.0	75.0
5.73711E13	2578.0	74.0
5.7371108E13	2578.0	74.0
5.737112E13	2578.0	74.0
5.737113E13	2595.0	74.0
5.7371137E13	2595.0	74.0
5.737115E13	2595.0	73.0
5.737116E13	2595.0	74.0
5.737117E13	2609.0	74.0
5.737118E13	2609.0	73.0
5.7371187E13	2609.0	73.0
5.73712E13	2609.0	33.0
5.737121E13	2623.0	68.0
5.737122E13	2623.0	67.0
5.737123E13	2623.0	68.0
5.7371238E13	2623.0	68.0
5.737125E13	2623.0	70.0
5.737126E13	2638.0	69.0
5.737127E13	2638.0	68.0
5.737128E13	2638.0	67.0
5.737129E13	2651.0	66.0
5.73713E13	2651.0	65.0
5.737131E13	2651.0	53.0
5.7371318E13	2651.0	64.0
5.737133E13	2661.0	65.0
5.737134E13	2661.0	66.0
5.737135E13	2661.0	68.0
5.737136E13	2671.0	72.0
5.737138E13	2671.0	30.0
5.737139E13	2671.0	70.0
5.73714E13	2680.0	71.0
5.737141E13	2680.0	73.0
5.737142E13	2680.0	75.0
5.737143E13	2692.0	77.0
5.737144E13	2692.0	78.0
5.737145E13	2692.0	76.0
5.737146E13	2692.0	74.0
5.7371473E13	2693.0	73.0
5.7371485E13	2693.0	73.0
5.737149E13	2693.0	73.0
5.737154E13	2691.0	83.0
5.7371498E13	2691.0	85.0
5.737151E13	2691.0	85.0
5.737152E13	2691.0	85.0
5.737153E13	2691.0	85.0
5.737155E13	2689.0	84.0
5.737156E13	2689.0	83.0
5.737157E13	2689.0	83.0
5.7371578E13	2690.0	81.0
5.737159E13	2690.0	80.0
5.73716E13	2690.0	79.0
5.737161E13	2690.0	79.0
5.737162E13	2686.0	79.0
5.7371628E13	2686.0	80.0
5.737164E13	2686.0	82.0
5.737165E13	2686.0	84.0
5.7371657E13	2669.0	85.0
5.737167E13	2669.0	85.0
5.737168E13	2669.0	84.0
5.737169E13	2669.0	83.0
5.73717E13	2644.0	84.0
5.737172E13	2644.0	84.0
5.7371708E13	2644.0	84.0
5.737173E13	2644.0	85.0
5.737174E13	2626.0	54.0
5.737176E13	2626.0	54.0
5.7371762E13	2626.0	54.0
5.737177E13	2626.0	54.0
5.7371783E13	2623.0	55.0
5.737179E13	2623.0	55.0
5.73718E13	2623.0	55.0
5.737181E13	2623.0	75.0
5.737182E13	2627.0	76.0
5.737183E13	2627.0	77.0
5.7371846E13	2627.0	78.0
5.737185E13	2627.0	78.0
5.7371863E13	2637.0	77.0
5.737187E13	2637.0	76.0
5.737188E13	2637.0	75.0
5.737189E13	2646.0	74.0
5.73719E13	2646.0	74.0
5.737191E13	2646.0	75.0
5.737192E13	2646.0	78.0
5.737193E13	2652.0	55.0
5.7371942E13	2652.0	55.0
5.737195E13	2652.0	79.0
5.7371963E13	2652.0	78.0
5.7371968E13	2657.0	77.0
5.737198E13	2657.0	76.0
5.737199E13	2657.0	73.0
5.7372E13	2657.0	71.0
5.737201E13	2668.0	68.0
5.7372022E13	2668.0	67.0
5.737203E13	2668.0	66.0
5.7372043E13	2673.0	63.0
5.737205E13	2673.0	60.0
5.737206E13	2673.0	58.0
5.737207E13	2673.0	58.0
5.737208E13	2680.0	60.0
5.737209E13	2680.0	65.0
5.73721E13	2680.0	69.0
5.737211E13	2680.0	72.0
5.7372123E13	2683.0	72.0
5.737213E13	2683.0	72.0
5.7372144E13	2683.0	73.0
5.737215E13	2683.0	74.0
5.737216E13	2682.0	74.0
5.737217E13	2682.0	75.0
5.737218E13	2682.0	76.0
5.737219E13	2689.0	77.0
5.7372203E13	2689.0	77.0
5.737221E13	2689.0	77.0
5.7372223E13	2689.0	77.0
5.737223E13	2703.0	76.0
5.737224E13	2703.0	75.0
5.737225E13	2703.0	74.0
5.737226E13	2718.0	73.0
5.737227E13	2718.0	73.0
5.7372282E13	2718.0	72.0
5.737229E13	2718.0	72.0
5.7372303E13	2737.0	73.0
5.737231E13	2737.0	74.0
5.737232E13	2737.0	75.0
5.737233E13	2737.0	53.0
5.737234E13	2752.0	53.0
5.737235E13	2752.0	53.0
5.737236E13	2752.0	53.0
5.737237E13	2752.0	53.0
5.7372383E13	2769.0	52.0
5.737239E13	2769.0	52.0
5.7372404E13	2769.0	52.0
5.7372412E13	2769.0	52.0
5.737242E13	2789.0	52.0
5.737243E13	2789.0	52.0
5.737244E13	2789.0	52.0
5.737245E13	2804.0	52.0
5.7372463E13	2804.0	51.0
5.737247E13	2804.0	51.0
5.7372484E13	2804.0	51.0
5.737249E13	2813.0	51.0
5.73725E13	2813.0	51.0
5.737251E13	2813.0	61.0
5.737252E13	2813.0	62.0
5.737253E13	2821.0	64.0
5.7372542E13	2821.0	67.0
5.737255E13	2821.0	70.0
5.7372563E13	2821.0	72.0
5.737257E13	2828.0	74.0
5.7372584E13	2828.0	76.0
5.737259E13	2828.0	77.0
5.73726E13	2843.0	51.0
5.737261E13	2843.0	51.0
5.737262E13	2843.0	51.0
5.737263E13	2843.0	82.0
5.7372643E13	2855.0	83.0
5.737265E13	2855.0	83.0
5.7372664E13	2855.0	82.0
5.7372672E13	2855.0	79.0
5.737268E13	2859.0	76.0
5.737269E13	2859.0	75.0
5.73727E13	2859.0	74.0
5.737271E13	2859.0	74.0
5.7372723E13	2861.0	74.0
5.737273E13	2861.0	75.0
5.7372744E13	2861.0	75.0
5.737275E13	2860.0	76.0
5.737276E13	2860.0	78.0
5.737277E13	2860.0	79.0
5.737278E13	2860.0	80.0
5.737279E13	2860.0	80.0
5.7372802E13	2860.0	81.0
5.737281E13	2860.0	82.0
5.7372823E13	2860.0	83.0
5.737283E13	2845.0	81.0
5.7372844E13	2845.0	77.0
5.7372853E13	2845.0	74.0
5.737286E13	2845.0	73.0
5.737287E13	2814.0	74.0
5.737288E13	2814.0	76.0
5.7372903E13	2769.0	81.0
5.737291E13	2769.0	82.0
5.7372924E13	2769.0	83.0
5.7372932E13	2769.0	84.0
5.737294E13	2728.0	83.0
5.737295E13	2728.0	82.0
5.737296E13	2728.0	81.0
5.737297E13	2728.0	80.0
5.7372983E13	2713.0	79.0
5.737299E13	2713.0	78.0
5.7373004E13	2713.0	76.0
5.737301E13	2713.0	75.0
5.7373025E13	2713.0	74.0
5.737303E13	2713.0	72.0
5.737304E13	2713.0	72.0
5.737305E13	2721.0	73.0
5.7373062E13	2721.0	72.0
5.737307E13	2721.0	72.0
5.7373083E13	2721.0	73.0
5.737309E13	2732.0	73.0
5.7373104E13	2732.0	72.0
5.7373113E13	2732.0	72.0
5.737312E13	2732.0	74.0
5.737313E13	2740.0	76.0
5.737314E13	2740.0	77.0
5.737315E13	2740.0	78.0
5.7373163E13	2740.0	76.0
5.737317E13	2744.0	74.0
5.7373184E13	2744.0	76.0
5.7373192E13	2744.0	77.0
5.73732E13	2744.0	76.0
5.737321E13	2744.0	75.0
5.737322E13	2744.0	73.0
5.737323E13	2744.0	71.0
5.7373243E13	2748.0	70.0
5.737325E13	2748.0	69.0
5.7373264E13	2748.0	68.0
5.737327E13	2748.0	65.0
5.7373285E13	2758.0	63.0
5.7373293E13	2758.0	61.0
5.73733E13	2758.0	59.0
5.737331E13	2758.0	60.0
5.7373322E13	2761.0	63.0
5.737333E13	2761.0	68.0
5.7373343E13	2761.0	71.0
5.737335E13	2762.0	73.0
5.7373364E13	2762.0	74.0
5.7373373E13	2762.0	75.0
5.737338E13	2762.0	76.0
5.737339E13	2758.0	75.0
5.73734E13	2758.0	75.0
5.737341E13	2758.0	75.0
5.7373423E13	2758.0	76.0
5.737343E13	2767.0	77.0
5.7373444E13	2767.0	77.0
