5.6164826E13	889.0	83.0
5.6164834E13	889.0	85.0
5.6164847E13	950.0	86.0
5.6164855E13	950.0	83.0
5.6164868E13	950.0	75.0
5.6164876E13	950.0	72.0
5.6164885E13	1019.0	73.0
5.6164897E13	1019.0	76.0
5.6164906E13	1019.0	76.0
5.616492E13	1019.0	76.0
5.6164927E13	1094.0	74.0
5.6164935E13	1094.0	73.0
5.6164948E13	1094.0	70.0
5.6164956E13	1186.0	70.0
5.616497E13	1186.0	69.0
5.6164977E13	1186.0	71.0
5.6164985E13	1186.0	74.0
5.6165E13	1217.0	76.0
5.6165006E13	1217.0	77.0
5.6165015E13	1217.0	70.0
5.6165027E13	1217.0	73.0
5.6165036E13	1189.0	72.0
5.616505E13	1189.0	71.0
5.6165057E13	1189.0	72.0
5.6165065E13	1189.0	70.0
5.6165078E13	1124.0	67.0
5.6165086E13	1124.0	65.0
5.61651E13	1124.0	63.0
5.6165107E13	1055.0	59.0
5.6165115E13	1055.0	57.0
5.616513E13	1055.0	58.0
5.6165136E13	1055.0	60.0
5.6165145E13	1013.0	63.0
5.6165157E13	1013.0	67.0
5.6165166E13	1013.0	68.0
5.616518E13	1013.0	69.0
5.6165187E13	976.0	71.0
5.6165195E13	976.0	74.0
5.6165208E13	976.0	76.0
5.6165216E13	976.0	76.0
5.616523E13	940.0	76.0
5.6165237E13	940.0	75.0
5.6165245E13	940.0	74.0
5.616526E13	912.0	74.0
5.6165266E13	912.0	74.0
5.616528E13	912.0	75.0
5.6165287E13	888.0	75.0
5.6165296E13	888.0	75.0
5.616531E13	888.0	74.0
5.6165317E13	888.0	73.0
5.6165325E13	872.0	72.0
5.6165338E13	872.0	72.0
5.6165346E13	872.0	72.0
5.616536E13	872.0	73.0
5.6165367E13	872.0	74.0
5.6165375E13	870.0	74.0
5.616539E13	870.0	72.0
5.6165396E13	870.0	72.0
5.616541E13	870.0	73.0
5.6165417E13	870.0	74.0
5.6165426E13	870.0	72.0
5.616544E13	870.0	72.0
5.6165447E13	872.0	71.0
5.6165455E13	872.0	71.0
5.6165468E13	872.0	70.0
5.6165476E13	872.0	69.0
5.616549E13	882.0	68.0
5.6165497E13	882.0	67.0
5.6165505E13	882.0	66.0
5.616552E13	882.0	65.0
5.6165526E13	895.0	65.0
5.616554E13	895.0	65.0
5.6165547E13	895.0	66.0
5.6165556E13	902.0	69.0
5.616557E13	902.0	71.0
5.6165577E13	902.0	71.0
5.6165585E13	902.0	71.0
5.6165598E13	907.0	73.0
5.6165606E13	907.0	76.0
5.616562E13	907.0	77.0
5.6165627E13	914.0	77.0
5.6165635E13	914.0	77.0
5.616565E13	914.0	79.0
5.6165656E13	914.0	81.0
5.616567E13	917.0	80.0
5.6165677E13	917.0	77.0
5.6165686E13	917.0	77.0
5.61657E13	917.0	76.0
5.6165707E13	902.0	75.0
5.616572E13	902.0	76.0
5.6165728E13	902.0	77.0
5.6165736E13	902.0	77.0
5.616575E13	874.0	76.0
5.6165757E13	874.0	75.0
5.6165765E13	874.0	74.0
5.616578E13	874.0	74.0
5.6165786E13	867.0	74.0
5.61658E13	867.0	74.0
5.6165807E13	867.0	74.0
5.6165816E13	867.0	75.0
5.616583E13	868.0	77.0
5.6165837E13	868.0	79.0
5.616585E13	868.0	81.0
5.6165858E13	886.0	83.0
5.6165866E13	886.0	85.0
5.616588E13	886.0	85.0
5.6165887E13	886.0	84.0
5.6165896E13	910.0	83.0
5.616591E13	910.0	83.0
5.6165916E13	910.0	82.0
5.616593E13	910.0	82.0
5.6165937E13	947.0	82.0
5.6165946E13	947.0	82.0
5.616596E13	947.0	81.0
5.6165967E13	947.0	79.0
5.616598E13	997.0	77.0
5.6165988E13	997.0	75.0
5.6165996E13	997.0	73.0
5.616601E13	1063.0	71.0
5.6166017E13	1063.0	70.0
5.616603E13	1063.0	71.0
5.616604E13	1063.0	74.0
5.6166046E13	1124.0	76.0
5.616606E13	1124.0	78.0
5.6166067E13	1124.0	77.0
5.6166076E13	1188.0	70.0
5.616609E13	1188.0	70.0
5.6166097E13	1188.0	70.0
5.616611E13	1188.0	71.0
5.6166118E13	1228.0	76.0
5.6166126E13	1228.0	77.0
5.616614E13	1228.0	78.0
5.6166147E13	1231.0	79.0
5.616616E13	1231.0	77.0
5.616617E13	1231.0	75.0
5.6166177E13	1231.0	75.0
5.616619E13	1202.0	74.0
5.6166197E13	1202.0	73.0
5.6166206E13	1202.0	72.0
5.616622E13	1202.0	70.0
5.6166227E13	1157.0	68.0
5.616624E13	1157.0	67.0
5.6166248E13	1157.0	64.0
5.6166256E13	1157.0	64.0
5.616627E13	1108.0	64.0
5.6166277E13	1108.0	65.0
5.616629E13	1108.0	67.0
5.61663E13	1070.0	70.0
5.6166307E13	1070.0	72.0
5.616632E13	1070.0	74.0
5.6166328E13	1070.0	75.0
5.616634E13	1032.0	76.0
5.616635E13	1032.0	77.0
5.6166357E13	1032.0	77.0
5.616637E13	1032.0	76.0
5.6166378E13	999.0	75.0
5.6166386E13	999.0	75.0
5.61664E13	999.0	76.0
5.6166407E13	999.0	76.0
5.616642E13	975.0	75.0
5.616643E13	975.0	75.0
5.6166437E13	975.0	77.0
5.616645E13	962.0	77.0
5.6166458E13	962.0	75.0
5.616647E13	962.0	75.0
5.616648E13	962.0	75.0
5.6166487E13	955.0	76.0
5.61665E13	955.0	76.0
5.6166508E13	955.0	75.0
5.6166516E13	955.0	77.0
5.616653E13	955.0	77.0
5.6166537E13	955.0	76.0
5.616655E13	955.0	75.0
5.616656E13	955.0	74.0
5.6166567E13	959.0	74.0
5.616658E13	959.0	73.0
5.6166588E13	959.0	73.0
5.6166596E13	959.0	73.0
5.616661E13	968.0	73.0
5.6166617E13	968.0	72.0
5.616663E13	968.0	71.0
5.6166638E13	968.0	70.0
5.6166646E13	980.0	69.0
5.616666E13	980.0	68.0
5.6166667E13	980.0	66.0
5.616668E13	980.0	64.0
5.616669E13	991.0	64.0
5.6166697E13	991.0	65.0
5.616671E13	991.0	68.0
5.6166718E13	995.0	70.0
5.616673E13	995.0	71.0
5.616674E13	995.0	72.0
5.6166747E13	995.0	74.0
5.616676E13	997.0	75.0
5.616677E13	997.0	75.0
5.6166776E13	997.0	75.0
5.616679E13	997.0	77.0
5.6166797E13	999.0	79.0
5.616681E13	999.0	79.0
5.616682E13	999.0	79.0
5.6166827E13	999.0	78.0
5.616684E13	996.0	78.0
5.6166848E13	996.0	79.0
5.616686E13	996.0	79.0
5.616687E13	988.0	79.0
5.6166877E13	988.0	78.0
5.616689E13	988.0	76.0
5.61669E13	988.0	76.0
5.6166906E13	989.0	76.0
5.616692E13	989.0	76.0
5.6166927E13	989.0	78.0
5.616694E13	989.0	80.0
5.616695E13	1000.0	79.0
5.6166957E13	1000.0	77.0
5.616697E13	1000.0	76.0
5.6166978E13	1000.0	75.0
5.616699E13	1015.0	74.0
5.6167E13	1015.0	74.0
5.6167007E13	1015.0	73.0
5.616702E13	1028.0	74.0
5.616703E13	1028.0	78.0
5.616704E13	1028.0	82.0
5.616705E13	1028.0	84.0
5.616707E13	1043.0	81.0
5.616708E13	1043.0	81.0
5.61671E13	1075.0	82.0
5.6167108E13	1075.0	81.0
5.616712E13	1075.0	79.0
5.616713E13	1120.0	64.0
5.6167137E13	1120.0	73.0
5.616715E13	1120.0	71.0
5.616716E13	1171.0	69.0
5.616717E13	1171.0	69.0
5.616718E13	1171.0	68.0
5.6167187E13	1171.0	68.0
5.61672E13	1229.0	72.0
5.616721E13	1229.0	71.0
5.6167217E13	1229.0	70.0
5.616723E13	1229.0	70.0
5.6167238E13	1283.0	69.0
5.616725E13	1283.0	67.0
5.616726E13	1283.0	68.0
5.6167267E13	1283.0	72.0
5.616728E13	1320.0	76.0
5.616729E13	1320.0	77.0
5.61673E13	1320.0	77.0
5.616731E13	1311.0	76.0
5.6167317E13	1311.0	75.0
5.616733E13	1311.0	74.0
5.616734E13	1311.0	73.0
5.616735E13	1275.0	72.0
5.616736E13	1275.0	70.0
5.6167368E13	1275.0	70.0
5.616738E13	1275.0	68.0
5.616739E13	1275.0	65.0
5.6167397E13	1224.0	63.0
5.616741E13	1224.0	61.0
5.616742E13	1224.0	62.0
5.616743E13	1224.0	65.0
5.616744E13	1180.0	69.0
5.6167447E13	1180.0	72.0
5.616746E13	1180.0	74.0
5.616747E13	1148.0	74.0
5.616748E13	1148.0	75.0
5.616749E13	1148.0	76.0
5.6167498E13	1148.0	76.0
5.616751E13	1112.0	76.0
5.616752E13	1112.0	76.0
5.6167527E13	1112.0	76.0
5.616754E13	1112.0	76.0
5.616755E13	1077.0	76.0
5.616756E13	1077.0	78.0
5.616757E13	1077.0	78.0
5.6167577E13	1077.0	78.0
5.616759E13	1052.0	78.0
5.61676E13	1052.0	77.0
5.616761E13	1052.0	77.0
5.616762E13	1035.0	76.0
5.6167628E13	1035.0	75.0
5.616764E13	1035.0	73.0
5.616765E13	1035.0	72.0
5.6167657E13	1032.0	73.0
5.616767E13	1032.0	73.0
5.616768E13	1032.0	74.0
5.616769E13	1032.0	76.0
5.61677E13	1035.0	75.0
5.6167707E13	1035.0	71.0
5.616772E13	1035.0	70.0
5.616773E13	1035.0	71.0
5.616774E13	1042.0	71.0
5.616775E13	1042.0	71.0
5.6167758E13	1042.0	72.0
5.616777E13	1052.0	72.0
5.616778E13	1052.0	71.0
5.616779E13	1052.0	71.0
5.61678E13	1052.0	69.0
5.616781E13	1061.0	67.0
5.616782E13	1061.0	67.0
5.616783E13	1061.0	67.0
5.6167837E13	1061.0	67.0
5.616785E13	1067.0	67.0
5.616786E13	1067.0	68.0
5.616787E13	1067.0	69.0
5.616788E13	1067.0	70.0
5.6167888E13	1069.0	70.0
5.61679E13	1069.0	70.0
5.616791E13	1069.0	70.0
5.616792E13	1067.0	69.0
5.616793E13	1067.0	69.0
5.616794E13	1067.0	68.0
5.616795E13	1067.0	69.0
5.616796E13	1062.0	71.0
5.6167967E13	1062.0	74.0
5.616798E13	1062.0	76.0
5.616799E13	1062.0	78.0
5.6168E13	1057.0	79.0
5.616801E13	1057.0	79.0
5.6168018E13	1057.0	79.0
5.616803E13	1057.0	79.0
5.616804E13	1055.0	80.0
5.616805E13	1055.0	82.0
5.616806E13	1055.0	84.0
5.616808E13	1061.0	89.0
5.616809E13	1061.0	88.0
5.61681E13	1061.0	85.0
5.616811E13	1070.0	83.0
5.616812E13	1070.0	81.0
5.616813E13	1070.0	80.0
5.616814E13	1070.0	80.0
5.6168148E13	1081.0	81.0
5.616816E13	1081.0	82.0
5.616817E13	1081.0	82.0
5.616818E13	1095.0	82.0
5.616819E13	1095.0	83.0
5.61682E13	1095.0	84.0
5.616821E13	1095.0	84.0
5.616822E13	1116.0	84.0
5.616823E13	1116.0	86.0
5.616824E13	1116.0	85.0
5.616825E13	1116.0	84.0
5.616826E13	1148.0	82.0
5.616827E13	1148.0	80.0
5.616828E13	1148.0	79.0
5.616829E13	1148.0	76.0
5.61683E13	1189.0	74.0
5.616831E13	1189.0	76.0
5.616832E13	1189.0	77.0
5.616833E13	1232.0	77.0
5.616834E13	1232.0	76.0
5.616835E13	1232.0	75.0
5.616836E13	1232.0	74.0
5.616837E13	1282.0	72.0
5.616838E13	1282.0	71.0
5.616839E13	1282.0	72.0
5.61684E13	1282.0	74.0
5.616841E13	1310.0	76.0
5.616842E13	1310.0	77.0
5.616843E13	1310.0	77.0
5.616844E13	1310.0	76.0
5.616845E13	1307.0	76.0
5.616846E13	1307.0	75.0
5.616847E13	1307.0	73.0
5.616848E13	1278.0	70.0
5.616849E13	1278.0	67.0
5.61685E13	1278.0	64.0
5.616851E13	1278.0	61.0
5.616852E13	1237.0	59.0
5.616853E13	1237.0	58.0
5.6168542E13	1237.0	59.0
5.616855E13	1237.0	62.0
5.616858E13	1209.0	73.0
5.616859E13	1209.0	76.0
5.61686E13	1179.0	77.0
5.616861E13	1179.0	77.0
5.616862E13	1179.0	76.0
5.616863E13	1145.0	76.0
5.616864E13	1145.0	76.0
5.616865E13	1145.0	75.0
5.616866E13	1145.0	75.0
5.6168672E13	1114.0	75.0
5.616868E13	1114.0	76.0
5.616869E13	1114.0	76.0
5.61687E13	1114.0	77.0
5.616871E13	1093.0	78.0
5.616872E13	1093.0	77.0
5.616873E13	1093.0	75.0
5.616874E13	1093.0	74.0
5.616875E13	1083.0	73.0
5.616876E13	1083.0	72.0
5.616877E13	1083.0	71.0
5.616878E13	1083.0	72.0
5.616879E13	1083.0	72.0
5.6168802E13	1083.0	73.0
5.616881E13	1083.0	73.0
5.616882E13	1089.0	74.0
5.616883E13	1089.0	74.0
5.616884E13	1089.0	73.0
5.6168852E13	1104.0	72.0
5.616886E13	1104.0	71.0
5.616887E13	1104.0	70.0
5.616888E13	1104.0	70.0
5.616889E13	1123.0	67.0
5.61689E13	1123.0	67.0
5.616891E13	1123.0	66.0
5.616892E13	1123.0	66.0
5.6168932E13	1135.0	63.0
5.616894E13	1135.0	63.0
5.616895E13	1135.0	64.0
5.616896E13	1142.0	66.0
5.616897E13	1142.0	68.0
5.6168983E13	1142.0	70.0
5.616899E13	1142.0	70.0
5.6169E13	1146.0	71.0
5.616901E13	1146.0	74.0
5.616902E13	1146.0	75.0
5.616903E13	1146.0	76.0
5.616904E13	1142.0	77.0
5.616905E13	1142.0	80.0
5.6169062E13	1142.0	83.0
5.616907E13	1135.0	84.0
5.616908E13	1135.0	83.0
5.616909E13	1135.0	80.0
5.61691E13	1135.0	77.0
5.6169113E13	1127.0	75.0
5.616912E13	1127.0	74.0
5.616913E13	1127.0	73.0
5.616914E13	1127.0	73.0
5.616915E13	1127.0	73.0
5.616916E13	1117.0	72.0
5.616917E13	1117.0	72.0
5.616918E13	1117.0	71.0
5.6169192E13	1117.0	71.0
5.61692E13	1113.0	71.0
5.616921E13	1113.0	71.0
5.616922E13	1113.0	72.0
5.616923E13	1105.0	75.0
5.6169243E13	1105.0	76.0
5.616925E13	1105.0	75.0
5.616926E13	1105.0	74.0
5.616927E13	1082.0	75.0
5.616928E13	1082.0	76.0
5.6169293E13	1082.0	78.0
5.61693E13	1082.0	82.0
5.616931E13	1063.0	84.0
5.6169322E13	1063.0	82.0
5.616933E13	1063.0	81.0
5.616934E13	1063.0	81.0
5.616935E13	1062.0	81.0
5.616936E13	1062.0	79.0
5.6169373E13	1062.0	78.0
5.616938E13	1081.0	78.0
5.616939E13	1081.0	78.0
5.61694E13	1081.0	76.0
5.616941E13	1081.0	74.0
5.6169423E13	1118.0	72.0
5.616943E13	1118.0	71.0
5.616944E13	1118.0	69.0
5.6169452E13	1118.0	70.0
5.616946E13	1171.0	72.0
5.616947E13	1171.0	72.0
5.616948E13	1171.0	73.0
5.616949E13	1171.0	75.0
5.6169503E13	1236.0	73.0
5.616951E13	1236.0	70.0
5.616952E13	1236.0	71.0
5.616953E13	1281.0	70.0
5.616954E13	1281.0	72.0
5.6169553E13	1281.0	75.0
5.616956E13	1281.0	77.0
5.616957E13	1273.0	77.0
5.6169582E13	1273.0	76.0
5.616959E13	1273.0	75.0
5.6169603E13	1273.0	74.0
5.616961E13	1235.0	74.0
5.616962E13	1235.0	73.0
5.6169633E13	1235.0	70.0
5.616964E13	1235.0	67.0
5.6169654E13	1177.0	61.0
5.616966E13	1177.0	58.0
5.616967E13	1177.0	56.0
5.6169683E13	1133.0	58.0
5.61697E13	1133.0	66.0
5.6169712E13	1133.0	70.0
5.616972E13	1106.0	73.0
5.6169733E13	1106.0	75.0
5.616974E13	1106.0	77.0
5.616975E13	1106.0	78.0
5.6169763E13	1078.0	77.0
5.616977E13	1078.0	76.0
5.616978E13	1078.0	75.0
5.616979E13	1052.0	74.0
5.61698E13	1052.0	75.0
5.6169813E13	1052.0	77.0
5.616982E13	1052.0	78.0
5.616983E13	1037.0	79.0
5.6169842E13	1037.0	79.0
5.616985E13	1037.0	79.0
5.6169863E13	1037.0	77.0
5.616987E13	1032.0	75.0
5.616988E13	1032.0	74.0
5.6169893E13	1032.0	74.0
5.61699E13	1032.0	74.0
5.616991E13	1038.0	72.0
5.616992E13	1038.0	72.0
5.616993E13	1038.0	73.0
5.6169943E13	1050.0	74.0
5.616995E13	1050.0	74.0
5.616996E13	1050.0	73.0
5.6169972E13	1064.0	72.0
5.616998E13	1064.0	72.0
5.617001E13	1081.0	66.0
5.6170023E13	1081.0	69.0
5.617003E13	1081.0	68.0
5.6170044E13	1081.0	66.0
5.617005E13	1098.0	65.0
5.617006E13	1098.0	66.0
5.6170073E13	1098.0	66.0
5.617008E13	1105.0	29.0
5.617009E13	1105.0	64.0
5.6170102E13	1105.0	65.0
5.617011E13	1105.0	67.0
5.6170123E13	1110.0	69.0
5.617013E13	1110.0	70.0
5.617014E13	1110.0	72.0
5.6170153E13	1110.0	73.0
5.617016E13	1110.0	74.0
5.6170174E13	1110.0	75.0
5.617018E13	1110.0	76.0
5.617019E13	1110.0	78.0
5.6170203E13	1106.0	82.0
5.617021E13	1106.0	85.0
5.617022E13	1106.0	83.0
5.6170232E13	1093.0	81.0
5.617024E13	1093.0	79.0
5.6170253E13	1093.0	76.0
5.617027E13	1071.0	75.0
5.6170283E13	1071.0	75.0
5.617029E13	1071.0	74.0
5.6170304E13	1071.0	73.0
5.6170312E13	1054.0	74.0
5.617032E13	1054.0	75.0
5.6170333E13	1054.0	77.0
5.617034E13	1054.0	79.0
5.6170354E13	1045.0	82.0
5.6170362E13	1045.0	84.0
5.617037E13	1045.0	84.0
5.6170383E13	1032.0	81.0
5.617039E13	1032.0	76.0
5.61704E13	1032.0	73.0
5.6170413E13	1032.0	72.0
5.617042E13	1014.0	73.0
5.6170434E13	1014.0	80.0
5.6170442E13	1014.0	82.0
5.617045E13	1014.0	84.0
5.6170463E13	1003.0	85.0
5.617047E13	1003.0	83.0
5.6170484E13	1003.0	82.0
5.6170492E13	1003.0	83.0
5.61705E13	1013.0	83.0
5.6170513E13	1013.0	82.0
5.617052E13	1013.0	81.0
5.617053E13	1048.0	77.0
5.6170543E13	1048.0	75.0
5.6170564E13	1048.0	72.0
5.617055E13	1048.0	72.0
5.6170572E13	1048.0	72.0
5.617058E13	1096.0	72.0
5.6170593E13	1096.0	71.0
5.61706E13	1096.0	73.0
5.617061E13	1096.0	78.0
5.6170622E13	1148.0	78.0
5.617063E13	1148.0	74.0
5.6170643E13	1148.0	71.0
5.617065E13	1148.0	71.0
5.617066E13	1215.0	70.0
5.6170673E13	1215.0	71.0
5.617068E13	1215.0	75.0
5.6170694E13	1240.0	69.0
5.6170702E13	1240.0	69.0
5.617071E13	1240.0	69.0
5.6170723E13	1240.0	69.0
5.617073E13	1227.0	74.0
5.617074E13	1227.0	73.0
5.6170753E13	1227.0	72.0
5.617076E13	1227.0	70.0
5.6170773E13	1187.0	68.0
5.617078E13	1187.0	65.0
5.617079E13	1187.0	62.0
5.6170803E13	1187.0	60.0
5.617081E13	1137.0	60.0
5.6170824E13	1137.0	61.0
5.6170832E13	1137.0	64.0
5.617084E13	1103.0	67.0
5.6170853E13	1103.0	70.0
5.617086E13	1103.0	72.0
5.6170874E13	1103.0	73.0
5.6170883E13	1065.0	74.0
5.617089E13	1065.0	75.0
5.6170904E13	1065.0	76.0
5.617091E13	1065.0	75.0
5.617092E13	1025.0	74.0
5.6170933E13	1025.0	75.0
5.617094E13	1025.0	76.0
5.6170954E13	1025.0	77.0
5.6170962E13	1002.0	77.0
5.617097E13	1002.0	77.0
5.6170983E13	1002.0	77.0
5.617099E13	995.0	77.0
5.6171004E13	995.0	77.0
5.6171013E13	995.0	76.0
5.617102E13	995.0	75.0
5.6171034E13	998.0	74.0
5.617104E13	998.0	74.0
5.617105E13	998.0	72.0
5.6171063E13	998.0	72.0
5.617107E13	1011.0	72.0
5.6171084E13	1011.0	73.0
5.6171092E13	1011.0	74.0
5.61711E13	1011.0	75.0
5.6171113E13	1034.0	74.0
5.617112E13	1034.0	73.0
5.6171134E13	1034.0	73.0
5.6171143E13	1065.0	72.0
5.617115E13	1065.0	71.0
5.6171164E13	1065.0	70.0
5.617117E13	1065.0	69.0
5.6171185E13	1091.0	67.0
5.6171193E13	1091.0	67.0
5.61712E13	1091.0	67.0
5.6171214E13	1091.0	66.0
5.6171222E13	1101.0	66.0
5.6171235E13	1101.0	66.0
5.6171243E13	1101.0	68.0
5.617125E13	1101.0	70.0
5.6171264E13	1107.0	72.0
5.6171273E13	1107.0	72.0
5.617128E13	1107.0	74.0
5.6171294E13	1110.0	74.0
5.61713E13	1110.0	73.0
5.6171315E13	1110.0	72.0
5.6171323E13	1110.0	72.0
5.617133E13	1104.0	74.0
5.6171344E13	1104.0	76.0
5.6171352E13	1104.0	79.0
5.617136E13	1104.0	80.0
5.6171373E13	1098.0	79.0
5.617138E13	1098.0	76.0
5.6171394E13	1098.0	73.0
5.6171403E13	1085.0	71.0
5.617141E13	1085.0	70.0
5.6171424E13	1085.0	69.0
5.617143E13	1085.0	69.0
5.6171445E13	1071.0	69.0
5.6171453E13	1071.0	71.0
5.617146E13	1071.0	74.0
5.6171474E13	1071.0	77.0
5.6171482E13	1054.0	79.0
5.6171495E13	1054.0	81.0
5.6171503E13	1054.0	83.0
5.617151E13	1054.0	85.0
5.6171524E13	1031.0	86.0
5.6171533E13	1031.0	85.0
5.617154E13	1031.0	81.0
5.6171554E13	1009.0	78.0
5.617156E13	1009.0	77.0
5.6171575E13	1009.0	77.0
5.6171583E13	1009.0	79.0
5.617159E13	1000.0	81.0
5.6171604E13	1000.0	82.0
5.6171612E13	1000.0	83.0
5.6171625E13	1000.0	83.0
5.6171633E13	1006.0	82.0
5.617164E13	1006.0	81.0
5.6171654E13	1006.0	79.0
5.6171663E13	1006.0	78.0
5.617167E13	1032.0	77.0
5.6171684E13	1032.0	76.0
5.617169E13	1032.0	75.0
5.6171705E13	1080.0	75.0
5.617172E13	1080.0	73.0
5.6171734E13	1131.0	77.0
5.6171742E13	1131.0	77.0
5.6171755E13	1131.0	76.0
5.6171763E13	1131.0	75.0
5.617177E13	1186.0	73.0
5.6171784E13	1186.0	73.0
5.6171793E13	1186.0	73.0
5.6171805E13	1186.0	74.0
5.6171814E13	1225.0	77.0
5.617182E13	1225.0	79.0
5.6171835E13	1225.0	79.0
5.6171843E13	1225.0	80.0
5.617185E13	1241.0	76.0
5.6171864E13	1241.0	74.0
5.6171872E13	1241.0	74.0
5.6171885E13	1231.0	72.0
5.6171893E13	1231.0	71.0
5.61719E13	1231.0	69.0
5.6171914E13	1231.0	66.0
5.6171923E13	1178.0	62.0
5.6171935E13	1178.0	58.0
5.6171944E13	1178.0	57.0
5.617195E13	1178.0	59.0
5.6171965E13	1134.0	63.0
5.6171973E13	1134.0	68.0
5.617198E13	1134.0	71.0
5.6171994E13	1093.0	73.0
5.6172002E13	1093.0	75.0
5.6172015E13	1093.0	75.0
5.6172023E13	1093.0	75.0
5.617203E13	1055.0	75.0
5.6172044E13	1055.0	76.0
5.6172053E13	1055.0	77.0
5.6172065E13	1055.0	77.0
5.6172074E13	1029.0	77.0
5.6172082E13	1029.0	77.0
5.6172095E13	1029.0	76.0
5.6172103E13	1029.0	76.0
5.617211E13	1029.0	75.0
5.6172124E13	1018.0	75.0
5.6172132E13	1018.0	74.0
5.6172145E13	1017.0	73.0
5.6172153E13	1017.0	74.0
5.617216E13	1017.0	73.0
5.6172174E13	1017.0	73.0
5.6172183E13	1017.0	73.0
5.6172195E13	1027.0	72.0
5.6172204E13	1027.0	72.0
5.6172212E13	1027.0	72.0
5.6172225E13	1027.0	73.0
5.6172233E13	1048.0	74.0
5.6172246E13	1048.0	74.0
5.6172254E13	1048.0	73.0
5.6172262E13	1083.0	72.0
5.6172275E13	1083.0	70.0
5.6172283E13	1083.0	69.0
5.617229E13	1120.0	69.0
5.6172304E13	1120.0	68.0
5.6172313E13	1120.0	66.0
5.6172325E13	1120.0	66.0
5.6172334E13	1120.0	66.0
5.6172342E13	1139.0	65.0
5.6172355E13	1139.0	65.0
5.6172363E13	1139.0	66.0
5.6172376E13	1146.0	67.0
5.6172384E13	1146.0	69.0
5.6172392E13	1146.0	70.0
5.6172405E13	1146.0	71.0
5.6172413E13	1149.0	73.0
5.6172426E13	1149.0	75.0
5.6172434E13	1149.0	75.0
5.6172443E13	1149.0	76.0
5.6172455E13	1138.0	75.0
5.6172464E13	1138.0	77.0
5.6172472E13	1138.0	77.0
5.6172485E13	1138.0	80.0
5.6172493E13	1125.0	83.0
5.6172506E13	1125.0	84.0
5.6172514E13	1125.0	82.0
5.6172523E13	1114.0	78.0
5.6172535E13	1114.0	78.0
5.6172543E13	1114.0	76.0
5.617255E13	1114.0	76.0
5.6172564E13	1114.0	75.0
5.6172573E13	1103.0	74.0
5.6172585E13	1103.0	74.0
5.6172594E13	1103.0	74.0
5.6172602E13	1095.0	74.0
5.6172615E13	1095.0	74.0
5.6172623E13	1095.0	75.0
5.6172636E13	1095.0	77.0
5.6172644E13	1083.0	79.0
5.6172653E13	1083.0	79.0
5.6172665E13	1083.0	80.0
5.6172673E13	1083.0	79.0
5.617268E13	1068.0	78.0
5.6172694E13	1068.0	78.0
5.6172703E13	1068.0	80.0
5.6172715E13	1068.0	83.0
5.6172724E13	1056.0	84.0
5.6172732E13	1056.0	83.0
5.6172745E13	1056.0	82.0
5.6172753E13	1058.0	83.0
5.6172766E13	1058.0	83.0
5.6172774E13	1058.0	82.0
5.6172783E13	1058.0	81.0
5.6172795E13	1075.0	81.0
5.6172804E13	1075.0	81.0
5.6172816E13	1075.0	78.0
5.6172824E13	1075.0	75.0
5.6172833E13	1110.0	74.0
5.6172845E13	1110.0	73.0
5.6172854E13	1110.0	72.0
5.6172862E13	1110.0	72.0
5.6172875E13	1153.0	72.0
5.6172883E13	1153.0	73.0
5.6172896E13	1153.0	75.0
5.6172904E13	1206.0	74.0
5.6172913E13	1206.0	72.0
5.6172925E13	1206.0	72.0
5.6172934E13	1206.0	71.0
5.6172946E13	1257.0	71.0
5.6172955E13	1257.0	73.0
5.6172984E13	1276.0	78.0
5.6172984E13	1276.0	78.0
5.6172963E13	1276.0	78.0
5.6172992E13	1276.0	77.0
5.6173005E13	1276.0	76.0
5.6173013E13	1276.0	68.0
5.6173026E13	1262.0	74.0
5.6173034E13	1262.0	68.0
5.6173043E13	1224.0	68.0
5.6173055E13	1224.0	68.0
5.6173064E13	1224.0	68.0
5.6173076E13	1224.0	64.0
5.6173085E13	1224.0	61.0
5.6173093E13	1185.0	69.0
5.6173106E13	1185.0	58.0
5.6173114E13	1185.0	60.0
5.6173126E13	1185.0	63.0
5.6173135E13	1153.0	67.0
5.6173147E13	1153.0	72.0
5.6173156E13	1153.0	74.0
5.6173164E13	1126.0	76.0
5.6173173E13	1126.0	69.0
5.6173185E13	1126.0	69.0
5.6173194E13	1126.0	76.0
5.6173206E13	1101.0	69.0
5.6173215E13	1101.0	74.0
5.6173227E13	1101.0	69.0
5.6173236E13	1101.0	69.0
5.6173244E13	1083.0	70.0
5.6173257E13	1083.0	70.0
5.617327E13	1083.0	70.0
5.6173273E13	1083.0	70.0
5.6173286E13	1071.0	70.0
5.6173294E13	1071.0	70.0
5.6173307E13	1071.0	70.0
5.6173315E13	1072.0	70.0
5.6173328E13	1072.0	70.0
5.6173336E13	1072.0	70.0
5.6173345E13	1072.0	70.0
5.6173353E13	1079.0	69.0
5.6173366E13	1079.0	69.0
5.6173374E13	1079.0	74.0
5.6173387E13	1079.0	73.0
5.6173395E13	1096.0	72.0
5.6173408E13	1096.0	71.0
5.6173416E13	1096.0	70.0
5.6173424E13	1096.0	70.0
5.6173433E13	1119.0	70.0
5.617345E13	1119.0	71.0
5.6173454E13	1119.0	71.0
5.6173466E13	1135.0	69.0
5.6173475E13	1135.0	67.0
5.6173487E13	1135.0	67.0
5.6173496E13	1135.0	68.0
5.617351E13	1143.0	69.0
5.6173517E13	1143.0	69.0
5.6173525E13	1143.0	69.0
5.6173533E13	1143.0	68.0
5.6173546E13	1147.0	68.0
5.6173554E13	1147.0	69.0
5.6173567E13	1147.0	71.0
5.6173575E13	1147.0	73.0
5.6173588E13	1150.0	75.0
5.6173596E13	1150.0	77.0
5.6173605E13	1150.0	76.0
5.6173613E13	1146.0	74.0
5.617363E13	1146.0	73.0
5.6173634E13	1146.0	72.0
5.6173647E13	1146.0	72.0
5.6173655E13	1139.0	73.0
5.6173668E13	1139.0	74.0
5.6173676E13	1139.0	75.0
5.617369E13	1139.0	76.0
5.6173697E13	1130.0	77.0
5.6173705E13	1130.0	79.0
5.6173714E13	1130.0	81.0
5.6173726E13	1130.0	83.0
5.6173735E13	1117.0	86.0
5.6173747E13	1117.0	86.0
5.6173756E13	1117.0	85.0
5.6173764E13	1101.0	84.0
5.6173777E13	1101.0	84.0
5.6173785E13	1101.0	80.0
5.6173793E13	1101.0	80.0
5.617381E13	1096.0	78.0
5.6173814E13	1096.0	69.0
5.6173827E13	1096.0	76.0
5.6173835E13	1096.0	76.0
5.617385E13	1110.0	78.0
5.6173856E13	1110.0	80.0
5.617387E13	1110.0	69.0
5.6173873E13	1110.0	86.0
5.6173886E13	1131.0	85.0
5.6173894E13	1131.0	84.0
5.6173907E13	1131.0	83.0
5.6173915E13	1153.0	84.0
5.6173928E13	1153.0	82.0
5.6173936E13	1153.0	81.0
5.6173944E13	1153.0	80.0
5.6173957E13	1186.0	80.0
5.6173965E13	1186.0	80.0
5.6173974E13	1186.0	78.0
5.6173986E13	1186.0	75.0
5.6173995E13	1221.0	73.0
5.6174007E13	1221.0	74.0
5.6174016E13	1221.0	74.0
5.617403E13	1221.0	72.0
5.6174037E13	1268.0	71.0
5.617405E13	1268.0	74.0
5.6174053E13	1268.0	76.0
5.6174066E13	1308.0	76.0
5.6174074E13	1308.0	73.0
5.6174087E13	1308.0	70.0
5.6174095E13	1308.0	71.0
5.617411E13	1324.0	73.0
5.6174116E13	1324.0	75.0
5.6174125E13	1324.0	77.0
5.6174137E13	1324.0	80.0
5.6174146E13	1315.0	79.0
5.6174154E13	1315.0	76.0
5.6174167E13	1315.0	76.0
5.6174175E13	1315.0	75.0
5.6174188E13	1297.0	73.0
5.6174196E13	1297.0	72.0
5.6174204E13	1297.0	72.0
5.6174217E13	1274.0	70.0
5.617423E13	1274.0	68.0
5.6174234E13	1274.0	66.0
5.6174246E13	1274.0	63.0
5.6174255E13	1242.0	61.0
5.6174267E13	1242.0	61.0
5.6174276E13	1242.0	61.0
5.617429E13	1242.0	64.0
5.6174297E13	1211.0	68.0
5.6174305E13	1211.0	71.0
5.6174313E13	1211.0	73.0
5.6174326E13	1211.0	74.0
5.6174334E13	1181.0	74.0
5.6174347E13	1181.0	74.0
5.6174355E13	1181.0	73.0
5.617437E13	1158.0	72.0
5.6174376E13	1158.0	73.0
5.6174385E13	1158.0	74.0
5.6174397E13	1158.0	75.0
5.617441E13	1143.0	76.0
5.6174414E13	1143.0	77.0
5.6174427E13	1143.0	77.0
5.6174435E13	1143.0	77.0
5.6174448E13	1135.0	77.0
5.6174456E13	1135.0	77.0
5.617447E13	1135.0	76.0
5.6174477E13	1135.0	75.0
5.6174485E13	1137.0	74.0
5.6174494E13	1137.0	73.0
5.6174506E13	1137.0	72.0
5.6174515E13	1146.0	73.0
5.6174527E13	1146.0	74.0
5.6174536E13	1146.0	75.0
5.617455E13	1146.0	74.0
5.6174557E13	1158.0	74.0
5.6174565E13	1158.0	73.0
5.6174578E13	1158.0	74.0
5.617459E13	1158.0	73.0
5.6174594E13	1177.0	72.0
5.6174607E13	1177.0	71.0
5.6174615E13	1177.0	71.0
5.617463E13	1199.0	70.0
5.6174636E13	1199.0	69.0
5.617465E13	1199.0	69.0
5.6174657E13	1199.0	67.0
5.6174666E13	1211.0	65.0
5.6174674E13	1211.0	63.0
5.6174687E13	1211.0	62.0
5.6174695E13	1211.0	62.0
5.6174708E13	1217.0	64.0
5.6174716E13	1217.0	70.0
5.617473E13	1217.0	73.0
5.6174737E13	1219.0	75.0
5.6174745E13	1219.0	32.0
5.617476E13	1219.0	79.0
5.6174766E13	1219.0	78.0
5.6174775E13	1219.0	78.0
5.6174787E13	1215.0	78.0
5.6174796E13	1215.0	80.0
5.6174804E13	1215.0	81.0
5.6174817E13	1210.0	82.0
5.6174825E13	1210.0	82.0
5.6174838E13	1210.0	82.0
5.6174846E13	1210.0	81.0
5.6174855E13	1200.0	78.0
5.6174876E13	1200.0	73.0
5.617489E13	1200.0	73.0
5.6174896E13	1188.0	71.0
5.6174905E13	1188.0	71.0
5.6174917E13	1183.0	73.0
5.6174926E13	1183.0	73.0
5.617494E13	1183.0	78.0
5.6174947E13	1183.0	78.0
5.6174955E13	1178.0	81.0
5.6174968E13	1178.0	81.0
5.6174976E13	1178.0	79.0
5.6174985E13	1178.0	77.0
5.6174997E13	1171.0	75.0
5.6175006E13	1171.0	75.0
5.617502E13	1171.0	74.0
5.6175027E13	1171.0	74.0
5.6175035E13	1171.0	75.0
5.6175047E13	1159.0	78.0
5.6175056E13	1159.0	80.0
5.6175064E13	1159.0	81.0
5.6175077E13	1154.0	82.0
5.6175085E13	1154.0	82.0
5.6175098E13	1154.0	80.0
5.6175106E13	1154.0	80.0
5.6175115E13	1163.0	81.0
5.6175127E13	1163.0	81.0
5.6175136E13	1163.0	78.0
5.617515E13	1163.0	76.0
5.6175157E13	1192.0	76.0
5.6175165E13	1192.0	76.0
5.6175177E13	1192.0	73.0
5.6175186E13	1192.0	73.0
5.6175194E13	1233.0	74.0
5.6175207E13	1233.0	75.0
5.6175215E13	1233.0	76.0
5.6175228E13	1281.0	76.0
5.6175236E13	1281.0	76.0
5.6175245E13	1281.0	75.0
5.6175257E13	1281.0	73.0
5.6175266E13	1332.0	71.0
5.617528E13	1332.0	71.0
5.6175287E13	1332.0	72.0
5.6175295E13	1332.0	74.0
5.6175308E13	1353.0	77.0
5.6175316E13	1353.0	77.0
5.617533E13	1353.0	77.0
5.6175337E13	1353.0	76.0
5.6175345E13	1336.0	75.0
5.6175358E13	1336.0	72.0
5.6175366E13	1336.0	71.0
5.6175375E13	1299.0	69.0
5.6175387E13	1299.0	66.0
5.6175396E13	1299.0	65.0
5.617541E13	1299.0	64.0
5.6175417E13	1255.0	62.0
5.6175425E13	1255.0	62.0
5.6175438E13	1255.0	62.0
5.6175446E13	1255.0	64.0
5.617546E13	1221.0	67.0
5.6175467E13	1221.0	71.0
5.6175475E13	1221.0	73.0
5.6175488E13	1221.0	74.0
5.6175496E13	1190.0	75.0
5.617551E13	1190.0	76.0
5.6175517E13	1190.0	77.0
5.6175526E13	1162.0	77.0
5.617554E13	1162.0	77.0
5.6175547E13	1162.0	78.0
5.6175555E13	1162.0	80.0
5.6175568E13	1143.0	80.0
5.6175576E13	1143.0	80.0
5.617559E13	1143.0	80.0
5.6175597E13	1143.0	79.0
5.6175605E13	1133.0	78.0
5.6175618E13	1133.0	76.0
5.6175626E13	1133.0	76.0
5.617564E13	1133.0	76.0
5.6175647E13	1130.0	74.0
5.6175656E13	1130.0	73.0
5.617567E13	1136.0	71.0
5.6175677E13	1136.0	71.0
5.6175685E13	1136.0	73.0
5.6175698E13	1136.0	73.0
5.6175706E13	1149.0	74.0
5.617572E13	1149.0	75.0
5.6175727E13	1149.0	74.0
5.6175735E13	1149.0	72.0
5.617575E13	1168.0	71.0
5.6175756E13	1168.0	70.0
5.617577E13	1168.0	70.0
5.6175777E13	1168.0	70.0
5.6175786E13	1184.0	70.0
5.61758E13	1184.0	70.0
5.6175807E13	1184.0	69.0
5.617582E13	1184.0	68.0
5.6175828E13	1186.0	67.0
5.6175836E13	1186.0	67.0
5.617585E13	1186.0	66.0
5.6175857E13	1186.0	66.0
5.6175865E13	1186.0	66.0
5.617588E13	1186.0	70.0
5.6175886E13	1186.0	71.0
5.61759E13	1188.0	73.0
5.6175907E13	1188.0	73.0
5.6175916E13	1188.0	74.0
5.617593E13	1188.0	74.0
5.6175937E13	1186.0	75.0
5.617595E13	1186.0	78.0
5.6175958E13	1186.0	79.0
5.6175966E13	1183.0	80.0
5.617598E13	1183.0	80.0
5.6175987E13	1183.0	79.0
5.6175995E13	1183.0	78.0
5.617601E13	1183.0	78.0
5.6176016E13	1172.0	77.0
5.617603E13	1172.0	76.0
5.6176037E13	1172.0	76.0
5.6176046E13	1172.0	76.0
5.617606E13	1152.0	76.0
5.6176067E13	1152.0	77.0
5.617608E13	1152.0	78.0
5.6176088E13	1152.0	80.0
5.6176096E13	1128.0	82.0
5.617611E13	1128.0	83.0
5.6176117E13	1128.0	84.0
5.6176125E13	1110.0	84.0
5.617614E13	1110.0	83.0
5.6176146E13	1110.0	82.0
5.617616E13	1110.0	81.0
5.6176167E13	1098.0	81.0
5.6176176E13	1098.0	80.0
5.617619E13	1098.0	80.0
5.6176197E13	1089.0	81.0
5.617621E13	1089.0	82.0
5.6176218E13	1089.0	83.0
5.6176226E13	1089.0	84.0
5.617624E13	1089.0	83.0
5.6176247E13	1089.0	83.0
5.6176255E13	1089.0	83.0
5.617627E13	1100.0	82.0
5.6176276E13	1100.0	80.0
5.617629E13	1100.0	79.0
5.6176297E13	1100.0	79.0
5.617632E13	1120.0	77.0
5.6176306E13	1120.0	77.0
5.6176327E13	1120.0	77.0
5.617634E13	1120.0	69.0
5.6176348E13	1120.0	69.0
5.6176356E13	1150.0	69.0
5.617637E13	1150.0	69.0
5.6176377E13	1150.0	69.0
5.617639E13	1150.0	69.0
5.61764E13	1190.0	69.0
5.6176406E13	1190.0	69.0
5.617642E13	1190.0	74.0
5.6176427E13	1220.0	73.0
5.6176436E13	1220.0	74.0
5.617645E13	1220.0	78.0
5.6176457E13	1220.0	81.0
5.617647E13	1227.0	80.0
5.6176478E13	1227.0	68.0
5.6176486E13	1227.0	68.0
5.61765E13	1227.0	68.0
5.6176507E13	1231.0	75.0
5.617652E13	1231.0	74.0
5.617653E13	1231.0	73.0
5.6176536E13	1231.0	71.0
5.617655E13	1218.0	69.0
5.6176557E13	1218.0	69.0
5.6176566E13	1218.0	64.0
5.617658E13	1193.0	62.0
5.6176587E13	1193.0	61.0
5.61766E13	1193.0	62.0
5.6176608E13	1193.0	65.0
5.6176616E13	1170.0	69.0
5.617663E13	1170.0	71.0
5.6176637E13	1170.0	73.0
5.617665E13	1170.0	73.0
5.617666E13	1141.0	74.0
5.6176666E13	1141.0	75.0
5.617668E13	1141.0	75.0
5.6176687E13	1108.0	75.0
5.6176696E13	1108.0	76.0
5.617671E13	1108.0	76.0
5.6176717E13	1108.0	77.0
5.617673E13	1096.0	77.0
5.6176738E13	1096.0	78.0
5.617675E13	1096.0	76.0
5.617676E13	1096.0	74.0
5.6176767E13	1095.0	74.0
5.617678E13	1095.0	73.0
5.617679E13	1095.0	72.0
5.6176796E13	1095.0	72.0
5.617681E13	1102.0	72.0
5.6176817E13	1102.0	72.0
5.6176826E13	1102.0	73.0
5.617684E13	1107.0	72.0
5.6176847E13	1107.0	73.0
5.617686E13	1107.0	74.0
5.6176868E13	1107.0	74.0
5.6176876E13	1112.0	73.0
5.617689E13	1112.0	74.0
5.6176897E13	1112.0	73.0
5.617691E13	1112.0	72.0
5.617692E13	1123.0	72.0
5.6176927E13	1123.0	71.0
5.617694E13	1123.0	72.0
5.6176947E13	1123.0	71.0
5.617696E13	1136.0	69.0
5.617697E13	1136.0	67.0
5.6176977E13	1136.0	67.0
5.617699E13	1144.0	66.0
5.6176998E13	1144.0	65.0
5.6177006E13	1144.0	64.0
5.617702E13	1144.0	63.0
5.6177027E13	1148.0	65.0
5.617704E13	1148.0	67.0
5.617705E13	1148.0	69.0
5.6177057E13	1148.0	69.0
5.617707E13	1148.0	70.0
5.6177078E13	1148.0	74.0
5.617709E13	1148.0	76.0
5.61771E13	1148.0	77.0
5.6177107E13	1146.0	77.0
5.617712E13	1146.0	78.0
5.6177128E13	1146.0	80.0
5.6177136E13	1140.0	81.0
5.617715E13	1140.0	83.0
5.6177157E13	1140.0	83.0
5.617717E13	1140.0	80.0
5.617718E13	1126.0	78.0
5.61772E13	1126.0	75.0
5.6177208E13	1126.0	74.0
5.617722E13	1106.0	72.0
5.617723E13	1106.0	71.0
5.6177237E13	1106.0	72.0
5.617725E13	1106.0	73.0
5.6177258E13	1088.0	74.0
5.617727E13	1088.0	77.0
5.617728E13	1088.0	78.0
5.6177287E13	1065.0	78.0
5.61773E13	1065.0	77.0
5.617731E13	1065.0	76.0
5.6177317E13	1065.0	75.0
5.617733E13	1036.0	74.0
5.6177338E13	1036.0	74.0
5.617735E13	1036.0	75.0
5.617736E13	1036.0	78.0
5.6177367E13	1012.0	82.0
5.617738E13	1012.0	84.0
5.6177388E13	1012.0	83.0
5.61774E13	1012.0	82.0
5.617741E13	1009.0	81.0
5.6177417E13	1009.0	81.0
5.617743E13	1009.0	84.0
5.617744E13	1025.0	85.0
5.6177447E13	1025.0	82.0
5.617746E13	1025.0	78.0
5.617748E13	1060.0	75.0
5.617749E13	1060.0	74.0
5.6177497E13	1060.0	74.0
5.617751E13	1108.0	74.0
5.617752E13	1108.0	75.0
5.617753E13	1108.0	74.0
5.617754E13	1108.0	72.0
5.6177547E13	1157.0	71.0
5.617756E13	1157.0	70.0
5.617757E13	1157.0	70.0
5.617758E13	1195.0	71.0
5.617759E13	1195.0	74.0
5.6177598E13	1195.0	76.0
5.617761E13	1195.0	77.0
5.617762E13	1199.0	79.0
5.6177627E13	1199.0	79.0
5.617764E13	1199.0	77.0
5.617765E13	1199.0	75.0
5.617766E13	1191.0	74.0
5.617767E13	1191.0	74.0
5.6177677E13	1191.0	74.0
5.617769E13	1191.0	73.0
5.61777E13	1162.0	71.0
5.617771E13	1162.0	69.0
5.617772E13	1162.0	65.0
5.6177728E13	1133.0	61.0
5.617774E13	1133.0	59.0
5.617775E13	1133.0	60.0
5.6177757E13	1133.0	63.0
5.617777E13	1111.0	67.0
5.617778E13	1111.0	71.0
5.617779E13	1111.0	74.0
5.61778E13	1111.0	74.0
5.6177807E13	1077.0	74.0
5.617782E13	1077.0	75.0
5.617783E13	1077.0	75.0
5.617784E13	1077.0	75.0
5.617785E13	1035.0	75.0
5.6177858E13	1035.0	75.0
5.617787E13	1035.0	75.0
5.617788E13	1017.0	76.0
5.617789E13	1017.0	76.0
5.61779E13	1017.0	75.0
5.617791E13	1017.0	74.0
5.617792E13	1013.0	74.0
5.617793E13	1013.0	73.0
5.6177937E13	1013.0	73.0
5.617795E13	1013.0	73.0
5.617796E13	1020.0	72.0
5.617797E13	1020.0	72.0
5.617798E13	1020.0	72.0
5.6177988E13	1020.0	71.0
5.6178E13	1028.0	72.0
5.617801E13	1028.0	73.0
5.6178017E13	1028.0	73.0
5.617803E13	1032.0	72.0
5.617804E13	1032.0	73.0
5.617805E13	1032.0	73.0
5.617806E13	1032.0	72.0
5.6178067E13	1032.0	72.0
5.617808E13	1042.0	70.0
5.617809E13	1042.0	68.0
5.61781E13	1042.0	68.0
5.617811E13	1042.0	67.0
5.6178118E13	1056.0	67.0
5.617813E13	1056.0	66.0
5.617814E13	1056.0	65.0
5.617815E13	1056.0	64.0
5.617816E13	1066.0	62.0
5.617817E13	1066.0	61.0
5.617818E13	1066.0	60.0
5.617819E13	1073.0	62.0
5.6178197E13	1073.0	65.0
5.617821E13	1073.0	68.0
5.617822E13	1073.0	68.0
5.617823E13	1077.0	69.0
5.617824E13	1077.0	72.0
5.6178248E13	1077.0	75.0
5.617826E13	1077.0	76.0
5.617827E13	1071.0	76.0
5.617828E13	1071.0	78.0
5.617829E13	1071.0	81.0
5.61783E13	1062.0	82.0
5.617831E13	1062.0	81.0
5.617832E13	1062.0	79.0
5.6178327E13	1062.0	76.0
5.617834E13	1044.0	74.0
5.617835E13	1044.0	72.0
5.617836E13	1044.0	70.0
5.617837E13	1044.0	70.0
5.6178378E13	1020.0	71.0
5.617839E13	1020.0	72.0
5.61784E13	1020.0	74.0
5.617841E13	1020.0	75.0
5.617842E13	1002.0	77.0
5.617843E13	1002.0	78.0
5.617844E13	1002.0	77.0
5.617845E13	990.0	76.0
5.6178457E13	990.0	76.0
5.617847E13	990.0	76.0
5.617848E13	990.0	78.0
5.617849E13	976.0	78.0
5.61785E13	976.0	72.0
5.6178508E13	976.0	83.0
5.617852E13	976.0	79.0
5.617853E13	956.0	76.0
5.617854E13	956.0	77.0
5.617855E13	956.0	80.0
5.617856E13	956.0	82.0
5.617859E13	955.0	82.0
5.61786E13	973.0	79.0
5.617861E13	973.0	77.0
5.617862E13	973.0	73.0
5.617863E13	1007.0	72.0
5.6178638E13	1007.0	72.0
5.617866E13	1007.0	71.0
5.617867E13	1057.0	72.0
5.617868E13	1057.0	73.0
5.617869E13	1057.0	73.0
5.61787E13	1057.0	73.0
5.617871E13	1057.0	73.0
5.617872E13	1115.0	73.0
5.617873E13	1115.0	73.0
5.617874E13	1115.0	72.0
5.617875E13	1162.0	71.0
5.617876E13	1162.0	73.0
5.6178768E13	1162.0	75.0
5.617878E13	1162.0	77.0
5.617879E13	1186.0	79.0
5.61788E13	1186.0	79.0
5.617881E13	1186.0	76.0
5.617882E13	1186.0	75.0
5.617883E13	1190.0	73.0
5.617884E13	1190.0	73.0
5.617885E13	1190.0	74.0
5.617886E13	1190.0	72.0
5.617887E13	1163.0	68.0
5.617888E13	1163.0	65.0
5.617889E13	1163.0	62.0
5.61789E13	1120.0	60.0
5.617891E13	1120.0	64.0
5.617892E13	1120.0	68.0
5.617893E13	1090.0	72.0
5.617894E13	1090.0	73.0
5.617895E13	1090.0	73.0
5.617896E13	1090.0	73.0
5.617897E13	1049.0	73.0
5.617898E13	1049.0	56.0
5.617899E13	1049.0	75.0
5.6179E13	1049.0	76.0
5.617901E13	1049.0	76.0
5.617902E13	1001.0	76.0
5.617903E13	1001.0	76.0
5.617904E13	1001.0	78.0
5.617905E13	976.0	78.0
5.617906E13	976.0	77.0
5.617907E13	976.0	74.0
5.617908E13	976.0	73.0
5.617909E13	964.0	72.0
5.61791E13	964.0	72.0
5.617911E13	964.0	72.0
5.617912E13	964.0	72.0
5.617913E13	963.0	72.0
5.617914E13	963.0	74.0
5.617915E13	963.0	74.0
5.617916E13	963.0	75.0
5.617917E13	970.0	75.0
5.617918E13	970.0	75.0
5.617919E13	970.0	74.0
5.61792E13	980.0	74.0
5.617921E13	980.0	73.0
5.617923E13	980.0	72.0
5.617924E13	995.0	70.0
5.617925E13	995.0	70.0
5.617926E13	995.0	69.0
5.617927E13	995.0	67.0
5.617928E13	1011.0	66.0
5.6179292E13	1011.0	65.0
5.61793E13	1011.0	64.0
5.617931E13	1011.0	63.0
5.617932E13	1021.0	62.0
5.617933E13	1021.0	63.0
5.6179342E13	1021.0	66.0
5.617935E13	1029.0	68.0
5.617936E13	1029.0	68.0
5.617937E13	1029.0	69.0
5.617938E13	1029.0	72.0
5.617939E13	1032.0	74.0
5.61794E13	1032.0	73.0
5.617941E13	1032.0	73.0
5.6179422E13	1032.0	75.0
5.617943E13	1032.0	78.0
5.617944E13	1032.0	80.0
5.617945E13	1032.0	81.0
5.617946E13	1032.0	81.0
5.6179472E13	1024.0	78.0
5.617948E13	1024.0	74.0
5.617949E13	1024.0	72.0
5.61795E13	1012.0	71.0
5.617951E13	1012.0	70.0
5.6179523E13	1012.0	70.0
5.617953E13	1012.0	70.0
5.617954E13	1004.0	72.0
5.6179552E13	1004.0	74.0
5.617956E13	1004.0	77.0
5.617957E13	1004.0	79.0
5.617958E13	1003.0	80.0
5.617959E13	1003.0	83.0
5.6179602E13	1003.0	83.0
5.617961E13	1003.0	82.0
5.617962E13	1001.0	77.0
5.617963E13	1001.0	76.0
5.617964E13	1001.0	76.0
5.6179653E13	1001.0	76.0
5.617966E13	1001.0	79.0
5.617967E13	1001.0	79.0
5.6179682E13	1001.0	81.0
5.617969E13	1005.0	83.0
5.61797E13	1005.0	83.0
5.617971E13	1005.0	84.0
5.617972E13	1005.0	84.0
5.6179733E13	1021.0	83.0
5.617974E13	1021.0	83.0
5.617975E13	1021.0	82.0
5.617976E13	1021.0	79.0
5.617977E13	1052.0	75.0
5.6179783E13	1052.0	75.0
5.617979E13	1052.0	75.0
5.61798E13	1102.0	75.0
5.6179812E13	1102.0	76.0
5.617982E13	1102.0	76.0
5.617983E13	1102.0	77.0
5.617984E13	1164.0	78.0
5.617985E13	1164.0	76.0
5.6179863E13	1164.0	73.0
5.617987E13	1164.0	72.0
5.617988E13	1235.0	74.0
5.617989E13	1235.0	76.0
5.61799E13	1235.0	78.0
5.6179913E13	1274.0	79.0
5.617992E13	1274.0	77.0
5.617993E13	1274.0	75.0
5.6179942E13	1274.0	75.0
5.617995E13	1278.0	73.0
5.6179963E13	1278.0	71.0
5.617997E13	1278.0	71.0
5.617998E13	1278.0	68.0
5.6179993E13	1250.0	61.0
5.618E13	1250.0	58.0
5.618001E13	1250.0	57.0
5.618002E13	1210.0	58.0
5.618003E13	1210.0	61.0
5.6180043E13	1210.0	61.0
5.618005E13	1210.0	65.0
5.618006E13	1175.0	69.0
5.6180072E13	1175.0	71.0
5.618008E13	1175.0	73.0
5.6180093E13	1175.0	74.0
5.61801E13	1142.0	75.0
5.618011E13	1142.0	74.0
5.6180123E13	1142.0	74.0
5.618013E13	1142.0	73.0
5.618014E13	1107.0	73.0
5.618015E13	1107.0	72.0
5.618016E13	1107.0	73.0
5.6180173E13	1107.0	74.0
5.618018E13	1078.0	75.0
5.618019E13	1078.0	77.0
5.6180202E13	1078.0	77.0
5.618021E13	1062.0	76.0
5.6180223E13	1062.0	75.0
5.618023E13	1062.0	74.0
5.618024E13	1062.0	74.0
5.6180253E13	1058.0	73.0
5.618026E13	1058.0	72.0
5.618027E13	1058.0	73.0
5.618028E13	1058.0	73.0
5.618029E13	1066.0	72.0
5.6180303E13	1066.0	74.0
5.618031E13	1066.0	75.0
5.618032E13	1066.0	74.0
5.6180332E13	1086.0	75.0
5.618034E13	1086.0	74.0
5.6180353E13	1086.0	75.0
5.618036E13	1119.0	75.0
5.618037E13	1119.0	74.0
5.6180383E13	1119.0	72.0
5.618039E13	1119.0	70.0
5.6180404E13	1150.0	69.0
5.618041E13	1150.0	69.0
5.618042E13	1150.0	68.0
5.6180433E13	1150.0	67.0
5.618044E13	1168.0	66.0
5.618045E13	1168.0	64.0
5.6180462E13	1168.0	64.0
5.618047E13	1168.0	65.0
5.6180483E13	1182.0	66.0
5.618049E13	1182.0	68.0
5.61805E13	1182.0	69.0
5.6180513E13	1194.0	70.0
5.618052E13	1194.0	72.0
5.6180534E13	1194.0	73.0
5.618054E13	1194.0	73.0
5.618055E13	1188.0	73.0
5.6180563E13	1188.0	74.0
5.618057E13	1188.0	77.0
5.618058E13	1188.0	80.0
5.6180592E13	1182.0	82.0
5.61806E13	1182.0	80.0
5.6180613E13	1182.0	77.0
5.618062E13	1178.0	76.0
5.618063E13	1178.0	76.0
5.6180643E13	1178.0	76.0
5.618065E13	1178.0	76.0
5.6180664E13	1174.0	74.0
5.618067E13	1174.0	74.0
5.618068E13	1174.0	75.0
5.6180693E13	1174.0	76.0
5.61807E13	1184.0	78.0
5.6180714E13	1184.0	80.0
5.6180722E13	1184.0	81.0
5.618073E13	1184.0	80.0
5.6180743E13	1200.0	79.0
5.618075E13	1200.0	79.0
5.618076E13	1200.0	78.0
5.6180773E13	1200.0	77.0
5.618078E13	1200.0	77.0
5.6180794E13	1200.0	78.0
5.61808E13	1200.0	80.0
5.618081E13	1183.0	82.0
5.6180823E13	1183.0	85.0
5.618083E13	1183.0	85.0
5.6180844E13	1183.0	84.0
5.6180852E13	1167.0	83.0
5.618086E13	1167.0	83.0
5.6180873E13	1167.0	83.0
5.618088E13	1167.0	84.0
5.6180894E13	1169.0	83.0
5.6180903E13	1169.0	77.0
5.618091E13	1169.0	73.0
5.6180924E13	1193.0	72.0
5.618093E13	1193.0	72.0
5.618094E13	1193.0	75.0
5.6180953E13	1193.0	75.0
5.618096E13	1232.0	80.0
5.6180974E13	1232.0	80.0
5.6180982E13	1232.0	79.0
5.618099E13	1232.0	80.0
5.6181003E13	1281.0	78.0
5.618101E13	1281.0	75.0
5.6181024E13	1281.0	74.0
5.6181033E13	1333.0	74.0
5.618104E13	1333.0	74.0
5.6181054E13	1333.0	76.0
5.6181062E13	1333.0	78.0
5.618107E13	1333.0	79.0
5.6181083E13	1360.0	78.0
5.618109E13	1360.0	76.0
5.6181104E13	1360.0	74.0
5.6181112E13	1361.0	73.0
5.618112E13	1361.0	73.0
5.6181133E13	1361.0	72.0
5.618114E13	1332.0	71.0
5.6181154E13	1332.0	68.0
5.6181163E13	1332.0	68.0
5.618117E13	1332.0	64.0
5.6181184E13	1332.0	61.0
5.6181192E13	1291.0	58.0
5.61812E13	1291.0	57.0
5.6181213E13	1291.0	59.0
5.618122E13	1291.0	63.0
5.6181234E13	1265.0	67.0
5.6181242E13	1265.0	71.0
5.618125E13	1265.0	73.0
5.6181263E13	1244.0	73.0
5.618127E13	1244.0	75.0
5.6181284E13	1244.0	77.0
5.6181293E13	1244.0	77.0
5.61813E13	1223.0	75.0
5.6181314E13	1223.0	75.0
5.6181322E13	1223.0	74.0
5.6181335E13	1223.0	74.0
5.6181343E13	1204.0	75.0
5.618135E13	1204.0	76.0
5.6181364E13	1204.0	77.0
5.6181372E13	1204.0	77.0
5.618138E13	1192.0	77.0
5.6181393E13	1192.0	75.0
5.61814E13	1192.0	74.0
5.6181414E13	1191.0	73.0
5.6181423E13	1191.0	72.0
5.618143E13	1191.0	72.0
5.6181444E13	1191.0	73.0
5.6181452E13	1200.0	74.0
5.618146E13	1200.0	74.0
5.6181473E13	1200.0	75.0
5.618148E13	1200.0	76.0
5.6181494E13	1215.0	77.0
5.6181503E13	1215.0	76.0
5.618151E13	1215.0	74.0
5.6181523E13	1215.0	73.0
5.618153E13	1240.0	73.0
5.6181544E13	1240.0	72.0
5.6181553E13	1240.0	70.0
5.618156E13	1267.0	71.0
5.6181574E13	1267.0	70.0
5.6181582E13	1267.0	68.0
5.6181595E13	1267.0	67.0
5.6181603E13	1282.0	66.0
5.618161E13	1282.0	65.0
5.6181624E13	1282.0	65.0
5.6181633E13	1282.0	67.0
5.618164E13	1298.0	68.0
5.6181654E13	1298.0	69.0
5.618166E13	1298.0	69.0
5.6181674E13	1312.0	70.0
5.6181683E13	1312.0	71.0
5.618169E13	1312.0	72.0
5.6181704E13	1312.0	73.0
5.6181712E13	1306.0	74.0
5.6181725E13	1306.0	75.0
5.6181733E13	1306.0	76.0
5.618174E13	1306.0	78.0
5.6181754E13	1291.0	80.0
5.6181763E13	1291.0	81.0
5.618177E13	1291.0	82.0
5.6181784E13	1291.0	82.0
5.618179E13	1281.0	80.0
5.6181804E13	1281.0	79.0
5.6181813E13	1281.0	78.0
5.618182E13	1273.0	77.0
5.6181834E13	1273.0	76.0
5.6181842E13	1273.0	75.0
5.6181855E13	1273.0	76.0
5.6181863E13	1270.0	78.0
5.618187E13	1270.0	80.0
5.6181884E13	1270.0	80.0
5.6181893E13	1270.0	79.0
5.6181905E13	1266.0	78.0
5.6181914E13	1266.0	78.0
5.618192E13	1266.0	77.0
5.6181935E13	1262.0	79.0
5.6181943E13	1262.0	81.0
5.618195E13	1262.0	84.0
5.6181964E13	1253.0	86.0
5.6181972E13	1253.0	85.0
5.6181985E13	1253.0	83.0
5.6181993E13	1253.0	82.0
5.6182E13	1249.0	82.0
5.6182014E13	1249.0	81.0
5.6182023E13	1249.0	83.0
5.6182035E13	1249.0	61.0
5.6182044E13	1258.0	84.0
5.618205E13	1258.0	83.0
5.6182065E13	1258.0	81.0
5.6182073E13	1258.0	81.0
5.618208E13	1277.0	81.0
5.6182094E13	1277.0	81.0
5.6182102E13	1277.0	82.0
5.6182115E13	1301.0	81.0
5.6182123E13	1301.0	79.0
5.618213E13	1301.0	80.0
5.6182144E13	1301.0	80.0
5.6182153E13	1335.0	79.0
5.6182165E13	1335.0	79.0
5.6182174E13	1335.0	77.0
5.618218E13	1335.0	75.0
5.6182195E13	1373.0	74.0
5.6182203E13	1373.0	75.0
5.618221E13	1373.0	78.0
5.6182224E13	1373.0	78.0
5.6182232E13	1389.0	78.0
5.6182245E13	1389.0	76.0
5.6182253E13	1389.0	76.0
5.618226E13	1386.0	75.0
5.6182274E13	1386.0	73.0
5.6182283E13	1386.0	71.0
5.6182295E13	1386.0	68.0
5.6182304E13	1369.0	65.0
5.618231E13	1369.0	62.0
5.6182325E13	1369.0	59.0
5.6182333E13	1369.0	57.0
5.618234E13	1349.0	57.0
5.6182354E13	1349.0	59.0
5.6182362E13	1349.0	63.0
5.6182375E13	1349.0	68.0
5.6182383E13	1328.0	71.0
5.618239E13	1328.0	74.0
5.6182404E13	1328.0	75.0
5.6182413E13	1305.0	75.0
5.6182425E13	1305.0	74.0
5.6182434E13	1305.0	74.0
5.618244E13	1305.0	73.0
5.6182455E13	1285.0	73.0
5.6182463E13	1285.0	74.0
5.6182476E13	1285.0	75.0
5.6182484E13	1285.0	76.0
5.6182492E13	1275.0	77.0
5.6182505E13	1275.0	77.0
5.6182513E13	1275.0	77.0
5.618252E13	1275.0	77.0
5.6182534E13	1275.0	76.0
5.6182543E13	1272.0	76.0
5.6182555E13	1272.0	76.0
5.6182564E13	1272.0	75.0
5.618257E13	1280.0	74.0
5.6182585E13	1280.0	73.0
5.6182593E13	1280.0	73.0
5.61826E13	1280.0	73.0
5.6182614E13	1297.0	75.0
5.6182622E13	1297.0	76.0
5.6182635E13	1297.0	75.0
5.6182643E13	1297.0	74.0
5.618265E13	1323.0	73.0
5.6182664E13	1323.0	74.0
5.6182673E13	1323.0	73.0
5.6182685E13	1323.0	72.0
5.6182694E13	1354.0	72.0
5.61827E13	1354.0	71.0
5.6182715E13	1354.0	70.0
5.6182723E13	1378.0	68.0
5.6182736E13	1378.0	69.0
5.6182744E13	1378.0	69.0
5.6182752E13	1378.0	69.0
5.6182765E13	1393.0	68.0
5.6182773E13	1393.0	66.0
5.618278E13	1393.0	65.0
5.6182794E13	1393.0	65.0
5.6182803E13	1406.0	67.0
5.6182815E13	1406.0	67.0
5.6182824E13	1406.0	68.0
5.6182832E13	1406.0	70.0
5.6182845E13	1418.0	72.0
5.6182853E13	1418.0	73.0
5.6182866E13	1418.0	73.0
5.6182874E13	1407.0	73.0
5.6182882E13	1407.0	73.0
5.6182895E13	1407.0	76.0
5.6182903E13	1407.0	80.0
5.618291E13	1388.0	81.0
5.6182924E13	1388.0	79.0
5.6182933E13	1388.0	78.0
5.6182945E13	1388.0	77.0
5.6182954E13	1365.0	76.0
5.6182962E13	1365.0	75.0
5.6182975E13	1365.0	75.0
5.6182983E13	1365.0	74.0
5.6182996E13	1341.0	74.0
5.6183004E13	1341.0	77.0
5.6183012E13	1341.0	79.0
5.6183025E13	1317.0	81.0
5.6183033E13	1317.0	83.0
5.6183046E13	1317.0	83.0
5.6183054E13	1317.0	83.0
5.6183063E13	1295.0	81.0
5.6183075E13	1295.0	78.0
5.6183084E13	1295.0	76.0
5.6183092E13	1295.0	75.0
5.6183105E13	1272.0	76.0
5.6183113E13	1272.0	78.0
5.6183126E13	1272.0	80.0
5.6183134E13	1272.0	83.0
5.6183142E13	1248.0	83.0
5.6183155E13	1248.0	84.0
5.6183163E13	1248.0	85.0
5.6183176E13	1230.0	83.0
5.6183184E13	1230.0	82.0
5.6183193E13	1230.0	82.0
5.6183205E13	1230.0	82.0
5.6183214E13	1225.0	82.0
5.6183222E13	1225.0	81.0
5.6183235E13	1225.0	79.0
5.6183243E13	1225.0	77.0
5.6183256E13	1234.0	75.0
5.6183264E13	1234.0	74.0
5.6183273E13	1234.0	72.0
5.6183285E13	1234.0	74.0
5.6183293E13	1253.0	77.0
5.6183306E13	1253.0	78.0
5.6183314E13	1253.0	77.0
5.6183323E13	1278.0	78.0
5.6183335E13	1278.0	77.0
5.6183344E13	1278.0	77.0
5.6183356E13	1278.0	76.0
5.6183365E13	1302.0	77.0
5.6183373E13	1302.0	78.0
5.6183386E13	1302.0	79.0
5.6183394E13	1302.0	80.0
5.6183403E13	1313.0	79.0
5.6183415E13	1313.0	77.0
5.6183424E13	1313.0	76.0
5.6183436E13	1313.0	74.0
5.6183444E13	1313.0	74.0
5.6183453E13	1313.0	72.0
5.6183465E13	1313.0	69.0
5.6183474E13	1293.0	66.0
5.6183486E13	1293.0	62.0
5.6183495E13	1293.0	59.0
5.6183503E13	1293.0	56.0
5.6183516E13	1271.0	56.0
5.6183524E13	1271.0	58.0
5.6183533E13	1271.0	61.0
5.6183545E13	1271.0	65.0
5.6183554E13	1247.0	68.0
5.6183566E13	1247.0	70.0
5.6183574E13	1247.0	72.0
5.6183583E13	1227.0	74.0
5.6183595E13	1227.0	74.0
5.6183604E13	1227.0	75.0
5.6183616E13	1227.0	75.0
5.6183625E13	1207.0	74.0
5.6183633E13	1207.0	74.0
5.6183646E13	1207.0	75.0
5.6183654E13	1207.0	75.0
5.6183667E13	1194.0	78.0
5.6183675E13	1194.0	79.0
5.6183684E13	1194.0	79.0
5.6183696E13	1194.0	78.0
5.6183705E13	1194.0	76.0
5.6183713E13	1194.0	75.0
5.6183725E13	1194.0	74.0
5.6183734E13	1204.0	73.0
5.6183746E13	1204.0	72.0
5.6183755E13	1204.0	73.0
5.6183763E13	1204.0	73.0
5.6183776E13	1221.0	72.0
5.6183784E13	1221.0	74.0
5.6183797E13	1221.0	75.0
5.6183805E13	1221.0	74.0
5.6183814E13	1239.0	73.0
5.6183826E13	1239.0	73.0
5.6183835E13	1239.0	72.0
5.6183843E13	1239.0	73.0
5.6183856E13	1262.0	73.0
5.6183864E13	1262.0	70.0
5.6183876E13	1262.0	68.0
5.6183885E13	1281.0	67.0
5.6183893E13	1281.0	66.0
5.6183906E13	1281.0	66.0
5.6183914E13	1281.0	66.0
5.6183927E13	1289.0	64.0
5.6183935E13	1289.0	64.0
5.6183944E13	1289.0	66.0
5.6183956E13	1289.0	68.0
5.6183965E13	1295.0	70.0
5.6183977E13	1295.0	72.0
5.6183994E13	1295.0	72.0
5.6184007E13	1296.0	74.0
5.6184015E13	1296.0	77.0
5.6184023E13	1296.0	77.0
5.6184036E13	1289.0	78.0
5.6184044E13	1289.0	80.0
5.6184057E13	1289.0	82.0
5.6184065E13	1289.0	83.0
5.6184074E13	1274.0	82.0
5.6184086E13	1274.0	79.0
5.6184095E13	1274.0	76.0
5.6184107E13	1274.0	74.0
5.6184116E13	1252.0	73.0
5.6184124E13	1252.0	72.0
5.6184137E13	1252.0	71.0
5.6184145E13	1252.0	70.0
5.6184153E13	1228.0	70.0
5.6184166E13	1228.0	71.0
5.6184187E13	1207.0	77.0
5.6184195E13	1207.0	79.0
5.6184204E13	1207.0	79.0
5.6184216E13	1176.0	79.0
5.6184225E13	1176.0	79.0
5.6184237E13	1176.0	80.0
5.6184246E13	1176.0	80.0
5.6184254E13	1142.0	80.0
5.6184267E13	1142.0	80.0
5.6184275E13	1142.0	81.0
5.6184283E13	1142.0	82.0
5.6184296E13	1119.0	83.0
5.6184304E13	1119.0	86.0
5.6184317E13	1119.0	85.0
5.6184325E13	1114.0	83.0
5.6184334E13	1114.0	83.0
5.6184346E13	1114.0	84.0
5.6184355E13	1114.0	83.0
5.6184367E13	1128.0	80.0
5.6184376E13	1128.0	78.0
5.6184384E13	1128.0	77.0
5.6184397E13	1128.0	78.0
5.6184405E13	1162.0	75.0
5.6184418E13	1162.0	72.0
5.6184426E13	1162.0	72.0
5.6184434E13	1162.0	76.0
5.6184447E13	1198.0	78.0
5.6184455E13	1198.0	76.0
5.6184464E13	1198.0	76.0
5.6184476E13	1235.0	77.0
5.6184485E13	1235.0	75.0
5.6184497E13	1235.0	74.0
5.6184506E13	1235.0	74.0
5.6184514E13	1257.0	75.0
5.6184527E13	1257.0	77.0
5.6184535E13	1257.0	78.0
5.6184543E13	1257.0	77.0
5.6184556E13	1257.0	77.0
5.6184564E13	1252.0	75.0
5.6184577E13	1252.0	74.0
5.6184585E13	1252.0	72.0
5.6184594E13	1252.0	71.0
5.6184606E13	1225.0	69.0
5.6184615E13	1225.0	66.0
5.6184627E13	1225.0	62.0
5.6184636E13	1185.0	58.0
5.6184644E13	1185.0	56.0
5.6184657E13	1185.0	57.0
5.6184665E13	1185.0	59.0
5.6184678E13	1158.0	63.0
5.6184686E13	1158.0	66.0
5.6184694E13	1158.0	69.0
5.6184707E13	1158.0	71.0
5.6184715E13	1132.0	75.0
5.6184724E13	1132.0	78.0
5.6184736E13	1132.0	78.0
5.6184745E13	1132.0	79.0
5.6184757E13	1106.0	78.0
5.6184766E13	1106.0	77.0
5.6184774E13	1106.0	76.0
5.6184787E13	1091.0	77.0
5.6184795E13	1091.0	78.0
5.6184808E13	1091.0	78.0
5.6184816E13	1091.0	78.0
5.6184824E13	1088.0	76.0
5.6184837E13	1088.0	76.0
5.6184845E13	1088.0	76.0
5.618486E13	1088.0	75.0
5.6184866E13	1093.0	73.0
5.6184875E13	1093.0	73.0
5.6184887E13	1093.0	73.0
5.6184896E13	1093.0	74.0
5.6184904E13	1106.0	73.0
5.6184917E13	1106.0	73.0
5.6184925E13	1131.0	74.0
5.6184938E13	1131.0	74.0
5.6184946E13	1131.0	73.0
5.6184954E13	1131.0	72.0
5.6184967E13	1131.0	74.0
5.6184975E13	1164.0	73.0
5.6184984E13	1164.0	71.0
5.6184996E13	1164.0	70.0
5.6185005E13	1164.0	70.0
5.6185017E13	1194.0	69.0
5.6185026E13	1194.0	69.0
5.6185034E13	1194.0	69.0
5.6185047E13	1194.0	68.0
5.6185055E13	1207.0	67.0
5.6185068E13	1207.0	66.0
5.6185076E13	1207.0	64.0
5.6185084E13	1215.0	65.0
5.6185097E13	1215.0	67.0
5.6185105E13	1215.0	68.0
5.618512E13	1215.0	69.0
5.6185126E13	1220.0	70.0
5.6185135E13	1220.0	72.0
5.6185147E13	1220.0	73.0
5.6185156E13	1220.0	74.0
5.6185164E13	1211.0	75.0
5.6185177E13	1211.0	76.0
5.6185185E13	1211.0	78.0
5.6185198E13	1195.0	79.0
5.6185206E13	1195.0	79.0
5.6185214E13	1195.0	79.0
5.6185227E13	1195.0	79.0
5.6185235E13	1174.0	78.0
5.618525E13	1174.0	77.0
5.6185265E13	1174.0	75.0
5.6185277E13	1154.0	75.0
5.6185286E13	1154.0	75.0
5.6185294E13	1154.0	76.0
5.6185307E13	1154.0	78.0
5.6185315E13	1139.0	80.0
5.6185328E13	1139.0	82.0
5.6185336E13	1139.0	83.0
5.6185344E13	1136.0	82.0
5.6185357E13	1136.0	81.0
5.6185365E13	1136.0	80.0
5.618538E13	1136.0	79.0
5.6185386E13	1130.0	79.0
5.6185395E13	1130.0	80.0
5.6185407E13	1130.0	81.0
5.6185416E13	1130.0	81.0
5.6185424E13	1107.0	81.0
5.6185437E13	1107.0	82.0
5.6185445E13	1107.0	81.0
5.6185458E13	1107.0	81.0
5.6185466E13	1085.0	81.0
5.6185475E13	1085.0	82.0
5.6185487E13	1085.0	84.0
5.6185495E13	1080.0	86.0
5.618551E13	1080.0	85.0
5.6185516E13	1080.0	81.0
5.6185525E13	1080.0	76.0
5.6185537E13	1090.0	74.0
5.6185546E13	1090.0	73.0
5.618556E13	1090.0	73.0
5.6185567E13	1090.0	75.0
5.6185575E13	1116.0	77.0
5.6185588E13	1116.0	78.0
5.6185596E13	1116.0	77.0
5.6185605E13	1156.0	74.0
5.6185617E13	1156.0	74.0
5.6185626E13	1156.0	74.0
5.618564E13	1189.0	75.0
5.6185646E13	1189.0	64.0
5.6185655E13	1189.0	78.0
5.6185667E13	1189.0	77.0
5.6185676E13	1209.0	78.0
5.618569E13	1209.0	79.0
5.6185697E13	1209.0	77.0
5.6185705E13	1209.0	76.0
5.6185718E13	1211.0	75.0
5.6185726E13	1211.0	74.0
5.618574E13	1211.0	72.0
5.6185747E13	1211.0	69.0
5.6185756E13	1196.0	67.0
5.618577E13	1196.0	64.0
5.6185777E13	1196.0	61.0
5.6185785E13	1168.0	60.0
5.6185797E13	1168.0	60.0
5.6185806E13	1168.0	63.0
5.618582E13	1168.0	66.0
5.6185827E13	1141.0	70.0
5.6185835E13	1141.0	72.0
5.6185848E13	1141.0	73.0
5.6185856E13	1141.0	74.0
5.618587E13	1112.0	74.0
5.6185877E13	1112.0	74.0
5.6185886E13	1112.0	74.0
5.61859E13	1112.0	74.0
5.6185907E13	1091.0	75.0
5.6185915E13	1091.0	76.0
5.6185927E13	1091.0	76.0
5.6185936E13	1081.0	76.0
5.618595E13	1081.0	76.0
5.6185957E13	1081.0	76.0
5.6185965E13	1081.0	75.0
5.6185978E13	1082.0	73.0
5.6185986E13	1082.0	73.0
5.6186E13	1082.0	73.0
5.6186007E13	1082.0	73.0
5.6186016E13	1093.0	74.0
5.618603E13	1093.0	73.0
5.6186037E13	1093.0	72.0
5.6186045E13	1093.0	72.0
5.6186058E13	1093.0	73.0
5.6186066E13	1115.0	75.0
5.618608E13	1115.0	74.0
5.6186087E13	1115.0	72.0
5.6186095E13	1148.0	72.0
5.6186108E13	1148.0	73.0
5.6186116E13	1148.0	74.0
5.618613E13	1148.0	73.0
5.6186137E13	1187.0	71.0
5.6186146E13	1187.0	70.0
5.618616E13	1187.0	68.0
5.6186167E13	1187.0	66.0
5.6186175E13	1219.0	65.0
5.6186188E13	1219.0	64.0
5.6186196E13	1219.0	68.0
5.618621E13	1219.0	68.0
5.6186217E13	1243.0	67.0
5.6186225E13	1243.0	67.0
5.6186238E13	1243.0	67.0
5.6186246E13	1267.0	67.0
5.618626E13	1267.0	67.0
5.6186267E13	1267.0	67.0
5.6186276E13	1267.0	67.0
5.618629E13	1270.0	67.0
5.6186297E13	1270.0	67.0
5.6186305E13	1270.0	67.0
5.6186318E13	1270.0	67.0
5.6186326E13	1245.0	67.0
5.618634E13	1245.0	67.0
5.6186347E13	1245.0	67.0
5.6186355E13	1245.0	67.0
5.6186368E13	1222.0	68.0
5.6186376E13	1222.0	81.0
5.618639E13	1222.0	78.0
5.6186397E13	1205.0	76.0
5.6186406E13	1205.0	74.0
5.618642E13	1205.0	73.0
5.6186427E13	1205.0	72.0
5.618644E13	1193.0	72.0
5.6186448E13	1193.0	74.0
5.6186456E13	1193.0	77.0
5.618647E13	1193.0	81.0
5.6186477E13	1189.0	82.0
5.6186485E13	1189.0	80.0
5.61865E13	1189.0	79.0
5.6186506E13	1189.0	77.0
5.618652E13	1189.0	75.0
5.6186527E13	1189.0	74.0
5.6186536E13	1189.0	74.0
5.618655E13	1179.0	75.0
5.6186557E13	1179.0	77.0
5.618657E13	1179.0	79.0
5.6186578E13	1179.0	80.0
5.6186586E13	1150.0	83.0
5.61866E13	1150.0	83.0
5.6186607E13	1150.0	83.0
5.6186615E13	1150.0	83.0
5.618663E13	1125.0	83.0
5.6186636E13	1125.0	82.0
5.618665E13	1125.0	82.0
5.6186657E13	1125.0	83.0
5.6186666E13	1121.0	83.0
5.618668E13	1121.0	81.0
5.6186687E13	1121.0	79.0
5.61867E13	1134.0	76.0
5.6186708E13	1134.0	74.0
5.6186716E13	1134.0	75.0
5.618673E13	1134.0	76.0
5.6186737E13	1166.0	77.0
5.618675E13	1166.0	78.0
5.618676E13	1166.0	79.0
5.6186766E13	1166.0	78.0
5.618678E13	1201.0	76.0
5.6186787E13	1201.0	75.0
5.6186796E13	1201.0	74.0
5.618681E13	1201.0	74.0
5.6186817E13	1232.0	75.0
5.618683E13	1232.0	76.0
5.6186838E13	1232.0	77.0
5.6186846E13	1245.0	79.0
5.618686E13	1245.0	79.0
5.6186867E13	1245.0	76.0
5.618688E13	1243.0	73.0
5.618689E13	1243.0	72.0
5.6186896E13	1243.0	72.0
5.618691E13	1243.0	72.0
5.6186917E13	1243.0	70.0
5.6186926E13	1221.0	68.0
5.618694E13	1221.0	66.0
5.6186947E13	1221.0	65.0
5.618696E13	1192.0	65.0
5.6186968E13	1192.0	66.0
5.6186976E13	1192.0	67.0
5.618699E13	1192.0	69.0
5.6186997E13	1169.0	71.0
5.618701E13	1169.0	72.0
5.618702E13	1169.0	72.0
5.6187026E13	1169.0	73.0
5.618704E13	1152.0	73.0
5.6187047E13	1152.0	74.0
5.618706E13	1152.0	75.0
5.618707E13	1152.0	77.0
5.6187077E13	1141.0	78.0
5.618709E13	1141.0	79.0
5.6187098E13	1141.0	79.0
5.6187106E13	1133.0	79.0
5.618712E13	1133.0	78.0
5.6187127E13	1133.0	77.0
5.618714E13	1133.0	78.0
5.618715E13	1133.0	77.0
5.6187156E13	1133.0	75.0
5.618717E13	1133.0	74.0
5.6187177E13	1133.0	73.0
5.618719E13	1139.0	73.0
5.61872E13	1139.0	74.0
5.6187207E13	1139.0	73.0
5.618722E13	1139.0	73.0
5.6187228E13	1156.0	74.0
5.6187236E13	1156.0	74.0
5.618725E13	1156.0	75.0
5.6187257E13	1180.0	75.0
5.618727E13	1180.0	75.0
5.618728E13	1180.0	75.0
5.6187286E13	1180.0	74.0
5.61873E13	1209.0	74.0
5.6187307E13	1209.0	73.0
5.618732E13	1209.0	71.0
5.618733E13	1209.0	71.0
5.6187337E13	1237.0	68.0
5.618735E13	1237.0	65.0
5.6187358E13	1237.0	64.0
5.6187366E13	1237.0	65.0
5.618738E13	1261.0	65.0
5.6187387E13	1261.0	65.0
5.61874E13	1261.0	64.0
5.618741E13	1282.0	65.0
5.6187416E13	1282.0	66.0
5.618743E13	1282.0	67.0
5.6187437E13	1282.0	67.0
5.618745E13	1293.0	69.0
5.618746E13	1293.0	72.0
5.6187467E13	1293.0	74.0
5.618748E13	1293.0	74.0
5.6187488E13	1283.0	74.0
5.61875E13	1283.0	75.0
5.618751E13	1283.0	77.0
5.6187517E13	1283.0	79.0
5.618753E13	1268.0	80.0
5.618754E13	1268.0	80.0
5.618755E13	1268.0	79.0
5.618756E13	1256.0	37.0
5.6187567E13	1256.0	78.0
5.618758E13	1256.0	78.0
5.618759E13	1253.0	78.0
5.6187597E13	1253.0	77.0
5.618761E13	1253.0	76.0
5.6187618E13	1253.0	76.0
5.618763E13	1253.0	76.0
5.618764E13	1261.0	78.0
5.6187647E13	1261.0	79.0
5.618766E13	1261.0	79.0
5.618769E13	1266.0	79.0
5.6187697E13	1266.0	80.0
5.618771E13	1247.0	79.0
5.618772E13	1247.0	78.0
5.6187727E13	1247.0	79.0
5.618774E13	1247.0	79.0
5.6187748E13	1210.0	79.0
5.618776E13	1210.0	81.0
5.618777E13	1210.0	82.0
5.6187777E13	1210.0	83.0
5.618779E13	1182.0	83.0
5.61878E13	1182.0	83.0
5.618781E13	1182.0	84.0
5.618782E13	1176.0	82.0
5.6187828E13	1176.0	80.0
5.618784E13	1176.0	80.0
5.618785E13	1176.0	80.0
5.6187857E13	1186.0	76.0
5.618787E13	1186.0	75.0
5.6187878E13	1186.0	75.0
5.618789E13	1212.0	77.0
5.61879E13	1212.0	77.0
5.618792E13	1212.0	77.0
5.618793E13	1247.0	76.0
5.618794E13	1247.0	74.0
5.618795E13	1247.0	74.0
5.6187958E13	1247.0	73.0
5.618797E13	1247.0	73.0
5.618798E13	1279.0	74.0
5.6187987E13	1279.0	75.0
5.6188E13	1279.0	78.0
5.6188008E13	1295.0	80.0
5.618802E13	1295.0	79.0
5.618803E13	1295.0	76.0
5.6188037E13	1295.0	74.0
5.618805E13	1291.0	74.0
5.618806E13	1291.0	75.0
5.618807E13	1291.0	74.0
5.618808E13	1291.0	72.0
5.6188088E13	1270.0	69.0
5.61881E13	1270.0	67.0
5.618811E13	1270.0	65.0
5.6188117E13	1270.0	63.0
5.618813E13	1245.0	61.0
5.6188138E13	1245.0	61.0
5.618815E13	1245.0	61.0
5.618816E13	1223.0	64.0
5.6188167E13	1223.0	67.0
5.618818E13	1223.0	69.0
5.618819E13	1223.0	71.0
5.61882E13	1203.0	74.0
5.618821E13	1203.0	75.0
5.6188218E13	1203.0	76.0
5.618823E13	1203.0	76.0
5.618824E13	1190.0	75.0
5.6188247E13	1190.0	75.0
5.618826E13	1190.0	75.0
5.618827E13	1190.0	76.0
5.618828E13	1181.0	77.0
5.618829E13	1181.0	78.0
5.6188297E13	1181.0	78.0
5.618831E13	1180.0	77.0
5.618832E13	1180.0	77.0
5.618833E13	1180.0	76.0
5.618834E13	1180.0	75.0
5.6188348E13	1188.0	74.0
5.618836E13	1188.0	74.0
5.618837E13	1188.0	75.0
5.618838E13	1188.0	74.0
5.618839E13	1207.0	73.0
5.61884E13	1207.0	76.0
5.618841E13	1207.0	76.0
5.618842E13	1207.0	74.0
5.6188427E13	1233.0	73.0
5.618844E13	1233.0	73.0
5.618845E13	1233.0	71.0
5.618846E13	1270.0	70.0
5.618847E13	1270.0	72.0
5.6188478E13	1270.0	72.0
5.618849E13	1270.0	69.0
5.61885E13	1298.0	66.0
5.618851E13	1298.0	65.0
5.618852E13	1298.0	65.0
5.618853E13	1298.0	65.0
5.618854E13	1305.0	65.0
5.618855E13	1305.0	66.0
5.618856E13	1305.0	66.0
5.618857E13	1305.0	67.0
5.6188608E13	1308.0	72.0
5.618862E13	1308.0	73.0
5.618863E13	1308.0	73.0
5.618864E13	1308.0	74.0
5.618865E13	1301.0	76.0
5.618866E13	1301.0	79.0
5.618867E13	1301.0	82.0
5.618868E13	1301.0	82.0
5.618869E13	1288.0	81.0
5.61887E13	1288.0	80.0
5.618871E13	1288.0	79.0
5.618872E13	1273.0	78.0
5.618873E13	1273.0	78.0
5.6188738E13	1273.0	78.0
5.618875E13	1273.0	78.0
5.618876E13	1252.0	78.0
5.618877E13	1252.0	78.0
5.618878E13	1252.0	79.0
5.618879E13	1252.0	81.0
5.61888E13	1236.0	83.0
5.618881E13	1236.0	84.0
5.618882E13	1236.0	84.0
5.618883E13	1236.0	83.0
5.618884E13	1223.0	80.0
5.618885E13	1223.0	77.0
5.618886E13	1209.0	76.0
5.6188868E13	1209.0	77.0
5.618888E13	1209.0	77.0
5.618889E13	1209.0	83.0
5.61889E13	1209.0	83.0
5.618891E13	1192.0	83.0
5.618892E13	1192.0	84.0
5.618893E13	1192.0	84.0
5.618894E13	1182.0	83.0
5.618895E13	1182.0	82.0
5.618896E13	1182.0	81.0
5.618897E13	1182.0	82.0
5.618898E13	1193.0	81.0
5.618899E13	1193.0	79.0
5.6189E13	1193.0	77.0
5.618901E13	1221.0	77.0
5.618902E13	1221.0	77.0
5.618903E13	1221.0	77.0
5.618904E13	1221.0	76.0
5.618905E13	1221.0	77.0
5.618906E13	1264.0	78.0
5.618907E13	1264.0	79.0
5.618908E13	1264.0	78.0
5.618909E13	1264.0	78.0
5.61891E13	1309.0	78.0
5.618911E13	1309.0	75.0
5.618912E13	1309.0	72.0
5.618913E13	1309.0	72.0
5.618914E13	1346.0	74.0
5.618915E13	1346.0	76.0
5.618916E13	1346.0	76.0
5.618917E13	1357.0	78.0
5.6189182E13	1357.0	78.0
5.618919E13	1357.0	76.0
5.61892E13	1357.0	66.0
5.618921E13	1348.0	73.0
5.618922E13	1348.0	71.0
5.618923E13	1348.0	69.0
5.618924E13	1313.0	66.0
5.618925E13	1313.0	62.0
5.618926E13	1313.0	59.0
5.618927E13	1313.0	57.0
5.618928E13	1278.0	58.0
5.618929E13	1278.0	60.0
5.61893E13	1278.0	65.0
5.6189312E13	1253.0	69.0
5.618932E13	1253.0	72.0
5.618933E13	1253.0	75.0
5.618934E13	1253.0	76.0
5.618935E13	1229.0	77.0
5.618936E13	1229.0	76.0
5.618937E13	1229.0	75.0
5.618938E13	1229.0	74.0
5.618939E13	1207.0	74.0
5.61894E13	1207.0	74.0
5.618941E13	1207.0	76.0
5.618942E13	1207.0	76.0
5.618943E13	1207.0	78.0
5.6189442E13	1189.0	78.0
5.618945E13	1189.0	78.0
5.618946E13	1189.0	76.0
5.618947E13	1178.0	75.0
5.618948E13	1178.0	74.0
5.618949E13	1178.0	73.0
5.61895E13	1178.0	73.0
5.618951E13	1179.0	72.0
5.618952E13	1179.0	73.0
5.618953E13	1179.0	72.0
5.618954E13	1179.0	73.0
5.618955E13	1191.0	75.0
5.618956E13	1191.0	75.0
5.6189572E13	1191.0	74.0
5.618958E13	1191.0	73.0
5.618959E13	1215.0	73.0
5.61896E13	1215.0	72.0
5.618961E13	1215.0	71.0
5.618962E13	1246.0	71.0
5.618963E13	1246.0	71.0
5.618964E13	1246.0	71.0
5.618965E13	1246.0	71.0
5.618966E13	1262.0	70.0
5.618967E13	1262.0	68.0
5.618968E13	1262.0	68.0
5.618969E13	1262.0	67.0
5.6189702E13	1267.0	67.0
5.618971E13	1267.0	68.0
5.618972E13	1267.0	68.0
5.618973E13	1267.0	68.0
5.618974E13	1272.0	69.0
5.618975E13	1272.0	72.0
5.618976E13	1272.0	74.0
5.618977E13	1279.0	75.0
5.618978E13	1279.0	76.0
5.618979E13	1279.0	78.0
5.61898E13	1279.0	78.0
5.618981E13	1268.0	79.0
5.618982E13	1268.0	80.0
5.6189832E13	1268.0	82.0
5.618984E13	1268.0	85.0
5.618985E13	1257.0	85.0
5.618986E13	1257.0	84.0
5.618987E13	1257.0	80.0
5.618988E13	1246.0	74.0
5.618989E13	1246.0	74.0
5.61899E13	1246.0	72.0
5.618991E13	1243.0	69.0
5.618992E13	1243.0	69.0
5.618993E13	1243.0	69.0
5.618994E13	1243.0	69.0
5.618995E13	1243.0	70.0
5.6189962E13	1261.0	72.0
5.618997E13	1261.0	73.0
5.618998E13	1261.0	75.0
5.618999E13	1261.0	75.0
5.619E13	1269.0	76.0
5.6190013E13	1269.0	75.0
5.619002E13	1269.0	75.0
5.619003E13	1269.0	75.0
5.6190042E13	1256.0	76.0
5.619005E13	1256.0	78.0
5.619006E13	1256.0	81.0
5.619007E13	1238.0	82.0
5.619008E13	1238.0	82.0
5.6190092E13	1238.0	82.0
5.61901E13	1238.0	82.0
5.619011E13	1236.0	82.0
5.619012E13	1236.0	80.0
5.619013E13	1236.0	78.0
5.6190143E13	1236.0	77.0
5.619015E13	1259.0	77.0
5.619016E13	1259.0	77.0
5.6190172E13	1259.0	77.0
5.619018E13	1259.0	77.0
5.6190193E13	1300.0	77.0
5.61902E13	1300.0	76.0
5.619021E13	1300.0	75.0
5.6190222E13	1358.0	75.0
5.619023E13	1358.0	75.0
5.619024E13	1358.0	74.0
5.619025E13	1358.0	73.0
5.619026E13	1421.0	74.0
5.6190273E13	1421.0	73.0
5.619028E13	1421.0	71.0
5.619029E13	1421.0	71.0
5.6190302E13	1466.0	73.0
5.619031E13	1466.0	74.0
5.6190323E13	1466.0	76.0
5.619033E13	1475.0	77.0
5.619034E13	1475.0	77.0
5.6190352E13	1475.0	75.0
5.619036E13	1475.0	74.0
5.619037E13	1462.0	73.0
5.619038E13	1462.0	72.0
5.619039E13	1462.0	70.0
5.6190403E13	1420.0	68.0
5.619041E13	1420.0	66.0
5.619042E13	1420.0	63.0
5.6190432E13	1420.0	60.0
5.619044E13	1375.0	59.0
5.6190453E13	1375.0	60.0
5.619046E13	1375.0	63.0
5.619047E13	1340.0	67.0
5.6190483E13	1340.0	70.0
5.619049E13	1340.0	73.0
5.61905E13	1340.0	74.0
5.619051E13	1305.0	74.0
5.619052E13	1305.0	75.0
5.6190533E13	1305.0	75.0
5.619055E13	1274.0	76.0
5.619054E13	1274.0	76.0
5.6190562E13	1274.0	77.0
5.619057E13	1274.0	77.0
5.6190583E13	1274.0	78.0
5.619059E13	1253.0	78.0
5.61906E13	1253.0	77.0
5.6190613E13	1253.0	76.0
5.619062E13	1243.0	75.0
5.619063E13	1243.0	74.0
5.619064E13	1243.0	73.0
5.619065E13	1243.0	73.0
5.6190663E13	1243.0	72.0
5.619067E13	1243.0	73.0
5.619068E13	1243.0	35.0
5.6190692E13	1243.0	73.0
5.61907E13	1254.0	73.0
5.6190713E13	1254.0	75.0
5.619072E13	1254.0	75.0
5.619073E13	1254.0	74.0
5.6190743E13	1274.0	74.0
5.619075E13	1274.0	74.0
5.6190764E13	1274.0	74.0
5.619077E13	1303.0	73.0
5.619078E13	1303.0	72.0
5.6190793E13	1303.0	72.0
5.61908E13	1303.0	71.0
5.619081E13	1329.0	69.0
5.6190822E13	1329.0	67.0
5.619083E13	1329.0	67.0
5.6190843E13	1329.0	66.0
5.619086E13	1350.0	66.0
5.619085E13	1350.0	66.0
5.6190873E13	1350.0	68.0
5.619088E13	1350.0	68.0
5.6190894E13	1369.0	69.0
5.61909E13	1369.0	69.0
5.619091E13	1378.0	70.0
5.6190923E13	1378.0	70.0
5.619093E13	1378.0	72.0
5.619094E13	1378.0	73.0
5.6190952E13	1378.0	73.0
5.6190973E13	1361.0	76.0
5.619096E13	1361.0	76.0
5.619098E13	1361.0	79.0
5.619099E13	1361.0	81.0
5.6191003E13	1342.0	82.0
5.6191024E13	1342.0	81.0
5.619101E13	1342.0	81.0
5.619103E13	1342.0	80.0
5.619104E13	1332.0	78.0
5.6191053E13	1332.0	76.0
5.619106E13	1332.0	74.0
5.619107E13	1328.0	73.0
5.6191082E13	1328.0	73.0
5.619109E13	1328.0	73.0
5.6191103E13	1328.0	74.0
5.619111E13	1328.0	76.0
5.619112E13	1328.0	76.0
5.6191133E13	1328.0	65.0
5.619114E13	1328.0	65.0
5.6191154E13	1328.0	65.0
5.619116E13	1317.0	66.0
5.619117E13	1317.0	66.0
5.6191183E13	1317.0	66.0
5.619119E13	1317.0	66.0
5.61912E13	1288.0	66.0
5.6191212E13	1288.0	66.0
5.619122E13	1288.0	66.0
5.6191233E13	1253.0	67.0
5.619124E13	1253.0	67.0
5.619125E13	1253.0	82.0
5.6191263E13	1253.0	83.0
5.619127E13	1223.0	68.0
5.6191284E13	1223.0	82.0
5.619129E13	1223.0	68.0
5.6191313E13	1214.0	68.0
5.619132E13	1214.0	68.0
5.6191334E13	1214.0	68.0
5.619135E13	1223.0	68.0
5.6191363E13	1223.0	76.0
5.619137E13	1223.0	73.0
5.619138E13	1254.0	68.0
5.6191393E13	1254.0	68.0
5.61914E13	1254.0	76.0
5.6191414E13	1254.0	68.0
5.619142E13	1291.0	76.0
5.619143E13	1291.0	77.0
5.6191443E13	1291.0	75.0
5.619145E13	1291.0	73.0
5.6191464E13	1325.0	68.0
5.6191472E13	1325.0	68.0
5.619148E13	1325.0	75.0
5.6191493E13	1325.0	77.0
5.61915E13	1337.0	78.0
5.619151E13	1337.0	80.0
5.6191523E13	1337.0	79.0
5.619153E13	1338.0	77.0
5.6191544E13	1338.0	74.0
5.619155E13	1338.0	72.0
5.619156E13	1338.0	72.0
5.6191573E13	1332.0	70.0
5.619158E13	1332.0	68.0
5.6191594E13	1332.0	68.0
5.6191602E13	1332.0	68.0
5.619161E13	1300.0	68.0
5.6191623E13	1300.0	68.0
5.619163E13	1300.0	68.0
5.619164E13	1300.0	68.0
5.6191653E13	1270.0	68.0
5.619166E13	1270.0	68.0
5.6191674E13	1270.0	73.0
5.619168E13	1239.0	74.0
5.619169E13	1239.0	75.0
5.6191703E13	1239.0	68.0
5.619171E13	1239.0	68.0
5.6191724E13	1208.0	77.0
5.6191732E13	1208.0	77.0
5.619174E13	1208.0	77.0
5.6191753E13	1208.0	78.0
5.619176E13	1193.0	78.0
5.6191774E13	1193.0	77.0
5.6191783E13	1193.0	76.0
5.619179E13	1193.0	76.0
5.6191804E13	1193.0	74.0
5.6191812E13	1193.0	74.0
5.619182E13	1193.0	74.0
5.6191833E13	1204.0	74.0
5.619184E13	1204.0	74.0
5.6191854E13	1204.0	73.0
5.6191862E13	1204.0	73.0
5.619187E13	1222.0	74.0
5.6191883E13	1222.0	74.0
5.619189E13	1222.0	74.0
5.6191904E13	1222.0	75.0
5.6191913E13	1249.0	76.0
5.619192E13	1249.0	76.0
5.6191942E13	1249.0	74.0
5.6191934E13	1249.0	74.0
5.619195E13	1282.0	66.0
5.6191963E13	1282.0	70.0
5.619197E13	1317.0	67.0
5.6191984E13	1317.0	67.0
5.6191992E13	1317.0	67.0
5.6192005E13	1317.0	67.0
5.6192013E13	1317.0	66.0
5.619202E13	1342.0	66.0
5.6192034E13	1342.0	66.0
5.6192043E13	1342.0	66.0
5.619205E13	1349.0	66.0
5.6192064E13	1349.0	66.0
5.6192072E13	1349.0	69.0
5.6192085E13	1349.0	71.0
5.6192093E13	1352.0	72.0
5.61921E13	1352.0	73.0
5.6192114E13	1352.0	75.0
5.6192122E13	1352.0	75.0
5.619213E13	1341.0	75.0
5.6192143E13	1341.0	75.0
5.619215E13	1341.0	65.0
5.6192164E13	1341.0	79.0
5.6192173E13	1325.0	65.0
5.619218E13	1325.0	84.0
5.6192194E13	1325.0	83.0
5.6192202E13	1325.0	82.0
5.6192215E13	1308.0	81.0
5.6192223E13	1308.0	80.0
5.619223E13	1308.0	78.0
5.6192244E13	1288.0	76.0
5.6192253E13	1288.0	74.0
5.619226E13	1288.0	72.0
5.6192273E13	1288.0	71.0
5.619228E13	1274.0	71.0
5.6192294E13	1274.0	73.0
5.6192303E13	1274.0	76.0
5.619231E13	1274.0	79.0
5.6192324E13	1250.0	81.0
5.6192332E13	1250.0	78.0
5.6192345E13	1250.0	76.0
5.6192353E13	1250.0	74.0
5.619236E13	1210.0	74.0
5.6192374E13	1210.0	74.0
5.6192383E13	1210.0	77.0
5.619239E13	1160.0	79.0
5.6192404E13	1160.0	80.0
5.619241E13	1160.0	81.0
5.6192424E13	1160.0	81.0
5.6192433E13	1122.0	82.0
5.619244E13	1122.0	83.0
5.6192454E13	1122.0	83.0
5.6192462E13	1122.0	82.0
5.6192475E13	1112.0	80.0
5.6192483E13	1112.0	79.0
5.619249E13	1112.0	78.0
5.6192504E13	1112.0	76.0
5.6192513E13	1126.0	75.0
5.619252E13	1126.0	74.0
5.6192534E13	1126.0	74.0
5.619254E13	1155.0	73.0
5.6192555E13	1155.0	73.0
5.6192563E13	1155.0	77.0
5.619257E13	1155.0	77.0
5.6192584E13	1189.0	70.0
5.6192592E13	1189.0	75.0
5.6192605E13	1189.0	70.0
5.6192613E13	1189.0	70.0
5.619262E13	1222.0	69.0
5.6192634E13	1222.0	71.0
5.6192643E13	1222.0	74.0
5.6192655E13	1222.0	69.0
5.6192664E13	1237.0	76.0
5.619267E13	1237.0	77.0
5.6192685E13	1237.0	69.0
5.6192693E13	1238.0	69.0
5.61927E13	1238.0	69.0
5.6192722E13	1238.0	69.0
5.6192735E13	1219.0	69.0
5.6192743E13	1219.0	69.0
5.619275E13	1219.0	68.0
5.6192764E13	1219.0	69.0
5.6192773E13	1185.0	64.0
5.6192785E13	1185.0	62.0
5.6192794E13	1185.0	70.0
5.6192806E13	1185.0	61.0
5.6192815E13	1154.0	62.0
5.6192827E13	1154.0	70.0
5.619283E13	1154.0	68.0
5.6192844E13	1129.0	70.0
5.6192852E13	1129.0	70.0
5.6192865E13	1129.0	70.0
5.6192873E13	1129.0	70.0
5.6192886E13	1108.0	70.0
5.6192903E13	1108.0	70.0
5.6192915E13	1108.0	70.0
5.6192924E13	1099.0	70.0
5.619293E13	1099.0	70.0
5.6192945E13	1099.0	70.0
5.6192953E13	1099.0	70.0
5.6192966E13	1099.0	70.0
5.6192974E13	1099.0	77.0
5.6192987E13	1099.0	77.0
5.6192995E13	1110.0	69.0
5.6193007E13	1110.0	69.0
5.619301E13	1110.0	69.0
5.6193024E13	1110.0	69.0
5.6193033E13	1129.0	69.0
5.6193045E13	1129.0	69.0
5.6193054E13	1129.0	69.0
5.6193066E13	1155.0	75.0
5.6193075E13	1155.0	75.0
5.6193087E13	1155.0	69.0
5.6193096E13	1155.0	69.0
5.6193104E13	1155.0	76.0
5.6193112E13	1187.0	73.0
5.6193125E13	1187.0	73.0
5.6193133E13	1187.0	72.0
5.6193146E13	1220.0	70.0
5.6193154E13	1220.0	68.0
5.6193167E13	1220.0	68.0
5.6193175E13	1220.0	68.0
5.6193184E13	1243.0	67.0
5.619319E13	1243.0	67.0
5.6193205E13	1243.0	67.0
5.6193213E13	1243.0	67.0
5.6193226E13	1258.0	67.0
5.6193234E13	1258.0	67.0
5.6193247E13	1258.0	67.0
5.6193255E13	1258.0	67.0
5.6193268E13	1274.0	67.0
5.619327E13	1274.0	69.0
5.6193284E13	1274.0	70.0
5.6193293E13	1281.0	70.0
5.6193305E13	1281.0	71.0
5.6193314E13	1281.0	71.0
5.6193326E13	1281.0	73.0
5.6193335E13	1263.0	77.0
5.6193347E13	1263.0	81.0
5.6193356E13	1263.0	82.0
5.6193364E13	1263.0	81.0
5.6193372E13	1237.0	80.0
5.6193385E13	1237.0	79.0
5.6193393E13	1237.0	78.0
5.6193406E13	1237.0	67.0
5.6193414E13	1211.0	68.0
5.6193427E13	1211.0	68.0
5.6193435E13	1211.0	68.0
5.6193448E13	1188.0	68.0
5.619345E13	1188.0	68.0
5.6193465E13	1188.0	83.0
5.6193473E13	1188.0	84.0
5.6193486E13	1170.0	69.0
5.6193494E13	1170.0	69.0
5.6193507E13	1170.0	69.0
5.6193515E13	1170.0	69.0
5.6193528E13	1151.0	80.0
5.6193536E13	1151.0	80.0
5.6193544E13	1151.0	78.0
5.6193553E13	1151.0	78.0
5.6193565E13	1117.0	69.0
5.6193574E13	1117.0	69.0
5.6193586E13	1117.0	69.0
5.6193595E13	1075.0	70.0
5.6193607E13	1075.0	70.0
5.6193616E13	1075.0	70.0
5.6193624E13	1075.0	70.0
5.6193632E13	1052.0	71.0
5.6193645E13	1052.0	71.0
5.6193653E13	1052.0	82.0
5.6193666E13	1052.0	82.0
5.6193674E13	1052.0	71.0
5.6193687E13	1052.0	71.0
5.6193695E13	1052.0	71.0
5.619371E13	1075.0	70.0
5.6193712E13	1075.0	75.0
5.6193725E13	1075.0	73.0
5.6193733E13	1075.0	71.0
5.6193746E13	1108.0	71.0
5.6193754E13	1108.0	71.0
5.6193767E13	1108.0	76.0
5.6193775E13	1108.0	74.0
5.6193788E13	1145.0	73.0
5.6193796E13	1145.0	71.0
5.6193804E13	1145.0	71.0
5.6193813E13	1145.0	71.0
5.6193825E13	1171.0	75.0
5.6193834E13	1171.0	70.0
5.6193846E13	1171.0	70.0
5.6193855E13	1181.0	70.0
5.6193867E13	1181.0	70.0
5.6193876E13	1181.0	76.0
5.619389E13	1181.0	70.0
5.6193897E13	1175.0	74.0
5.6193905E13	1175.0	70.0
5.6193913E13	1175.0	70.0
5.6193926E13	1175.0	70.0
5.6193934E13	1159.0	70.0
5.6193947E13	1159.0	64.0
5.6193955E13	1159.0	62.0
5.619397E13	1159.0	61.0
5.6193976E13	1140.0	63.0
5.6193985E13	1140.0	64.0
5.6193993E13	1140.0	67.0
5.6194006E13	1117.0	70.0
5.6194014E13	1117.0	70.0
5.6194027E13	1117.0	74.0
5.6194035E13	1117.0	75.0
5.6194048E13	1089.0	75.0
5.6194056E13	1089.0	76.0
5.6194064E13	1089.0	77.0
5.6194073E13	1089.0	77.0
5.6194085E13	1063.0	78.0
5.6194094E13	1063.0	78.0
5.6194106E13	1063.0	77.0
5.6194115E13	1063.0	77.0
5.6194127E13	1047.0	76.0
5.6194136E13	1047.0	76.0
5.619415E13	1047.0	71.0
5.6194153E13	1042.0	74.0
5.6194165E13	1042.0	71.0
5.6194174E13	1042.0	74.0
5.6194186E13	1042.0	71.0
5.6194194E13	1045.0	70.0
5.6194207E13	1045.0	70.0
5.6194215E13	1045.0	70.0
5.619423E13	1045.0	70.0
5.6194236E13	1056.0	70.0
5.6194245E13	1056.0	75.0
5.6194253E13	1056.0	75.0
5.6194266E13	1056.0	73.0
5.6194274E13	1072.0	74.0
5.6194287E13	1072.0	75.0
5.6194295E13	1072.0	75.0
5.6194308E13	1092.0	73.0
5.6194316E13	1092.0	72.0
5.619433E13	1092.0	72.0
5.6194333E13	1092.0	71.0
5.6194345E13	1110.0	70.0
5.6194354E13	1110.0	70.0
5.6194366E13	1110.0	69.0
5.6194375E13	1110.0	69.0
5.6194387E13	1123.0	69.0
5.6194396E13	1123.0	67.0
5.619441E13	1123.0	66.0
5.6194417E13	1123.0	66.0
5.6194425E13	1133.0	67.0
5.6194434E13	1133.0	68.0
5.6194446E13	1133.0	68.0
5.6194455E13	1144.0	69.0
5.6194467E13	1144.0	71.0
5.6194475E13	1144.0	72.0
5.619449E13	1144.0	72.0
5.6194496E13	1139.0	72.0
5.6194505E13	1139.0	73.0
5.6194513E13	1139.0	75.0
5.6194526E13	1139.0	78.0
5.6194534E13	1128.0	81.0
5.6194547E13	1128.0	85.0
5.6194555E13	1128.0	87.0
5.6194568E13	1128.0	85.0
5.6194576E13	1115.0	83.0
5.619459E13	1115.0	81.0
5.6194593E13	1115.0	79.0
5.6194606E13	1104.0	78.0
5.6194614E13	1104.0	77.0
5.6194626E13	1104.0	76.0
5.6194635E13	1104.0	75.0
5.6194647E13	1105.0	75.0
5.6194656E13	1105.0	78.0
5.619467E13	1105.0	80.0
5.6194677E13	1105.0	81.0
5.6194685E13	1117.0	81.0
5.6194694E13	1117.0	81.0
5.6194706E13	1117.0	81.0
5.6194715E13	1117.0	81.0
5.6194727E13	1132.0	80.0
5.6194736E13	1132.0	79.0
5.619475E13	1132.0	77.0
5.6194757E13	1134.0	77.0
5.619477E13	1134.0	78.0
5.6194773E13	1134.0	79.0
5.6194786E13	1134.0	81.0
5.6194794E13	1131.0	83.0
5.6194807E13	1131.0	84.0
5.6194815E13	1131.0	84.0
