5.7024994E13	2432.0	72.0
5.7025002E13	2432.0	72.0
5.7025015E13	2432.0	75.0
5.7025023E13	2426.0	81.0
5.702503E13	2426.0	86.0
5.7025044E13	2426.0	87.0
5.7025053E13	2426.0	84.0
5.7025065E13	2423.0	81.0
5.7025074E13	2423.0	77.0
5.702508E13	2423.0	74.0
5.7025094E13	2423.0	72.0
5.7025103E13	2443.0	70.0
5.7025115E13	2443.0	70.0
5.7025132E13	2443.0	68.0
5.7025145E13	2494.0	67.0
5.7025153E13	2494.0	68.0
5.702516E13	2494.0	69.0
5.7025174E13	2603.0	70.0
5.7025183E13	2603.0	70.0
5.7025195E13	2603.0	71.0
5.7025204E13	2603.0	71.0
5.702521E13	3160.0	72.0
5.7025225E13	3160.0	73.0
5.7025233E13	3160.0	75.0
5.7025245E13	3160.0	77.0
5.7025254E13	4451.0	78.0
5.7025262E13	4451.0	79.0
5.7025275E13	4451.0	81.0
5.7025283E13	4451.0	83.0
5.702529E13	7267.0	84.0
5.7025304E13	7267.0	82.0
5.7025313E13	7267.0	79.0
5.7025325E13	11414.0	79.0
5.7025334E13	11414.0	79.0
5.702534E13	11414.0	78.0
5.7025355E13	11414.0	76.0
5.7025363E13	17575.0	75.0
5.7025376E13	17575.0	73.0
5.7025384E13	17575.0	71.0
5.7025396E13	17575.0	68.0
5.7025405E13	0.0	67.0
5.7025413E13	0.0	66.0
5.7025426E13	0.0	67.0
5.7025434E13	22571.0	69.0
5.7025443E13	22571.0	72.0
5.7025455E13	22571.0	72.0
5.7025464E13	22571.0	71.0
5.702547E13	24069.0	73.0
5.7025485E13	24069.0	70.0
5.7025493E13	24069.0	67.0
5.7025506E13	0.0	70.0
5.7025514E13	0.0	76.0
5.7025522E13	0.0	78.0
5.7025535E13	25558.0	77.0
5.7025543E13	25558.0	77.0
5.7025556E13	25558.0	75.0
5.7025585E13	27630.0	72.0
5.7025594E13	27630.0	67.0
5.7025606E13	0.0	64.0
5.7025615E13	0.0	61.0
5.7025623E13	0.0	60.0
5.7025636E13	20085.0	60.0
5.7025644E13	20085.0	61.0
5.7025652E13	20085.0	64.0
5.7025665E13	20085.0	67.0
5.7025673E13	18188.0	69.0
5.7025686E13	18188.0	71.0
5.7025694E13	18188.0	71.0
5.7025703E13	0.0	72.0
5.7025715E13	0.0	73.0
5.7025724E13	0.0	74.0
5.702573E13	9842.0	74.0
5.7025745E13	9842.0	75.0
5.7025753E13	9842.0	75.0
5.7025766E13	9842.0	76.0
5.7025774E13	7119.0	76.0
5.7025782E13	7119.0	77.0
5.7025795E13	7119.0	78.0
5.7025803E13	7119.0	78.0
5.7025816E13	4281.0	77.0
5.7025824E13	4281.0	75.0
5.7025833E13	4281.0	75.0
5.7025845E13	4281.0	75.0
5.7025854E13	3326.0	75.0
5.702586E13	3326.0	73.0
5.7025875E13	3326.0	73.0
5.7025883E13	2842.0	74.0
5.7025896E13	2842.0	73.0
5.7025904E13	2842.0	74.0
5.7025912E13	2842.0	76.0
5.7025925E13	2619.0	76.0
5.7025933E13	2619.0	75.0
5.7025946E13	2619.0	74.0
5.7025954E13	2619.0	72.0
5.7025963E13	2572.0	70.0
5.7025975E13	2572.0	70.0
5.7025984E13	2572.0	70.0
5.7025996E13	2540.0	70.0
5.7026005E13	2540.0	70.0
5.7026013E13	2540.0	68.0
5.7026026E13	2540.0	65.0
5.7026034E13	2513.0	62.0
5.7026047E13	2513.0	61.0
5.7026055E13	2513.0	61.0
5.7026063E13	2504.0	61.0
5.7026076E13	2504.0	62.0
5.7026084E13	2504.0	62.0
5.7026093E13	2504.0	66.0
5.7026105E13	2495.0	67.0
5.7026114E13	2495.0	67.0
5.7026126E13	2495.0	68.0
5.7026135E13	2495.0	70.0
5.702615E13	2485.0	72.0
5.7026156E13	2485.0	72.0
5.7026164E13	2479.0	80.0
5.7026185E13	2479.0	80.0
5.7026193E13	2479.0	80.0
5.7026206E13	2479.0	79.0
5.7026214E13	2479.0	77.0
5.7026223E13	2484.0	75.0
5.7026235E13	2484.0	75.0
5.7026244E13	2484.0	75.0
5.7026256E13	2484.0	76.0
5.7026265E13	2509.0	75.0
5.7026273E13	2509.0	75.0
5.7026286E13	2509.0	76.0
5.7026294E13	2568.0	77.0
5.7026302E13	2568.0	79.0
5.7026315E13	2568.0	79.0
5.7026323E13	2568.0	79.0
5.7026336E13	2678.0	79.0
5.7026344E13	2678.0	78.0
5.7026353E13	2678.0	77.0
5.7026365E13	2678.0	76.0
5.7026374E13	3279.0	74.0
5.7026386E13	3279.0	73.0
5.7026395E13	3279.0	72.0
5.7026403E13	3279.0	73.0
5.7026416E13	4943.0	74.0
5.7026424E13	4943.0	76.0
5.7026437E13	4943.0	79.0
5.7026445E13	7722.0	81.0
5.7026453E13	7722.0	83.0
5.7026466E13	7722.0	85.0
5.7026474E13	7722.0	84.0
5.7026483E13	14290.0	80.0
5.7026495E13	14290.0	77.0
5.7026504E13	14290.0	76.0
5.7026516E13	14290.0	75.0
5.7026525E13	19056.0	73.0
5.7026533E13	19056.0	68.0
5.7026546E13	0.0	68.0
5.7026554E13	0.0	70.0
5.7026567E13	0.0	73.0
5.7026575E13	23908.0	73.0
5.7026583E13	23908.0	73.0
5.7026596E13	23908.0	73.0
5.7026604E13	23908.0	36.0
5.7026613E13	26151.0	69.0
5.7026625E13	26151.0	67.0
5.7026634E13	26151.0	70.0
5.7026646E13	0.0	75.0
5.7026655E13	0.0	78.0
5.7026663E13	0.0	77.0
5.7026676E13	26896.0	75.0
5.7026684E13	26896.0	74.0
5.7026697E13	26896.0	75.0
5.7026705E13	26896.0	75.0
5.7026713E13	27467.0	74.0
5.7026726E13	27467.0	71.0
5.7026734E13	27467.0	69.0
5.7026747E13	0.0	66.0
5.7026755E13	0.0	64.0
5.7026764E13	0.0	60.0
5.7026776E13	19952.0	57.0
5.7026785E13	19952.0	57.0
5.7026793E13	19952.0	57.0
5.7026806E13	19952.0	60.0
5.7026814E13	19952.0	12.0
5.7026827E13	17624.0	68.0
5.7026835E13	17624.0	69.0
5.7026844E13	17624.0	69.0
5.7026856E13	0.0	71.0
5.7026864E13	0.0	74.0
5.7026873E13	0.0	75.0
5.7026885E13	11430.0	76.0
5.7026894E13	11430.0	76.0
5.7026906E13	11430.0	77.0
5.7026915E13	11430.0	77.0
5.7026923E13	7812.0	78.0
5.7026936E13	7812.0	78.0
5.7026944E13	7812.0	78.0
5.7026957E13	7812.0	77.0
5.7026965E13	4984.0	75.0
5.7026974E13	4984.0	75.0
5.7026986E13	4984.0	75.0
5.7026995E13	4984.0	75.0
5.7027003E13	3436.0	75.0
5.7027015E13	3436.0	74.0
5.7027024E13	3436.0	75.0
5.7027036E13	2791.0	74.0
5.7027045E13	2791.0	74.0
5.7027053E13	2791.0	72.0
5.7027066E13	2791.0	71.0
5.7027074E13	2709.0	71.0
5.7027087E13	2709.0	70.0
5.7027095E13	2709.0	70.0
5.7027104E13	2709.0	70.0
5.7027116E13	2663.0	71.0
5.7027125E13	2663.0	70.0
5.7027137E13	2663.0	69.0
5.7027145E13	2632.0	69.0
5.7027154E13	2632.0	68.0
5.7027166E13	2632.0	66.0
5.7027175E13	2632.0	65.0
5.7027183E13	2609.0	64.0
5.7027196E13	2609.0	64.0
5.7027204E13	2609.0	63.0
5.7027217E13	2609.0	63.0
5.7027225E13	2598.0	66.0
5.7027234E13	2598.0	69.0
5.7027246E13	2598.0	70.0
5.7027255E13	2598.0	70.0
5.7027267E13	2592.0	70.0
5.7027276E13	2592.0	70.0
5.7027284E13	2592.0	70.0
5.7027296E13	2584.0	72.0
5.7027305E13	2584.0	74.0
5.7027317E13	2584.0	76.0
5.7027326E13	2584.0	76.0
5.7027334E13	2585.0	75.0
5.7027347E13	2585.0	73.0
5.7027355E13	2585.0	71.0
5.7027364E13	2585.0	69.0
5.7027376E13	2605.0	68.0
5.7027385E13	2605.0	68.0
5.7027397E13	2605.0	68.0
5.7027406E13	2605.0	68.0
5.7027414E13	2641.0	68.0
5.7027427E13	2641.0	69.0
5.7027435E13	2641.0	71.0
5.7027447E13	2708.0	74.0
5.7027456E13	2708.0	76.0
5.7027464E13	2708.0	78.0
5.7027477E13	2708.0	78.0
5.7027485E13	2816.0	78.0
5.7027494E13	2816.0	77.0
5.7027506E13	2816.0	75.0
5.7027515E13	2816.0	73.0
5.7027527E13	3309.0	72.0
5.7027536E13	3309.0	72.0
5.7027544E13	3309.0	73.0
5.7027557E13	3309.0	75.0
5.7027565E13	4687.0	75.0
5.7027578E13	4687.0	75.0
5.7027586E13	4687.0	76.0
5.7027594E13	6858.0	79.0
5.7027607E13	6858.0	82.0
5.7027615E13	6858.0	85.0
5.7027628E13	6858.0	84.0
5.7027636E13	12477.0	79.0
5.7027645E13	12477.0	77.0
5.7027657E13	12477.0	77.0
5.7027666E13	12477.0	78.0
5.7027674E13	18156.0	78.0
5.7027687E13	18156.0	76.0
5.7027695E13	18156.0	73.0
5.7027708E13	0.0	73.0
5.7027716E13	0.0	73.0
5.7027724E13	0.0	74.0
5.7027737E13	20232.0	73.0
5.7027745E13	20232.0	78.0
5.7027758E13	20232.0	80.0
5.7027766E13	20232.0	75.0
5.7027775E13	22746.0	69.0
5.7027787E13	22746.0	67.0
5.7027796E13	22746.0	71.0
5.702781E13	0.0	76.0
5.7027817E13	0.0	80.0
5.7027825E13	0.0	80.0
5.7027838E13	26354.0	77.0
5.7027846E13	26354.0	74.0
5.7027854E13	26354.0	74.0
5.7027867E13	26354.0	73.0
5.7027875E13	23738.0	69.0
5.7027888E13	23738.0	67.0
5.7027896E13	23738.0	65.0
5.7027905E13	0.0	64.0
5.7027917E13	0.0	63.0
5.7027926E13	0.0	63.0
5.702794E13	18538.0	66.0
5.7027947E13	18538.0	70.0
5.7027955E13	18538.0	73.0
5.7027968E13	18538.0	74.0
5.7027976E13	12977.0	73.0
5.7027984E13	12977.0	72.0
5.7027997E13	12977.0	73.0
5.7028005E13	0.0	75.0
5.702802E13	0.0	75.0
5.7028026E13	0.0	76.0
5.7028035E13	7053.0	77.0
5.7028047E13	7053.0	78.0
5.7028056E13	7053.0	78.0
5.702807E13	7053.0	77.0
5.7028077E13	4965.0	77.0
5.702809E13	4965.0	76.0
5.7028098E13	4965.0	75.0
5.7028106E13	4965.0	75.0
5.7028114E13	3466.0	74.0
5.7028127E13	3466.0	74.0
5.7028135E13	3466.0	74.0
5.702815E13	3466.0	74.0
5.7028156E13	2859.0	74.0
5.7028165E13	2859.0	73.0
5.7028177E13	2859.0	73.0
5.7028186E13	2758.0	74.0
5.70282E13	2758.0	75.0
5.7028207E13	2758.0	74.0
5.7028215E13	2758.0	74.0
5.7028228E13	2719.0	73.0
5.7028236E13	2719.0	73.0
5.7028244E13	2719.0	71.0
5.7028257E13	2719.0	70.0
5.7028265E13	2691.0	68.0
5.702828E13	2691.0	68.0
5.7028286E13	2691.0	68.0
5.7028295E13	2665.0	67.0
5.7028307E13	2665.0	67.0
5.7028316E13	2665.0	66.0
5.702833E13	2665.0	65.0
5.7028337E13	2648.0	62.0
5.7028345E13	2648.0	60.0
5.7028358E13	2648.0	59.0
5.7028366E13	2648.0	61.0
5.7028374E13	2639.0	64.0
5.7028387E13	2639.0	65.0
5.7028395E13	2639.0	66.0
5.702841E13	2639.0	69.0
5.7028416E13	2628.0	72.0
5.7028425E13	2628.0	74.0
5.7028437E13	2628.0	75.0
5.7028446E13	2611.0	77.0
5.702846E13	2611.0	80.0
5.7028467E13	2611.0	82.0
5.7028475E13	2611.0	81.0
5.7028488E13	2608.0	80.0
5.7028496E13	2608.0	80.0
5.7028504E13	2608.0	77.0
5.7028517E13	2608.0	75.0
5.7028525E13	2622.0	73.0
5.702854E13	2622.0	73.0
5.7028546E13	2622.0	73.0
5.7028555E13	2622.0	73.0
5.7028567E13	2675.0	72.0
5.7028576E13	2675.0	71.0
5.702859E13	2675.0	70.0
5.7028597E13	2770.0	69.0
5.7028605E13	2770.0	68.0
5.7028618E13	2770.0	68.0
5.7028626E13	2770.0	69.0
5.702864E13	2937.0	70.0
5.7028647E13	2937.0	71.0
5.7028655E13	2937.0	72.0
5.702867E13	2937.0	74.0
5.7028676E13	3991.0	77.0
5.7028685E13	3991.0	80.0
5.7028697E13	3991.0	81.0
5.7028706E13	3991.0	82.0
5.702872E13	6830.0	84.0
5.7028727E13	6830.0	83.0
5.7028735E13	6830.0	82.0
5.7028748E13	9691.0	80.0
5.7028756E13	9691.0	81.0
5.702877E13	9691.0	80.0
5.7028777E13	9691.0	78.0
5.7028785E13	16531.0	76.0
5.70288E13	16531.0	74.0
5.7028806E13	16531.0	72.0
5.702882E13	16531.0	72.0
5.7028827E13	0.0	72.0
5.7028836E13	0.0	74.0
5.702885E13	0.0	76.0
5.7028857E13	20066.0	74.0
5.7028865E13	20066.0	75.0
5.7028878E13	20066.0	75.0
5.7028886E13	20066.0	75.0
5.70289E13	22854.0	69.0
5.7028907E13	22854.0	66.0
5.702892E13	22854.0	67.0
5.702893E13	0.0	71.0
5.7028936E13	0.0	78.0
5.702895E13	0.0	81.0
5.7028957E13	25047.0	79.0
5.7028966E13	25047.0	77.0
5.702898E13	25047.0	74.0
5.7028987E13	25047.0	74.0
5.7028995E13	26216.0	75.0
5.7029008E13	26216.0	73.0
5.7029016E13	26216.0	70.0
5.702903E13	0.0	66.0
5.7029037E13	0.0	64.0
5.7029046E13	0.0	61.0
5.702906E13	19130.0	58.0
5.7029066E13	19130.0	57.0
5.702908E13	19130.0	59.0
5.7029087E13	19130.0	63.0
5.7029096E13	16812.0	68.0
5.702911E13	16812.0	71.0
5.7029117E13	0.0	72.0
5.7029125E13	0.0	73.0
5.7029138E13	0.0	75.0
5.7029146E13	7200.0	77.0
5.702916E13	7200.0	77.0
5.7029167E13	7200.0	77.0
5.7029176E13	7200.0	76.0
5.702919E13	5357.0	75.0
5.7029197E13	5357.0	74.0
5.702921E13	5357.0	74.0
5.7029217E13	5357.0	76.0
5.7029226E13	3186.0	77.0
5.702924E13	3186.0	76.0
5.7029247E13	3186.0	76.0
5.702926E13	3186.0	75.0
5.7029268E13	2926.0	75.0
5.7029276E13	2926.0	76.0
5.702929E13	2926.0	76.0
5.7029306E13	2787.0	73.0
5.702934E13	2722.0	72.0
5.702937E13	2648.0	69.0
5.7029297E13	2648.0	69.0
5.7029398E13	2648.0	69.0
5.7029377E13	2648.0	69.0
5.7029327E13	2648.0	69.0
5.702939E13	2648.0	69.0
5.702932E13	2648.0	69.0
5.7029356E13	2648.0	70.0
5.702942E13	2618.0	67.0
5.7029436E13	2618.0	67.0
5.7029427E13	2618.0	67.0
5.7029406E13	2618.0	67.0
5.7029348E13	2618.0	67.0
5.702945E13	2618.0	67.0
5.7029457E13	2618.0	65.0
5.702947E13	2618.0	62.0
5.7029478E13	2618.0	61.0
5.7029486E13	2596.0	62.0
5.70295E13	2596.0	67.0
5.7029507E13	2596.0	72.0
5.702952E13	2596.0	74.0
5.7029528E13	2578.0	73.0
5.7029536E13	2578.0	74.0
5.702955E13	2578.0	76.0
5.7029557E13	2556.0	77.0
5.702957E13	2556.0	77.0
5.702958E13	2556.0	78.0
5.7029587E13	2556.0	65.0
5.70296E13	2538.0	84.0
5.7029608E13	2538.0	84.0
5.7029616E13	2538.0	82.0
5.702963E13	2538.0	78.0
5.7029637E13	2544.0	74.0
5.702965E13	2544.0	71.0
5.7029658E13	2544.0	69.0
5.7029666E13	2544.0	68.0
5.702968E13	2579.0	66.0
5.7029687E13	2579.0	65.0
5.70297E13	2579.0	64.0
5.702971E13	2653.0	65.0
5.7029717E13	2653.0	67.0
5.702973E13	2653.0	70.0
5.7029738E13	2653.0	70.0
5.7029746E13	2653.0	72.0
5.702976E13	2779.0	73.0
5.7029767E13	2779.0	74.0
5.702978E13	2779.0	73.0
5.702979E13	2779.0	72.0
5.7029796E13	3042.0	72.0
5.702981E13	3042.0	72.0
5.7029817E13	3042.0	73.0
5.7029826E13	3042.0	73.0
5.702984E13	4754.0	75.0
5.7029847E13	4754.0	39.0
5.702986E13	4754.0	39.0
5.7029868E13	6943.0	31.0
5.7029876E13	6943.0	31.0
5.702989E13	6943.0	31.0
5.7029897E13	6943.0	31.0
5.702991E13	11692.0	18.0
5.702992E13	11692.0	73.0
5.7029926E13	11692.0	18.0
5.702994E13	11692.0	18.0
5.7029947E13	14814.0	16.0
5.702996E13	14814.0	16.0
5.702997E13	14814.0	16.0
5.7029977E13	0.0	90.0
5.702999E13	0.0	90.0
5.7029998E13	0.0	90.0
5.7030006E13	21639.0	11.0
5.703002E13	21639.0	68.0
5.7030027E13	21639.0	73.0
5.703004E13	21639.0	76.0
5.703005E13	22834.0	72.0
5.7030056E13	22834.0	67.0
5.703007E13	22834.0	67.0
5.7030077E13	0.0	70.0
5.703009E13	0.0	77.0
5.70301E13	0.0	82.0
5.7030107E13	23816.0	80.0
5.703012E13	23816.0	78.0
5.7030128E13	23816.0	74.0
5.703014E13	23816.0	72.0
5.703015E13	26487.0	71.0
5.7030157E13	26487.0	70.0
5.703017E13	26487.0	70.0
5.703018E13	0.0	71.0
5.7030186E13	0.0	69.0
5.70302E13	0.0	68.0
5.7030207E13	20432.0	67.0
5.703022E13	20432.0	65.0
5.703023E13	20432.0	64.0
5.7030237E13	20432.0	64.0
5.703025E13	17970.0	66.0
5.7030258E13	17970.0	69.0
5.703027E13	17970.0	71.0
5.703028E13	0.0	72.0
5.7030287E13	0.0	73.0
5.70303E13	0.0	74.0
5.703031E13	9780.0	75.0
5.7030316E13	9780.0	77.0
5.703033E13	9780.0	77.0
5.7030337E13	9780.0	76.0
5.703035E13	6160.0	76.0
5.703036E13	6160.0	76.0
5.7030367E13	6160.0	76.0
5.703038E13	6160.0	76.0
5.7030388E13	3750.0	76.0
5.70304E13	3750.0	74.0
5.703041E13	3750.0	74.0
5.7030417E13	3750.0	73.0
5.703043E13	3078.0	74.0
5.703044E13	3078.0	74.0
5.7030446E13	3078.0	74.0
5.703046E13	2847.0	72.0
5.7030467E13	2847.0	72.0
5.703048E13	2847.0	71.0
5.703049E13	2847.0	72.0
5.7030497E13	2735.0	73.0
5.703051E13	2735.0	73.0
5.7030518E13	2735.0	73.0
5.703053E13	2735.0	72.0
5.703054E13	2679.0	72.0
5.7030547E13	2679.0	72.0
5.703056E13	2679.0	70.0
5.703057E13	2649.0	68.0
5.7030576E13	2649.0	68.0
5.703059E13	2649.0	67.0
5.7030597E13	2649.0	64.0
5.703061E13	2625.0	62.0
5.703062E13	2625.0	61.0
5.7030627E13	2625.0	60.0
5.703064E13	2625.0	60.0
5.7030648E13	2618.0	60.0
5.703066E13	2618.0	61.0
5.703067E13	2618.0	63.0
5.7030677E13	2618.0	65.0
5.703069E13	2610.0	67.0
5.70307E13	2610.0	67.0
5.703071E13	2610.0	69.0
5.703072E13	2594.0	72.0
5.7030727E13	2594.0	74.0
5.703074E13	2594.0	74.0
5.703075E13	2594.0	74.0
5.7030757E13	2579.0	75.0
5.703077E13	2579.0	77.0
5.7030778E13	2579.0	78.0
5.703079E13	2579.0	79.0
5.70308E13	2583.0	78.0
5.7030807E13	2583.0	77.0
5.703082E13	2583.0	76.0
5.703083E13	2583.0	76.0
5.703084E13	2617.0	76.0
5.703085E13	2617.0	76.0
5.7030857E13	2617.0	75.0
5.703087E13	2686.0	74.0
5.703088E13	2686.0	73.0
5.703089E13	2686.0	72.0
5.70309E13	2686.0	73.0
5.7030908E13	2813.0	73.0
5.703092E13	2813.0	73.0
5.703093E13	2813.0	73.0
5.7030937E13	2813.0	72.0
5.703095E13	3010.0	72.0
5.703096E13	3010.0	73.0
5.703097E13	3010.0	73.0
5.703098E13	3010.0	74.0
5.7030987E13	3421.0	74.0
5.7031E13	3421.0	76.0
5.703102E13	5203.0	80.0
5.703103E13	5203.0	82.0
5.7031038E13	5203.0	83.0
5.703105E13	5203.0	83.0
5.703106E13	10467.0	83.0
5.7031067E13	10467.0	81.0
5.703108E13	10467.0	80.0
5.703109E13	10467.0	79.0
5.70311E13	17280.0	79.0
5.703111E13	17280.0	78.0
5.703112E13	17280.0	76.0
5.703113E13	0.0	73.0
5.703114E13	0.0	72.0
5.703115E13	0.0	71.0
5.703116E13	19982.0	72.0
5.7031168E13	19982.0	74.0
5.703118E13	19982.0	76.0
5.703119E13	19982.0	76.0
5.7031197E13	22318.0	74.0
5.7031222E13	0.0	71.0
5.703123E13	0.0	74.0
5.703124E13	0.0	78.0
5.7031248E13	0.0	78.0
5.703129E13	26031.0	73.0
5.7031298E13	26031.0	72.0
5.703131E13	26031.0	70.0
5.703132E13	0.0	70.0
5.703133E13	0.0	68.0
5.703134E13	0.0	65.0
5.703135E13	22501.0	63.0
5.703136E13	22501.0	62.0
5.703137E13	22501.0	63.0
5.7031378E13	22501.0	64.0
5.703139E13	19377.0	67.0
5.70314E13	19377.0	72.0
5.703141E13	19377.0	74.0
5.703142E13	0.0	38.0
5.7031428E13	0.0	72.0
5.703144E13	0.0	73.0
5.703145E13	10435.0	73.0
5.703146E13	10435.0	75.0
5.703147E13	5306.0	76.0
5.703148E13	5306.0	76.0
5.703149E13	5306.0	76.0
5.70315E13	5306.0	75.0
5.7031508E13	5306.0	75.0
5.703152E13	5306.0	75.0
5.703153E13	3749.0	74.0
5.703154E13	3749.0	73.0
5.703155E13	3749.0	71.0
5.703156E13	3749.0	71.0
5.703157E13	3298.0	74.0
5.703158E13	3298.0	73.0
5.703159E13	3298.0	74.0
5.70316E13	3052.0	75.0
5.703161E13	3052.0	73.0
5.703162E13	3052.0	74.0
5.703163E13	3052.0	73.0
5.703164E13	2948.0	74.0
5.703165E13	2948.0	77.0
5.703166E13	2948.0	77.0
5.703167E13	2948.0	75.0
5.703168E13	2890.0	73.0
5.703169E13	2890.0	73.0
5.70317E13	2890.0	74.0
5.703171E13	2841.0	73.0
5.703172E13	2841.0	72.0
5.703173E13	2841.0	72.0
5.703174E13	2841.0	70.0
5.703175E13	2841.0	70.0
5.703176E13	2806.0	68.0
5.7031768E13	2806.0	67.0
5.703178E13	2806.0	66.0
5.703179E13	2806.0	64.0
5.70318E13	2798.0	62.0
5.703181E13	2798.0	62.0
5.703182E13	2798.0	50.0
5.703183E13	2798.0	50.0
5.703184E13	2797.0	65.0
5.703185E13	2797.0	66.0
5.703186E13	2797.0	69.0
5.703187E13	2798.0	71.0
5.703188E13	2798.0	72.0
5.703189E13	2798.0	73.0
5.7031898E13	2798.0	75.0
5.703191E13	2793.0	77.0
5.703192E13	2793.0	78.0
5.703193E13	2793.0	79.0
5.703194E13	2793.0	79.0
5.703195E13	2793.0	77.0
5.703197E13	2793.0	75.0
5.703198E13	2793.0	74.0
5.703199E13	2829.0	72.0
5.7032E13	2829.0	72.0
5.703201E13	2829.0	72.0
5.703202E13	2916.0	73.0
5.703203E13	2916.0	74.0
5.703204E13	2916.0	73.0
5.703205E13	2916.0	71.0
5.703207E13	3050.0	67.0
5.703208E13	3050.0	65.0
5.703209E13	3050.0	64.0
5.70321E13	3268.0	64.0
5.703212E13	3268.0	70.0
5.703213E13	3268.0	75.0
5.703214E13	3767.0	79.0
5.703215E13	3767.0	83.0
5.703216E13	3767.0	85.0
5.703217E13	6938.0	84.0
5.703218E13	6938.0	82.0
5.703219E13	6938.0	80.0
5.70322E13	6938.0	78.0
5.7032212E13	15255.0	78.0
5.703222E13	15255.0	77.0
5.703223E13	15255.0	76.0
5.703224E13	15255.0	75.0
5.703225E13	0.0	72.0
5.703226E13	0.0	69.0
5.7032275E13	20139.0	66.0
5.703228E13	20139.0	66.0
5.703229E13	20139.0	67.0
5.70323E13	20139.0	67.0
5.703231E13	22311.0	69.0
5.703232E13	22311.0	69.0
5.703233E13	22311.0	69.0
5.7032342E13	22311.0	71.0
5.703235E13	0.0	70.0
5.703236E13	0.0	68.0
5.703237E13	0.0	68.0
5.703238E13	24444.0	72.0
5.703239E13	24444.0	79.0
5.70324E13	24444.0	81.0
5.703241E13	22627.0	73.0
5.703242E13	22627.0	73.0
5.703243E13	22627.0	74.0
5.7032443E13	22627.0	74.0
5.703245E13	0.0	73.0
5.703246E13	0.0	71.0
5.7032472E13	0.0	67.0
5.703248E13	20523.0	64.0
5.703249E13	20523.0	64.0
5.70325E13	20523.0	64.0
5.703251E13	20523.0	65.0
5.703252E13	18597.0	68.0
5.703253E13	18597.0	70.0
5.703254E13	18597.0	71.0
5.703255E13	0.0	71.0
5.703256E13	0.0	70.0
5.703257E13	0.0	71.0
5.703258E13	10294.0	72.0
5.703259E13	10294.0	74.0
5.7032602E13	10294.0	75.0
5.703261E13	10294.0	77.0
5.703262E13	5676.0	77.0
5.703263E13	5676.0	76.0
5.703264E13	5676.0	76.0
5.7032653E13	5676.0	76.0
5.703266E13	3956.0	77.0
5.703267E13	3956.0	77.0
5.703268E13	3956.0	75.0
5.703269E13	3956.0	74.0
5.70327E13	3465.0	73.0
5.703271E13	3465.0	72.0
5.703272E13	3465.0	71.0
5.7032732E13	3185.0	71.0
5.703274E13	3185.0	71.0
5.703275E13	3185.0	73.0
5.703276E13	3185.0	73.0
5.703277E13	3039.0	72.0
5.7032783E13	3039.0	72.0
5.703279E13	3039.0	72.0
5.70328E13	3039.0	72.0
5.703281E13	2980.0	72.0
5.703282E13	2980.0	71.0
5.703283E13	2980.0	69.0
5.703284E13	2947.0	68.0
5.703285E13	2947.0	68.0
5.7032862E13	2947.0	68.0
5.703287E13	2947.0	68.0
5.703288E13	2932.0	67.0
5.703289E13	2932.0	64.0
5.70329E13	2932.0	62.0
5.7032913E13	2932.0	61.0
5.703292E13	2924.0	59.0
5.703293E13	2924.0	58.0
5.703294E13	2924.0	57.0
5.703295E13	2924.0	59.0
5.7032963E13	2927.0	62.0
5.703297E13	2927.0	63.0
5.703298E13	2927.0	65.0
5.7032992E13	2917.0	69.0
5.7033E13	2917.0	72.0
5.703301E13	2917.0	74.0
5.703302E13	2917.0	75.0
5.703303E13	2899.0	77.0
5.7033043E13	2899.0	79.0
5.703305E13	2899.0	80.0
5.703306E13	2899.0	80.0
5.703307E13	2893.0	78.0
5.703308E13	2893.0	75.0
5.7033093E13	2893.0	74.0
5.70331E13	2893.0	74.0
5.703311E13	2914.0	73.0
5.7033122E13	2914.0	73.0
5.703313E13	2914.0	73.0
5.703314E13	2977.0	73.0
5.703315E13	2977.0	73.0
5.703316E13	2977.0	75.0
5.7033173E13	2977.0	72.0
5.703318E13	3075.0	69.0
5.703319E13	3075.0	65.0
5.70332E13	3075.0	63.0
5.703321E13	3075.0	62.0
5.7033223E13	3245.0	61.0
5.703323E13	3245.0	62.0
5.703324E13	3245.0	66.0
5.7033252E13	3245.0	70.0
5.703327E13	3681.0	76.0
5.703328E13	3681.0	78.0
5.703329E13	5335.0	80.0
5.7033303E13	5335.0	82.0
5.703331E13	5335.0	82.0
5.703332E13	5335.0	82.0
5.703333E13	11648.0	80.0
5.703334E13	11648.0	79.0
5.7033353E13	11648.0	77.0
5.703336E13	11648.0	76.0
5.703337E13	18122.0	73.0
5.7033382E13	18122.0	71.0
5.703339E13	18122.0	69.0
5.7033403E13	0.0	65.0
5.703341E13	0.0	65.0
5.703342E13	19840.0	66.0
5.7033433E13	19840.0	68.0
5.703344E13	19840.0	71.0
5.7033454E13	19840.0	73.0
5.7033462E13	21853.0	72.0
5.7033475E13	21853.0	69.0
5.7033483E13	21853.0	73.0
5.703349E13	0.0	69.0
5.70335E13	0.0	73.0
5.7033512E13	0.0	78.0
5.703352E13	22092.0	78.0
5.7033533E13	22092.0	79.0
5.703354E13	22092.0	77.0
5.703355E13	22092.0	74.0
5.7033563E13	20836.0	74.0
5.703357E13	20836.0	74.0
5.703358E13	20836.0	74.0
5.7033592E13	20836.0	71.0
5.70336E13	0.0	70.0
5.7033613E13	0.0	69.0
5.703362E13	0.0	67.0
5.703363E13	16768.0	67.0
5.7033642E13	16768.0	67.0
5.703365E13	16768.0	67.0
5.7033663E13	16768.0	69.0
5.703367E13	9526.0	71.0
5.703368E13	9526.0	72.0
5.7033693E13	9526.0	71.0
5.70337E13	0.0	71.0
5.7033714E13	0.0	72.0
5.7033722E13	0.0	74.0
5.7033743E13	4347.0	78.0
5.703375E13	4347.0	79.0
5.703376E13	4347.0	78.0
5.7033772E13	3779.0	78.0
5.703378E13	3779.0	77.0
5.7033793E13	3779.0	77.0
5.70338E13	3779.0	76.0
5.703381E13	3388.0	75.0
5.7033823E13	3388.0	75.0
5.703383E13	3388.0	74.0
5.7033844E13	3388.0	72.0
5.7033852E13	3187.0	73.0
5.703386E13	3187.0	73.0
5.7033873E13	3187.0	74.0
5.703388E13	3081.0	74.0
5.7033894E13	3081.0	75.0
5.7033903E13	3081.0	76.0
5.703391E13	3027.0	69.0
5.7033923E13	3027.0	69.0
5.703393E13	3027.0	70.0
5.703394E13	3027.0	71.0
5.7033953E13	3027.0	72.0
5.703396E13	2989.0	73.0
5.7033974E13	2989.0	72.0
5.7033982E13	2989.0	71.0
5.703399E13	2953.0	69.0
5.7034003E13	2953.0	67.0
5.703401E13	2953.0	65.0
5.703402E13	2953.0	64.0
5.7034033E13	2935.0	64.0
5.703404E13	2935.0	64.0
5.7034054E13	2935.0	64.0
5.703406E13	2935.0	64.0
5.703407E13	2934.0	65.0
5.7034083E13	2934.0	65.0
5.703409E13	2934.0	66.0
5.7034104E13	2934.0	68.0
5.7034112E13	2935.0	70.0
5.703412E13	2935.0	72.0
5.7034133E13	2935.0	74.0
5.703414E13	2931.0	76.0
5.7034154E13	2931.0	79.0
5.7034163E13	2931.0	80.0
5.703417E13	2931.0	78.0
5.7034184E13	2937.0	75.0
5.703419E13	2937.0	73.0
5.70342E13	2937.0	72.0
5.7034213E13	2937.0	72.0
5.703422E13	2957.0	73.0
5.7034234E13	2957.0	75.0
5.7034242E13	2957.0	78.0
5.703425E13	2957.0	80.0
5.7034263E13	3010.0	81.0
5.703427E13	3010.0	80.0
5.7034284E13	3010.0	77.0
5.7034293E13	3103.0	75.0
5.70343E13	3103.0	74.0
5.7034314E13	3103.0	72.0
5.703432E13	3103.0	71.0
5.703433E13	3272.0	71.0
5.7034343E13	3272.0	71.0
5.703435E13	3272.0	72.0
5.7034364E13	3272.0	72.0
5.7034372E13	3703.0	72.0
5.703438E13	3703.0	72.0
5.7034393E13	3703.0	72.0
5.70344E13	3703.0	73.0
5.7034414E13	5418.0	75.0
5.7034423E13	5418.0	78.0
5.703443E13	12871.0	83.0
5.7034444E13	12871.0	81.0
5.703445E13	12871.0	81.0
5.703446E13	12871.0	79.0
5.7034473E13	12871.0	79.0
5.703448E13	17370.0	74.0
5.7034494E13	17370.0	74.0
5.7034502E13	17370.0	71.0
5.7034515E13	17370.0	71.0
5.7034523E13	0.0	69.0
5.703453E13	0.0	69.0
5.7034544E13	20519.0	70.0
5.7034553E13	20519.0	72.0
5.703456E13	20519.0	75.0
5.7034574E13	20519.0	73.0
5.703458E13	20519.0	73.0
5.7034595E13	21871.0	70.0
5.7034603E13	21871.0	69.0
5.7034616E13	21871.0	66.0
5.7034624E13	0.0	68.0
5.7034632E13	0.0	74.0
5.703464E13	0.0	76.0
5.7034653E13	22716.0	79.0
5.703466E13	22716.0	78.0
5.7034674E13	22716.0	75.0
5.7034683E13	22716.0	74.0
5.703469E13	22139.0	75.0
5.7034704E13	22139.0	73.0
5.703471E13	22139.0	70.0
5.7034725E13	0.0	68.0
5.7034733E13	0.0	66.0
5.703474E13	0.0	65.0
5.7034754E13	18382.0	66.0
5.7034762E13	18382.0	68.0
5.703477E13	18382.0	70.0
5.7034783E13	18382.0	73.0
5.703479E13	11411.0	74.0
5.7034804E13	11411.0	72.0
5.7034813E13	11411.0	70.0
5.7034834E13	0.0	72.0
5.703484E13	0.0	75.0
5.7034855E13	5089.0	78.0
5.7034863E13	5089.0	81.0
5.703487E13	5089.0	81.0
5.7034884E13	5089.0	81.0
5.7034892E13	4003.0	80.0
5.70349E13	4003.0	78.0
5.7034913E13	4003.0	78.0
5.703492E13	4003.0	77.0
5.7034934E13	3484.0	76.0
5.7034943E13	3484.0	75.0
5.703495E13	3484.0	73.0
5.7034964E13	3484.0	72.0
5.703497E13	3252.0	73.0
5.7034985E13	3252.0	73.0
5.7034993E13	3252.0	73.0
5.7035E13	3144.0	72.0
5.7035014E13	3144.0	72.0
5.7035022E13	3144.0	73.0
5.7035043E13	3091.0	73.0
5.703505E13	3091.0	74.0
5.7035064E13	3091.0	73.0
5.7035073E13	3091.0	72.0
5.703508E13	3062.0	72.0
5.7035094E13	3062.0	71.0
5.70351E13	3062.0	71.0
5.7035115E13	3039.0	70.0
5.7035123E13	3039.0	68.0
5.703513E13	3039.0	68.0
5.7035144E13	3039.0	66.0
5.7035152E13	3022.0	64.0
5.7035165E13	3022.0	62.0
5.7035173E13	3022.0	60.0
5.703518E13	3016.0	61.0
5.7035194E13	3016.0	64.0
5.7035203E13	3016.0	66.0
5.703521E13	3016.0	66.0
5.7035224E13	3016.0	66.0
5.7035232E13	3015.0	66.0
5.7035245E13	3015.0	72.0
5.7035253E13	3011.0	73.0
5.703526E13	3011.0	75.0
5.7035274E13	3011.0	77.0
5.7035282E13	3011.0	80.0
5.70353E13	3005.0	82.0
5.7035303E13	3005.0	81.0
5.7035316E13	3005.0	79.0
5.7035324E13	3005.0	78.0
5.7035333E13	3005.0	78.0
5.703534E13	3009.0	77.0
5.7035354E13	3009.0	77.0
5.7035362E13	3009.0	77.0
5.7035375E13	3009.0	77.0
5.7035383E13	3047.0	77.0
5.703539E13	3047.0	77.0
5.7035404E13	3116.0	73.0
5.7035412E13	3116.0	73.0
5.7035425E13	3116.0	72.0
5.7035433E13	3116.0	70.0
5.703544E13	3116.0	71.0
5.7035454E13	3232.0	73.0
5.7035463E13	3232.0	73.0
5.7035475E13	3232.0	71.0
5.7035484E13	3523.0	69.0
5.7035492E13	3523.0	70.0
5.7035505E13	3523.0	72.0
5.7035513E13	3523.0	75.0
5.703552E13	4326.0	78.0
5.7035534E13	4326.0	78.0
5.7035542E13	4326.0	81.0
5.7035555E13	9476.0	83.0
5.7035563E13	9476.0	83.0
5.7035576E13	9476.0	79.0
5.7035584E13	9476.0	77.0
5.7035593E13	16999.0	75.0
5.7035605E13	16999.0	74.0
5.7035614E13	16999.0	73.0
5.7035622E13	16999.0	72.0
5.7035635E13	0.0	69.0
5.7035643E13	0.0	69.0
5.703565E13	0.0	68.0
5.7035664E13	0.0	67.0
5.7035673E13	21402.0	65.0
5.7035685E13	21402.0	68.0
5.7035693E13	21402.0	75.0
5.70357E13	21402.0	77.0
5.7035714E13	23581.0	74.0
5.7035723E13	23581.0	71.0
5.7035735E13	23581.0	68.0
5.7035744E13	0.0	66.0
5.7035752E13	0.0	67.0
5.7035765E13	0.0	73.0
5.7035773E13	26389.0	78.0
5.703578E13	26389.0	79.0
5.7035794E13	26389.0	75.0
5.7035803E13	26389.0	72.0
5.7035815E13	24726.0	72.0
5.7035824E13	24726.0	72.0
5.7035836E13	24726.0	72.0
5.7035844E13	0.0	69.0
5.7035853E13	0.0	66.0
5.7035865E13	0.0	64.0
5.7035874E13	22207.0	62.0
5.7035882E13	22207.0	61.0
5.7035895E13	22207.0	63.0
5.7035903E13	22207.0	66.0
5.703591E13	19378.0	69.0
5.7035933E13	19378.0	71.0
5.7035945E13	0.0	70.0
5.703596E13	0.0	70.0
5.7035975E13	12072.0	73.0
5.7035983E13	12072.0	75.0
5.7035995E13	12072.0	77.0
5.7036004E13	12072.0	78.0
5.7036012E13	5441.0	78.0
5.7036025E13	5441.0	78.0
5.7036033E13	5441.0	77.0
5.703604E13	5441.0	77.0
5.7036054E13	3925.0	76.0
5.7036063E13	3925.0	75.0
5.7036075E13	3925.0	74.0
5.7036084E13	3925.0	73.0
5.703609E13	3433.0	72.0
5.7036105E13	3433.0	73.0
5.7036113E13	3433.0	73.0
5.7036126E13	3197.0	73.0
5.7036134E13	3197.0	73.0
5.7036142E13	3197.0	73.0
5.7036155E13	3197.0	73.0
5.7036163E13	3097.0	73.0
5.7036176E13	3097.0	73.0
5.7036184E13	3097.0	74.0
5.7036193E13	3097.0	76.0
5.7036205E13	3054.0	75.0
5.7036214E13	3054.0	73.0
5.703622E13	3054.0	72.0
5.7036235E13	3028.0	72.0
5.7036243E13	3028.0	71.0
5.7036256E13	3028.0	70.0
5.7036264E13	3028.0	68.0
5.7036272E13	3011.0	66.0
5.7036285E13	3011.0	63.0
5.7036293E13	3011.0	60.0
5.7036306E13	3011.0	59.0
5.7036314E13	3004.0	59.0
5.7036323E13	3004.0	61.0
5.7036335E13	3004.0	65.0
5.7036344E13	3004.0	68.0
5.7036356E13	3004.0	68.0
5.7036365E13	3004.0	70.0
5.7036373E13	3004.0	73.0
5.7036386E13	2992.0	75.0
5.7036394E13	2992.0	75.0
5.7036402E13	2992.0	74.0
5.7036415E13	2992.0	73.0
5.7036423E13	2983.0	74.0
5.7036436E13	2983.0	73.0
5.7036444E13	2983.0	72.0
5.7036453E13	2983.0	72.0
5.7036465E13	2982.0	73.0
5.7036474E13	2982.0	74.0
5.7036486E13	2982.0	75.0
5.7036495E13	2983.0	78.0
5.7036503E13	2983.0	78.0
5.7036516E13	2983.0	78.0
5.7036524E13	2983.0	77.0
5.7036532E13	3011.0	72.0
5.7036545E13	3011.0	70.0
5.7036553E13	3011.0	70.0
5.7036566E13	3011.0	69.0
5.7036574E13	3076.0	69.0
5.7036583E13	3076.0	69.0
5.7036595E13	3076.0	70.0
5.7036604E13	3076.0	71.0
5.7036616E13	3200.0	72.0
5.7036625E13	3200.0	72.0
5.7036633E13	3200.0	71.0
5.7036646E13	3200.0	71.0
5.7036654E13	3504.0	73.0
5.7036662E13	3504.0	74.0
5.7036675E13	5164.0	78.0
5.7036683E13	5164.0	78.0
5.7036696E13	5164.0	81.0
5.7036704E13	5164.0	83.0
5.7036713E13	5164.0	80.0
5.7036725E13	9986.0	76.0
5.7036734E13	9986.0	76.0
5.7036755E13	9986.0	77.0
5.7036763E13	17788.0	75.0
5.7036776E13	17788.0	73.0
5.7036784E13	17788.0	71.0
5.7036797E13	0.0	69.0
5.7036805E13	0.0	68.0
5.7036813E13	0.0	65.0
5.7036826E13	19727.0	67.0
5.7036834E13	19727.0	72.0
5.7036843E13	19727.0	74.0
5.7036855E13	19727.0	74.0
5.7036864E13	21261.0	73.0
5.7036876E13	21261.0	71.0
5.7036885E13	21261.0	67.0
5.7036893E13	0.0	67.0
5.7036906E13	0.0	74.0
5.7036914E13	0.0	78.0
5.7036927E13	22044.0	78.0
5.7036935E13	22044.0	76.0
5.7036943E13	22044.0	74.0
5.7036956E13	22044.0	73.0
5.7036964E13	21346.0	72.0
5.7036973E13	21346.0	71.0
5.7036985E13	21346.0	70.0
5.7036994E13	0.0	69.0
5.7037006E13	0.0	67.0
5.7037015E13	0.0	64.0
5.7037023E13	17847.0	63.0
5.7037036E13	17847.0	63.0
5.7037044E13	17847.0	66.0
5.7037057E13	17847.0	68.0
5.7037065E13	12873.0	69.0
5.7037073E13	12873.0	68.0
5.7037086E13	12873.0	69.0
5.7037094E13	0.0	71.0
5.7037103E13	0.0	73.0
5.7037115E13	0.0	76.0
5.7037124E13	4548.0	78.0
5.7037136E13	4548.0	79.0
5.7037145E13	4548.0	80.0
5.7037153E13	4548.0	79.0
5.7037166E13	3755.0	78.0
5.7037174E13	3755.0	79.0
5.7037187E13	3755.0	79.0
5.7037195E13	3755.0	77.0
5.7037203E13	3305.0	77.0
5.7037216E13	3305.0	75.0
5.7037224E13	3305.0	73.0
5.7037237E13	3305.0	71.0
5.7037245E13	3103.0	72.0
5.7037254E13	3103.0	72.0
5.7037266E13	3103.0	72.0
5.7037275E13	3011.0	73.0
5.7037283E13	3011.0	75.0
5.7037296E13	3011.0	75.0
5.7037304E13	3011.0	74.0
5.7037317E13	2974.0	73.0
5.7037325E13	2974.0	73.0
5.7037333E13	2974.0	71.0
5.7037346E13	2974.0	70.0
5.7037354E13	2956.0	70.0
5.7037367E13	2956.0	70.0
5.7037375E13	2956.0	69.0
5.7037384E13	2949.0	69.0
5.7037396E13	2949.0	68.0
5.7037405E13	2949.0	67.0
5.7037417E13	2949.0	65.0
5.7037426E13	2943.0	62.0
5.7037434E13	2943.0	61.0
5.7037447E13	2943.0	61.0
5.7037455E13	2943.0	62.0
5.7037463E13	2937.0	66.0
5.7037476E13	2937.0	67.0
5.7037484E13	2937.0	66.0
5.7037497E13	2937.0	66.0
5.7037505E13	2934.0	69.0
5.7037514E13	2934.0	69.0
5.7037526E13	2932.0	69.0
5.7037535E13	2932.0	69.0
5.7037547E13	2932.0	68.0
5.7037556E13	2932.0	69.0
5.7037564E13	2932.0	72.0
5.7037577E13	2925.0	77.0
5.7037585E13	2925.0	70.0
5.7037594E13	2925.0	77.0
5.7037606E13	2925.0	77.0
5.7037614E13	2924.0	76.0
5.7037627E13	2924.0	75.0
5.7037635E13	2924.0	75.0
5.7037644E13	2924.0	75.0
5.7037656E13	2943.0	76.0
5.7037665E13	2943.0	77.0
5.7037677E13	2943.0	77.0
5.7037686E13	3003.0	76.0
5.7037694E13	3003.0	75.0
5.7037707E13	3003.0	73.0
5.7037715E13	3003.0	72.0
5.7037724E13	3104.0	70.0
5.7037736E13	3104.0	69.0
5.7037745E13	3104.0	68.0
5.7037757E13	3104.0	69.0
5.7037765E13	3304.0	70.0
5.7037774E13	3304.0	73.0
5.7037786E13	3304.0	76.0
5.7037795E13	3304.0	80.0
5.7037807E13	3825.0	83.0
5.7037816E13	3825.0	85.0
5.7037824E13	3825.0	85.0
5.7037837E13	6134.0	82.0
5.7037845E13	6134.0	79.0
5.7037858E13	6134.0	77.0
5.7037866E13	6134.0	77.0
5.7037875E13	13230.0	76.0
5.7037887E13	13230.0	75.0
5.7037895E13	13230.0	74.0
5.7037904E13	13230.0	74.0
5.7037916E13	18869.0	74.0
5.7037925E13	18869.0	72.0
5.7037937E13	18869.0	71.0
5.7037946E13	0.0	72.0
5.7037954E13	0.0	74.0
5.7037967E13	0.0	76.0
5.7037975E13	21993.0	76.0
5.7037988E13	21993.0	71.0
5.7037996E13	21993.0	68.0
5.7038005E13	21993.0	67.0
5.7038017E13	23786.0	68.0
5.7038026E13	23786.0	73.0
5.703804E13	23786.0	78.0
5.7038046E13	0.0	80.0
5.7038055E13	0.0	78.0
5.7038067E13	0.0	76.0
5.7038076E13	21880.0	74.0
5.7038084E13	21880.0	73.0
5.7038097E13	21880.0	73.0
5.7038105E13	21880.0	71.0
5.7038118E13	21112.0	69.0
5.7038126E13	21112.0	65.0
5.703814E13	21112.0	63.0
5.7038147E13	0.0	62.0
5.7038156E13	0.0	63.0
5.7038164E13	0.0	66.0
5.7038177E13	16784.0	70.0
5.7038185E13	16784.0	74.0
5.7038197E13	16784.0	75.0
5.7038206E13	16784.0	74.0
5.7038214E13	9811.0	72.0
5.7038227E13	9811.0	72.0
5.7038235E13	9811.0	74.0
5.7038248E13	0.0	75.0
5.7038256E13	0.0	77.0
5.7038265E13	0.0	90.0
5.7038277E13	4108.0	78.0
5.7038286E13	4108.0	78.0
5.70383E13	4108.0	77.0
5.7038307E13	4108.0	77.0
5.7038315E13	3549.0	76.0
5.7038328E13	3549.0	75.0
5.7038336E13	3549.0	74.0
5.7038344E13	3549.0	74.0
5.7038357E13	3259.0	74.0
5.7038365E13	3259.0	74.0
5.7038378E13	3259.0	74.0
5.7038386E13	3259.0	73.0
5.7038395E13	3106.0	73.0
5.7038407E13	3106.0	73.0
5.7038416E13	3106.0	74.0
5.703843E13	3032.0	72.0
5.7038437E13	3032.0	72.0
5.7038445E13	3032.0	73.0
5.7038458E13	3032.0	72.0
5.7038466E13	2996.0	72.0
5.7038474E13	2996.0	72.0
5.7038487E13	2996.0	71.0
5.7038495E13	2996.0	71.0
5.7038508E13	2971.0	70.0
5.7038516E13	2971.0	69.0
5.7038525E13	2971.0	69.0
5.7038537E13	2952.0	67.0
5.7038546E13	2952.0	64.0
5.703856E13	2952.0	62.0
5.7038567E13	2952.0	60.0
5.7038575E13	2949.0	59.0
5.7038588E13	2949.0	60.0
5.7038596E13	2949.0	65.0
5.7038604E13	2949.0	66.0
5.7038617E13	2949.0	67.0
5.7038625E13	2949.0	67.0
5.7038638E13	2949.0	69.0
5.7038646E13	2949.0	71.0
5.7038655E13	2945.0	74.0
5.7038667E13	2945.0	77.0
5.7038676E13	2945.0	80.0
5.703869E13	2937.0	81.0
5.7038697E13	2937.0	79.0
5.7038705E13	2937.0	78.0
5.7038718E13	2937.0	76.0
5.7038726E13	2939.0	76.0
5.703874E13	2939.0	76.0
5.7038747E13	2939.0	77.0
5.7038755E13	2939.0	78.0
5.703877E13	2960.0	78.0
5.7038776E13	2960.0	78.0
5.7038785E13	2960.0	78.0
5.7038797E13	2960.0	76.0
5.7038806E13	3015.0	75.0
5.703882E13	3015.0	73.0
5.7038827E13	3015.0	73.0
5.7038835E13	3142.0	72.0
5.7038848E13	3142.0	71.0
5.7038856E13	3142.0	69.0
5.703887E13	3142.0	68.0
5.7038877E13	3508.0	69.0
5.7038885E13	3508.0	70.0
5.70389E13	3508.0	72.0
5.7038906E13	3508.0	74.0
5.7038915E13	4437.0	76.0
5.7038927E13	4437.0	78.0
5.7038936E13	4437.0	79.0
5.703895E13	4437.0	81.0
5.7038957E13	11047.0	82.0
5.7038965E13	11047.0	81.0
5.7038978E13	16644.0	81.0
5.7038986E13	16644.0	81.0
5.7039E13	16644.0	81.0
5.7039007E13	16644.0	80.0
5.703902E13	16644.0	76.0
5.703903E13	0.0	74.0
5.7039036E13	0.0	71.0
5.7039045E13	0.0	70.0
5.7039057E13	20870.0	69.0
5.7039066E13	20870.0	70.0
5.703908E13	20870.0	70.0
5.7039087E13	20870.0	70.0
5.7039095E13	23926.0	71.0
5.7039108E13	23926.0	71.0
5.7039116E13	23926.0	70.0
5.703913E13	0.0	67.0
5.7039137E13	0.0	65.0
5.7039145E13	0.0	65.0
5.703916E13	28148.0	67.0
5.7039166E13	28148.0	70.0
5.703918E13	28148.0	77.0
5.7039187E13	28148.0	77.0
5.7039196E13	27135.0	74.0
5.703921E13	27135.0	72.0
5.7039217E13	27135.0	73.0
5.7039225E13	0.0	73.0
5.7039238E13	0.0	72.0
5.7039246E13	0.0	71.0
5.703926E13	21863.0	69.0
5.7039267E13	21863.0	67.0
5.7039275E13	21863.0	66.0
5.703929E13	21863.0	67.0
5.7039296E13	20103.0	67.0
5.703931E13	20103.0	68.0
5.7039317E13	20103.0	70.0
5.7039326E13	0.0	72.0
5.703934E13	0.0	73.0
5.7039347E13	0.0	73.0
5.7039355E13	13149.0	74.0
5.7039368E13	13149.0	75.0
5.7039376E13	13149.0	76.0
5.703939E13	13149.0	77.0
5.7039397E13	8841.0	78.0
5.7039405E13	8841.0	78.0
5.703942E13	8841.0	78.0
5.7039426E13	0.0	76.0
5.703944E13	0.0	76.0
5.7039447E13	0.0	75.0
5.7039456E13	3909.0	76.0
5.703947E13	3909.0	75.0
5.7039477E13	3909.0	74.0
5.7039485E13	3909.0	75.0
5.7039498E13	3392.0	74.0
5.7039506E13	3392.0	73.0
5.703952E13	3392.0	71.0
5.7039527E13	3123.0	71.0
5.7039535E13	3123.0	73.0
5.703955E13	3123.0	73.0
5.7039556E13	3123.0	74.0
5.703957E13	3123.0	74.0
5.7039577E13	2999.0	73.0
5.7039586E13	2999.0	73.0
5.70396E13	2999.0	73.0
5.7039607E13	2942.0	74.0
5.703962E13	2942.0	71.0
5.7039628E13	2942.0	70.0
5.7039636E13	2914.0	70.0
5.703965E13	2914.0	71.0
5.7039657E13	2914.0	71.0
5.7039665E13	2914.0	69.0
5.703968E13	2914.0	69.0
5.7039686E13	2902.0	66.0
5.70397E13	2902.0	63.0
5.7039707E13	2902.0	60.0
5.7039716E13	2897.0	59.0
5.703973E13	2897.0	59.0
5.7039737E13	2897.0	61.0
5.703975E13	2897.0	65.0
5.7039758E13	2890.0	70.0
5.7039766E13	2890.0	75.0
5.703978E13	2890.0	77.0
5.7039787E13	2890.0	77.0
5.7039796E13	2871.0	77.0
5.703981E13	2871.0	79.0
5.7039816E13	2871.0	79.0
5.703983E13	2856.0	80.0
5.7039837E13	2856.0	82.0
5.7039846E13	2856.0	85.0
5.703986E13	2862.0	85.0
5.7039867E13	2862.0	83.0
5.703988E13	2862.0	78.0
5.7039888E13	2862.0	74.0
5.7039896E13	2895.0	70.0
5.703991E13	2895.0	68.0
5.7039917E13	2895.0	67.0
5.703993E13	2895.0	66.0
5.703994E13	2962.0	65.0
5.7039947E13	2962.0	64.0
5.703996E13	2962.0	63.0
5.7039967E13	2962.0	62.0
5.7039976E13	3064.0	63.0
5.703999E13	3064.0	64.0
5.7039997E13	3064.0	68.0
5.704001E13	3266.0	72.0
5.7040018E13	3266.0	77.0
5.7040026E13	3266.0	81.0
5.704004E13	3266.0	85.0
5.7040047E13	3693.0	86.0
5.704006E13	3693.0	86.0
5.704007E13	3693.0	84.0
5.7040077E13	3693.0	83.0
5.704009E13	4765.0	82.0
5.7040098E13	4765.0	81.0
5.7040106E13	4765.0	80.0
5.704012E13	4765.0	79.0
5.7040127E13	10503.0	79.0
5.704014E13	10503.0	79.0
5.7040148E13	10503.0	77.0
5.7040156E13	18481.0	75.0
5.704017E13	18481.0	74.0
5.7040177E13	18481.0	73.0
5.704019E13	18481.0	72.0
5.70402E13	0.0	71.0
5.7040207E13	0.0	72.0
5.704022E13	0.0	74.0
5.7040228E13	24796.0	75.0
5.7040236E13	24796.0	76.0
5.704025E13	24796.0	76.0
5.7040257E13	24796.0	73.0
5.704027E13	24796.0	70.0
5.7040278E13	27899.0	67.0
5.7040286E13	27899.0	65.0
5.70403E13	27899.0	64.0
5.7040307E13	0.0	67.0
5.704032E13	0.0	71.0
5.704033E13	0.0	75.0
5.7040337E13	27201.0	77.0
5.704035E13	27201.0	77.0
5.7040358E13	27201.0	76.0
5.7040366E13	27201.0	74.0
5.704038E13	23522.0	72.0
5.7040387E13	23522.0	70.0
5.70404E13	23522.0	69.0
5.7040408E13	0.0	65.0
5.7040416E13	0.0	60.0
5.704043E13	0.0	58.0
5.7040437E13	21197.0	60.0
5.704045E13	21197.0	62.0
5.704046E13	21197.0	63.0
5.7040467E13	21197.0	65.0
5.704048E13	17421.0	68.0
5.7040488E13	17421.0	70.0
5.70405E13	17421.0	70.0
5.704051E13	0.0	71.0
5.7040517E13	0.0	71.0
5.704053E13	0.0	72.0
5.704054E13	8720.0	73.0
5.7040546E13	8720.0	74.0
5.704056E13	8720.0	75.0
5.7040567E13	8720.0	76.0
5.704058E13	4904.0	76.0
5.704059E13	4904.0	76.0
5.7040597E13	4904.0	75.0
5.704061E13	4904.0	74.0
5.7040618E13	3721.0	74.0
5.704063E13	3721.0	74.0
5.704064E13	3721.0	74.0
5.7040647E13	3721.0	74.0
5.704066E13	3283.0	73.0
5.704067E13	3283.0	72.0
5.7040676E13	3283.0	70.0
5.704069E13	3076.0	71.0
5.7040697E13	3076.0	74.0
5.704071E13	3076.0	71.0
5.704072E13	3076.0	69.0
5.7040727E13	2969.0	69.0
5.704074E13	2969.0	70.0
5.7040748E13	2969.0	71.0
5.704076E13	2969.0	72.0
5.704077E13	2924.0	72.0
5.7040777E13	2924.0	73.0
5.704079E13	2924.0	73.0
5.70408E13	2891.0	71.0
5.7040806E13	2891.0	71.0
5.704082E13	2891.0	71.0
5.7040827E13	2891.0	70.0
5.704084E13	2873.0	68.0
5.704085E13	2873.0	68.0
5.7040857E13	2873.0	67.0
5.704087E13	2873.0	67.0
5.7040878E13	2868.0	69.0
5.704089E13	2868.0	71.0
5.70409E13	2868.0	72.0
5.7040907E13	2868.0	73.0
5.704092E13	2862.0	76.0
5.704093E13	2862.0	76.0
5.704094E13	2862.0	77.0
5.704095E13	2853.0	79.0
5.7040957E13	2853.0	81.0
5.704097E13	2853.0	84.0
5.704098E13	2853.0	86.0
5.7040987E13	2849.0	85.0
5.7041E13	2849.0	83.0
5.7041008E13	2849.0	82.0
5.704102E13	2849.0	81.0
5.704103E13	2866.0	80.0
5.7041037E13	2866.0	78.0
5.704105E13	2866.0	76.0
5.704106E13	2866.0	73.0
5.704107E13	2917.0	70.0
5.704108E13	2917.0	67.0
5.7041087E13	2917.0	66.0
5.70411E13	3009.0	66.0
5.704111E13	3009.0	66.0
5.7041117E13	3009.0	66.0
5.704113E13	3009.0	67.0
5.7041138E13	3172.0	68.0
5.704115E13	3172.0	69.0
5.704116E13	3172.0	72.0
5.7041167E13	3172.0	75.0
5.704118E13	3482.0	79.0
5.704119E13	3482.0	83.0
5.70412E13	3482.0	86.0
5.704121E13	3482.0	86.0
5.7041217E13	4091.0	85.0
5.704123E13	4091.0	83.0
5.704124E13	4091.0	82.0
5.704125E13	7366.0	83.0
5.704126E13	7366.0	82.0
5.7041268E13	7366.0	81.0
5.704128E13	7366.0	80.0
5.704129E13	15608.0	79.0
5.7041297E13	15608.0	77.0
5.704131E13	15608.0	75.0
5.704132E13	15608.0	74.0
5.704133E13	0.0	72.0
5.704134E13	0.0	70.0
5.7041347E13	20912.0	77.0
5.704136E13	20912.0	77.0
5.704137E13	20912.0	75.0
5.704138E13	20912.0	72.0
5.704139E13	22048.0	71.0
5.7041398E13	22048.0	70.0
5.704141E13	22048.0	71.0
5.704142E13	0.0	71.0
5.7041427E13	0.0	73.0
5.704144E13	0.0	73.0
5.704145E13	0.0	75.0
5.704146E13	21856.0	76.0
5.704147E13	21856.0	75.0
5.7041477E13	21856.0	71.0
5.704149E13	21844.0	68.0
5.70415E13	21844.0	68.0
5.704151E13	21844.0	63.0
5.704152E13	0.0	58.0
5.7041528E13	0.0	58.0
5.704154E13	0.0	54.0
5.704157E13	17716.0	64.0
5.704158E13	17716.0	68.0
5.704159E13	15918.0	70.0
5.70416E13	15918.0	71.0
5.7041607E13	15918.0	71.0
5.704162E13	15918.0	71.0
5.704164E13	0.0	73.0
5.704165E13	0.0	74.0
5.704167E13	6486.0	77.0
5.704168E13	6486.0	76.0
5.704169E13	6486.0	76.0
5.70417E13	4595.0	76.0
5.704171E13	4595.0	76.0
5.704172E13	4595.0	79.0
5.704173E13	4595.0	78.0
5.7041737E13	3442.0	74.0
5.704175E13	3442.0	74.0
5.704176E13	3442.0	75.0
5.704177E13	3442.0	73.0
5.704178E13	3119.0	73.0
5.7041788E13	3119.0	73.0
5.70418E13	3119.0	72.0
5.704181E13	2964.0	72.0
5.704182E13	2964.0	72.0
5.704183E13	2964.0	73.0
5.704184E13	2964.0	74.0
5.704185E13	2898.0	74.0
5.704186E13	2898.0	73.0
5.7041868E13	2898.0	72.0
5.704188E13	2898.0	72.0
5.704189E13	2862.0	72.0
5.70419E13	2862.0	71.0
5.704191E13	2862.0	69.0
5.7041918E13	2844.0	66.0
5.704193E13	2844.0	63.0
5.704194E13	2844.0	61.0
5.704195E13	2844.0	61.0
5.704196E13	2830.0	61.0
5.704197E13	2830.0	60.0
5.704198E13	2830.0	60.0
5.704199E13	2830.0	63.0
5.7042E13	2819.0	67.0
5.704201E13	2819.0	69.0
5.704202E13	2819.0	71.0
5.704203E13	2819.0	73.0
5.704204E13	2806.0	75.0
5.7042048E13	2806.0	76.0
5.704207E13	2793.0	79.0
5.704208E13	2793.0	80.0
5.704209E13	2793.0	80.0
5.70421E13	2793.0	80.0
5.704211E13	2787.0	80.0
5.704212E13	2787.0	79.0
5.704213E13	2787.0	78.0
5.704214E13	2787.0	77.0
5.704215E13	2797.0	77.0
5.704216E13	2797.0	77.0
5.704217E13	2797.0	77.0
5.7042178E13	2797.0	78.0
5.704219E13	2833.0	78.0
5.70422E13	2833.0	78.0
5.704221E13	2833.0	78.0
5.704222E13	2904.0	76.0
5.704223E13	2904.0	74.0
5.704224E13	2904.0	72.0
5.704225E13	2904.0	70.0
5.704226E13	3036.0	68.0
5.704227E13	3036.0	67.0
5.704228E13	3036.0	67.0
5.704229E13	3036.0	67.0
5.70423E13	3335.0	69.0
5.704231E13	3335.0	70.0
5.704232E13	3335.0	73.0
5.704233E13	3335.0	75.0
5.704234E13	4344.0	81.0
5.704235E13	4344.0	86.0
5.704236E13	4344.0	86.0
5.704237E13	7646.0	83.0
5.704238E13	7646.0	79.0
5.704239E13	7646.0	77.0
5.70424E13	7646.0	76.0
5.704241E13	15250.0	73.0
5.704242E13	15250.0	70.0
5.704243E13	15250.0	68.0
5.7042442E13	15250.0	65.0
5.704245E13	0.0	64.0
5.704246E13	0.0	67.0
5.704247E13	0.0	73.0
5.704248E13	18962.0	75.0
5.704249E13	18962.0	75.0
5.70425E13	18962.0	74.0
5.704251E13	18962.0	71.0
5.704252E13	21503.0	67.0
5.704253E13	21503.0	69.0
5.7042543E13	0.0	74.0
5.704255E13	0.0	74.0
5.704256E13	0.0	80.0
5.7042572E13	0.0	80.0
5.704258E13	22146.0	78.0
5.704259E13	22146.0	78.0
5.70426E13	22146.0	75.0
5.704261E13	22146.0	74.0
5.704262E13	20930.0	73.0
5.704263E13	20930.0	71.0
5.704264E13	0.0	68.0
5.704265E13	0.0	65.0
5.704266E13	0.0	65.0
5.704267E13	0.0	63.0
5.704268E13	17081.0	59.0
5.704269E13	17081.0	57.0
5.7042702E13	17081.0	57.0
5.704271E13	17081.0	62.0
5.704272E13	13892.0	67.0
5.704273E13	13892.0	71.0
5.704274E13	13892.0	73.0
5.704275E13	0.0	74.0
5.704276E13	0.0	76.0
5.704277E13	0.0	78.0
5.704278E13	4420.0	80.0
5.704279E13	4420.0	80.0
5.70428E13	4420.0	80.0
5.704281E13	4420.0	78.0
5.704282E13	3681.0	77.0
5.7042832E13	3681.0	77.0
5.704284E13	3681.0	77.0
5.704285E13	3681.0	78.0
5.704286E13	3187.0	79.0
5.704287E13	3187.0	80.0
5.7042883E13	3187.0	79.0
5.704289E13	3187.0	76.0
5.70429E13	2970.0	74.0
5.704291E13	2970.0	73.0
5.704292E13	2970.0	73.0
5.704293E13	2875.0	72.0
5.704294E13	2875.0	71.0
5.704295E13	2875.0	72.0
5.7042962E13	2875.0	73.0
5.704297E13	2840.0	76.0
5.704298E13	2840.0	75.0
5.704299E13	2840.0	74.0
5.7043E13	2840.0	75.0
5.7043013E13	2819.0	74.0
5.704302E13	2819.0	68.0
5.704303E13	2819.0	63.0
5.704304E13	2806.0	60.0
5.704305E13	2806.0	59.0
5.704306E13	2806.0	59.0
5.704307E13	2797.0	60.0
5.704308E13	2797.0	60.0
5.7043092E13	2797.0	60.0
5.70431E13	2797.0	60.0
5.704311E13	2798.0	67.0
5.704312E13	2798.0	67.0
5.704313E13	2798.0	70.0
5.7043143E13	2798.0	70.0
5.704315E13	2798.0	70.0
5.704316E13	2799.0	72.0
5.704317E13	2799.0	72.0
5.704318E13	2799.0	72.0
5.7043193E13	2801.0	73.0
5.70432E13	2801.0	75.0
5.704321E13	2801.0	78.0
5.7043222E13	2801.0	79.0
5.704323E13	2808.0	77.0
5.704324E13	2808.0	75.0
5.704325E13	2808.0	72.0
5.704326E13	2808.0	71.0
5.7043273E13	2835.0	71.0
5.704328E13	2835.0	72.0
5.704329E13	2835.0	73.0
5.70433E13	2835.0	73.0
5.704331E13	2889.0	74.0
5.7043323E13	2889.0	75.0
5.704333E13	2889.0	77.0
5.704334E13	2979.0	78.0
5.7043352E13	2979.0	78.0
5.704336E13	2979.0	78.0
5.704337E13	2979.0	77.0
5.704338E13	3136.0	76.0
5.704339E13	3136.0	75.0
5.7043403E13	3136.0	74.0
5.704341E13	3136.0	74.0
5.704342E13	3518.0	74.0
5.704343E13	3518.0	75.0
5.704344E13	3518.0	77.0
5.7043453E13	3518.0	79.0
5.704346E13	5917.0	81.0
5.704347E13	5917.0	81.0
5.7043482E13	5917.0	81.0
5.704349E13	14461.0	82.0
5.70435E13	14461.0	82.0
5.704351E13	14461.0	80.0
5.704352E13	14461.0	76.0
5.7043533E13	19471.0	70.0
5.704354E13	19471.0	70.0
5.704355E13	19471.0	73.0
5.704356E13	0.0	75.0
5.704357E13	0.0	75.0
5.7043583E13	0.0	78.0
5.704359E13	0.0	78.0
5.70436E13	24271.0	75.0
5.7043612E13	24271.0	75.0
5.704362E13	24271.0	65.0
5.7043633E13	27660.0	65.0
5.704364E13	27660.0	65.0
5.704365E13	27660.0	67.0
5.7043663E13	0.0	70.0
5.704367E13	0.0	73.0
5.704368E13	0.0	73.0
5.704369E13	0.0	74.0
5.70437E13	25908.0	74.0
5.7043713E13	25908.0	73.0
5.704372E13	25908.0	71.0
5.704373E13	25908.0	69.0
5.7043742E13	22056.0	68.0
5.704375E13	22056.0	66.0
5.7043763E13	22056.0	63.0
5.704377E13	0.0	59.0
5.704378E13	0.0	57.0
5.7043793E13	0.0	57.0
5.70438E13	19733.0	60.0
5.704381E13	19733.0	63.0
5.704382E13	19733.0	66.0
5.704383E13	19733.0	69.0
5.7043843E13	16746.0	70.0
5.704385E13	16746.0	73.0
5.7043864E13	16746.0	75.0
5.7043872E13	0.0	77.0
5.704388E13	0.0	78.0
5.7043893E13	0.0	77.0
5.70439E13	6741.0	76.0
5.704391E13	6741.0	76.0
5.7043923E13	6741.0	76.0
5.704393E13	6741.0	76.0
5.704394E13	4010.0	76.0
5.704395E13	4010.0	76.0
5.704396E13	4010.0	77.0
5.7043973E13	4010.0	75.0
5.704398E13	3388.0	73.0
5.704399E13	3388.0	72.0
5.7044002E13	3388.0	73.0
5.704401E13	3388.0	73.0
5.7044023E13	3109.0	73.0
5.704403E13	3109.0	72.0
5.704404E13	3109.0	71.0
5.7044053E13	3001.0	72.0
5.704406E13	3001.0	73.0
5.7044074E13	3001.0	74.0
5.7044082E13	3001.0	73.0
5.704409E13	2954.0	73.0
5.7044103E13	2954.0	73.0
5.704411E13	2954.0	73.0
5.704412E13	2954.0	73.0
5.7044132E13	2919.0	70.0
5.704414E13	2919.0	68.0
5.7044153E13	2919.0	66.0
5.704416E13	2893.0	65.0
5.704417E13	2893.0	64.0
5.7044183E13	2893.0	63.0
5.704419E13	2893.0	63.0
5.7044204E13	2885.0	63.0
5.7044212E13	2885.0	65.0
5.704422E13	2885.0	68.0
5.7044233E13	2885.0	69.0
5.704424E13	2881.0	69.0
5.704425E13	2881.0	70.0
5.7044262E13	2881.0	73.0
5.704427E13	2881.0	75.0
5.7044283E13	2879.0	76.0
5.704429E13	2879.0	76.0
5.70443E13	2879.0	77.0
5.7044313E13	2878.0	78.0
5.704432E13	2878.0	78.0
5.7044334E13	2878.0	77.0
5.7044342E13	2878.0	75.0
5.704435E13	2892.0	72.0
5.7044363E13	2892.0	71.0
5.704437E13	2892.0	70.0
5.7044384E13	2892.0	72.0
5.7044392E13	2914.0	73.0
5.70444E13	2914.0	75.0
5.7044413E13	2914.0	76.0
5.704442E13	2914.0	76.0
5.704443E13	2953.0	77.0
5.7044443E13	2953.0	78.0
5.704445E13	2953.0	77.0
5.7044464E13	3027.0	76.0
5.7044472E13	3027.0	72.0
5.704448E13	3027.0	70.0
5.7044493E13	3027.0	70.0
5.70445E13	3157.0	70.0
5.7044514E13	3157.0	71.0
5.7044523E13	3157.0	72.0
5.704453E13	3157.0	75.0
5.7044543E13	3481.0	81.0
5.704455E13	3481.0	84.0
5.704456E13	3481.0	86.0
5.7044573E13	3481.0	86.0
5.704458E13	4254.0	82.0
5.7044594E13	4254.0	82.0
5.7044602E13	8624.0	80.0
5.704461E13	8624.0	80.0
5.7044623E13	8624.0	80.0
5.704463E13	8624.0	79.0
5.7044644E13	8624.0	78.0
5.7044653E13	13769.0	74.0
5.704466E13	13769.0	73.0
5.7044673E13	13769.0	73.0
5.704468E13	0.0	73.0
5.704469E13	0.0	73.0
5.7044703E13	0.0	74.0
5.704471E13	0.0	73.0
5.7044724E13	21670.0	70.0
5.7044732E13	21670.0	69.0
5.704474E13	21670.0	68.0
5.7044753E13	21670.0	65.0
5.704476E13	22120.0	63.0
5.7044774E13	22120.0	66.0
5.7044783E13	22120.0	73.0
5.704479E13	0.0	78.0
5.7044804E13	0.0	79.0
5.704481E13	0.0	79.0
5.704482E13	21693.0	77.0
5.7044833E13	21693.0	75.0
5.704484E13	21693.0	75.0
5.7044854E13	21693.0	74.0
5.7044862E13	20315.0	73.0
5.704487E13	20315.0	70.0
5.7044883E13	20315.0	68.0
5.704489E13	0.0	62.0
5.7044904E13	0.0	62.0
5.7044913E13	0.0	58.0
5.704492E13	16788.0	58.0
5.7044934E13	16788.0	60.0
5.704494E13	16788.0	65.0
5.7044955E13	14773.0	72.0
5.7044963E13	14773.0	72.0
5.704497E13	14773.0	73.0
5.7044984E13	0.0	76.0
5.7044992E13	0.0	78.0
5.7045E13	0.0	79.0
5.7045013E13	4851.0	78.0
5.704502E13	4851.0	44.0
5.7045034E13	4851.0	76.0
5.7045043E13	4851.0	75.0
5.704505E13	3909.0	76.0
5.7045064E13	3909.0	76.0
5.704507E13	3909.0	77.0
5.7045085E13	3909.0	77.0
5.7045093E13	3405.0	77.0
5.70451E13	3405.0	76.0
5.7045114E13	3405.0	74.0
5.7045122E13	3405.0	73.0
5.704513E13	3110.0	73.0
5.7045143E13	3110.0	72.0
5.704515E13	3110.0	72.0
5.7045164E13	3110.0	72.0
5.7045173E13	2976.0	73.0
5.704518E13	2976.0	72.0
5.7045194E13	2976.0	73.0
5.70452E13	2922.0	74.0
5.7045215E13	2922.0	74.0
5.7045223E13	2922.0	71.0
5.704523E13	2922.0	68.0
5.7045244E13	2885.0	65.0
5.7045252E13	2885.0	64.0
5.704526E13	2885.0	64.0
5.7045273E13	2885.0	64.0
5.704528E13	2860.0	64.0
5.7045294E13	2860.0	65.0
5.7045303E13	2860.0	65.0
5.704531E13	2860.0	63.0
5.7045324E13	2843.0	60.0
5.704533E13	2843.0	59.0
5.7045345E13	2843.0	61.0
5.7045353E13	2843.0	65.0
5.704536E13	2838.0	67.0
5.7045374E13	2838.0	69.0
5.7045382E13	2838.0	71.0
5.704539E13	2838.0	73.0
5.7045403E13	2826.0	74.0
5.704541E13	2826.0	73.0
5.7045424E13	2826.0	73.0
5.7045433E13	2819.0	74.0
5.704544E13	2819.0	77.0
5.7045454E13	2819.0	80.0
5.704546E13	2819.0	81.0
5.7045475E13	2812.0	81.0
5.7045483E13	2812.0	80.0
5.704549E13	2812.0	79.0
5.7045504E13	2812.0	79.0
5.7045512E13	2818.0	80.0
5.704552E13	2818.0	80.0
5.7045533E13	2818.0	79.0
5.704554E13	2818.0	78.0
5.7045554E13	2850.0	77.0
5.7045563E13	2850.0	77.0
5.704557E13	2850.0	76.0
5.7045613E13	2926.0	68.0
5.704562E13	3034.0	65.0
5.7045634E13	3034.0	64.0
5.7045642E13	3034.0	64.0
5.7045655E13	3034.0	65.0
5.7045663E13	3284.0	67.0
5.704567E13	3284.0	70.0
5.7045684E13	3284.0	75.0
5.7045693E13	3284.0	80.0
5.7045705E13	3761.0	83.0
5.7045714E13	3761.0	84.0
5.704572E13	3761.0	84.0
5.7045735E13	5788.0	84.0
5.7045743E13	5788.0	84.0
5.704575E13	5788.0	82.0
5.7045764E13	5788.0	82.0
5.7045772E13	11252.0	79.0
5.7045785E13	11252.0	75.0
5.7045793E13	11252.0	72.0
5.70458E13	11252.0	70.0
5.7045814E13	16487.0	70.0
5.7045823E13	16487.0	73.0
5.7045835E13	16487.0	75.0
5.7045844E13	0.0	75.0
5.704585E13	0.0	76.0
5.7045865E13	0.0	75.0
5.7045873E13	20102.0	72.0
5.704588E13	20102.0	68.0
5.7045894E13	20102.0	69.0
5.7045902E13	20102.0	73.0
5.7045915E13	20458.0	77.0
5.7045923E13	20458.0	79.0
5.7045936E13	20458.0	79.0
5.7045944E13	0.0	79.0
5.7045953E13	0.0	76.0
5.7045965E13	0.0	74.0
5.7045974E13	21805.0	72.0
5.7045982E13	21805.0	70.0
5.7045995E13	21805.0	68.0
5.7046003E13	21805.0	66.0
5.704601E13	20575.0	63.0
5.7046024E13	20575.0	60.0
5.7046032E13	20575.0	57.0
5.7046045E13	0.0	57.0
5.7046053E13	0.0	59.0
5.704606E13	0.0	62.0
5.7046074E13	13827.0	66.0
5.7046083E13	13827.0	68.0
5.7046095E13	13827.0	69.0
5.7046104E13	13827.0	71.0
5.7046112E13	12300.0	74.0
5.7046125E13	12300.0	76.0
5.7046133E13	12300.0	77.0
5.7046146E13	0.0	78.0
5.7046154E13	0.0	78.0
5.7046162E13	0.0	77.0
5.7046175E13	5061.0	77.0
5.7046183E13	5061.0	76.0
5.704619E13	5061.0	76.0
5.7046204E13	5061.0	76.0
5.7046213E13	3581.0	75.0
5.7046225E13	3581.0	75.0
5.7046234E13	3581.0	74.0
5.7046242E13	3581.0	74.0
5.7046255E13	3189.0	73.0
5.7046263E13	3189.0	73.0
5.7046276E13	3189.0	73.0
5.7046284E13	3189.0	72.0
5.7046292E13	2983.0	71.0
5.7046305E13	2983.0	72.0
5.7046313E13	2983.0	74.0
5.7046326E13	2887.0	76.0
5.7046334E13	2887.0	75.0
5.7046343E13	2887.0	73.0
5.7046355E13	2887.0	73.0
5.7046364E13	2840.0	73.0
5.7046372E13	2840.0	72.0
5.7046385E13	2840.0	70.0
5.7046393E13	2840.0	69.0
5.7046406E13	2812.0	69.0
5.7046414E13	2812.0	67.0
5.7046423E13	2812.0	64.0
5.7046435E13	2792.0	61.0
5.7046443E13	2792.0	59.0
5.7046456E13	2792.0	58.0
5.7046464E13	2792.0	59.0
5.7046473E13	2785.0	61.0
5.7046485E13	2785.0	65.0
5.7046494E13	2785.0	68.0
5.7046506E13	2777.0	70.0
5.7046515E13	2777.0	71.0
5.7046523E13	2777.0	72.0
5.7046536E13	2777.0	72.0
5.7046544E13	2756.0	71.0
5.7046553E13	2756.0	71.0
5.7046565E13	2756.0	73.0
5.7046574E13	2756.0	73.0
5.7046586E13	2743.0	76.0
5.7046594E13	2743.0	78.0
5.7046603E13	2743.0	78.0
5.7046615E13	2743.0	77.0
5.7046624E13	2743.0	77.0
5.7046632E13	2743.0	64.0
5.7046645E13	2743.0	78.0
5.7046653E13	2766.0	79.0
5.7046666E13	2766.0	80.0
5.7046674E13	2766.0	82.0
5.7046683E13	2766.0	83.0
5.7046695E13	2812.0	83.0
5.7046704E13	2812.0	83.0
5.704671E13	2812.0	83.0
5.7046725E13	2812.0	83.0
5.7046733E13	2882.0	85.0
5.7046745E13	2882.0	82.0
5.7046754E13	2882.0	77.0
5.7046762E13	2882.0	72.0
5.7046775E13	3023.0	70.0
5.7046783E13	3023.0	69.0
5.7046796E13	3023.0	69.0
5.7046804E13	3023.0	70.0
5.7046813E13	3385.0	73.0
5.7046825E13	3385.0	76.0
5.7046834E13	3385.0	79.0
5.7046846E13	3385.0	81.0
5.7046855E13	4410.0	82.0
5.7046863E13	4410.0	84.0
5.7046876E13	4410.0	85.0
5.7046884E13	11373.0	83.0
5.7046892E13	11373.0	83.0
5.7046905E13	11373.0	84.0
5.7046913E13	11373.0	82.0
5.7046926E13	16689.0	80.0
5.7046934E13	16689.0	74.0
5.7046943E13	16689.0	72.0
5.7046955E13	16689.0	75.0
5.7046964E13	0.0	77.0
5.7046976E13	0.0	79.0
5.7046985E13	0.0	77.0
5.7046993E13	21493.0	74.0
5.7047006E13	21493.0	73.0
5.7047014E13	21493.0	73.0
5.7047022E13	21493.0	74.0
5.7047035E13	23793.0	75.0
5.7047043E13	23793.0	78.0
5.7047056E13	23793.0	80.0
5.7047064E13	0.0	80.0
5.7047073E13	0.0	78.0
5.7047085E13	0.0	76.0
5.7047094E13	21078.0	74.0
5.7047106E13	21078.0	71.0
5.7047115E13	21078.0	67.0
5.7047123E13	21078.0	63.0
5.7047136E13	20205.0	60.0
5.7047144E13	20205.0	57.0
5.7047157E13	20205.0	55.0
5.7047165E13	0.0	56.0
5.7047173E13	0.0	58.0
5.7047186E13	0.0	62.0
5.7047194E13	14195.0	65.0
5.7047203E13	14195.0	69.0
5.7047215E13	14195.0	71.0
5.7047224E13	14195.0	72.0
5.7047236E13	11557.0	72.0
5.7047245E13	11557.0	72.0
5.7047257E13	11557.0	72.0
5.7047266E13	0.0	72.0
5.7047274E13	0.0	72.0
5.7047287E13	0.0	72.0
5.7047295E13	4319.0	72.0
5.7047303E13	4319.0	73.0
5.7047316E13	4319.0	75.0
5.7047324E13	4319.0	76.0
5.7047337E13	3483.0	77.0
5.7047345E13	3483.0	78.0
5.7047354E13	3483.0	77.0
5.7047366E13	3483.0	76.0
5.7047375E13	3051.0	76.0
5.7047383E13	3051.0	75.0
5.7047396E13	3051.0	74.0
5.7047404E13	3051.0	74.0
5.7047417E13	2859.0	74.0
5.7047425E13	2859.0	74.0
5.7047438E13	2772.0	73.0
5.704745E13	2772.0	72.0
5.7047454E13	2772.0	72.0
5.7047467E13	2772.0	72.0
5.704748E13	2724.0	75.0
5.7047488E13	2724.0	74.0
5.7047496E13	2724.0	73.0
5.7047505E13	2724.0	73.0
5.7047513E13	2724.0	71.0
5.7047526E13	2696.0	67.0
5.7047534E13	2696.0	64.0
5.7047547E13	2696.0	64.0
5.7047555E13	2678.0	62.0
5.7047563E13	2678.0	62.0
5.7047576E13	2678.0	60.0
5.7047584E13	2678.0	59.0
5.7047597E13	2667.0	59.0
5.7047605E13	2667.0	62.0
5.7047614E13	2667.0	64.0
5.7047626E13	2662.0	67.0
5.7047635E13	2662.0	70.0
5.7047647E13	2662.0	72.0
5.7047656E13	2662.0	74.0
5.7047664E13	2662.0	74.0
5.7047677E13	2649.0	75.0
5.7047685E13	2649.0	77.0
5.7047693E13	2649.0	80.0
5.7047706E13	2637.0	83.0
5.7047714E13	2637.0	86.0
5.7047727E13	2637.0	86.0
5.7047735E13	2637.0	83.0
5.7047744E13	2633.0	79.0
5.7047756E13	2633.0	77.0
5.7047765E13	2633.0	76.0
5.7047777E13	2633.0	76.0
5.7047786E13	2650.0	75.0
5.7047794E13	2650.0	73.0
5.7047807E13	2650.0	72.0
5.7047815E13	2650.0	71.0
5.7047823E13	2702.0	70.0
5.7047836E13	2702.0	70.0
5.7047844E13	2702.0	70.0
5.7047857E13	2805.0	70.0
5.7047865E13	2805.0	70.0
5.7047874E13	2805.0	69.0
5.7047886E13	2805.0	68.0
5.7047895E13	3021.0	68.0
5.7047907E13	3021.0	72.0
5.7047916E13	3021.0	74.0
5.7047924E13	3021.0	75.0
5.7047937E13	3596.0	76.0
5.7047945E13	3596.0	78.0
5.7047953E13	3596.0	80.0
5.7047966E13	3596.0	81.0
5.7047974E13	6377.0	82.0
5.7047987E13	6377.0	81.0
5.7047995E13	6377.0	80.0
5.7048004E13	13698.0	78.0
5.7048016E13	13698.0	76.0
5.7048025E13	13698.0	74.0
5.7048037E13	13698.0	72.0
5.7048046E13	17230.0	71.0
5.7048054E13	17230.0	69.0
5.7048067E13	17230.0	67.0
5.7048075E13	17230.0	68.0
5.7048083E13	0.0	71.0
5.7048096E13	0.0	75.0
5.7048104E13	0.0	76.0
5.7048117E13	20759.0	75.0
5.7048125E13	20759.0	71.0
5.7048134E13	20759.0	68.0
5.7048146E13	20759.0	69.0
5.7048155E13	24343.0	72.0
5.7048167E13	24343.0	77.0
5.7048176E13	24343.0	81.0
5.7048184E13	0.0	79.0
5.7048197E13	0.0	77.0
5.7048205E13	0.0	74.0
5.7048218E13	25483.0	72.0
5.7048226E13	25483.0	71.0
5.7048234E13	25483.0	67.0
5.7048247E13	25483.0	64.0
5.7048255E13	21917.0	61.0
5.7048264E13	21917.0	59.0
5.7048276E13	21917.0	57.0
5.7048285E13	0.0	57.0
5.7048297E13	0.0	60.0
5.7048306E13	0.0	64.0
5.7048314E13	15802.0	68.0
5.7048327E13	15802.0	71.0
5.7048335E13	15802.0	72.0
5.7048348E13	15802.0	72.0
5.7048356E13	12115.0	72.0
5.7048364E13	12115.0	73.0
5.7048377E13	12115.0	75.0
5.7048385E13	0.0	77.0
5.7048394E13	0.0	77.0
5.7048406E13	0.0	77.0
5.7048415E13	4708.0	77.0
5.7048427E13	4708.0	77.0
5.7048436E13	4708.0	77.0
5.7048444E13	4708.0	77.0
5.7048457E13	3355.0	76.0
5.7048465E13	3355.0	75.0
5.7048478E13	3355.0	74.0
5.7048486E13	3355.0	73.0
5.7048495E13	2968.0	73.0
5.7048507E13	2968.0	71.0
5.7048515E13	2968.0	71.0
5.7048524E13	2968.0	73.0
5.7048536E13	2762.0	73.0
5.7048545E13	2762.0	73.0
5.7048557E13	2675.0	73.0
5.7048566E13	2675.0	72.0
5.7048574E13	2675.0	72.0
5.7048587E13	2675.0	70.0
5.7048595E13	2675.0	70.0
5.7048608E13	2632.0	70.0
5.7048616E13	2632.0	70.0
5.7048625E13	2632.0	70.0
5.7048637E13	2602.0	68.0
5.7048646E13	2602.0	68.0
5.704866E13	2602.0	64.0
5.7048666E13	2580.0	62.0
5.7048675E13	2580.0	61.0
5.7048687E13	2580.0	60.0
5.7048696E13	2580.0	60.0
5.7048704E13	2580.0	59.0
5.7048717E13	2562.0	60.0
5.7048725E13	2562.0	63.0
5.7048738E13	2562.0	65.0
5.7048746E13	2562.0	66.0
5.7048755E13	2549.0	66.0
5.7048767E13	2549.0	68.0
5.7048776E13	2549.0	70.0
5.704879E13	2549.0	72.0
5.7048796E13	2536.0	73.0
5.7048805E13	2536.0	75.0
5.7048817E13	2536.0	77.0
5.7048826E13	2525.0	81.0
5.7048834E13	2525.0	82.0
5.7048847E13	2525.0	82.0
5.7048855E13	2525.0	79.0
5.7048868E13	2526.0	76.0
5.7048876E13	2526.0	74.0
5.7048885E13	2526.0	73.0
5.7048897E13	2526.0	72.0
5.7048906E13	2551.0	71.0
5.704892E13	2551.0	70.0
5.7048927E13	2551.0	70.0
5.7048935E13	2551.0	71.0
5.7048947E13	2615.0	72.0
5.7048956E13	2615.0	74.0
5.704897E13	2615.0	76.0
5.7048977E13	2724.0	76.0
5.7048985E13	2724.0	74.0
5.7048998E13	2724.0	74.0
5.7049006E13	2724.0	75.0
5.7049015E13	2947.0	73.0
5.7049027E13	2947.0	70.0
5.7049036E13	2947.0	69.0
5.704905E13	2947.0	70.0
5.7049057E13	3487.0	76.0
5.7049065E13	3487.0	79.0
5.7049078E13	3487.0	79.0
5.7049086E13	3487.0	83.0
5.70491E13	5871.0	84.0
5.7049107E13	5871.0	84.0
5.7049115E13	5871.0	81.0
5.7049128E13	13897.0	78.0
5.7049136E13	13897.0	77.0
5.7049145E13	13897.0	76.0
5.7049157E13	13897.0	76.0
5.7049166E13	16897.0	76.0
5.704918E13	16897.0	74.0
5.7049187E13	16897.0	73.0
5.70492E13	16897.0	70.0
5.7049208E13	0.0	73.0
5.7049216E13	0.0	78.0
5.704923E13	0.0	79.0
5.7049237E13	20935.0	74.0
5.7049245E13	20935.0	70.0
5.7049258E13	20935.0	69.0
5.7049266E13	20935.0	68.0
5.7049275E13	21896.0	70.0
5.7049287E13	21896.0	74.0
5.7049296E13	21896.0	77.0
5.704931E13	0.0	79.0
5.7049317E13	0.0	79.0
5.7049325E13	0.0	77.0
5.7049338E13	24272.0	75.0
5.7049346E13	24272.0	73.0
5.704936E13	24272.0	71.0
5.7049367E13	24272.0	69.0
5.7049375E13	21241.0	65.0
5.7049388E13	21241.0	63.0
5.7049396E13	21241.0	60.0
5.704941E13	0.0	57.0
5.7049417E13	0.0	56.0
5.7049426E13	0.0	56.0
5.704944E13	16743.0	59.0
5.7049447E13	16743.0	64.0
5.7049455E13	16743.0	69.0
5.7049468E13	16743.0	72.0
5.7049476E13	14662.0	73.0
5.704949E13	14662.0	74.0
5.7049497E13	14662.0	75.0
5.7049505E13	0.0	76.0
5.704952E13	0.0	78.0
5.7049526E13	0.0	77.0
5.704954E13	4808.0	77.0
5.7049547E13	4808.0	77.0
5.7049556E13	4808.0	77.0
5.704957E13	4808.0	77.0
5.7049577E13	3388.0	77.0
5.7049585E13	3388.0	77.0
5.7049598E13	3388.0	77.0
5.7049606E13	2921.0	77.0
5.704962E13	2921.0	77.0
5.7049627E13	2921.0	74.0
5.7049635E13	2921.0	74.0
5.704965E13	2921.0	73.0
5.7049656E13	2720.0	73.0
5.704967E13	2720.0	74.0
5.7049677E13	2720.0	75.0
5.7049686E13	2617.0	74.0
5.70497E13	2617.0	76.0
5.7049707E13	2617.0	76.0
5.7049715E13	2617.0	76.0
5.7049728E13	2560.0	75.0
5.7049736E13	2560.0	74.0
5.704975E13	2560.0	76.0
5.7049757E13	2560.0	72.0
5.7049765E13	2527.0	70.0
5.704978E13	2527.0	67.0
5.7049786E13	2527.0	66.0
5.70498E13	2509.0	66.0
5.7049807E13	2509.0	66.0
5.7049816E13	2509.0	64.0
5.704983E13	2509.0	62.0
5.7049837E13	2500.0	61.0
5.704985E13	2500.0	61.0
5.7049858E13	2500.0	62.0
5.7049866E13	2500.0	64.0
5.704988E13	2496.0	68.0
5.7049887E13	2496.0	68.0
5.7049895E13	2496.0	68.0
5.704991E13	2496.0	68.0
5.7049916E13	2484.0	71.0
5.704993E13	2484.0	77.0
5.7049937E13	2484.0	81.0
5.7049946E13	2464.0	83.0
5.704996E13	2464.0	86.0
5.7049967E13	2464.0	87.0
5.704998E13	2464.0	87.0
5.7049988E13	2456.0	87.0
5.7049996E13	2456.0	87.0
5.705001E13	2456.0	82.0
5.7050017E13	2456.0	77.0
5.7050025E13	2476.0	74.0
5.705004E13	2476.0	71.0
5.7050046E13	2476.0	69.0
5.705006E13	2476.0	67.0
5.7050067E13	2529.0	67.0
5.7050076E13	2529.0	67.0
5.705009E13	2529.0	67.0
5.7050097E13	2632.0	65.0
5.705011E13	2632.0	63.0
5.7050118E13	2632.0	60.0
5.7050126E13	2632.0	57.0
5.705014E13	2802.0	55.0
5.7050147E13	2802.0	56.0
5.7050155E13	2802.0	60.0
5.705017E13	2802.0	66.0
5.7050176E13	3140.0	72.0
5.705019E13	3140.0	78.0
5.7050197E13	3140.0	84.0
5.7050206E13	3944.0	83.0
5.705022E13	3944.0	82.0
5.7050227E13	3944.0	82.0
5.705024E13	6630.0	81.0
5.7050248E13	6630.0	81.0
5.7050256E13	6630.0	80.0
5.705027E13	6630.0	75.0
5.7050277E13	15187.0	75.0
5.705029E13	15187.0	73.0
5.70503E13	15187.0	71.0
5.7050306E13	15187.0	70.0
5.705032E13	0.0	68.0
5.7050327E13	0.0	36.0
5.7050336E13	0.0	65.0
5.705035E13	19406.0	68.0
5.7050357E13	19406.0	69.0
5.705037E13	19406.0	69.0
5.7050378E13	19406.0	72.0
5.7050386E13	19406.0	72.0
5.70504E13	20915.0	73.0
5.7050407E13	20915.0	71.0
5.705042E13	20915.0	71.0
5.705043E13	0.0	73.0
5.7050436E13	0.0	75.0
5.705045E13	0.0	77.0
5.7050457E13	21319.0	79.0
5.705047E13	21319.0	79.0
5.705048E13	21319.0	76.0
5.705049E13	21319.0	73.0
5.70505E13	22097.0	72.0
5.7050508E13	22097.0	68.0
5.705052E13	0.0	65.0
5.705053E13	0.0	62.0
5.7050537E13	0.0	61.0
5.705055E13	18297.0	63.0
5.705056E13	18297.0	65.0
5.7050566E13	18297.0	67.0
5.705058E13	18297.0	69.0
5.7050587E13	14090.0	70.0
5.7050596E13	14090.0	71.0
5.705061E13	14090.0	71.0
5.7050617E13	0.0	72.0
5.705063E13	0.0	74.0
5.7050638E13	0.0	77.0
5.7050646E13	4209.0	79.0
5.705066E13	4209.0	80.0
5.7050667E13	4209.0	80.0
5.705068E13	4209.0	77.0
5.705069E13	4209.0	77.0
5.7050697E13	3515.0	76.0
5.705071E13	3515.0	75.0
5.7050717E13	3515.0	75.0
5.7050726E13	3515.0	75.0
5.705074E13	3011.0	75.0
5.7050747E13	3011.0	75.0
5.705076E13	3011.0	75.0
5.7050768E13	3011.0	76.0
5.7050776E13	2753.0	76.0
5.705079E13	2753.0	76.0
5.7050797E13	2753.0	75.0
5.705081E13	2627.0	73.0
5.705082E13	2627.0	72.0
5.7050827E13	2627.0	72.0
5.705084E13	2627.0	74.0
5.7050848E13	2560.0	77.0
5.705086E13	2560.0	77.0
5.705087E13	2560.0	76.0
5.7050877E13	2560.0	75.0
5.705089E13	2516.0	77.0
5.7050898E13	2516.0	79.0
5.7050906E13	2516.0	75.0
5.705092E13	2486.0	68.0
5.7050927E13	2486.0	63.0
5.705094E13	2486.0	60.0
5.705095E13	2486.0	59.0
5.7050957E13	2484.0	58.0
5.705097E13	2484.0	58.0
5.7050978E13	2484.0	57.0
5.705099E13	2484.0	57.0
5.7051E13	2487.0	59.0
5.7051007E13	2487.0	63.0
5.705102E13	2487.0	64.0
5.7051028E13	2487.0	66.0
5.7051036E13	2487.0	70.0
5.705105E13	2487.0	73.0
5.7051057E13	2487.0	75.0
5.705107E13	2468.0	76.0
5.705108E13	2468.0	77.0
5.7051087E13	2468.0	78.0
5.70511E13	2468.0	79.0
5.7051108E13	2459.0	79.0
5.705112E13	2459.0	77.0
5.705113E13	2459.0	75.0
5.7051137E13	2459.0	72.0
5.705115E13	2472.0	70.0
5.7051158E13	2472.0	69.0
5.7051166E13	2472.0	70.0
5.705118E13	2472.0	73.0
5.7051187E13	2513.0	74.0
5.70512E13	2513.0	74.0
5.705121E13	2513.0	75.0
5.7051217E13	2587.0	76.0
5.705123E13	2587.0	77.0
5.7051238E13	2587.0	78.0
5.705125E13	2587.0	77.0
5.705126E13	2709.0	76.0
5.7051267E13	2709.0	75.0
5.705128E13	2709.0	75.0
5.705129E13	2709.0	75.0
5.70513E13	2955.0	75.0
5.705131E13	2955.0	77.0
5.7051317E13	2955.0	78.0
5.705133E13	2955.0	80.0
5.705134E13	3590.0	81.0
5.7051347E13	3590.0	82.0
5.705136E13	3590.0	84.0
5.7051368E13	5363.0	85.0
5.705138E13	5363.0	84.0
5.705139E13	5363.0	82.0
5.7051397E13	5363.0	78.0
5.705141E13	10743.0	75.0
5.705142E13	10743.0	73.0
5.705143E13	10743.0	73.0
5.705144E13	10743.0	72.0
5.7051447E13	16323.0	72.0
5.705146E13	16323.0	72.0
5.705147E13	16323.0	72.0
5.705148E13	0.0	72.0
5.705149E13	0.0	74.0
5.7051498E13	0.0	74.0
5.705151E13	21384.0	73.0
5.705152E13	21384.0	70.0
5.7051527E13	21384.0	67.0
5.705154E13	21384.0	67.0
5.705155E13	19749.0	70.0
5.705156E13	19749.0	72.0
5.705157E13	19749.0	74.0
5.7051577E13	0.0	76.0
5.705159E13	0.0	77.0
5.70516E13	0.0	77.0
5.705161E13	20106.0	76.0
5.705162E13	20106.0	73.0
5.7051628E13	20106.0	70.0
5.705164E13	19674.0	67.0
5.705165E13	19674.0	64.0
5.7051657E13	19674.0	60.0
5.705167E13	0.0	58.0
5.705168E13	0.0	59.0
5.705169E13	0.0	61.0
5.70517E13	14542.0	63.0
5.7051707E13	14542.0	65.0
5.705172E13	14542.0	67.0
5.705173E13	8118.0	68.0
5.705174E13	8118.0	69.0
5.705175E13	8118.0	72.0
5.7051758E13	8118.0	74.0
5.705177E13	0.0	75.0
5.705178E13	0.0	77.0
5.7051787E13	0.0	78.0
5.70518E13	3885.0	78.0
5.705181E13	3885.0	78.0
5.705182E13	3885.0	77.0
5.705183E13	3885.0	78.0
5.7051837E13	3289.0	78.0
5.705185E13	3289.0	77.0
5.705186E13	3289.0	77.0
5.705187E13	3289.0	77.0
5.705188E13	2887.0	77.0
5.7051888E13	2887.0	75.0
5.70519E13	2887.0	75.0
5.705191E13	2887.0	74.0
5.705192E13	2887.0	75.0
5.705193E13	2702.0	75.0
5.705194E13	2702.0	74.0
5.705195E13	2702.0	74.0
5.705196E13	2617.0	73.0
5.7051967E13	2617.0	74.0
5.705198E13	2617.0	74.0
5.705199E13	2617.0	75.0
5.7052E13	2570.0	75.0
5.705201E13	2570.0	73.0
5.7052018E13	2570.0	72.0
5.705203E13	2570.0	73.0
5.705204E13	2535.0	71.0
5.705205E13	2535.0	68.0
5.705207E13	2520.0	62.0
5.705208E13	2520.0	60.0
5.705209E13	2520.0	60.0
5.7052097E13	2520.0	60.0
5.705212E13	2516.0	62.0
5.705213E13	2516.0	64.0
5.705214E13	2516.0	66.0
5.7052148E13	2510.0	67.0
5.705216E13	2510.0	69.0
5.705217E13	2510.0	70.0
5.705218E13	2510.0	72.0
5.705219E13	2503.0	74.0
5.70522E13	2503.0	75.0
5.705221E13	2503.0	77.0
5.705222E13	2492.0	78.0
5.7052227E13	2492.0	80.0
5.705224E13	2492.0	82.0
5.705225E13	2492.0	83.0
5.705226E13	2492.0	83.0
5.705227E13	2492.0	82.0
5.7052278E13	2492.0	79.0
5.705229E13	2492.0	78.0
5.70523E13	2522.0	77.0
5.705231E13	2522.0	76.0
5.705232E13	2522.0	75.0
5.705233E13	2522.0	75.0
5.705234E13	2588.0	74.0
5.705235E13	2588.0	74.0
5.705236E13	2588.0	73.0
5.705237E13	2696.0	73.0
5.705238E13	2696.0	71.0
5.705239E13	2696.0	69.0
5.70524E13	2696.0	68.0
5.7052408E13	2859.0	68.0
5.705242E13	2859.0	69.0
5.705243E13	2859.0	71.0
5.705244E13	2859.0	73.0
5.705245E13	3166.0	76.0
5.705246E13	3166.0	78.0
5.705247E13	3166.0	81.0
5.705248E13	3166.0	83.0
5.705249E13	3745.0	85.0
5.70525E13	3745.0	85.0
5.705251E13	3745.0	81.0
5.705252E13	6229.0	79.0
5.705253E13	6229.0	79.0
5.7052538E13	6229.0	78.0
5.705255E13	6229.0	78.0
5.705256E13	14311.0	77.0
5.705257E13	14311.0	76.0
5.705258E13	14311.0	75.0
5.7052592E13	14311.0	74.0
5.70526E13	0.0	73.0
5.705261E13	0.0	78.0
5.705262E13	0.0	78.0
5.705263E13	20094.0	80.0
5.705264E13	20094.0	76.0
5.705265E13	20094.0	72.0
5.705266E13	20208.0	71.0
5.705267E13	20208.0	71.0
5.705268E13	20208.0	73.0
5.705269E13	0.0	76.0
5.70527E13	0.0	79.0
5.705271E13	0.0	80.0
5.705272E13	20392.0	78.0
5.705273E13	20392.0	76.0
5.705274E13	20392.0	75.0
5.705275E13	20392.0	70.0
5.705276E13	20343.0	67.0
5.705279E13	0.0	60.0
5.705277E13	0.0	60.0
5.705278E13	0.0	60.0
5.70528E13	0.0	59.0
5.705281E13	0.0	61.0
5.705282E13	14981.0	42.0
5.705283E13	14981.0	67.0
5.705284E13	14981.0	69.0
5.705285E13	14981.0	71.0
5.705286E13	14981.0	71.0
5.705287E13	13091.0	71.0
5.705288E13	13091.0	71.0
5.705289E13	0.0	72.0
5.70529E13	0.0	73.0
5.705291E13	0.0	75.0
5.705292E13	5495.0	76.0
5.705293E13	5495.0	77.0
5.705294E13	5495.0	77.0
5.705295E13	5495.0	78.0
5.705296E13	3684.0	78.0
5.705297E13	3684.0	78.0
5.7052982E13	3684.0	78.0
5.705299E13	3684.0	79.0
5.7053E13	3195.0	78.0
5.705301E13	3195.0	76.0
5.705302E13	3195.0	76.0
5.705303E13	3195.0	75.0
5.705304E13	2905.0	73.0
5.705305E13	2905.0	73.0
5.7053062E13	2905.0	74.0
5.705307E13	2749.0	75.0
5.705308E13	2749.0	75.0
5.705309E13	2749.0	75.0
5.70531E13	2749.0	75.0
5.7053112E13	2679.0	75.0
5.705312E13	2679.0	76.0
5.705313E13	2679.0	78.0
5.705314E13	2679.0	76.0
5.705315E13	2641.0	70.0
5.705316E13	2641.0	67.0
5.705317E13	2641.0	64.0
5.705318E13	2629.0	61.0
5.7053192E13	2629.0	60.0
5.70532E13	2629.0	59.0
5.705321E13	2629.0	59.0
5.705322E13	2622.0	59.0
5.705323E13	2622.0	60.0
5.705324E13	2622.0	60.0
5.705326E13	2619.0	65.0
5.705325E13	2619.0	65.0
5.705327E13	2619.0	65.0
5.705328E13	2619.0	69.0
5.705329E13	2604.0	70.0
5.7053305E13	2604.0	73.0
5.705331E13	2604.0	75.0
5.7053322E13	2604.0	75.0
5.705333E13	2604.0	76.0
5.7053347E13	2591.0	76.0
5.705335E13	2591.0	77.0
5.705336E13	2591.0	80.0
5.7053372E13	2591.0	83.0
5.705338E13	2587.0	85.0
5.70534E13	2587.0	53.0
5.705341E13	2587.0	79.0
5.705342E13	2609.0	52.0
5.705343E13	2609.0	52.0
5.705344E13	2609.0	75.0
5.7053452E13	2609.0	52.0
5.705346E13	2665.0	52.0
5.7053473E13	2665.0	72.0
5.705348E13	2665.0	52.0
5.7053494E13	2759.0	51.0
5.7053503E13	2759.0	74.0
5.705351E13	2759.0	74.0
5.705352E13	2759.0	72.0
5.705353E13	2896.0	70.0
5.705354E13	2896.0	69.0
5.7053553E13	2896.0	68.0
5.705356E13	2896.0	68.0
5.7053574E13	3170.0	69.0
5.7053582E13	3170.0	73.0
5.705359E13	3170.0	78.0
5.70536E13	3170.0	82.0
5.705361E13	3733.0	83.0
5.705362E13	3733.0	81.0
5.7053633E13	3733.0	79.0
5.705364E13	6515.0	79.0
5.7053653E13	6515.0	79.0
5.705366E13	6515.0	33.0
5.7053674E13	6515.0	80.0
5.705368E13	14846.0	80.0
5.70537E13	14846.0	72.0
5.705369E13	14846.0	72.0
5.7053712E13	14846.0	70.0
5.705372E13	0.0	68.0
5.7053733E13	0.0	66.0
5.705374E13	0.0	90.0
5.7053754E13	19269.0	13.0
5.7053763E13	19269.0	13.0
5.705377E13	19269.0	13.0
5.705378E13	19269.0	75.0
5.705379E13	21177.0	12.0
5.70538E13	21177.0	12.0
5.7053813E13	21177.0	12.0
5.705382E13	0.0	90.0
5.7053834E13	0.0	90.0
5.7053842E13	0.0	90.0
5.705385E13	23104.0	80.0
5.705386E13	23104.0	78.0
5.705387E13	23104.0	75.0
5.705388E13	23104.0	74.0
5.7053893E13	25662.0	74.0
5.70539E13	25662.0	73.0
5.7053914E13	25662.0	71.0
5.705392E13	0.0	70.0
5.7053935E13	0.0	69.0
5.7053943E13	0.0	68.0
5.705395E13	19825.0	65.0
5.705396E13	19825.0	62.0
5.7053972E13	19825.0	59.0
5.705398E13	19825.0	58.0
5.7053993E13	16005.0	59.0
5.7054E13	16005.0	63.0
5.7054014E13	16005.0	66.0
5.7054023E13	0.0	70.0
5.705403E13	0.0	72.0
5.705404E13	0.0	74.0
5.705405E13	7293.0	77.0
5.705406E13	7293.0	78.0
5.7054073E13	7293.0	79.0
5.705408E13	7293.0	78.0
5.7054094E13	4591.0	76.0
5.7054102E13	4591.0	74.0
5.7054115E13	4591.0	72.0
5.705412E13	4591.0	72.0
5.705413E13	3484.0	74.0
5.705414E13	3484.0	76.0
5.7054153E13	3484.0	79.0
5.705416E13	3484.0	78.0
5.7054174E13	3076.0	77.0
5.705418E13	3076.0	77.0
5.7054195E13	3076.0	76.0
5.7054203E13	2851.0	76.0
5.705421E13	2851.0	75.0
5.705422E13	2851.0	74.0
5.7054232E13	2851.0	72.0
5.705424E13	2759.0	73.0
5.7054253E13	2759.0	74.0
5.705426E13	2759.0	74.0
5.7054274E13	2759.0	71.0
5.7054283E13	2709.0	71.0
5.7054295E13	2709.0	70.0
5.70543E13	2709.0	69.0
5.705431E13	2681.0	69.0
5.705432E13	2681.0	51.0
5.7054333E13	2681.0	51.0
5.705434E13	2681.0	51.0
5.7054354E13	2656.0	52.0
5.7054362E13	2656.0	52.0
5.7054375E13	2656.0	52.0
5.7054383E13	2656.0	62.0
5.705439E13	2631.0	52.0
5.70544E13	2631.0	52.0
5.7054413E13	2631.0	52.0
5.705442E13	2631.0	67.0
5.7054434E13	2622.0	52.0
5.705444E13	2622.0	52.0
5.7054455E13	2622.0	73.0
5.7054463E13	2609.0	75.0
5.705447E13	2609.0	75.0
5.705448E13	2609.0	76.0
5.7054492E13	2609.0	52.0
5.70545E13	2599.0	53.0
5.7054513E13	2599.0	53.0
5.705452E13	2599.0	53.0
5.7054534E13	2599.0	53.0
5.7054543E13	2604.0	53.0
5.7054555E13	2604.0	53.0
5.7054564E13	2604.0	53.0
5.705457E13	2604.0	53.0
5.705458E13	2625.0	52.0
5.7054593E13	2625.0	52.0
5.70546E13	2625.0	52.0
5.7054614E13	2675.0	73.0
5.7054622E13	2675.0	73.0
5.7054635E13	2675.0	75.0
5.7054643E13	2675.0	75.0
5.705465E13	2766.0	75.0
5.705466E13	2766.0	74.0
5.7054673E13	2766.0	73.0
5.705468E13	2766.0	73.0
5.7054694E13	2929.0	72.0
5.70547E13	2929.0	71.0
5.7054715E13	2929.0	72.0
5.7054723E13	2929.0	73.0
5.705474E13	3332.0	75.0
5.7054744E13	3332.0	77.0
5.7054757E13	3332.0	79.0
5.705476E13	4918.0	82.0
5.7054773E13	4918.0	83.0
5.705478E13	4918.0	82.0
5.7054794E13	4918.0	80.0
5.7054803E13	9953.0	80.0
5.7054815E13	9953.0	79.0
5.7054824E13	9953.0	79.0
5.7054832E13	9953.0	76.0
5.705484E13	16843.0	74.0
5.7054853E13	16843.0	73.0
5.705486E13	16843.0	70.0
5.7054874E13	0.0	69.0
5.7054882E13	0.0	69.0
5.7054895E13	0.0	70.0
5.7054903E13	19692.0	74.0
5.705491E13	19692.0	76.0
5.705492E13	19692.0	75.0
5.7054933E13	19692.0	73.0
5.705494E13	21684.0	71.0
5.7054954E13	21684.0	69.0
5.7054962E13	21684.0	71.0
5.7054975E13	0.0	74.0
5.7054983E13	0.0	75.0
