5.6305545E13	2224.0	66.0
5.6305553E13	2224.0	66.0
5.630556E13	2193.0	66.0
5.6305574E13	2193.0	66.0
5.6305583E13	2193.0	67.0
5.630559E13	2193.0	67.0
5.6305604E13	2181.0	71.0
5.630561E13	2181.0	73.0
5.6305625E13	2181.0	75.0
5.6305633E13	2177.0	75.0
5.630564E13	2177.0	76.0
5.6305654E13	2177.0	77.0
5.6305662E13	2177.0	77.0
5.6305675E13	2174.0	77.0
5.6305683E13	2174.0	78.0
5.630569E13	2174.0	77.0
5.6305704E13	2166.0	76.0
5.6305713E13	2166.0	75.0
5.6305725E13	2166.0	74.0
5.6305734E13	2166.0	73.0
5.630574E13	2161.0	72.0
5.6305755E13	2161.0	72.0
5.6305763E13	2161.0	73.0
5.630577E13	2161.0	74.0
5.6305784E13	2164.0	76.0
5.6305792E13	2164.0	77.0
5.6305805E13	2164.0	77.0
5.6305813E13	2164.0	78.0
5.630582E13	2164.0	80.0
5.6305834E13	2164.0	81.0
5.6305843E13	2164.0	81.0
5.6305855E13	2164.0	81.0
5.6305864E13	2160.0	80.0
5.630587E13	2160.0	79.0
5.6305885E13	2160.0	77.0
5.6305893E13	2160.0	76.0
5.63059E13	2157.0	76.0
5.6305914E13	2157.0	77.0
5.6305935E13	2157.0	78.0
5.6305943E13	2174.0	79.0
5.6305956E13	2174.0	80.0
5.6305964E13	2174.0	80.0
5.6305973E13	2202.0	81.0
5.6305985E13	2202.0	81.0
5.6305994E13	2202.0	83.0
5.6306E13	2247.0	84.0
5.6306015E13	2247.0	85.0
5.6306023E13	2247.0	86.0
5.6306036E13	2247.0	86.0
5.6306044E13	2314.0	85.0
5.6306052E13	2314.0	85.0
5.6306065E13	2314.0	85.0
5.6306073E13	2314.0	85.0
5.630608E13	2314.0	85.0
5.6306094E13	2382.0	86.0
5.6306103E13	2382.0	86.0
5.6306115E13	2382.0	86.0
5.6306124E13	2382.0	87.0
5.630613E13	2440.0	86.0
5.6306145E13	2440.0	85.0
5.6306153E13	2440.0	84.0
5.630616E13	2481.0	82.0
5.6306174E13	2481.0	80.0
5.6306182E13	2481.0	78.0
5.6306195E13	2481.0	76.0
5.6306203E13	2507.0	73.0
5.630621E13	2507.0	70.0
5.6306224E13	2507.0	67.0
5.6306233E13	2507.0	65.0
5.6306245E13	2828.0	63.0
5.6306254E13	2828.0	62.0
5.630626E13	2828.0	61.0
5.6306275E13	2828.0	62.0
5.6306283E13	3353.0	63.0
5.6306296E13	3353.0	64.0
5.6306304E13	3353.0	67.0
5.6306312E13	3924.0	69.0
5.6306325E13	3924.0	68.0
5.6306333E13	3924.0	63.0
5.630634E13	4498.0	56.0
5.6306354E13	4498.0	56.0
5.6306363E13	4498.0	59.0
5.6306375E13	4498.0	71.0
5.6306384E13	4498.0	71.0
5.6306392E13	4924.0	76.0
5.6306405E13	4924.0	75.0
5.6306417E13	4924.0	72.0
5.6306426E13	4924.0	71.0
5.630644E13	4913.0	70.0
5.6306442E13	4913.0	69.0
5.6306455E13	4913.0	69.0
5.6306463E13	4264.0	68.0
5.6306476E13	4264.0	66.0
5.6306484E13	4264.0	63.0
5.6306493E13	4264.0	61.0
5.6306505E13	3576.0	62.0
5.6306514E13	3576.0	64.0
5.6306522E13	3576.0	66.0
5.6306535E13	3576.0	67.0
5.6306543E13	3182.0	67.0
5.6306556E13	3182.0	67.0
5.6306564E13	3182.0	67.0
5.6306572E13	3182.0	68.0
5.6306585E13	2855.0	70.0
5.6306593E13	2855.0	72.0
5.6306606E13	2855.0	74.0
5.6306614E13	2561.0	58.0
5.6306623E13	2561.0	58.0
5.6306635E13	2561.0	76.0
5.6306644E13	2561.0	76.0
5.6306652E13	2446.0	76.0
5.6306665E13	2446.0	59.0
5.6306673E13	2446.0	74.0
5.6306686E13	2446.0	59.0
5.6306694E13	2398.0	70.0
5.6306702E13	2398.0	69.0
5.6306715E13	2398.0	68.0
5.6306723E13	2398.0	68.0
5.6306736E13	2363.0	68.0
5.6306744E13	2363.0	67.0
5.6306753E13	2363.0	67.0
5.6306765E13	2333.0	68.0
5.6306774E13	2333.0	69.0
5.6306782E13	2333.0	71.0
5.6306795E13	2333.0	72.0
5.6306803E13	2320.0	73.0
5.6306816E13	2320.0	74.0
5.6306824E13	2320.0	75.0
5.6306833E13	2320.0	76.0
5.6306845E13	2306.0	76.0
5.6306853E13	2306.0	76.0
5.6306866E13	2306.0	76.0
5.6306874E13	2306.0	77.0
5.6306883E13	2289.0	77.0
5.6306895E13	2289.0	77.0
5.6306904E13	2289.0	76.0
5.6306912E13	2277.0	76.0
5.6306925E13	2277.0	76.0
5.6306933E13	2277.0	77.0
5.6306946E13	2277.0	79.0
5.6306954E13	2272.0	79.0
5.6306963E13	2272.0	81.0
5.6306975E13	2272.0	82.0
5.6306984E13	2272.0	81.0
5.6306996E13	2258.0	79.0
5.6307004E13	2258.0	79.0
5.6307013E13	2258.0	78.0
5.6307025E13	2258.0	78.0
5.6307034E13	2247.0	78.0
5.6307046E13	2247.0	78.0
5.6307055E13	2247.0	77.0
5.6307063E13	2255.0	78.0
5.6307076E13	2255.0	78.0
5.6307084E13	2255.0	77.0
5.6307093E13	2255.0	77.0
5.6307105E13	2279.0	77.0
5.6307114E13	2279.0	77.0
5.6307126E13	2279.0	77.0
5.6307134E13	2279.0	78.0
5.6307143E13	2311.0	80.0
5.6307155E13	2311.0	81.0
5.6307164E13	2311.0	82.0
5.6307176E13	2311.0	83.0
5.6307185E13	2355.0	84.0
5.6307193E13	2355.0	85.0
5.6307206E13	2355.0	86.0
5.6307214E13	2410.0	87.0
5.6307223E13	2410.0	87.0
5.6307235E13	2410.0	87.0
5.6307244E13	2410.0	86.0
5.6307256E13	2460.0	82.0
5.6307265E13	2460.0	81.0
5.6307277E13	2460.0	83.0
5.6307285E13	2460.0	83.0
5.6307294E13	2508.0	83.0
5.6307306E13	2508.0	82.0
5.6307315E13	2508.0	82.0
5.6307323E13	2508.0	84.0
5.6307336E13	2763.0	84.0
5.6307344E13	2763.0	82.0
5.6307357E13	2763.0	80.0
5.6307365E13	3270.0	77.0
5.6307374E13	3270.0	74.0
5.6307386E13	3270.0	72.0
5.6307395E13	3270.0	71.0
5.6307407E13	3832.0	69.0
5.6307416E13	3832.0	68.0
5.6307424E13	3832.0	68.0
5.6307436E13	3832.0	70.0
5.6307445E13	4192.0	70.0
5.6307453E13	4192.0	69.0
5.6307466E13	4192.0	67.0
5.6307474E13	4192.0	65.0
5.6307487E13	4968.0	63.0
5.6307495E13	4968.0	62.0
5.6307504E13	4968.0	64.0
5.6307516E13	5422.0	67.0
5.6307525E13	5422.0	70.0
5.6307533E13	5422.0	71.0
5.6307546E13	5422.0	70.0
5.6307554E13	5958.0	71.0
5.6307567E13	5958.0	72.0
5.6307575E13	5958.0	72.0
5.6307583E13	5958.0	72.0
5.6307596E13	5459.0	71.0
5.6307604E13	5459.0	69.0
5.6307617E13	5459.0	65.0
5.6307625E13	6866.0	61.0
5.6307634E13	4314.0	59.0
5.6307646E13	4314.0	57.0
5.6307655E13	4314.0	60.0
5.6307667E13	3730.0	66.0
5.6307676E13	3730.0	71.0
5.6307684E13	3730.0	73.0
5.6307697E13	3730.0	73.0
5.6307705E13	3272.0	72.0
5.6307713E13	3272.0	73.0
5.6307726E13	3272.0	74.0
5.6307734E13	3272.0	75.0
5.6307747E13	2943.0	76.0
5.6307755E13	2943.0	77.0
5.6307764E13	2943.0	77.0
5.6307776E13	3682.0	77.0
5.6307785E13	2503.0	76.0
5.6307797E13	2503.0	74.0
5.6307806E13	2503.0	71.0
5.6307814E13	2434.0	67.0
5.6307827E13	2434.0	64.0
5.6307835E13	2434.0	63.0
5.6307843E13	2434.0	63.0
5.6307856E13	2392.0	63.0
5.6307864E13	2392.0	64.0
5.6307877E13	2392.0	65.0
5.6307885E13	2392.0	65.0
5.6307894E13	2370.0	66.0
5.6307906E13	2370.0	67.0
5.6307915E13	2363.0	68.0
5.6307927E13	2363.0	69.0
5.6307936E13	2363.0	70.0
5.6307944E13	2363.0	70.0
5.6307957E13	2365.0	73.0
5.6307965E13	2365.0	73.0
5.6307973E13	2365.0	74.0
5.6307986E13	2365.0	75.0
5.6307994E13	2365.0	76.0
5.6308007E13	2364.0	76.0
5.6308015E13	2364.0	74.0
5.6308024E13	2364.0	73.0
5.6308036E13	2364.0	73.0
5.6308045E13	2364.0	73.0
5.6308057E13	2364.0	73.0
5.6308066E13	2358.0	74.0
5.6308074E13	2358.0	76.0
5.6308087E13	2358.0	78.0
5.6308095E13	2358.0	79.0
5.6308103E13	2344.0	78.0
5.6308116E13	2344.0	81.0
5.6308124E13	2344.0	80.0
5.6308137E13	2344.0	78.0
5.6308145E13	2330.0	78.0
5.6308154E13	2330.0	78.0
5.6308166E13	2330.0	78.0
5.6308175E13	2330.0	80.0
5.6308187E13	2330.0	80.0
5.6308196E13	2330.0	81.0
5.6308204E13	2330.0	82.0
5.6308217E13	2330.0	82.0
5.6308225E13	2338.0	81.0
5.6308238E13	2338.0	79.0
5.6308246E13	2338.0	78.0
5.6308254E13	2338.0	78.0
5.6308267E13	2354.0	79.0
5.6308275E13	2354.0	81.0
5.6308284E13	2354.0	82.0
5.6308296E13	2354.0	83.0
5.6308305E13	2385.0	83.0
5.6308317E13	2385.0	83.0
5.6308326E13	2385.0	84.0
5.6308334E13	2385.0	84.0
5.6308347E13	2422.0	85.0
5.6308355E13	2422.0	85.0
5.6308368E13	2422.0	86.0
5.6308376E13	2459.0	86.0
5.6308384E13	2459.0	86.0
5.6308397E13	2459.0	86.0
5.6308405E13	2459.0	88.0
5.6308414E13	2485.0	89.0
5.6308426E13	2485.0	86.0
5.6308435E13	2485.0	84.0
5.6308447E13	2485.0	81.0
5.6308456E13	2517.0	79.0
5.6308464E13	2517.0	78.0
5.6308477E13	2517.0	77.0
5.6308485E13	2517.0	76.0
5.6308498E13	2636.0	75.0
5.6308506E13	2636.0	74.0
5.6308514E13	2636.0	73.0
5.6308527E13	3083.0	71.0
5.6308535E13	3083.0	68.0
5.630855E13	3083.0	66.0
5.6308556E13	3083.0	65.0
5.6308565E13	3232.0	65.0
5.6308577E13	3232.0	65.0
5.6308586E13	3232.0	66.0
5.6308594E13	3232.0	67.0
5.6308607E13	3620.0	68.0
5.6308615E13	3620.0	67.0
5.6308628E13	3620.0	65.0
5.6308636E13	3620.0	62.0
5.6308644E13	4047.0	62.0
5.6308657E13	4047.0	64.0
5.6308665E13	4047.0	69.0
5.630868E13	4614.0	71.0
5.6308686E13	4614.0	71.0
5.6308716E13	5150.0	70.0
5.6308724E13	5150.0	69.0
5.6308737E13	5150.0	68.0
5.630875E13	4536.0	63.0
5.6308758E13	4536.0	63.0
5.6308766E13	4536.0	60.0
5.630878E13	4536.0	58.0
5.6308787E13	4536.0	58.0
5.6308795E13	3699.0	60.0
5.630881E13	3699.0	64.0
5.6308816E13	3699.0	67.0
5.6308825E13	3324.0	68.0
5.6308837E13	3324.0	67.0
5.6308846E13	3324.0	67.0
5.6308854E13	3324.0	69.0
5.6308867E13	2937.0	71.0
5.6308875E13	2937.0	73.0
5.6308888E13	2937.0	75.0
5.6308896E13	2937.0	77.0
5.6308904E13	2661.0	77.0
5.6308917E13	2661.0	77.0
5.6308925E13	2661.0	77.0
5.630894E13	2661.0	77.0
5.6308946E13	2434.0	75.0
5.6308955E13	2434.0	73.0
5.6308967E13	2434.0	69.0
5.6308976E13	2379.0	65.0
5.630899E13	2379.0	63.0
5.6308997E13	2379.0	62.0
5.6309005E13	2347.0	62.0
5.6309018E13	2347.0	62.0
5.6309026E13	2347.0	63.0
5.6309035E13	2347.0	63.0
5.6309047E13	2347.0	64.0
5.6309055E13	2331.0	66.0
5.630907E13	2331.0	68.0
5.6309076E13	2331.0	70.0
5.6309085E13	2331.0	72.0
5.6309097E13	2332.0	73.0
5.6309106E13	2332.0	74.0
5.630912E13	2332.0	74.0
5.6309127E13	2342.0	75.0
5.6309135E13	2342.0	76.0
5.6309148E13	2342.0	76.0
5.6309156E13	2342.0	76.0
5.6309165E13	2344.0	75.0
5.6309177E13	2344.0	74.0
5.6309186E13	2344.0	72.0
5.63092E13	2344.0	70.0
5.6309206E13	2341.0	71.0
5.6309215E13	2341.0	73.0
5.6309227E13	2341.0	75.0
5.6309236E13	2341.0	78.0
5.630925E13	2332.0	81.0
5.6309257E13	2332.0	83.0
5.6309265E13	2332.0	82.0
5.6309278E13	2320.0	81.0
5.6309286E13	2320.0	80.0
5.6309295E13	2320.0	80.0
5.6309307E13	2320.0	80.0
5.6309316E13	2310.0	79.0
5.630933E13	2310.0	77.0
5.6309337E13	2310.0	77.0
5.6309345E13	2310.0	77.0
5.6309357E13	2318.0	77.0
5.6309366E13	2318.0	78.0
5.630938E13	2318.0	78.0
5.6309387E13	2318.0	78.0
5.6309395E13	2322.0	77.0
5.6309408E13	2322.0	77.0
5.6309416E13	2322.0	79.0
5.630943E13	2338.0	81.0
5.6309437E13	2338.0	82.0
5.6309446E13	2338.0	82.0
5.630946E13	2338.0	82.0
5.6309467E13	2377.0	82.0
5.6309475E13	2377.0	81.0
5.6309488E13	2377.0	82.0
5.6309496E13	2377.0	82.0
5.630951E13	2431.0	84.0
5.6309517E13	2431.0	86.0
5.6309525E13	2431.0	85.0
5.6309538E13	2431.0	83.0
5.6309546E13	2476.0	83.0
5.630956E13	2476.0	83.0
5.6309567E13	2513.0	83.0
5.6309576E13	2513.0	83.0
5.630959E13	2513.0	81.0
5.6309597E13	2513.0	81.0
5.6309605E13	2513.0	80.0
5.6309618E13	2552.0	78.0
5.6309626E13	2552.0	76.0
5.630964E13	2552.0	74.0
5.6309647E13	2552.0	71.0
5.6309655E13	2815.0	31.0
5.6309668E13	2815.0	66.0
5.6309676E13	2593.0	65.0
5.630969E13	2953.0	64.0
5.6309697E13	2953.0	64.0
5.6309706E13	2953.0	66.0
5.630972E13	3289.0	68.0
5.6309727E13	3289.0	68.0
5.630974E13	3289.0	68.0
5.6309748E13	3289.0	66.0
5.6309756E13	3694.0	61.0
5.630977E13	3694.0	61.0
5.6309777E13	3694.0	63.0
5.6309785E13	3694.0	68.0
5.6309798E13	4314.0	73.0
5.6309806E13	4314.0	73.0
5.630982E13	4314.0	71.0
5.6309827E13	3424.0	71.0
5.6309836E13	4663.0	71.0
5.630985E13	4663.0	71.0
5.6309857E13	4663.0	71.0
5.630987E13	4663.0	70.0
5.6309878E13	4720.0	68.0
5.6309886E13	4720.0	66.0
5.63099E13	4720.0	63.0
5.6309907E13	4720.0	59.0
5.6309915E13	3749.0	56.0
5.630993E13	3749.0	57.0
5.6309936E13	3749.0	63.0
5.630995E13	3749.0	67.0
5.6309957E13	3237.0	69.0
5.6309966E13	3237.0	67.0
5.630998E13	3237.0	66.0
5.6309987E13	3508.0	66.0
5.631E13	3162.0	68.0
5.6310008E13	3162.0	71.0
5.6310016E13	3162.0	74.0
5.631003E13	2691.0	76.0
5.6310037E13	2691.0	76.0
5.6310045E13	2691.0	76.0
5.631006E13	2691.0	77.0
5.6310066E13	2437.0	75.0
5.631008E13	2437.0	74.0
5.6310087E13	2437.0	71.0
5.6310096E13	2437.0	69.0
5.631011E13	2367.0	67.0
5.6310117E13	2367.0	65.0
5.631013E13	2367.0	62.0
5.6310138E13	2315.0	61.0
5.6310146E13	2315.0	60.0
5.631016E13	2315.0	60.0
5.6310167E13	2315.0	60.0
5.6310175E13	2284.0	61.0
5.631019E13	2284.0	63.0
5.6310196E13	2284.0	65.0
5.631021E13	2284.0	66.0
5.6310217E13	2282.0	68.0
5.6310226E13	2282.0	69.0
5.631024E13	2282.0	70.0
5.6310247E13	2282.0	72.0
5.631026E13	2287.0	73.0
5.6310268E13	2287.0	73.0
5.6310276E13	2287.0	73.0
5.631029E13	2283.0	74.0
5.631031E13	2283.0	75.0
5.631032E13	2283.0	74.0
5.6310326E13	2277.0	72.0
5.631034E13	2277.0	72.0
5.6310347E13	2277.0	73.0
5.6310356E13	2277.0	75.0
5.631037E13	2272.0	75.0
5.6310377E13	2272.0	76.0
5.631039E13	2272.0	78.0
5.6310398E13	2272.0	81.0
5.6310406E13	2265.0	81.0
5.631042E13	2265.0	81.0
5.6310427E13	2265.0	81.0
5.631044E13	2251.0	80.0
5.631045E13	2251.0	78.0
5.6310456E13	2251.0	77.0
5.631047E13	2251.0	77.0
5.6310477E13	2252.0	78.0
5.6310486E13	2252.0	77.0
5.63105E13	2252.0	77.0
5.6310507E13	2252.0	78.0
5.631052E13	2265.0	79.0
5.6310528E13	2265.0	80.0
5.6310536E13	2265.0	80.0
5.631055E13	2265.0	80.0
5.6310557E13	2287.0	81.0
5.631057E13	2287.0	83.0
5.631058E13	2287.0	83.0
5.6310586E13	2328.0	84.0
5.63106E13	2328.0	84.0
5.6310607E13	2328.0	85.0
5.631062E13	2373.0	88.0
5.631063E13	2373.0	89.0
5.6310637E13	2373.0	89.0
5.631065E13	2373.0	85.0
5.6310658E13	2373.0	85.0
5.6310666E13	2414.0	85.0
5.631068E13	2414.0	86.0
5.6310687E13	2414.0	86.0
5.63107E13	2414.0	86.0
5.631071E13	2456.0	82.0
5.6310716E13	2456.0	82.0
5.631073E13	2507.0	80.0
5.6310737E13	2507.0	78.0
5.631075E13	2507.0	75.0
5.631076E13	2507.0	73.0
5.6310767E13	2550.0	71.0
5.631078E13	2550.0	71.0
5.6310788E13	2550.0	70.0
5.63108E13	2550.0	70.0
5.631081E13	2550.0	69.0
5.6310817E13	2870.0	68.0
5.631083E13	2870.0	68.0
5.631084E13	2870.0	69.0
5.6310846E13	2870.0	70.0
5.631086E13	3001.0	72.0
5.6310867E13	3001.0	72.0
5.631088E13	3001.0	70.0
5.631089E13	3417.0	67.0
5.6310897E13	3417.0	64.0
5.631091E13	3417.0	63.0
5.6310918E13	3417.0	65.0
5.6310926E13	3916.0	69.0
5.631094E13	3916.0	74.0
5.6310947E13	3916.0	74.0
5.631096E13	3916.0	72.0
5.631097E13	4602.0	43.0
5.6310976E13	4602.0	73.0
5.631099E13	4602.0	73.0
5.6310997E13	4602.0	71.0
5.631101E13	4412.0	69.0
5.631102E13	4412.0	67.0
5.6311027E13	4412.0	64.0
5.631104E13	3659.0	61.0
5.6311048E13	3659.0	60.0
5.631106E13	3659.0	61.0
5.631107E13	3659.0	64.0
5.6311077E13	3021.0	68.0
5.631109E13	3021.0	69.0
5.63111E13	3021.0	68.0
5.6311107E13	3021.0	67.0
5.631112E13	2516.0	68.0
5.6311127E13	2516.0	70.0
5.631114E13	2516.0	73.0
5.631115E13	2516.0	75.0
5.6311157E13	2463.0	76.0
5.631117E13	2463.0	77.0
5.6311178E13	2463.0	76.0
5.631119E13	2417.0	75.0
5.63112E13	2417.0	74.0
5.6311207E13	2417.0	73.0
5.631122E13	2417.0	71.0
5.631123E13	2372.0	69.0
5.6311237E13	2372.0	67.0
5.631125E13	2372.0	66.0
5.6311257E13	2372.0	66.0
5.631127E13	2340.0	66.0
5.631128E13	2340.0	65.0
5.6311287E13	2340.0	65.0
5.63113E13	2340.0	65.0
5.6311308E13	2319.0	65.0
5.631132E13	2319.0	67.0
5.631133E13	2319.0	69.0
5.6311337E13	2317.0	74.0
5.631135E13	2317.0	77.0
5.631136E13	2317.0	78.0
5.631137E13	2320.0	78.0
5.631138E13	2320.0	76.0
5.6311388E13	2320.0	76.0
5.63114E13	2320.0	75.0
5.631141E13	2314.0	74.0
5.6311417E13	2314.0	74.0
5.631143E13	2314.0	74.0
5.6311438E13	2314.0	74.0
5.631145E13	2302.0	72.0
5.631146E13	2302.0	72.0
5.6311467E13	2302.0	73.0
5.631148E13	2296.0	76.0
5.631149E13	2296.0	78.0
5.63115E13	2296.0	80.0
5.631151E13	2296.0	84.0
5.6311518E13	2295.0	85.0
5.631153E13	2295.0	85.0
5.631154E13	2295.0	84.0
5.6311547E13	2295.0	82.0
5.631156E13	2295.0	81.0
5.6311568E13	2292.0	80.0
5.631158E13	2292.0	79.0
5.631159E13	2292.0	78.0
5.6311597E13	2292.0	77.0
5.631161E13	2291.0	77.0
5.631162E13	2291.0	78.0
5.631163E13	2298.0	80.0
5.631164E13	2298.0	80.0
5.6311648E13	2298.0	79.0
5.631166E13	2298.0	77.0
5.631167E13	2315.0	76.0
5.6311677E13	2315.0	77.0
5.631169E13	2315.0	80.0
5.6311698E13	2315.0	83.0
5.631171E13	2355.0	86.0
5.631172E13	2355.0	88.0
5.6311727E13	2355.0	89.0
5.631174E13	2355.0	88.0
5.631175E13	2405.0	87.0
5.631176E13	2405.0	88.0
5.631177E13	2405.0	88.0
5.6311778E13	2450.0	88.0
5.631179E13	2450.0	88.0
5.63118E13	2450.0	88.0
5.6311807E13	2450.0	88.0
5.631182E13	2450.0	89.0
5.631183E13	2480.0	88.0
5.631184E13	2480.0	86.0
5.6311857E13	2480.0	80.0
5.631187E13	2504.0	77.0
5.631188E13	2504.0	75.0
5.631189E13	2504.0	74.0
5.63119E13	2505.0	72.0
5.6311908E13	2505.0	70.0
5.631192E13	2505.0	68.0
5.631193E13	2505.0	67.0
5.631194E13	2501.0	65.0
5.631195E13	2501.0	65.0
5.631196E13	2501.0	64.0
5.631197E13	2501.0	63.0
5.631198E13	2515.0	64.0
5.6311987E13	2515.0	66.0
5.6312E13	2515.0	68.0
5.631201E13	2515.0	68.0
5.631202E13	2567.0	67.0
5.631203E13	2567.0	65.0
5.6312038E13	2637.0	63.0
5.631205E13	3020.0	65.0
5.631206E13	3020.0	69.0
5.631207E13	3020.0	73.0
5.631208E13	3020.0	73.0
5.631209E13	3085.0	73.0
5.63121E13	3085.0	71.0
5.631211E13	3085.0	71.0
5.631212E13	3085.0	73.0
5.631213E13	2932.0	72.0
5.631214E13	2932.0	69.0
5.631215E13	2932.0	66.0
5.631216E13	2932.0	63.0
5.6312168E13	2549.0	60.0
5.631218E13	2549.0	60.0
5.631219E13	2549.0	62.0
5.63122E13	3162.0	66.0
5.631221E13	2474.0	70.0
5.631222E13	2474.0	72.0
5.631223E13	2474.0	70.0
5.631224E13	2446.0	69.0
5.6312247E13	2446.0	70.0
5.631226E13	2446.0	72.0
5.631227E13	2446.0	76.0
5.631228E13	2442.0	80.0
5.631229E13	2442.0	82.0
5.6312298E13	2442.0	83.0
5.631231E13	2442.0	84.0
5.631232E13	2408.0	83.0
5.631233E13	2408.0	80.0
5.631234E13	2408.0	76.0
5.631235E13	2368.0	73.0
5.631236E13	2368.0	70.0
5.631237E13	2368.0	67.0
5.631238E13	2368.0	65.0
5.631239E13	2333.0	64.0
5.63124E13	2333.0	62.0
5.631241E13	2333.0	60.0
5.631242E13	2333.0	60.0
5.6312428E13	2306.0	61.0
5.631244E13	2306.0	63.0
5.631245E13	2306.0	64.0
5.631246E13	2306.0	66.0
5.631247E13	2295.0	67.0
5.631248E13	2295.0	70.0
5.631249E13	2295.0	72.0
5.63125E13	2300.0	74.0
5.631251E13	2300.0	76.0
5.631252E13	2300.0	77.0
5.631253E13	2300.0	76.0
5.631254E13	2307.0	75.0
5.6312558E13	2307.0	76.0
5.631257E13	2307.0	76.0
5.631258E13	2302.0	73.0
5.631259E13	2302.0	73.0
5.63126E13	2302.0	74.0
5.631261E13	2302.0	74.0
5.631262E13	2287.0	77.0
5.631263E13	2287.0	80.0
5.631264E13	2273.0	81.0
5.631265E13	2273.0	81.0
5.631266E13	2273.0	80.0
5.631267E13	2273.0	80.0
5.631268E13	2265.0	81.0
5.631269E13	2265.0	81.0
5.63127E13	2265.0	81.0
5.631271E13	2265.0	81.0
5.631272E13	2268.0	81.0
5.631273E13	2268.0	81.0
5.631274E13	2268.0	80.0
5.631275E13	2268.0	79.0
5.631276E13	2278.0	78.0
5.631277E13	2278.0	77.0
5.631278E13	2278.0	77.0
5.631279E13	2301.0	78.0
5.631281E13	2301.0	82.0
5.63128E13	2301.0	82.0
5.631282E13	2301.0	84.0
5.631283E13	2342.0	86.0
5.631284E13	2342.0	87.0
5.631285E13	2342.0	88.0
5.631286E13	2342.0	90.0
5.631287E13	2389.0	89.0
5.631288E13	2389.0	87.0
5.631289E13	2389.0	85.0
5.63129E13	2389.0	85.0
5.631291E13	2389.0	85.0
5.631292E13	2435.0	85.0
5.631293E13	2435.0	86.0
5.631294E13	2435.0	86.0
5.631295E13	2481.0	85.0
5.631296E13	2481.0	84.0
5.631297E13	2481.0	84.0
5.631298E13	2481.0	83.0
5.631299E13	2537.0	81.0
5.6313002E13	2537.0	79.0
5.631301E13	2537.0	77.0
5.631302E13	2537.0	75.0
5.631304E13	2590.0	69.0
5.631305E13	2590.0	68.0
5.631307E13	2663.0	64.0
5.631308E13	2663.0	64.0
5.631309E13	2663.0	65.0
5.63131E13	3007.0	66.0
5.631311E13	3007.0	67.0
5.631313E13	3007.0	64.0
5.631314E13	3282.0	59.0
5.631315E13	3282.0	59.0
5.631316E13	3282.0	62.0
5.631317E13	3551.0	67.0
5.631318E13	3551.0	73.0
5.631319E13	3551.0	75.0
5.63132E13	3551.0	73.0
5.631321E13	3792.0	71.0
5.631322E13	3792.0	72.0
5.631323E13	3792.0	72.0
5.631324E13	3897.0	72.0
5.631325E13	3897.0	72.0
5.6313262E13	3897.0	71.0
5.631327E13	3897.0	68.0
5.631328E13	3897.0	47.0
5.631329E13	3199.0	61.0
5.63133E13	3199.0	61.0
5.631331E13	3199.0	63.0
5.631332E13	3199.0	67.0
5.631333E13	2541.0	70.0
5.631334E13	2541.0	69.0
5.631335E13	2541.0	66.0
5.631336E13	2541.0	63.0
5.631337E13	2464.0	62.0
5.631338E13	2464.0	64.0
5.6313392E13	2464.0	67.0
5.63134E13	2433.0	69.0
5.631341E13	2433.0	71.0
5.631342E13	2433.0	72.0
5.631343E13	2433.0	71.0
5.631344E13	2404.0	72.0
5.631345E13	2404.0	71.0
5.631346E13	2404.0	70.0
5.631347E13	2404.0	69.0
5.631348E13	2375.0	67.0
5.631349E13	2375.0	67.0
5.63135E13	2375.0	65.0
5.631351E13	2375.0	64.0
5.6313522E13	2351.0	64.0
5.631353E13	2351.0	64.0
5.631354E13	2351.0	64.0
5.631355E13	2334.0	64.0
5.631356E13	2334.0	65.0
5.631357E13	2334.0	66.0
5.631358E13	2334.0	67.0
5.631359E13	2326.0	67.0
5.6313602E13	2326.0	68.0
5.631361E13	2326.0	70.0
5.631362E13	2326.0	71.0
5.631363E13	2329.0	73.0
5.631364E13	2329.0	75.0
5.6313652E13	2329.0	77.0
5.631366E13	2329.0	78.0
5.631367E13	2330.0	77.0
5.631368E13	2330.0	77.0
5.631369E13	2330.0	77.0
5.6313703E13	2328.0	77.0
5.631371E13	2328.0	76.0
5.631372E13	2328.0	75.0
5.6313732E13	2328.0	76.0
5.631374E13	2319.0	77.0
5.631375E13	2319.0	77.0
5.631376E13	2319.0	77.0
5.631377E13	2319.0	79.0
5.6313782E13	2309.0	80.0
5.631379E13	2309.0	81.0
5.63138E13	2309.0	81.0
5.631381E13	2309.0	81.0
5.631382E13	2303.0	81.0
5.6313833E13	2303.0	80.0
5.631384E13	2303.0	78.0
5.631385E13	2302.0	77.0
5.6313862E13	2302.0	77.0
5.631387E13	2302.0	78.0
5.631388E13	2302.0	79.0
5.631389E13	2304.0	80.0
5.63139E13	2304.0	81.0
5.6313912E13	2304.0	82.0
5.631392E13	2304.0	81.0
5.631393E13	2320.0	80.0
5.631394E13	2320.0	79.0
5.631395E13	2320.0	78.0
5.6313963E13	2370.0	77.0
5.631397E13	2370.0	77.0
5.631398E13	2370.0	77.0
5.6313992E13	2370.0	77.0
5.6314E13	2439.0	77.0
5.631401E13	2439.0	78.0
5.631402E13	2439.0	79.0
5.631403E13	2439.0	80.0
5.6314043E13	2485.0	82.0
5.631405E13	2485.0	83.0
5.6314063E13	2485.0	83.0
5.631407E13	2485.0	83.0
5.631408E13	2500.0	82.0
5.6314093E13	2500.0	79.0
5.63141E13	2500.0	79.0
5.631411E13	2496.0	77.0
5.6314122E13	2496.0	75.0
5.631413E13	2496.0	73.0
5.6314143E13	2496.0	71.0
5.631415E13	2489.0	69.0
5.631416E13	2489.0	67.0
5.6314173E13	2489.0	67.0
5.631418E13	2489.0	66.0
5.631419E13	2485.0	66.0
5.63142E13	2485.0	65.0
5.631421E13	2485.0	64.0
5.6314223E13	2485.0	64.0
5.631423E13	2495.0	63.0
5.631424E13	2495.0	64.0
5.6314252E13	2495.0	66.0
5.631426E13	2532.0	68.0
5.6314273E13	2532.0	68.0
5.631428E13	2532.0	65.0
5.631429E13	2532.0	62.0
5.6314303E13	2589.0	60.0
5.631431E13	2589.0	60.0
5.6314324E13	2589.0	64.0
5.631433E13	2589.0	67.0
5.631434E13	2792.0	69.0
5.6314353E13	2792.0	69.0
5.631436E13	2792.0	69.0
5.631437E13	2792.0	69.0
5.6314382E13	2898.0	69.0
5.631439E13	2898.0	69.0
5.6314403E13	2898.0	69.0
5.631441E13	2924.0	67.0
5.631442E13	2579.0	64.0
5.6314433E13	2579.0	59.0
5.631444E13	2579.0	55.0
5.6314454E13	2514.0	56.0
5.631446E13	2514.0	62.0
5.631447E13	2514.0	74.0
5.6314483E13	2514.0	74.0
5.631449E13	2492.0	71.0
5.63145E13	2492.0	69.0
5.6314512E13	2492.0	69.0
5.631452E13	2492.0	71.0
5.6314533E13	2491.0	72.0
5.631454E13	2491.0	75.0
5.631455E13	2491.0	77.0
5.6314563E13	2469.0	78.0
5.631457E13	2469.0	79.0
5.6314584E13	2469.0	77.0
5.631459E13	2469.0	75.0
5.63146E13	2431.0	71.0
5.6314613E13	2431.0	68.0
5.631462E13	2431.0	66.0
5.6314634E13	2431.0	65.0
5.6314642E13	2404.0	64.0
5.631465E13	2404.0	64.0
5.6314663E13	2404.0	65.0
5.631467E13	2404.0	65.0
5.631468E13	2386.0	66.0
5.6314693E13	2386.0	67.0
5.63147E13	2386.0	68.0
5.6314714E13	2380.0	70.0
5.631472E13	2380.0	71.0
5.631473E13	2380.0	71.0
5.6314743E13	2383.0	76.0
5.631475E13	2383.0	76.0
5.6314764E13	2383.0	78.0
5.6314772E13	2383.0	80.0
5.631478E13	2383.0	80.0
5.6314793E13	2382.0	77.0
5.63148E13	2382.0	77.0
5.631481E13	2382.0	76.0
5.6314823E13	2376.0	75.0
5.631483E13	2376.0	74.0
5.6314844E13	2376.0	74.0
5.631485E13	2358.0	75.0
5.631486E13	2358.0	75.0
5.6314873E13	2358.0	76.0
5.631488E13	2358.0	76.0
5.6314894E13	2358.0	77.0
5.6314902E13	2348.0	79.0
5.631491E13	2348.0	81.0
5.6314923E13	2348.0	81.0
5.631493E13	2348.0	81.0
5.6314944E13	2339.0	81.0
5.6314953E13	2339.0	81.0
5.631496E13	2339.0	82.0
5.6314974E13	2339.0	82.0
5.631498E13	2338.0	82.0
5.631499E13	2338.0	82.0
5.6315003E13	2338.0	81.0
5.631501E13	2342.0	80.0
5.6315024E13	2342.0	78.0
5.6315032E13	2342.0	77.0
5.631504E13	2342.0	76.0
5.6315053E13	2358.0	75.0
5.631506E13	2358.0	76.0
5.6315074E13	2358.0	77.0
5.6315083E13	2358.0	80.0
5.631509E13	2392.0	83.0
5.6315104E13	2392.0	85.0
5.631511E13	2392.0	87.0
5.631512E13	2392.0	88.0
5.6315133E13	2448.0	88.0
5.631514E13	2448.0	86.0
5.6315154E13	2448.0	84.0
5.6315162E13	2502.0	83.0
5.631517E13	2502.0	82.0
5.6315183E13	2502.0	83.0
5.631519E13	2502.0	83.0
5.6315204E13	2546.0	84.0
5.6315213E13	2546.0	85.0
5.631522E13	2546.0	85.0
5.6315234E13	2546.0	83.0
5.631524E13	2594.0	81.0
5.631525E13	2594.0	77.0
5.6315263E13	2594.0	76.0
5.631527E13	2594.0	74.0
5.6315284E13	2642.0	72.0
5.6315292E13	2642.0	70.0
5.63153E13	2642.0	68.0
5.6315313E13	2810.0	67.0
5.631532E13	2810.0	66.0
5.6315334E13	2810.0	65.0
5.6315343E13	2810.0	63.0
5.631535E13	3136.0	63.0
5.6315364E13	3136.0	65.0
5.6315372E13	3136.0	67.0
5.631538E13	3136.0	68.0
5.6315393E13	3341.0	67.0
5.63154E13	3341.0	63.0
5.6315414E13	3341.0	60.0
5.6315422E13	3341.0	59.0
5.631543E13	3721.0	61.0
5.6315443E13	3721.0	64.0
5.631545E13	3721.0	68.0
5.6315464E13	3989.0	69.0
5.6315473E13	3989.0	68.0
5.631548E13	3989.0	68.0
5.6315494E13	3989.0	69.0
5.6315502E13	4059.0	69.0
5.6315515E13	4059.0	70.0
5.6315523E13	4059.0	69.0
5.631553E13	4059.0	66.0
5.6315544E13	3372.0	64.0
5.6315552E13	3372.0	62.0
5.631556E13	3372.0	60.0
5.6315573E13	3372.0	61.0
5.631558E13	3065.0	65.0
5.6315594E13	3065.0	70.0
5.6315603E13	3065.0	72.0
5.631561E13	2907.0	71.0
5.6315624E13	2907.0	69.0
5.6315632E13	2907.0	69.0
5.6315645E13	2907.0	70.0
5.6315653E13	2598.0	72.0
5.631566E13	2598.0	73.0
5.6315674E13	2598.0	73.0
5.6315682E13	2598.0	74.0
5.631569E13	2539.0	75.0
5.6315703E13	2539.0	75.0
5.631571E13	2539.0	75.0
5.6315724E13	2539.0	74.0
5.6315733E13	2473.0	73.0
5.631574E13	2473.0	68.0
5.6315754E13	2428.0	66.0
5.6315762E13	2428.0	65.0
5.6315775E13	2428.0	63.0
5.6315783E13	2428.0	63.0
5.631579E13	2402.0	63.0
5.6315804E13	2402.0	63.0
5.6315813E13	2402.0	63.0
5.631582E13	2402.0	65.0
5.6315833E13	2402.0	65.0
5.631584E13	2389.0	70.0
5.6315854E13	2389.0	70.0
5.6315863E13	2389.0	57.0
5.631587E13	2390.0	76.0
5.6315884E13	2390.0	77.0
5.6315892E13	2390.0	76.0
5.6315905E13	2390.0	76.0
5.6315913E13	2385.0	77.0
5.631592E13	2385.0	77.0
5.6315934E13	2385.0	77.0
5.6315943E13	2385.0	77.0
5.6315955E13	2376.0	76.0
5.6315964E13	2376.0	75.0
5.631597E13	2376.0	75.0
5.6315984E13	2376.0	75.0
5.6315993E13	2361.0	76.0
5.6316E13	2361.0	77.0
5.6316014E13	2361.0	78.0
5.6316022E13	2352.0	81.0
5.6316035E13	2352.0	81.0
5.6316043E13	2352.0	81.0
5.631605E13	2352.0	81.0
5.6316064E13	2340.0	81.0
5.6316073E13	2340.0	82.0
5.6316085E13	2340.0	82.0
5.6316094E13	2340.0	81.0
5.63161E13	2332.0	80.0
5.6316115E13	2332.0	79.0
5.6316123E13	2332.0	79.0
5.631613E13	2332.0	78.0
5.6316144E13	2334.0	77.0
5.6316152E13	2334.0	76.0
5.6316165E13	2334.0	76.0
5.6316173E13	2348.0	76.0
5.631618E13	2348.0	78.0
5.6316194E13	2348.0	80.0
5.6316203E13	2348.0	83.0
5.6316215E13	2377.0	86.0
5.6316224E13	2377.0	88.0
5.631623E13	2377.0	88.0
5.6316245E13	2377.0	88.0
5.6316253E13	2421.0	87.0
5.631626E13	2421.0	85.0
5.6316274E13	2421.0	84.0
5.6316282E13	2421.0	83.0
5.6316295E13	2472.0	83.0
5.6316303E13	2472.0	84.0
5.631631E13	2472.0	85.0
5.6316324E13	2506.0	86.0
5.6316333E13	2506.0	85.0
5.6316345E13	2506.0	83.0
5.6316354E13	2506.0	81.0
5.631636E13	2534.0	80.0
5.6316375E13	2534.0	79.0
5.6316383E13	2534.0	78.0
5.631639E13	2534.0	77.0
5.6316404E13	2561.0	76.0
5.6316412E13	2561.0	74.0
5.6316425E13	2561.0	72.0
5.6316433E13	2561.0	71.0
5.631644E13	2575.0	72.0
5.6316454E13	2575.0	71.0
5.6316463E13	2575.0	70.0
5.6316475E13	2666.0	68.0
5.6316484E13	2666.0	65.0
5.631649E13	2666.0	65.0
5.6316505E13	2666.0	69.0
5.6316513E13	3110.0	71.0
5.6316526E13	3110.0	68.0
5.6316534E13	3110.0	63.0
5.6316542E13	3110.0	60.0
5.6316555E13	3400.0	59.0
5.6316563E13	3400.0	62.0
5.631657E13	3400.0	65.0
5.6316584E13	3400.0	67.0
5.6316593E13	3628.0	68.0
5.6316605E13	3628.0	69.0
5.6316614E13	3628.0	69.0
5.631662E13	3530.0	70.0
5.6316635E13	3530.0	71.0
5.6316643E13	3530.0	71.0
5.6316656E13	3530.0	70.0
5.6316664E13	3389.0	68.0
5.6316672E13	3389.0	66.0
5.6316685E13	3389.0	62.0
5.6316693E13	3389.0	58.0
5.6316706E13	3111.0	57.0
5.6316714E13	3111.0	60.0
5.6316723E13	3111.0	67.0
5.6316735E13	3111.0	73.0
5.6316744E13	2939.0	76.0
5.631675E13	2939.0	74.0
5.6316765E13	2939.0	72.0
5.6316773E13	2784.0	71.0
5.6316786E13	2784.0	72.0
5.6316794E13	2784.0	77.0
5.6316802E13	2587.0	79.0
5.6316815E13	2587.0	79.0
5.6316823E13	2587.0	82.0
5.6316836E13	2587.0	82.0
5.6316844E13	2587.0	81.0
5.6316853E13	2475.0	76.0
5.6316865E13	2475.0	73.0
5.6316874E13	2475.0	70.0
5.631688E13	2412.0	68.0
5.6316895E13	2412.0	67.0
5.6316903E13	2412.0	67.0
5.6316916E13	2368.0	66.0
5.6316924E13	2368.0	66.0
5.6316932E13	2368.0	66.0
5.6316945E13	2368.0	65.0
5.6316953E13	2368.0	65.0
5.6316966E13	2343.0	66.0
5.6316974E13	2343.0	67.0
5.6316983E13	2343.0	67.0
5.6316995E13	2343.0	69.0
5.6317004E13	2332.0	71.0
5.6317016E13	2332.0	73.0
5.6317025E13	2332.0	76.0
5.6317033E13	2332.0	78.0
5.6317046E13	2325.0	78.0
5.6317054E13	2325.0	77.0
5.6317067E13	2325.0	77.0
5.6317075E13	2315.0	78.0
5.6317083E13	2315.0	78.0
5.6317096E13	2315.0	76.0
5.6317104E13	2315.0	74.0
5.6317113E13	2300.0	74.0
5.6317125E13	2300.0	75.0
5.6317134E13	2300.0	78.0
5.6317142E13	2300.0	80.0
5.6317155E13	2293.0	81.0
5.6317163E13	2293.0	83.0
5.6317176E13	2293.0	82.0
5.6317184E13	2293.0	81.0
5.6317197E13	2282.0	82.0
5.6317205E13	2282.0	84.0
5.6317213E13	2282.0	84.0
5.6317226E13	2279.0	83.0
5.6317234E13	2279.0	81.0
5.6317243E13	2279.0	79.0
5.6317255E13	2279.0	78.0
5.6317264E13	2277.0	78.0
5.6317272E13	2277.0	78.0
5.6317285E13	2277.0	78.0
5.6317293E13	2277.0	78.0
5.6317306E13	2278.0	77.0
5.6317314E13	2278.0	76.0
5.6317322E13	2278.0	77.0
5.6317335E13	2278.0	80.0
5.6317343E13	2297.0	83.0
5.6317356E13	2297.0	85.0
5.6317364E13	2297.0	86.0
5.6317373E13	2330.0	86.0
5.6317385E13	2330.0	85.0
5.6317394E13	2330.0	84.0
5.6317402E13	2330.0	84.0
5.6317415E13	2366.0	85.0
5.6317423E13	2366.0	86.0
5.6317436E13	2366.0	87.0
5.6317444E13	2366.0	89.0
5.6317452E13	2384.0	88.0
5.6317465E13	2384.0	86.0
5.6317473E13	2384.0	83.0
5.6317486E13	2384.0	81.0
5.6317494E13	2405.0	79.0
5.6317503E13	2405.0	79.0
5.6317515E13	2405.0	78.0
5.6317524E13	2439.0	78.0
5.6317536E13	2439.0	78.0
5.6317545E13	2439.0	77.0
5.6317553E13	2439.0	75.0
5.6317566E13	2507.0	72.0
5.6317574E13	2507.0	70.0
5.6317583E13	2507.0	68.0
5.6317595E13	2789.0	62.0
5.6317603E13	2789.0	64.0
5.6317616E13	2789.0	67.0
5.6317624E13	2789.0	67.0
5.6317633E13	2789.0	69.0
5.6317645E13	3125.0	69.0
5.6317654E13	3125.0	67.0
5.6317666E13	3125.0	65.0
5.6317675E13	3179.0	62.0
5.6317683E13	3179.0	62.0
5.6317696E13	3179.0	64.0
5.6317704E13	3179.0	68.0
5.6317713E13	3283.0	72.0
5.6317725E13	3283.0	72.0
5.6317734E13	3283.0	72.0
5.6317746E13	3283.0	72.0
5.6317754E13	3316.0	71.0
5.6317763E13	3316.0	70.0
5.6317775E13	3316.0	69.0
5.6317784E13	2967.0	64.0
5.6317796E13	2967.0	64.0
5.6317805E13	2967.0	61.0
5.6317813E13	2967.0	58.0
5.6317826E13	2522.0	55.0
5.6317834E13	2522.0	57.0
5.6317847E13	2522.0	70.0
5.6317855E13	2346.0	72.0
5.6317864E13	2346.0	72.0
5.6317876E13	2346.0	69.0
5.6317884E13	2346.0	67.0
5.6317893E13	2346.0	67.0
5.6317905E13	2346.0	68.0
5.6317914E13	2346.0	70.0
5.6317926E13	2346.0	74.0
5.6317935E13	2344.0	77.0
5.6317943E13	2344.0	79.0
5.6317956E13	2344.0	80.0
5.6317964E13	2344.0	81.0
5.6317977E13	2320.0	81.0
5.6317985E13	2320.0	79.0
5.6317994E13	2320.0	78.0
5.6318006E13	2320.0	75.0
5.6318015E13	2283.0	73.0
5.6318023E13	2283.0	71.0
5.6318035E13	2283.0	70.0
5.6318044E13	2283.0	69.0
5.6318056E13	2251.0	68.0
5.6318065E13	2251.0	66.0
5.6318073E13	2251.0	65.0
5.6318086E13	2234.0	65.0
5.63181E13	2234.0	66.0
5.6318107E13	2234.0	67.0
5.6318115E13	2234.0	68.0
5.6318128E13	2235.0	74.0
5.6318136E13	2235.0	74.0
5.6318145E13	2235.0	78.0
5.6318157E13	2246.0	80.0
5.6318166E13	2246.0	80.0
5.6318174E13	2246.0	79.0
5.6318186E13	2246.0	77.0
5.6318195E13	2246.0	76.0
5.6318203E13	2240.0	75.0
5.6318216E13	2240.0	75.0
5.6318224E13	2240.0	74.0
5.6318237E13	2222.0	74.0
5.6318245E13	2222.0	74.0
5.6318254E13	2222.0	76.0
5.6318266E13	2222.0	77.0
5.6318275E13	2214.0	78.0
5.6318287E13	2214.0	81.0
5.6318296E13	2214.0	84.0
5.6318304E13	2214.0	85.0
5.6318317E13	2213.0	84.0
5.6318325E13	2213.0	84.0
5.6318333E13	2213.0	84.0
5.6318346E13	2213.0	84.0
5.6318354E13	2214.0	83.0
5.6318367E13	2214.0	81.0
5.6318375E13	2214.0	81.0
5.6318384E13	2208.0	78.0
5.6318396E13	2208.0	77.0
5.6318405E13	2208.0	77.0
5.6318417E13	2208.0	77.0
5.6318426E13	2204.0	77.0
5.6318434E13	2204.0	77.0
5.6318447E13	2204.0	77.0
5.6318455E13	2204.0	78.0
5.6318463E13	2216.0	80.0
5.6318476E13	2216.0	83.0
5.6318484E13	2216.0	85.0
5.6318497E13	2216.0	87.0
5.6318505E13	2249.0	89.0
5.6318514E13	2249.0	86.0
5.6318526E13	2249.0	83.0
5.6318535E13	2282.0	82.0
5.6318547E13	2282.0	84.0
5.6318556E13	2282.0	85.0
5.6318564E13	2282.0	86.0
5.6318577E13	2313.0	86.0
5.6318585E13	2313.0	87.0
5.6318598E13	2313.0	90.0
5.6318606E13	2313.0	86.0
5.6318614E13	2336.0	82.0
5.6318627E13	2336.0	79.0
5.6318635E13	2336.0	75.0
5.6318644E13	2336.0	72.0
5.6318665E13	2347.0	69.0
5.6318677E13	2347.0	68.0
5.6318686E13	2344.0	68.0
5.6318694E13	2344.0	68.0
5.6318728E13	2396.0	64.0
5.6318736E13	2396.0	64.0
5.6318744E13	2396.0	63.0
5.6318757E13	2396.0	62.0
5.6318765E13	2423.0	62.0
5.6318774E13	2423.0	60.0
5.6318786E13	2423.0	60.0
5.6318795E13	2423.0	60.0
5.6318807E13	2553.0	62.0
5.6318816E13	2553.0	62.0
5.6318824E13	2553.0	67.0
5.6318837E13	2600.0	73.0
5.6318845E13	2600.0	74.0
5.6318858E13	2600.0	72.0
5.6318866E13	2600.0	71.0
5.6318874E13	2999.0	72.0
5.6318887E13	2999.0	72.0
5.6318895E13	2999.0	71.0
5.631891E13	2965.0	68.0
5.6318916E13	2965.0	68.0
5.6318925E13	2965.0	65.0
5.6318937E13	2965.0	63.0
5.6318946E13	2965.0	63.0
5.6318954E13	2577.0	67.0
5.6318967E13	2577.0	70.0
5.6318975E13	2577.0	71.0
5.6318988E13	2434.0	69.0
5.6318996E13	2434.0	67.0
5.6319004E13	2434.0	66.0
5.6319017E13	2434.0	67.0
5.6319025E13	2284.0	69.0
5.631904E13	2284.0	71.0
5.6319046E13	2284.0	72.0
5.6319055E13	2284.0	73.0
5.6319067E13	2270.0	73.0
5.6319076E13	2270.0	74.0
5.631909E13	2270.0	74.0
5.6319097E13	2270.0	73.0
5.6319105E13	2239.0	71.0
5.6319118E13	2239.0	70.0
5.6319126E13	2239.0	68.0
5.6319134E13	2212.0	66.0
5.6319147E13	2212.0	65.0
5.6319155E13	2212.0	64.0
5.631917E13	2212.0	64.0
5.6319176E13	2192.0	64.0
5.6319185E13	2192.0	64.0
5.6319197E13	2192.0	65.0
5.6319206E13	2192.0	67.0
5.631922E13	2181.0	68.0
5.6319227E13	2181.0	68.0
5.6319235E13	2181.0	70.0
5.6319248E13	2181.0	73.0
5.6319256E13	2180.0	73.0
5.6319264E13	2180.0	73.0
5.6319277E13	2180.0	72.0
5.6319285E13	2178.0	73.0
5.63193E13	2178.0	73.0
5.6319306E13	2178.0	75.0
5.6319315E13	2178.0	76.0
5.6319327E13	2168.0	76.0
5.6319336E13	2168.0	77.0
5.631935E13	2168.0	77.0
5.6319357E13	2168.0	78.0
5.6319365E13	2156.0	78.0
5.6319378E13	2156.0	77.0
5.6319386E13	2156.0	79.0
5.6319394E13	2156.0	81.0
5.6319407E13	2153.0	82.0
5.6319415E13	2153.0	84.0
5.631943E13	2153.0	85.0
5.6319436E13	2151.0	85.0
5.6319445E13	2151.0	83.0
5.6319457E13	2151.0	82.0
5.6319466E13	2151.0	82.0
5.631948E13	2152.0	82.0
5.6319487E13	2152.0	82.0
5.6319495E13	2152.0	81.0
5.6319508E13	2152.0	80.0
5.6319516E13	2157.0	79.0
5.6319524E13	2157.0	79.0
5.6319537E13	2157.0	80.0
5.6319545E13	2157.0	81.0
5.631956E13	2186.0	83.0
5.6319566E13	2186.0	85.0
5.6319575E13	2186.0	86.0
5.6319587E13	2233.0	87.0
5.6319596E13	2233.0	86.0
5.631961E13	2233.0	86.0
5.6319617E13	2233.0	85.0
5.6319625E13	2279.0	84.0
5.6319638E13	2279.0	84.0
5.6319646E13	2279.0	84.0
5.631966E13	2279.0	86.0
5.6319667E13	2315.0	87.0
5.6319675E13	2315.0	88.0
5.631969E13	2315.0	89.0
5.6319696E13	2315.0	89.0
5.6319705E13	2349.0	88.0
5.6319717E13	2349.0	87.0
5.6319726E13	2349.0	85.0
5.631974E13	2388.0	82.0
5.6319747E13	2388.0	79.0
5.6319755E13	2388.0	76.0
5.6319768E13	2388.0	72.0
5.6319776E13	2404.0	69.0
5.631979E13	2404.0	65.0
5.6319797E13	2404.0	62.0
5.6319805E13	2401.0	62.0
5.631982E13	2401.0	62.0
5.6319826E13	2401.0	62.0
5.6319835E13	2422.0	65.0
5.6319847E13	2422.0	65.0
5.6319856E13	2726.0	66.0
5.631987E13	2726.0	61.0
5.6319877E13	3128.0	58.0
5.6319885E13	3128.0	58.0
5.6319898E13	3128.0	57.0
5.6319906E13	3128.0	61.0
5.631992E13	3660.0	67.0
5.6319927E13	3660.0	74.0
5.6319936E13	3660.0	77.0
5.631995E13	3660.0	77.0
5.6319956E13	3660.0	72.0
5.631997E13	4257.0	73.0
5.6319977E13	4257.0	73.0
5.6319986E13	4257.0	73.0
5.632E13	4168.0	71.0
5.6320007E13	4287.0	68.0
5.6320015E13	4287.0	65.0
5.6320028E13	4287.0	61.0
5.6320036E13	3514.0	59.0
5.632005E13	3514.0	59.0
5.6320057E13	3514.0	62.0
5.6320066E13	3514.0	66.0
5.632008E13	2926.0	68.0
5.6320087E13	2926.0	67.0
5.63201E13	2926.0	65.0
5.6320107E13	2926.0	64.0
5.6320116E13	2626.0	65.0
5.632013E13	2626.0	67.0
5.6320137E13	2626.0	71.0
5.6320145E13	2527.0	74.0
5.6320158E13	2372.0	76.0
5.6320166E13	2372.0	77.0
5.632018E13	2372.0	77.0
5.6320187E13	2335.0	76.0
5.6320196E13	2335.0	74.0
5.632021E13	2335.0	71.0
5.6320217E13	2335.0	68.0
5.6320238E13	2297.0	64.0
5.6320246E13	2297.0	64.0
5.632026E13	2297.0	64.0
5.6320267E13	2266.0	64.0
5.6320275E13	2266.0	64.0
5.6320288E13	2266.0	65.0
5.6320296E13	2257.0	66.0
5.632031E13	2257.0	67.0
5.6320317E13	2257.0	69.0
5.6320326E13	2257.0	71.0
5.632034E13	2258.0	71.0
5.6320347E13	2258.0	72.0
5.632036E13	2258.0	74.0
5.6320368E13	2258.0	76.0
5.6320376E13	2262.0	76.0
5.632039E13	2262.0	77.0
5.6320397E13	2262.0	78.0
5.6320405E13	2262.0	79.0
5.6320418E13	2262.0	79.0
5.6320426E13	2262.0	79.0
5.632044E13	2262.0	77.0
5.6320447E13	2250.0	76.0
5.6320456E13	2250.0	76.0
5.632047E13	2250.0	76.0
5.6320477E13	2250.0	77.0
5.632049E13	2242.0	77.0
5.6320498E13	2242.0	77.0
5.6320506E13	2242.0	77.0
5.632052E13	2242.0	79.0
5.6320527E13	2236.0	82.0
5.632054E13	2236.0	82.0
5.6320548E13	2236.0	82.0
5.6320556E13	2236.0	82.0
5.632057E13	2229.0	80.0
5.6320577E13	2229.0	80.0
5.6320586E13	2229.0	79.0
5.63206E13	2231.0	80.0
5.6320607E13	2231.0	80.0
5.632062E13	2231.0	79.0
5.6320628E13	2231.0	79.0
5.6320636E13	2241.0	78.0
5.632065E13	2241.0	78.0
5.6320657E13	2241.0	79.0
5.632067E13	2241.0	79.0
5.632068E13	2269.0	79.0
5.6320686E13	2269.0	80.0
5.63207E13	2269.0	81.0
5.6320707E13	2269.0	82.0
5.6320716E13	2331.0	83.0
5.632073E13	2331.0	83.0
5.6320737E13	2331.0	82.0
5.632075E13	2391.0	82.0
5.6320758E13	2391.0	82.0
5.6320766E13	2391.0	82.0
5.632078E13	2391.0	83.0
5.6320787E13	2436.0	83.0
5.63208E13	2436.0	83.0
5.632081E13	2436.0	83.0
5.6320816E13	2436.0	83.0
5.632083E13	2456.0	82.0
5.6320837E13	2456.0	77.0
5.632085E13	2456.0	76.0
5.632086E13	2463.0	74.0
5.6320867E13	2463.0	71.0
5.632088E13	2463.0	71.0
5.6320888E13	2459.0	67.0
5.6320896E13	2459.0	67.0
5.632091E13	2459.0	65.0
5.6320917E13	2459.0	65.0
5.632093E13	2459.0	65.0
5.632094E13	2461.0	65.0
5.6320946E13	2461.0	67.0
5.632096E13	2461.0	66.0
5.6320967E13	2527.0	67.0
5.632098E13	2527.0	67.0
5.632099E13	2527.0	67.0
5.6320997E13	2527.0	65.0
5.632101E13	2527.0	62.0
5.6321018E13	2905.0	59.0
5.6321026E13	2905.0	57.0
5.632104E13	2905.0	58.0
5.6321047E13	3145.0	62.0
5.632106E13	3145.0	68.0
5.632107E13	3145.0	72.0
5.6321076E13	3145.0	72.0
5.632109E13	3272.0	70.0
5.6321097E13	3272.0	71.0
5.632111E13	3272.0	72.0
5.632112E13	3272.0	72.0
5.6321127E13	3292.0	70.0
5.632114E13	3292.0	66.0
5.632115E13	3292.0	66.0
5.6321156E13	2933.0	62.0
5.632117E13	2933.0	62.0
5.6321177E13	2933.0	62.0
5.632119E13	2933.0	64.0
5.63212E13	2527.0	68.0
5.6321206E13	2527.0	71.0
5.632122E13	2527.0	71.0
5.6321227E13	2527.0	68.0
5.632124E13	2456.0	67.0
5.632125E13	2456.0	66.0
5.6321257E13	2456.0	68.0
5.632127E13	2456.0	71.0
5.6321278E13	2458.0	74.0
5.6321286E13	2458.0	75.0
5.63213E13	2458.0	77.0
5.6321307E13	2458.0	78.0
5.632132E13	2443.0	78.0
5.632133E13	2443.0	78.0
5.6321336E13	2443.0	76.0
5.632135E13	2411.0	74.0
5.6321357E13	2411.0	71.0
5.6321374E13	2411.0	67.0
5.632138E13	2411.0	67.0
5.6321387E13	2378.0	66.0
5.63214E13	2378.0	66.0
5.6321408E13	2378.0	66.0
5.632142E13	2378.0	65.0
5.6321437E13	2359.0	66.0
5.632145E13	2359.0	68.0
5.632146E13	2359.0	70.0
5.6321466E13	2357.0	72.0
5.632148E13	2357.0	73.0
5.6321487E13	2357.0	76.0
5.63215E13	2361.0	78.0
5.632151E13	2361.0	78.0
5.6321517E13	2361.0	78.0
5.632153E13	2361.0	77.0
5.6321538E13	2357.0	77.0
5.632155E13	2357.0	76.0
5.632156E13	2357.0	75.0
5.6321567E13	2357.0	74.0
5.632158E13	2340.0	73.0
5.632159E13	2340.0	74.0
5.6321596E13	2340.0	75.0
5.632161E13	2340.0	77.0
5.6321617E13	2333.0	78.0
5.632163E13	2333.0	80.0
5.632164E13	2333.0	83.0
5.6321647E13	2327.0	83.0
5.632166E13	2327.0	82.0
5.6321668E13	2327.0	81.0
5.632168E13	2327.0	82.0
5.632169E13	2313.0	82.0
5.6321697E13	2313.0	80.0
5.632171E13	2313.0	80.0
5.632172E13	2313.0	80.0
5.632173E13	2308.0	81.0
5.632174E13	2308.0	80.0
5.6321747E13	2308.0	79.0
5.632176E13	2317.0	78.0
5.632177E13	2317.0	77.0
5.6321777E13	2317.0	75.0
5.632179E13	2317.0	76.0
5.6321798E13	2350.0	77.0
5.632181E13	2350.0	80.0
5.632182E13	2350.0	84.0
5.6321827E13	2350.0	86.0
5.632184E13	2415.0	88.0
5.632185E13	2415.0	88.0
5.632186E13	2415.0	84.0
5.632187E13	2486.0	82.0
5.6321877E13	2486.0	80.0
5.632189E13	2486.0	80.0
5.63219E13	2537.0	81.0
5.6321907E13	2537.0	81.0
5.632192E13	2537.0	80.0
5.6321928E13	2537.0	80.0
5.632194E13	2537.0	81.0
5.632195E13	2577.0	82.0
5.6321957E13	2577.0	82.0
5.632197E13	2577.0	80.0
5.632198E13	2782.0	80.0
5.632199E13	2782.0	78.0
5.6322E13	2782.0	76.0
5.6322007E13	2782.0	76.0
5.632202E13	2782.0	73.0
5.632203E13	3150.0	70.0
5.6322037E13	3150.0	67.0
5.632205E13	3150.0	64.0
5.6322058E13	3280.0	63.0
5.632207E13	3302.0	62.0
5.632208E13	3302.0	61.0
5.6322087E13	3302.0	60.0
5.63221E13	3375.0	61.0
5.632211E13	3375.0	63.0
5.632212E13	3375.0	63.0
5.632213E13	3375.0	61.0
5.6322138E13	3525.0	59.0
5.632215E13	3525.0	57.0
5.632216E13	3525.0	59.0
5.632217E13	3525.0	65.0
5.632218E13	3624.0	69.0
5.6322188E13	3624.0	69.0
5.63222E13	3624.0	69.0
5.632221E13	3619.0	69.0
5.6322217E13	3619.0	68.0
5.632223E13	3619.0	67.0
5.632224E13	3619.0	66.0
5.632225E13	3500.0	66.0
5.632226E13	3500.0	65.0
5.6322268E13	3500.0	61.0
5.632228E13	3500.0	57.0
5.632229E13	3056.0	56.0
5.63223E13	3056.0	69.0
5.632231E13	3056.0	75.0
5.6322318E13	3056.0	76.0
5.632233E13	2965.0	73.0
5.632234E13	2965.0	70.0
5.6322347E13	2965.0	69.0
5.632236E13	2986.0	69.0
5.632237E13	2986.0	71.0
5.632238E13	2986.0	73.0
5.632239E13	2986.0	75.0
5.6322398E13	2565.0	58.0
5.632241E13	2565.0	78.0
5.632242E13	2565.0	79.0
5.632244E13	2493.0	75.0
5.632246E13	2493.0	68.0
5.632247E13	2493.0	66.0
5.632248E13	2451.0	65.0
5.632249E13	2451.0	65.0
5.632251E13	2418.0	66.0
5.632252E13	2418.0	67.0
5.6322528E13	2418.0	67.0
5.632254E13	2418.0	67.0
5.632256E13	2401.0	68.0
5.632257E13	2401.0	68.0
5.632258E13	2401.0	70.0
5.632259E13	2395.0	71.0
5.63226E13	2395.0	73.0
5.632261E13	2395.0	75.0
5.632262E13	2395.0	76.0
5.632263E13	2394.0	77.0
5.632264E13	2394.0	77.0
5.632265E13	2394.0	77.0
5.6322658E13	2383.0	77.0
5.632267E13	2383.0	77.0
5.632268E13	2383.0	76.0
5.632269E13	2383.0	75.0
5.63227E13	2374.0	76.0
5.632271E13	2374.0	77.0
5.632272E13	2374.0	78.0
5.632273E13	2374.0	78.0
5.632274E13	2371.0	80.0
5.632275E13	2371.0	83.0
5.632276E13	2371.0	83.0
5.632277E13	2371.0	81.0
5.632278E13	2353.0	80.0
5.6322788E13	2353.0	79.0
5.63228E13	2353.0	78.0
5.632281E13	2341.0	77.0
5.632282E13	2341.0	76.0
5.632283E13	2341.0	77.0
5.632284E13	2341.0	78.0
5.632285E13	2337.0	79.0
5.632286E13	2337.0	80.0
5.632287E13	2337.0	81.0
5.632288E13	2337.0	81.0
5.632289E13	2346.0	81.0
5.63229E13	2346.0	79.0
5.632291E13	2346.0	78.0
5.6322918E13	2391.0	77.0
5.632293E13	2391.0	77.0
5.632294E13	2391.0	77.0
5.632295E13	2391.0	76.0
5.632296E13	2451.0	77.0
5.632297E13	2451.0	77.0
5.632298E13	2451.0	80.0
5.632299E13	2451.0	80.0
5.6323E13	2498.0	84.0
5.632301E13	2498.0	84.0
5.632302E13	2498.0	86.0
5.632303E13	2522.0	84.0
5.632304E13	2522.0	82.0
5.632305E13	2522.0	79.0
5.632306E13	2522.0	77.0
5.632307E13	2534.0	76.0
5.632308E13	2534.0	76.0
5.632309E13	2534.0	72.0
5.6323102E13	2534.0	69.0
5.632311E13	2544.0	66.0
5.632312E13	2544.0	65.0
5.632313E13	2544.0	65.0
5.632314E13	2544.0	66.0
5.632315E13	2805.0	67.0
5.632316E13	2805.0	67.0
5.632317E13	2805.0	65.0
5.632318E13	2805.0	65.0
5.632319E13	3217.0	64.0
5.63232E13	3217.0	64.0
5.632321E13	3217.0	64.0
5.632322E13	3217.0	64.0
5.6323232E13	3575.0	65.0
5.632324E13	3575.0	64.0
5.632325E13	3575.0	63.0
5.632326E13	3849.0	62.0
5.632327E13	3849.0	64.0
5.632328E13	3849.0	68.0
5.632329E13	3849.0	71.0
5.63233E13	4098.0	70.0
5.632331E13	4098.0	69.0
5.632332E13	4098.0	68.0
5.632333E13	4098.0	67.0
5.632334E13	4219.0	67.0
5.632335E13	4219.0	67.0
5.6323362E13	4219.0	65.0
5.632337E13	4219.0	61.0
5.632338E13	3812.0	58.0
5.632339E13	3812.0	55.0
5.63234E13	3812.0	55.0
5.6323413E13	3548.0	60.0
5.632342E13	3548.0	67.0
5.632343E13	3548.0	72.0
5.632344E13	3548.0	71.0
5.632345E13	3475.0	68.0
5.632346E13	3475.0	65.0
5.632347E13	3475.0	65.0
5.632348E13	3475.0	68.0
5.6323492E13	3313.0	71.0
5.63235E13	3313.0	75.0
5.632351E13	3313.0	78.0
5.632352E13	3666.0	79.0
5.632353E13	3131.0	80.0
5.632354E13	3131.0	81.0
5.632355E13	3131.0	79.0
5.632356E13	2667.0	76.0
5.632357E13	2667.0	73.0
5.632358E13	2667.0	70.0
5.632359E13	2667.0	68.0
5.63236E13	2467.0	68.0
5.632361E13	2467.0	66.0
5.6323622E13	2467.0	65.0
5.632363E13	2467.0	65.0
5.632364E13	2426.0	64.0
5.632365E13	2426.0	64.0
5.632366E13	2426.0	64.0
5.632367E13	2400.0	65.0
5.632368E13	2400.0	67.0
5.632369E13	2400.0	70.0
5.63237E13	2400.0	72.0
5.632371E13	2394.0	74.0
5.632372E13	2394.0	74.0
5.632373E13	2394.0	74.0
5.632374E13	2394.0	74.0
5.6323752E13	2391.0	73.0
5.632376E13	2391.0	73.0
5.632377E13	2391.0	74.0
5.632378E13	2391.0	74.0
5.632379E13	2380.0	74.0
5.6323803E13	2380.0	73.0
5.632381E13	2380.0	73.0
5.632382E13	2374.0	75.0
5.632383E13	2374.0	77.0
5.632384E13	2374.0	78.0
5.632385E13	2374.0	79.0
5.632386E13	2361.0	82.0
5.632387E13	2361.0	79.0
5.6323882E13	2361.0	77.0
5.632389E13	2361.0	78.0
5.63239E13	2337.0	78.0
5.632391E13	2337.0	78.0
5.632392E13	2337.0	79.0
5.6323933E13	2337.0	80.0
5.632394E13	2328.0	80.0
5.632395E13	2328.0	79.0
5.632396E13	2343.0	77.0
5.632397E13	2343.0	77.0
5.632398E13	2343.0	76.0
5.632399E13	2343.0	77.0
5.6324E13	2377.0	77.0
5.6324012E13	2377.0	77.0
5.632402E13	2377.0	77.0
5.632403E13	2377.0	78.0
5.632404E13	2377.0	81.0
5.632405E13	2429.0	83.0
5.6324063E13	2429.0	84.0
5.632407E13	2429.0	86.0
5.632408E13	2429.0	86.0
5.632409E13	2479.0	88.0
5.63241E13	2479.0	87.0
5.632411E13	2479.0	86.0
5.632412E13	2512.0	87.0
5.632413E13	2512.0	87.0
5.6324142E13	2512.0	86.0
5.632415E13	2512.0	85.0
5.632416E13	2522.0	86.0
5.632417E13	2522.0	87.0
5.632418E13	2522.0	84.0
5.6324193E13	2522.0	80.0
5.63242E13	2537.0	75.0
5.632421E13	2537.0	75.0
5.632422E13	2537.0	73.0
5.632423E13	2537.0	69.0
5.6324243E13	2553.0	67.0
5.632425E13	2553.0	67.0
5.632426E13	2553.0	67.0
5.6324272E13	2915.0	68.0
5.632428E13	2915.0	68.0
5.632429E13	2915.0	69.0
5.63243E13	2915.0	71.0
5.632431E13	3185.0	72.0
5.6324323E13	3185.0	71.0
5.632433E13	3185.0	68.0
5.632434E13	3185.0	64.0
5.6324352E13	3607.0	62.0
5.632436E13	3607.0	62.0
5.6324373E13	3607.0	64.0
5.632438E13	3607.0	67.0
5.632439E13	3844.0	72.0
5.6324402E13	3844.0	75.0
5.632441E13	3844.0	73.0
5.632442E13	3946.0	71.0
5.632443E13	3946.0	70.0
5.632444E13	3946.0	71.0
5.6324453E13	3946.0	71.0
5.632446E13	3860.0	71.0
5.632447E13	3860.0	69.0
5.6324482E13	3860.0	67.0
5.632449E13	3860.0	62.0
5.6324503E13	3636.0	59.0
5.632451E13	3636.0	57.0
5.632452E13	3636.0	60.0
5.6324532E13	3636.0	64.0
5.632454E13	3183.0	70.0
5.6324553E13	3183.0	71.0
5.632456E13	3183.0	69.0
5.632457E13	2874.0	67.0
5.6324583E13	2874.0	67.0
5.632459E13	2874.0	68.0
5.63246E13	2874.0	71.0
5.6324612E13	2551.0	73.0
5.632462E13	2551.0	75.0
5.6324633E13	2551.0	76.0
5.632464E13	2551.0	76.0
5.632465E13	2474.0	74.0
5.6324662E13	2474.0	72.0
5.632467E13	2474.0	70.0
5.6324683E13	2474.0	67.0
5.632469E13	2440.0	65.0
5.63247E13	2440.0	64.0
5.6324713E13	2440.0	63.0
5.632472E13	2413.0	63.0
5.632473E13	2413.0	65.0
5.6324742E13	2413.0	66.0
5.632475E13	2413.0	66.0
5.6324763E13	2404.0	66.0
5.632477E13	2404.0	66.0
5.632478E13	2404.0	67.0
5.6324793E13	2404.0	68.0
5.63248E13	2402.0	70.0
5.6324813E13	2402.0	72.0
5.632482E13	2402.0	74.0
5.632483E13	2402.0	74.0
5.6324843E13	2399.0	74.0
5.632485E13	2399.0	74.0
5.632486E13	2399.0	73.0
5.6324872E13	2401.0	73.0
5.632488E13	2401.0	73.0
5.6324893E13	2401.0	73.0
5.63249E13	2401.0	73.0
5.632491E13	2396.0	73.0
5.6324923E13	2396.0	74.0
5.632493E13	2396.0	75.0
5.6324944E13	2396.0	76.0
5.632495E13	2401.0	77.0
5.632496E13	2401.0	81.0
5.6324973E13	2401.0	81.0
5.632498E13	2401.0	81.0
5.6324994E13	2395.0	83.0
5.6325002E13	2395.0	84.0
5.632501E13	2395.0	84.0
5.6325023E13	2388.0	83.0
5.632503E13	2388.0	83.0
5.632504E13	2388.0	80.0
5.6325053E13	2388.0	80.0
5.632506E13	2381.0	78.0
5.6325074E13	2381.0	77.0
5.632508E13	2381.0	77.0
5.632509E13	2386.0	76.0
5.6325103E13	2386.0	75.0
5.632511E13	2386.0	75.0
5.6325124E13	2386.0	75.0
5.6325132E13	2386.0	78.0
5.632514E13	2409.0	81.0
5.6325153E13	2409.0	83.0
5.632516E13	2409.0	84.0
5.632517E13	2451.0	86.0
5.6325183E13	2451.0	88.0
5.632519E13	2451.0	89.0
5.6325204E13	2451.0	89.0
5.632521E13	2488.0	86.0
5.632522E13	2488.0	85.0
5.6325233E13	2488.0	84.0
5.632524E13	2488.0	85.0
5.6325254E13	2513.0	86.0
5.6325262E13	2513.0	87.0
5.632527E13	2513.0	85.0
5.6325283E13	2513.0	84.0
5.632529E13	2529.0	82.0
5.6325304E13	2529.0	80.0
5.6325313E13	2529.0	79.0
5.632532E13	2547.0	78.0
5.6325334E13	2547.0	77.0
5.632534E13	2547.0	76.0
5.632535E13	2547.0	75.0
5.6325363E13	2554.0	73.0
5.632537E13	2554.0	70.0
5.6325384E13	2554.0	68.0
5.6325392E13	2554.0	66.0
5.63254E13	2619.0	64.0
5.6325413E13	2619.0	64.0
5.632542E13	2619.0	65.0
5.6325434E13	2619.0	65.0
5.6325443E13	2834.0	64.0
5.632545E13	2834.0	61.0
5.6325464E13	2834.0	60.0
5.632547E13	3010.0	61.0
5.632548E13	3010.0	62.0
5.6325493E13	3010.0	65.0
5.63255E13	3010.0	69.0
5.6325514E13	3250.0	73.0
5.6325522E13	3250.0	72.0
5.632553E13	3250.0	71.0
5.6325543E13	3250.0	71.0
5.632555E13	3397.0	71.0
5.6325564E13	3397.0	72.0
5.6325573E13	3397.0	72.0
5.632558E13	3536.0	70.0
5.6325594E13	3271.0	67.0
5.63256E13	3271.0	64.0
5.632561E13	3271.0	61.0
5.6325623E13	2860.0	59.0
5.632563E13	2860.0	58.0
5.6325644E13	2860.0	61.0
5.6325652E13	2860.0	66.0
5.632566E13	2475.0	71.0
5.6325673E13	2475.0	73.0
5.632568E13	2475.0	72.0
5.6325694E13	2475.0	72.0
5.6325703E13	2463.0	71.0
5.632571E13	2463.0	71.0
5.6325724E13	2463.0	72.0
5.632573E13	2435.0	75.0
5.632574E13	2435.0	78.0
5.6325753E13	2435.0	80.0
5.632576E13	2435.0	81.0
5.6325774E13	2392.0	81.0
5.6325782E13	2392.0	79.0
5.632579E13	2392.0	76.0
5.6325803E13	2392.0	73.0
5.632581E13	2344.0	70.0
5.6325824E13	2344.0	67.0
5.6325833E13	2344.0	65.0
5.632584E13	2344.0	63.0
5.6325854E13	2304.0	62.0
5.632586E13	2304.0	61.0
5.6325875E13	2304.0	60.0
5.6325883E13	2281.0	61.0
5.632589E13	2281.0	62.0
5.6325904E13	2281.0	63.0
5.6325912E13	2281.0	65.0
5.632592E13	2270.0	67.0
5.6325933E13	2270.0	69.0
5.632594E13	2270.0	71.0
5.6325954E13	2270.0	73.0
5.6325963E13	2263.0	73.0
5.632597E13	2263.0	72.0
5.6325984E13	2263.0	72.0
5.632599E13	2247.0	73.0
5.6326005E13	2247.0	74.0
5.6326013E13	2247.0	74.0
5.632602E13	2233.0	74.0
5.6326034E13	2233.0	74.0
5.6326042E13	2233.0	75.0
5.632605E13	2233.0	75.0
5.6326063E13	2233.0	76.0
5.632607E13	2224.0	77.0
5.6326084E13	2224.0	80.0
5.6326093E13	2224.0	66.0
5.63261E13	2211.0	80.0
5.6326114E13	2211.0	80.0
5.6326122E13	2211.0	79.0
5.6326135E13	2211.0	79.0
5.6326143E13	2211.0	78.0
5.632615E13	2202.0	78.0
5.6326164E13	2202.0	77.0
5.6326172E13	2202.0	77.0
5.632618E13	2206.0	77.0
5.6326193E13	2206.0	79.0
5.63262E13	2206.0	79.0
5.6326214E13	2206.0	79.0
5.6326223E13	2213.0	78.0
5.632623E13	2213.0	77.0
5.6326244E13	2213.0	77.0
5.6326252E13	2213.0	79.0
5.6326265E13	2237.0	81.0
5.6326273E13	2237.0	86.0
5.632628E13	2237.0	86.0
5.6326294E13	2237.0	86.0
5.6326302E13	2282.0	84.0
5.632632E13	2282.0	80.0
5.6326323E13	2282.0	80.0
5.632633E13	2336.0	80.0
5.6326344E13	2336.0	81.0
5.632636E13	2336.0	82.0
5.6326374E13	2390.0	83.0
5.6326382E13	2390.0	85.0
5.6326395E13	2390.0	86.0
5.6326403E13	2390.0	85.0
5.632641E13	2430.0	83.0
5.6326424E13	2430.0	80.0
5.6326432E13	2430.0	78.0
5.6326445E13	2430.0	77.0
5.6326453E13	2458.0	76.0
5.632646E13	2458.0	70.0
5.6326474E13	2475.0	66.0
5.6326483E13	2475.0	63.0
5.632649E13	2475.0	61.0
5.6326504E13	2475.0	61.0
5.6326512E13	2475.0	60.0
5.6326525E13	2514.0	60.0
5.6326533E13	2514.0	60.0
5.632654E13	2514.0	62.0
5.6326554E13	2514.0	64.0
5.6326563E13	2853.0	65.0
5.6326575E13	2853.0	64.0
5.6326583E13	2853.0	61.0
5.632659E13	3104.0	61.0
5.6326604E13	3104.0	63.0
5.6326613E13	3104.0	63.0
5.632662E13	3104.0	67.0
5.6326634E13	3488.0	72.0
5.6326642E13	3488.0	75.0
5.6326655E13	3488.0	73.0
5.6326663E13	3488.0	71.0
5.632667E13	3870.0	72.0
5.6326684E13	3870.0	72.0
5.6326693E13	3870.0	72.0
5.6326705E13	3870.0	71.0
5.6326714E13	3492.0	67.0
5.632672E13	3492.0	60.0
5.6326734E13	3492.0	59.0
5.6326743E13	2913.0	61.0
5.6326755E13	2913.0	65.0
5.6326764E13	2913.0	69.0
5.6326772E13	2513.0	68.0
5.6326785E13	2513.0	65.0
5.6326793E13	2513.0	64.0
5.63268E13	2513.0	64.0
5.6326814E13	2513.0	64.0
5.6326823E13	2487.0	66.0
5.6326835E13	2487.0	69.0
5.6326844E13	2487.0	72.0
5.632685E13	2487.0	74.0
5.6326865E13	2475.0	76.0
5.6326873E13	2475.0	77.0
5.6326885E13	2475.0	78.0
5.6326894E13	2475.0	77.0
5.6326902E13	2439.0	75.0
5.6326915E13	2439.0	73.0
5.6326923E13	2439.0	70.0
5.632693E13	2399.0	68.0
5.6326944E13	2399.0	66.0
5.6326953E13	2399.0	65.0
5.6326965E13	2399.0	64.0
5.6326974E13	2370.0	63.0
5.632698E13	2370.0	61.0
5.6326995E13	2370.0	63.0
5.6327003E13	2356.0	64.0
5.6327015E13	2356.0	66.0
5.6327024E13	2356.0	69.0
5.6327032E13	2356.0	72.0
5.6327045E13	2362.0	74.0
5.6327053E13	2362.0	76.0
5.6327066E13	2362.0	76.0
5.6327074E13	2362.0	77.0
5.6327083E13	2368.0	76.0
5.6327095E13	2368.0	76.0
5.6327104E13	2368.0	76.0
5.632711E13	2368.0	76.0
5.6327125E13	2368.0	76.0
5.6327133E13	2368.0	74.0
5.6327146E13	2368.0	73.0
5.6327154E13	2368.0	73.0
5.6327162E13	2357.0	74.0
5.6327175E13	2357.0	77.0
5.6327183E13	2357.0	78.0
5.6327196E13	2348.0	80.0
5.6327204E13	2348.0	83.0
5.6327213E13	2348.0	83.0
5.6327225E13	2348.0	82.0
5.6327234E13	2343.0	81.0
5.632724E13	2343.0	82.0
5.6327255E13	2343.0	82.0
5.6327263E13	2343.0	83.0
5.6327276E13	2347.0	83.0
5.6327284E13	2347.0	83.0
5.6327292E13	2347.0	83.0
5.6327305E13	2347.0	83.0
5.6327313E13	2358.0	82.0
5.6327326E13	2358.0	82.0
5.6327334E13	2358.0	81.0
5.6327343E13	2374.0	80.0
5.6327355E13	2374.0	79.0
5.6327364E13	2374.0	78.0
5.6327376E13	2374.0	79.0
5.6327385E13	2409.0	80.0
5.6327393E13	2409.0	82.0
5.6327406E13	2409.0	84.0
5.6327414E13	2409.0	84.0
5.6327422E13	2463.0	84.0
5.6327435E13	2463.0	83.0
5.6327443E13	2463.0	83.0
5.6327456E13	2463.0	83.0
5.6327464E13	2516.0	82.0
5.6327473E13	2516.0	81.0
5.6327485E13	2516.0	81.0
5.6327494E13	2555.0	83.0
5.63275E13	2555.0	86.0
5.6327515E13	2555.0	86.0
5.6327523E13	2555.0	85.0
5.6327536E13	2585.0	82.0
5.6327544E13	2585.0	79.0
5.6327552E13	2585.0	76.0
5.6327565E13	2585.0	73.0
5.6327573E13	2590.0	70.0
5.6327586E13	2590.0	67.0
5.6327594E13	2590.0	65.0
5.6327603E13	2590.0	65.0
5.6327615E13	2582.0	64.0
5.6327624E13	2582.0	62.0
5.6327636E13	2582.0	61.0
5.6327645E13	2597.0	62.0
5.6327653E13	2597.0	63.0
5.6327666E13	2597.0	64.0
5.6327674E13	2597.0	66.0
5.6327682E13	2903.0	66.0
5.6327695E13	2903.0	64.0
5.6327703E13	2903.0	62.0
5.6327716E13	2903.0	60.0
5.6327724E13	3524.0	60.0
5.6327733E13	3524.0	63.0
5.6327745E13	3524.0	67.0
5.6327754E13	3524.0	69.0
5.6327766E13	3709.0	67.0
5.6327775E13	3709.0	68.0
5.6327783E13	3709.0	68.0
5.6327796E13	3458.0	68.0
5.6327804E13	3458.0	67.0
5.6327812E13	3458.0	65.0
5.6327825E13	3458.0	63.0
5.6327833E13	3014.0	61.0
5.6327846E13	3014.0	59.0
5.6327854E13	3014.0	61.0
5.6327863E13	3014.0	65.0
5.6327875E13	2635.0	70.0
5.6327884E13	2635.0	71.0
5.6327896E13	2635.0	68.0
5.6327905E13	2635.0	65.0
5.6327913E13	2542.0	65.0
5.6327926E13	2542.0	67.0
5.6327934E13	2542.0	70.0
5.6327942E13	2530.0	72.0
5.6327955E13	2530.0	74.0
5.6327963E13	2530.0	75.0
5.6327976E13	2530.0	76.0
5.6327984E13	2496.0	78.0
5.6327993E13	2496.0	78.0
5.6328005E13	2496.0	78.0
5.6328014E13	2496.0	76.0
5.6328026E13	2449.0	72.0
5.6328035E13	2449.0	69.0
5.6328043E13	2449.0	63.0
5.6328056E13	2410.0	62.0
5.6328064E13	2410.0	62.0
5.6328077E13	2410.0	62.0
5.6328085E13	2410.0	62.0
5.6328093E13	2389.0	61.0
5.6328106E13	2389.0	61.0
5.6328114E13	2389.0	62.0
5.6328123E13	2389.0	64.0
5.6328135E13	2388.0	66.0
5.6328144E13	2388.0	68.0
5.6328156E13	2388.0	71.0
5.6328165E13	2388.0	73.0
5.6328173E13	2398.0	75.0
5.6328186E13	2398.0	76.0
5.6328194E13	2398.0	77.0
5.6328207E13	2398.0	78.0
5.6328215E13	2407.0	77.0
5.6328223E13	2407.0	76.0
5.6328236E13	2407.0	75.0
5.6328244E13	2403.0	74.0
5.6328253E13	2403.0	73.0
5.6328265E13	2403.0	72.0
5.6328274E13	2403.0	72.0
5.6328286E13	2397.0	73.0
5.6328295E13	2397.0	75.0
5.6328303E13	2397.0	77.0
5.6328316E13	2397.0	79.0
5.6328324E13	2386.0	81.0
5.6328337E13	2386.0	84.0
5.6328345E13	2386.0	84.0
5.6328353E13	2386.0	81.0
5.6328366E13	2363.0	79.0
5.6328374E13	2363.0	78.0
5.6328387E13	2363.0	77.0
5.6328395E13	2356.0	75.0
5.6328404E13	2356.0	75.0
5.6328416E13	2356.0	75.0
5.6328425E13	2356.0	77.0
5.6328433E13	2367.0	77.0
5.6328446E13	2367.0	78.0
5.6328454E13	2367.0	79.0
5.6328467E13	2367.0	80.0
5.6328475E13	2390.0	81.0
5.6328484E13	2390.0	81.0
5.6328496E13	2390.0	80.0
5.6328504E13	2390.0	80.0
5.6328517E13	2428.0	79.0
5.6328525E13	2428.0	79.0
5.6328534E13	2428.0	80.0
5.6328546E13	2477.0	81.0
5.6328555E13	2477.0	83.0
5.6328567E13	2477.0	84.0
5.6328576E13	2477.0	85.0
5.6328584E13	2511.0	86.0
5.6328597E13	2511.0	85.0
5.6328605E13	2511.0	84.0
5.6328614E13	2511.0	83.0
5.6328626E13	2537.0	83.0
5.6328634E13	2537.0	83.0
5.6328647E13	2537.0	82.0
5.6328655E13	2537.0	81.0
5.6328664E13	2556.0	79.0
5.6328676E13	2556.0	78.0
5.6328685E13	2556.0	76.0
5.6328697E13	2569.0	73.0
5.6328706E13	2569.0	70.0
5.6328735E13	2564.0	63.0
5.6328744E13	2564.0	62.0
5.6328756E13	2564.0	61.0
5.6328765E13	2564.0	61.0
5.6328777E13	2563.0	62.0
5.6328785E13	2563.0	65.0
5.6328794E13	2563.0	65.0
5.6328806E13	2584.0	63.0
5.6328815E13	2584.0	60.0
5.6328827E13	2584.0	59.0
5.6328836E13	3007.0	59.0
5.6328844E13	3007.0	60.0
5.6328857E13	3007.0	64.0
5.6328865E13	3007.0	70.0
5.6328874E13	3156.0	72.0
5.6328886E13	3156.0	71.0
5.6328895E13	3156.0	71.0
5.6328907E13	3156.0	71.0
5.6328916E13	3156.0	72.0
5.6328924E13	3300.0	73.0
5.6328936E13	3300.0	72.0
5.6328945E13	3300.0	71.0
5.6328957E13	3499.0	68.0
5.6328966E13	3320.0	66.0
5.6328974E13	3320.0	63.0
5.6328987E13	2852.0	65.0
5.6328995E13	2852.0	68.0
5.6329004E13	2852.0	70.0
5.6329016E13	2852.0	68.0
5.6329025E13	2536.0	65.0
5.6329037E13	2536.0	63.0
5.6329046E13	2536.0	63.0
5.6329054E13	2536.0	65.0
5.6329067E13	2536.0	65.0
5.6329075E13	2492.0	71.0
5.6329087E13	2492.0	71.0
5.6329096E13	2469.0	75.0
5.6329104E13	2469.0	75.0
5.6329117E13	2469.0	76.0
5.6329125E13	2469.0	76.0
5.6329138E13	2469.0	76.0
5.6329146E13	2442.0	76.0
5.6329155E13	2442.0	74.0
5.6329167E13	2442.0	72.0
5.6329176E13	2442.0	70.0
5.6329184E13	2408.0	67.0
5.6329197E13	2408.0	65.0
5.6329205E13	2408.0	63.0
5.6329218E13	2408.0	62.0
5.6329226E13	2379.0	62.0
5.6329234E13	2379.0	61.0
5.6329247E13	2379.0	61.0
5.6329255E13	2367.0	62.0
5.6329268E13	2367.0	64.0
5.6329276E13	2367.0	67.0
5.6329285E13	2367.0	70.0
5.6329297E13	2369.0	72.0
5.6329306E13	2369.0	75.0
5.6329314E13	2369.0	77.0
5.6329327E13	2369.0	79.0
5.6329335E13	2373.0	78.0
5.6329348E13	2373.0	78.0
5.6329356E13	2373.0	77.0
5.6329364E13	2373.0	76.0
5.6329377E13	2358.0	74.0
5.6329385E13	2358.0	72.0
5.6329398E13	2358.0	72.0
5.6329406E13	2349.0	72.0
5.6329415E13	2349.0	74.0
5.6329427E13	2349.0	75.0
5.6329436E13	2349.0	77.0
5.6329444E13	2349.0	80.0
5.6329457E13	2349.0	82.0
5.6329465E13	2349.0	82.0
5.6329478E13	2349.0	82.0
5.6329486E13	2345.0	83.0
5.6329494E13	2345.0	84.0
5.6329507E13	2345.0	85.0
5.6329515E13	2345.0	84.0
5.6329528E13	2340.0	84.0
5.6329536E13	2340.0	84.0
5.6329545E13	2340.0	83.0
5.6329557E13	2342.0	82.0
5.6329566E13	2342.0	79.0
5.632958E13	2342.0	77.0
5.6329587E13	2342.0	75.0
5.6329595E13	2348.0	74.0
5.6329608E13	2348.0	74.0
5.6329616E13	2348.0	76.0
5.6329624E13	2348.0	79.0
5.6329637E13	2373.0	81.0
5.6329645E13	2373.0	83.0
5.632966E13	2373.0	86.0
5.6329666E13	2373.0	87.0
5.6329675E13	2416.0	88.0
5.6329687E13	2416.0	88.0
5.6329696E13	2416.0	88.0
5.632971E13	2456.0	87.0
5.6329717E13	2456.0	86.0
5.6329725E13	2456.0	86.0
5.6329738E13	2456.0	86.0
5.6329746E13	2486.0	85.0
5.6329754E13	2486.0	84.0
5.6329767E13	2486.0	83.0
5.6329775E13	2486.0	81.0
5.632979E13	2507.0	80.0
5.6329796E13	2507.0	78.0
5.6329805E13	2507.0	77.0
5.6329817E13	2507.0	75.0
5.6329826E13	2518.0	74.0
5.632984E13	2518.0	73.0
5.6329847E13	2518.0	71.0
5.6329855E13	2518.0	68.0
5.6329868E13	2518.0	66.0
5.6329876E13	2518.0	66.0
5.6329884E13	2518.0	65.0
5.6329897E13	2531.0	64.0
5.6329905E13	2531.0	63.0
5.632992E13	2531.0	64.0
5.6329926E13	2531.0	65.0
5.6329935E13	2627.0	64.0
5.6329947E13	2627.0	62.0
5.6329956E13	2627.0	61.0
5.632997E13	2627.0	59.0
5.6329977E13	3025.0	57.0
5.6329985E13	3025.0	58.0
5.6329998E13	3220.0	67.0
5.6330006E13	3220.0	71.0
5.633002E13	3220.0	70.0
5.6330027E13	3220.0	69.0
5.6330035E13	3220.0	69.0
5.633005E13	3245.0	68.0
5.6330056E13	3245.0	69.0
5.6330065E13	3245.0	70.0
5.6330077E13	3245.0	71.0
5.6330086E13	3254.0	70.0
5.63301E13	3254.0	69.0
5.6330107E13	3254.0	65.0
5.6330115E13	2802.0	66.0
5.6330128E13	2802.0	68.0
5.6330136E13	2802.0	68.0
5.633015E13	2802.0	69.0
5.6330157E13	2521.0	70.0
5.6330165E13	2521.0	70.0
5.633018E13	2521.0	70.0
5.6330186E13	2521.0	71.0
5.6330195E13	2505.0	72.0
5.6330207E13	2505.0	74.0
5.6330216E13	2505.0	75.0
5.633023E13	2505.0	76.0
5.6330237E13	2486.0	77.0
5.6330245E13	2486.0	78.0
5.6330258E13	2486.0	79.0
5.6330266E13	2486.0	79.0
5.633028E13	2438.0	78.0
5.6330287E13	2438.0	76.0
5.6330295E13	2438.0	73.0
5.633031E13	2391.0	71.0
5.6330316E13	2391.0	69.0
5.6330325E13	2391.0	67.0
5.6330337E13	2391.0	66.0
5.6330346E13	2356.0	65.0
5.633036E13	2356.0	65.0
5.6330367E13	2356.0	64.0
5.6330375E13	2356.0	63.0
5.6330388E13	2338.0	63.0
5.6330396E13	2338.0	64.0
5.633041E13	2338.0	66.0
5.6330417E13	2338.0	68.0
5.6330425E13	2331.0	69.0
5.633044E13	2331.0	71.0
5.6330446E13	2331.0	74.0
5.633046E13	2332.0	75.0
5.6330467E13	2332.0	75.0
5.6330476E13	2332.0	77.0
5.633049E13	2332.0	78.0
5.6330497E13	2335.0	77.0
5.6330505E13	2335.0	75.0
5.6330518E13	2335.0	73.0
5.6330526E13	2335.0	72.0
5.633054E13	2335.0	71.0
5.6330547E13	2335.0	71.0
5.6330555E13	2335.0	73.0
5.633057E13	2335.0	75.0
5.6330576E13	2335.0	76.0
5.633059E13	2335.0	79.0
5.6330597E13	2335.0	82.0
5.6330606E13	2325.0	85.0
5.633062E13	2325.0	83.0
5.6330627E13	2325.0	80.0
5.6330635E13	2325.0	78.0
5.6330648E13	2314.0	78.0
5.6330656E13	2314.0	78.0
5.633067E13	2314.0	79.0
5.6330677E13	2314.0	78.0
5.6330686E13	2322.0	78.0
5.63307E13	2322.0	79.0
5.6330706E13	2322.0	81.0
5.633072E13	2339.0	82.0
5.6330727E13	2339.0	82.0
5.6330736E13	2339.0	81.0
5.633075E13	2339.0	79.0
5.6330757E13	2364.0	77.0
5.633077E13	2364.0	77.0
5.6330778E13	2364.0	78.0
5.6330786E13	2364.0	80.0
5.63308E13	2409.0	83.0
5.6330807E13	2409.0	86.0
5.6330816E13	2409.0	88.0
5.633083E13	2409.0	89.0
5.6330837E13	2465.0	89.0
5.633085E13	2465.0	88.0
5.6330857E13	2465.0	88.0
5.6330866E13	2515.0	87.0
5.633088E13	2515.0	86.0
5.6330887E13	2515.0	85.0
5.63309E13	2515.0	84.0
5.6330908E13	2556.0	83.0
5.6330916E13	2556.0	81.0
5.633093E13	2556.0	79.0
5.6330937E13	2556.0	78.0
5.6330946E13	2584.0	76.0
5.633096E13	2584.0	74.0
5.6330967E13	2584.0	72.0
5.633098E13	2584.0	71.0
5.6330988E13	2607.0	70.0
5.6330996E13	2607.0	70.0
5.633101E13	2607.0	70.0
5.6331017E13	2650.0	68.0
5.633103E13	2650.0	66.0
5.6331038E13	2650.0	65.0
5.6331046E13	2999.0	65.0
5.633106E13	2999.0	65.0
5.6331067E13	2999.0	67.0
5.633108E13	2999.0	67.0
5.633109E13	2999.0	68.0
5.6331097E13	3447.0	67.0
5.633111E13	3447.0	65.0
5.6331118E13	3447.0	62.0
5.6331126E13	3808.0	59.0
5.633114E13	3808.0	63.0
5.6331147E13	3808.0	67.0
5.633116E13	3808.0	67.0
5.6331168E13	3792.0	69.0
5.6331176E13	3792.0	68.0
5.633119E13	3792.0	69.0
5.6331197E13	3792.0	71.0
5.633121E13	3684.0	72.0
5.633122E13	3684.0	72.0
5.6331227E13	3684.0	72.0
5.633124E13	3684.0	70.0
5.6331248E13	3477.0	68.0
5.6331256E13	3477.0	66.0
5.633127E13	3477.0	64.0
5.6331277E13	3477.0	63.0
5.633129E13	2990.0	65.0
5.6331298E13	2990.0	67.0
5.6331306E13	2990.0	68.0
5.633132E13	2592.0	68.0
5.6331327E13	2592.0	66.0
5.633134E13	2592.0	66.0
5.633135E13	2592.0	67.0
5.6331357E13	2551.0	69.0
5.633137E13	2551.0	71.0
5.6331378E13	2551.0	73.0
5.6331386E13	2551.0	74.0
5.63314E13	2530.0	75.0
5.6331407E13	2530.0	75.0
5.633142E13	2530.0	75.0
5.633143E13	2496.0	73.0
5.6331436E13	2496.0	73.0
5.633145E13	2496.0	69.0
5.6331457E13	2463.0	67.0
5.633147E13	2463.0	66.0
5.633148E13	2463.0	65.0
5.6331487E13	2463.0	64.0
5.63315E13	2436.0	64.0
5.6331508E13	2436.0	65.0
5.633152E13	2436.0	65.0
5.633153E13	2436.0	66.0
5.6331537E13	2427.0	68.0
5.633155E13	2427.0	71.0
5.633156E13	2427.0	72.0
5.6331566E13	2427.0	73.0
5.633158E13	2432.0	74.0
5.6331587E13	2432.0	75.0
5.63316E13	2432.0	77.0
5.633161E13	2433.0	79.0
5.6331617E13	2433.0	80.0
5.633163E13	2433.0	80.0
5.6331638E13	2433.0	79.0
5.633165E13	2421.0	78.0
5.633166E13	2421.0	75.0
5.6331667E13	2421.0	74.0
5.633168E13	2421.0	75.0
5.633169E13	2402.0	76.0
5.63317E13	2402.0	77.0
5.633171E13	2402.0	77.0
5.6331717E13	2402.0	78.0
5.633173E13	2393.0	80.0
5.633174E13	2393.0	82.0
5.6331747E13	2393.0	82.0
5.633176E13	2391.0	81.0
5.6331768E13	2391.0	80.0
5.633178E13	2391.0	80.0
5.633179E13	2391.0	81.0
5.6331797E13	2399.0	82.0
5.633181E13	2399.0	83.0
5.633182E13	2399.0	83.0
5.6331826E13	2399.0	83.0
5.633184E13	2412.0	83.0
5.6331847E13	2412.0	82.0
5.633186E13	2412.0	82.0
5.633187E13	2412.0	80.0
5.6331877E13	2424.0	78.0
5.633189E13	2424.0	77.0
5.6331898E13	2424.0	76.0
5.633191E13	2439.0	77.0
5.633192E13	2439.0	78.0
5.6331927E13	2439.0	80.0
5.633194E13	2439.0	80.0
5.633195E13	2478.0	81.0
5.633196E13	2478.0	83.0
5.633197E13	2478.0	84.0
5.6331977E13	2478.0	86.0
5.633199E13	2524.0	88.0
5.6332E13	2524.0	89.0
5.6332007E13	2524.0	88.0
5.633202E13	2524.0	87.0
5.6332028E13	2561.0	86.0
5.633204E13	2561.0	86.0
5.633205E13	2561.0	85.0
5.6332057E13	2589.0	84.0
5.633207E13	2589.0	39.0
5.633208E13	2589.0	81.0
5.6332086E13	2589.0	79.0
5.63321E13	2609.0	76.0
5.6332107E13	2609.0	76.0
5.633212E13	2609.0	74.0
5.633213E13	2609.0	72.0
5.6332137E13	2622.0	71.0
5.633215E13	2622.0	69.0
5.6332158E13	2622.0	57.0
5.633217E13	2622.0	57.0
5.633218E13	2622.0	57.0
5.6332187E13	2635.0	58.0
5.63322E13	2635.0	64.0
5.633221E13	2635.0	58.0
5.6332216E13	2687.0	57.0
5.633223E13	2687.0	57.0
5.6332237E13	2687.0	57.0
5.633225E13	2687.0	57.0
5.633226E13	3114.0	69.0
5.6332267E13	3114.0	54.0
5.633228E13	3114.0	64.0
5.6332288E13	3114.0	54.0
5.63323E13	3429.0	63.0
5.633231E13	3429.0	51.0
5.6332317E13	3429.0	71.0
5.633233E13	3429.0	75.0
5.633234E13	3576.0	73.0
5.633235E13	3576.0	70.0
5.633236E13	3576.0	70.0
5.6332367E13	3495.0	72.0
5.633239E13	3495.0	50.0
5.6332397E13	3495.0	50.0
5.633241E13	3143.0	68.0
5.6332418E13	3143.0	54.0
5.633243E13	3143.0	54.0
5.633244E13	3143.0	54.0
5.6332447E13	2783.0	57.0
5.633246E13	2783.0	57.0
5.633247E13	2783.0	66.0
5.633248E13	3287.0	52.0
5.633249E13	2571.0	65.0
5.6332497E13	2571.0	58.0
5.633251E13	2571.0	70.0
5.633252E13	2563.0	73.0
5.6332527E13	2563.0	58.0
5.633254E13	2563.0	77.0
5.6332548E13	2563.0	77.0
5.633256E13	2549.0	58.0
5.633257E13	2549.0	58.0
5.6332577E13	2549.0	58.0
5.633259E13	2549.0	58.0
5.63326E13	2528.0	58.0
5.633261E13	2528.0	58.0
5.633262E13	2528.0	58.0
5.6332627E13	2495.0	59.0
5.633264E13	2495.0	59.0
5.633265E13	2495.0	59.0
5.633266E13	2495.0	59.0
5.633267E13	2470.0	59.0
5.6332678E13	2470.0	59.0
5.633269E13	2470.0	59.0
5.63327E13	2470.0	59.0
5.6332707E13	2452.0	66.0
5.633272E13	2452.0	67.0
5.633273E13	2452.0	68.0
5.633274E13	2452.0	70.0
5.633275E13	2453.0	72.0
5.6332757E13	2453.0	74.0
5.633277E13	2453.0	75.0
5.633278E13	2459.0	75.0
5.633279E13	2459.0	76.0
5.63328E13	2459.0	78.0
5.6332808E13	2459.0	79.0
5.633282E13	2458.0	80.0
5.633283E13	2458.0	78.0
5.6332837E13	2458.0	77.0
5.633285E13	2458.0	75.0
5.633286E13	2453.0	74.0
5.633287E13	2453.0	74.0
5.633288E13	2453.0	75.0
5.6332888E13	2453.0	77.0
5.63329E13	2449.0	79.0
5.633291E13	2449.0	82.0
5.633292E13	2449.0	83.0
5.633293E13	2445.0	82.0
5.6332938E13	2445.0	82.0
5.633295E13	2445.0	82.0
5.633296E13	2445.0	82.0
5.6332967E13	2445.0	82.0
5.633298E13	2445.0	82.0
5.633299E13	2445.0	82.0
5.6333E13	2445.0	81.0
5.633301E13	2448.0	79.0
5.6333018E13	2448.0	78.0
5.633303E13	2448.0	75.0
5.633304E13	2455.0	75.0
5.633305E13	2455.0	76.0
5.633306E13	2455.0	77.0
5.6333068E13	2470.0	77.0
5.633308E13	2470.0	77.0
5.633309E13	2470.0	80.0
5.63331E13	2470.0	80.0
5.633311E13	2470.0	82.0
5.633312E13	2504.0	84.0
5.633313E13	2504.0	86.0
5.633314E13	2504.0	87.0
5.6333148E13	2504.0	88.0
5.633316E13	2548.0	88.0
5.633317E13	2548.0	87.0
5.633318E13	2548.0	85.0
5.633319E13	2548.0	84.0
5.6333198E13	2576.0	85.0
5.633321E13	2576.0	86.0
5.633322E13	2595.0	84.0
5.633323E13	2595.0	79.0
5.633324E13	2595.0	77.0
5.633325E13	2595.0	76.0
5.633326E13	2610.0	75.0
5.633327E13	2610.0	72.0
5.633328E13	2610.0	70.0
5.633329E13	2610.0	69.0
5.63333E13	2615.0	69.0
5.633331E13	2615.0	70.0
5.633332E13	2615.0	70.0
5.633333E13	2615.0	70.0
5.633334E13	2620.0	70.0
5.633335E13	2620.0	70.0
5.633336E13	2620.0	71.0
5.633337E13	2620.0	71.0
5.633338E13	2647.0	70.0
5.633339E13	2647.0	70.0
5.63334E13	2647.0	68.0
5.633341E13	2647.0	66.0
5.633342E13	3036.0	65.0
5.633344E13	3036.0	64.0
5.633345E13	3036.0	66.0
5.633346E13	3282.0	69.0
5.633347E13	3282.0	71.0
5.633348E13	3282.0	71.0
5.63335E13	3188.0	72.0
5.633351E13	3188.0	72.0
5.633352E13	3293.0	73.0
5.633353E13	3293.0	72.0
5.633354E13	3293.0	71.0
5.633355E13	3293.0	69.0
5.633349E13	3116.0	66.0
5.633356E13	3116.0	66.0
5.633357E13	3116.0	66.0
5.633358E13	3116.0	63.0
5.633359E13	3116.0	63.0
5.63336E13	2700.0	65.0
5.633361E13	2700.0	68.0
5.633362E13	2700.0	71.0
5.633363E13	2700.0	73.0
5.633364E13	2587.0	73.0
5.633365E13	2587.0	73.0
5.633366E13	2587.0	58.0
5.633367E13	2587.0	58.0
5.633368E13	2550.0	75.0
5.633369E13	2550.0	59.0
5.63337E13	2550.0	59.0
5.633371E13	2550.0	78.0
5.633372E13	2516.0	78.0
5.633373E13	2516.0	59.0
5.633374E13	2516.0	59.0
5.633375E13	2516.0	59.0
5.633376E13	2475.0	75.0
5.6333777E13	2475.0	73.0
5.633378E13	2475.0	71.0
5.633379E13	2475.0	70.0
5.63338E13	2441.0	68.0
5.633381E13	2441.0	68.0
5.6333823E13	2441.0	68.0
5.633383E13	2416.0	68.0
5.6333844E13	2416.0	59.0
5.6333852E13	2416.0	59.0
5.633386E13	2416.0	59.0
5.6333877E13	2399.0	59.0
5.633389E13	2399.0	59.0
5.6333903E13	2399.0	59.0
5.633391E13	2391.0	59.0
5.6333924E13	2391.0	59.0
5.633393E13	2391.0	59.0
5.633394E13	2391.0	59.0
5.633395E13	2385.0	59.0
5.633396E13	2385.0	59.0
5.633397E13	2385.0	59.0
5.6333982E13	2374.0	59.0
5.633399E13	2374.0	59.0
5.6334003E13	2374.0	74.0
5.633401E13	2374.0	73.0
5.6334024E13	2361.0	75.0
5.633403E13	2361.0	76.0
5.633404E13	2361.0	78.0
5.633405E13	2361.0	78.0
5.633406E13	2354.0	80.0
5.633407E13	2354.0	81.0
5.6334083E13	2354.0	79.0
5.633409E13	2354.0	78.0
5.6334104E13	2341.0	60.0
5.6334112E13	2341.0	79.0
5.633412E13	2341.0	79.0
5.633413E13	2332.0	79.0
5.633414E13	2332.0	80.0
5.633415E13	2332.0	81.0
5.6334163E13	2332.0	82.0
5.633417E13	2330.0	81.0
5.6334184E13	2330.0	81.0
5.633419E13	2330.0	79.0
5.63342E13	2330.0	78.0
5.633421E13	2332.0	78.0
5.633422E13	2332.0	77.0
5.633423E13	2332.0	77.0
5.6334242E13	2354.0	78.0
5.633425E13	2354.0	80.0
5.6334263E13	2354.0	83.0
5.6334284E13	2390.0	86.0
5.633429E13	2390.0	59.0
5.63343E13	2390.0	59.0
5.633431E13	2390.0	88.0
5.633432E13	2429.0	59.0
5.633433E13	2429.0	59.0
5.6334343E13	2429.0	88.0
5.633435E13	2429.0	88.0
5.6334364E13	2457.0	88.0
5.6334372E13	2457.0	88.0
5.633438E13	2457.0	86.0
5.633439E13	2477.0	83.0
5.63344E13	2477.0	59.0
5.633441E13	2477.0	59.0
5.6334423E13	2477.0	59.0
5.633443E13	2493.0	59.0
5.6334444E13	2493.0	59.0
5.633445E13	2493.0	70.0
5.6334465E13	2493.0	68.0
5.633447E13	2503.0	66.0
5.633448E13	2503.0	64.0
5.633449E13	2503.0	63.0
5.6334502E13	2503.0	64.0
5.633451E13	2520.0	64.0
5.6334523E13	2520.0	63.0
5.633453E13	2520.0	64.0
5.6334544E13	2561.0	66.0
5.6334553E13	2566.0	68.0
5.633456E13	2566.0	59.0
5.633457E13	2566.0	59.0
5.633458E13	2941.0	56.0
5.633459E13	2941.0	56.0
5.6334603E13	2941.0	60.0
5.633461E13	2941.0	62.0
5.6334624E13	3231.0	67.0
5.6334632E13	3231.0	72.0
5.633464E13	3231.0	73.0
5.633465E13	3231.0	71.0
5.633466E13	3319.0	71.0
5.633467E13	3319.0	72.0
5.6334683E13	3319.0	73.0
5.633469E13	3377.0	73.0
5.6334704E13	3377.0	72.0
5.633471E13	3377.0	69.0
5.6334725E13	3377.0	65.0
5.6334733E13	3154.0	62.0
5.633474E13	3154.0	61.0
5.633475E13	3154.0	61.0
5.6334762E13	3154.0	64.0
5.633477E13	2519.0	67.0
5.6334783E13	2519.0	69.0
5.633479E13	2519.0	69.0
5.6334804E13	2519.0	66.0
5.6334813E13	2478.0	68.0
5.633482E13	2478.0	72.0
5.633483E13	2478.0	75.0
5.633484E13	2459.0	77.0
5.633485E13	2459.0	78.0
5.6334863E13	2459.0	78.0
5.633487E13	2459.0	79.0
5.6334884E13	2416.0	79.0
5.6334892E13	2416.0	77.0
5.6334905E13	2416.0	73.0
5.633491E13	2416.0	73.0
5.633492E13	2369.0	71.0
5.633493E13	2369.0	67.0
5.6334943E13	2369.0	67.0
5.633495E13	2369.0	65.0
5.6334964E13	2328.0	63.0
5.633497E13	2328.0	62.0
5.6334985E13	2328.0	62.0
5.6334993E13	2303.0	62.0
5.6335E13	2303.0	63.0
5.633501E13	2303.0	65.0
5.6335022E13	2303.0	68.0
5.633503E13	2296.0	71.0
5.6335043E13	2296.0	72.0
5.633505E13	2296.0	75.0
5.6335064E13	2296.0	76.0
5.6335073E13	2297.0	78.0
5.6335085E13	2297.0	79.0
5.633509E13	2297.0	79.0
5.6335102E13	2297.0	78.0
5.633511E13	2295.0	76.0
5.6335123E13	2295.0	75.0
5.633513E13	2295.0	74.0
5.6335144E13	2289.0	74.0
5.6335152E13	2289.0	74.0
5.6335165E13	2289.0	74.0
5.6335173E13	2289.0	76.0
5.633518E13	2279.0	78.0
5.633519E13	2279.0	79.0
5.6335203E13	2279.0	79.0
5.633521E13	2279.0	80.0
5.6335224E13	2268.0	81.0
5.6335232E13	2268.0	80.0
5.6335245E13	2268.0	79.0
5.6335253E13	2268.0	81.0
5.633526E13	2256.0	82.0
5.633527E13	2256.0	82.0
5.6335282E13	2256.0	81.0
5.633529E13	2254.0	80.0
5.6335303E13	2254.0	78.0
5.633531E13	2254.0	77.0
5.6335324E13	2254.0	76.0
5.6335333E13	2260.0	75.0
5.6335345E13	2260.0	76.0
5.6335354E13	2260.0	76.0
5.6335362E13	2260.0	76.0
5.633537E13	2275.0	78.0
5.6335383E13	2275.0	80.0
5.633539E13	2275.0	82.0
5.6335404E13	2275.0	83.0
5.6335412E13	2312.0	84.0
5.6335425E13	2312.0	86.0
5.6335433E13	2312.0	86.0
5.633544E13	2371.0	84.0
5.633545E13	2371.0	83.0
5.6335463E13	2371.0	82.0
5.633547E13	2371.0	81.0
5.6335484E13	2423.0	81.0
5.6335492E13	2423.0	82.0
5.6335505E13	2423.0	83.0
5.6335513E13	2423.0	85.0
5.6335526E13	2468.0	86.0
5.6335534E13	2468.0	86.0
