5.661765E13	86.0	82.0
5.661766E13	86.0	83.0
5.6617672E13	86.0	85.0
5.661768E13	86.0	85.0
5.661769E13	86.0	84.0
5.66177E13	86.0	83.0
5.661771E13	89.0	82.0
5.661772E13	89.0	82.0
5.661773E13	89.0	83.0
5.661774E13	94.0	83.0
5.661775E13	94.0	84.0
5.661776E13	94.0	84.0
5.661777E13	102.0	81.0
5.661778E13	102.0	78.0
5.661779E13	102.0	77.0
5.6617802E13	102.0	77.0
5.661781E13	110.0	77.0
5.661782E13	110.0	77.0
5.661783E13	110.0	77.0
5.661784E13	110.0	77.0
5.661785E13	120.0	75.0
5.661786E13	120.0	72.0
5.661787E13	120.0	69.0
5.661788E13	120.0	67.0
5.661789E13	128.0	64.0
5.66179E13	128.0	63.0
5.661791E13	128.0	62.0
5.661792E13	136.0	63.0
5.6617932E13	136.0	66.0
5.661794E13	136.0	66.0
5.661795E13	136.0	67.0
5.661796E13	136.0	65.0
5.661797E13	144.0	63.0
5.6617983E13	144.0	62.0
5.661799E13	144.0	63.0
5.6618E13	144.0	63.0
5.6618012E13	152.0	64.0
5.661802E13	152.0	65.0
5.661803E13	152.0	66.0
5.661804E13	152.0	68.0
5.661805E13	157.0	70.0
5.6618062E13	157.0	73.0
5.661807E13	157.0	72.0
5.661808E13	158.0	67.0
5.661809E13	158.0	67.0
5.66181E13	158.0	71.0
5.6618113E13	158.0	76.0
5.661812E13	154.0	76.0
5.661813E13	154.0	73.0
5.6618142E13	154.0	70.0
5.661815E13	154.0	68.0
5.661816E13	145.0	66.0
5.661817E13	145.0	65.0
5.661818E13	145.0	64.0
5.6618192E13	145.0	63.0
5.66182E13	134.0	65.0
5.661821E13	134.0	69.0
5.661822E13	134.0	72.0
5.661823E13	126.0	73.0
5.6618243E13	126.0	73.0
5.661825E13	126.0	73.0
5.661826E13	126.0	75.0
5.6618272E13	119.0	78.0
5.661828E13	119.0	80.0
5.661829E13	119.0	80.0
5.66183E13	119.0	80.0
5.661831E13	111.0	79.0
5.6618322E13	111.0	79.0
5.661833E13	111.0	77.0
5.661834E13	111.0	75.0
5.661835E13	101.0	73.0
5.661836E13	101.0	71.0
5.6618373E13	101.0	69.0
5.661838E13	93.0	69.0
5.661839E13	93.0	68.0
5.6618402E13	93.0	67.0
5.661841E13	93.0	67.0
5.661842E13	88.0	68.0
5.661843E13	88.0	68.0
5.661844E13	88.0	68.0
5.6618453E13	88.0	69.0
5.661846E13	84.0	71.0
5.661847E13	84.0	71.0
5.661848E13	84.0	72.0
5.661849E13	84.0	73.0
5.6618503E13	81.0	74.0
5.661851E13	81.0	75.0
5.661852E13	81.0	75.0
5.6618532E13	79.0	74.0
5.661854E13	79.0	73.0
5.661855E13	79.0	73.0
5.661856E13	79.0	74.0
5.661857E13	78.0	73.0
5.6618583E13	78.0	73.0
5.661859E13	78.0	72.0
5.66186E13	78.0	73.0
5.661861E13	77.0	75.0
5.661862E13	77.0	76.0
5.6618633E13	77.0	77.0
5.661864E13	76.0	79.0
5.661865E13	76.0	81.0
5.6618662E13	76.0	82.0
5.661867E13	76.0	82.0
5.6618683E13	76.0	82.0
5.661869E13	76.0	81.0
5.66187E13	76.0	80.0
5.6618713E13	76.0	81.0
5.661872E13	76.0	81.0
5.661873E13	76.0	82.0
5.661874E13	76.0	83.0
5.661875E13	76.0	83.0
5.6618763E13	75.0	83.0
5.661877E13	75.0	82.0
5.661878E13	75.0	81.0
5.6618792E13	74.0	80.0
5.66188E13	74.0	80.0
5.6618813E13	74.0	80.0
5.661882E13	74.0	80.0
5.661883E13	72.0	81.0
5.6618843E13	72.0	83.0
5.661885E13	72.0	85.0
5.6618864E13	72.0	87.0
5.661887E13	72.0	87.0
5.661888E13	72.0	87.0
5.6618893E13	72.0	87.0
5.66189E13	72.0	87.0
5.661891E13	75.0	87.0
5.6618922E13	75.0	87.0
5.661893E13	75.0	87.0
5.6618943E13	80.0	87.0
5.661895E13	80.0	86.0
5.661896E13	80.0	85.0
5.6618973E13	80.0	83.0
5.661898E13	88.0	82.0
5.6618994E13	88.0	81.0
5.6619E13	88.0	81.0
5.661901E13	88.0	80.0
5.6619023E13	97.0	79.0
5.661903E13	97.0	79.0
5.6619044E13	97.0	78.0
5.6619052E13	97.0	77.0
5.661906E13	106.0	75.0
5.6619073E13	106.0	74.0
5.661908E13	106.0	71.0
5.661909E13	115.0	69.0
5.6619103E13	115.0	68.0
5.661911E13	115.0	67.0
5.6619124E13	115.0	67.0
5.661913E13	125.0	69.0
5.6619145E13	125.0	73.0
5.6619153E13	125.0	71.0
5.661916E13	136.0	69.0
5.6619174E13	136.0	68.0
5.6619182E13	136.0	67.0
5.661919E13	136.0	67.0
5.6619203E13	136.0	67.0
5.661921E13	145.0	69.0
5.661922E13	145.0	71.0
5.6619233E13	145.0	72.0
5.661924E13	148.0	70.0
5.6619254E13	148.0	68.0
5.661926E13	148.0	69.0
5.661927E13	148.0	70.0
5.6619283E13	146.0	72.0
5.661929E13	146.0	72.0
5.6619304E13	146.0	72.0
5.6619317E13	140.0	69.0
5.661932E13	140.0	67.0
5.6619333E13	140.0	65.0
5.661934E13	140.0	64.0
5.661935E13	131.0	64.0
5.6619363E13	131.0	64.0
5.661937E13	131.0	65.0
5.6619384E13	126.0	67.0
5.661939E13	126.0	68.0
5.66194E13	126.0	69.0
5.6619413E13	126.0	72.0
5.661942E13	126.0	72.0
5.6619434E13	124.0	75.0
5.6619442E13	124.0	77.0
5.661945E13	124.0	78.0
5.6619463E13	124.0	78.0
5.661947E13	121.0	78.0
5.6619484E13	121.0	77.0
5.6619493E13	121.0	76.0
5.66195E13	121.0	74.0
5.6619514E13	115.0	71.0
5.661952E13	115.0	69.0
5.661953E13	115.0	67.0
5.6619543E13	109.0	65.0
5.661955E13	109.0	64.0
5.6619564E13	109.0	62.0
5.6619572E13	109.0	61.0
5.661958E13	105.0	61.0
5.6619593E13	105.0	62.0
5.66196E13	105.0	63.0
5.6619614E13	105.0	64.0
5.6619623E13	101.0	65.0
5.661963E13	101.0	67.0
5.6619644E13	101.0	68.0
5.661965E13	101.0	68.0
5.661966E13	97.0	69.0
5.6619673E13	97.0	69.0
5.661968E13	97.0	70.0
5.6619694E13	94.0	70.0
5.6619702E13	94.0	70.0
5.661971E13	94.0	70.0
5.6619723E13	94.0	69.0
5.661973E13	93.0	69.0
5.6619744E13	93.0	69.0
5.6619753E13	93.0	69.0
5.661976E13	93.0	68.0
5.6619774E13	93.0	67.0
5.6619782E13	93.0	67.0
5.661979E13	93.0	68.0
5.6619803E13	93.0	70.0
5.661981E13	93.0	73.0
5.6619824E13	93.0	75.0
5.6619832E13	93.0	78.0
5.661984E13	92.0	79.0
5.6619853E13	92.0	78.0
5.661986E13	92.0	77.0
5.6619874E13	92.0	77.0
5.6619883E13	91.0	76.0
5.661989E13	91.0	75.0
5.6619904E13	91.0	74.0
5.6619912E13	91.0	74.0
5.661992E13	90.0	74.0
5.6619933E13	90.0	76.0
5.661994E13	90.0	77.0
5.6619954E13	90.0	78.0
5.6619962E13	90.0	78.0
5.661997E13	90.0	79.0
5.6619983E13	90.0	79.0
5.661999E13	90.0	79.0
5.6620004E13	90.0	79.0
5.6620013E13	90.0	80.0
5.662002E13	90.0	82.0
5.6620034E13	92.0	82.0
5.6620042E13	92.0	82.0
5.6620055E13	92.0	82.0
5.6620063E13	92.0	82.0
5.662007E13	96.0	83.0
5.6620084E13	96.0	84.0
5.6620092E13	96.0	85.0
5.66201E13	100.0	85.0
5.6620113E13	100.0	85.0
5.662012E13	100.0	85.0
5.6620134E13	100.0	86.0
5.6620143E13	107.0	85.0
5.662015E13	107.0	82.0
5.6620164E13	107.0	80.0
5.6620172E13	107.0	80.0
5.6620185E13	112.0	78.0
5.6620193E13	112.0	76.0
5.66202E13	112.0	75.0
5.6620214E13	112.0	73.0
5.6620223E13	118.0	72.0
5.662023E13	118.0	71.0
5.6620243E13	118.0	71.0
5.662025E13	124.0	69.0
5.6620264E13	124.0	68.0
5.6620273E13	124.0	66.0
5.662028E13	124.0	64.0
5.6620294E13	131.0	64.0
5.6620302E13	131.0	65.0
5.6620315E13	131.0	65.0
5.6620323E13	131.0	66.0
5.662033E13	137.0	66.0
5.6620344E13	137.0	66.0
5.6620353E13	137.0	65.0
5.662036E13	137.0	64.0
5.6620374E13	144.0	63.0
5.662038E13	144.0	62.0
5.6620394E13	144.0	62.0
5.6620403E13	150.0	64.0
5.662041E13	150.0	67.0
5.6620424E13	150.0	71.0
5.6620432E13	150.0	73.0
5.6620445E13	154.0	70.0
5.6620453E13	154.0	66.0
5.662046E13	154.0	69.0
5.6620474E13	154.0	74.0
5.6620483E13	155.0	75.0
5.6620495E13	155.0	75.0
5.6620504E13	155.0	73.0
5.662051E13	155.0	72.0
5.6620525E13	153.0	71.0
5.6620533E13	153.0	69.0
5.662054E13	153.0	67.0
5.6620554E13	148.0	66.0
5.6620562E13	148.0	65.0
5.6620575E13	148.0	65.0
5.6620583E13	148.0	68.0
5.662059E13	143.0	71.0
5.6620604E13	143.0	73.0
5.6620613E13	143.0	75.0
5.6620625E13	143.0	75.0
5.6620634E13	139.0	77.0
5.662064E13	139.0	79.0
5.6620655E13	139.0	80.0
5.6620663E13	139.0	80.0
5.662067E13	133.0	80.0
5.6620684E13	133.0	79.0
5.6620692E13	133.0	78.0
5.6620705E13	125.0	77.0
5.6620713E13	125.0	75.0
5.662072E13	125.0	74.0
5.6620734E13	125.0	72.0
5.6620743E13	118.0	69.0
5.6620755E13	118.0	67.0
5.6620764E13	118.0	65.0
5.662077E13	113.0	64.0
5.6620785E13	113.0	65.0
5.6620793E13	113.0	66.0
5.6620806E13	113.0	67.0
5.6620814E13	109.0	68.0
5.6620822E13	109.0	69.0
5.6620835E13	109.0	70.0
5.6620843E13	106.0	72.0
5.662085E13	106.0	73.0
5.6620864E13	106.0	73.0
5.6620873E13	106.0	74.0
5.6620885E13	102.0	75.0
5.6620894E13	102.0	76.0
5.66209E13	102.0	77.0
5.6620915E13	102.0	77.0
5.6620923E13	102.0	77.0
5.6620936E13	99.0	77.0
5.6620944E13	99.0	77.0
5.6620952E13	99.0	76.0
5.6620973E13	98.0	73.0
5.662098E13	98.0	72.0
5.6620994E13	98.0	71.0
5.6621003E13	97.0	73.0
5.6621015E13	97.0	75.0
5.6621024E13	97.0	77.0
5.662103E13	95.0	79.0
5.6621045E13	95.0	80.0
5.6621053E13	95.0	80.0
5.6621066E13	95.0	80.0
5.6621074E13	95.0	80.0
5.6621082E13	93.0	82.0
5.66211E13	93.0	82.0
5.6621103E13	93.0	82.0
5.6621116E13	93.0	82.0
5.6621124E13	93.0	82.0
5.6621133E13	93.0	81.0
5.6621145E13	93.0	80.0
5.6621154E13	92.0	79.0
5.662116E13	92.0	78.0
5.6621175E13	92.0	78.0
5.6621183E13	92.0	77.0
5.6621196E13	92.0	77.0
5.6621204E13	92.0	77.0
5.6621212E13	92.0	78.0
5.6621225E13	92.0	80.0
5.6621233E13	91.0	83.0
5.6621246E13	91.0	84.0
5.6621254E13	91.0	85.0
5.6621263E13	91.0	85.0
5.6621275E13	91.0	85.0
5.6621284E13	91.0	85.0
5.662129E13	91.0	86.0
5.6621305E13	94.0	86.0
5.6621313E13	94.0	86.0
5.6621326E13	94.0	86.0
5.6621334E13	94.0	87.0
5.6621342E13	99.0	87.0
5.6621355E13	99.0	85.0
5.6621363E13	99.0	82.0
5.662137E13	99.0	79.0
5.6621384E13	108.0	78.0
5.6621393E13	108.0	76.0
5.6621405E13	108.0	74.0
5.6621414E13	118.0	74.0
5.662142E13	118.0	74.0
5.6621435E13	118.0	74.0
5.6621443E13	118.0	74.0
5.6621456E13	130.0	72.0
5.6621464E13	130.0	72.0
5.6621472E13	130.0	72.0
5.6621485E13	130.0	70.0
5.6621493E13	140.0	69.0
5.6621506E13	140.0	68.0
5.6621514E13	140.0	67.0
5.6621523E13	140.0	65.0
5.6621535E13	151.0	65.0
5.6621544E13	151.0	66.0
5.6621552E13	151.0	69.0
5.6621565E13	163.0	70.0
5.6621573E13	163.0	68.0
5.6621586E13	163.0	66.0
5.6621594E13	163.0	65.0
5.6621602E13	172.0	64.0
5.6621615E13	172.0	64.0
5.6621623E13	172.0	66.0
5.6621636E13	172.0	69.0
5.6621644E13	176.0	66.0
5.6621653E13	176.0	65.0
5.6621665E13	176.0	65.0
5.6621674E13	176.0	68.0
5.6621686E13	174.0	72.0
5.6621695E13	174.0	72.0
5.6621703E13	174.0	70.0
5.6621716E13	167.0	68.0
5.6621724E13	167.0	66.0
5.6621732E13	159.0	63.0
5.6621745E13	159.0	63.0
5.6621753E13	159.0	62.0
5.662177E13	159.0	64.0
5.6621774E13	159.0	67.0
5.6621783E13	152.0	69.0
5.6621795E13	152.0	71.0
5.6621804E13	152.0	71.0
5.6621816E13	152.0	72.0
5.6621825E13	148.0	74.0
5.6621833E13	148.0	75.0
5.6621846E13	148.0	76.0
5.6621854E13	142.0	77.0
5.6621867E13	142.0	78.0
5.6621875E13	142.0	78.0
5.6621883E13	142.0	78.0
5.6621896E13	131.0	80.0
5.6621904E13	131.0	81.0
5.6621913E13	131.0	80.0
5.6621925E13	131.0	79.0
5.6621934E13	117.0	78.0
5.6621946E13	117.0	76.0
5.6621955E13	117.0	72.0
5.6621963E13	117.0	69.0
5.6621976E13	117.0	69.0
5.6621984E13	106.0	67.0
5.6621993E13	106.0	66.0
5.6622005E13	106.0	65.0
5.6622013E13	97.0	65.0
5.6622026E13	97.0	65.0
5.6622034E13	97.0	66.0
5.6622043E13	97.0	67.0
5.6622055E13	92.0	67.0
5.6622064E13	92.0	68.0
5.662208E13	92.0	70.0
5.6622085E13	92.0	70.0
5.6622093E13	87.0	72.0
5.6622106E13	87.0	73.0
5.6622114E13	87.0	74.0
5.6622127E13	87.0	75.0
5.6622135E13	84.0	75.0
5.6622144E13	84.0	75.0
5.6622156E13	84.0	75.0
5.6622164E13	82.0	74.0
5.6622173E13	82.0	74.0
5.6622185E13	82.0	73.0
5.6622194E13	82.0	74.0
5.6622206E13	81.0	74.0
5.6622215E13	81.0	75.0
5.6622223E13	81.0	76.0
5.6622236E13	81.0	77.0
5.6622244E13	80.0	80.0
5.6622253E13	80.0	81.0
5.6622265E13	80.0	80.0
5.6622274E13	80.0	80.0
5.6622286E13	81.0	81.0
5.6622294E13	81.0	81.0
5.6622303E13	81.0	80.0
5.6622315E13	81.0	79.0
5.6622324E13	81.0	78.0
5.6622336E13	81.0	79.0
5.662235E13	81.0	80.0
5.6622353E13	80.0	81.0
5.6622366E13	80.0	81.0
5.6622374E13	80.0	81.0
5.6622383E13	80.0	81.0
5.6622395E13	77.0	82.0
5.6622404E13	77.0	83.0
5.6622416E13	77.0	84.0
5.6622425E13	75.0	86.0
5.6622433E13	75.0	87.0
5.6622445E13	75.0	87.0
5.6622454E13	75.0	86.0
5.6622466E13	75.0	86.0
5.6622475E13	75.0	85.0
5.6622483E13	75.0	85.0
5.6622496E13	75.0	85.0
5.6622504E13	79.0	85.0
5.6622517E13	79.0	86.0
5.6622525E13	79.0	88.0
5.6622534E13	79.0	89.0
5.6622546E13	85.0	86.0
5.6622555E13	85.0	85.0
5.6622563E13	85.0	84.0
5.6622576E13	93.0	84.0
5.6622584E13	93.0	83.0
5.66226E13	93.0	81.0
5.6622605E13	93.0	78.0
5.6622613E13	103.0	77.0
5.6622626E13	103.0	77.0
5.6622634E13	103.0	75.0
5.6622647E13	103.0	74.0
5.6622655E13	111.0	72.0
5.6622664E13	111.0	70.0
5.6622676E13	111.0	68.0
5.6622685E13	111.0	66.0
5.6622697E13	118.0	65.0
5.6622706E13	118.0	66.0
5.6622714E13	125.0	67.0
5.6622727E13	125.0	66.0
5.6622735E13	125.0	64.0
5.6622743E13	125.0	62.0
5.6622756E13	132.0	60.0
5.6622764E13	132.0	60.0
5.6622777E13	132.0	61.0
5.6622785E13	132.0	67.0
5.6622794E13	132.0	67.0
5.6622806E13	138.0	69.0
5.6622815E13	138.0	69.0
5.6622827E13	138.0	33.0
5.6622836E13	143.0	71.0
5.6622844E13	143.0	73.0
5.6622857E13	143.0	73.0
5.6622865E13	143.0	73.0
5.6622873E13	143.0	73.0
5.6622886E13	143.0	72.0
5.6622894E13	143.0	69.0
5.6622907E13	143.0	66.0
5.6622915E13	137.0	64.0
5.6622924E13	137.0	62.0
5.6622936E13	137.0	62.0
5.6622945E13	137.0	65.0
5.6622957E13	131.0	68.0
5.6622966E13	131.0	69.0
5.6622974E13	131.0	70.0
5.6622987E13	131.0	71.0
5.6622995E13	126.0	72.0
5.6623008E13	126.0	73.0
5.6623016E13	126.0	75.0
5.6623024E13	121.0	77.0
5.6623037E13	121.0	78.0
5.6623045E13	121.0	79.0
5.6623054E13	121.0	78.0
5.6623066E13	112.0	78.0
5.6623075E13	112.0	79.0
5.6623087E13	112.0	78.0
5.6623096E13	112.0	76.0
5.6623104E13	101.0	74.0
5.6623117E13	101.0	71.0
5.6623125E13	101.0	69.0
5.6623138E13	101.0	67.0
5.6623146E13	92.0	66.0
5.6623154E13	92.0	66.0
5.6623167E13	92.0	68.0
5.6623175E13	85.0	68.0
5.6623184E13	85.0	69.0
5.6623196E13	85.0	69.0
5.6623205E13	85.0	69.0
5.6623217E13	80.0	70.0
5.6623226E13	80.0	71.0
5.6623234E13	80.0	71.0
5.6623247E13	80.0	72.0
5.6623255E13	77.0	73.0
5.6623268E13	77.0	74.0
5.6623276E13	77.0	75.0
5.6623284E13	77.0	75.0
5.6623297E13	75.0	76.0
5.6623305E13	75.0	76.0
5.662332E13	75.0	76.0
5.6623326E13	74.0	76.0
5.6623335E13	74.0	76.0
5.6623347E13	74.0	76.0
5.6623356E13	74.0	77.0
5.6623364E13	73.0	78.0
5.6623377E13	73.0	79.0
5.6623385E13	73.0	81.0
5.6623398E13	73.0	82.0
5.6623406E13	72.0	82.0
5.6623414E13	72.0	81.0
5.6623427E13	72.0	81.0
5.6623435E13	72.0	82.0
5.6623444E13	73.0	82.0
5.6623456E13	73.0	82.0
5.6623465E13	73.0	80.0
5.6623477E13	73.0	80.0
5.6623486E13	73.0	80.0
5.6623494E13	73.0	80.0
5.6623507E13	73.0	79.0
5.6623515E13	72.0	78.0
5.6623528E13	72.0	78.0
5.6623536E13	72.0	78.0
5.6623544E13	72.0	78.0
5.6623557E13	71.0	79.0
5.6623565E13	71.0	81.0
5.662358E13	71.0	82.0
5.6623586E13	70.0	83.0
5.6623595E13	70.0	85.0
5.6623607E13	70.0	86.0
5.6623616E13	70.0	86.0
5.6623624E13	71.0	87.0
5.6623637E13	71.0	87.0
5.662365E13	71.0	87.0
5.6623658E13	71.0	87.0
5.6623666E13	74.0	88.0
5.6623674E13	74.0	88.0
5.6623687E13	74.0	90.0
5.6623695E13	74.0	88.0
5.662371E13	80.0	87.0
5.6623716E13	80.0	85.0
5.6623725E13	80.0	84.0
5.6623737E13	87.0	82.0
5.6623746E13	87.0	82.0
5.6623754E13	87.0	80.0
5.6623767E13	87.0	78.0
5.6623775E13	95.0	76.0
5.6623788E13	95.0	71.0
5.6623796E13	95.0	71.0
5.6623804E13	95.0	69.0
5.6623817E13	102.0	66.0
5.6623825E13	102.0	65.0
5.662384E13	102.0	66.0
5.6623846E13	102.0	66.0
5.6623855E13	109.0	65.0
5.6623867E13	109.0	66.0
5.6623876E13	109.0	67.0
5.662389E13	118.0	67.0
5.6623897E13	118.0	68.0
5.6623905E13	118.0	67.0
5.6623918E13	118.0	67.0
5.6623926E13	128.0	66.0
5.6623934E13	128.0	65.0
5.6623947E13	128.0	66.0
5.6623955E13	128.0	68.0
5.662397E13	133.0	71.0
5.6623976E13	133.0	73.0
5.6623985E13	133.0	72.0
5.6623997E13	133.0	70.0
5.6624006E13	134.0	69.0
5.662402E13	134.0	70.0
5.6624027E13	134.0	71.0
5.6624035E13	130.0	71.0
5.6624048E13	130.0	70.0
5.6624056E13	130.0	68.0
5.6624064E13	130.0	66.0
5.6624077E13	123.0	61.0
5.6624085E13	123.0	61.0
5.6624102E13	123.0	62.0
5.6624106E13	123.0	64.0
5.6624115E13	118.0	66.0
5.6624127E13	118.0	68.0
5.6624136E13	118.0	70.0
5.662415E13	118.0	72.0
5.6624157E13	115.0	74.0
5.6624165E13	115.0	77.0
5.6624178E13	115.0	78.0
5.6624186E13	112.0	80.0
5.6624195E13	112.0	81.0
5.6624207E13	112.0	81.0
5.6624215E13	112.0	82.0
5.662423E13	106.0	82.0
5.6624236E13	106.0	81.0
5.6624245E13	106.0	79.0
5.6624257E13	106.0	78.0
5.6624266E13	96.0	78.0
5.662428E13	96.0	76.0
5.6624287E13	96.0	74.0
5.6624295E13	96.0	72.0
5.6624308E13	87.0	70.0
5.6624316E13	87.0	68.0
5.662433E13	87.0	67.0
5.6624337E13	81.0	65.0
5.6624346E13	81.0	65.0
5.662436E13	81.0	65.0
5.6624366E13	78.0	67.0
5.6624375E13	78.0	67.0
5.6624387E13	78.0	68.0
5.6624396E13	78.0	69.0
5.662441E13	78.0	70.0
5.6624417E13	75.0	71.0
5.6624425E13	75.0	72.0
5.6624438E13	75.0	73.0
5.6624446E13	75.0	74.0
5.662446E13	74.0	74.0
5.6624467E13	74.0	74.0
5.6624476E13	74.0	74.0
5.662449E13	73.0	75.0
5.6624497E13	73.0	75.0
5.6624505E13	73.0	75.0
5.6624517E13	73.0	75.0
5.6624526E13	72.0	76.0
5.662454E13	72.0	77.0
5.6624547E13	72.0	77.0
5.6624555E13	72.0	77.0
5.6624568E13	71.0	78.0
5.6624576E13	71.0	79.0
5.662459E13	71.0	80.0
5.6624597E13	71.0	80.0
5.6624606E13	70.0	80.0
5.662462E13	70.0	81.0
5.6624627E13	70.0	80.0
5.6624635E13	70.0	80.0
5.6624648E13	70.0	79.0
5.6624656E13	70.0	78.0
5.662467E13	70.0	77.0
5.6624677E13	70.0	77.0
5.6624685E13	70.0	79.0
5.6624698E13	70.0	79.0
5.6624706E13	70.0	79.0
5.662472E13	69.0	80.0
5.6624727E13	69.0	80.0
5.6624736E13	69.0	81.0
5.662475E13	67.0	82.0
5.6624757E13	67.0	83.0
5.662477E13	67.0	85.0
5.6624778E13	67.0	85.0
5.6624786E13	67.0	86.0
5.66248E13	67.0	85.0
5.6624807E13	67.0	85.0
5.6624815E13	68.0	86.0
5.6624828E13	68.0	86.0
5.6624836E13	68.0	87.0
5.662485E13	68.0	85.0
5.6624857E13	68.0	83.0
5.6624866E13	70.0	81.0
5.662488E13	70.0	80.0
5.6624887E13	70.0	81.0
5.66249E13	74.0	82.0
5.6624908E13	74.0	83.0
5.6624916E13	74.0	83.0
5.662493E13	74.0	82.0
5.6624937E13	81.0	81.0
5.662495E13	81.0	80.0
5.6624958E13	81.0	79.0
5.6624966E13	81.0	78.0
5.662498E13	90.0	77.0
5.6624987E13	90.0	77.0
5.6624996E13	90.0	76.0
5.662501E13	90.0	75.0
5.6625017E13	98.0	73.0
5.662503E13	98.0	71.0
5.6625038E13	98.0	70.0
5.6625046E13	106.0	71.0
5.662506E13	106.0	70.0
5.6625067E13	106.0	70.0
5.662508E13	106.0	70.0
5.662509E13	113.0	68.0
5.6625096E13	113.0	67.0
5.662511E13	113.0	65.0
5.6625117E13	113.0	65.0
5.6625126E13	118.0	66.0
5.662514E13	118.0	69.0
5.6625147E13	118.0	72.0
5.662516E13	118.0	73.0
5.6625168E13	119.0	71.0
5.6625176E13	119.0	69.0
5.662519E13	119.0	70.0
5.6625197E13	118.0	71.0
5.662521E13	118.0	72.0
5.662522E13	118.0	72.0
5.6625226E13	118.0	70.0
5.662524E13	112.0	68.0
5.6625247E13	112.0	65.0
5.662526E13	112.0	61.0
5.662527E13	112.0	59.0
5.6625277E13	106.0	60.0
5.662529E13	106.0	63.0
5.6625298E13	106.0	66.0
5.6625306E13	106.0	68.0
5.662532E13	102.0	69.0
5.6625327E13	102.0	70.0
5.662534E13	102.0	72.0
5.662535E13	101.0	77.0
5.6625356E13	101.0	79.0
5.662537E13	101.0	79.0
5.6625377E13	98.0	79.0
5.662539E13	98.0	80.0
5.66254E13	98.0	81.0
5.6625407E13	98.0	82.0
5.662542E13	93.0	82.0
5.6625428E13	93.0	82.0
5.6625436E13	93.0	81.0
5.662545E13	93.0	42.0
5.6625457E13	86.0	76.0
5.662547E13	86.0	74.0
5.662548E13	86.0	73.0
5.6625486E13	80.0	72.0
5.66255E13	80.0	72.0
5.6625507E13	80.0	72.0
5.662552E13	80.0	70.0
5.662553E13	80.0	70.0
5.6625537E13	76.0	70.0
5.662555E13	76.0	71.0
5.6625558E13	76.0	70.0
5.662557E13	76.0	70.0
5.662558E13	74.0	70.0
5.6625587E13	74.0	71.0
5.66256E13	74.0	73.0
5.662561E13	74.0	73.0
5.6625616E13	72.0	73.0
5.662563E13	72.0	72.0
5.6625637E13	72.0	71.0
5.662565E13	71.0	70.0
5.662566E13	71.0	70.0
5.6625667E13	71.0	71.0
5.662568E13	71.0	72.0
5.6625688E13	70.0	73.0
5.6625696E13	70.0	74.0
5.662571E13	70.0	75.0
5.6625717E13	69.0	75.0
5.662573E13	69.0	76.0
5.662574E13	69.0	76.0
5.6625746E13	69.0	77.0
5.662576E13	69.0	80.0
5.6625767E13	67.0	81.0
5.662578E13	67.0	78.0
5.662579E13	67.0	77.0
5.6625797E13	67.0	77.0
5.662581E13	67.0	76.0
5.6625818E13	67.0	75.0
5.662583E13	66.0	75.0
5.662584E13	66.0	76.0
5.6625847E13	66.0	79.0
5.662586E13	66.0	81.0
5.662587E13	64.0	80.0
5.6625876E13	64.0	80.0
5.662589E13	64.0	80.0
5.6625897E13	64.0	80.0
5.662591E13	63.0	80.0
5.662592E13	63.0	81.0
5.6625927E13	63.0	82.0
5.662594E13	64.0	83.0
5.6625948E13	64.0	84.0
5.662596E13	64.0	85.0
5.662597E13	64.0	85.0
5.6625977E13	67.0	85.0
5.662599E13	67.0	86.0
5.6626E13	67.0	87.0
5.6626006E13	67.0	88.0
5.662602E13	72.0	89.0
5.6626027E13	72.0	87.0
5.662604E13	72.0	87.0
5.662605E13	72.0	85.0
5.6626057E13	77.0	84.0
5.662607E13	77.0	83.0
5.6626078E13	77.0	83.0
5.662609E13	77.0	83.0
5.6626103E13	83.0	82.0
5.6626107E13	83.0	80.0
5.662612E13	83.0	79.0
5.662613E13	83.0	79.0
5.6626136E13	92.0	78.0
5.662615E13	92.0	77.0
5.6626157E13	92.0	75.0
5.662617E13	92.0	72.0
5.662618E13	101.0	70.0
5.6626187E13	101.0	68.0
5.66262E13	101.0	66.0
5.6626208E13	110.0	66.0
5.662622E13	110.0	67.0
5.662623E13	110.0	68.0
5.6626237E13	110.0	68.0
5.662625E13	120.0	68.0
5.662626E13	120.0	66.0
5.6626267E13	120.0	65.0
5.662628E13	120.0	64.0
5.6626287E13	129.0	64.0
5.66263E13	129.0	65.0
5.662631E13	129.0	67.0
5.6626317E13	129.0	70.0
5.662633E13	135.0	70.0
5.6626338E13	135.0	70.0
5.662635E13	135.0	69.0
5.662636E13	137.0	69.0
5.6626367E13	137.0	69.0
5.662638E13	137.0	72.0
5.662639E13	137.0	72.0
5.66264E13	135.0	71.0
5.662641E13	135.0	67.0
5.6626418E13	135.0	61.0
5.662643E13	135.0	57.0
5.662644E13	129.0	56.0
5.6626447E13	129.0	59.0
5.662646E13	129.0	64.0
5.6626468E13	129.0	68.0
5.662648E13	125.0	70.0
5.662649E13	125.0	72.0
5.6626497E13	125.0	74.0
5.662651E13	123.0	76.0
5.662652E13	123.0	78.0
5.662653E13	123.0	79.0
5.662654E13	123.0	79.0
5.6626548E13	117.0	78.0
5.662656E13	117.0	78.0
5.662657E13	117.0	78.0
5.6626577E13	117.0	79.0
5.662659E13	108.0	79.0
5.6626598E13	108.0	79.0
5.662661E13	108.0	78.0
5.662662E13	108.0	76.0
5.6626627E13	96.0	75.0
5.662664E13	96.0	72.0
5.662665E13	96.0	70.0
5.662666E13	87.0	68.0
5.662667E13	87.0	66.0
5.6626678E13	87.0	66.0
5.662669E13	87.0	65.0
5.66267E13	81.0	66.0
5.662671E13	81.0	66.0
5.662672E13	81.0	67.0
5.6626728E13	77.0	70.0
5.662674E13	77.0	71.0
5.662675E13	77.0	71.0
5.6626757E13	77.0	72.0
5.662677E13	74.0	72.0
5.662678E13	74.0	72.0
5.662679E13	74.0	73.0
5.66268E13	74.0	74.0
5.662682E13	72.0	74.0
5.662683E13	72.0	74.0
5.662684E13	70.0	74.0
5.662685E13	70.0	75.0
5.6626858E13	70.0	75.0
5.662687E13	70.0	76.0
5.662688E13	70.0	76.0
5.6626887E13	69.0	76.0
5.66269E13	69.0	78.0
5.662691E13	69.0	79.0
5.662692E13	69.0	80.0
5.662693E13	68.0	80.0
5.6626938E13	68.0	80.0
5.662695E13	68.0	80.0
5.662697E13	68.0	82.0
5.662698E13	68.0	82.0
5.662699E13	68.0	81.0
5.662701E13	68.0	78.0
5.662703E13	68.0	77.0
5.662704E13	69.0	78.0
5.662705E13	69.0	78.0
5.662706E13	69.0	79.0
5.6627068E13	69.0	80.0
5.662708E13	69.0	80.0
5.662709E13	69.0	82.0
5.66271E13	69.0	84.0
5.662711E13	71.0	85.0
5.662712E13	71.0	86.0
5.662713E13	71.0	86.0
5.662714E13	71.0	85.0
5.662715E13	74.0	85.0
5.662716E13	74.0	86.0
5.662717E13	74.0	87.0
5.662718E13	74.0	86.0
5.662719E13	80.0	85.0
5.6627198E13	80.0	85.0
5.662721E13	80.0	83.0
5.662722E13	88.0	83.0
5.662723E13	88.0	82.0
5.662724E13	88.0	82.0
5.662725E13	88.0	82.0
5.662726E13	97.0	83.0
5.662727E13	97.0	83.0
5.662728E13	97.0	84.0
5.662729E13	97.0	83.0
5.66273E13	109.0	80.0
5.662731E13	109.0	77.0
5.662732E13	109.0	76.0
5.6627328E13	109.0	77.0
5.662734E13	121.0	77.0
5.662735E13	121.0	76.0
5.662737E13	131.0	76.0
5.662738E13	131.0	76.0
5.662739E13	131.0	75.0
5.66274E13	131.0	73.0
5.662742E13	138.0	67.0
5.662743E13	138.0	64.0
5.662744E13	138.0	64.0
5.662745E13	142.0	64.0
5.662746E13	142.0	65.0
5.662747E13	142.0	68.0
5.662748E13	142.0	71.0
5.662749E13	145.0	69.0
5.66275E13	145.0	69.0
5.662751E13	145.0	88.0
5.662752E13	146.0	70.0
5.662753E13	146.0	72.0
5.662754E13	146.0	73.0
5.662755E13	146.0	73.0
5.662756E13	145.0	71.0
5.662757E13	145.0	69.0
5.662758E13	145.0	66.0
5.662759E13	145.0	62.0
5.66276E13	141.0	60.0
5.662761E13	141.0	61.0
5.662762E13	141.0	63.0
5.662763E13	141.0	67.0
5.662764E13	136.0	70.0
5.662765E13	136.0	71.0
5.662766E13	136.0	72.0
5.662767E13	131.0	74.0
5.662768E13	131.0	75.0
5.662769E13	131.0	76.0
5.66277E13	131.0	76.0
5.662771E13	124.0	76.0
5.662772E13	124.0	76.0
5.662773E13	124.0	76.0
5.662774E13	124.0	78.0
5.662775E13	116.0	78.0
5.662776E13	116.0	77.0
5.6627772E13	116.0	76.0
5.662778E13	116.0	75.0
5.662779E13	106.0	74.0
5.66278E13	106.0	72.0
5.662781E13	97.0	71.0
5.662782E13	97.0	70.0
5.662783E13	97.0	70.0
5.662784E13	97.0	69.0
5.662785E13	97.0	69.0
5.662786E13	91.0	69.0
5.662787E13	91.0	69.0
5.662788E13	91.0	69.0
5.662789E13	87.0	70.0
5.6627902E13	87.0	71.0
5.662791E13	87.0	73.0
5.662792E13	87.0	74.0
5.662793E13	87.0	74.0
5.662794E13	84.0	74.0
5.662795E13	84.0	73.0
5.662796E13	84.0	73.0
5.662797E13	81.0	73.0
5.662798E13	81.0	73.0
5.662799E13	81.0	73.0
5.6628E13	81.0	73.0
5.662801E13	80.0	73.0
5.662802E13	80.0	73.0
5.6628032E13	80.0	73.0
5.662804E13	80.0	74.0
5.662805E13	79.0	74.0
5.662806E13	79.0	75.0
5.662807E13	79.0	77.0
5.662808E13	78.0	80.0
5.662809E13	78.0	79.0
5.66281E13	78.0	78.0
5.662811E13	77.0	79.0
5.662812E13	77.0	79.0
5.662813E13	77.0	80.0
5.662814E13	77.0	80.0
5.662815E13	77.0	79.0
5.6628162E13	77.0	77.0
5.662817E13	77.0	76.0
5.662818E13	77.0	76.0
5.662819E13	77.0	76.0
5.66282E13	77.0	77.0
5.662821E13	77.0	77.0
5.662822E13	77.0	79.0
5.662823E13	77.0	79.0
5.662824E13	76.0	80.0
5.662825E13	76.0	81.0
5.662826E13	76.0	83.0
5.662827E13	76.0	84.0
5.662828E13	76.0	86.0
5.6628292E13	76.0	87.0
5.66283E13	76.0	88.0
5.662831E13	77.0	87.0
5.662832E13	77.0	87.0
5.662833E13	77.0	87.0
5.6628343E13	77.0	87.0
5.662835E13	82.0	88.0
5.662836E13	82.0	89.0
5.662837E13	82.0	89.0
5.662838E13	88.0	87.0
5.662839E13	88.0	86.0
5.66284E13	88.0	84.0
5.662841E13	95.0	84.0
5.6628422E13	95.0	84.0
5.662843E13	95.0	84.0
5.662844E13	95.0	82.0
5.662845E13	104.0	80.0
5.662846E13	104.0	78.0
5.6628473E13	104.0	77.0
5.662848E13	104.0	76.0
5.662849E13	104.0	88.0
5.66285E13	113.0	73.0
5.662851E13	113.0	73.0
5.662852E13	124.0	72.0
5.662853E13	124.0	73.0
5.662854E13	124.0	74.0
5.6628552E13	124.0	74.0
5.662856E13	135.0	73.0
5.662857E13	135.0	70.0
5.662858E13	135.0	67.0
5.662859E13	135.0	65.0
5.6628603E13	142.0	64.0
5.662861E13	142.0	64.0
5.662862E13	142.0	62.0
5.662863E13	142.0	62.0
5.662864E13	142.0	64.0
5.662865E13	144.0	67.0
5.662866E13	144.0	67.0
5.662867E13	144.0	66.0
5.6628682E13	142.0	64.0
5.662869E13	142.0	64.0
5.66287E13	142.0	67.0
5.662871E13	142.0	71.0
5.662872E13	139.0	73.0
5.6628733E13	139.0	72.0
5.662874E13	139.0	72.0
5.662875E13	139.0	71.0
5.662877E13	135.0	67.0
5.662878E13	135.0	65.0
5.662879E13	135.0	64.0
5.66288E13	130.0	64.0
5.662882E13	130.0	68.0
5.6628812E13	130.0	68.0
5.662883E13	126.0	70.0
5.662884E13	126.0	71.0
5.662885E13	126.0	73.0
5.6628863E13	126.0	74.0
5.662887E13	124.0	76.0
5.662888E13	124.0	78.0
5.6628892E13	124.0	79.0
5.66289E13	124.0	79.0
5.662891E13	120.0	80.0
5.662892E13	120.0	80.0
5.662893E13	120.0	82.0
5.6628942E13	120.0	82.0
5.662895E13	111.0	81.0
5.662896E13	111.0	80.0
5.662897E13	111.0	79.0
5.662898E13	102.0	78.0
5.6628993E13	102.0	75.0
5.6629E13	102.0	73.0
5.662901E13	102.0	72.0
5.6629022E13	93.0	70.0
5.662903E13	93.0	68.0
5.6629043E13	93.0	67.0
5.662905E13	93.0	66.0
5.662906E13	88.0	67.0
5.6629072E13	88.0	67.0
5.662908E13	88.0	67.0
5.662909E13	88.0	68.0
5.66291E13	85.0	69.0
5.662911E13	85.0	70.0
5.6629123E13	85.0	70.0
5.662913E13	83.0	70.0
5.662914E13	83.0	71.0
5.6629173E13	80.0	73.0
5.662918E13	80.0	72.0
5.662919E13	80.0	72.0
5.6629203E13	80.0	72.0
5.662921E13	78.0	72.0
5.6629223E13	78.0	72.0
5.662923E13	78.0	72.0
5.662924E13	78.0	73.0
5.6629253E13	77.0	74.0
5.662926E13	77.0	75.0
5.662927E13	77.0	77.0
5.6629282E13	75.0	79.0
5.662929E13	75.0	80.0
5.6629303E13	75.0	79.0
5.662931E13	75.0	79.0
5.662932E13	75.0	79.0
5.6629333E13	75.0	79.0
5.662934E13	75.0	79.0
5.6629354E13	75.0	79.0
5.662936E13	75.0	79.0
5.662937E13	75.0	79.0
5.6629383E13	75.0	79.0
5.662939E13	75.0	79.0
5.66294E13	74.0	79.0
5.6629412E13	74.0	80.0
5.662942E13	74.0	80.0
5.6629433E13	73.0	80.0
5.662944E13	73.0	81.0
5.662945E13	73.0	83.0
5.6629463E13	73.0	85.0
5.662947E13	72.0	86.0
5.6629484E13	72.0	87.0
5.662949E13	72.0	87.0
5.66295E13	72.0	87.0
5.6629513E13	74.0	87.0
5.662952E13	74.0	88.0
5.6629534E13	74.0	88.0
5.6629542E13	78.0	88.0
5.662955E13	78.0	88.0
5.6629563E13	78.0	88.0
5.662957E13	78.0	86.0
5.662958E13	85.0	85.0
5.6629593E13	85.0	84.0
5.66296E13	85.0	84.0
5.6629614E13	85.0	83.0
5.662962E13	93.0	82.0
5.662963E13	93.0	82.0
5.6629643E13	93.0	81.0
5.662965E13	93.0	80.0
5.6629664E13	102.0	78.0
5.6629672E13	102.0	76.0
5.662968E13	102.0	75.0
5.6629693E13	112.0	73.0
5.66297E13	112.0	73.0
5.6629714E13	112.0	74.0
5.6629723E13	112.0	74.0
5.662973E13	121.0	73.0
5.6629744E13	121.0	71.0
5.662975E13	121.0	71.0
5.662976E13	131.0	71.0
5.6629773E13	131.0	69.0
5.662978E13	131.0	69.0
5.6629794E13	131.0	66.0
5.6629802E13	140.0	64.0
5.662981E13	140.0	64.0
5.6629823E13	140.0	65.0
5.662983E13	140.0	65.0
5.6629844E13	144.0	67.0
5.6629853E13	144.0	69.0
5.662986E13	144.0	35.0
5.6629874E13	145.0	67.0
5.662988E13	145.0	68.0
5.662989E13	145.0	70.0
5.6629903E13	145.0	70.0
5.662991E13	145.0	73.0
5.6629924E13	142.0	74.0
5.6629932E13	142.0	73.0
5.662994E13	142.0	72.0
5.6629953E13	142.0	70.0
5.662996E13	137.0	68.0
5.6629974E13	137.0	66.0
5.6629983E13	137.0	65.0
5.662999E13	130.0	66.0
5.6630004E13	130.0	67.0
5.663001E13	130.0	69.0
5.663002E13	130.0	70.0
5.6630033E13	125.0	72.0
5.663004E13	125.0	74.0
5.6630054E13	125.0	75.0
5.6630062E13	125.0	76.0
5.663007E13	119.0	78.0
5.6630083E13	119.0	79.0
5.663009E13	119.0	80.0
5.6630104E13	119.0	80.0
5.6630113E13	111.0	80.0
5.663012E13	111.0	80.0
5.6630134E13	111.0	79.0
5.663014E13	103.0	78.0
5.663015E13	103.0	77.0
5.6630163E13	103.0	75.0
5.663017E13	103.0	74.0
5.6630184E13	94.0	73.0
5.6630192E13	94.0	71.0
5.66302E13	94.0	70.0
5.6630213E13	94.0	69.0
5.663022E13	87.0	68.0
5.6630234E13	87.0	68.0
5.6630243E13	87.0	69.0
5.663025E13	87.0	71.0
5.6630264E13	83.0	71.0
5.663027E13	83.0	71.0
5.663028E13	83.0	71.0
5.6630293E13	79.0	71.0
5.66303E13	79.0	72.0
5.6630314E13	79.0	73.0
5.6630322E13	79.0	73.0
5.663033E13	76.0	72.0
5.6630343E13	76.0	72.0
5.663035E13	76.0	73.0
5.6630364E13	76.0	73.0
5.6630373E13	75.0	74.0
5.663038E13	75.0	74.0
5.6630394E13	75.0	74.0
5.66304E13	75.0	75.0
5.6630415E13	74.0	76.0
5.6630423E13	74.0	77.0
5.663043E13	74.0	79.0
5.6630444E13	73.0	80.0
5.6630452E13	73.0	81.0
5.663046E13	73.0	81.0
5.6630473E13	73.0	82.0
5.663048E13	73.0	81.0
5.6630494E13	73.0	80.0
5.6630503E13	73.0	80.0
5.663051E13	73.0	78.0
5.6630524E13	73.0	77.0
5.6630532E13	73.0	77.0
5.6630545E13	73.0	77.0
5.6630553E13	73.0	77.0
5.663056E13	73.0	78.0
5.6630574E13	73.0	79.0
5.6630582E13	73.0	80.0
5.663059E13	71.0	82.0
5.6630603E13	71.0	83.0
5.663061E13	71.0	84.0
5.6630624E13	71.0	85.0
5.6630633E13	70.0	87.0
5.663064E13	70.0	88.0
5.6630654E13	70.0	88.0
5.6630662E13	70.0	88.0
5.6630675E13	72.0	87.0
5.6630683E13	72.0	87.0
5.663069E13	72.0	87.0
5.6630704E13	75.0	87.0
5.6630712E13	75.0	87.0
5.663072E13	75.0	87.0
5.6630733E13	75.0	87.0
5.663074E13	80.0	87.0
5.6630754E13	80.0	87.0
5.6630763E13	80.0	86.0
5.663077E13	87.0	85.0
5.6630784E13	87.0	84.0
5.6630792E13	87.0	84.0
5.6630805E13	87.0	83.0
5.6630813E13	87.0	83.0
5.663082E13	96.0	82.0
5.6630834E13	96.0	80.0
5.6630842E13	96.0	78.0
5.6630855E13	106.0	74.0
5.6630863E13	106.0	74.0
5.663087E13	106.0	72.0
5.6630884E13	114.0	71.0
5.6630893E13	114.0	70.0
5.66309E13	114.0	69.0
5.6630914E13	114.0	69.0
5.6630922E13	114.0	71.0
5.6630935E13	123.0	71.0
5.6630943E13	123.0	70.0
5.663095E13	123.0	69.0
5.6630964E13	123.0	67.0
5.6630973E13	129.0	66.0
5.6630985E13	129.0	66.0
5.6630993E13	129.0	65.0
5.6631E13	133.0	64.0
5.6631014E13	133.0	67.0
5.6631023E13	133.0	69.0
5.663103E13	133.0	72.0
5.6631044E13	135.0	70.0
5.6631052E13	135.0	88.0
5.6631065E13	135.0	67.0
5.6631073E13	135.0	71.0
5.663108E13	136.0	75.0
5.6631094E13	136.0	77.0
5.6631103E13	136.0	77.0
5.6631115E13	136.0	74.0
5.6631124E13	135.0	73.0
5.663113E13	135.0	71.0
5.6631144E13	135.0	71.0
5.6631153E13	133.0	70.0
5.663116E13	133.0	69.0
5.6631174E13	133.0	67.0
5.6631182E13	133.0	66.0
5.6631195E13	130.0	66.0
5.6631203E13	130.0	68.0
5.663121E13	130.0	71.0
5.6631224E13	130.0	74.0
5.6631233E13	127.0	77.0
5.6631245E13	127.0	78.0
5.6631254E13	127.0	79.0
5.663126E13	127.0	80.0
5.6631275E13	124.0	80.0
5.6631283E13	124.0	81.0
5.6631295E13	124.0	81.0
5.6631304E13	119.0	81.0
5.6631312E13	119.0	81.0
5.6631325E13	119.0	81.0
5.6631333E13	119.0	81.0
5.663134E13	111.0	81.0
5.6631354E13	111.0	80.0
5.6631363E13	111.0	79.0
5.6631375E13	111.0	77.0
5.6631384E13	103.0	76.0
5.663139E13	103.0	74.0
5.6631405E13	103.0	72.0
5.6631413E13	103.0	72.0
5.6631425E13	96.0	71.0
5.6631434E13	96.0	70.0
5.6631442E13	96.0	70.0
5.6631455E13	92.0	70.0
5.6631463E13	92.0	70.0
5.663147E13	92.0	70.0
5.6631484E13	92.0	70.0
5.6631493E13	89.0	71.0
5.6631505E13	89.0	71.0
5.6631514E13	89.0	71.0
5.663152E13	89.0	70.0
5.6631535E13	87.0	70.0
5.6631543E13	87.0	69.0
5.6631556E13	87.0	69.0
5.6631564E13	87.0	70.0
5.6631572E13	86.0	70.0
5.6631585E13	86.0	71.0
5.6631593E13	86.0	72.0
5.6631606E13	84.0	72.0
5.6631614E13	84.0	73.0
5.6631623E13	84.0	74.0
5.6631635E13	84.0	74.0
5.6631644E13	82.0	75.0
5.663165E13	82.0	76.0
5.6631665E13	82.0	77.0
5.6631673E13	82.0	78.0
5.6631686E13	81.0	79.0
5.6631694E13	81.0	79.0
5.6631702E13	81.0	79.0
5.6631715E13	81.0	78.0
5.6631723E13	81.0	78.0
5.6631736E13	81.0	77.0
5.6631744E13	81.0	76.0
5.6631753E13	81.0	76.0
5.6631765E13	81.0	78.0
5.6631774E13	81.0	81.0
5.663178E13	80.0	83.0
5.6631795E13	80.0	83.0
5.6631803E13	80.0	84.0
5.6631816E13	80.0	85.0
5.6631824E13	80.0	85.0
5.6631832E13	80.0	87.0
5.6631845E13	80.0	87.0
5.6631853E13	80.0	87.0
5.6631866E13	81.0	87.0
5.6631874E13	81.0	87.0
5.6631883E13	81.0	87.0
5.6631895E13	84.0	87.0
5.6631904E13	84.0	87.0
5.663191E13	84.0	87.0
5.6631925E13	84.0	86.0
5.6631933E13	84.0	86.0
5.6631946E13	89.0	85.0
5.6631954E13	89.0	84.0
5.6631962E13	89.0	84.0
5.6631975E13	89.0	83.0
5.6631983E13	95.0	83.0
5.6631996E13	95.0	83.0
5.6632004E13	95.0	82.0
5.6632013E13	105.0	81.0
5.6632025E13	105.0	80.0
5.6632034E13	105.0	78.0
5.6632046E13	105.0	77.0
5.6632055E13	115.0	76.0
5.6632063E13	115.0	76.0
5.6632076E13	115.0	76.0
5.6632084E13	115.0	75.0
5.6632092E13	126.0	72.0
5.6632105E13	126.0	70.0
5.6632113E13	126.0	69.0
5.6632126E13	126.0	68.0
5.6632134E13	137.0	70.0
5.6632143E13	137.0	72.0
5.6632155E13	137.0	72.0
5.6632164E13	147.0	70.0
5.6632176E13	147.0	68.0
5.6632185E13	147.0	67.0
5.6632193E13	147.0	66.0
5.6632206E13	156.0	68.0
5.6632214E13	156.0	69.0
5.6632222E13	156.0	71.0
5.6632235E13	156.0	73.0
5.6632243E13	160.0	72.0
5.6632256E13	160.0	71.0
5.6632264E13	160.0	71.0
5.6632273E13	160.0	73.0
5.6632285E13	161.0	74.0
5.6632294E13	161.0	74.0
5.6632306E13	161.0	73.0
5.6632315E13	158.0	71.0
5.6632323E13	158.0	67.0
5.6632336E13	158.0	63.0
5.6632344E13	158.0	60.0
5.6632357E13	153.0	59.0
5.6632365E13	153.0	60.0
5.6632373E13	153.0	64.0
5.6632386E13	153.0	68.0
5.6632394E13	148.0	71.0
5.6632403E13	148.0	73.0
5.6632415E13	148.0	74.0
5.6632424E13	148.0	76.0
5.6632436E13	145.0	77.0
5.6632445E13	145.0	78.0
5.6632453E13	145.0	78.0
5.6632466E13	138.0	77.0
5.6632474E13	138.0	77.0
5.6632487E13	138.0	78.0
5.6632495E13	138.0	79.0
5.6632503E13	128.0	79.0
5.6632516E13	128.0	78.0
5.6632524E13	128.0	77.0
5.6632533E13	128.0	76.0
5.6632545E13	119.0	74.0
5.6632554E13	119.0	73.0
5.6632566E13	119.0	70.0
5.6632575E13	119.0	69.0
5.6632583E13	112.0	68.0
5.6632596E13	112.0	67.0
5.6632604E13	112.0	67.0
5.6632617E13	107.0	67.0
5.6632625E13	107.0	68.0
5.6632633E13	107.0	68.0
5.6632646E13	107.0	69.0
5.6632654E13	103.0	69.0
5.6632663E13	103.0	70.0
5.6632675E13	103.0	71.0
5.6632684E13	103.0	71.0
5.6632696E13	99.0	71.0
5.6632705E13	99.0	72.0
5.6632713E13	99.0	72.0
5.6632726E13	99.0	74.0
5.6632734E13	95.0	75.0
5.6632747E13	95.0	76.0
5.6632755E13	95.0	76.0
5.6632763E13	93.0	73.0
5.6632776E13	93.0	73.0
5.6632784E13	93.0	73.0
5.6632797E13	93.0	72.0
5.6632805E13	91.0	73.0
5.6632814E13	91.0	74.0
5.6632826E13	91.0	75.0
5.6632835E13	91.0	77.0
5.6632843E13	90.0	78.0
5.6632856E13	90.0	79.0
5.6632864E13	90.0	80.0
5.6632877E13	90.0	80.0
5.6632885E13	90.0	80.0
5.6632894E13	90.0	80.0
5.6632906E13	90.0	80.0
5.6632914E13	91.0	79.0
5.6632927E13	91.0	78.0
5.6632935E13	91.0	77.0
5.6632944E13	91.0	76.0
5.6632956E13	90.0	76.0
5.6632965E13	90.0	76.0
5.6632973E13	90.0	76.0
5.6632986E13	90.0	76.0
5.6632994E13	89.0	77.0
5.6633007E13	89.0	78.0
5.6633015E13	89.0	81.0
5.6633024E13	88.0	83.0
5.6633036E13	88.0	85.0
5.6633045E13	88.0	86.0
5.6633057E13	88.0	86.0
5.6633065E13	88.0	85.0
5.6633074E13	88.0	85.0
5.6633086E13	88.0	86.0
5.6633095E13	91.0	86.0
5.6633103E13	91.0	86.0
5.6633116E13	91.0	88.0
5.6633124E13	91.0	88.0
5.6633137E13	96.0	87.0
5.6633145E13	96.0	85.0
5.6633154E13	96.0	85.0
5.6633166E13	104.0	85.0
5.6633175E13	104.0	84.0
5.6633187E13	104.0	83.0
5.6633195E13	104.0	83.0
5.6633204E13	112.0	82.0
5.6633216E13	112.0	81.0
5.6633225E13	112.0	79.0
5.6633237E13	112.0	78.0
5.6633246E13	122.0	76.0
5.6633254E13	122.0	74.0
5.6633267E13	122.0	73.0
5.6633275E13	122.0	71.0
5.6633284E13	130.0	70.0
5.6633296E13	130.0	71.0
5.6633305E13	130.0	72.0
5.6633317E13	138.0	71.0
5.6633326E13	138.0	71.0
5.6633334E13	138.0	67.0
5.6633346E13	138.0	67.0
5.6633355E13	146.0	46.0
5.6633367E13	146.0	67.0
5.6633376E13	146.0	66.0
5.6633384E13	146.0	67.0
5.6633397E13	152.0	69.0
5.6633405E13	152.0	70.0
5.6633414E13	152.0	72.0
5.6633426E13	152.0	72.0
5.6633435E13	153.0	69.0
5.6633447E13	153.0	69.0
5.6633456E13	153.0	44.0
5.6633464E13	151.0	75.0
5.6633477E13	151.0	75.0
5.6633485E13	151.0	74.0
5.6633497E13	151.0	71.0
5.6633506E13	147.0	70.0
5.6633514E13	147.0	68.0
5.6633527E13	147.0	66.0
5.6633535E13	147.0	64.0
5.6633544E13	147.0	64.0
5.6633556E13	140.0	64.0
5.6633565E13	140.0	66.0
5.6633577E13	140.0	69.0
5.6633586E13	134.0	71.0
5.6633594E13	134.0	72.0
5.6633607E13	134.0	74.0
5.6633615E13	134.0	74.0
5.6633628E13	130.0	76.0
5.6633636E13	130.0	77.0
5.6633644E13	130.0	79.0
5.6633657E13	124.0	80.0
5.6633665E13	124.0	80.0
5.6633678E13	124.0	81.0
5.6633686E13	124.0	81.0
5.6633695E13	124.0	81.0
5.6633707E13	116.0	78.0
5.6633716E13	116.0	76.0
5.6633724E13	116.0	75.0
5.6633737E13	116.0	75.0
5.6633745E13	108.0	74.0
5.6633758E13	108.0	72.0
5.6633766E13	108.0	71.0
5.6633774E13	102.0	70.0
5.6633787E13	102.0	69.0
5.6633795E13	102.0	68.0
5.6633804E13	102.0	68.0
5.6633816E13	97.0	68.0
5.6633825E13	97.0	68.0
5.6633837E13	97.0	69.0
5.6633846E13	97.0	69.0
5.6633854E13	94.0	70.0
5.6633867E13	94.0	71.0
5.6633875E13	94.0	72.0
5.6633888E13	94.0	72.0
5.6633896E13	91.0	73.0
5.6633904E13	91.0	73.0
5.6633917E13	91.0	73.0
5.6633925E13	89.0	73.0
5.6633938E13	89.0	73.0
5.6633946E13	89.0	73.0
5.6633955E13	89.0	74.0
5.6633967E13	87.0	74.0
5.6633976E13	87.0	74.0
5.6633984E13	87.0	74.0
5.6633997E13	87.0	74.0
5.6634005E13	86.0	74.0
5.6634018E13	86.0	75.0
5.6634026E13	86.0	76.0
5.6634034E13	86.0	78.0
5.6634047E13	85.0	81.0
5.6634055E13	85.0	81.0
5.663407E13	85.0	80.0
5.6634076E13	85.0	80.0
5.6634085E13	85.0	79.0
5.6634097E13	85.0	76.0
5.6634106E13	85.0	73.0
5.663412E13	86.0	73.0
5.6634127E13	86.0	74.0
5.6634135E13	86.0	76.0
5.6634148E13	86.0	78.0
5.6634156E13	85.0	79.0
5.6634164E13	85.0	80.0
5.6634177E13	85.0	81.0
5.6634185E13	83.0	82.0
5.66342E13	83.0	83.0
5.6634206E13	83.0	84.0
5.6634215E13	83.0	86.0
5.6634227E13	82.0	87.0
5.6634236E13	82.0	87.0
5.663425E13	82.0	88.0
5.6634257E13	82.0	88.0
5.6634265E13	84.0	88.0
5.6634278E13	84.0	88.0
5.6634286E13	84.0	88.0
5.6634294E13	84.0	89.0
5.6634307E13	90.0	89.0
5.6634315E13	90.0	89.0
5.663433E13	90.0	88.0
5.6634336E13	98.0	87.0
5.6634345E13	98.0	87.0
5.6634357E13	98.0	87.0
5.6634366E13	98.0	88.0
5.663438E13	108.0	88.0
5.6634387E13	108.0	88.0
5.6634395E13	108.0	86.0
5.6634408E13	108.0	84.0
5.6634416E13	117.0	82.0
5.6634424E13	117.0	80.0
5.6634437E13	117.0	76.0
5.6634445E13	117.0	73.0
5.663446E13	124.0	71.0
5.6634466E13	124.0	69.0
5.6634475E13	124.0	69.0
5.6634487E13	130.0	69.0
5.6634496E13	130.0	71.0
5.663451E13	130.0	70.0
5.6634517E13	130.0	68.0
5.6634525E13	137.0	66.0
5.6634538E13	137.0	64.0
5.6634546E13	137.0	64.0
5.6634554E13	137.0	65.0
5.6634567E13	145.0	67.0
5.6634575E13	145.0	69.0
5.663459E13	145.0	71.0
5.6634596E13	145.0	71.0
5.6634605E13	151.0	70.0
5.6634617E13	151.0	69.0
5.6634626E13	151.0	70.0
5.663464E13	153.0	72.0
5.6634647E13	153.0	74.0
5.6634655E13	153.0	75.0
5.6634668E13	153.0	73.0
5.6634676E13	151.0	70.0
5.663469E13	151.0	67.0
5.6634697E13	151.0	65.0
5.6634705E13	151.0	63.0
5.663472E13	147.0	63.0
5.6634726E13	147.0	65.0
5.6634735E13	147.0	65.0
5.6634747E13	147.0	67.0
5.6634756E13	142.0	72.0
5.663477E13	142.0	72.0
5.6634777E13	142.0	74.0
5.6634785E13	136.0	77.0
5.6634798E13	136.0	78.0
5.6634806E13	136.0	78.0
5.663482E13	136.0	77.0
5.6634827E13	129.0	77.0
5.6634835E13	129.0	78.0
5.663485E13	129.0	80.0
5.6634856E13	129.0	80.0
5.663487E13	118.0	78.0
5.6634877E13	118.0	76.0
5.6634886E13	118.0	74.0
5.66349E13	118.0	73.0
5.6634907E13	109.0	71.0
5.6634915E13	109.0	70.0
5.6634928E13	109.0	69.0
5.6634936E13	100.0	69.0
5.663495E13	100.0	68.0
5.6634957E13	100.0	69.0
5.6634965E13	100.0	69.0
5.663498E13	95.0	69.0
5.6634986E13	95.0	71.0
5.6635E13	95.0	72.0
5.6635007E13	95.0	72.0
5.6635016E13	91.0	73.0
5.663503E13	91.0	74.0
5.6635037E13	91.0	74.0
5.6635045E13	91.0	75.0
5.6635058E13	88.0	75.0
5.6635066E13	88.0	74.0
5.663508E13	88.0	75.0
5.6635087E13	85.0	75.0
5.6635096E13	85.0	75.0
5.663511E13	85.0	74.0
5.6635116E13	85.0	74.0
5.663513E13	83.0	74.0
5.6635137E13	83.0	74.0
5.6635146E13	83.0	75.0
5.663516E13	83.0	75.0
5.6635167E13	82.0	76.0
5.6635175E13	82.0	78.0
5.6635188E13	82.0	80.0
5.6635196E13	82.0	82.0
5.663521E13	81.0	82.0
5.6635217E13	81.0	82.0
5.6635226E13	81.0	81.0
5.663524E13	81.0	80.0
5.6635247E13	81.0	80.0
5.663526E13	81.0	79.0
5.6635267E13	81.0	79.0
5.6635276E13	81.0	79.0
5.663529E13	81.0	79.0
5.6635297E13	81.0	79.0
5.663531E13	81.0	80.0
5.6635318E13	80.0	80.0
5.6635326E13	80.0	80.0
5.663534E13	80.0	80.0
5.6635347E13	80.0	80.0
5.6635356E13	80.0	80.0
5.663537E13	80.0	81.0
5.6635377E13	80.0	82.0
5.663539E13	82.0	84.0
5.6635398E13	82.0	85.0
5.6635406E13	82.0	86.0
5.663542E13	82.0	87.0
5.6635427E13	85.0	88.0
5.663544E13	85.0	89.0
5.6635448E13	85.0	89.0
5.6635456E13	85.0	88.0
5.663547E13	93.0	87.0
5.6635477E13	93.0	87.0
5.6635486E13	93.0	87.0
5.66355E13	103.0	87.0
5.6635507E13	103.0	88.0
5.663552E13	103.0	89.0
5.6635528E13	103.0	88.0
5.6635536E13	113.0	87.0
5.663555E13	113.0	85.0
5.6635557E13	113.0	83.0
5.663557E13	113.0	82.0
5.6635578E13	124.0	80.0
5.6635586E13	124.0	78.0
5.66356E13	124.0	76.0
5.6635607E13	124.0	74.0
5.663562E13	132.0	71.0
5.663563E13	132.0	69.0
5.6635637E13	132.0	67.0
5.663565E13	139.0	64.0
5.6635658E13	139.0	63.0
5.6635666E13	139.0	65.0
5.663568E13	139.0	67.0
5.6635687E13	147.0	68.0
5.66357E13	147.0	68.0
5.6635708E13	147.0	67.0
5.6635716E13	147.0	66.0
5.663573E13	157.0	65.0
5.6635737E13	157.0	68.0
5.663575E13	157.0	73.0
5.663576E13	166.0	73.0
5.6635767E13	166.0	73.0
5.663578E13	166.0	72.0
5.6635788E13	172.0	71.0
5.6635796E13	172.0	71.0
5.663581E13	172.0	74.0
5.6635817E13	172.0	74.0
5.663583E13	170.0	75.0
5.663584E13	170.0	75.0
5.6635846E13	170.0	71.0
5.663586E13	170.0	68.0
5.6635867E13	163.0	65.0
5.663588E13	163.0	65.0
5.663589E13	163.0	63.0
5.6635897E13	163.0	61.0
5.663591E13	163.0	62.0
5.6635918E13	155.0	64.0
5.6635926E13	155.0	66.0
5.663594E13	155.0	68.0
5.6635947E13	150.0	69.0
5.663596E13	150.0	72.0
5.663597E13	150.0	75.0
5.6635976E13	150.0	76.0
5.663599E13	145.0	77.0
5.6635997E13	145.0	78.0
5.663601E13	145.0	79.0
5.663602E13	145.0	80.0
5.6636027E13	138.0	81.0
5.663604E13	138.0	81.0
5.6636048E13	138.0	81.0
5.663606E13	138.0	81.0
5.663607E13	128.0	81.0
5.6636077E13	128.0	79.0
5.663609E13	128.0	77.0
5.66361E13	118.0	77.0
5.6636106E13	118.0	75.0
5.663612E13	118.0	74.0
5.6636127E13	118.0	73.0
5.663614E13	109.0	72.0
5.663615E13	109.0	71.0
5.6636157E13	109.0	70.0
5.663617E13	109.0	70.0
5.6636178E13	104.0	69.0
5.663619E13	104.0	69.0
5.66362E13	104.0	69.0
5.6636207E13	104.0	69.0
5.663622E13	99.0	70.0
5.663623E13	99.0	70.0
5.6636236E13	99.0	70.0
5.663625E13	96.0	70.0
5.6636257E13	96.0	71.0
5.663627E13	96.0	71.0
5.663628E13	96.0	72.0
5.6636287E13	94.0	72.0
5.66363E13	94.0	72.0
5.6636308E13	94.0	73.0
5.663632E13	94.0	73.0
5.663633E13	92.0	74.0
5.6636337E13	92.0	75.0
5.663635E13	92.0	77.0
5.663636E13	91.0	78.0
5.6636366E13	91.0	80.0
5.663638E13	91.0	81.0
5.6636387E13	91.0	80.0
5.66364E13	91.0	79.0
5.663641E13	91.0	79.0
5.6636417E13	91.0	78.0
5.663643E13	91.0	79.0
5.6636438E13	91.0	79.0
5.663645E13	91.0	79.0
5.663646E13	91.0	79.0
5.6636467E13	91.0	79.0
5.663648E13	91.0	80.0
5.663649E13	91.0	80.0
5.66365E13	91.0	79.0
5.663651E13	92.0	79.0
5.6636517E13	92.0	79.0
5.663653E13	92.0	78.0
5.663654E13	92.0	78.0
5.6636547E13	93.0	80.0
5.663656E13	93.0	82.0
5.6636568E13	93.0	84.0
5.663658E13	93.0	86.0
5.663659E13	95.0	88.0
5.6636597E13	95.0	87.0
5.663661E13	95.0	86.0
5.663662E13	95.0	86.0
5.663663E13	98.0	85.0
5.663664E13	98.0	85.0
5.6636647E13	98.0	85.0
5.663666E13	104.0	85.0
5.663667E13	104.0	86.0
5.6636677E13	104.0	86.0
5.663669E13	104.0	85.0
5.6636698E13	110.0	84.0
5.663671E13	110.0	82.0
5.663672E13	110.0	81.0
5.6636727E13	110.0	80.0
5.663674E13	118.0	80.0
5.663675E13	118.0	81.0
5.663676E13	118.0	79.0
5.663677E13	118.0	79.0
5.6636777E13	126.0	76.0
5.663679E13	126.0	76.0
5.66368E13	126.0	74.0
5.663681E13	136.0	73.0
5.663682E13	136.0	72.0
5.6636828E13	136.0	71.0
5.663684E13	146.0	70.0
5.663685E13	146.0	39.0
5.6636857E13	146.0	68.0
5.663687E13	146.0	67.0
5.663688E13	157.0	66.0
5.663689E13	157.0	66.0
5.66369E13	157.0	65.0
5.6636907E13	157.0	65.0
5.663692E13	157.0	64.0
5.663693E13	166.0	64.0
5.663694E13	166.0	65.0
5.663695E13	166.0	65.0
5.6636958E13	174.0	67.0
5.663697E13	174.0	69.0
5.663698E13	174.0	70.0
5.6636987E13	174.0	68.0
5.6637E13	180.0	67.0
5.663701E13	180.0	69.0
5.663702E13	180.0	73.0
5.663703E13	180.0	75.0
5.6637037E13	183.0	76.0
5.663705E13	183.0	74.0
5.663706E13	183.0	72.0
5.663707E13	183.0	70.0
5.663708E13	180.0	67.0
5.6637088E13	180.0	64.0
5.66371E13	180.0	61.0
5.663711E13	172.0	61.0
5.6637117E13	172.0	64.0
5.663713E13	172.0	68.0
5.663714E13	172.0	71.0
5.663715E13	163.0	71.0
5.663716E13	163.0	88.0
5.6637168E13	163.0	74.0
5.663718E13	163.0	74.0
5.663719E13	153.0	75.0
5.66372E13	153.0	75.0
5.663721E13	153.0	76.0
5.6637218E13	153.0	76.0
5.663723E13	144.0	78.0
5.663724E13	144.0	79.0
5.6637247E13	144.0	79.0
5.663726E13	135.0	88.0
5.663727E13	135.0	79.0
5.663728E13	135.0	78.0
5.663729E13	135.0	77.0
5.6637298E13	126.0	77.0
5.663731E13	126.0	77.0
5.663732E13	126.0	77.0
5.663733E13	126.0	77.0
5.663734E13	119.0	76.0
5.6637348E13	119.0	75.0
5.663737E13	119.0	73.0
5.663738E13	112.0	72.0
5.663739E13	112.0	73.0
5.66374E13	112.0	73.0
5.663742E13	107.0	73.0
5.6637428E13	107.0	72.0
5.663744E13	107.0	72.0
5.663745E13	103.0	72.0
5.663746E13	103.0	72.0
5.663747E13	103.0	72.0
5.6637478E13	103.0	72.0
5.663749E13	100.0	73.0
5.66375E13	100.0	73.0
5.663751E13	100.0	74.0
5.663752E13	98.0	74.0
5.663753E13	98.0	74.0
5.663754E13	98.0	75.0
5.663755E13	98.0	76.0
5.6637558E13	96.0	77.0
5.663757E13	96.0	79.0
5.663758E13	96.0	81.0
5.663759E13	96.0	81.0
5.66376E13	94.0	80.0
5.663761E13	94.0	80.0
5.663762E13	94.0	80.0
5.663763E13	94.0	80.0
5.663764E13	94.0	80.0
5.663765E13	94.0	79.0
5.663766E13	94.0	79.0
5.663767E13	94.0	80.0
5.663768E13	94.0	82.0
5.6637688E13	94.0	83.0
5.66377E13	94.0	82.0
5.663771E13	94.0	80.0
5.663772E13	94.0	79.0
5.663773E13	94.0	79.0
5.663774E13	94.0	80.0
5.663775E13	96.0	81.0
5.663777E13	96.0	84.0
5.663778E13	96.0	84.0
5.663779E13	99.0	84.0
5.66378E13	99.0	84.0
5.663781E13	104.0	84.0
5.663782E13	104.0	84.0
5.663783E13	104.0	84.0
5.663784E13	104.0	84.0
5.663785E13	104.0	84.0
5.663786E13	108.0	83.0
5.663787E13	108.0	83.0
5.663788E13	108.0	82.0
5.663789E13	114.0	80.0
5.66379E13	114.0	80.0
5.663791E13	114.0	79.0
5.663792E13	114.0	78.0
5.663793E13	114.0	78.0
5.663794E13	122.0	77.0
5.663795E13	122.0	76.0
5.663796E13	122.0	74.0
5.663797E13	132.0	73.0
5.663798E13	132.0	73.0
5.663799E13	132.0	72.0
5.6638002E13	132.0	72.0
5.663801E13	142.0	72.0
5.663802E13	142.0	71.0
5.663803E13	142.0	70.0
5.663804E13	142.0	70.0
5.663805E13	152.0	69.0
5.663806E13	152.0	67.0
5.663807E13	152.0	66.0
5.663808E13	152.0	66.0
5.663809E13	162.0	65.0
5.66381E13	162.0	64.0
5.663811E13	162.0	64.0
5.663812E13	170.0	65.0
5.6638132E13	170.0	66.0
5.663814E13	170.0	66.0
5.663815E13	170.0	67.0
5.663816E13	175.0	69.0
5.663817E13	175.0	69.0
5.663818E13	175.0	67.0
5.663819E13	175.0	67.0
5.66382E13	177.0	68.0
5.663821E13	177.0	71.0
5.663822E13	177.0	74.0
5.663823E13	177.0	75.0
5.663824E13	173.0	73.0
5.663825E13	173.0	71.0
5.6638262E13	173.0	68.0
5.663827E13	166.0	66.0
5.663828E13	166.0	63.0
5.663829E13	166.0	61.0
5.66383E13	166.0	61.0
5.663831E13	160.0	63.0
5.663832E13	160.0	65.0
5.663833E13	160.0	67.0
5.663834E13	157.0	73.0
5.663835E13	157.0	76.0
5.663836E13	157.0	78.0
5.663837E13	157.0	79.0
5.663838E13	152.0	79.0
5.6638392E13	152.0	79.0
5.66384E13	152.0	79.0
5.663841E13	143.0	79.0
5.663842E13	143.0	80.0
5.663843E13	143.0	81.0
5.663844E13	143.0	81.0
5.663845E13	132.0	81.0
5.663846E13	132.0	80.0
5.663847E13	132.0	77.0
5.663848E13	132.0	75.0
5.663849E13	120.0	72.0
5.66385E13	120.0	70.0
5.663851E13	120.0	69.0
5.6638522E13	120.0	69.0
5.663853E13	120.0	68.0
5.663854E13	112.0	67.0
5.663855E13	112.0	67.0
5.663856E13	112.0	68.0
5.6638573E13	107.0	69.0
5.663858E13	107.0	69.0
5.663859E13	107.0	70.0
5.66386E13	107.0	72.0
5.663861E13	102.0	73.0
5.663862E13	102.0	72.0
5.663863E13	102.0	72.0
5.663864E13	102.0	73.0
5.6638652E13	98.0	73.0
5.663866E13	98.0	74.0
5.663867E13	98.0	74.0
5.663868E13	96.0	74.0
5.663869E13	96.0	74.0
5.6638703E13	96.0	73.0
5.663871E13	96.0	74.0
5.663872E13	94.0	74.0
5.663873E13	94.0	75.0
5.663874E13	94.0	75.0
5.663875E13	94.0	76.0
5.663876E13	92.0	76.0
5.663877E13	92.0	77.0
5.6638782E13	92.0	78.0
5.663879E13	90.0	81.0
5.66388E13	90.0	82.0
5.663881E13	90.0	83.0
5.663882E13	90.0	83.0
5.6638833E13	89.0	81.0
5.663884E13	89.0	81.0
5.663885E13	89.0	78.0
5.663886E13	89.0	78.0
5.663887E13	89.0	77.0
5.6638883E13	89.0	77.0
5.663889E13	89.0	80.0
5.66389E13	88.0	81.0
5.6638912E13	88.0	82.0
5.663892E13	88.0	83.0
5.663893E13	88.0	83.0
5.663894E13	88.0	84.0
5.663895E13	88.0	85.0
5.6638963E13	88.0	87.0
5.663897E13	88.0	87.0
5.663898E13	89.0	88.0
5.663899E13	89.0	88.0
5.6639E13	89.0	88.0
5.6639013E13	89.0	88.0
5.663902E13	93.0	87.0
5.663903E13	93.0	87.0
5.6639042E13	93.0	87.0
5.663905E13	93.0	87.0
5.663907E13	101.0	88.0
5.663908E13	101.0	88.0
5.6639093E13	101.0	87.0
5.66391E13	110.0	86.0
5.663911E13	110.0	85.0
5.663912E13	110.0	84.0
5.663913E13	121.0	82.0
5.6639143E13	121.0	81.0
5.663915E13	121.0	80.0
5.663918E13	133.0	73.0
5.663919E13	133.0	72.0
5.66392E13	133.0	71.0
5.663921E13	145.0	71.0
5.6639223E13	145.0	71.0
5.663923E13	145.0	71.0
5.663924E13	145.0	70.0
5.663925E13	158.0	70.0
5.663926E13	158.0	69.0
5.6639273E13	158.0	69.0
5.663928E13	169.0	68.0
5.663929E13	169.0	67.0
5.6639302E13	169.0	65.0
5.663931E13	169.0	64.0
5.6639323E13	177.0	63.0
5.663933E13	177.0	63.0
5.663934E13	177.0	64.0
5.6639353E13	177.0	66.0
5.663936E13	180.0	68.0
5.663937E13	180.0	68.0
5.663938E13	180.0	67.0
5.663939E13	180.0	66.0
5.6639403E13	180.0	67.0
5.663941E13	180.0	70.0
5.663942E13	180.0	72.0
5.6639432E13	177.0	74.0
5.663944E13	177.0	73.0
5.6639453E13	177.0	72.0
5.663946E13	177.0	71.0
5.663947E13	173.0	69.0
5.6639483E13	173.0	65.0
5.663949E13	173.0	62.0
5.66395E13	168.0	67.0
5.6639512E13	168.0	70.0
5.663952E13	168.0	73.0
5.6639533E13	168.0	73.0
5.663954E13	166.0	76.0
5.663955E13	166.0	76.0
5.6639562E13	166.0	77.0
5.663957E13	166.0	78.0
5.6639583E13	164.0	77.0
5.663959E13	164.0	77.0
5.66396E13	164.0	77.0
5.6639613E13	164.0	78.0
5.663962E13	158.0	79.0
5.663963E13	158.0	80.0
5.6639642E13	158.0	81.0
5.663965E13	158.0	81.0
5.6639663E13	146.0	80.0
5.663967E13	146.0	79.0
5.663968E13	146.0	77.0
5.6639692E13	132.0	75.0
5.66397E13	132.0	73.0
5.6639713E13	132.0	71.0
5.663972E13	132.0	70.0
5.663973E13	122.0	69.0
5.6639743E13	122.0	68.0
5.663975E13	122.0	67.0
5.663976E13	122.0	67.0
5.6639772E13	115.0	68.0
5.663978E13	115.0	70.0
5.6639793E13	115.0	72.0
5.66398E13	115.0	73.0
5.663981E13	109.0	73.0
5.6639822E13	109.0	74.0
5.663983E13	109.0	73.0
5.6639843E13	106.0	73.0
5.663985E13	106.0	72.0
5.663986E13	106.0	72.0
5.6639873E13	103.0	72.0
5.663988E13	103.0	72.0
5.6639894E13	103.0	72.0
5.6639902E13	103.0	72.0
5.663991E13	103.0	72.0
5.6639923E13	102.0	73.0
5.663993E13	102.0	74.0
5.663994E13	102.0	74.0
5.6639953E13	101.0	75.0
5.663996E13	101.0	76.0
5.6639973E13	101.0	76.0
5.663998E13	101.0	77.0
5.663999E13	100.0	78.0
5.6640003E13	100.0	78.0
5.664001E13	100.0	78.0
5.6640024E13	100.0	78.0
5.6640032E13	100.0	77.0
5.664004E13	100.0	77.0
5.6640053E13	100.0	77.0
5.664006E13	100.0	77.0
5.664007E13	101.0	78.0
5.6640083E13	101.0	78.0
5.664009E13	101.0	79.0
5.6640104E13	101.0	79.0
5.664011E13	102.0	79.0
5.6640124E13	102.0	79.0
5.6640133E13	102.0	79.0
5.664014E13	101.0	79.0
5.6640154E13	101.0	80.0
5.6640162E13	101.0	81.0
5.664017E13	101.0	81.0
5.6640183E13	102.0	82.0
5.664019E13	102.0	82.0
5.6640204E13	102.0	82.0
5.6640213E13	102.0	83.0
5.664022E13	104.0	84.0
5.6640234E13	104.0	85.0
5.664024E13	104.0	86.0
5.664025E13	104.0	86.0
5.6640263E13	110.0	86.0
5.664027E13	110.0	86.0
5.6640284E13	110.0	86.0
5.6640292E13	120.0	86.0
5.66403E13	120.0	85.0
5.6640313E13	120.0	84.0
5.664032E13	120.0	82.0
5.6640334E13	131.0	81.0
5.6640343E13	131.0	80.0
5.664035E13	131.0	79.0
5.6640364E13	131.0	78.0
5.664037E13	142.0	77.0
5.6640385E13	142.0	76.0
5.6640393E13	142.0	74.0
5.66404E13	142.0	73.0
5.6640414E13	152.0	71.0
5.6640422E13	152.0	70.0
5.664043E13	152.0	70.0
5.6640443E13	163.0	70.0
5.664045E13	163.0	70.0
5.6640464E13	163.0	69.0
5.6640473E13	163.0	69.0
5.664048E13	173.0	69.0
5.6640494E13	173.0	69.0
5.66405E13	173.0	68.0
5.664051E13	173.0	67.0
5.6640523E13	182.0	67.0
5.664053E13	182.0	68.0
5.6640544E13	182.0	68.0
5.6640552E13	182.0	69.0
5.664056E13	190.0	70.0
5.6640573E13	190.0	71.0
5.664058E13	190.0	71.0
5.6640594E13	195.0	68.0
5.6640603E13	195.0	67.0
5.664061E13	195.0	69.0
5.6640624E13	195.0	73.0
5.6640645E13	196.0	72.0
5.6640653E13	196.0	70.0
5.664066E13	192.0	68.0
5.6640674E13	192.0	65.0
5.6640682E13	192.0	61.0
5.664069E13	192.0	59.0
5.6640703E13	186.0	59.0
5.664071E13	186.0	63.0
5.6640724E13	186.0	63.0
5.6640733E13	186.0	67.0
5.664074E13	180.0	72.0
5.6640754E13	180.0	72.0
5.664076E13	180.0	74.0
5.6640775E13	180.0	77.0
5.6640783E13	175.0	78.0
5.664079E13	175.0	78.0
5.6640804E13	175.0	78.0
5.6640812E13	175.0	78.0
5.664082E13	168.0	78.0
5.6640833E13	168.0	79.0
5.664084E13	168.0	79.0
5.6640854E13	156.0	80.0
5.6640863E13	156.0	79.0
5.664087E13	156.0	78.0
5.6640884E13	144.0	76.0
5.664089E13	144.0	76.0
5.6640905E13	144.0	72.0
5.6640913E13	144.0	72.0
5.664092E13	144.0	70.0
5.6640934E13	135.0	69.0
5.6640942E13	135.0	68.0
5.6640955E13	135.0	68.0
5.6640963E13	128.0	45.0
5.664097E13	128.0	69.0
5.6640984E13	128.0	69.0
5.6640993E13	124.0	69.0
5.6641E13	124.0	69.0
5.6641014E13	124.0	71.0
5.664102E13	124.0	74.0
5.6641035E13	124.0	74.0
5.6641043E13	120.0	75.0
5.664105E13	120.0	75.0
5.6641064E13	120.0	74.0
5.6641072E13	120.0	74.0
5.6641085E13	117.0	73.0
5.6641093E13	117.0	72.0
5.66411E13	117.0	73.0
5.6641114E13	117.0	73.0
5.6641123E13	115.0	74.0
5.664113E13	115.0	75.0
5.6641144E13	115.0	76.0
5.664115E13	113.0	77.0
5.6641165E13	113.0	78.0
5.6641173E13	113.0	79.0
5.664118E13	113.0	80.0
5.6641194E13	111.0	81.0
5.6641202E13	111.0	80.0
5.6641215E13	111.0	79.0
5.6641223E13	111.0	78.0
5.664123E13	110.0	78.0
5.6641244E13	110.0	77.0
5.6641253E13	110.0	76.0
5.664126E13	110.0	75.0
5.6641274E13	109.0	76.0
5.6641282E13	109.0	77.0
5.6641295E13	109.0	79.0
5.6641303E13	107.0	81.0
5.664131E13	107.0	82.0
5.6641324E13	107.0	82.0
5.6641332E13	107.0	82.0
5.6641345E13	107.0	82.0
5.6641353E13	107.0	83.0
5.664136E13	107.0	84.0
5.6641374E13	107.0	85.0
5.6641383E13	108.0	87.0
5.664139E13	108.0	87.0
5.6641404E13	108.0	88.0
5.6641412E13	108.0	88.0
5.6641425E13	114.0	87.0
5.6641433E13	114.0	87.0
5.664144E13	114.0	88.0
5.6641454E13	124.0	87.0
5.6641462E13	124.0	88.0
5.6641475E13	124.0	89.0
5.6641483E13	124.0	87.0
5.664149E13	135.0	86.0
5.6641504E13	135.0	85.0
5.6641513E13	135.0	84.0
5.664152E13	135.0	84.0
5.6641534E13	148.0	83.0
5.6641542E13	148.0	82.0
5.6641555E13	148.0	81.0
5.6641563E13	148.0	80.0
5.664157E13	162.0	78.0
5.6641584E13	162.0	76.0
5.6641592E13	162.0	74.0
5.6641605E13	175.0	72.0
5.6641613E13	175.0	71.0
5.664162E13	175.0	70.0
5.6641634E13	175.0	70.0
5.6641643E13	187.0	69.0
5.6641655E13	187.0	70.0
5.6641664E13	187.0	72.0
5.6641672E13	187.0	72.0
5.6641685E13	198.0	71.0
5.6641693E13	198.0	69.0
5.66417E13	198.0	67.0
5.6641714E13	198.0	66.0
5.6641723E13	206.0	65.0
5.6641735E13	206.0	64.0
5.6641743E13	206.0	65.0
5.6641756E13	211.0	66.0
5.6641764E13	211.0	69.0
5.6641773E13	211.0	72.0
5.6641785E13	211.0	70.0
5.6641794E13	211.0	68.0
5.6641802E13	211.0	69.0
5.6641815E13	211.0	71.0
5.6641823E13	211.0	72.0
5.6641836E13	207.0	72.0
5.6641844E13	207.0	72.0
5.6641853E13	207.0	72.0
5.6641865E13	198.0	71.0
5.6641874E13	198.0	64.0
5.664188E13	198.0	63.0
5.6641894E13	187.0	64.0
5.6641903E13	187.0	67.0
5.6641915E13	187.0	67.0
5.6641924E13	187.0	69.0
5.6641932E13	179.0	70.0
5.6641945E13	179.0	71.0
5.6641953E13	179.0	74.0
5.6641966E13	179.0	74.0
5.6641974E13	172.0	76.0
5.6641983E13	172.0	76.0
5.6641995E13	172.0	77.0
5.6642004E13	163.0	80.0
5.664201E13	163.0	81.0
5.6642025E13	163.0	81.0
5.6642033E13	163.0	82.0
5.6642045E13	151.0	82.0
5.6642054E13	151.0	82.0
5.6642062E13	151.0	80.0
5.6642075E13	151.0	78.0
5.6642083E13	140.0	77.0
5.6642096E13	140.0	77.0
5.6642104E13	140.0	73.0
5.6642113E13	140.0	72.0
5.6642125E13	130.0	72.0
5.6642134E13	130.0	71.0
5.6642146E13	130.0	70.0
5.6642155E13	125.0	69.0
5.6642163E13	125.0	69.0
5.6642176E13	125.0	69.0
5.6642184E13	125.0	69.0
5.6642192E13	125.0	71.0
5.6642205E13	122.0	73.0
5.6642213E13	122.0	74.0
5.6642226E13	122.0	73.0
5.6642234E13	122.0	73.0
5.6642243E13	119.0	74.0
5.6642255E13	119.0	74.0
5.6642264E13	119.0	75.0
5.664227E13	119.0	75.0
5.6642285E13	116.0	75.0
5.6642293E13	116.0	74.0
5.6642306E13	116.0	74.0
5.6642314E13	114.0	73.0
5.6642322E13	114.0	73.0
5.6642335E13	114.0	74.0
5.6642343E13	114.0	75.0
5.6642356E13	112.0	76.0
5.6642364E13	112.0	78.0
5.6642373E13	112.0	79.0
5.6642385E13	112.0	80.0
5.6642394E13	109.0	80.0
5.66424E13	109.0	79.0
5.6642415E13	109.0	79.0
5.6642423E13	109.0	79.0
5.6642436E13	109.0	80.0
5.6642444E13	109.0	80.0
5.6642452E13	109.0	80.0
5.6642465E13	108.0	79.0
5.6642473E13	108.0	78.0
5.6642486E13	108.0	78.0
5.6642494E13	108.0	78.0
5.6642503E13	107.0	78.0
5.6642515E13	107.0	78.0
5.6642524E13	107.0	79.0
5.664253E13	107.0	79.0
5.6642545E13	107.0	82.0
5.6642553E13	107.0	84.0
5.6642566E13	107.0	85.0
5.6642574E13	107.0	86.0
5.6642582E13	107.0	88.0
5.6642595E13	107.0	89.0
5.6642603E13	107.0	89.0
5.6642616E13	112.0	89.0
5.6642624E13	112.0	89.0
5.6642633E13	112.0	89.0
5.6642645E13	112.0	89.0
5.6642654E13	119.0	89.0
5.6642666E13	119.0	89.0
5.6642675E13	119.0	88.0
5.6642683E13	119.0	87.0
5.6642696E13	129.0	86.0
5.6642704E13	129.0	85.0
5.6642712E13	129.0	84.0
5.6642725E13	129.0	83.0
5.6642733E13	140.0	82.0
5.6642746E13	140.0	79.0
5.6642754E13	140.0	76.0
5.6642763E13	149.0	73.0
5.6642775E13	149.0	71.0
5.6642784E13	149.0	70.0
5.6642796E13	149.0	70.0
5.6642805E13	160.0	69.0
5.6642813E13	160.0	69.0
5.6642826E13	160.0	69.0
5.6642834E13	160.0	69.0
5.6642842E13	172.0	67.0
5.6642855E13	172.0	66.0
5.6642863E13	172.0	66.0
5.6642876E13	172.0	65.0
5.6642884E13	186.0	63.0
5.6642893E13	186.0	62.0
5.6642905E13	186.0	62.0
5.6642914E13	195.0	62.0
5.6642926E13	195.0	61.0
5.6642935E13	195.0	63.0
5.6642943E13	199.0	66.0
5.6642956E13	199.0	66.0
5.6642964E13	199.0	66.0
5.6642977E13	199.0	65.0
5.6642985E13	199.0	66.0
5.6642993E13	202.0	69.0
5.6643006E13	202.0	72.0
5.6643014E13	202.0	75.0
5.6643023E13	201.0	74.0
5.6643035E13	201.0	72.0
5.6643044E13	201.0	70.0
5.6643056E13	201.0	68.0
5.6643065E13	196.0	66.0
5.6643073E13	196.0	64.0
5.6643086E13	196.0	62.0
5.6643094E13	196.0	63.0
5.6643107E13	188.0	65.0
5.6643115E13	188.0	67.0
5.6643123E13	188.0	69.0
5.6643136E13	188.0	70.0
5.6643144E13	183.0	71.0
5.6643153E13	183.0	73.0
5.6643165E13	183.0	74.0
5.6643174E13	177.0	75.0
5.6643186E13	177.0	76.0
5.6643195E13	177.0	77.0
5.6643203E13	177.0	79.0
5.6643216E13	168.0	80.0
5.6643224E13	168.0	80.0
5.6643237E13	168.0	80.0
5.6643245E13	168.0	80.0
5.6643253E13	156.0	79.0
5.6643266E13	156.0	77.0
5.6643274E13	156.0	75.0
5.6643287E13	156.0	73.0
5.6643295E13	143.0	71.0
5.6643304E13	143.0	69.0
5.6643316E13	143.0	67.0
5.6643325E13	134.0	67.0
5.6643333E13	134.0	67.0
5.6643346E13	134.0	67.0
5.6643354E13	134.0	68.0
5.6643367E13	127.0	70.0
5.6643375E13	127.0	71.0
5.6643383E13	127.0	72.0
5.6643396E13	127.0	72.0
5.6643404E13	121.0	72.0
5.6643417E13	121.0	73.0
5.6643425E13	121.0	74.0
5.6643434E13	121.0	74.0
5.6643446E13	116.0	74.0
5.6643455E13	116.0	74.0
5.6643463E13	116.0	73.0
5.6643476E13	113.0	73.0
5.6643484E13	113.0	72.0
5.6643497E13	113.0	73.0
5.6643505E13	113.0	74.0
5.6643513E13	111.0	74.0
5.6643526E13	111.0	75.0
5.6643534E13	111.0	75.0
5.6643547E13	111.0	76.0
5.6643555E13	109.0	76.0
5.6643564E13	109.0	78.0
5.6643576E13	109.0	80.0
5.6643585E13	109.0	81.0
5.6643597E13	107.0	80.0
5.6643606E13	107.0	79.0
5.6643614E13	107.0	80.0
5.6643627E13	107.0	81.0
5.6643635E13	107.0	82.0
5.6643644E13	107.0	82.0
5.6643656E13	107.0	82.0
5.6643664E13	107.0	82.0
5.6643677E13	107.0	82.0
5.6643685E13	107.0	83.0
5.6643694E13	107.0	83.0
5.6643706E13	107.0	83.0
5.6643715E13	107.0	82.0
5.6643727E13	107.0	81.0
5.6643736E13	107.0	80.0
5.6643744E13	108.0	80.0
5.6643757E13	108.0	81.0
5.6643765E13	108.0	82.0
5.6643774E13	109.0	83.0
5.6643786E13	109.0	84.0
5.6643795E13	109.0	85.0
5.6643807E13	109.0	85.0
5.6643815E13	113.0	86.0
5.6643824E13	113.0	86.0
5.6643836E13	113.0	86.0
5.6643845E13	113.0	87.0
5.6643857E13	119.0	87.0
5.6643866E13	119.0	87.0
5.6643874E13	119.0	88.0
5.6643887E13	129.0	88.0
5.6643895E13	129.0	88.0
5.6643904E13	129.0	88.0
5.6643916E13	141.0	86.0
5.6643925E13	141.0	84.0
5.6643937E13	141.0	84.0
5.6643945E13	141.0	82.0
5.6643954E13	141.0	80.0
5.6643966E13	154.0	71.0
5.6643975E13	154.0	71.0
5.6643987E13	154.0	70.0
5.6643996E13	166.0	69.0
5.6644004E13	166.0	69.0
5.6644017E13	166.0	69.0
5.6644025E13	166.0	68.0
5.6644038E13	176.0	66.0
5.6644046E13	176.0	63.0
5.6644055E13	176.0	62.0
5.6644067E13	176.0	65.0
5.6644076E13	183.0	65.0
5.6644084E13	183.0	65.0
5.6644096E13	183.0	64.0
5.6644105E13	183.0	62.0
5.6644117E13	191.0	61.0
5.6644126E13	191.0	61.0
5.6644134E13	191.0	64.0
5.6644147E13	191.0	68.0
5.6644155E13	195.0	72.0
5.6644168E13	195.0	72.0
5.6644176E13	195.0	69.0
5.6644185E13	198.0	70.0
5.6644197E13	198.0	72.0
5.6644206E13	198.0	75.0
5.6644214E13	198.0	76.0
5.6644227E13	199.0	74.0
5.6644235E13	199.0	72.0
5.6644247E13	199.0	69.0
5.6644256E13	199.0	68.0
5.6644264E13	194.0	67.0
5.6644277E13	194.0	65.0
5.6644285E13	194.0	64.0
5.6644298E13	194.0	65.0
5.6644306E13	185.0	67.0
5.6644315E13	185.0	68.0
5.6644327E13	185.0	69.0
5.6644336E13	177.0	69.0
5.664435E13	177.0	71.0
5.6644357E13	177.0	74.0
5.6644365E13	177.0	76.0
5.6644378E13	170.0	78.0
5.6644386E13	170.0	79.0
5.6644394E13	170.0	79.0
5.6644407E13	170.0	80.0
5.6644415E13	159.0	79.0
5.6644428E13	159.0	78.0
5.6644436E13	159.0	77.0
5.6644445E13	159.0	76.0
5.6644457E13	146.0	75.0
5.6644466E13	146.0	73.0
5.664448E13	146.0	71.0
5.6644487E13	135.0	69.0
5.6644495E13	135.0	69.0
5.6644508E13	135.0	68.0
5.6644516E13	135.0	67.0
5.6644524E13	128.0	66.0
5.6644537E13	128.0	68.0
5.6644545E13	128.0	69.0
5.6644558E13	128.0	69.0
5.6644566E13	123.0	70.0
5.6644575E13	123.0	70.0
5.6644587E13	123.0	70.0
5.6644596E13	123.0	70.0
5.664461E13	118.0	71.0
5.6644617E13	118.0	71.0
5.6644625E13	118.0	73.0
5.6644638E13	114.0	74.0
5.6644646E13	114.0	75.0
5.6644654E13	114.0	74.0
5.6644667E13	114.0	74.0
5.6644675E13	112.0	75.0
5.6644688E13	112.0	76.0
5.6644696E13	112.0	77.0
5.6644705E13	112.0	76.0
5.6644717E13	112.0	76.0
5.6644726E13	112.0	77.0
5.664474E13	112.0	77.0
5.6644747E13	112.0	78.0
5.6644755E13	112.0	79.0
5.6644768E13	112.0	81.0
5.6644776E13	112.0	82.0
5.664479E13	113.0	81.0
5.6644797E13	113.0	80.0
5.6644805E13	113.0	80.0
5.664482E13	113.0	81.0
5.6644826E13	114.0	79.0
5.6644835E13	114.0	79.0
5.6644847E13	114.0	78.0
5.6644856E13	114.0	79.0
5.664487E13	114.0	79.0
5.6644877E13	114.0	80.0
5.6644885E13	114.0	81.0
5.6644898E13	113.0	81.0
5.6644906E13	113.0	81.0
5.664492E13	113.0	81.0
5.6644927E13	113.0	81.0
5.6644935E13	114.0	83.0
5.664495E13	114.0	83.0
5.6644956E13	114.0	84.0
5.6644965E13	114.0	85.0
5.6644977E13	117.0	85.0
5.6644986E13	117.0	86.0
5.6645E13	117.0	87.0
5.6645007E13	125.0	87.0
5.6645015E13	125.0	87.0
5.6645028E13	125.0	87.0
5.6645036E13	125.0	87.0
5.664505E13	138.0	87.0
5.6645057E13	138.0	88.0
5.6645065E13	138.0	89.0
5.664508E13	138.0	89.0
5.6645086E13	154.0	87.0
5.6645095E13	154.0	86.0
5.6645107E13	154.0	84.0
5.6645116E13	154.0	83.0
5.664513E13	169.0	81.0
5.6645137E13	169.0	80.0
5.6645145E13	169.0	78.0
5.6645158E13	169.0	76.0
5.6645166E13	181.0	72.0
5.664518E13	181.0	70.0
5.6645187E13	181.0	69.0
5.6645195E13	190.0	67.0
5.664521E13	190.0	66.0
5.6645216E13	190.0	65.0
5.664523E13	190.0	65.0
5.6645237E13	199.0	66.0
5.6645246E13	199.0	69.0
5.664526E13	199.0	69.0
5.6645267E13	199.0	68.0
5.6645275E13	208.0	66.0
5.6645288E13	208.0	65.0
5.6645296E13	208.0	63.0
5.664531E13	214.0	65.0
5.6645317E13	214.0	67.0
5.664533E13	214.0	69.0
5.664534E13	217.0	68.0
5.6645346E13	217.0	68.0
5.664536E13	217.0	68.0
5.6645367E13	217.0	69.0
5.6645376E13	215.0	70.0
5.664539E13	215.0	72.0
5.6645397E13	215.0	73.0
5.6645405E13	215.0	71.0
5.6645418E13	209.0	69.0
5.6645426E13	209.0	67.0
5.664544E13	209.0	65.0
5.6645447E13	209.0	65.0
5.6645455E13	209.0	64.0
5.664547E13	200.0	65.0
5.6645476E13	200.0	66.0
5.664549E13	200.0	68.0
5.6645497E13	194.0	70.0
5.6645506E13	194.0	71.0
5.664552E13	194.0	72.0
5.6645527E13	194.0	73.0
5.6645535E13	190.0	76.0
5.6645548E13	190.0	78.0
5.6645556E13	190.0	79.0
5.664557E13	182.0	80.0
5.6645577E13	182.0	80.0
5.6645585E13	182.0	80.0
5.66456E13	182.0	80.0
5.6645606E13	169.0	79.0
5.664562E13	169.0	77.0
5.664563E13	169.0	75.0
5.6645644E13	156.0	73.0
5.664565E13	156.0	71.0
5.6645657E13	156.0	70.0
5.6645665E13	156.0	69.0
5.6645686E13	145.0	68.0
5.6645678E13	145.0	68.0
5.66457E13	145.0	68.0
5.6645707E13	145.0	69.0
5.6645715E13	137.0	69.0
5.664573E13	137.0	70.0
5.6645736E13	137.0	70.0
5.664575E13	137.0	71.0
5.6645757E13	131.0	73.0
5.6645766E13	131.0	74.0
5.664578E13	131.0	74.0
5.6645787E13	127.0	75.0
5.66458E13	127.0	76.0
5.6645808E13	127.0	76.0
5.6645816E13	127.0	76.0
5.664583E13	124.0	77.0
5.6645837E13	124.0	77.0
5.6645846E13	124.0	76.0
5.664586E13	124.0	88.0
5.6645866E13	124.0	88.0
5.664588E13	124.0	75.0
5.6645887E13	124.0	88.0
5.6645896E13	124.0	88.0
5.664591E13	124.0	77.0
5.6645917E13	124.0	79.0
5.664593E13	124.0	79.0
5.6645938E13	125.0	83.0
5.6645946E13	125.0	82.0
5.664596E13	125.0	82.0
5.6645967E13	125.0	88.0
5.6645976E13	125.0	88.0
5.664599E13	126.0	88.0
5.6645997E13	126.0	79.0
5.6646026E13	126.0	88.0
5.664603E13	126.0	81.0
5.664604E13	126.0	81.0
5.664605E13	126.0	81.0
5.664606E13	126.0	82.0
5.6646068E13	124.0	82.0
5.6646076E13	124.0	82.0
5.664609E13	124.0	82.0
5.6646097E13	122.0	82.0
5.664611E13	122.0	82.0
5.664612E13	122.0	83.0
5.664613E13	123.0	85.0
5.664614E13	123.0	85.0
5.6646148E13	123.0	86.0
5.6646164E13	123.0	87.0
5.664617E13	123.0	87.0
5.6646177E13	128.0	86.0
5.664619E13	128.0	85.0
5.6646198E13	128.0	84.0
5.664621E13	139.0	83.0
5.664622E13	139.0	88.0
5.6646236E13	139.0	88.0
5.664625E13	153.0	88.0
5.6646257E13	153.0	88.0
5.664627E13	153.0	86.0
5.6646278E13	153.0	88.0
5.664629E13	168.0	83.0
5.66463E13	168.0	87.0
5.664631E13	168.0	87.0
5.664632E13	168.0	87.0
5.6646328E13	182.0	80.0
5.6646336E13	182.0	87.0
5.664635E13	182.0	87.0
5.6646357E13	193.0	72.0
5.664637E13	193.0	70.0
5.664638E13	193.0	67.0
5.664639E13	193.0	66.0
5.66464E13	200.0	65.0
5.664641E13	200.0	64.0
5.6646416E13	200.0	64.0
5.664643E13	200.0	65.0
5.6646437E13	207.0	67.0
5.664645E13	207.0	66.0
5.6646458E13	207.0	87.0
5.664647E13	207.0	87.0
5.664648E13	215.0	87.0
5.664649E13	215.0	87.0
5.66465E13	215.0	87.0
5.664651E13	221.0	66.0
5.6646517E13	221.0	70.0
5.664653E13	221.0	71.0
5.6646538E13	221.0	69.0
5.664655E13	224.0	68.0
5.664656E13	224.0	69.0
5.664657E13	224.0	70.0
5.664658E13	224.0	71.0
5.664659E13	222.0	72.0
5.6646596E13	222.0	87.0
5.664661E13	222.0	87.0
5.6646617E13	222.0	70.0
5.664663E13	214.0	87.0
5.664664E13	214.0	87.0
5.664665E13	214.0	65.0
5.664666E13	203.0	65.0
5.664667E13	203.0	66.0
5.664668E13	203.0	68.0
5.664669E13	203.0	70.0
5.6646697E13	195.0	87.0
5.664671E13	195.0	87.0
5.664672E13	195.0	87.0
5.664673E13	195.0	76.0
5.664674E13	189.0	78.0
5.664675E13	189.0	80.0
5.664676E13	189.0	80.0
5.664677E13	189.0	80.0
5.6646777E13	180.0	80.0
5.664679E13	180.0	87.0
5.6646798E13	180.0	87.0
5.664681E13	166.0	79.0
5.664682E13	166.0	87.0
5.664683E13	166.0	76.0
5.664684E13	166.0	73.0
5.6646852E13	153.0	88.0
5.6646856E13	153.0	88.0
5.664687E13	153.0	88.0
5.6646877E13	153.0	68.0
5.664689E13	143.0	68.0
5.66469E13	143.0	68.0
5.664691E13	143.0	69.0
5.664692E13	143.0	70.0
5.664693E13	136.0	70.0
5.664694E13	136.0	70.0
5.664695E13	136.0	71.0
5.6646957E13	131.0	72.0
5.664697E13	131.0	73.0
5.664698E13	131.0	74.0
5.664699E13	131.0	75.0
5.6647E13	126.0	77.0
5.664701E13	126.0	79.0
5.664702E13	126.0	79.0
5.664703E13	126.0	77.0
5.6647037E13	123.0	75.0
5.664705E13	123.0	74.0
5.6647058E13	123.0	75.0
5.664707E13	123.0	76.0
5.664708E13	121.0	88.0
5.664709E13	121.0	88.0
5.66471E13	121.0	88.0
5.6647112E13	119.0	88.0
5.664712E13	119.0	77.0
5.664713E13	119.0	80.0
5.6647137E13	119.0	83.0
5.664715E13	117.0	83.0
5.664716E13	117.0	82.0
5.664717E13	117.0	88.0
5.664718E13	117.0	81.0
5.664719E13	117.0	88.0
5.66472E13	117.0	79.0
5.664721E13	117.0	78.0
5.6647217E13	117.0	78.0
5.664723E13	117.0	79.0
5.664724E13	117.0	80.0
5.664725E13	117.0	82.0
5.664726E13	116.0	83.0
5.664727E13	116.0	84.0
5.664728E13	116.0	84.0
5.6647293E13	116.0	88.0
5.6647297E13	115.0	88.0
5.664731E13	115.0	85.0
5.6647318E13	115.0	88.0
5.664733E13	115.0	87.0
5.664734E13	115.0	88.0
5.664735E13	115.0	88.0
5.664736E13	115.0	88.0
5.6647372E13	120.0	86.0
5.664738E13	120.0	88.0
5.664739E13	120.0	88.0
5.6647397E13	120.0	88.0
5.664741E13	130.0	85.0
5.664742E13	130.0	88.0
5.664743E13	130.0	88.0
5.664744E13	130.0	88.0
5.664745E13	142.0	88.0
5.664746E13	142.0	88.0
5.664747E13	142.0	84.0
5.6647477E13	142.0	88.0
5.664749E13	154.0	88.0
5.66475E13	154.0	88.0
5.664751E13	154.0	78.0
5.664752E13	165.0	75.0
5.664753E13	165.0	72.0
5.664754E13	165.0	69.0
5.6647553E13	165.0	67.0
5.664756E13	172.0	64.0
5.664757E13	172.0	62.0
5.6647578E13	172.0	60.0
5.664759E13	172.0	60.0
5.66476E13	180.0	60.0
5.664761E13	180.0	61.0
5.664762E13	180.0	63.0
5.6647632E13	180.0	64.0
5.664764E13	190.0	65.0
