5.6480925E13	779.0	74.0
5.6480934E13	756.0	73.0
5.6480942E13	756.0	72.0
5.6480955E13	756.0	73.0
5.6480963E13	756.0	73.0
5.6480976E13	746.0	73.0
5.6480984E13	746.0	73.0
5.6480993E13	746.0	74.0
5.6481005E13	746.0	74.0
5.6481014E13	748.0	74.0
5.648102E13	748.0	73.0
5.6481035E13	762.0	72.0
5.6481043E13	762.0	72.0
5.6481056E13	762.0	71.0
5.6481064E13	762.0	70.0
5.6481072E13	762.0	68.0
5.6481085E13	784.0	67.0
5.6481093E13	784.0	65.0
5.6481106E13	784.0	64.0
5.6481114E13	784.0	63.0
5.6481123E13	797.0	63.0
5.6481135E13	797.0	62.0
5.6481144E13	797.0	61.0
5.6481156E13	797.0	62.0
5.6481165E13	801.0	64.0
5.6481173E13	801.0	67.0
5.6481186E13	801.0	69.0
5.6481194E13	802.0	71.0
5.6481202E13	802.0	73.0
5.6481215E13	802.0	74.0
5.6481223E13	802.0	74.0
5.6481236E13	799.0	74.0
5.6481244E13	799.0	73.0
5.6481253E13	799.0	72.0
5.6481265E13	799.0	71.0
5.6481274E13	803.0	71.0
5.6481286E13	803.0	70.0
5.6481295E13	803.0	69.0
5.6481303E13	803.0	70.0
5.6481316E13	808.0	72.0
5.6481324E13	808.0	75.0
5.6481332E13	808.0	77.0
5.6481345E13	812.0	77.0
5.6481353E13	812.0	78.0
5.6481366E13	812.0	80.0
5.6481374E13	812.0	82.0
5.6481383E13	817.0	84.0
5.6481395E13	817.0	85.0
5.6481404E13	817.0	86.0
5.6481416E13	817.0	86.0
5.6481425E13	829.0	85.0
5.6481433E13	829.0	82.0
5.6481446E13	829.0	80.0
5.6481454E13	829.0	80.0
5.6481462E13	842.0	78.0
5.6481475E13	842.0	78.0
5.6481483E13	842.0	78.0
5.6481496E13	840.0	81.0
5.6481504E13	840.0	85.0
5.6481513E13	840.0	86.0
5.6481525E13	840.0	84.0
5.6481534E13	822.0	84.0
5.6481546E13	822.0	83.0
5.6481555E13	822.0	82.0
5.6481563E13	822.0	81.0
5.6481576E13	806.0	82.0
5.6481584E13	806.0	80.0
5.6481592E13	806.0	77.0
5.6481605E13	806.0	76.0
5.6481613E13	812.0	75.0
5.6481626E13	812.0	72.0
5.6481634E13	812.0	72.0
5.6481643E13	835.0	73.0
5.6481655E13	835.0	78.0
5.6481664E13	835.0	80.0
5.6481676E13	865.0	78.0
5.6481685E13	865.0	76.0
5.6481693E13	865.0	74.0
5.6481706E13	865.0	73.0
5.6481714E13	891.0	73.0
5.6481727E13	891.0	75.0
5.6481735E13	891.0	79.0
5.6481743E13	891.0	79.0
5.6481756E13	897.0	78.0
5.6481764E13	897.0	78.0
5.6481773E13	897.0	77.0
5.6481785E13	891.0	75.0
5.6481794E13	891.0	74.0
5.6481806E13	891.0	71.0
5.6481815E13	891.0	68.0
5.6481823E13	877.0	64.0
5.6481836E13	877.0	61.0
5.6481844E13	877.0	58.0
5.6481857E13	877.0	57.0
5.6481865E13	856.0	58.0
5.6481873E13	856.0	62.0
5.6481886E13	856.0	65.0
5.6481894E13	856.0	68.0
5.6481903E13	843.0	71.0
5.6481915E13	843.0	73.0
5.6481924E13	843.0	73.0
5.6481936E13	829.0	74.0
5.6481945E13	829.0	75.0
5.6481953E13	829.0	74.0
5.6481966E13	829.0	74.0
5.6481974E13	814.0	74.0
5.6481987E13	814.0	75.0
5.6481995E13	814.0	75.0
5.6482003E13	814.0	75.0
5.6482016E13	805.0	75.0
5.6482024E13	805.0	75.0
5.6482037E13	805.0	75.0
5.6482045E13	805.0	73.0
5.6482054E13	802.0	72.0
5.6482066E13	802.0	72.0
5.6482075E13	802.0	72.0
5.6482083E13	807.0	72.0
5.6482096E13	807.0	72.0
5.6482104E13	807.0	72.0
5.6482117E13	807.0	73.0
5.6482125E13	822.0	73.0
5.6482133E13	822.0	72.0
5.6482146E13	822.0	72.0
5.6482154E13	822.0	73.0
5.6482175E13	849.0	79.0
5.6482184E13	849.0	76.0
5.6482196E13	849.0	71.0
5.6482205E13	873.0	69.0
5.6482213E13	873.0	68.0
5.6482167E13	885.0	66.0
5.6482226E13	885.0	66.0
5.6482234E13	885.0	66.0
5.6482247E13	885.0	65.0
5.6482255E13	885.0	65.0
5.6482263E13	885.0	65.0
5.6482276E13	880.0	65.0
5.6482284E13	880.0	66.0
5.6482297E13	880.0	67.0
5.6482305E13	880.0	69.0
5.6482314E13	878.0	72.0
5.6482326E13	878.0	72.0
5.6482343E13	878.0	73.0
5.6482335E13	878.0	73.0
5.6482356E13	882.0	76.0
5.6482364E13	882.0	76.0
5.6482377E13	882.0	73.0
5.6482385E13	882.0	73.0
5.6482393E13	883.0	76.0
5.6482406E13	883.0	77.0
5.6482414E13	883.0	78.0
5.6482427E13	883.0	79.0
5.6482435E13	891.0	77.0
5.6482444E13	891.0	72.0
5.6482456E13	891.0	66.0
5.6482465E13	891.0	63.0
5.6482473E13	895.0	62.0
5.6482486E13	895.0	62.0
5.6482494E13	895.0	64.0
5.6482507E13	895.0	66.0
5.6482515E13	890.0	68.0
5.6482536E13	890.0	73.0
5.6482544E13	879.0	77.0
5.6482557E13	879.0	80.0
5.6482565E13	879.0	83.0
5.6482574E13	879.0	83.0
5.6482586E13	876.0	82.0
5.6482595E13	876.0	81.0
5.6482603E13	876.0	81.0
5.6482616E13	876.0	81.0
5.6482624E13	874.0	82.0
5.6482637E13	874.0	83.0
5.6482645E13	874.0	85.0
5.6482654E13	874.0	88.0
5.6482666E13	869.0	88.0
5.6482675E13	869.0	83.0
5.6482687E13	869.0	82.0
5.6482695E13	860.0	83.0
5.6482704E13	860.0	83.0
5.6482716E13	860.0	81.0
5.6482725E13	860.0	74.0
5.6482737E13	867.0	74.0
5.6482746E13	867.0	74.0
5.6482754E13	867.0	74.0
5.6482767E13	867.0	72.0
5.6482775E13	896.0	74.0
5.6482784E13	896.0	74.0
5.6482796E13	896.0	74.0
5.6482805E13	896.0	74.0
5.6482817E13	950.0	76.0
5.6482826E13	950.0	75.0
5.6482834E13	950.0	72.0
5.6482846E13	1018.0	70.0
5.6482855E13	1018.0	70.0
5.6482867E13	1018.0	71.0
5.6482876E13	1018.0	73.0
5.6482884E13	1062.0	76.0
5.6482897E13	1062.0	77.0
5.6482905E13	1062.0	77.0
5.6482914E13	1062.0	76.0
5.6482926E13	1074.0	75.0
5.6482935E13	1074.0	75.0
5.6482947E13	1074.0	73.0
5.6482956E13	1074.0	72.0
5.6482964E13	1058.0	70.0
5.6482976E13	1058.0	68.0
5.6482985E13	1058.0	66.0
5.6482997E13	1022.0	62.0
5.6483006E13	1022.0	59.0
5.6483014E13	1022.0	57.0
5.6483027E13	1022.0	73.0
5.6483035E13	992.0	73.0
5.6483048E13	992.0	73.0
5.6483056E13	992.0	69.0
5.6483065E13	992.0	72.0
5.6483077E13	966.0	73.0
5.6483094E13	966.0	76.0
5.6483107E13	966.0	73.0
5.6483115E13	933.0	75.0
5.6483127E13	933.0	74.0
5.6483136E13	933.0	73.0
5.6483144E13	902.0	74.0
5.6483157E13	902.0	75.0
5.6483165E13	902.0	76.0
5.6483178E13	902.0	77.0
5.6483186E13	878.0	76.0
5.6483195E13	878.0	76.0
5.6483207E13	878.0	76.0
5.6483216E13	878.0	74.0
5.648323E13	870.0	73.0
5.6483237E13	870.0	72.0
5.6483245E13	870.0	71.0
5.6483258E13	870.0	71.0
5.6483266E13	879.0	71.0
5.6483274E13	879.0	72.0
5.6483287E13	879.0	73.0
5.6483295E13	896.0	74.0
5.6483308E13	896.0	74.0
5.6483316E13	896.0	74.0
5.6483325E13	896.0	75.0
5.6483337E13	917.0	75.0
5.6483346E13	917.0	75.0
5.648336E13	917.0	74.0
5.6483367E13	939.0	71.0
5.6483375E13	939.0	69.0
5.6483388E13	939.0	69.0
5.6483396E13	939.0	65.0
5.648341E13	939.0	65.0
5.6483417E13	959.0	64.0
5.6483425E13	959.0	63.0
5.6483438E13	969.0	65.0
5.6483446E13	969.0	65.0
5.6483455E13	969.0	67.0
5.6483467E13	969.0	68.0
5.6483476E13	975.0	69.0
5.648349E13	975.0	70.0
5.6483497E13	975.0	72.0
5.6483505E13	975.0	72.0
5.6483518E13	975.0	76.0
5.6483526E13	973.0	78.0
5.6483534E13	973.0	78.0
5.6483547E13	973.0	78.0
5.6483555E13	973.0	81.0
5.6483568E13	974.0	82.0
5.6483576E13	974.0	82.0
5.6483585E13	974.0	80.0
5.6483597E13	974.0	76.0
5.6483606E13	974.0	73.0
5.648362E13	974.0	71.0
5.6483627E13	974.0	70.0
5.6483635E13	973.0	69.0
5.6483648E13	973.0	68.0
5.6483656E13	973.0	67.0
5.648367E13	973.0	67.0
5.6483677E13	980.0	68.0
5.6483685E13	980.0	70.0
5.64837E13	980.0	72.0
5.6483706E13	980.0	75.0
5.6483715E13	986.0	77.0
5.6483727E13	986.0	81.0
5.6483736E13	986.0	84.0
5.648375E13	977.0	84.0
5.6483757E13	977.0	83.0
5.6483765E13	977.0	80.0
5.6483778E13	977.0	77.0
5.6483786E13	959.0	74.0
5.64838E13	959.0	75.0
5.6483807E13	959.0	78.0
5.6483815E13	956.0	78.0
5.648383E13	956.0	78.0
5.6483836E13	956.0	79.0
5.6483845E13	956.0	79.0
5.6483857E13	980.0	77.0
5.6483866E13	980.0	78.0
5.648388E13	980.0	80.0
5.6483887E13	1025.0	80.0
5.6483895E13	1025.0	79.0
5.6483908E13	1025.0	78.0
5.6483916E13	1025.0	78.0
5.648393E13	1088.0	79.0
5.6483937E13	1088.0	77.0
5.6483945E13	1088.0	76.0
5.648396E13	1088.0	76.0
5.6483966E13	1088.0	76.0
5.648398E13	1153.0	78.0
5.6483987E13	1153.0	78.0
5.6483996E13	1153.0	73.0
5.648401E13	1153.0	70.0
5.6484017E13	1208.0	68.0
5.6484025E13	1208.0	67.0
5.6484038E13	1208.0	68.0
5.6484046E13	1225.0	70.0
5.648406E13	1225.0	72.0
5.6484067E13	1225.0	73.0
5.6484075E13	1225.0	74.0
5.648409E13	1210.0	73.0
5.6484096E13	1210.0	72.0
5.648411E13	1210.0	70.0
5.6484117E13	1210.0	68.0
5.6484126E13	1171.0	65.0
5.648414E13	1171.0	62.0
5.6484147E13	1171.0	60.0
5.6484155E13	1171.0	58.0
5.6484168E13	1126.0	57.0
5.6484176E13	1126.0	57.0
5.648419E13	1126.0	58.0
5.6484197E13	1097.0	66.0
5.6484205E13	1097.0	70.0
5.648422E13	1097.0	72.0
5.6484226E13	1097.0	72.0
5.648424E13	1068.0	73.0
5.6484247E13	1068.0	75.0
5.6484256E13	1068.0	76.0
5.648427E13	1068.0	76.0
5.6484277E13	1034.0	75.0
5.6484285E13	1034.0	75.0
5.6484298E13	1034.0	76.0
5.6484306E13	1034.0	77.0
5.648432E13	1010.0	76.0
5.6484327E13	1010.0	76.0
5.6484335E13	1010.0	75.0
5.648435E13	998.0	75.0
5.6484356E13	998.0	74.0
5.648437E13	998.0	74.0
5.6484377E13	998.0	74.0
5.6484386E13	999.0	73.0
5.64844E13	999.0	73.0
5.6484407E13	999.0	74.0
5.648442E13	999.0	74.0
5.6484428E13	1011.0	72.0
5.6484436E13	1011.0	72.0
5.648445E13	1011.0	72.0
5.6484457E13	1011.0	72.0
5.6484465E13	1034.0	72.0
5.648448E13	1034.0	71.0
5.6484486E13	1063.0	71.0
5.64845E13	1063.0	69.0
5.6484507E13	1063.0	69.0
5.6484516E13	1063.0	68.0
5.648453E13	1063.0	67.0
5.6484537E13	1089.0	65.0
5.648455E13	1089.0	63.0
5.6484558E13	1089.0	61.0
5.6484566E13	1089.0	59.0
5.648458E13	1102.0	59.0
5.6484587E13	1102.0	61.0
5.6484595E13	1102.0	63.0
5.648461E13	1102.0	66.0
5.6484616E13	1106.0	68.0
5.648463E13	1106.0	68.0
5.6484637E13	1106.0	70.0
5.6484646E13	1096.0	71.0
5.648466E13	1096.0	73.0
5.6484667E13	1096.0	73.0
5.648468E13	1096.0	73.0
5.6484688E13	1090.0	73.0
5.6484696E13	1090.0	74.0
5.648471E13	1090.0	75.0
5.6484717E13	1090.0	76.0
5.6484726E13	1088.0	76.0
5.648474E13	1088.0	76.0
5.6484746E13	1088.0	75.0
5.648476E13	1088.0	73.0
5.6484767E13	1082.0	73.0
5.6484776E13	1082.0	73.0
5.648479E13	1082.0	73.0
5.6484797E13	1071.0	73.0
5.648481E13	1071.0	73.0
5.6484818E13	1071.0	75.0
5.6484826E13	1071.0	77.0
5.648484E13	1061.0	80.0
5.6484847E13	1061.0	82.0
5.6484856E13	1061.0	83.0
5.648487E13	1061.0	82.0
5.6484877E13	1053.0	81.0
5.648489E13	1053.0	80.0
5.6484897E13	1053.0	80.0
5.6484906E13	1053.0	79.0
5.648492E13	1045.0	78.0
5.6484927E13	1045.0	77.0
5.648494E13	1045.0	78.0
5.6484948E13	1039.0	79.0
5.6484956E13	1039.0	80.0
5.648497E13	1039.0	81.0
5.6484977E13	1039.0	81.0
5.648499E13	1051.0	81.0
5.6485E13	1051.0	81.0
5.6485007E13	1051.0	82.0
5.648502E13	1051.0	81.0
5.6485028E13	1079.0	79.0
5.6485036E13	1079.0	77.0
5.648505E13	1079.0	75.0
5.6485057E13	1079.0	73.0
5.648507E13	1126.0	72.0
5.6485078E13	1126.0	72.0
5.6485086E13	1126.0	71.0
5.64851E13	1182.0	71.0
5.6485107E13	1182.0	69.0
5.648512E13	1182.0	71.0
5.648513E13	1247.0	72.0
5.6485137E13	1247.0	71.0
5.648515E13	1247.0	68.0
5.6485158E13	1247.0	67.0
5.6485166E13	1304.0	69.0
5.648518E13	1304.0	71.0
5.6485187E13	1304.0	73.0
5.64852E13	1304.0	74.0
5.648521E13	1331.0	76.0
5.6485216E13	1331.0	76.0
5.648523E13	1331.0	76.0
5.6485237E13	1324.0	75.0
5.648525E13	1324.0	73.0
5.648526E13	1324.0	71.0
5.6485267E13	1324.0	69.0
5.648528E13	1294.0	67.0
5.6485288E13	1294.0	64.0
5.6485296E13	1294.0	61.0
5.648531E13	1294.0	59.0
5.6485317E13	1256.0	57.0
5.648533E13	1256.0	57.0
5.6485338E13	1256.0	60.0
5.6485346E13	1256.0	65.0
5.648536E13	1225.0	69.0
5.6485367E13	1225.0	73.0
5.648538E13	1225.0	74.0
5.648539E13	1185.0	73.0
5.6485397E13	1185.0	74.0
5.648541E13	1185.0	74.0
5.6485418E13	1185.0	73.0
5.648543E13	1140.0	76.0
5.648544E13	1140.0	72.0
5.6485447E13	1140.0	72.0
5.648546E13	1140.0	74.0
5.648547E13	1107.0	76.0
5.6485476E13	1107.0	76.0
5.648549E13	1107.0	76.0
5.6485497E13	1107.0	76.0
5.648551E13	1087.0	76.0
5.648552E13	1087.0	75.0
5.6485527E13	1087.0	75.0
5.648554E13	1083.0	76.0
5.6485548E13	1083.0	75.0
5.648556E13	1083.0	75.0
5.648557E13	1083.0	74.0
5.6485577E13	1088.0	73.0
5.648559E13	1088.0	74.0
5.64856E13	1088.0	75.0
5.6485606E13	1088.0	75.0
5.648562E13	1099.0	74.0
5.6485627E13	1099.0	69.0
5.648564E13	1099.0	69.0
5.648565E13	1099.0	73.0
5.6485657E13	1099.0	69.0
5.648567E13	1115.0	71.0
5.6485678E13	1115.0	71.0
5.648569E13	1115.0	69.0
5.64857E13	1131.0	69.0
5.6485707E13	1131.0	69.0
5.648572E13	1131.0	67.0
5.648573E13	1131.0	66.0
5.6485736E13	1142.0	66.0
5.648575E13	1142.0	65.0
5.6485757E13	1142.0	64.0
5.648577E13	1142.0	63.0
5.648578E13	1149.0	64.0
5.6485787E13	1149.0	66.0
5.64858E13	1149.0	67.0
5.6485808E13	1149.0	68.0
5.648582E13	1158.0	69.0
5.648583E13	1158.0	70.0
5.6485837E13	1158.0	69.0
5.648585E13	1160.0	69.0
5.648586E13	1160.0	70.0
5.6485866E13	1160.0	71.0
5.648588E13	1160.0	73.0
5.6485887E13	1159.0	75.0
5.64859E13	1159.0	75.0
5.648591E13	1159.0	76.0
5.6485917E13	1159.0	76.0
5.648593E13	1154.0	77.0
5.648594E13	1154.0	77.0
5.648595E13	1154.0	76.0
5.648596E13	1154.0	75.0
5.6485967E13	1143.0	75.0
5.648598E13	1143.0	76.0
5.648599E13	1143.0	77.0
5.6486E13	1130.0	79.0
5.648601E13	1130.0	82.0
5.6486017E13	1130.0	83.0
5.648603E13	1130.0	83.0
5.648604E13	1125.0	85.0
5.6486047E13	1125.0	85.0
5.648606E13	1125.0	83.0
5.6486068E13	1125.0	80.0
5.648608E13	1113.0	78.0
5.648609E13	1113.0	76.0
5.6486097E13	1113.0	76.0
5.648611E13	1113.0	77.0
5.648612E13	1098.0	80.0
5.648613E13	1098.0	83.0
5.648614E13	1098.0	83.0
5.6486147E13	1090.0	83.0
5.648616E13	1090.0	82.0
5.648617E13	1090.0	82.0
5.6486177E13	1090.0	81.0
5.648619E13	1105.0	79.0
5.6486198E13	1105.0	77.0
5.648621E13	1105.0	76.0
5.648622E13	1105.0	75.0
5.6486227E13	1144.0	73.0
5.648624E13	1144.0	72.0
5.648625E13	1144.0	72.0
5.648626E13	1144.0	70.0
5.648627E13	1192.0	71.0
5.6486277E13	1192.0	74.0
5.648629E13	1192.0	74.0
5.64863E13	1247.0	75.0
5.648631E13	1247.0	74.0
5.648632E13	1247.0	72.0
5.6486328E13	1247.0	72.0
5.648634E13	1288.0	72.0
5.648635E13	1288.0	72.0
5.6486357E13	1288.0	75.0
5.648637E13	1288.0	75.0
5.648638E13	1303.0	75.0
5.648639E13	1303.0	75.0
5.64864E13	1303.0	73.0
5.6486407E13	1303.0	73.0
5.648642E13	1295.0	73.0
5.648643E13	1295.0	68.0
5.648644E13	1295.0	70.0
5.648645E13	1262.0	67.0
5.6486458E13	1262.0	61.0
5.648647E13	1262.0	61.0
5.648648E13	1262.0	58.0
5.6486487E13	1228.0	55.0
5.64865E13	1228.0	53.0
5.648651E13	1228.0	55.0
5.648652E13	1228.0	59.0
5.648653E13	1201.0	64.0
5.6486537E13	1201.0	68.0
5.648655E13	1201.0	71.0
5.648656E13	1201.0	73.0
5.648657E13	1166.0	75.0
5.648658E13	1166.0	76.0
5.6486588E13	1166.0	76.0
5.64866E13	1131.0	74.0
5.648661E13	1131.0	74.0
5.648662E13	1131.0	73.0
5.648663E13	1131.0	73.0
5.648664E13	1109.0	76.0
5.648666E13	1109.0	76.0
5.648666E13	1109.0	76.0
5.648668E13	1101.0	74.0
5.648669E13	1101.0	75.0
5.64867E13	1101.0	75.0
5.648671E13	1103.0	72.0
5.6486718E13	1103.0	72.0
5.648673E13	1103.0	73.0
5.648674E13	1113.0	73.0
5.648675E13	1113.0	73.0
5.648676E13	1113.0	73.0
5.648677E13	1113.0	73.0
5.648678E13	1126.0	73.0
5.648679E13	1126.0	73.0
5.6486798E13	1126.0	72.0
5.648681E13	1126.0	71.0
5.648682E13	1145.0	70.0
5.648683E13	1145.0	68.0
5.648684E13	1145.0	66.0
5.6486848E13	1145.0	66.0
5.648686E13	1164.0	65.0
5.648687E13	1164.0	64.0
5.648688E13	1164.0	64.0
5.648689E13	1164.0	65.0
5.64869E13	1175.0	64.0
5.648691E13	1175.0	63.0
5.648692E13	1175.0	62.0
5.648693E13	1175.0	62.0
5.648694E13	1182.0	63.0
5.648695E13	1182.0	64.0
5.648696E13	1182.0	65.0
5.648697E13	1182.0	67.0
5.648699E13	1185.0	70.0
5.648701E13	1184.0	71.0
5.648703E13	1184.0	74.0
5.648704E13	1184.0	75.0
5.648705E13	1176.0	76.0
5.648706E13	1176.0	75.0
5.648707E13	1176.0	74.0
5.648708E13	1176.0	74.0
5.648709E13	1161.0	74.0
5.6487108E13	1161.0	72.0
5.648712E13	1139.0	73.0
5.648713E13	1139.0	75.0
5.648714E13	1139.0	78.0
5.648715E13	1139.0	80.0
5.648716E13	1117.0	82.0
5.648717E13	1117.0	82.0
5.648718E13	1117.0	82.0
5.648719E13	1098.0	80.0
5.64872E13	1098.0	79.0
5.648721E13	1098.0	78.0
5.648722E13	1098.0	78.0
5.648723E13	1076.0	77.0
5.648724E13	1076.0	77.0
5.648725E13	1076.0	80.0
5.648726E13	1076.0	80.0
5.648727E13	1076.0	82.0
5.648728E13	1054.0	85.0
5.648729E13	1054.0	85.0
5.64873E13	1045.0	83.0
5.648731E13	1045.0	83.0
5.648732E13	1045.0	82.0
5.648733E13	1045.0	79.0
5.648734E13	1065.0	79.0
5.648735E13	1065.0	79.0
5.648736E13	1065.0	77.0
5.6487372E13	1065.0	74.0
5.648738E13	1065.0	71.0
5.648739E13	1103.0	73.0
5.64874E13	1103.0	73.0
5.648741E13	1103.0	73.0
5.6487422E13	1151.0	75.0
5.648743E13	1151.0	74.0
5.648744E13	1151.0	74.0
5.648745E13	1205.0	74.0
5.648746E13	1205.0	67.0
5.648747E13	1205.0	66.0
5.648748E13	1205.0	69.0
5.648749E13	1244.0	71.0
5.6487502E13	1244.0	74.0
5.648751E13	1244.0	75.0
5.648752E13	1244.0	76.0
5.648753E13	1253.0	77.0
5.648754E13	1253.0	77.0
5.648755E13	1253.0	76.0
5.648756E13	1253.0	76.0
5.648757E13	1253.0	75.0
5.648758E13	1248.0	73.0
5.648759E13	1248.0	71.0
5.64876E13	1248.0	69.0
5.648761E13	1224.0	67.0
5.648762E13	1224.0	65.0
5.6487632E13	1224.0	62.0
5.648764E13	1224.0	59.0
5.648765E13	1188.0	57.0
5.648766E13	1188.0	58.0
5.648767E13	1188.0	62.0
5.648768E13	1188.0	65.0
5.648769E13	1156.0	69.0
5.64877E13	1156.0	72.0
5.648771E13	1156.0	74.0
5.648772E13	1156.0	75.0
5.648773E13	1117.0	75.0
5.648774E13	1117.0	76.0
5.648775E13	1117.0	76.0
5.6487762E13	1081.0	76.0
5.648777E13	1081.0	76.0
5.648778E13	1081.0	76.0
5.648779E13	1081.0	75.0
5.64878E13	1060.0	75.0
5.648781E13	1060.0	71.0
5.648782E13	1060.0	76.0
5.648783E13	1060.0	76.0
5.648784E13	1052.0	76.0
5.648785E13	1052.0	75.0
5.648786E13	1052.0	74.0
5.648787E13	1052.0	74.0
5.648788E13	1058.0	73.0
5.6487892E13	1058.0	70.0
5.64879E13	1058.0	74.0
5.648791E13	1071.0	74.0
5.648792E13	1071.0	75.0
5.648793E13	1071.0	77.0
5.648794E13	1071.0	75.0
5.648795E13	1084.0	75.0
5.648796E13	1084.0	76.0
5.648797E13	1084.0	74.0
5.648798E13	1084.0	70.0
5.648799E13	1097.0	69.0
5.6488E13	1097.0	70.0
5.648801E13	1097.0	70.0
5.6488022E13	1097.0	69.0
5.648803E13	1111.0	68.0
5.648804E13	1111.0	68.0
5.648805E13	1111.0	66.0
5.648806E13	1121.0	65.0
5.6488073E13	1121.0	65.0
5.648808E13	1121.0	64.0
5.648809E13	1121.0	65.0
5.64881E13	1127.0	67.0
5.648811E13	1127.0	68.0
5.648812E13	1127.0	68.0
5.648813E13	1127.0	69.0
5.648814E13	1131.0	72.0
5.6488152E13	1131.0	74.0
5.648816E13	1131.0	75.0
5.648817E13	1131.0	75.0
5.648818E13	1135.0	76.0
5.648819E13	1135.0	79.0
5.6488203E13	1135.0	82.0
5.648821E13	1134.0	83.0
5.648822E13	1134.0	82.0
5.648823E13	1134.0	80.0
5.648824E13	1134.0	78.0
5.6488257E13	1117.0	76.0
5.648826E13	1117.0	74.0
5.6488274E13	1117.0	74.0
5.6488282E13	1117.0	74.0
5.648829E13	1095.0	75.0
5.64883E13	1095.0	78.0
5.648831E13	1095.0	78.0
5.648832E13	1095.0	80.0
5.6488333E13	1078.0	82.0
5.648834E13	1078.0	81.0
5.648835E13	1078.0	78.0
5.648836E13	1059.0	75.0
5.648837E13	1059.0	74.0
5.648838E13	1059.0	73.0
5.648839E13	1059.0	73.0
5.64884E13	1036.0	75.0
5.6488412E13	1036.0	79.0
5.648842E13	1036.0	86.0
5.648843E13	1036.0	86.0
5.648844E13	1015.0	85.0
5.648845E13	1015.0	81.0
5.6488463E13	1015.0	81.0
5.648847E13	1015.0	81.0
5.648848E13	1015.0	82.0
5.648849E13	1015.0	82.0
5.64885E13	1015.0	81.0
5.6488513E13	1045.0	80.0
5.648852E13	1045.0	78.0
5.648853E13	1045.0	76.0
5.6488542E13	1045.0	74.0
5.648855E13	1094.0	73.0
5.648856E13	1094.0	73.0
5.648857E13	1094.0	75.0
5.648858E13	1094.0	75.0
5.6488593E13	1160.0	76.0
5.64886E13	1160.0	76.0
5.648861E13	1160.0	75.0
5.648862E13	1160.0	72.0
5.648863E13	1235.0	69.0
5.6488643E13	1235.0	70.0
5.648865E13	1235.0	71.0
5.648866E13	1273.0	74.0
5.6488672E13	1273.0	76.0
5.648868E13	1273.0	76.0
5.648869E13	1273.0	77.0
5.64887E13	1275.0	76.0
5.648871E13	1275.0	75.0
5.6488723E13	1275.0	75.0
5.648873E13	1275.0	75.0
5.648874E13	1243.0	72.0
5.648875E13	1243.0	70.0
5.648876E13	1243.0	68.0
5.6488773E13	1243.0	66.0
5.648878E13	1196.0	63.0
5.648879E13	1196.0	61.0
5.6488802E13	1196.0	61.0
5.648881E13	1147.0	61.0
5.6488823E13	1147.0	62.0
5.648883E13	1147.0	65.0
5.648884E13	1147.0	69.0
5.6488853E13	1101.0	72.0
5.648886E13	1101.0	73.0
5.648887E13	1101.0	74.0
5.648888E13	1101.0	74.0
5.648889E13	1067.0	75.0
5.6488903E13	1067.0	75.0
5.648891E13	1067.0	76.0
5.648892E13	1067.0	76.0
5.6488932E13	1036.0	76.0
5.648894E13	1036.0	76.0
5.648897E13	1021.0	77.0
5.6488983E13	1021.0	78.0
5.648899E13	1021.0	78.0
5.6489012E13	1023.0	77.0
5.648902E13	1023.0	77.0
5.6489033E13	1023.0	76.0
5.648904E13	1036.0	75.0
5.648905E13	1036.0	75.0
5.6489062E13	1036.0	76.0
5.648907E13	1036.0	76.0
5.6489083E13	1060.0	76.0
5.648909E13	1060.0	75.0
5.64891E13	1060.0	74.0
5.6489113E13	1085.0	73.0
5.648912E13	1085.0	73.0
5.6489134E13	1085.0	71.0
5.6489142E13	1085.0	69.0
5.648915E13	1109.0	67.0
5.6489163E13	1109.0	66.0
5.648917E13	1109.0	64.0
5.648918E13	1109.0	63.0
5.6489192E13	1126.0	61.0
5.64892E13	1126.0	59.0
5.6489213E13	1126.0	58.0
5.648922E13	1126.0	58.0
5.648923E13	1135.0	60.0
5.6489243E13	1135.0	63.0
5.648925E13	1135.0	66.0
5.6489264E13	1138.0	67.0
5.6489272E13	1138.0	67.0
5.648928E13	1138.0	72.0
5.6489293E13	1138.0	78.0
5.64893E13	1133.0	81.0
5.648931E13	1133.0	83.0
5.6489322E13	1133.0	84.0
5.648933E13	1133.0	86.0
5.6489343E13	1130.0	85.0
5.648935E13	1130.0	86.0
5.648936E13	1130.0	85.0
5.6489373E13	1130.0	80.0
5.648938E13	1122.0	73.0
5.6489394E13	1122.0	71.0
5.6489402E13	1107.0	70.0
5.648941E13	1107.0	70.0
5.6489423E13	1107.0	67.0
5.648943E13	1107.0	67.0
5.6489444E13	1107.0	68.0
5.6489453E13	1105.0	70.0
5.648946E13	1105.0	76.0
5.6489473E13	1105.0	76.0
5.648948E13	1092.0	76.0
5.648949E13	1092.0	77.0
5.6489503E13	1092.0	77.0
5.648951E13	1092.0	77.0
5.6489524E13	1092.0	77.0
5.6489532E13	1066.0	78.0
5.648954E13	1066.0	81.0
5.6489553E13	1066.0	86.0
5.648956E13	1042.0	89.0
5.6489574E13	1042.0	87.0
5.6489583E13	1042.0	84.0
5.648959E13	1042.0	82.0
5.6489603E13	1034.0	81.0
5.648961E13	1034.0	81.0
5.648962E13	1034.0	82.0
5.6489633E13	1034.0	83.0
5.648964E13	1053.0	83.0
5.6489654E13	1053.0	81.0
5.6489662E13	1053.0	78.0
5.648967E13	1053.0	75.0
5.6489683E13	1090.0	73.0
5.648969E13	1090.0	70.0
5.6489704E13	1090.0	68.0
5.6489713E13	1143.0	69.0
5.648972E13	1143.0	71.0
5.6489734E13	1143.0	72.0
5.648974E13	1143.0	70.0
5.648975E13	1204.0	71.0
5.6489763E13	1204.0	70.0
5.648977E13	1204.0	67.0
5.6489784E13	1204.0	67.0
5.6489792E13	1247.0	69.0
5.64898E13	1247.0	70.0
5.6489813E13	1247.0	73.0
5.648982E13	1247.0	76.0
5.6489834E13	1256.0	77.0
5.6489843E13	1256.0	78.0
5.648985E13	1256.0	77.0
5.6489864E13	1255.0	75.0
5.648987E13	1255.0	75.0
5.6489885E13	1255.0	73.0
5.6489893E13	1255.0	72.0
5.64899E13	1228.0	71.0
5.6489914E13	1228.0	68.0
5.6489922E13	1228.0	65.0
5.648993E13	1228.0	62.0
5.6489943E13	1186.0	60.0
5.648995E13	1186.0	58.0
5.6489964E13	1186.0	61.0
5.6489973E13	1186.0	65.0
5.648998E13	1150.0	70.0
5.6489994E13	1150.0	72.0
5.649E13	1150.0	73.0
5.6490015E13	1127.0	73.0
5.6490023E13	1127.0	74.0
5.649003E13	1127.0	75.0
5.6490044E13	1127.0	76.0
5.6490052E13	1096.0	76.0
5.649006E13	1096.0	77.0
5.6490073E13	1096.0	77.0
5.649008E13	1096.0	76.0
5.6490094E13	1079.0	77.0
5.6490103E13	1079.0	77.0
5.649011E13	1079.0	77.0
5.6490124E13	1079.0	76.0
5.649013E13	1077.0	76.0
5.6490145E13	1077.0	76.0
5.6490153E13	1077.0	75.0
5.649016E13	1084.0	75.0
5.6490174E13	1084.0	75.0
5.6490182E13	1084.0	75.0
5.649019E13	1084.0	75.0
5.6490203E13	1103.0	74.0
5.649021E13	1103.0	73.0
5.6490224E13	1103.0	74.0
5.6490233E13	1103.0	75.0
5.649024E13	1130.0	76.0
5.6490254E13	1130.0	75.0
5.649026E13	1130.0	73.0
5.6490275E13	1130.0	72.0
5.6490283E13	1155.0	72.0
5.649029E13	1155.0	71.0
5.6490304E13	1155.0	71.0
5.6490312E13	1173.0	70.0
5.6490325E13	1173.0	68.0
5.6490333E13	1173.0	66.0
5.649034E13	1173.0	65.0
5.6490354E13	1182.0	64.0
5.6490363E13	1182.0	62.0
5.649037E13	1182.0	63.0
5.6490384E13	1182.0	65.0
5.649039E13	1194.0	67.0
5.6490405E13	1194.0	67.0
5.6490413E13	1194.0	67.0
5.649042E13	1211.0	67.0
5.6490434E13	1211.0	67.0
5.6490442E13	1211.0	67.0
5.6490455E13	1211.0	68.0
5.6490463E13	1221.0	68.0
5.649047E13	1221.0	70.0
5.6490484E13	1221.0	70.0
5.6490493E13	1230.0	74.0
5.64905E13	1230.0	75.0
5.6490514E13	1230.0	76.0
5.649052E13	1230.0	76.0
5.6490535E13	1230.0	76.0
5.6490543E13	1235.0	76.0
5.649055E13	1235.0	76.0
5.6490564E13	1235.0	76.0
5.6490572E13	1235.0	76.0
5.6490585E13	1240.0	77.0
5.6490593E13	1240.0	79.0
5.64906E13	1240.0	81.0
5.6490614E13	1246.0	82.0
5.6490623E13	1246.0	83.0
5.649063E13	1246.0	83.0
5.6490644E13	1246.0	82.0
5.649065E13	1246.0	81.0
5.6490665E13	1246.0	79.0
5.6490673E13	1246.0	79.0
5.6490686E13	1246.0	80.0
5.6490694E13	1231.0	83.0
5.6490702E13	1231.0	85.0
5.6490715E13	1231.0	83.0
5.6490723E13	1231.0	83.0
5.649073E13	1196.0	84.0
5.6490744E13	1196.0	84.0
5.6490753E13	1196.0	83.0
5.6490765E13	1171.0	82.0
5.6490774E13	1171.0	81.0
5.6490782E13	1171.0	82.0
5.6490795E13	1171.0	82.0
5.6490803E13	1174.0	81.0
5.649081E13	1174.0	78.0
5.6490824E13	1174.0	76.0
5.6490832E13	1174.0	75.0
5.6490845E13	1198.0	75.0
5.6490853E13	1198.0	75.0
5.649086E13	1198.0	76.0
5.6490874E13	1198.0	77.0
5.6490883E13	1238.0	75.0
5.6490895E13	1238.0	74.0
5.6490904E13	1238.0	72.0
5.6490912E13	1284.0	68.0
5.6490925E13	1284.0	69.0
5.6490933E13	1284.0	71.0
5.6490946E13	1284.0	73.0
5.6490954E13	1320.0	76.0
5.6490962E13	1320.0	77.0
5.6490975E13	1320.0	78.0
5.6490983E13	1320.0	77.0
5.649099E13	1338.0	76.0
5.6491004E13	1338.0	76.0
5.6491013E13	1338.0	75.0
5.6491025E13	1338.0	73.0
5.6491034E13	1338.0	71.0
5.6491042E13	1338.0	68.0
5.6491055E13	1338.0	65.0
5.6491063E13	1314.0	61.0
5.6491076E13	1314.0	58.0
5.6491084E13	1314.0	55.0
5.6491092E13	1314.0	55.0
5.6491105E13	1286.0	57.0
5.6491113E13	1286.0	62.0
5.649112E13	1286.0	66.0
5.6491134E13	1286.0	70.0
5.6491155E13	1265.0	75.0
5.6491164E13	1265.0	76.0
5.6491172E13	1265.0	76.0
5.6491185E13	1237.0	75.0
5.6491193E13	1237.0	74.0
5.6491206E13	1237.0	73.0
5.6491214E13	1210.0	73.0
5.6491222E13	1210.0	73.0
5.6491235E13	1210.0	74.0
5.6491243E13	1210.0	75.0
5.649125E13	1196.0	76.0
5.6491264E13	1196.0	75.0
5.6491273E13	1196.0	74.0
5.6491285E13	1196.0	74.0
5.64913E13	1196.0	73.0
5.6491302E13	1196.0	73.0
5.6491315E13	1196.0	73.0
5.6491323E13	1196.0	73.0
5.6491336E13	1205.0	73.0
5.6491344E13	1205.0	73.0
5.6491353E13	1205.0	74.0
5.6491365E13	1222.0	74.0
5.6491373E13	1222.0	74.0
5.649138E13	1222.0	75.0
5.6491394E13	1222.0	73.0
5.6491403E13	1248.0	72.0
5.6491415E13	1248.0	72.0
5.6491424E13	1248.0	72.0
5.6491432E13	1276.0	71.0
5.6491445E13	1276.0	71.0
5.6491453E13	1276.0	70.0
5.6491466E13	1276.0	70.0
5.6491474E13	1297.0	65.0
5.6491483E13	1297.0	65.0
5.6491495E13	1297.0	65.0
5.6491504E13	1310.0	67.0
5.6491516E13	1310.0	67.0
5.6491524E13	1310.0	70.0
5.6491533E13	1310.0	71.0
5.6491545E13	1326.0	70.0
5.6491554E13	1326.0	70.0
5.6491562E13	1326.0	70.0
5.6491575E13	1326.0	73.0
5.6491583E13	1326.0	75.0
5.6491596E13	1334.0	76.0
5.6491604E13	1334.0	77.0
5.6491613E13	1334.0	79.0
5.6491625E13	1337.0	81.0
5.6491634E13	1337.0	84.0
5.6491646E13	1337.0	85.0
5.6491655E13	1337.0	83.0
5.6491663E13	1337.0	78.0
5.6491675E13	1337.0	74.0
5.6491684E13	1337.0	72.0
5.6491696E13	1337.0	70.0
5.6491705E13	1340.0	69.0
5.6491713E13	1340.0	68.0
5.6491726E13	1340.0	68.0
5.6491734E13	1340.0	68.0
5.6491743E13	1356.0	70.0
5.6491755E13	1356.0	73.0
5.6491764E13	1356.0	76.0
5.6491776E13	1367.0	77.0
5.6491785E13	1367.0	79.0
5.6491793E13	1367.0	79.0
5.6491806E13	1367.0	80.0
5.6491814E13	1355.0	80.0
5.6491822E13	1355.0	80.0
5.6491835E13	1355.0	81.0
5.6491843E13	1355.0	82.0
5.6491856E13	1328.0	85.0
5.6491864E13	1328.0	86.0
5.6491873E13	1328.0	83.0
5.6491885E13	1328.0	82.0
5.6491894E13	1294.0	81.0
5.6491906E13	1294.0	79.0
5.6491915E13	1294.0	79.0
5.6491923E13	1286.0	80.0
5.6491936E13	1286.0	80.0
5.6491944E13	1286.0	78.0
5.6491957E13	1286.0	75.0
5.6491965E13	1297.0	73.0
5.6491973E13	1297.0	72.0
5.6491986E13	1297.0	71.0
5.6491994E13	1297.0	68.0
5.6492003E13	1325.0	67.0
5.6492015E13	1325.0	69.0
5.6492024E13	1325.0	72.0
5.6492036E13	1325.0	72.0
5.6492045E13	1366.0	73.0
5.6492053E13	1366.0	72.0
5.6492066E13	1366.0	71.0
5.6492074E13	1403.0	67.0
5.6492087E13	1403.0	69.0
5.6492095E13	1403.0	72.0
5.6492103E13	1419.0	75.0
5.6492116E13	1419.0	76.0
5.6492124E13	1419.0	76.0
5.6492133E13	1419.0	75.0
5.6492145E13	1419.0	76.0
5.6492154E13	1417.0	78.0
5.6492166E13	1417.0	77.0
5.6492175E13	1417.0	75.0
5.6492183E13	1417.0	71.0
5.6492196E13	1402.0	67.0
5.6492204E13	1402.0	64.0
5.6492217E13	1375.0	60.0
5.6492225E13	1375.0	59.0
5.6492233E13	1375.0	59.0
5.6492246E13	1375.0	59.0
5.6492254E13	1375.0	61.0
5.6492263E13	1359.0	67.0
5.6492275E13	1359.0	67.0
5.6492284E13	1359.0	72.0
5.6492296E13	1359.0	75.0
5.6492305E13	1347.0	77.0
5.6492313E13	1347.0	77.0
5.6492326E13	1347.0	76.0
5.6492334E13	1347.0	76.0
5.6492347E13	1332.0	75.0
5.6492355E13	1332.0	74.0
5.6492363E13	1332.0	74.0
5.6492376E13	1327.0	74.0
5.6492384E13	1327.0	75.0
5.6492397E13	1327.0	77.0
5.6492405E13	1327.0	78.0
5.6492414E13	1329.0	77.0
5.6492426E13	1329.0	76.0
5.6492435E13	1329.0	76.0
5.6492443E13	1337.0	74.0
5.6492456E13	1337.0	73.0
5.6492464E13	1337.0	73.0
5.6492477E13	1337.0	72.0
5.6492485E13	1348.0	75.0
5.6492493E13	1348.0	75.0
5.6492506E13	1348.0	74.0
5.6492514E13	1367.0	74.0
5.6492527E13	1367.0	74.0
5.6492535E13	1367.0	74.0
5.6492544E13	1367.0	73.0
5.6492556E13	1367.0	73.0
5.6492565E13	1388.0	72.0
5.6492573E13	1388.0	70.0
5.6492586E13	1388.0	68.0
5.6492594E13	1388.0	66.0
5.6492607E13	1405.0	66.0
5.6492615E13	1405.0	66.0
5.6492623E13	1405.0	66.0
5.6492636E13	1405.0	66.0
5.6492644E13	1412.0	65.0
5.6492657E13	1412.0	64.0
5.6492665E13	1412.0	64.0
5.6492674E13	1422.0	66.0
5.6492686E13	1422.0	67.0
5.6492695E13	1422.0	68.0
5.6492703E13	1422.0	69.0
5.6492716E13	1430.0	71.0
5.6492724E13	1430.0	73.0
5.6492737E13	1430.0	73.0
5.6492745E13	1430.0	73.0
5.6492753E13	1434.0	74.0
5.6492766E13	1434.0	76.0
5.6492774E13	1434.0	78.0
5.6492787E13	1434.0	79.0
5.6492795E13	1437.0	77.0
5.6492804E13	1437.0	76.0
5.6492816E13	1433.0	75.0
5.6492825E13	1433.0	75.0
5.6492837E13	1433.0	75.0
5.6492846E13	1433.0	75.0
5.6492854E13	1433.0	76.0
5.6492867E13	1434.0	76.0
5.6492875E13	1434.0	75.0
5.6492883E13	1434.0	76.0
5.6492896E13	1434.0	76.0
5.6492904E13	1438.0	77.0
5.6492917E13	1438.0	78.0
5.6492925E13	1438.0	79.0
5.6492934E13	1438.0	80.0
5.6492946E13	1444.0	81.0
5.6492955E13	1444.0	82.0
5.6492963E13	1444.0	82.0
5.6492976E13	1438.0	82.0
5.6492984E13	1438.0	84.0
5.6492997E13	1438.0	85.0
5.6493005E13	1438.0	83.0
5.6493013E13	1415.0	82.0
5.6493026E13	1415.0	81.0
5.6493034E13	1415.0	80.0
5.6493047E13	1415.0	80.0
5.6493055E13	1401.0	81.0
5.6493064E13	1401.0	83.0
5.6493076E13	1401.0	82.0
5.6493085E13	1401.0	78.0
5.6493097E13	1407.0	77.0
5.6493106E13	1407.0	77.0
5.6493114E13	1407.0	75.0
5.6493127E13	1428.0	74.0
5.6493135E13	1428.0	76.0
5.6493143E13	1428.0	77.0
5.6493156E13	1428.0	78.0
5.6493164E13	1460.0	79.0
5.6493177E13	1460.0	78.0
5.6493185E13	1460.0	75.0
5.6493194E13	1460.0	70.0
5.6493206E13	1508.0	67.0
5.6493215E13	1508.0	67.0
5.6493227E13	1508.0	70.0
5.6493236E13	1508.0	73.0
5.6493244E13	1538.0	75.0
5.6493257E13	1538.0	76.0
5.6493265E13	1538.0	76.0
5.6493278E13	1546.0	76.0
5.6493286E13	1546.0	75.0
5.6493294E13	1546.0	74.0
5.6493307E13	1546.0	72.0
5.6493315E13	1523.0	70.0
5.6493324E13	1523.0	68.0
5.6493336E13	1523.0	64.0
5.6493345E13	1523.0	60.0
5.6493357E13	1488.0	56.0
5.6493366E13	1488.0	54.0
5.6493374E13	1488.0	54.0
5.6493387E13	1488.0	56.0
5.6493395E13	1467.0	60.0
5.6493408E13	1467.0	64.0
5.6493416E13	1467.0	68.0
5.6493425E13	1455.0	72.0
5.6493437E13	1455.0	74.0
5.6493445E13	1455.0	74.0
5.6493454E13	1455.0	75.0
5.6493466E13	1442.0	75.0
5.6493475E13	1442.0	73.0
5.6493487E13	1442.0	73.0
5.6493496E13	1442.0	72.0
5.6493504E13	1437.0	72.0
5.6493517E13	1437.0	73.0
5.6493525E13	1437.0	75.0
5.6493538E13	1437.0	77.0
5.6493546E13	1438.0	79.0
5.6493555E13	1438.0	78.0
5.6493567E13	1438.0	75.0
5.6493576E13	1447.0	76.0
5.649359E13	1447.0	75.0
5.6493596E13	1447.0	74.0
5.6493605E13	1447.0	74.0
5.6493617E13	1467.0	72.0
5.6493626E13	1467.0	72.0
5.6493634E13	1467.0	72.0
5.6493647E13	1467.0	73.0
5.6493655E13	1497.0	75.0
5.6493668E13	1497.0	75.0
5.6493676E13	1497.0	74.0
5.6493685E13	1497.0	72.0
5.6493697E13	1531.0	70.0
5.6493706E13	1531.0	69.0
5.649372E13	1531.0	69.0
5.6493726E13	1561.0	68.0
5.6493735E13	1561.0	68.0
5.6493747E13	1561.0	66.0
5.6493756E13	1561.0	65.0
5.6493764E13	1578.0	63.0
5.6493777E13	1578.0	62.0
5.6493785E13	1578.0	61.0
5.6493798E13	1578.0	62.0
5.6493806E13	1592.0	64.0
5.6493815E13	1592.0	66.0
5.6493827E13	1592.0	69.0
5.6493836E13	1592.0	69.0
5.649385E13	1607.0	68.0
5.6493857E13	1607.0	69.0
5.6493865E13	1607.0	74.0
5.6493877E13	1600.0	75.0
5.6493886E13	1600.0	75.0
5.6493894E13	1600.0	77.0
5.649391E13	1594.0	83.0
5.6493915E13	1594.0	83.0
5.6493928E13	1594.0	82.0
5.6493936E13	1594.0	73.0
5.6493945E13	1594.0	73.0
5.6493957E13	1596.0	71.0
5.6493966E13	1596.0	69.0
5.649398E13	1596.0	69.0
5.6493987E13	1596.0	69.0
5.6493995E13	1601.0	70.0
5.6494008E13	1601.0	71.0
5.6494016E13	1601.0	73.0
5.649403E13	1607.0	77.0
5.6494037E13	1607.0	81.0
5.6494045E13	1607.0	82.0
5.6494058E13	1607.0	82.0
5.6494066E13	1593.0	82.0
5.6494075E13	1593.0	82.0
5.6494087E13	1593.0	81.0
5.6494096E13	1593.0	81.0
5.649411E13	1566.0	81.0
5.6494117E13	1566.0	81.0
5.6494125E13	1566.0	82.0
5.6494138E13	1566.0	83.0
5.6494146E13	1529.0	84.0
5.649416E13	1529.0	86.0
5.6494167E13	1529.0	87.0
5.6494175E13	1490.0	84.0
5.6494188E13	1490.0	84.0
5.6494196E13	1490.0	86.0
5.6494205E13	1490.0	84.0
5.6494217E13	1467.0	82.0
5.6494226E13	1467.0	81.0
5.649424E13	1467.0	79.0
5.6494247E13	1467.0	78.0
5.6494255E13	1464.0	76.0
5.6494268E13	1464.0	73.0
5.6494276E13	1464.0	71.0
5.649429E13	1464.0	72.0
5.6494297E13	1474.0	75.0
5.6494305E13	1474.0	77.0
5.6494318E13	1474.0	78.0
5.6494326E13	1498.0	77.0
5.6494335E13	1498.0	75.0
5.6494347E13	1498.0	73.0
5.6494356E13	1498.0	72.0
5.649437E13	1521.0	74.0
5.6494377E13	1521.0	77.0
5.6494385E13	1521.0	80.0
5.6494398E13	1530.0	80.0
5.6494406E13	1530.0	80.0
5.649442E13	1530.0	80.0
5.6494427E13	1530.0	76.0
5.6494435E13	1530.0	76.0
5.649445E13	1537.0	69.0
5.6494456E13	1537.0	69.0
5.649447E13	1537.0	68.0
5.6494477E13	1532.0	66.0
5.6494486E13	1532.0	62.0
5.64945E13	1532.0	61.0
5.6494507E13	1519.0	61.0
5.6494515E13	1519.0	63.0
5.6494528E13	1519.0	63.0
5.6494536E13	1519.0	66.0
5.649455E13	1519.0	70.0
5.6494557E13	1506.0	71.0
5.6494565E13	1506.0	71.0
5.649458E13	1506.0	71.0
5.6494586E13	1506.0	71.0
5.64946E13	1486.0	73.0
5.6494607E13	1486.0	74.0
5.6494616E13	1486.0	76.0
5.649463E13	1476.0	77.0
5.6494637E13	1476.0	78.0
5.6494645E13	1476.0	78.0
5.6494658E13	1476.0	77.0
5.6494666E13	1483.0	76.0
5.649468E13	1483.0	73.0
5.6494687E13	1483.0	72.0
5.6494695E13	1483.0	71.0
5.649471E13	1502.0	70.0
5.6494716E13	1502.0	71.0
5.649473E13	1502.0	72.0
5.6494737E13	1526.0	70.0
5.6494746E13	1526.0	69.0
5.649476E13	1526.0	70.0
5.6494767E13	1526.0	71.0
5.649478E13	1558.0	71.0
5.6494788E13	1558.0	73.0
5.6494796E13	1558.0	72.0
5.649481E13	1558.0	72.0
5.6494817E13	1599.0	72.0
5.6494825E13	1599.0	72.0
5.649484E13	1599.0	72.0
5.6494846E13	1599.0	72.0
5.649486E13	1638.0	70.0
5.6494867E13	1638.0	68.0
5.6494876E13	1638.0	66.0
5.649489E13	1660.0	64.0
5.6494897E13	1660.0	64.0
5.649491E13	1660.0	63.0
5.6494918E13	1660.0	62.0
5.6494926E13	1668.0	61.0
5.649494E13	1668.0	62.0
5.6494947E13	1668.0	63.0
5.6494955E13	1668.0	65.0
5.649497E13	1684.0	65.0
5.6494976E13	1684.0	66.0
5.649499E13	1684.0	69.0
5.6494997E13	1684.0	72.0
5.6495006E13	1686.0	74.0
5.649502E13	1686.0	76.0
5.6495027E13	1686.0	79.0
5.649504E13	1679.0	81.0
5.6495048E13	1679.0	83.0
5.6495056E13	1679.0	82.0
5.649507E13	1679.0	79.0
5.6495077E13	1664.0	75.0
5.6495085E13	1664.0	72.0
5.64951E13	1664.0	71.0
5.6495106E13	1664.0	69.0
5.649512E13	1647.0	69.0
5.6495127E13	1647.0	69.0
5.6495136E13	1647.0	70.0
5.649515E13	1647.0	72.0
5.6495157E13	1628.0	75.0
5.649517E13	1628.0	78.0
5.6495178E13	1628.0	81.0
5.6495186E13	1600.0	82.0
5.64952E13	1600.0	82.0
5.6495207E13	1600.0	80.0
5.649522E13	1600.0	79.0
5.649523E13	1557.0	78.0
5.6495236E13	1557.0	78.0
5.649525E13	1557.0	79.0
5.6495257E13	1557.0	81.0
5.6495266E13	1506.0	83.0
5.649528E13	1506.0	81.0
5.6495287E13	1506.0	81.0
5.64953E13	1506.0	84.0
5.6495308E13	1458.0	84.0
5.6495316E13	1458.0	82.0
5.649533E13	1458.0	80.0
5.6495337E13	1430.0	79.0
5.649535E13	1430.0	79.0
5.649536E13	1430.0	79.0
5.6495366E13	1430.0	78.0
5.649538E13	1430.0	76.0
5.6495387E13	1430.0	73.0
5.6495396E13	1430.0	71.0
5.649541E13	1430.0	71.0
5.6495417E13	1452.0	73.0
5.649543E13	1452.0	73.0
5.6495438E13	1452.0	74.0
5.6495446E13	1452.0	74.0
5.649546E13	1485.0	73.0
5.6495467E13	1485.0	70.0
5.649548E13	1507.0	73.0
5.649549E13	1507.0	76.0
5.6495496E13	1507.0	78.0
5.649551E13	1507.0	79.0
5.6495517E13	1506.0	79.0
5.6495526E13	1506.0	79.0
5.649554E13	1506.0	78.0
5.6495547E13	1506.0	76.0
5.649556E13	1506.0	75.0
5.6495568E13	1498.0	74.0
5.6495576E13	1498.0	72.0
5.649559E13	1498.0	69.0
5.6495597E13	1498.0	66.0
5.649561E13	1484.0	65.0
5.649562E13	1484.0	63.0
5.6495627E13	1484.0	61.0
5.649564E13	1471.0	59.0
5.6495647E13	1471.0	59.0
5.649566E13	1471.0	62.0
5.649567E13	1471.0	66.0
5.6495677E13	1454.0	70.0
5.649569E13	1454.0	72.0
5.6495698E13	1454.0	74.0
5.6495706E13	1454.0	74.0
5.649572E13	1428.0	75.0
5.6495727E13	1428.0	75.0
5.649574E13	1428.0	75.0
5.649575E13	1428.0	75.0
5.6495757E13	1414.0	76.0
5.649577E13	1414.0	77.0
5.6495778E13	1414.0	78.0
5.649579E13	1422.0	78.0
5.64958E13	1422.0	77.0
5.6495807E13	1422.0	75.0
5.649582E13	1422.0	73.0
5.6495828E13	1446.0	74.0
5.649584E13	1446.0	74.0
5.649585E13	1446.0	74.0
5.6495857E13	1446.0	74.0
5.649587E13	1475.0	74.0
5.649588E13	1475.0	74.0
5.6495887E13	1475.0	74.0
5.64959E13	1475.0	74.0
5.6495908E13	1504.0	74.0
5.649592E13	1504.0	73.0
5.649593E13	1504.0	73.0
5.6495937E13	1548.0	74.0
5.649595E13	1548.0	74.0
5.6495958E13	1548.0	73.0
5.6495966E13	1548.0	72.0
5.649598E13	1591.0	71.0
5.6495987E13	1591.0	69.0
5.6496E13	1591.0	68.0
5.649601E13	1591.0	67.0
5.6496017E13	1620.0	67.0
5.649603E13	1620.0	66.0
5.6496038E13	1620.0	63.0
5.649605E13	1620.0	61.0
5.649606E13	1625.0	60.0
5.6496067E13	1625.0	60.0
5.649608E13	1625.0	61.0
5.6496088E13	1632.0	63.0
5.64961E13	1632.0	65.0
5.649611E13	1632.0	66.0
5.6496117E13	1632.0	68.0
5.649613E13	1633.0	70.0
5.649614E13	1633.0	71.0
5.6496147E13	1633.0	73.0
5.649616E13	1633.0	74.0
5.6496168E13	1620.0	77.0
5.649618E13	1620.0	81.0
5.649619E13	1620.0	85.0
5.6496197E13	1620.0	88.0
5.649621E13	1603.0	86.0
5.649622E13	1603.0	81.0
5.649623E13	1603.0	77.0
5.649624E13	1576.0	74.0
5.6496247E13	1576.0	73.0
5.649626E13	1576.0	72.0
5.649627E13	1576.0	71.0
5.6496277E13	1544.0	70.0
5.649629E13	1544.0	74.0
5.6496298E13	1544.0	77.0
5.649631E13	1544.0	79.0
5.649632E13	1518.0	81.0
5.6496327E13	1518.0	82.0
5.649634E13	1518.0	82.0
5.649635E13	1518.0	81.0
5.649636E13	1488.0	81.0
5.649637E13	1488.0	81.0
5.6496377E13	1488.0	64.0
5.649639E13	1440.0	82.0
5.64964E13	1440.0	82.0
5.649641E13	1440.0	83.0
5.649642E13	1440.0	83.0
5.6496428E13	1380.0	81.0
5.649644E13	1380.0	81.0
5.649645E13	1380.0	81.0
5.6496457E13	1380.0	81.0
5.649647E13	1339.0	81.0
5.649649E13	1339.0	75.0
5.64965E13	1323.0	73.0
5.6496507E13	1323.0	72.0
5.649652E13	1323.0	70.0
5.649653E13	1323.0	70.0
5.649654E13	1329.0	69.0
5.649655E13	1329.0	68.0
5.6496558E13	1329.0	69.0
5.649657E13	1329.0	70.0
5.649658E13	1350.0	73.0
5.6496587E13	1350.0	74.0
5.64966E13	1350.0	74.0
5.649661E13	1350.0	73.0
5.649662E13	1373.0	71.0
5.649663E13	1373.0	67.0
5.6496637E13	1373.0	72.0
5.649665E13	1373.0	74.0
5.649666E13	1386.0	77.0
5.649667E13	1386.0	78.0
5.6496688E13	1384.0	77.0
5.64967E13	1384.0	78.0
5.649671E13	1384.0	77.0
5.6496717E13	1384.0	76.0
5.649674E13	1376.0	69.0
5.649675E13	1376.0	65.0
5.649676E13	1376.0	62.0
5.6496767E13	1356.0	60.0
5.649678E13	1356.0	58.0
5.649679E13	1356.0	58.0
5.64968E13	1356.0	60.0
5.649681E13	1343.0	64.0
5.6496818E13	1343.0	68.0
5.649683E13	1343.0	71.0
5.649684E13	1335.0	75.0
5.649685E13	1335.0	75.0
5.649686E13	1335.0	76.0
5.649687E13	1335.0	77.0
5.649688E13	1330.0	77.0
5.649689E13	1330.0	77.0
5.6496897E13	1330.0	77.0
5.649691E13	1330.0	76.0
5.649692E13	1338.0	77.0
5.649693E13	1338.0	77.0
5.649694E13	1338.0	79.0
5.6496948E13	1338.0	79.0
5.649696E13	1357.0	79.0
5.649697E13	1357.0	78.0
5.649698E13	1357.0	77.0
5.649699E13	1390.0	75.0
5.6497E13	1390.0	75.0
5.649701E13	1390.0	74.0
5.649702E13	1390.0	73.0
5.6497027E13	1427.0	73.0
5.649704E13	1427.0	74.0
5.649705E13	1427.0	75.0
5.649706E13	1427.0	76.0
5.649707E13	1468.0	75.0
5.6497078E13	1468.0	75.0
5.649709E13	1468.0	77.0
5.64971E13	1468.0	71.0
5.649711E13	1510.0	69.0
5.649712E13	1510.0	69.0
5.649713E13	1510.0	70.0
5.649714E13	1543.0	70.0
5.649715E13	1543.0	69.0
5.6497157E13	1543.0	67.0
5.649717E13	1543.0	65.0
5.649718E13	1559.0	63.0
5.649719E13	1559.0	62.0
5.64972E13	1559.0	62.0
5.6497208E13	1559.0	62.0
5.649722E13	1572.0	64.0
5.649723E13	1572.0	66.0
5.649724E13	1572.0	68.0
5.649725E13	1572.0	69.0
5.649726E13	1581.0	72.0
5.649727E13	1581.0	74.0
5.649728E13	1581.0	75.0
5.649729E13	1574.0	75.0
5.64973E13	1574.0	77.0
5.6497313E13	1574.0	80.0
5.649732E13	1574.0	83.0
5.649733E13	1563.0	85.0
5.6497338E13	1563.0	85.0
5.649735E13	1563.0	83.0
5.649736E13	1563.0	81.0
5.649738E13	1549.0	77.0
5.649739E13	1549.0	75.0
5.649741E13	1531.0	72.0
5.649742E13	1531.0	71.0
5.649743E13	1531.0	71.0
5.649744E13	1527.0	74.0
5.649745E13	1527.0	76.0
5.649746E13	1527.0	76.0
5.6497468E13	1515.0	77.0
5.649748E13	1515.0	77.0
5.649749E13	1515.0	74.0
5.64975E13	1515.0	74.0
5.649751E13	1515.0	74.0
5.649752E13	1473.0	74.0
5.649753E13	1473.0	78.0
5.649754E13	1473.0	82.0
5.649755E13	1408.0	86.0
5.649756E13	1408.0	86.0
5.649757E13	1408.0	86.0
5.649758E13	1349.0	83.0
5.649759E13	1349.0	83.0
5.6497598E13	1349.0	82.0
5.649761E13	1349.0	82.0
5.649762E13	1349.0	81.0
5.649763E13	1320.0	81.0
5.649764E13	1320.0	80.0
5.649765E13	1320.0	80.0
5.649766E13	1320.0	79.0
5.649767E13	1316.0	77.0
5.649768E13	1316.0	75.0
5.649769E13	1316.0	71.0
5.64977E13	1336.0	69.0
5.649771E13	1336.0	69.0
5.649772E13	1336.0	72.0
5.649773E13	1364.0	74.0
5.649774E13	1364.0	74.0
5.649775E13	1364.0	71.0
5.649776E13	1364.0	68.0
5.649777E13	1364.0	69.0
5.649778E13	1386.0	71.0
5.649779E13	1386.0	73.0
5.64978E13	1386.0	76.0
5.649781E13	1386.0	77.0
5.649782E13	1396.0	78.0
5.649783E13	1396.0	77.0
5.649784E13	1396.0	77.0
5.649785E13	1394.0	76.0
5.649786E13	1394.0	75.0
5.649787E13	1394.0	73.0
5.649788E13	1394.0	71.0
5.649789E13	1384.0	68.0
5.64979E13	1384.0	60.0
5.6497912E13	1384.0	58.0
5.649792E13	1384.0	57.0
5.649793E13	1362.0	58.0
5.649794E13	1362.0	61.0
5.649795E13	1362.0	64.0
5.649796E13	1362.0	68.0
5.649797E13	1353.0	71.0
5.649798E13	1353.0	73.0
5.6497992E13	1353.0	75.0
5.6498E13	1346.0	77.0
5.649801E13	1346.0	77.0
5.649802E13	1346.0	78.0
5.649803E13	1346.0	77.0
5.6498042E13	1344.0	75.0
5.649805E13	1344.0	74.0
5.649806E13	1344.0	75.0
5.649807E13	1344.0	77.0
5.649808E13	1355.0	79.0
5.649809E13	1355.0	79.0
5.64981E13	1355.0	77.0
5.649811E13	1355.0	76.0
5.6498122E13	1376.0	74.0
5.649813E13	1376.0	72.0
5.649814E13	1376.0	71.0
5.649815E13	1408.0	71.0
5.649816E13	1408.0	71.0
5.6498172E13	1408.0	71.0
5.649818E13	1408.0	72.0
5.649819E13	1455.0	74.0
5.64982E13	1455.0	74.0
5.649821E13	1455.0	72.0
5.649822E13	1455.0	72.0
5.649823E13	1514.0	73.0
5.649824E13	1514.0	72.0
5.6498252E13	1514.0	70.0
5.649826E13	1514.0	69.0
5.649827E13	1574.0	69.0
5.649828E13	1574.0	68.0
5.649829E13	1574.0	69.0
5.6498302E13	1597.0	70.0
5.649831E13	1597.0	69.0
5.649832E13	1597.0	67.0
5.649833E13	1597.0	65.0
5.649834E13	1606.0	65.0
5.649835E13	1606.0	65.0
5.649836E13	1606.0	66.0
5.649837E13	1606.0	66.0
5.6498382E13	1625.0	66.0
5.649839E13	1625.0	67.0
5.64984E13	1625.0	70.0
5.649841E13	1625.0	71.0
5.649842E13	1626.0	71.0
5.6498433E13	1626.0	72.0
5.649844E13	1626.0	73.0
5.649845E13	1607.0	76.0
5.649846E13	1607.0	81.0
5.649847E13	1607.0	80.0
5.6498483E13	1586.0	78.0
5.649849E13	1586.0	77.0
5.64985E13	1586.0	77.0
5.6498512E13	1586.0	76.0
5.649852E13	1561.0	76.0
5.649853E13	1561.0	76.0
5.649854E13	1561.0	76.0
5.649855E13	1561.0	76.0
5.6498563E13	1545.0	78.0
5.649857E13	1545.0	81.0
5.649858E13	1545.0	83.0
5.649859E13	1533.0	84.0
5.64986E13	1533.0	84.0
5.6498613E13	1533.0	84.0
5.649862E13	1533.0	83.0
5.649863E13	1533.0	83.0
5.6498642E13	1513.0	82.0
5.649865E13	1513.0	82.0
5.649866E13	1513.0	81.0
5.649867E13	1513.0	81.0
5.649868E13	1479.0	82.0
5.6498693E13	1479.0	83.0
5.64987E13	1479.0	83.0
5.649871E13	1479.0	86.0
5.649872E13	1433.0	86.0
5.649873E13	1433.0	86.0
5.6498743E13	1433.0	87.0
5.649875E13	1390.0	87.0
5.649876E13	1390.0	85.0
5.6498772E13	1390.0	83.0
5.649878E13	1390.0	81.0
5.649879E13	1377.0	79.0
5.64988E13	1377.0	77.0
5.649881E13	1377.0	75.0
5.6498823E13	1377.0	73.0
5.649883E13	1385.0	71.0
5.649884E13	1385.0	71.0
5.649885E13	1385.0	72.0
5.649886E13	1385.0	74.0
5.6498873E13	1409.0	73.0
5.649888E13	1409.0	71.0
5.649889E13	1409.0	70.0
5.6498902E13	1437.0	69.0
5.649891E13	1437.0	71.0
5.6498923E13	1437.0	75.0
5.649893E13	1437.0	77.0
5.649894E13	1447.0	78.0
5.6498953E13	1447.0	77.0
5.649898E13	1443.0	76.0
5.649899E13	1443.0	74.0
5.6499003E13	1443.0	71.0
5.649901E13	1443.0	68.0
5.649902E13	1431.0	64.0
5.6499032E13	1431.0	60.0
5.649904E13	1431.0	57.0
5.6499053E13	1409.0	55.0
5.649906E13	1409.0	56.0
5.649907E13	1409.0	60.0
5.6499083E13	1409.0	65.0
5.649909E13	1400.0	70.0
5.64991E13	1400.0	73.0
5.649911E13	1400.0	75.0
5.649912E13	1400.0	76.0
5.6499133E13	1394.0	76.0
5.649914E13	1394.0	77.0
5.649915E13	1394.0	76.0
5.6499162E13	1394.0	76.0
5.649917E13	1387.0	77.0
5.6499183E13	1387.0	77.0
5.649919E13	1387.0	77.0
5.64992E13	1390.0	78.0
5.6499213E13	1390.0	78.0
5.649922E13	1390.0	79.0
5.649923E13	1390.0	78.0
5.649924E13	1400.0	78.0
5.649925E13	1400.0	76.0
5.6499263E13	1400.0	73.0
5.649927E13	1400.0	73.0
5.649928E13	1423.0	73.0
5.6499292E13	1423.0	73.0
5.64993E13	1423.0	73.0
5.6499313E13	1423.0	75.0
5.649932E13	1459.0	75.0
5.649933E13	1459.0	74.0
5.6499343E13	1459.0	73.0
5.649935E13	1505.0	74.0
5.6499364E13	1505.0	76.0
5.649937E13	1505.0	75.0
5.649938E13	1505.0	74.0
5.6499393E13	1552.0	74.0
5.64994E13	1552.0	73.0
5.6499414E13	1552.0	73.0
5.6499422E13	1552.0	73.0
5.649943E13	1591.0	72.0
5.6499443E13	1591.0	70.0
5.649945E13	1591.0	67.0
5.6499464E13	1591.0	64.0
5.6499473E13	1618.0	61.0
5.649948E13	1618.0	59.0
5.6499494E13	1654.0	60.0
5.64995E13	1654.0	62.0
5.649951E13	1654.0	63.0
5.6499523E13	1654.0	64.0
5.649953E13	1682.0	67.0
5.6499544E13	1682.0	67.0
5.6499552E13	1682.0	72.0
5.649956E13	1682.0	72.0
5.6499573E13	1670.0	73.0
5.649958E13	1670.0	77.0
5.649959E13	1670.0	77.0
5.6499603E13	1648.0	83.0
5.649961E13	1648.0	81.0
5.6499624E13	1648.0	77.0
5.649963E13	1648.0	73.0
5.649964E13	1639.0	71.0
5.6499653E13	1639.0	69.0
5.649966E13	1639.0	69.0
5.6499674E13	1639.0	68.0
5.6499682E13	1639.0	67.0
5.649969E13	1633.0	68.0
5.6499703E13	1633.0	70.0
5.649971E13	1633.0	73.0
5.649972E13	1633.0	77.0
5.6499733E13	1621.0	81.0
5.649974E13	1621.0	83.0
5.6499754E13	1621.0	85.0
5.6499762E13	1621.0	85.0
5.649977E13	1596.0	85.0
5.6499783E13	1596.0	85.0
5.649979E13	1596.0	85.0
5.6499804E13	1558.0	84.0
5.6499812E13	1558.0	84.0
5.649982E13	1558.0	83.0
5.6499833E13	1558.0	82.0
5.649984E13	1507.0	83.0
5.649985E13	1507.0	83.0
5.6499863E13	1507.0	86.0
5.649987E13	1507.0	86.0
5.6499884E13	1446.0	82.0
5.6499892E13	1446.0	82.0
5.64999E13	1446.0	84.0
5.6499913E13	1446.0	85.0
5.649992E13	1409.0	83.0
5.6499934E13	1409.0	81.0
5.6499942E13	1409.0	79.0
5.649995E13	1408.0	76.0
5.6499963E13	1408.0	78.0
5.649997E13	1408.0	78.0
5.6499984E13	1408.0	78.0
5.6499993E13	1426.0	77.0
5.65E13	1426.0	77.0
5.6500014E13	1426.0	77.0
5.6500022E13	1426.0	77.0
5.650003E13	1454.0	76.0
5.6500043E13	1454.0	74.0
5.650005E13	1454.0	72.0
5.6500064E13	1454.0	72.0
5.6500072E13	1484.0	74.0
5.650008E13	1484.0	76.0
5.6500093E13	1484.0	77.0
5.65001E13	1500.0	77.0
5.650011E13	1500.0	78.0
5.6500123E13	1500.0	76.0
5.650013E13	1500.0	75.0
5.6500144E13	1502.0	73.0
5.6500152E13	1502.0	71.0
5.650016E13	1502.0	70.0
5.6500173E13	1502.0	67.0
5.650018E13	1490.0	64.0
5.6500194E13	1490.0	61.0
5.6500203E13	1490.0	57.0
5.650021E13	1490.0	54.0
5.6500223E13	1471.0	51.0
5.650023E13	1471.0	52.0
5.650024E13	1471.0	55.0
5.6500253E13	1450.0	60.0
5.650026E13	1450.0	65.0
5.6500274E13	1450.0	69.0
5.6500282E13	1450.0	73.0
5.650029E13	1428.0	76.0
5.6500303E13	1428.0	77.0
5.650031E13	1428.0	77.0
5.6500324E13	1428.0	76.0
5.6500333E13	1413.0	74.0
5.650034E13	1413.0	75.0
5.6500353E13	1413.0	77.0
5.650036E13	1413.0	77.0
5.6500374E13	1412.0	77.0
5.6500383E13	1412.0	76.0
5.6500395E13	1412.0	74.0
5.6500404E13	1423.0	73.0
5.6500412E13	1423.0	73.0
5.650042E13	1423.0	72.0
5.6500433E13	1423.0	72.0
5.650044E13	1453.0	72.0
5.6500454E13	1453.0	74.0
5.6500463E13	1453.0	75.0
5.650047E13	1453.0	75.0
5.6500484E13	1497.0	73.0
5.650049E13	1497.0	74.0
5.6500513E13	1497.0	75.0
5.650052E13	1549.0	71.0
5.6500534E13	1549.0	69.0
5.6500542E13	1549.0	69.0
5.650055E13	1610.0	69.0
5.6500563E13	1610.0	69.0
5.650057E13	1610.0	68.0
5.6500584E13	1650.0	66.0
5.6500593E13	1650.0	66.0
5.65006E13	1650.0	66.0
5.6500614E13	1650.0	65.0
5.650062E13	1650.0	64.0
5.6500635E13	1668.0	63.0
5.6500643E13	1668.0	63.0
5.650065E13	1668.0	63.0
5.6500664E13	1684.0	63.0
5.6500672E13	1684.0	64.0
5.6500685E13	1684.0	65.0
5.6500693E13	1684.0	67.0
5.65007E13	1681.0	69.0
5.6500714E13	1681.0	71.0
5.6500723E13	1681.0	72.0
5.650073E13	1681.0	74.0
5.6500744E13	1651.0	76.0
5.650075E13	1651.0	79.0
5.6500765E13	1651.0	81.0
5.6500773E13	1651.0	82.0
5.650078E13	1623.0	82.0
5.6500794E13	1623.0	81.0
5.6500802E13	1623.0	80.0
5.6500815E13	1598.0	79.0
5.6500823E13	1598.0	78.0
5.650083E13	1598.0	77.0
5.6500844E13	1598.0	76.0
5.6500853E13	1584.0	75.0
5.650086E13	1584.0	75.0
5.6500874E13	1584.0	76.0
5.650088E13	1584.0	77.0
5.6500895E13	1572.0	79.0
5.6500903E13	1572.0	81.0
5.650091E13	1572.0	83.0
5.6500924E13	1572.0	84.0
5.6500932E13	1556.0	84.0
5.6500945E13	1556.0	83.0
5.6500953E13	1556.0	82.0
5.650096E13	1525.0	81.0
5.6500974E13	1525.0	81.0
5.6500983E13	1525.0	80.0
5.650099E13	1525.0	80.0
5.6501004E13	1474.0	81.0
5.650101E13	1474.0	83.0
5.6501025E13	1474.0	86.0
5.6501033E13	1474.0	89.0
5.650104E13	1424.0	85.0
5.6501054E13	1424.0	83.0
5.6501062E13	1424.0	82.0
5.6501075E13	1424.0	83.0
5.6501083E13	1403.0	82.0
5.650109E13	1403.0	80.0
5.6501104E13	1403.0	77.0
5.6501113E13	1409.0	74.0
5.6501125E13	1409.0	72.0
5.6501134E13	1409.0	72.0
5.650114E13	1409.0	76.0
5.6501155E13	1429.0	75.0
5.6501163E13	1429.0	75.0
5.650117E13	1429.0	76.0
5.6501184E13	1429.0	74.0
5.6501192E13	1456.0	72.0
5.6501205E13	1456.0	71.0
5.6501213E13	1456.0	72.0
5.650122E13	1456.0	76.0
5.6501234E13	1468.0	77.0
5.6501243E13	1468.0	78.0
5.6501255E13	1468.0	78.0
5.6501264E13	1473.0	77.0
5.650127E13	1473.0	76.0
5.6501285E13	1473.0	75.0
5.6501293E13	1473.0	74.0
5.65013E13	1468.0	72.0
5.6501314E13	1468.0	69.0
5.6501322E13	1468.0	66.0
5.6501335E13	1468.0	64.0
5.6501343E13	1448.0	62.0
5.650135E13	1448.0	60.0
5.6501364E13	1448.0	59.0
5.6501373E13	1448.0	61.0
5.6501385E13	1431.0	64.0
5.6501394E13	1431.0	68.0
5.65014E13	1431.0	71.0
5.6501415E13	1412.0	74.0
5.6501423E13	1412.0	75.0
5.6501436E13	1412.0	75.0
5.6501444E13	1412.0	76.0
5.6501452E13	1397.0	76.0
5.6501465E13	1397.0	76.0
5.6501473E13	1397.0	76.0
5.650148E13	1397.0	76.0
5.6501494E13	1396.0	78.0
5.6501503E13	1396.0	78.0
5.6501515E13	1396.0	78.0
5.6501524E13	1408.0	75.0
5.6501532E13	1408.0	74.0
5.6501545E13	1408.0	74.0
5.6501553E13	1408.0	74.0
5.6501566E13	1435.0	75.0
5.6501574E13	1435.0	75.0
5.6501582E13	1435.0	76.0
5.6501595E13	1474.0	76.0
5.6501603E13	1474.0	41.0
5.650161E13	1474.0	72.0
5.6501624E13	1474.0	73.0
5.6501633E13	1523.0	74.0
5.6501645E13	1523.0	74.0
5.6501654E13	1523.0	74.0
5.6501662E13	1523.0	72.0
5.6501675E13	1523.0	71.0
5.6501683E13	1588.0	70.0
5.6501696E13	1588.0	69.0
5.6501704E13	1588.0	70.0
5.6501712E13	1651.0	70.0
5.6501725E13	1651.0	69.0
5.6501733E13	1651.0	66.0
5.6501746E13	1651.0	63.0
5.6501754E13	1678.0	61.0
5.6501763E13	1678.0	60.0
5.6501775E13	1678.0	59.0
5.6501784E13	1678.0	59.0
5.6501792E13	1686.0	61.0
5.6501805E13	1686.0	62.0
5.6501813E13	1686.0	65.0
5.6501826E13	1686.0	67.0
5.6501834E13	1688.0	69.0
5.6501842E13	1688.0	70.0
5.6501855E13	1688.0	71.0
5.6501863E13	1664.0	75.0
5.6501876E13	1664.0	78.0
5.6501884E13	1664.0	78.0
5.6501893E13	1664.0	77.0
5.6501905E13	1636.0	79.0
5.6501914E13	1636.0	82.0
5.6501922E13	1636.0	85.0
5.6501935E13	1636.0	85.0
5.6501943E13	1621.0	83.0
5.6501956E13	1621.0	76.0
5.6501964E13	1621.0	74.0
5.6501973E13	1621.0	72.0
5.6501985E13	1608.0	71.0
5.6501993E13	1608.0	70.0
5.6502006E13	1608.0	70.0
5.6502014E13	1600.0	71.0
5.6502023E13	1600.0	72.0
5.6502035E13	1600.0	74.0
5.6502044E13	1600.0	76.0
5.6502052E13	1575.0	77.0
5.6502065E13	1575.0	78.0
5.6502073E13	1575.0	78.0
5.6502086E13	1575.0	79.0
5.6502094E13	1523.0	80.0
5.6502103E13	1523.0	81.0
5.6502115E13	1523.0	82.0
5.6502123E13	1523.0	84.0
5.6502136E13	1441.0	85.0
5.6502144E13	1441.0	84.0
5.6502153E13	1441.0	83.0
5.6502165E13	1365.0	82.0
5.6502174E13	1365.0	82.0
5.6502186E13	1365.0	81.0
5.6502195E13	1365.0	80.0
5.6502203E13	1326.0	79.0
5.6502216E13	1326.0	77.0
5.6502224E13	1326.0	75.0
5.6502233E13	1326.0	74.0
5.6502245E13	1320.0	72.0
5.6502254E13	1320.0	71.0
5.6502266E13	1320.0	70.0
5.6502274E13	1320.0	69.0
5.6502283E13	1339.0	68.0
5.6502295E13	1339.0	68.0
5.6502304E13	1339.0	70.0
5.6502316E13	1377.0	72.0
5.6502325E13	1377.0	72.0
5.6502333E13	1377.0	71.0
5.6502346E13	1377.0	70.0
5.6502354E13	1410.0	68.0
5.6502363E13	1410.0	69.0
5.650238E13	1410.0	75.0
5.6502384E13	1410.0	75.0
5.6502396E13	1418.0	76.0
5.6502405E13	1418.0	75.0
5.6502413E13	1418.0	75.0
5.6502425E13	1418.0	74.0
5.6502434E13	1416.0	74.0
5.6502446E13	1416.0	74.0
5.6502455E13	1416.0	73.0
5.6502463E13	1389.0	71.0
5.6502476E13	1389.0	65.0
5.6502484E13	1389.0	61.0
5.6502493E13	1361.0	59.0
5.6502505E13	1361.0	59.0
5.6502514E13	1361.0	61.0
5.6502526E13	1361.0	65.0
5.6502535E13	1334.0	68.0
5.6502543E13	1334.0	71.0
5.6502556E13	1334.0	72.0
5.6502564E13	1334.0	73.0
5.6502576E13	1316.0	74.0
5.6502585E13	1316.0	76.0
5.6502593E13	1316.0	77.0
5.6502606E13	1306.0	77.0
5.6502614E13	1306.0	77.0
5.6502627E13	1306.0	76.0
5.6502635E13	1308.0	49.0
5.6502644E13	1308.0	49.0
5.6502656E13	1308.0	73.0
5.6502665E13	1308.0	78.0
5.6502673E13	1308.0	77.0
5.6502686E13	1328.0	77.0
5.6502694E13	1328.0	75.0
5.6502707E13	1328.0	74.0
5.6502715E13	1328.0	73.0
5.6502723E13	1365.0	72.0
5.6502736E13	1365.0	72.0
5.6502744E13	1365.0	71.0
5.6502757E13	1414.0	41.0
5.6502765E13	1414.0	74.0
5.6502774E13	1414.0	75.0
5.6502786E13	1414.0	73.0
5.6502795E13	1414.0	73.0
5.6502803E13	1474.0	73.0
5.6502816E13	1474.0	72.0
5.6502824E13	1474.0	71.0
5.6502837E13	1545.0	70.0
5.6502845E13	1545.0	68.0
5.6502853E13	1545.0	66.0
5.6502866E13	1545.0	65.0
5.6502874E13	1598.0	64.0
5.6502887E13	1598.0	64.0
5.6502895E13	1598.0	63.0
5.6502904E13	1598.0	62.0
5.6502916E13	1615.0	61.0
5.6502925E13	1615.0	61.0
5.6502933E13	1615.0	62.0
5.6502946E13	1615.0	64.0
5.6502954E13	1626.0	65.0
5.6502967E13	1626.0	66.0
5.6502975E13	1626.0	67.0
5.6502983E13	1626.0	69.0
5.6502996E13	1626.0	72.0
5.6503004E13	1626.0	73.0
5.6503017E13	1626.0	74.0
5.6503025E13	1626.0	76.0
5.6503034E13	1600.0	79.0
5.6503046E13	1600.0	83.0
5.6503055E13	1600.0	85.0
5.6503063E13	1579.0	84.0
5.6503076E13	1579.0	81.0
5.6503084E13	1579.0	78.0
5.6503097E13	1579.0	77.0
5.6503105E13	1553.0	76.0
5.6503113E13	1553.0	75.0
5.6503126E13	1553.0	75.0
5.6503134E13	1553.0	74.0
5.6503147E13	1523.0	74.0
5.6503155E13	1523.0	75.0
5.6503164E13	1523.0	77.0
5.6503176E13	1523.0	80.0
5.6503185E13	1502.0	81.0
5.6503193E13	1502.0	81.0
5.6503206E13	1502.0	81.0
5.6503214E13	1479.0	79.0
5.6503227E13	1479.0	78.0
5.6503235E13	1479.0	77.0
5.6503243E13	1479.0	76.0
5.6503256E13	1435.0	77.0
5.6503264E13	1435.0	78.0
5.6503277E13	1435.0	79.0
5.6503285E13	1435.0	81.0
5.6503294E13	1367.0	83.0
5.6503306E13	1367.0	85.0
5.6503315E13	1367.0	87.0
5.6503327E13	1292.0	88.0
5.6503336E13	1292.0	85.0
5.6503344E13	1292.0	84.0
5.6503357E13	1292.0	83.0
5.6503365E13	1246.0	82.0
5.6503373E13	1246.0	80.0
5.6503386E13	1246.0	79.0
5.6503394E13	1246.0	76.0
5.6503407E13	1238.0	73.0
5.6503415E13	1238.0	71.0
5.6503424E13	1238.0	68.0
5.6503436E13	1238.0	66.0
5.6503445E13	1250.0	66.0
5.6503457E13	1250.0	69.0
5.6503466E13	1250.0	72.0
5.6503474E13	1275.0	73.0
5.6503487E13	1275.0	73.0
5.6503495E13	1275.0	72.0
5.6503508E13	1275.0	70.0
5.6503516E13	1296.0	70.0
5.6503524E13	1296.0	72.0
5.6503537E13	1296.0	75.0
5.6503545E13	1307.0	78.0
5.6503554E13	1307.0	77.0
5.6503566E13	1307.0	77.0
5.6503575E13	1307.0	76.0
5.6503587E13	1307.0	75.0
5.6503596E13	1304.0	71.0
5.6503604E13	1304.0	71.0
5.6503617E13	1291.0	66.0
5.6503625E13	1291.0	66.0
5.6503638E13	1291.0	59.0
5.6503646E13	1291.0	58.0
5.6503654E13	1267.0	60.0
5.6503667E13	1267.0	63.0
5.6503675E13	1267.0	63.0
5.6503684E13	1267.0	68.0
5.6503696E13	1267.0	72.0
5.6503705E13	1256.0	75.0
5.6503717E13	1256.0	76.0
5.6503726E13	1256.0	76.0
5.6503734E13	1256.0	77.0
5.6503747E13	1247.0	78.0
5.6503755E13	1247.0	78.0
5.6503768E13	1247.0	77.0
5.6503776E13	1241.0	77.0
5.6503784E13	1241.0	77.0
5.6503797E13	1241.0	78.0
5.6503805E13	1241.0	79.0
5.650382E13	1247.0	78.0
5.6503826E13	1247.0	76.0
5.6503835E13	1247.0	74.0
5.6503847E13	1247.0	73.0
5.6503856E13	1268.0	73.0
5.6503864E13	1268.0	72.0
5.6503877E13	1268.0	72.0
5.6503885E13	1298.0	73.0
5.6503898E13	1298.0	73.0
5.6503906E13	1298.0	74.0
5.6503914E13	1342.0	74.0
5.6503927E13	1342.0	76.0
5.6503935E13	1342.0	76.0
5.650395E13	1342.0	76.0
5.6503956E13	1395.0	76.0
5.6503965E13	1395.0	74.0
5.6503977E13	1395.0	72.0
5.6503986E13	1395.0	71.0
5.6503994E13	1450.0	70.0
5.6504007E13	1450.0	69.0
5.6504015E13	1450.0	70.0
5.6504028E13	1450.0	69.0
5.6504036E13	1479.0	67.0
5.6504044E13	1479.0	67.0
5.6504057E13	1479.0	65.0
5.6504065E13	1479.0	63.0
5.650408E13	1487.0	62.0
5.6504086E13	1487.0	62.0
5.6504095E13	1487.0	64.0
5.6504107E13	1499.0	66.0
5.6504116E13	1499.0	67.0
5.650413E13	1499.0	68.0
5.6504137E13	1499.0	70.0
5.6504145E13	1499.0	70.0
5.6504158E13	1492.0	73.0
5.6504166E13	1492.0	74.0
5.6504175E13	1492.0	74.0
5.6504187E13	1492.0	76.0
5.6504195E13	1474.0	79.0
5.650421E13	1474.0	81.0
5.6504216E13	1474.0	64.0
5.6504225E13	1462.0	81.0
5.6504237E13	1462.0	64.0
5.6504246E13	1462.0	64.0
5.6504254E13	1462.0	64.0
5.6504267E13	1456.0	64.0
5.6504275E13	1456.0	64.0
5.6504288E13	1456.0	64.0
5.6504296E13	1456.0	64.0
5.6504305E13	1465.0	64.0
5.6504317E13	1465.0	64.0
5.6504326E13	1465.0	64.0
5.650434E13	1465.0	64.0
5.6504346E13	1468.0	64.0
5.6504355E13	1468.0	64.0
5.6504367E13	1468.0	64.0
5.6504376E13	1457.0	64.0
5.650439E13	1457.0	64.0
5.6504397E13	1457.0	64.0
5.6504405E13	1457.0	64.0
5.6504418E13	1420.0	65.0
5.6504426E13	1420.0	65.0
5.6504435E13	1420.0	65.0
5.6504447E13	1420.0	65.0
5.6504456E13	1358.0	65.0
5.650447E13	1358.0	65.0
5.6504476E13	1358.0	65.0
5.6504485E13	1358.0	85.0
5.6504497E13	1304.0	84.0
5.6504506E13	1304.0	82.0
5.650452E13	1304.0	82.0
5.6504527E13	1281.0	81.0
5.6504535E13	1281.0	78.0
5.6504548E13	1281.0	74.0
5.6504556E13	1284.0	72.0
5.6504565E13	1284.0	72.0
5.6504577E13	1284.0	72.0
5.6504586E13	1284.0	73.0
5.65046E13	1284.0	73.0
5.6504607E13	1304.0	72.0
5.6504615E13	1304.0	71.0
5.6504627E13	1304.0	70.0
5.6504636E13	1304.0	68.0
5.650465E13	1328.0	68.0
5.6504657E13	1328.0	72.0
5.6504665E13	1328.0	75.0
5.6504678E13	1337.0	76.0
5.6504686E13	1337.0	78.0
5.6504695E13	1337.0	78.0
5.6504707E13	1337.0	77.0
5.6504716E13	1339.0	77.0
5.650473E13	1339.0	77.0
5.6504737E13	1339.0	75.0
5.6504745E13	1339.0	72.0
5.6504758E13	1337.0	68.0
5.6504766E13	1337.0	65.0
5.650478E13	1337.0	61.0
5.6504787E13	1337.0	58.0
5.6504795E13	1318.0	55.0
5.6504808E13	1318.0	55.0
5.6504816E13	1318.0	59.0
5.6504825E13	1304.0	65.0
5.6504837E13	1304.0	69.0
5.6504846E13	1304.0	72.0
5.650486E13	1304.0	73.0
5.6504867E13	1298.0	75.0
5.6504875E13	1298.0	76.0
5.6504888E13	1298.0	77.0
5.6504896E13	1298.0	77.0
5.650491E13	1295.0	76.0
5.6504917E13	1295.0	76.0
5.6504925E13	1295.0	76.0
5.6504938E13	1295.0	77.0
5.6504946E13	1302.0	78.0
5.650496E13	1302.0	79.0
5.6504967E13	1302.0	79.0
5.6504976E13	1316.0	77.0
5.650499E13	1316.0	76.0
5.6504997E13	1316.0	76.0
5.6505005E13	1316.0	75.0
5.6505018E13	1341.0	73.0
5.6505026E13	1341.0	73.0
5.650504E13	1341.0	74.0
5.6505047E13	1341.0	74.0
5.6505055E13	1378.0	73.0
5.6505068E13	1378.0	73.0
5.6505076E13	1378.0	73.0
5.650509E13	1378.0	74.0
5.6505097E13	1430.0	74.0
5.6505106E13	1430.0	73.0
5.650512E13	1430.0	71.0
5.6505127E13	1501.0	69.0
5.650514E13	1501.0	68.0
5.6505148E13	1501.0	67.0
5.6505156E13	1501.0	67.0
5.650517E13	1557.0	67.0
5.6505177E13	1557.0	66.0
5.6505185E13	1557.0	63.0
5.65052E13	1557.0	59.0
5.6505206E13	1573.0	59.0
5.650522E13	1573.0	60.0
5.650523E13	1573.0	64.0
5.6505236E13	1573.0	64.0
5.650525E13	1583.0	66.0
5.6505257E13	1583.0	66.0
5.650527E13	1583.0	67.0
5.6505278E13	1583.0	70.0
5.6505286E13	1583.0	73.0
5.65053E13	1583.0	75.0
5.6505307E13	1583.0	75.0
5.6505315E13	1555.0	75.0
5.650533E13	1555.0	77.0
5.6505336E13	1555.0	80.0
5.650535E13	1555.0	82.0
5.6505357E13	1534.0	82.0
5.6505366E13	1534.0	80.0
5.650538E13	1534.0	78.0
5.6505387E13	1534.0	76.0
5.65054E13	1527.0	75.0
5.6505408E13	1527.0	74.0
5.6505416E13	1527.0	74.0
5.650543E13	1524.0	76.0
5.6505437E13	1524.0	76.0
5.6505445E13	1524.0	78.0
5.650546E13	1524.0	81.0
5.6505466E13	1530.0	83.0
5.650548E13	1530.0	84.0
5.6505487E13	1530.0	84.0
5.6505496E13	1530.0	84.0
5.650551E13	1532.0	83.0
5.6505517E13	1532.0	82.0
5.650553E13	1532.0	82.0
5.6505538E13	1519.0	82.0
5.6505546E13	1519.0	83.0
5.650556E13	1519.0	83.0
5.6505567E13	1476.0	84.0
5.650558E13	1476.0	85.0
5.650559E13	1476.0	87.0
5.6505596E13	1476.0	87.0
5.650561E13	1419.0	85.0
5.6505617E13	1419.0	88.0
5.6505626E13	1419.0	88.0
5.6505643E13	1419.0	88.0
5.6505647E13	1377.0	83.0
5.650566E13	1377.0	81.0
5.6505668E13	1377.0	79.0
5.6505676E13	1377.0	79.0
5.650569E13	1377.0	75.0
5.6505697E13	1364.0	72.0
5.650571E13	1364.0	71.0
5.650572E13	1364.0	69.0
5.6505726E13	1378.0	70.0
5.650574E13	1378.0	75.0
5.6505747E13	1378.0	76.0
5.6505756E13	1378.0	73.0
5.650577E13	1405.0	71.0
5.6505777E13	1405.0	71.0
5.650579E13	1405.0	70.0
5.6505798E13	1405.0	70.0
5.6505806E13	1429.0	73.0
5.650582E13	1429.0	78.0
5.6505827E13	1429.0	79.0
5.650584E13	1440.0	79.0
5.6505852E13	1440.0	79.0
5.6505856E13	1440.0	78.0
5.650587E13	1440.0	77.0
5.6505877E13	1443.0	76.0
5.6505886E13	1443.0	74.0
5.65059E13	1443.0	70.0
5.6505907E13	1443.0	67.0
5.650592E13	1433.0	65.0
5.6505928E13	1433.0	64.0
5.6505936E13	1433.0	62.0
5.650595E13	1433.0	62.0
5.6505957E13	1411.0	60.0
5.650597E13	1411.0	60.0
5.650598E13	1411.0	62.0
5.6505986E13	1394.0	67.0
5.6506E13	1394.0	72.0
5.6506007E13	1394.0	77.0
5.650602E13	1394.0	77.0
5.650603E13	1382.0	77.0
5.6506037E13	1382.0	77.0
5.650605E13	1382.0	77.0
5.6506058E13	1382.0	76.0
5.6506066E13	1375.0	77.0
5.650608E13	1375.0	78.0
5.6506087E13	1375.0	79.0
5.65061E13	1375.0	79.0
5.650611E13	1379.0	77.0
5.6506116E13	1379.0	76.0
5.650613E13	1379.0	75.0
5.6506137E13	1392.0	75.0
5.650615E13	1392.0	75.0
5.650616E13	1392.0	75.0
5.650617E13	1392.0	75.0
5.650618E13	1418.0	75.0
5.6506188E13	1418.0	74.0
5.6506196E13	1418.0	75.0
5.650621E13	1418.0	75.0
5.6506217E13	1456.0	75.0
5.650623E13	1456.0	76.0
5.650624E13	1456.0	78.0
5.6506246E13	1456.0	78.0
5.650626E13	1509.0	78.0
5.650627E13	1509.0	77.0
5.650628E13	1509.0	74.0
5.650629E13	1564.0	71.0
5.6506297E13	1564.0	70.0
5.650631E13	1564.0	69.0
5.6506318E13	1564.0	68.0
5.650633E13	1598.0	68.0
5.650634E13	1598.0	68.0
5.6506347E13	1598.0	66.0
5.650636E13	1598.0	65.0
5.650637E13	1603.0	64.0
5.6506377E13	1603.0	64.0
5.650639E13	1603.0	64.0
5.6506397E13	1603.0	65.0
5.650641E13	1611.0	67.0
5.650642E13	1611.0	70.0
5.6506427E13	1617.0	72.0
5.650644E13	1617.0	72.0
5.6506448E13	1617.0	73.0
5.650646E13	1617.0	73.0
5.650647E13	1610.0	74.0
5.6506477E13	1610.0	74.0
5.650649E13	1610.0	74.0
5.65065E13	1610.0	75.0
5.6506507E13	1610.0	76.0
5.650652E13	1605.0	76.0
5.6506528E13	1605.0	75.0
5.650654E13	1605.0	74.0
5.650655E13	1599.0	74.0
5.6506557E13	1599.0	74.0
5.650657E13	1599.0	73.0
5.6506578E13	1599.0	73.0
5.650659E13	1590.0	76.0
5.65066E13	1590.0	76.0
5.6506607E13	1590.0	82.0
5.650662E13	1590.0	82.0
5.650663E13	1581.0	84.0
5.6506637E13	1581.0	86.0
5.650665E13	1581.0	86.0
5.6506658E13	1573.0	85.0
5.650667E13	1573.0	83.0
5.650668E13	1573.0	83.0
5.6506687E13	1573.0	82.0
5.65067E13	1573.0	83.0
5.6506708E13	1548.0	81.0
5.650672E13	1548.0	79.0
5.650673E13	1548.0	80.0
5.6506737E13	1500.0	81.0
5.650675E13	1500.0	84.0
5.650676E13	1500.0	85.0
5.650677E13	1500.0	84.0
5.650678E13	1461.0	81.0
5.6506788E13	1461.0	79.0
5.65068E13	1461.0	79.0
5.650681E13	1461.0	78.0
5.650682E13	1443.0	75.0
5.650683E13	1443.0	74.0
5.6506838E13	1443.0	72.0
5.650685E13	1443.0	73.0
5.650686E13	1445.0	75.0
5.6506867E13	1445.0	77.0
5.650688E13	1445.0	77.0
5.650689E13	1455.0	76.0
5.65069E13	1455.0	76.0
5.650691E13	1455.0	76.0
5.6506918E13	1455.0	74.0
5.650693E13	1473.0	72.0
5.650694E13	1473.0	71.0
5.6506947E13	1473.0	71.0
5.650696E13	1473.0	72.0
5.650697E13	1483.0	74.0
5.650698E13	1483.0	77.0
5.650699E13	1483.0	79.0
5.650701E13	1486.0	78.0
5.650702E13	1486.0	76.0
5.650703E13	1486.0	64.0
5.650704E13	1484.0	73.0
5.6507048E13	1484.0	71.0
5.650706E13	1484.0	68.0
5.650707E13	1484.0	65.0
5.650709E13	1470.0	59.0
5.65071E13	1470.0	57.0
5.650711E13	1470.0	56.0
5.650712E13	1464.0	58.0
5.650714E13	1464.0	67.0
5.650715E13	1464.0	71.0
5.650716E13	1456.0	74.0
5.650717E13	1456.0	76.0
5.6507178E13	1456.0	77.0
5.650719E13	1455.0	77.0
5.65072E13	1455.0	77.0
5.6507215E13	1455.0	78.0
5.650722E13	1455.0	78.0
5.650723E13	1459.0	78.0
5.650724E13	1459.0	78.0
5.650725E13	1459.0	78.0
5.6507257E13	1459.0	80.0
5.650727E13	1471.0	81.0
5.650728E13	1471.0	81.0
5.650729E13	1471.0	79.0
5.65073E13	1471.0	79.0
5.6507308E13	1492.0	78.0
5.650732E13	1492.0	78.0
5.650733E13	1492.0	75.0
5.650734E13	1518.0	73.0
5.650735E13	1518.0	74.0
5.650736E13	1518.0	75.0
5.650737E13	1518.0	74.0
5.650738E13	1551.0	73.0
5.6507387E13	1551.0	73.0
5.65074E13	1551.0	74.0
5.650741E13	1551.0	76.0
5.650742E13	1589.0	77.0
5.650743E13	1589.0	75.0
5.6507438E13	1589.0	72.0
5.650745E13	1589.0	69.0
5.650746E13	1632.0	66.0
5.650747E13	1632.0	64.0
5.650748E13	1632.0	63.0
5.650749E13	1667.0	60.0
5.65075E13	1667.0	63.0
5.650751E13	1667.0	62.0
5.6507517E13	1667.0	62.0
5.650753E13	1679.0	62.0
5.650754E13	1679.0	63.0
5.650755E13	1679.0	64.0
5.650756E13	1679.0	67.0
5.6507568E13	1686.0	70.0
5.650758E13	1686.0	73.0
5.650759E13	1686.0	75.0
5.65076E13	1683.0	78.0
5.650761E13	1683.0	79.0
5.650762E13	1683.0	78.0
5.650763E13	1676.0	80.0
5.650764E13	1676.0	82.0
5.650765E13	1676.0	85.0
5.650766E13	1676.0	86.0
5.650767E13	1674.0	84.0
5.650768E13	1674.0	81.0
5.650769E13	1674.0	78.0
5.6507698E13	1666.0	76.0
5.650771E13	1666.0	76.0
5.650772E13	1666.0	76.0
5.650774E13	1666.0	55.0
5.650773E13	1666.0	55.0
5.650775E13	1666.0	76.0
5.650776E13	1666.0	77.0
5.650777E13	1666.0	78.0
5.650778E13	1671.0	81.0
5.650779E13	1671.0	83.0
5.65078E13	1671.0	84.0
5.650781E13	1671.0	84.0
5.650782E13	1664.0	84.0
5.6507828E13	1664.0	83.0
5.650784E13	1664.0	82.0
5.650785E13	1664.0	82.0
5.650786E13	1631.0	82.0
5.650787E13	1631.0	83.0
5.650788E13	1631.0	84.0
5.650789E13	1631.0	85.0
5.65079E13	1569.0	85.0
5.650791E13	1569.0	86.0
5.650792E13	1569.0	87.0
5.650793E13	1503.0	87.0
5.650794E13	1503.0	88.0
5.650795E13	1503.0	88.0
5.650796E13	1503.0	86.0
5.650797E13	1454.0	84.0
5.650798E13	1454.0	76.0
5.650801E13	1435.0	73.0
5.650802E13	1435.0	73.0
5.650803E13	1435.0	75.0
5.650804E13	1435.0	76.0
5.650805E13	1438.0	78.0
5.650806E13	1438.0	80.0
5.650807E13	1438.0	79.0
5.650808E13	1450.0	77.0
5.650809E13	1450.0	77.0
5.65081E13	1450.0	75.0
5.650811E13	1450.0	73.0
5.650812E13	1450.0	73.0
5.650813E13	1458.0	75.0
5.650814E13	1458.0	65.0
5.650815E13	1458.0	79.0
5.650816E13	1458.0	80.0
5.650817E13	1458.0	79.0
5.650819E13	1458.0	64.0
5.65082E13	1458.0	75.0
5.650821E13	1455.0	74.0
5.650822E13	1455.0	65.0
5.650823E13	1455.0	69.0
5.650824E13	1441.0	65.0
5.650825E13	1441.0	64.0
5.650826E13	1441.0	62.0
5.650827E13	1441.0	60.0
5.650828E13	1430.0	59.0
5.650829E13	1430.0	60.0
5.65083E13	1430.0	63.0
5.650831E13	1430.0	65.0
5.650832E13	1425.0	72.0
5.650833E13	1425.0	74.0
5.650834E13	1425.0	76.0
5.650835E13	1420.0	77.0
5.650836E13	1420.0	78.0
5.650837E13	1420.0	80.0
5.650838E13	1420.0	79.0
5.650839E13	1424.0	79.0
5.65084E13	1424.0	78.0
5.650841E13	1424.0	77.0
5.650842E13	1424.0	77.0
5.650843E13	1436.0	77.0
5.650844E13	1436.0	77.0
5.650845E13	1436.0	78.0
5.650846E13	1436.0	77.0
5.650847E13	1457.0	76.0
5.650848E13	1457.0	76.0
5.650849E13	1457.0	76.0
5.65085E13	1488.0	74.0
5.650851E13	1488.0	74.0
5.650852E13	1488.0	75.0
5.650853E13	1488.0	75.0
5.650854E13	1529.0	76.0
5.650855E13	1529.0	77.0
5.650856E13	1529.0	77.0
5.650857E13	1529.0	75.0
5.650858E13	1577.0	75.0
5.650859E13	1577.0	75.0
5.65086E13	1577.0	75.0
5.650861E13	1577.0	72.0
5.650862E13	1628.0	70.0
5.650863E13	1628.0	68.0
5.650864E13	1628.0	67.0
5.650865E13	1674.0	65.0
5.6508662E13	1674.0	63.0
5.6508675E13	1674.0	61.0
5.650868E13	1702.0	60.0
5.650869E13	1702.0	60.0
5.65087E13	1702.0	59.0
5.650871E13	1702.0	59.0
5.650872E13	1702.0	61.0
5.650873E13	1724.0	64.0
5.6508742E13	1724.0	67.0
5.650875E13	1724.0	70.0
5.650876E13	1724.0	72.0
5.650877E13	1722.0	75.0
5.650879E13	1722.0	77.0
5.6508792E13	1722.0	77.0
5.65088E13	1693.0	77.0
5.6508813E13	1693.0	78.0
5.650882E13	1693.0	59.0
5.650884E13	1693.0	82.0
5.6508843E13	1682.0	83.0
5.650885E13	1682.0	83.0
5.650886E13	1682.0	79.0
5.6508872E13	1682.0	79.0
5.6508885E13	1677.0	78.0
5.6508893E13	1677.0	76.0
5.65089E13	1677.0	75.0
5.650892E13	1677.0	74.0
5.6508922E13	1677.0	74.0
5.650893E13	1677.0	75.0
5.650894E13	1677.0	76.0
5.650895E13	1671.0	78.0
5.650896E13	1671.0	80.0
5.6508973E13	1671.0	83.0
5.650898E13	1671.0	83.0
5.6508994E13	1652.0	83.0
5.6509002E13	1652.0	83.0
5.6509015E13	1652.0	82.0
5.650902E13	1652.0	80.0
5.650903E13	1610.0	79.0
5.650904E13	1610.0	78.0
5.6509052E13	1610.0	78.0
5.650906E13	1610.0	79.0
5.6509073E13	1544.0	81.0
5.650908E13	1544.0	83.0
5.6509094E13	1544.0	86.0
5.6509103E13	1459.0	88.0
5.650911E13	1459.0	88.0
5.650912E13	1459.0	86.0
5.6509132E13	1459.0	86.0
5.650914E13	1389.0	85.0
5.6509153E13	1389.0	83.0
5.650916E13	1389.0	79.0
5.6509174E13	1389.0	76.0
5.6509183E13	1358.0	74.0
5.650919E13	1358.0	74.0
5.65092E13	1358.0	74.0
5.650921E13	1358.0	75.0
5.650922E13	1352.0	76.0
5.6509233E13	1352.0	66.0
5.650924E13	1352.0	76.0
5.6509254E13	1359.0	75.0
5.6509262E13	1359.0	73.0
5.6509275E13	1359.0	73.0
5.650928E13	1359.0	72.0
5.650929E13	1369.0	74.0
5.65093E13	1369.0	66.0
5.6509313E13	1369.0	66.0
5.650932E13	1369.0	79.0
5.6509334E13	1375.0	79.0
5.650934E13	1375.0	77.0
5.6509354E13	1375.0	76.0
5.6509363E13	1375.0	76.0
5.650937E13	1375.0	74.0
5.650938E13	1375.0	71.0
5.6509392E13	1360.0	69.0
5.65094E13	1360.0	69.0
5.6509417E13	1360.0	67.0
5.650942E13	1360.0	66.0
5.650944E13	1360.0	63.0
5.6509443E13	1345.0	62.0
5.6509455E13	1345.0	63.0
5.650946E13	1345.0	66.0
5.650947E13	1345.0	66.0
5.650948E13	1337.0	66.0
5.6509493E13	1337.0	70.0
5.65095E13	1337.0	66.0
5.6509514E13	1337.0	66.0
5.6509522E13	1332.0	66.0
5.6509535E13	1332.0	66.0
5.6509543E13	1332.0	77.0
5.650955E13	1334.0	77.0
5.650956E13	1334.0	77.0
5.6509573E13	1334.0	78.0
5.650958E13	1334.0	79.0
5.6509594E13	1346.0	80.0
5.65096E13	1346.0	80.0
5.6509615E13	1346.0	79.0
5.6509623E13	1346.0	78.0
5.650963E13	1369.0	76.0
5.650964E13	1369.0	76.0
5.6509652E13	1369.0	75.0
5.650966E13	1369.0	74.0
5.6509673E13	1402.0	73.0
5.650968E13	1402.0	73.0
5.6509694E13	1402.0	73.0
5.6509703E13	1443.0	73.0
5.6509715E13	1443.0	73.0
5.650972E13	1443.0	73.0
5.650973E13	1443.0	73.0
5.650974E13	1497.0	74.0
5.6509753E13	1497.0	75.0
5.650976E13	1497.0	74.0
5.6509774E13	1497.0	71.0
5.6509782E13	1563.0	68.0
5.6509795E13	1563.0	67.0
5.6509803E13	1563.0	67.0
5.650981E13	1563.0	67.0
5.650982E13	1605.0	66.0
5.6509837E13	1605.0	65.0
5.650984E13	1605.0	63.0
5.6509854E13	1611.0	63.0
5.650986E13	1611.0	62.0
5.6509875E13	1611.0	62.0
5.6509883E13	1611.0	63.0
5.6509896E13	1614.0	65.0
5.65099E13	1614.0	65.0
5.6509912E13	1614.0	67.0
5.650992E13	1614.0	69.0
5.6509933E13	1616.0	70.0
5.650994E13	1616.0	72.0
5.6509954E13	1616.0	75.0
5.6509963E13	1616.0	77.0
5.6509975E13	1591.0	77.0
5.6509984E13	1591.0	77.0
5.650999E13	1591.0	78.0
5.651E13	1563.0	81.0
5.6510013E13	1563.0	85.0
5.651002E13	1563.0	86.0
5.6510034E13	1563.0	84.0
5.6510042E13	1546.0	80.0
5.6510055E13	1546.0	76.0
5.6510063E13	1546.0	74.0
5.651007E13	1546.0	73.0
5.651008E13	1529.0	72.0
5.6510093E13	1529.0	72.0
5.65101E13	1529.0	73.0
5.6510114E13	1529.0	75.0
5.651012E13	1517.0	78.0
5.6510135E13	1517.0	80.0
5.6510143E13	1517.0	82.0
5.6510156E13	1501.0	83.0
5.6510164E13	1501.0	82.0
5.6510172E13	1501.0	81.0
5.651018E13	1501.0	79.0
5.6510193E13	1471.0	77.0
5.65102E13	1471.0	76.0
5.6510214E13	1471.0	76.0
5.6510223E13	1471.0	77.0
5.6510235E13	1419.0	78.0
5.6510244E13	1419.0	83.0
5.651025E13	1419.0	87.0
5.651026E13	1419.0	87.0
5.6510273E13	1345.0	84.0
5.651028E13	1345.0	80.0
5.6510294E13	1345.0	79.0
5.6510302E13	1289.0	80.0
5.6510315E13	1289.0	82.0
5.6510323E13	1289.0	83.0
5.6510336E13	1289.0	82.0
5.6510344E13	1268.0	79.0
5.6510353E13	1268.0	76.0
5.651036E13	1268.0	73.0
5.6510374E13	1268.0	73.0
5.651038E13	1267.0	75.0
5.6510395E13	1267.0	74.0
5.6510403E13	1267.0	73.0
5.6510416E13	1267.0	75.0
5.6510424E13	1284.0	76.0
5.6510432E13	1284.0	74.0
5.651044E13	1284.0	70.0
5.6510453E13	1303.0	69.0
5.651046E13	1303.0	70.0
5.6510474E13	1303.0	73.0
5.6510483E13	1303.0	76.0
5.6510495E13	1312.0	78.0
5.6510504E13	1312.0	77.0
5.6510516E13	1312.0	77.0
5.651052E13	1312.0	77.0
5.6510533E13	1312.0	77.0
5.651054E13	1312.0	75.0
5.6510554E13	1312.0	74.0
5.6510562E13	1300.0	69.0
5.6510575E13	1300.0	66.0
5.6510583E13	1300.0	66.0
5.6510596E13	1300.0	63.0
5.6510604E13	1285.0	62.0
5.6510613E13	1285.0	59.0
5.651062E13	1285.0	59.0
5.6510634E13	1285.0	61.0
5.6510642E13	1276.0	65.0
5.6510655E13	1276.0	69.0
5.6510663E13	1276.0	71.0
5.6510676E13	1276.0	72.0
5.6510684E13	1268.0	74.0
5.6510692E13	1268.0	75.0
5.65107E13	1268.0	76.0
5.6510713E13	1268.0	76.0
5.651072E13	1259.0	76.0
5.6510734E13	1259.0	77.0
5.6510743E13	1259.0	76.0
5.6510755E13	1261.0	76.0
5.6510764E13	1261.0	76.0
5.6510776E13	1261.0	77.0
5.651078E13	1261.0	76.0
5.6510793E13	1275.0	75.0
5.65108E13	1275.0	75.0
5.6510814E13	1275.0	75.0
5.6510822E13	1275.0	75.0
5.6510835E13	1302.0	72.0
5.6510843E13	1302.0	73.0
5.6510856E13	1302.0	74.0
5.6510864E13	1338.0	74.0
5.6510873E13	1338.0	73.0
5.651088E13	1338.0	73.0
5.6510894E13	1338.0	73.0
5.6510902E13	1385.0	72.0
5.6510915E13	1385.0	73.0
