5.6029673E13	0.0	65.0
5.602968E13	7037.0	65.0
5.6029694E13	7037.0	65.0
5.6029702E13	7037.0	65.0
5.602971E13	7037.0	64.0
5.6029723E13	5916.0	68.0
5.602973E13	5916.0	70.0
5.6029744E13	5916.0	74.0
5.602976E13	4912.0	73.0
5.6029753E13	4912.0	73.0
5.6029774E13	4912.0	72.0
5.602978E13	4912.0	71.0
5.6029795E13	4479.0	70.0
5.6029803E13	4479.0	69.0
5.602981E13	4479.0	69.0
5.6029824E13	3752.0	46.0
5.6029832E13	3752.0	67.0
5.602984E13	3752.0	66.0
5.6029853E13	3752.0	65.0
5.602986E13	3291.0	64.0
5.6029874E13	3291.0	64.0
5.6029883E13	3291.0	64.0
5.602989E13	3291.0	65.0
5.6029904E13	3059.0	64.0
5.602991E13	3059.0	65.0
5.6029925E13	3059.0	65.0
5.6029933E13	3059.0	66.0
5.602994E13	2842.0	69.0
5.6029954E13	2842.0	71.0
5.6029962E13	2842.0	73.0
5.6029975E13	2842.0	73.0
5.6029983E13	2638.0	74.0
5.602999E13	2638.0	76.0
5.6030004E13	2638.0	78.0
5.6030013E13	2638.0	79.0
5.603002E13	2530.0	80.0
5.6030034E13	2530.0	79.0
5.603004E13	2530.0	78.0
5.6030055E13	2530.0	76.0
5.6030063E13	2526.0	75.0
5.603007E13	2526.0	75.0
5.6030084E13	2526.0	76.0
5.6030092E13	2526.0	76.0
5.6030105E13	2493.0	77.0
5.6030113E13	2493.0	78.0
5.603012E13	2493.0	80.0
5.6030134E13	2427.0	81.0
5.6030143E13	2427.0	80.0
5.603015E13	2427.0	80.0
5.6030164E13	2427.0	79.0
5.603017E13	2408.0	80.0
5.6030185E13	2408.0	80.0
5.6030193E13	2408.0	80.0
5.60302E13	2408.0	80.0
5.6030214E13	2401.0	79.0
5.6030222E13	2401.0	78.0
5.6030235E13	2401.0	78.0
5.6030243E13	2401.0	77.0
5.603025E13	2405.0	77.0
5.6030264E13	2405.0	76.0
5.6030273E13	2405.0	76.0
5.603028E13	2417.0	76.0
5.6030294E13	2417.0	76.0
5.60303E13	2417.0	77.0
5.6030315E13	2417.0	77.0
5.6030323E13	2440.0	77.0
5.603033E13	2440.0	78.0
5.6030344E13	2440.0	81.0
5.6030352E13	2440.0	82.0
5.6030365E13	2730.0	83.0
5.6030373E13	2730.0	84.0
5.603038E13	2730.0	86.0
5.6030394E13	2548.0	88.0
5.6030403E13	3087.0	88.0
5.603041E13	3087.0	88.0
5.6030424E13	3087.0	88.0
5.603043E13	3712.0	85.0
5.6030445E13	3712.0	81.0
5.6030453E13	3712.0	78.0
5.603046E13	3712.0	75.0
5.6030474E13	4372.0	74.0
5.6030482E13	4372.0	73.0
5.6030495E13	4372.0	72.0
5.6030503E13	4372.0	71.0
5.603051E13	5333.0	71.0
5.6030524E13	5333.0	70.0
5.6030533E13	5333.0	69.0
5.6030545E13	3492.0	68.0
5.6030554E13	6649.0	66.0
5.603056E13	6649.0	64.0
5.6030575E13	6649.0	64.0
5.6030583E13	7602.0	64.0
5.603059E13	7602.0	65.0
5.6030604E13	7602.0	65.0
5.6030612E13	7602.0	66.0
5.6030625E13	8897.0	65.0
5.6030633E13	8897.0	61.0
5.603064E13	8897.0	58.0
5.6030654E13	8897.0	57.0
5.6030663E13	13590.0	57.0
5.6030675E13	13590.0	58.0
5.6030684E13	13590.0	61.0
5.6030692E13	13638.0	65.0
5.6030705E13	15398.0	69.0
5.6030713E13	15398.0	71.0
5.6030726E13	15398.0	67.0
5.6030734E13	0.0	64.0
5.6030742E13	0.0	65.0
5.6030755E13	0.0	72.0
5.6030763E13	13135.0	72.0
5.6030776E13	13135.0	71.0
5.6030784E13	13135.0	69.0
5.6030793E13	13135.0	66.0
5.6030805E13	7701.0	65.0
5.6030814E13	7701.0	65.0
5.6030822E13	7701.0	65.0
5.6030835E13	7701.0	64.0
5.6030843E13	6218.0	64.0
5.6030856E13	6218.0	64.0
5.6030864E13	6218.0	65.0
5.6030872E13	6218.0	65.0
5.6030885E13	4800.0	67.0
5.6030893E13	4800.0	70.0
5.60309E13	4800.0	72.0
5.6030914E13	4312.0	72.0
5.6030923E13	4312.0	72.0
5.6030935E13	4312.0	72.0
5.6030944E13	4312.0	72.0
5.6030952E13	3636.0	71.0
5.6030965E13	3636.0	71.0
5.6030973E13	3636.0	70.0
5.6030986E13	3636.0	68.0
5.6030994E13	3320.0	67.0
5.6031002E13	3320.0	66.0
5.6031015E13	3320.0	64.0
5.6031023E13	3320.0	63.0
5.603103E13	2988.0	63.0
5.6031044E13	2988.0	64.0
5.6031053E13	2988.0	65.0
5.6031065E13	2778.0	66.0
5.6031074E13	2778.0	66.0
5.6031082E13	2778.0	68.0
5.6031095E13	2778.0	69.0
5.6031103E13	2487.0	70.0
5.6031116E13	2487.0	71.0
5.6031124E13	2487.0	72.0
5.6031133E13	2487.0	72.0
5.6031145E13	2443.0	73.0
5.6031153E13	2443.0	74.0
5.6031166E13	2443.0	75.0
5.6031174E13	2443.0	77.0
5.6031183E13	2443.0	78.0
5.6031195E13	2443.0	78.0
5.6031204E13	2443.0	78.0
5.6031212E13	2443.0	78.0
5.6031225E13	2443.0	79.0
5.6031233E13	2443.0	78.0
5.6031246E13	2443.0	78.0
5.6031254E13	2438.0	78.0
5.6031263E13	2438.0	79.0
5.6031275E13	2438.0	80.0
5.6031284E13	2438.0	82.0
5.6031296E13	2424.0	83.0
5.6031304E13	2424.0	83.0
5.6031313E13	2424.0	81.0
5.6031325E13	2424.0	79.0
5.6031334E13	2403.0	78.0
5.6031346E13	2403.0	77.0
5.6031355E13	2403.0	77.0
5.6031363E13	2380.0	77.0
5.6031376E13	2380.0	78.0
5.6031384E13	2380.0	78.0
5.6031393E13	2380.0	77.0
5.6031405E13	2371.0	76.0
5.6031414E13	2371.0	76.0
5.6031426E13	2371.0	75.0
5.6031435E13	2374.0	59.0
5.6031443E13	2374.0	76.0
5.6031455E13	2374.0	78.0
5.6031464E13	2374.0	78.0
5.6031476E13	2383.0	79.0
5.6031485E13	2383.0	79.0
5.6031493E13	2383.0	79.0
5.6031506E13	2383.0	79.0
5.6031514E13	2410.0	79.0
5.6031523E13	2410.0	80.0
5.6031535E13	2410.0	81.0
5.6031544E13	2410.0	83.0
5.6031556E13	2603.0	85.0
5.6031565E13	2603.0	85.0
5.6031573E13	2603.0	85.0
5.6031586E13	2980.0	86.0
5.6031594E13	2980.0	86.0
5.6031606E13	2980.0	86.0
5.6031615E13	2980.0	86.0
5.6031623E13	2617.0	84.0
5.6031636E13	3620.0	83.0
5.6031644E13	3620.0	81.0
5.6031653E13	3620.0	79.0
5.6031665E13	4246.0	77.0
5.6031674E13	4246.0	75.0
5.6031686E13	4246.0	72.0
5.6031695E13	4246.0	70.0
5.6031703E13	4730.0	68.0
5.6031716E13	4730.0	67.0
5.6031724E13	4730.0	65.0
5.6031736E13	4730.0	64.0
5.6031745E13	6004.0	63.0
5.6031753E13	6004.0	64.0
5.6031766E13	6004.0	65.0
5.6031774E13	4068.0	66.0
5.6031783E13	6986.0	66.0
5.6031795E13	6986.0	65.0
5.6031804E13	6986.0	62.0
5.6031816E13	6966.0	60.0
5.6031825E13	6966.0	58.0
5.6031833E13	6966.0	59.0
5.6031846E13	6966.0	61.0
5.6031854E13	8218.0	65.0
5.6031867E13	8218.0	70.0
5.6031875E13	8218.0	73.0
5.6031883E13	8218.0	70.0
5.6031896E13	10112.0	67.0
5.6031904E13	10112.0	68.0
5.6031913E13	10112.0	71.0
5.6031925E13	11822.0	74.0
5.6031934E13	9925.0	74.0
5.6031946E13	9925.0	72.0
5.6031955E13	9925.0	69.0
5.6031963E13	7648.0	67.0
5.6031984E13	7648.0	67.0
5.6031997E13	5822.0	66.0
5.6032005E13	5822.0	65.0
5.6032013E13	5822.0	65.0
5.6032026E13	5822.0	66.0
5.6032034E13	4359.0	69.0
5.6032047E13	4359.0	72.0
5.6032055E13	4359.0	74.0
5.6032064E13	5914.0	77.0
5.6032076E13	3977.0	79.0
5.6032085E13	3977.0	79.0
5.6032093E13	3977.0	78.0
5.6032106E13	3282.0	77.0
5.6032114E13	3282.0	75.0
5.6032127E13	3282.0	73.0
5.6032135E13	3282.0	62.0
5.6032143E13	2806.0	67.0
5.6032156E13	2806.0	66.0
5.6032164E13	2806.0	64.0
5.6032177E13	2806.0	63.0
5.6032185E13	2386.0	62.0
5.6032194E13	2386.0	62.0
5.6032206E13	2386.0	63.0
5.6032215E13	2400.0	64.0
5.6032223E13	2296.0	65.0
5.6032236E13	2296.0	66.0
5.6032244E13	2296.0	67.0
5.6032257E13	2276.0	68.0
5.6032265E13	2276.0	70.0
5.6032273E13	2276.0	70.0
5.6032286E13	2276.0	70.0
5.6032294E13	2276.0	71.0
5.6032307E13	2268.0	72.0
5.6032315E13	2268.0	73.0
5.6032324E13	2268.0	73.0
5.6032336E13	2257.0	74.0
5.6032345E13	2257.0	74.0
5.6032353E13	2257.0	74.0
5.6032366E13	2246.0	74.0
5.6032374E13	2246.0	74.0
5.6032387E13	2246.0	75.0
5.6032395E13	2246.0	74.0
5.6032403E13	2246.0	74.0
5.6032416E13	2238.0	75.0
5.6032424E13	2238.0	76.0
5.6032437E13	2238.0	77.0
5.6032445E13	2238.0	79.0
5.6032454E13	2228.0	82.0
5.6032466E13	2228.0	83.0
5.6032475E13	2228.0	81.0
5.6032483E13	2228.0	80.0
5.6032496E13	2214.0	79.0
5.6032504E13	2214.0	78.0
5.6032517E13	2214.0	77.0
5.6032525E13	2198.0	76.0
5.6032533E13	2198.0	75.0
5.6032546E13	2198.0	75.0
5.6032554E13	2198.0	74.0
5.6032567E13	2189.0	73.0
5.6032575E13	2189.0	74.0
5.6032584E13	2189.0	75.0
5.6032596E13	2189.0	76.0
5.6032605E13	2191.0	76.0
5.6032617E13	2191.0	78.0
5.6032626E13	2191.0	79.0
5.6032634E13	2191.0	80.0
5.6032647E13	2205.0	81.0
5.6032655E13	2205.0	82.0
5.6032663E13	2205.0	84.0
5.6032676E13	2238.0	86.0
5.6032684E13	2238.0	87.0
5.6032705E13	2238.0	88.0
5.6032714E13	2292.0	89.0
5.6032726E13	2292.0	89.0
5.6032735E13	2292.0	89.0
5.6032747E13	2292.0	88.0
5.6032756E13	2671.0	87.0
5.6032764E13	2671.0	84.0
5.6032777E13	2671.0	82.0
5.6032785E13	2671.0	80.0
5.6032793E13	3180.0	78.0
5.6032806E13	3180.0	77.0
5.6032814E13	3180.0	76.0
5.6032827E13	3859.0	76.0
5.6032835E13	3859.0	74.0
5.6032844E13	3859.0	74.0
5.6032865E13	4367.0	67.0
5.6032877E13	4367.0	64.0
5.6032886E13	4367.0	62.0
5.6032894E13	4823.0	61.0
5.6032907E13	4823.0	61.0
5.6032915E13	4823.0	61.0
5.6032928E13	4823.0	62.0
5.6032936E13	4823.0	64.0
5.6032944E13	5325.0	65.0
5.6032957E13	5325.0	64.0
5.6032965E13	5325.0	61.0
5.6032974E13	6800.0	58.0
5.6032986E13	6800.0	57.0
5.6032995E13	6800.0	58.0
5.6033007E13	6800.0	60.0
5.6033016E13	7539.0	64.0
5.6033024E13	7539.0	68.0
5.6033037E13	7539.0	69.0
5.6033045E13	7539.0	67.0
5.6033058E13	7402.0	66.0
5.6033066E13	7402.0	67.0
5.6033074E13	7402.0	67.0
5.6033087E13	7402.0	68.0
5.6033095E13	6942.0	68.0
5.6033104E13	6942.0	68.0
5.6033116E13	6942.0	66.0
5.6033125E13	6338.0	63.0
5.6033137E13	6338.0	61.0
5.6033146E13	6338.0	61.0
5.6033154E13	6338.0	61.0
5.6033167E13	4514.0	63.0
5.6033175E13	4514.0	70.0
5.6033188E13	4514.0	71.0
5.6033196E13	4514.0	70.0
5.6033205E13	3955.0	71.0
5.6033217E13	3955.0	74.0
5.6033225E13	3955.0	77.0
5.6033234E13	3955.0	79.0
5.6033246E13	3654.0	81.0
5.6033255E13	3654.0	80.0
5.6033267E13	3654.0	79.0
5.6033276E13	3080.0	78.0
5.6033284E13	3080.0	76.0
5.6033297E13	3080.0	75.0
5.6033305E13	3080.0	72.0
5.6033318E13	2476.0	69.0
5.6033326E13	2476.0	67.0
5.6033335E13	2476.0	65.0
5.6033347E13	2476.0	63.0
5.6033355E13	2233.0	62.0
5.603337E13	2233.0	61.0
5.6033376E13	2233.0	62.0
5.6033385E13	2233.0	63.0
5.6033397E13	2195.0	64.0
5.6033406E13	2195.0	65.0
5.6033414E13	2195.0	67.0
5.6033427E13	2183.0	68.0
5.6033435E13	2183.0	70.0
5.6033448E13	2183.0	71.0
5.6033456E13	2183.0	72.0
5.6033465E13	2183.0	73.0
5.6033477E13	2183.0	75.0
5.6033486E13	2183.0	76.0
5.60335E13	2183.0	77.0
5.6033506E13	2181.0	78.0
5.6033515E13	2181.0	77.0
5.6033527E13	2181.0	76.0
5.6033536E13	2181.0	75.0
5.6033544E13	2176.0	75.0
5.6033557E13	2176.0	74.0
5.6033565E13	2176.0	74.0
5.6033578E13	2171.0	75.0
5.6033586E13	2171.0	76.0
5.6033595E13	2171.0	77.0
5.6033607E13	2171.0	78.0
5.6033616E13	2173.0	79.0
5.603363E13	2173.0	82.0
5.6033637E13	2173.0	83.0
5.6033645E13	2173.0	81.0
5.6033657E13	2164.0	78.0
5.6033666E13	2164.0	77.0
5.603368E13	2164.0	76.0
5.6033687E13	2156.0	73.0
5.6033695E13	2156.0	73.0
5.6033708E13	2156.0	74.0
5.6033716E13	2154.0	74.0
5.6033725E13	2154.0	74.0
5.6033737E13	2154.0	76.0
5.6033746E13	2154.0	76.0
5.603376E13	2154.0	77.0
5.6033767E13	2159.0	78.0
5.6033775E13	2159.0	79.0
5.6033788E13	2159.0	80.0
5.603381E13	2177.0	83.0
5.6033796E13	2177.0	83.0
5.6033817E13	2177.0	51.0
5.6033825E13	2177.0	84.0
5.6033838E13	2211.0	86.0
5.6033846E13	2211.0	87.0
5.6033855E13	2211.0	89.0
5.6033867E13	2267.0	90.0
5.6033876E13	2267.0	89.0
5.603389E13	2267.0	88.0
5.6033897E13	2267.0	88.0
5.6033905E13	2335.0	88.0
5.6033918E13	2335.0	87.0
5.6033926E13	2335.0	85.0
5.603394E13	2335.0	83.0
5.6033947E13	2614.0	81.0
5.6033955E13	2614.0	79.0
5.6033968E13	2614.0	77.0
5.6033976E13	2614.0	76.0
5.603399E13	3243.0	74.0
5.6033997E13	3243.0	72.0
5.6034006E13	3243.0	72.0
5.603402E13	3243.0	71.0
5.6034027E13	3644.0	70.0
5.6034035E13	3644.0	68.0
5.6034048E13	3644.0	66.0
5.6034056E13	3644.0	65.0
5.603407E13	4212.0	64.0
5.6034077E13	4212.0	62.0
5.6034085E13	4212.0	61.0
5.6034098E13	4212.0	61.0
5.6034106E13	5086.0	61.0
5.603412E13	5086.0	61.0
5.6034127E13	5086.0	60.0
5.6034136E13	5086.0	58.0
5.603415E13	6436.0	57.0
5.6034157E13	6436.0	56.0
5.6034165E13	6436.0	55.0
5.6034178E13	7030.0	56.0
5.6034186E13	7030.0	59.0
5.60342E13	7030.0	63.0
5.6034207E13	7030.0	67.0
5.6034215E13	7782.0	68.0
5.603423E13	7782.0	66.0
5.6034236E13	7782.0	65.0
5.603425E13	7782.0	67.0
5.6034257E13	7707.0	69.0
5.6034266E13	7707.0	71.0
5.603428E13	7707.0	70.0
5.6034287E13	7707.0	69.0
5.6034295E13	7198.0	67.0
5.6034308E13	7198.0	64.0
5.6034316E13	7198.0	63.0
5.603433E13	5416.0	63.0
5.6034337E13	5416.0	64.0
5.6034345E13	5416.0	64.0
5.603436E13	5416.0	64.0
5.6034366E13	4381.0	65.0
5.603438E13	4381.0	65.0
5.6034387E13	4381.0	65.0
5.6034396E13	4381.0	66.0
5.603441E13	4015.0	68.0
5.6034417E13	4015.0	70.0
5.6034425E13	4015.0	72.0
5.6034438E13	4015.0	73.0
5.6034446E13	3858.0	73.0
5.603446E13	3858.0	73.0
5.6034467E13	3858.0	72.0
5.6034475E13	3135.0	71.0
5.603449E13	3135.0	70.0
5.6034496E13	3135.0	69.0
5.603451E13	3135.0	67.0
5.6034517E13	2764.0	66.0
5.6034526E13	2764.0	64.0
5.603454E13	2764.0	64.0
5.6034547E13	2764.0	65.0
5.6034555E13	2366.0	67.0
5.6034568E13	2366.0	68.0
5.6034576E13	2366.0	69.0
5.603459E13	2366.0	69.0
5.6034597E13	2322.0	68.0
5.6034605E13	2322.0	69.0
5.603462E13	2322.0	69.0
5.6034626E13	2287.0	69.0
5.603464E13	2287.0	69.0
5.6034647E13	2287.0	70.0
5.6034656E13	2287.0	71.0
5.603467E13	2270.0	71.0
5.6034677E13	2270.0	71.0
5.603469E13	2270.0	72.0
5.6034698E13	2270.0	73.0
5.6034706E13	2262.0	73.0
5.603472E13	2262.0	73.0
5.6034727E13	2262.0	73.0
5.6034735E13	2262.0	73.0
5.603475E13	2264.0	74.0
5.6034756E13	2264.0	75.0
5.603477E13	2264.0	75.0
5.6034777E13	2267.0	81.0
5.6034786E13	2267.0	81.0
5.60348E13	2267.0	83.0
5.6034807E13	2267.0	83.0
5.603482E13	2260.0	83.0
5.6034828E13	2260.0	83.0
5.6034836E13	2260.0	82.0
5.603485E13	2248.0	56.0
5.6034857E13	2248.0	77.0
5.603487E13	2248.0	76.0
5.603488E13	2248.0	74.0
5.6034886E13	2248.0	74.0
5.60349E13	2240.0	73.0
5.6034907E13	2240.0	72.0
5.6034916E13	2240.0	72.0
5.603493E13	2248.0	73.0
5.6034937E13	2248.0	74.0
5.603495E13	2248.0	75.0
5.6034958E13	2248.0	77.0
5.6034966E13	2270.0	79.0
5.603498E13	2270.0	81.0
5.6034987E13	2270.0	84.0
5.6035E13	2270.0	86.0
5.603501E13	2304.0	86.0
5.6035016E13	2304.0	87.0
5.603503E13	2304.0	88.0
5.6035037E13	2304.0	90.0
5.6035046E13	2364.0	88.0
5.603506E13	2364.0	87.0
5.6035067E13	2364.0	86.0
5.603508E13	2437.0	85.0
5.6035088E13	2437.0	85.0
5.6035096E13	2437.0	87.0
5.603511E13	2437.0	88.0
5.6035117E13	2508.0	85.0
5.603513E13	2508.0	82.0
5.603514E13	2508.0	79.0
5.6035146E13	2508.0	77.0
5.603516E13	2958.0	76.0
5.6035167E13	2958.0	74.0
5.6035176E13	2958.0	73.0
5.603519E13	2958.0	71.0
5.6035197E13	3518.0	69.0
5.603521E13	3518.0	67.0
5.6035218E13	3518.0	65.0
5.6035226E13	3653.0	63.0
5.603524E13	3653.0	62.0
5.6035247E13	3653.0	61.0
5.603526E13	3653.0	60.0
5.603527E13	4207.0	60.0
5.6035276E13	4207.0	61.0
5.603529E13	4207.0	62.0
5.6035297E13	4207.0	63.0
5.603531E13	5090.0	63.0
5.603532E13	5090.0	62.0
5.6035327E13	5090.0	60.0
5.603534E13	3453.0	60.0
5.6035348E13	6751.0	60.0
5.6035356E13	6751.0	61.0
5.603537E13	6751.0	64.0
5.6035377E13	7796.0	67.0
5.603539E13	7796.0	69.0
5.60354E13	7796.0	69.0
5.6035407E13	7796.0	67.0
5.603542E13	8020.0	67.0
5.6035427E13	8020.0	69.0
5.603544E13	8020.0	71.0
5.603545E13	8020.0	71.0
5.6035457E13	7306.0	71.0
5.603547E13	7306.0	69.0
5.6035478E13	7306.0	67.0
5.603549E13	11650.0	66.0
5.60355E13	6823.0	65.0
5.6035507E13	6823.0	64.0
5.603552E13	6823.0	64.0
5.603553E13	5458.0	64.0
5.6035537E13	5458.0	66.0
5.603555E13	5458.0	67.0
5.6035558E13	5458.0	68.0
5.603557E13	4416.0	71.0
5.603558E13	4416.0	76.0
5.6035587E13	4416.0	77.0
5.60356E13	4012.0	77.0
5.6035608E13	4012.0	76.0
5.603562E13	4012.0	76.0
5.603563E13	5002.0	74.0
5.6035637E13	3316.0	73.0
5.603565E13	3316.0	73.0
5.603566E13	3316.0	72.0
5.6035667E13	3316.0	69.0
5.603568E13	2747.0	68.0
5.6035688E13	2747.0	66.0
5.60357E13	2747.0	65.0
5.603571E13	2747.0	64.0
5.6035717E13	2402.0	63.0
5.603573E13	2402.0	63.0
5.6035738E13	2402.0	64.0
5.603575E13	2402.0	64.0
5.603576E13	2346.0	64.0
5.6035767E13	2346.0	65.0
5.603578E13	2324.0	66.0
5.603579E13	2324.0	66.0
5.6035797E13	2324.0	68.0
5.603581E13	2324.0	68.0
5.6035818E13	2324.0	70.0
5.603583E13	2319.0	70.0
5.603584E13	2319.0	72.0
5.6035847E13	2319.0	74.0
5.603586E13	2319.0	74.0
5.6035868E13	2324.0	75.0
5.603588E13	2324.0	76.0
5.603589E13	2324.0	77.0
5.6035897E13	2324.0	77.0
5.603591E13	2321.0	77.0
5.603592E13	2321.0	77.0
5.6035927E13	2321.0	77.0
5.603594E13	2321.0	76.0
5.6035948E13	2321.0	76.0
5.603596E13	2321.0	77.0
5.603597E13	2321.0	78.0
5.6035977E13	2317.0	79.0
5.603599E13	2317.0	80.0
5.6036E13	2317.0	81.0
5.603601E13	2317.0	81.0
5.603602E13	2311.0	79.0
5.6036027E13	2311.0	78.0
5.603604E13	2311.0	78.0
5.603605E13	2311.0	79.0
5.603606E13	2303.0	79.0
5.603607E13	2303.0	78.0
5.6036078E13	2303.0	79.0
5.603609E13	2307.0	80.0
5.60361E13	2307.0	80.0
5.6036107E13	2307.0	80.0
5.603612E13	2307.0	79.0
5.603613E13	2320.0	79.0
5.603614E13	2320.0	79.0
5.603615E13	2320.0	79.0
5.6036157E13	2320.0	79.0
5.603617E13	2353.0	80.0
5.603618E13	2353.0	81.0
5.603619E13	2353.0	84.0
5.60362E13	2353.0	85.0
5.6036208E13	2406.0	85.0
5.603622E13	2406.0	85.0
5.603623E13	2406.0	87.0
5.6036237E13	2477.0	87.0
5.603625E13	2477.0	87.0
5.603626E13	2477.0	87.0
5.603627E13	2477.0	88.0
5.603628E13	2545.0	89.0
5.6036287E13	2545.0	88.0
5.60363E13	2545.0	85.0
5.603631E13	2545.0	82.0
5.603632E13	2723.0	79.0
5.603633E13	2723.0	78.0
5.6036338E13	2723.0	76.0
5.603635E13	2723.0	75.0
5.603636E13	3264.0	73.0
5.603637E13	3264.0	72.0
5.603638E13	3264.0	71.0
5.603639E13	3858.0	69.0
5.60364E13	3858.0	68.0
5.603641E13	3858.0	66.0
5.6036417E13	3858.0	65.0
5.603643E13	4320.0	64.0
5.603644E13	4320.0	63.0
5.603645E13	4320.0	63.0
5.603646E13	4320.0	62.0
5.6036468E13	5221.0	63.0
5.603648E13	5221.0	64.0
5.603649E13	5221.0	64.0
5.60365E13	5221.0	64.0
5.603651E13	6449.0	63.0
5.603652E13	6449.0	61.0
5.603653E13	6449.0	60.0
5.603654E13	7778.0	59.0
5.6036547E13	7778.0	60.0
5.603656E13	7778.0	64.0
5.603657E13	7778.0	67.0
5.603658E13	8008.0	68.0
5.603659E13	8008.0	67.0
5.6036598E13	8008.0	66.0
5.603661E13	8008.0	67.0
5.603662E13	8208.0	68.0
5.603663E13	8208.0	68.0
5.603664E13	8208.0	68.0
5.603665E13	8208.0	67.0
5.603666E13	7396.0	67.0
5.6036677E13	7396.0	64.0
5.603669E13	5614.0	64.0
5.60367E13	5614.0	64.0
5.603671E13	5614.0	65.0
5.6036728E13	4223.0	64.0
5.603674E13	4223.0	64.0
5.603675E13	4223.0	64.0
5.603676E13	4223.0	65.0
5.603677E13	4010.0	68.0
5.603678E13	4010.0	71.0
5.603679E13	4010.0	75.0
5.60368E13	3706.0	76.0
5.603681E13	3706.0	76.0
5.603682E13	3706.0	76.0
5.603683E13	3706.0	76.0
5.603684E13	3205.0	75.0
5.603685E13	3205.0	75.0
5.6036858E13	3205.0	73.0
5.603687E13	3205.0	71.0
5.603688E13	2720.0	69.0
5.603689E13	2720.0	66.0
5.60369E13	2720.0	65.0
5.603691E13	2505.0	65.0
5.603692E13	2505.0	64.0
5.603693E13	2505.0	64.0
5.603694E13	2505.0	64.0
5.603695E13	2505.0	65.0
5.603696E13	2463.0	66.0
5.603697E13	2463.0	67.0
5.603698E13	2463.0	68.0
5.6036988E13	2446.0	69.0
5.6037E13	2446.0	70.0
5.603701E13	2446.0	71.0
5.603702E13	2446.0	73.0
5.603703E13	2444.0	74.0
5.603704E13	2444.0	75.0
5.603705E13	2444.0	77.0
5.603706E13	2438.0	77.0
5.603707E13	2438.0	77.0
5.603708E13	2438.0	76.0
5.603709E13	2438.0	76.0
5.60371E13	2429.0	76.0
5.603711E13	2429.0	76.0
5.6037118E13	2429.0	77.0
5.603713E13	2424.0	78.0
5.603714E13	2424.0	80.0
5.603715E13	2424.0	82.0
5.603716E13	2424.0	83.0
5.603717E13	2415.0	82.0
5.603718E13	2415.0	82.0
5.603719E13	2415.0	79.0
5.60372E13	2415.0	79.0
5.603721E13	2402.0	79.0
5.603722E13	2402.0	79.0
5.603723E13	2402.0	79.0
5.603724E13	2402.0	78.0
5.6037248E13	2402.0	78.0
5.603726E13	2397.0	79.0
5.603727E13	2397.0	78.0
5.603728E13	2397.0	77.0
5.603729E13	2405.0	76.0
5.60373E13	2405.0	76.0
5.603731E13	2405.0	76.0
5.603732E13	2405.0	76.0
5.603733E13	2426.0	78.0
5.603734E13	2426.0	79.0
5.603735E13	2426.0	81.0
5.603736E13	2426.0	83.0
5.603737E13	2470.0	84.0
5.6037378E13	2470.0	85.0
5.603739E13	2470.0	87.0
5.60374E13	2470.0	89.0
5.603741E13	2529.0	88.0
5.603743E13	2529.0	88.0
5.603744E13	2586.0	88.0
5.603745E13	2586.0	89.0
5.603746E13	2586.0	89.0
5.603747E13	2586.0	89.0
5.603748E13	2747.0	87.0
5.603749E13	2747.0	85.0
5.60375E13	2747.0	83.0
5.6037508E13	2747.0	81.0
5.603752E13	3326.0	79.0
5.603753E13	3326.0	77.0
5.603754E13	3326.0	74.0
5.603755E13	3326.0	72.0
5.603756E13	4037.0	70.0
5.603757E13	4037.0	68.0
5.603758E13	4037.0	66.0
5.603759E13	4239.0	65.0
5.60376E13	4239.0	63.0
5.603761E13	4239.0	62.0
5.603762E13	4239.0	61.0
5.603763E13	5050.0	61.0
5.603764E13	5050.0	62.0
5.603765E13	5050.0	63.0
5.603766E13	5997.0	63.0
5.603767E13	5997.0	63.0
5.603768E13	5997.0	62.0
5.603769E13	5997.0	61.0
5.60377E13	7460.0	60.0
5.603771E13	7460.0	61.0
5.603772E13	7460.0	63.0
5.603773E13	7460.0	63.0
5.603774E13	7991.0	66.0
5.603775E13	7991.0	66.0
5.603776E13	7991.0	65.0
5.6037772E13	7991.0	66.0
5.603778E13	7932.0	68.0
5.603779E13	7932.0	68.0
5.60378E13	7932.0	69.0
5.603781E13	7932.0	69.0
5.603782E13	6882.0	68.0
5.603783E13	6882.0	65.0
5.603784E13	6882.0	65.0
5.603785E13	6882.0	64.0
5.603786E13	5607.0	63.0
5.603787E13	5607.0	63.0
5.603788E13	4627.0	66.0
5.603789E13	4627.0	68.0
5.6037902E13	4627.0	68.0
5.603791E13	4627.0	68.0
5.603792E13	4627.0	68.0
5.603793E13	4363.0	68.0
5.603794E13	4363.0	71.0
5.6037952E13	4363.0	74.0
5.603796E13	4363.0	75.0
5.603797E13	4023.0	75.0
5.603798E13	4023.0	74.0
5.603799E13	4023.0	73.0
5.6038E13	4023.0	71.0
5.603801E13	3593.0	70.0
5.603802E13	3593.0	69.0
5.6038032E13	3593.0	67.0
5.603804E13	2962.0	66.0
5.603805E13	2962.0	64.0
5.603806E13	2962.0	64.0
5.603807E13	2962.0	64.0
5.6038082E13	2536.0	64.0
5.603809E13	2536.0	65.0
5.60381E13	2536.0	65.0
5.603811E13	2536.0	66.0
5.603812E13	2503.0	68.0
5.603813E13	2503.0	68.0
5.603814E13	2503.0	70.0
5.603815E13	2503.0	70.0
5.6038162E13	2483.0	71.0
5.603817E13	2483.0	71.0
5.603818E13	2483.0	72.0
5.603819E13	2473.0	72.0
5.60382E13	2473.0	72.0
5.6038213E13	2473.0	73.0
5.603822E13	2473.0	73.0
5.603823E13	2456.0	73.0
5.603824E13	2456.0	73.0
5.603825E13	2456.0	74.0
5.603826E13	2456.0	74.0
5.603827E13	2444.0	74.0
5.603828E13	2444.0	75.0
5.603831E13	2440.0	80.0
5.603832E13	2440.0	80.0
5.603833E13	2440.0	81.0
5.6038343E13	2439.0	83.0
5.603835E13	2439.0	84.0
5.603836E13	2439.0	82.0
5.603837E13	2439.0	81.0
5.603838E13	2432.0	80.0
5.6038393E13	2432.0	79.0
5.60384E13	2432.0	78.0
5.603841E13	2432.0	76.0
5.6038422E13	2425.0	74.0
5.603843E13	2425.0	74.0
5.603844E13	2425.0	74.0
5.603845E13	2432.0	74.0
5.603846E13	2432.0	75.0
5.6038473E13	2432.0	75.0
5.603848E13	2432.0	76.0
5.603849E13	2458.0	77.0
5.60385E13	2458.0	79.0
5.603851E13	2458.0	81.0
5.6038523E13	2458.0	84.0
5.603853E13	2512.0	86.0
5.603854E13	2512.0	88.0
5.6038552E13	2512.0	89.0
5.603856E13	2512.0	89.0
5.6038573E13	2580.0	88.0
5.603858E13	2580.0	88.0
5.603859E13	2580.0	89.0
5.6038603E13	2640.0	89.0
5.603861E13	2640.0	88.0
5.603862E13	2640.0	88.0
5.603863E13	2773.0	85.0
5.603864E13	2773.0	83.0
5.6038653E13	2773.0	83.0
5.603866E13	2773.0	78.0
5.603867E13	3413.0	77.0
5.6038682E13	3413.0	77.0
5.603869E13	3413.0	77.0
5.6038703E13	3413.0	77.0
5.603871E13	4391.0	75.0
5.603872E13	4391.0	75.0
5.6038733E13	4391.0	74.0
5.603874E13	4391.0	70.0
5.603875E13	4086.0	68.0
5.603876E13	5097.0	66.0
5.603877E13	5097.0	64.0
5.6038783E13	5097.0	62.0
5.603879E13	5272.0	62.0
5.60388E13	5272.0	62.0
5.6038812E13	5272.0	63.0
5.603882E13	5922.0	62.0
5.6038833E13	5922.0	60.0
5.603884E13	5922.0	60.0
5.603885E13	5922.0	57.0
5.6038863E13	6910.0	57.0
5.603887E13	6910.0	57.0
5.603888E13	6910.0	30.0
5.603889E13	6910.0	30.0
5.60389E13	6673.0	68.0
5.6038913E13	6673.0	68.0
5.603893E13	6061.0	68.0
5.6038942E13	6061.0	69.0
5.603895E13	6061.0	69.0
5.6038963E13	6061.0	69.0
5.603897E13	6061.0	69.0
5.603898E13	5592.0	69.0
5.6038993E13	5592.0	68.0
5.6039E13	5592.0	67.0
5.6039014E13	5592.0	67.0
5.603902E13	4969.0	67.0
5.603903E13	4969.0	68.0
5.6039043E13	4969.0	70.0
5.603905E13	5297.0	71.0
5.603906E13	4248.0	70.0
5.6039072E13	4248.0	70.0
5.603908E13	4248.0	71.0
5.6039093E13	4122.0	72.0
5.60391E13	4122.0	74.0
5.603911E13	4122.0	76.0
5.6039123E13	4122.0	76.0
5.603913E13	3619.0	76.0
5.6039144E13	3619.0	75.0
5.603915E13	3619.0	73.0
5.603916E13	3619.0	70.0
5.6039173E13	2818.0	69.0
5.603918E13	2818.0	66.0
5.603919E13	2818.0	64.0
5.6039202E13	2523.0	63.0
5.603921E13	2523.0	63.0
5.6039223E13	2523.0	62.0
5.603923E13	2523.0	62.0
5.603924E13	2468.0	63.0
5.6039253E13	2468.0	64.0
5.603926E13	2468.0	64.0
5.6039274E13	2468.0	64.0
5.603928E13	2438.0	65.0
5.603929E13	2438.0	66.0
5.6039303E13	2438.0	66.0
5.603931E13	2438.0	67.0
5.6039324E13	2425.0	68.0
5.6039332E13	2425.0	69.0
5.603934E13	2425.0	71.0
5.6039353E13	2422.0	72.0
5.603936E13	2422.0	73.0
5.603937E13	2422.0	73.0
5.6039383E13	2422.0	74.0
5.603939E13	2411.0	74.0
5.6039404E13	2411.0	75.0
5.603941E13	2411.0	75.0
5.603942E13	2411.0	76.0
5.6039433E13	2400.0	76.0
5.603944E13	2400.0	77.0
5.6039454E13	2400.0	78.0
5.6039462E13	2400.0	78.0
5.603947E13	2394.0	80.0
5.6039483E13	2394.0	82.0
5.603949E13	2394.0	83.0
5.60395E13	2385.0	82.0
5.6039513E13	2385.0	82.0
5.603952E13	2385.0	82.0
5.6039534E13	2385.0	80.0
5.603954E13	2371.0	79.0
5.603955E13	2371.0	77.0
5.6039563E13	2371.0	76.0
5.603957E13	2371.0	75.0
5.6039584E13	2366.0	74.0
5.6039592E13	2366.0	74.0
5.60396E13	2366.0	74.0
5.6039613E13	2366.0	74.0
5.603962E13	2367.0	75.0
5.6039634E13	2367.0	76.0
5.6039643E13	2367.0	78.0
5.603965E13	2391.0	79.0
5.6039664E13	2391.0	80.0
5.6039672E13	2391.0	82.0
5.603968E13	2391.0	83.0
5.6039693E13	2436.0	85.0
5.60397E13	2436.0	87.0
5.6039714E13	2436.0	87.0
5.6039722E13	2436.0	87.0
5.603973E13	2493.0	88.0
5.6039743E13	2493.0	87.0
5.603975E13	2493.0	86.0
5.6039764E13	2493.0	85.0
5.6039773E13	2547.0	85.0
5.603978E13	2547.0	86.0
5.6039794E13	2547.0	87.0
5.6039802E13	2604.0	87.0
5.6039815E13	2604.0	85.0
5.6039823E13	2604.0	83.0
5.603983E13	3000.0	78.0
5.6039844E13	3000.0	76.0
5.6039852E13	3000.0	73.0
5.603986E13	3000.0	71.0
5.6039873E13	3000.0	71.0
5.603988E13	3844.0	69.0
5.6039894E13	3844.0	67.0
5.6039903E13	3844.0	67.0
5.603991E13	4199.0	65.0
5.6039924E13	4199.0	65.0
5.6039932E13	4199.0	65.0
5.603994E13	4199.0	65.0
5.6039953E13	4816.0	66.0
5.603996E13	4816.0	64.0
5.6039974E13	4816.0	62.0
5.6039982E13	5571.0	60.0
5.603999E13	5571.0	60.0
5.6040003E13	5571.0	61.0
5.604001E13	5571.0	61.0
5.6040024E13	5571.0	64.0
5.6040033E13	6519.0	68.0
5.604004E13	6519.0	71.0
5.6040054E13	6519.0	71.0
5.6040062E13	6519.0	67.0
5.604007E13	7165.0	66.0
5.6040083E13	7165.0	68.0
5.604009E13	7165.0	70.0
5.6040104E13	6988.0	71.0
5.6040113E13	6988.0	69.0
5.6040133E13	6988.0	66.0
5.604014E13	5386.0	66.0
5.6040154E13	5386.0	65.0
5.6040163E13	5386.0	66.0
5.604017E13	5386.0	67.0
5.6040184E13	4159.0	68.0
5.6040192E13	4159.0	67.0
5.6040205E13	4159.0	67.0
5.6040213E13	4159.0	66.0
5.604022E13	3680.0	67.0
5.6040234E13	3680.0	70.0
5.6040243E13	3680.0	73.0
5.604025E13	3515.0	74.0
5.6040264E13	3515.0	74.0
5.604027E13	3515.0	73.0
5.6040284E13	3515.0	73.0
5.6040293E13	2937.0	72.0
5.60403E13	2937.0	70.0
5.6040314E13	2937.0	67.0
5.6040322E13	2937.0	64.0
5.6040335E13	2508.0	62.0
5.6040343E13	2508.0	61.0
5.604035E13	2508.0	60.0
5.6040364E13	2508.0	59.0
5.6040373E13	2447.0	60.0
5.604038E13	2447.0	61.0
5.6040394E13	2447.0	63.0
5.60404E13	2420.0	64.0
5.6040415E13	2420.0	66.0
5.6040423E13	2420.0	67.0
5.604043E13	2420.0	68.0
5.6040444E13	2419.0	70.0
5.6040452E13	2419.0	71.0
5.604046E13	2419.0	73.0
5.6040473E13	2419.0	75.0
5.604048E13	2420.0	78.0
5.6040494E13	2420.0	81.0
5.6040503E13	2420.0	82.0
5.604051E13	2420.0	81.0
5.6040524E13	2418.0	80.0
5.604053E13	2418.0	78.0
5.6040545E13	2418.0	77.0
5.6040553E13	2405.0	77.0
5.604056E13	2405.0	77.0
5.6040574E13	2405.0	77.0
5.6040582E13	2405.0	78.0
5.6040595E13	2392.0	78.0
5.6040603E13	2392.0	79.0
5.604061E13	2392.0	80.0
5.6040624E13	2392.0	82.0
5.6040633E13	2386.0	82.0
5.604064E13	2386.0	82.0
5.6040654E13	2386.0	81.0
5.604066E13	2386.0	81.0
5.6040675E13	2381.0	81.0
5.6040683E13	2381.0	81.0
5.604069E13	2381.0	80.0
5.6040704E13	2385.0	80.0
5.6040712E13	2385.0	79.0
5.6040725E13	2385.0	79.0
5.6040733E13	2385.0	77.0
5.604074E13	2389.0	76.0
5.6040754E13	2389.0	76.0
5.6040763E13	2389.0	75.0
5.6040775E13	2389.0	75.0
5.6040784E13	2394.0	76.0
5.604079E13	2394.0	77.0
5.6040805E13	2394.0	79.0
5.6040813E13	2394.0	80.0
5.604082E13	2421.0	82.0
5.6040834E13	2421.0	83.0
5.6040842E13	2421.0	85.0
5.6040855E13	2476.0	87.0
5.6040863E13	2476.0	88.0
5.604087E13	2476.0	87.0
5.6040884E13	2476.0	87.0
5.6040893E13	2537.0	86.0
5.6040905E13	2537.0	86.0
5.6040914E13	2537.0	85.0
5.604092E13	2537.0	84.0
5.6040935E13	2600.0	83.0
5.6040943E13	2600.0	83.0
5.604095E13	2600.0	82.0
5.6040964E13	2600.0	82.0
5.6040972E13	2724.0	81.0
5.6040985E13	2724.0	80.0
5.6040993E13	2724.0	78.0
5.6041E13	3436.0	77.0
5.6041014E13	3436.0	75.0
5.6041023E13	3436.0	73.0
5.6041035E13	3436.0	71.0
5.6041044E13	4321.0	70.0
5.604105E13	4321.0	69.0
5.6041065E13	4321.0	67.0
5.6041073E13	4321.0	65.0
5.604108E13	5291.0	65.0
5.6041094E13	5291.0	65.0
5.6041102E13	3423.0	69.0
5.6041115E13	6193.0	67.0
5.6041123E13	6193.0	67.0
5.604113E13	6193.0	60.0
5.6041144E13	6193.0	60.0
5.6041153E13	7331.0	58.0
5.6041165E13	7331.0	59.0
5.6041174E13	7331.0	61.0
5.604118E13	7331.0	64.0
5.6041195E13	7351.0	65.0
5.6041203E13	7351.0	64.0
5.6041216E13	7351.0	64.0
5.6041224E13	7351.0	65.0
5.6041232E13	6737.0	66.0
5.6041245E13	6737.0	66.0
5.6041253E13	6737.0	65.0
5.604126E13	8432.0	65.0
5.6041274E13	5786.0	65.0
5.6041283E13	5786.0	65.0
5.6041295E13	5786.0	64.0
5.6041304E13	4979.0	64.0
5.604131E13	4979.0	64.0
5.6041325E13	4979.0	65.0
5.6041333E13	4979.0	67.0
5.6041346E13	4234.0	70.0
5.6041354E13	4234.0	71.0
5.6041362E13	4234.0	71.0
5.6041375E13	4234.0	71.0
5.6041383E13	3987.0	71.0
5.604139E13	3987.0	73.0
5.6041404E13	3987.0	75.0
5.6041413E13	4699.0	76.0
5.6041425E13	3694.0	76.0
5.6041434E13	3694.0	75.0
5.6041442E13	3694.0	75.0
5.6041455E13	2825.0	74.0
5.6041463E13	2825.0	73.0
5.6041476E13	2825.0	72.0
5.6041484E13	2825.0	71.0
5.6041492E13	2543.0	70.0
5.6041505E13	2543.0	69.0
5.6041513E13	2543.0	66.0
5.6041526E13	2475.0	65.0
5.6041534E13	2475.0	65.0
5.6041547E13	2475.0	65.0
5.6041555E13	2438.0	65.0
5.6041564E13	2438.0	65.0
5.6041572E13	2438.0	65.0
5.6041585E13	2438.0	65.0
5.6041593E13	2438.0	67.0
5.6041606E13	2418.0	69.0
5.6041614E13	2418.0	71.0
5.6041622E13	2418.0	71.0
5.6041635E13	2416.0	72.0
5.6041643E13	2416.0	73.0
5.6041656E13	2416.0	73.0
5.6041664E13	2416.0	74.0
5.6041673E13	2413.0	76.0
5.6041685E13	2413.0	76.0
5.6041694E13	2413.0	77.0
5.6041702E13	2403.0	77.0
5.6041715E13	2403.0	77.0
5.6041723E13	2403.0	77.0
5.6041736E13	2403.0	77.0
5.6041744E13	2403.0	77.0
5.6041752E13	2399.0	78.0
5.6041765E13	2399.0	79.0
5.6041773E13	2399.0	80.0
5.6041786E13	2399.0	80.0
5.6041794E13	2394.0	82.0
5.6041803E13	2394.0	84.0
5.6041815E13	2394.0	83.0
5.6041824E13	2394.0	81.0
5.6041832E13	2386.0	80.0
5.6041845E13	2386.0	79.0
5.6041853E13	2376.0	78.0
5.6041866E13	2376.0	78.0
5.6041874E13	2376.0	77.0
5.6041883E13	2376.0	77.0
5.6041895E13	2376.0	77.0
5.6041903E13	2383.0	78.0
5.6041916E13	2383.0	78.0
5.6041924E13	2383.0	78.0
5.6041933E13	2383.0	78.0
5.6041945E13	2394.0	78.0
5.6041954E13	2394.0	78.0
5.6041966E13	2394.0	79.0
5.6041975E13	2394.0	79.0
5.6041983E13	2420.0	80.0
5.6041996E13	2420.0	81.0
5.6042004E13	2420.0	82.0
5.6042013E13	2465.0	82.0
5.6042025E13	2465.0	82.0
5.6042034E13	2465.0	84.0
5.6042046E13	2465.0	85.0
5.6042054E13	2518.0	86.0
5.6042063E13	2518.0	86.0
5.6042075E13	2518.0	86.0
5.6042084E13	2518.0	86.0
5.6042096E13	2586.0	86.0
5.6042105E13	2586.0	85.0
5.6042113E13	2586.0	85.0
5.6042126E13	2586.0	84.0
5.6042134E13	2673.0	84.0
5.6042143E13	2673.0	83.0
5.6042155E13	2673.0	81.0
5.6042164E13	3136.0	80.0
5.6042176E13	3136.0	78.0
5.6042185E13	3136.0	76.0
5.6042193E13	3136.0	73.0
5.6042205E13	3869.0	70.0
5.6042214E13	3869.0	68.0
5.6042226E13	3869.0	65.0
5.6042235E13	3869.0	63.0
5.6042243E13	4285.0	61.0
5.6042256E13	4285.0	61.0
5.6042264E13	4285.0	61.0
5.6042277E13	4285.0	63.0
5.6042285E13	4747.0	65.0
5.6042294E13	4747.0	67.0
5.6042306E13	4747.0	66.0
5.6042315E13	5572.0	64.0
5.6042323E13	5572.0	62.0
5.6042336E13	5572.0	60.0
5.6042344E13	5572.0	59.0
5.6042356E13	6641.0	61.0
5.6042365E13	6641.0	64.0
5.6042373E13	6641.0	66.0
5.6042386E13	6641.0	66.0
5.6042394E13	6765.0	65.0
5.6042407E13	6765.0	67.0
5.6042415E13	6765.0	69.0
5.6042424E13	6765.0	71.0
5.6042436E13	6619.0	72.0
5.6042445E13	6619.0	73.0
5.6042453E13	6619.0	71.0
5.6042466E13	5585.0	70.0
5.6042474E13	5585.0	69.0
5.6042486E13	5585.0	69.0
5.6042495E13	5585.0	69.0
5.6042503E13	4220.0	69.0
5.6042516E13	4220.0	70.0
5.6042524E13	4220.0	70.0
5.6042537E13	4220.0	70.0
5.6042545E13	3538.0	70.0
5.6042554E13	3538.0	70.0
5.6042566E13	3538.0	72.0
5.6042575E13	3538.0	74.0
5.6042583E13	3122.0	76.0
5.6042596E13	3122.0	76.0
5.6042604E13	3122.0	75.0
5.6042617E13	2606.0	74.0
5.6042625E13	2606.0	72.0
5.6042633E13	2606.0	70.0
5.6042646E13	2606.0	68.0
5.6042654E13	2527.0	66.0
5.6042667E13	2527.0	65.0
5.6042675E13	2527.0	62.0
5.6042684E13	2527.0	60.0
5.6042696E13	2472.0	60.0
5.6042705E13	2472.0	62.0
5.6042717E13	2472.0	63.0
5.6042726E13	2472.0	65.0
5.6042734E13	2438.0	66.0
5.6042747E13	2438.0	68.0
5.6042755E13	2438.0	69.0
5.6042763E13	2424.0	69.0
5.6042776E13	2424.0	70.0
5.6042784E13	2424.0	71.0
5.6042797E13	2424.0	72.0
5.6042805E13	2418.0	72.0
5.6042814E13	2418.0	73.0
5.6042826E13	2418.0	74.0
5.6042835E13	2418.0	74.0
5.6042847E13	2413.0	75.0
5.6042856E13	2413.0	75.0
5.6042864E13	2413.0	75.0
5.6042877E13	2413.0	76.0
5.6042885E13	2413.0	76.0
5.6042893E13	2413.0	78.0
5.6042906E13	2413.0	78.0
5.6042914E13	2407.0	79.0
5.6042927E13	2407.0	79.0
5.6042935E13	2407.0	79.0
5.6042944E13	2407.0	80.0
5.6042956E13	2403.0	83.0
5.6042965E13	2403.0	82.0
5.6042977E13	2403.0	81.0
5.6042986E13	2403.0	81.0
5.6042994E13	2391.0	81.0
5.6043007E13	2391.0	82.0
5.6043015E13	2391.0	82.0
5.6043023E13	2391.0	82.0
5.6043036E13	2385.0	83.0
5.6043044E13	2385.0	83.0
5.6043057E13	2385.0	82.0
5.6043065E13	2389.0	79.0
5.6043074E13	2389.0	77.0
5.6043086E13	2389.0	76.0
5.6043095E13	2389.0	75.0
5.6043107E13	2396.0	75.0
5.6043116E13	2396.0	75.0
5.6043124E13	2396.0	76.0
5.6043137E13	2396.0	78.0
5.6043145E13	2420.0	79.0
5.6043158E13	2420.0	80.0
5.6043166E13	2420.0	80.0
5.6043174E13	2420.0	81.0
5.6043187E13	2472.0	83.0
5.6043195E13	2472.0	85.0
5.6043204E13	2472.0	87.0
5.6043216E13	2541.0	87.0
5.6043225E13	2541.0	87.0
5.6043237E13	2541.0	86.0
5.6043246E13	2541.0	85.0
5.6043254E13	2614.0	84.0
5.6043267E13	2614.0	85.0
5.6043275E13	2614.0	84.0
5.6043288E13	2614.0	83.0
5.6043296E13	2700.0	82.0
5.6043304E13	2700.0	80.0
5.6043317E13	2700.0	80.0
5.6043325E13	2700.0	79.0
5.6043334E13	3198.0	76.0
5.6043346E13	3198.0	73.0
5.6043355E13	3198.0	70.0
5.6043367E13	3554.0	67.0
5.6043376E13	3554.0	65.0
5.6043384E13	3554.0	64.0
5.6043397E13	3554.0	62.0
5.6043405E13	4062.0	62.0
5.6043418E13	4062.0	62.0
5.6043426E13	4062.0	63.0
5.6043434E13	4062.0	65.0
5.6043447E13	4813.0	67.0
5.6043455E13	4813.0	67.0
5.6043464E13	4813.0	65.0
5.6043476E13	4813.0	63.0
5.6043485E13	6075.0	60.0
5.6043497E13	6075.0	61.0
5.6043506E13	6075.0	65.0
5.6043514E13	6675.0	68.0
5.6043527E13	6675.0	69.0
5.6043535E13	6675.0	67.0
5.6043548E13	6675.0	66.0
5.6043556E13	6754.0	68.0
5.6043564E13	6754.0	70.0
5.6043577E13	6754.0	71.0
5.6043585E13	6754.0	72.0
5.60436E13	5788.0	71.0
5.6043606E13	5788.0	68.0
5.6043615E13	5788.0	66.0
5.6043627E13	5788.0	65.0
5.6043636E13	4816.0	64.0
5.6043644E13	4816.0	66.0
5.6043657E13	4816.0	68.0
5.6043665E13	3853.0	69.0
5.6043678E13	3853.0	70.0
5.6043686E13	3853.0	68.0
5.6043694E13	3853.0	67.0
5.6043707E13	3603.0	69.0
5.6043715E13	3603.0	72.0
5.604373E13	3603.0	75.0
5.6043736E13	3603.0	77.0
5.6043745E13	3255.0	78.0
5.6043757E13	3255.0	77.0
5.6043766E13	3255.0	77.0
5.604378E13	3903.0	76.0
5.6043787E13	2664.0	75.0
5.6043795E13	2664.0	73.0
5.6043808E13	2664.0	71.0
5.6043816E13	2563.0	69.0
5.6043824E13	2563.0	67.0
5.6043837E13	2563.0	65.0
5.6043845E13	2563.0	64.0
5.604386E13	2500.0	63.0
5.6043866E13	2500.0	64.0
5.6043875E13	2500.0	64.0
5.6043887E13	2500.0	64.0
5.6043896E13	2459.0	65.0
5.604391E13	2459.0	65.0
5.6043917E13	2459.0	67.0
5.6043925E13	2442.0	68.0
5.6043938E13	2442.0	69.0
5.6043946E13	2442.0	70.0
5.6043955E13	2443.0	73.0
5.6043967E13	2443.0	74.0
5.6043975E13	2443.0	76.0
5.604399E13	2443.0	77.0
5.6043996E13	2443.0	77.0
5.6044005E13	2447.0	78.0
5.6044017E13	2447.0	79.0
5.6044026E13	2447.0	79.0
5.604404E13	2447.0	78.0
5.6044047E13	2438.0	77.0
5.6044055E13	2438.0	77.0
5.6044068E13	2438.0	78.0
5.6044076E13	2435.0	79.0
5.6044085E13	2435.0	80.0
5.6044097E13	2435.0	80.0
5.6044105E13	2435.0	81.0
5.604412E13	2433.0	82.0
5.6044126E13	2433.0	84.0
5.6044135E13	2433.0	83.0
5.6044147E13	2433.0	82.0
5.6044156E13	2423.0	81.0
5.604417E13	2423.0	81.0
5.6044177E13	2423.0	80.0
5.6044185E13	2423.0	80.0
5.6044198E13	2413.0	79.0
5.6044206E13	2413.0	78.0
5.6044215E13	2413.0	78.0
5.6044227E13	2411.0	77.0
5.6044236E13	2411.0	76.0
5.604425E13	2411.0	76.0
5.6044256E13	2411.0	76.0
5.6044265E13	2419.0	76.0
5.6044277E13	2419.0	76.0
5.6044286E13	2419.0	78.0
5.60443E13	2419.0	79.0
5.6044307E13	2454.0	82.0
5.6044315E13	2454.0	84.0
5.6044328E13	2454.0	86.0
5.6044336E13	2454.0	88.0
5.604435E13	2513.0	90.0
5.6044357E13	2513.0	88.0
5.6044366E13	2513.0	86.0
5.604438E13	2578.0	85.0
5.6044387E13	2578.0	84.0
5.6044395E13	2578.0	84.0
5.6044407E13	2578.0	84.0
5.6044416E13	2638.0	84.0
5.604443E13	2638.0	83.0
5.6044437E13	2638.0	83.0
5.6044445E13	2638.0	81.0
5.6044458E13	2705.0	80.0
5.6044466E13	2705.0	78.0
5.604448E13	2705.0	76.0
5.6044487E13	2705.0	74.0
5.6044496E13	2975.0	72.0
5.604451E13	2975.0	69.0
5.6044517E13	2975.0	67.0
5.6044525E13	3105.0	64.0
5.6044538E13	3105.0	61.0
5.6044546E13	3105.0	59.0
5.604456E13	3105.0	58.0
5.6044567E13	3479.0	58.0
5.6044575E13	3479.0	58.0
5.6044588E13	3479.0	58.0
5.6044596E13	3479.0	60.0
5.604461E13	4001.0	63.0
5.6044617E13	4001.0	63.0
5.6044626E13	4001.0	62.0
5.604464E13	4001.0	61.0
5.6044647E13	4905.0	59.0
5.6044655E13	4905.0	59.0
5.6044668E13	4905.0	62.0
5.6044676E13	5766.0	67.0
5.604469E13	5766.0	71.0
5.6044697E13	5766.0	35.0
5.6044705E13	5766.0	69.0
5.6044718E13	6142.0	70.0
5.6044726E13	6142.0	73.0
5.604474E13	6142.0	74.0
5.6044747E13	5844.0	73.0
5.6044756E13	5844.0	71.0
5.604477E13	5844.0	69.0
5.6044777E13	5844.0	66.0
5.604479E13	5844.0	66.0
5.6044798E13	4395.0	64.0
5.6044806E13	4395.0	64.0
5.604482E13	4395.0	66.0
5.6044827E13	3202.0	67.0
5.6044835E13	3202.0	67.0
5.6044848E13	3202.0	66.0
5.6044856E13	3202.0	66.0
5.604487E13	2924.0	66.0
5.6044877E13	2924.0	72.0
5.6044886E13	2924.0	74.0
5.60449E13	2633.0	76.0
5.6044907E13	2633.0	77.0
5.604492E13	2633.0	77.0
5.6044928E13	2633.0	77.0
5.6044936E13	2633.0	77.0
5.604495E13	2585.0	74.0
5.6044957E13	2585.0	74.0
5.6044965E13	2585.0	71.0
5.604498E13	2525.0	67.0
5.6044986E13	2525.0	66.0
5.6045E13	2525.0	65.0
5.6045007E13	2485.0	64.0
5.6045016E13	2485.0	64.0
5.604503E13	2485.0	64.0
5.6045037E13	2485.0	65.0
5.604505E13	2485.0	67.0
5.6045058E13	2455.0	67.0
5.6045066E13	2455.0	67.0
5.604508E13	2455.0	67.0
5.6045087E13	2455.0	68.0
5.6045095E13	2441.0	69.0
5.604511E13	2441.0	70.0
5.6045116E13	2441.0	72.0
5.604513E13	2439.0	73.0
5.6045137E13	2439.0	74.0
5.6045146E13	2439.0	74.0
5.604516E13	2439.0	75.0
5.6045167E13	2435.0	76.0
5.604518E13	2435.0	77.0
5.6045188E13	2435.0	77.0
5.6045196E13	2435.0	78.0
5.604521E13	2427.0	78.0
5.6045217E13	2427.0	78.0
5.604523E13	2427.0	78.0
5.604524E13	2427.0	79.0
5.6045246E13	2423.0	79.0
5.604526E13	2423.0	81.0
5.6045267E13	2423.0	83.0
5.6045276E13	2419.0	83.0
5.604529E13	2419.0	83.0
5.6045297E13	2419.0	83.0
5.604531E13	2419.0	84.0
5.6045318E13	2412.0	83.0
5.6045326E13	2412.0	83.0
5.604534E13	2412.0	82.0
5.6045347E13	2412.0	81.0
5.604536E13	2409.0	80.0
5.604537E13	2409.0	79.0
5.6045376E13	2409.0	78.0
5.604539E13	2409.0	76.0
5.6045397E13	2412.0	74.0
5.6045406E13	2412.0	74.0
5.604542E13	2412.0	74.0
5.6045427E13	2423.0	75.0
5.604544E13	2423.0	77.0
5.6045448E13	2423.0	78.0
5.6045456E13	2423.0	79.0
5.604547E13	2453.0	81.0
5.6045477E13	2453.0	83.0
5.604549E13	2453.0	84.0
5.60455E13	2453.0	85.0
5.6045506E13	2502.0	85.0
5.604552E13	2502.0	86.0
5.6045527E13	2502.0	85.0
5.604554E13	2502.0	84.0
5.604555E13	2564.0	84.0
5.6045557E13	2564.0	85.0
5.604557E13	2564.0	87.0
5.6045578E13	2631.0	86.0
5.6045586E13	2631.0	86.0
5.60456E13	2631.0	85.0
5.6045607E13	2631.0	84.0
5.604562E13	2799.0	82.0
5.604563E13	2799.0	79.0
5.6045636E13	2799.0	77.0
5.604565E13	2799.0	76.0
5.6045657E13	3505.0	74.0
5.604567E13	3505.0	72.0
5.604568E13	3505.0	70.0
5.6045687E13	3505.0	68.0
5.60457E13	4191.0	67.0
5.6045708E13	4191.0	66.0
5.6045716E13	4191.0	66.0
5.604573E13	4718.0	65.0
5.6045737E13	4718.0	65.0
5.604575E13	4718.0	65.0
5.604576E13	4718.0	65.0
5.6045766E13	5330.0	62.0
5.604578E13	5330.0	60.0
5.6045787E13	5330.0	58.0
5.60458E13	5330.0	57.0
5.604581E13	6435.0	58.0
5.6045817E13	6435.0	62.0
5.604583E13	6435.0	68.0
5.6045838E13	6435.0	70.0
5.604585E13	6878.0	66.0
5.604586E13	6878.0	68.0
5.6045867E13	6878.0	71.0
5.604588E13	7000.0	71.0
5.604589E13	7000.0	70.0
5.6045896E13	7000.0	68.0
5.604591E13	5772.0	64.0
5.6045917E13	5772.0	62.0
5.604593E13	5772.0	62.0
5.604594E13	5772.0	64.0
5.6045947E13	5772.0	64.0
5.604596E13	4362.0	66.0
5.6045968E13	4362.0	68.0
5.604598E13	4362.0	67.0
5.604599E13	4362.0	66.0
5.6045997E13	3518.0	66.0
5.604601E13	3518.0	71.0
5.604602E13	3267.0	73.0
5.6046026E13	3267.0	74.0
5.604604E13	3267.0	74.0
5.6046047E13	3267.0	74.0
5.604606E13	3267.0	74.0
5.604607E13	2619.0	73.0
5.6046077E13	2619.0	70.0
5.604609E13	2619.0	68.0
5.6046098E13	2514.0	67.0
5.604611E13	2514.0	65.0
5.604612E13	2514.0	63.0
5.6046127E13	2514.0	61.0
5.604614E13	2448.0	61.0
5.604615E13	2448.0	61.0
5.6046157E13	2448.0	61.0
5.604617E13	2411.0	61.0
5.6046177E13	2411.0	61.0
5.604619E13	2411.0	62.0
5.60462E13	2411.0	63.0
5.6046207E13	2395.0	65.0
5.604622E13	2395.0	66.0
5.6046228E13	2395.0	68.0
5.604624E13	2395.0	70.0
5.604625E13	2392.0	72.0
5.6046257E13	2392.0	73.0
5.604627E13	2392.0	74.0
5.604628E13	2392.0	74.0
5.6046287E13	2395.0	75.0
5.60463E13	2395.0	76.0
5.6046308E13	2395.0	76.0
5.604632E13	2395.0	76.0
5.604633E13	2393.0	76.0
5.6046337E13	2393.0	76.0
5.604635E13	2393.0	76.0
5.6046358E13	2393.0	76.0
5.604637E13	2387.0	76.0
5.604638E13	2387.0	77.0
5.6046387E13	2387.0	78.0
5.60464E13	2387.0	80.0
5.604641E13	2377.0	82.0
5.6046417E13	2377.0	84.0
5.604643E13	2377.0	82.0
5.6046438E13	2355.0	81.0
5.604645E13	2355.0	80.0
5.604646E13	2355.0	79.0
5.6046467E13	2355.0	78.0
5.604648E13	2340.0	77.0
5.6046488E13	2340.0	76.0
5.60465E13	2340.0	75.0
5.604651E13	2340.0	74.0
5.6046517E13	2331.0	74.0
5.604653E13	2331.0	73.0
5.604654E13	2331.0	73.0
5.6046547E13	2331.0	74.0
5.604656E13	2330.0	74.0
5.6046568E13	2330.0	74.0
5.604658E13	2330.0	76.0
5.604659E13	2348.0	78.0
5.6046597E13	2348.0	80.0
5.604661E13	2348.0	82.0
5.6046618E13	2348.0	83.0
5.604663E13	2382.0	86.0
5.604664E13	2382.0	88.0
5.6046647E13	2382.0	89.0
5.604666E13	2382.0	89.0
5.604667E13	2425.0	88.0
5.604668E13	2425.0	88.0
5.604669E13	2425.0	88.0
5.6046698E13	2425.0	87.0
5.604671E13	2466.0	85.0
5.604672E13	2466.0	84.0
5.6046727E13	2466.0	82.0
5.604674E13	2507.0	81.0
5.604675E13	2507.0	79.0
5.604676E13	2507.0	78.0
5.604677E13	2507.0	77.0
5.6046777E13	2550.0	76.0
5.604679E13	2550.0	74.0
5.60468E13	2550.0	72.0
5.604681E13	2669.0	68.0
5.604682E13	2669.0	67.0
5.6046828E13	2669.0	67.0
5.604684E13	2669.0	65.0
5.604685E13	2923.0	63.0
5.604686E13	2923.0	62.0
5.604687E13	2923.0	63.0
5.604688E13	3563.0	65.0
5.604689E13	3563.0	65.0
5.60469E13	3563.0	64.0
5.6046907E13	3563.0	63.0
5.604692E13	4516.0	60.0
5.604693E13	4516.0	60.0
5.604694E13	4516.0	60.0
5.604695E13	4516.0	62.0
5.6046958E13	4663.0	65.0
5.604697E13	4663.0	68.0
5.604698E13	4663.0	68.0
5.604699E13	4663.0	67.0
5.6047E13	4988.0	68.0
5.604701E13	4988.0	71.0
5.604702E13	4988.0	72.0
5.604703E13	5040.0	72.0
5.6047037E13	4034.0	68.0
5.604705E13	4034.0	68.0
5.604706E13	4034.0	68.0
5.604707E13	4034.0	68.0
5.604708E13	4034.0	65.0
5.6047088E13	4034.0	64.0
5.60471E13	4034.0	64.0
5.604711E13	3356.0	66.0
5.604712E13	3356.0	69.0
5.604713E13	3356.0	71.0
5.604714E13	3356.0	71.0
5.604715E13	3030.0	71.0
5.604716E13	3030.0	73.0
5.604717E13	3030.0	75.0
5.604718E13	2649.0	76.0
5.604719E13	2649.0	77.0
5.60472E13	2649.0	77.0
5.604721E13	2649.0	77.0
5.6047218E13	2475.0	76.0
5.604723E13	2475.0	76.0
5.604724E13	2475.0	75.0
5.604725E13	2475.0	73.0
5.604726E13	2397.0	70.0
5.604727E13	2397.0	68.0
5.604728E13	2397.0	67.0
5.604729E13	2397.0	65.0
5.6047297E13	2342.0	64.0
5.604731E13	2342.0	63.0
5.604732E13	2342.0	63.0
5.604733E13	2342.0	64.0
5.604734E13	2309.0	65.0
5.6047348E13	2309.0	66.0
5.604736E13	2309.0	67.0
5.604737E13	2309.0	67.0
5.604738E13	2293.0	68.0
5.604739E13	2293.0	69.0
5.60474E13	2293.0	69.0
5.604741E13	2293.0	69.0
5.604742E13	2283.0	70.0
5.6047427E13	2283.0	71.0
5.604744E13	2283.0	72.0
5.604745E13	2283.0	73.0
5.604746E13	2278.0	74.0
5.604747E13	2278.0	76.0
5.6047478E13	2278.0	76.0
5.604749E13	2276.0	77.0
5.60475E13	2276.0	76.0
5.604751E13	2276.0	76.0
5.604752E13	2276.0	77.0
5.604753E13	2277.0	79.0
5.604754E13	2277.0	81.0
5.604755E13	2277.0	83.0
5.604756E13	2277.0	83.0
5.604757E13	2276.0	83.0
5.604758E13	2276.0	83.0
5.604759E13	2276.0	81.0
5.60476E13	2276.0	78.0
5.6047608E13	2261.0	76.0
5.604762E13	2261.0	76.0
5.604763E13	2261.0	75.0
5.604764E13	2253.0	74.0
5.604765E13	2253.0	73.0
5.604766E13	2253.0	74.0
5.604767E13	2253.0	75.0
5.604768E13	2255.0	76.0
5.604769E13	2255.0	77.0
5.60477E13	2255.0	78.0
5.604771E13	2255.0	79.0
5.604772E13	2264.0	80.0
5.604773E13	2264.0	81.0
5.604774E13	2264.0	82.0
5.604775E13	2264.0	83.0
5.604776E13	2283.0	83.0
5.604777E13	2283.0	61.0
5.604778E13	2283.0	85.0
5.604779E13	2311.0	87.0
5.60478E13	2311.0	88.0
5.604781E13	2311.0	89.0
5.604782E13	2311.0	89.0
5.604783E13	2340.0	89.0
5.604784E13	2340.0	89.0
5.604785E13	2340.0	87.0
5.604786E13	2340.0	86.0
5.604787E13	2367.0	84.0
5.604788E13	2367.0	83.0
5.604789E13	2367.0	82.0
5.60479E13	2367.0	81.0
5.604791E13	2401.0	79.0
5.6047922E13	2401.0	78.0
5.604793E13	2401.0	76.0
5.604794E13	2442.0	75.0
5.604795E13	2442.0	73.0
5.604796E13	2442.0	73.0
5.604797E13	2442.0	71.0
5.604798E13	2695.0	69.0
5.604799E13	2695.0	68.0
5.6048E13	2695.0	65.0
5.604801E13	3184.0	64.0
5.604802E13	3184.0	63.0
5.604803E13	3184.0	63.0
5.604804E13	3184.0	63.0
5.604805E13	3184.0	64.0
5.604806E13	3863.0	65.0
5.604807E13	3863.0	64.0
5.604808E13	3863.0	63.0
5.604809E13	4693.0	62.0
5.60481E13	4693.0	60.0
5.604811E13	4693.0	59.0
5.604812E13	4693.0	59.0
5.604813E13	5720.0	62.0
5.604814E13	5720.0	66.0
5.604815E13	5720.0	68.0
5.604816E13	5720.0	68.0
5.604817E13	6563.0	68.0
5.6048182E13	6563.0	68.0
5.604819E13	6563.0	71.0
5.60482E13	6563.0	72.0
5.604821E13	6133.0	73.0
5.604822E13	6133.0	72.0
5.604823E13	6133.0	69.0
5.604824E13	4625.0	66.0
5.604825E13	4625.0	65.0
5.604826E13	4625.0	64.0
5.604827E13	4625.0	66.0
5.604828E13	3548.0	68.0
5.604829E13	3548.0	69.0
5.604832E13	3107.0	69.0
5.604833E13	3107.0	71.0
5.604834E13	3107.0	73.0
5.604835E13	3107.0	75.0
5.604836E13	2733.0	76.0
5.604837E13	2733.0	76.0
5.604838E13	2733.0	76.0
5.604839E13	2364.0	75.0
5.60484E13	2364.0	73.0
5.604841E13	2364.0	71.0
5.604842E13	2364.0	68.0
5.604843E13	2274.0	66.0
5.6048442E13	2274.0	64.0
5.604845E13	2274.0	63.0
5.604846E13	2274.0	62.0
5.604847E13	2220.0	62.0
5.604848E13	2220.0	62.0
5.6048493E13	2220.0	63.0
5.60485E13	2191.0	64.0
5.604851E13	2191.0	66.0
5.6048522E13	2191.0	68.0
5.604853E13	2191.0	68.0
5.604854E13	2179.0	69.0
5.604855E13	2179.0	71.0
5.604856E13	2179.0	72.0
5.6048572E13	2179.0	73.0
5.604858E13	2174.0	73.0
5.604859E13	2174.0	73.0
5.60486E13	2174.0	73.0
5.604861E13	2174.0	74.0
5.6048623E13	2169.0	75.0
5.604863E13	2169.0	76.0
5.604864E13	2169.0	76.0
5.6048652E13	2162.0	76.0
5.604866E13	2162.0	77.0
5.604867E13	2162.0	77.0
5.604868E13	2162.0	78.0
5.604869E13	2157.0	79.0
5.6048702E13	2157.0	80.0
5.604871E13	2157.0	81.0
5.604872E13	2157.0	81.0
5.604873E13	2150.0	83.0
5.604874E13	2150.0	84.0
5.6048753E13	2150.0	83.0
5.604876E13	2150.0	81.0
5.604877E13	2139.0	81.0
5.6048782E13	2139.0	81.0
5.604879E13	2139.0	81.0
5.60488E13	2128.0	80.0
5.604881E13	2128.0	79.0
5.604882E13	2128.0	78.0
5.6048832E13	2128.0	78.0
5.604884E13	2124.0	77.0
5.604885E13	2124.0	77.0
5.604886E13	2124.0	77.0
5.604887E13	2124.0	77.0
5.6048883E13	2128.0	78.0
5.604889E13	2128.0	78.0
5.60489E13	2128.0	80.0
5.6048912E13	2128.0	81.0
5.604892E13	2151.0	83.0
5.6048933E13	2151.0	85.0
5.604894E13	2184.0	87.0
5.604895E13	2184.0	88.0
5.6048963E13	2184.0	89.0
5.604897E13	2184.0	89.0
5.604898E13	2184.0	89.0
5.604899E13	2230.0	88.0
5.6049E13	2230.0	88.0
5.6049013E13	2230.0	86.0
5.604902E13	2230.0	86.0
5.604903E13	2284.0	82.0
5.6049042E13	2284.0	39.0
5.604905E13	2284.0	80.0
5.6049063E13	2355.0	80.0
5.604907E13	2355.0	79.0
5.604908E13	2355.0	79.0
5.6049093E13	2355.0	78.0
5.60491E13	2697.0	77.0
5.604911E13	2697.0	76.0
5.604912E13	2697.0	74.0
5.604913E13	2697.0	71.0
5.6049143E13	3579.0	68.0
5.604915E13	3579.0	66.0
5.604916E13	3579.0	64.0
5.6049172E13	3579.0	63.0
5.604918E13	4022.0	63.0
5.6049193E13	4022.0	62.0
5.60492E13	4022.0	62.0
5.604921E13	4022.0	63.0
5.6049223E13	4704.0	64.0
5.604923E13	4704.0	64.0
5.604924E13	4704.0	62.0
5.604925E13	5761.0	60.0
5.604926E13	5761.0	59.0
5.6049273E13	5761.0	60.0
5.604928E13	5761.0	63.0
5.604929E13	6672.0	68.0
5.6049302E13	6672.0	69.0
5.604931E13	6672.0	68.0
5.6049323E13	6672.0	68.0
5.604933E13	6983.0	69.0
5.604934E13	6983.0	69.0
5.6049353E13	6983.0	70.0
5.604936E13	6983.0	69.0
5.6049374E13	5932.0	69.0
5.604938E13	5932.0	68.0
5.604939E13	5932.0	66.0
5.6049403E13	4243.0	64.0
5.604941E13	4243.0	64.0
5.604942E13	4243.0	66.0
5.6049432E13	4243.0	68.0
5.604944E13	3325.0	69.0
5.6049453E13	3325.0	69.0
5.604946E13	3325.0	68.0
5.604947E13	3325.0	68.0
5.6049483E13	3285.0	71.0
5.604949E13	3285.0	74.0
5.6049504E13	3285.0	76.0
5.604951E13	3285.0	78.0
5.604952E13	2882.0	79.0
5.6049533E13	2882.0	79.0
5.604954E13	2882.0	79.0
5.604955E13	2345.0	78.0
5.6049562E13	2345.0	75.0
5.604957E13	2345.0	73.0
5.6049583E13	2345.0	69.0
5.604959E13	2243.0	66.0
5.60496E13	2243.0	64.0
5.6049613E13	2243.0	62.0
5.604962E13	2243.0	61.0
5.6049634E13	2180.0	61.0
5.604964E13	2180.0	61.0
5.604965E13	2180.0	61.0
5.6049663E13	2180.0	62.0
5.604967E13	2148.0	63.0
5.6049684E13	2148.0	65.0
5.6049692E13	2148.0	66.0
5.60497E13	2139.0	66.0
5.6049713E13	2139.0	67.0
5.604972E13	2139.0	70.0
5.604973E13	2139.0	72.0
5.6049743E13	2146.0	74.0
5.604975E13	2146.0	76.0
5.6049764E13	2146.0	77.0
5.604977E13	2146.0	78.0
5.604978E13	2143.0	78.0
5.6049793E13	2143.0	77.0
5.60498E13	2143.0	76.0
5.6049814E13	2143.0	75.0
5.6049822E13	2135.0	75.0
5.604983E13	2135.0	76.0
5.6049843E13	2135.0	77.0
5.604985E13	2129.0	78.0
5.604986E13	2129.0	80.0
5.6049873E13	2129.0	81.0
5.604988E13	2129.0	83.0
5.6049894E13	2127.0	83.0
5.60499E13	2127.0	83.0
5.604991E13	2127.0	83.0
5.6049923E13	2127.0	84.0
5.604993E13	2124.0	84.0
5.6049944E13	2124.0	82.0
5.6049952E13	2124.0	79.0
5.604996E13	2117.0	79.0
5.6049973E13	2117.0	77.0
5.604998E13	2117.0	77.0
5.6049994E13	2117.0	76.0
5.6050003E13	2113.0	76.0
5.605001E13	2113.0	77.0
5.6050024E13	2113.0	77.0
5.605003E13	2113.0	78.0
5.605004E13	2124.0	78.0
5.6050053E13	2124.0	81.0
5.605006E13	2124.0	82.0
5.6050074E13	2157.0	83.0
5.6050082E13	2157.0	83.0
5.605009E13	2157.0	84.0
5.6050103E13	2157.0	85.0
5.605011E13	2157.0	86.0
5.6050124E13	2215.0	62.0
5.6050133E13	2215.0	89.0
5.605014E13	2215.0	88.0
5.6050154E13	2283.0	87.0
5.605016E13	2283.0	87.0
5.605017E13	2283.0	86.0
5.6050183E13	2283.0	86.0
5.605019E13	2364.0	85.0
5.6050204E13	2364.0	84.0
5.6050212E13	2364.0	82.0
5.605022E13	2364.0	81.0
5.6050233E13	2553.0	79.0
5.605024E13	2553.0	77.0
5.6050254E13	2553.0	75.0
5.6050263E13	2553.0	74.0
5.605027E13	3392.0	71.0
5.6050284E13	3392.0	69.0
5.605029E13	3392.0	67.0
5.60503E13	3764.0	65.0
5.6050313E13	3764.0	63.0
5.605032E13	3764.0	61.0
5.6050334E13	3764.0	61.0
5.6050342E13	4334.0	61.0
5.605035E13	4334.0	63.0
5.6050363E13	4334.0	64.0
5.605037E13	4334.0	64.0
5.6050384E13	4917.0	63.0
5.6050393E13	4917.0	62.0
5.60504E13	4917.0	60.0
5.6050414E13	4917.0	59.0
5.6050422E13	5980.0	59.0
5.605043E13	5980.0	61.0
5.6050443E13	5980.0	65.0
5.605045E13	6705.0	70.0
5.6050464E13	6705.0	70.0
5.6050472E13	6705.0	68.0
5.605048E13	6705.0	67.0
5.6050493E13	6848.0	68.0
5.60505E13	6848.0	69.0
5.6050514E13	6848.0	70.0
5.6050523E13	6848.0	70.0
5.605053E13	6200.0	68.0
5.6050544E13	6200.0	66.0
5.6050552E13	6200.0	65.0
5.6050565E13	6200.0	65.0
5.6050573E13	4602.0	66.0
5.605058E13	4602.0	66.0
5.6050594E13	4602.0	67.0
5.6050602E13	3684.0	68.0
5.605061E13	3684.0	67.0
5.6050623E13	3684.0	67.0
5.605063E13	3684.0	69.0
5.6050644E13	3407.0	72.0
5.6050653E13	3407.0	75.0
5.605066E13	3407.0	76.0
5.6050674E13	3407.0	77.0
5.6050682E13	2764.0	77.0
5.6050695E13	2764.0	77.0
5.6050703E13	2764.0	76.0
5.605071E13	3588.0	75.0
5.6050724E13	2402.0	73.0
5.6050732E13	2402.0	71.0
5.605074E13	2402.0	69.0
5.6050753E13	2321.0	67.0
5.605076E13	2321.0	65.0
5.6050774E13	2321.0	64.0
5.6050783E13	2321.0	64.0
5.605079E13	2265.0	63.0
5.6050804E13	2265.0	62.0
5.6050812E13	2265.0	62.0
5.6050825E13	2265.0	61.0
5.6050833E13	2230.0	62.0
5.605084E13	2230.0	63.0
5.6050854E13	2230.0	65.0
5.6050863E13	2221.0	67.0
5.605087E13	2221.0	69.0
5.6050883E13	2221.0	70.0
5.605089E13	2221.0	72.0
5.6050904E13	2224.0	74.0
5.6050913E13	2224.0	75.0
5.605092E13	2224.0	76.0
5.6050934E13	2224.0	77.0
5.6050942E13	2225.0	77.0
5.6050955E13	2225.0	78.0
5.6050963E13	2225.0	79.0
5.605097E13	2218.0	78.0
5.6050984E13	2218.0	77.0
5.6050993E13	2218.0	77.0
5.6051005E13	2218.0	77.0
5.6051014E13	2211.0	77.0
5.605102E13	2211.0	77.0
5.6051034E13	2211.0	79.0
5.6051043E13	2212.0	82.0
5.605105E13	2212.0	82.0
5.6051064E13	2212.0	82.0
5.6051072E13	2212.0	82.0
5.6051085E13	2209.0	81.0
5.6051093E13	2209.0	79.0
5.60511E13	2209.0	79.0
5.6051114E13	2209.0	76.0
5.6051123E13	2209.0	75.0
5.6051135E13	2204.0	74.0
5.6051144E13	2204.0	74.0
5.605115E13	2204.0	74.0
5.6051165E13	2209.0	75.0
5.6051173E13	2209.0	76.0
5.605118E13	2209.0	77.0
5.6051194E13	2209.0	78.0
5.6051202E13	2232.0	79.0
5.6051215E13	2232.0	81.0
5.6051223E13	2232.0	82.0
5.605123E13	2232.0	84.0
5.6051244E13	2288.0	85.0
5.6051253E13	2288.0	86.0
5.6051265E13	2288.0	87.0
5.6051274E13	2288.0	87.0
5.605128E13	2356.0	87.0
5.6051295E13	2356.0	87.0
5.6051303E13	2356.0	86.0
5.605131E13	2419.0	86.0
5.6051324E13	2419.0	86.0
5.6051332E13	2419.0	83.0
5.6051345E13	2419.0	83.0
5.6051353E13	2476.0	82.0
5.605136E13	2476.0	81.0
5.6051374E13	2476.0	81.0
5.6051383E13	2476.0	80.0
5.6051395E13	2542.0	78.0
5.6051404E13	2542.0	77.0
5.605141E13	2542.0	75.0
5.6051425E13	2542.0	73.0
5.6051433E13	3072.0	72.0
5.6051446E13	3072.0	70.0
5.6051454E13	3072.0	68.0
5.6051462E13	3239.0	66.0
5.6051475E13	3239.0	64.0
5.6051483E13	3239.0	63.0
5.605149E13	3239.0	62.0
5.6051504E13	3499.0	61.0
5.6051513E13	3499.0	61.0
5.6051525E13	3499.0	62.0
5.6051534E13	3499.0	64.0
5.605154E13	3880.0	63.0
5.6051555E13	3880.0	61.0
5.6051563E13	3880.0	59.0
5.6051576E13	3880.0	58.0
5.6051584E13	4490.0	60.0
5.6051592E13	4490.0	64.0
5.6051605E13	4490.0	67.0
5.6051613E13	4777.0	67.0
5.605162E13	4777.0	66.0
5.6051634E13	4777.0	67.0
5.6051643E13	4777.0	68.0
5.6051655E13	4827.0	69.0
5.6051664E13	4827.0	70.0
5.605167E13	4827.0	70.0
5.6051685E13	4827.0	69.0
5.6051693E13	4572.0	67.0
5.6051706E13	4572.0	65.0
5.6051714E13	4572.0	63.0
5.6051722E13	4572.0	64.0
5.6051735E13	3794.0	67.0
5.6051743E13	3794.0	69.0
5.6051756E13	3794.0	69.0
5.6051764E13	3587.0	68.0
5.6051773E13	3587.0	67.0
5.6051785E13	3587.0	68.0
5.6051794E13	3587.0	70.0
5.60518E13	3516.0	74.0
5.6051815E13	3516.0	78.0
5.6051823E13	3516.0	80.0
5.6051836E13	3516.0	80.0
5.6051844E13	2945.0	81.0
5.6051852E13	2945.0	80.0
5.6051865E13	2945.0	78.0
5.6051873E13	2477.0	76.0
5.6051886E13	2477.0	73.0
5.6051894E13	2477.0	70.0
5.6051903E13	2384.0	67.0
5.6051915E13	2384.0	64.0
5.6051924E13	2384.0	62.0
5.605193E13	2384.0	61.0
5.6051945E13	2323.0	60.0
5.6051953E13	2323.0	59.0
5.6051966E13	2323.0	60.0
5.6051974E13	2323.0	60.0
5.6051982E13	2293.0	61.0
5.6051995E13	2293.0	62.0
5.6052003E13	2293.0	65.0
5.6052016E13	2293.0	67.0
5.6052024E13	2291.0	69.0
5.6052033E13	2291.0	71.0
5.6052045E13	2291.0	74.0
5.6052054E13	2305.0	76.0
5.6052066E13	2305.0	77.0
5.6052075E13	2305.0	78.0
5.6052083E13	2305.0	78.0
5.6052096E13	2313.0	78.0
5.6052104E13	2313.0	78.0
5.6052112E13	2313.0	55.0
5.6052125E13	2313.0	78.0
5.6052133E13	2307.0	79.0
5.6052146E13	2307.0	80.0
5.6052154E13	2307.0	81.0
5.6052163E13	2307.0	82.0
5.6052175E13	2299.0	83.0
5.6052184E13	2299.0	82.0
5.6052196E13	2299.0	81.0
5.6052205E13	2282.0	80.0
5.6052213E13	2282.0	80.0
5.6052226E13	2282.0	80.0
5.6052234E13	2282.0	80.0
5.6052247E13	2282.0	80.0
5.6052255E13	2272.0	80.0
5.6052263E13	2272.0	81.0
5.6052276E13	2272.0	80.0
5.6052284E13	2272.0	79.0
5.6052293E13	2274.0	78.0
5.6052305E13	2274.0	77.0
5.6052314E13	2274.0	76.0
5.6052322E13	2274.0	76.0
5.6052335E13	2284.0	77.0
5.6052343E13	2284.0	77.0
5.6052356E13	2284.0	78.0
5.6052364E13	2314.0	80.0
5.6052372E13	2314.0	82.0
5.6052385E13	2314.0	84.0
5.6052393E13	2314.0	86.0
5.6052406E13	2364.0	87.0
5.6052414E13	2364.0	89.0
5.6052423E13	2364.0	89.0
5.6052435E13	2364.0	88.0
5.6052444E13	2424.0	87.0
5.6052452E13	2424.0	85.0
5.6052465E13	2424.0	85.0
5.6052473E13	2424.0	86.0
5.6052486E13	2494.0	86.0
5.6052494E13	2494.0	87.0
5.6052502E13	2494.0	87.0
5.6052515E13	2573.0	87.0
5.6052523E13	2573.0	85.0
5.6052536E13	2573.0	84.0
5.6052544E13	2573.0	82.0
5.6052553E13	3106.0	79.0
5.6052565E13	3106.0	77.0
5.6052574E13	3106.0	74.0
5.6052586E13	3106.0	71.0
5.6052595E13	3695.0	69.0
5.6052603E13	3695.0	65.0
5.6052616E13	3695.0	61.0
5.6052624E13	3695.0	60.0
5.6052633E13	3851.0	60.0
5.6052645E13	3851.0	59.0
5.6052653E13	3851.0	59.0
5.6052666E13	4447.0	60.0
5.6052674E13	4447.0	62.0
5.6052683E13	4447.0	62.0
5.6052695E13	4447.0	62.0
5.6052704E13	4863.0	61.0
5.6052716E13	4863.0	59.0
5.6052725E13	4863.0	58.0
5.6052733E13	4863.0	59.0
5.6052746E13	6033.0	63.0
5.6052754E13	6033.0	68.0
5.6052763E13	6033.0	69.0
5.6052775E13	6033.0	67.0
5.6052784E13	6870.0	66.0
5.6052796E13	6870.0	69.0
5.6052804E13	6870.0	73.0
5.6052825E13	6340.0	74.0
5.6052834E13	6340.0	72.0
5.6052846E13	6340.0	69.0
5.6052855E13	5209.0	67.0
5.6052863E13	5209.0	66.0
5.6052876E13	5209.0	67.0
5.6052884E13	5209.0	68.0
5.6052897E13	3929.0	66.0
5.6052905E13	3929.0	66.0
5.6052914E13	3929.0	67.0
5.6052926E13	3929.0	69.0
5.6052935E13	3554.0	72.0
5.6052943E13	3554.0	74.0
5.6052955E13	3554.0	76.0
5.6052964E13	3342.0	78.0
5.6052976E13	3342.0	79.0
5.6052985E13	3342.0	78.0
5.6052993E13	3342.0	77.0
5.6053006E13	2649.0	76.0
5.6053014E13	2649.0	71.0
5.6053027E13	2649.0	68.0
5.6053035E13	2649.0	68.0
5.6053044E13	2441.0	66.0
5.6053056E13	2441.0	64.0
5.6053065E13	2598.0	64.0
5.6053073E13	2598.0	64.0
5.6053086E13	2389.0	64.0
5.6053094E13	2389.0	64.0
5.6053106E13	2389.0	65.0
5.6053115E13	2362.0	65.0
5.6053123E13	2362.0	67.0
5.6053136E13	2362.0	68.0
5.6053144E13	2362.0	69.0
5.6053157E13	2345.0	70.0
5.6053165E13	2345.0	71.0
5.6053174E13	2345.0	72.0
5.6053186E13	2345.0	73.0
5.6053195E13	2343.0	72.0
5.6053203E13	2343.0	73.0
5.6053216E13	2343.0	74.0
5.6053224E13	2335.0	74.0
5.6053236E13	2335.0	74.0
5.6053245E13	2335.0	74.0
5.6053253E13	2335.0	75.0
5.6053266E13	2329.0	75.0
5.6053274E13	2329.0	75.0
5.6053287E13	2329.0	75.0
5.6053295E13	2329.0	75.0
5.6053304E13	2324.0	77.0
5.6053316E13	2324.0	78.0
5.6053325E13	2324.0	81.0
5.6053337E13	2324.0	83.0
5.6053346E13	2320.0	84.0
5.6053354E13	2320.0	83.0
5.6053367E13	2320.0	82.0
5.6053375E13	2303.0	82.0
5.6053387E13	2303.0	82.0
5.6053396E13	2303.0	81.0
5.6053404E13	2303.0	79.0
5.6053417E13	2288.0	78.0
5.6053425E13	2288.0	77.0
5.6053434E13	2288.0	76.0
5.6053446E13	2288.0	75.0
5.6053455E13	2284.0	74.0
5.6053467E13	2284.0	74.0
5.6053476E13	2284.0	73.0
5.6053484E13	2284.0	74.0
5.6053497E13	2290.0	75.0
5.6053505E13	2290.0	76.0
5.6053518E13	2290.0	78.0
5.6053526E13	2323.0	79.0
5.6053534E13	2323.0	81.0
5.6053547E13	2323.0	82.0
5.6053555E13	2323.0	84.0
5.6053564E13	2380.0	85.0
5.6053576E13	2380.0	86.0
5.6053585E13	2380.0	87.0
5.6053597E13	2380.0	88.0
5.6053606E13	2445.0	87.0
5.6053614E13	2445.0	87.0
5.6053627E13	2445.0	86.0
5.6053635E13	2445.0	84.0
5.6053648E13	2508.0	81.0
5.6053656E13	2508.0	79.0
5.6053664E13	2508.0	77.0
5.6053677E13	2585.0	78.0
5.6053685E13	2585.0	78.0
5.6053694E13	2585.0	78.0
5.6053706E13	2585.0	77.0
5.6053715E13	3134.0	74.0
5.6053727E13	3134.0	72.0
5.6053736E13	3134.0	70.0
5.6053744E13	3134.0	68.0
5.6053757E13	3775.0	66.0
5.6053765E13	3775.0	66.0
5.6053778E13	3775.0	66.0
5.6053786E13	3775.0	66.0
5.6053794E13	4604.0	67.0
5.6053807E13	4604.0	68.0
5.6053815E13	4604.0	68.0
5.6053828E13	6234.0	69.0
5.6053836E13	6234.0	67.0
5.6053845E13	6234.0	65.0
5.6053857E13	6234.0	63.0
5.6053866E13	7167.0	63.0
5.6053874E13	7167.0	63.0
5.6053887E13	7167.0	65.0
5.6053895E13	7167.0	70.0
5.6053908E13	7441.0	71.0
5.6053916E13	7441.0	69.0
5.6053924E13	7441.0	67.0
5.6053937E13	7441.0	68.0
5.6053945E13	6727.0	71.0
5.605396E13	6727.0	72.0
5.6053966E13	6727.0	71.0
5.6053975E13	6312.0	69.0
5.6053987E13	6312.0	67.0
5.6053996E13	6312.0	66.0
5.6054004E13	6312.0	66.0
5.6054017E13	4378.0	65.0
5.6054025E13	4378.0	67.0
5.6054038E13	4378.0	67.0
5.6054046E13	4378.0	67.0
5.6054054E13	3665.0	68.0
5.6054067E13	3665.0	71.0
5.6054075E13	3665.0	29.0
5.605409E13	3447.0	75.0
5.6054096E13	3447.0	76.0
5.6054105E13	3447.0	76.0
5.6054117E13	3070.0	76.0
5.6054126E13	3070.0	76.0
5.6054134E13	3070.0	75.0
5.6054147E13	3070.0	75.0
5.6054155E13	3070.0	74.0
5.6054168E13	2527.0	73.0
5.6054176E13	2527.0	72.0
5.6054184E13	2527.0	70.0
5.6054197E13	2527.0	68.0
5.6054205E13	2430.0	67.0
5.605422E13	2430.0	66.0
5.6054226E13	2430.0	65.0
5.6054235E13	2430.0	65.0
5.6054247E13	2372.0	65.0
5.6054256E13	2372.0	65.0
5.605427E13	2372.0	65.0
5.6054277E13	2340.0	66.0
5.6054285E13	2340.0	67.0
5.6054298E13	2340.0	69.0
5.6054306E13	2340.0	70.0
5.6054314E13	2318.0	70.0
5.6054327E13	2318.0	70.0
5.6054335E13	2318.0	70.0
5.605435E13	2318.0	71.0
5.6054356E13	2303.0	70.0
5.6054365E13	2303.0	70.0
5.6054377E13	2303.0	70.0
5.6054386E13	2303.0	71.0
5.60544E13	2291.0	71.0
5.6054407E13	2291.0	73.0
5.6054415E13	2291.0	73.0
5.6054428E13	2285.0	74.0
5.6054436E13	2285.0	74.0
5.6054444E13	2285.0	75.0
5.6054457E13	2285.0	77.0
5.6054465E13	2281.0	78.0
5.605448E13	2281.0	81.0
5.6054486E13	2281.0	83.0
5.6054495E13	2281.0	81.0
5.6054507E13	2269.0	79.0
5.6054516E13	2269.0	79.0
5.605453E13	2269.0	79.0
5.6054537E13	2269.0	79.0
5.6054545E13	2251.0	78.0
5.6054558E13	2251.0	76.0
5.6054566E13	2251.0	75.0
5.6054574E13	2248.0	75.0
5.6054587E13	2248.0	75.0
5.6054595E13	2248.0	75.0
5.605461E13	2248.0	75.0
5.6054616E13	2259.0	76.0
5.6054625E13	2259.0	77.0
5.6054637E13	2259.0	78.0
5.6054646E13	2259.0	80.0
5.605466E13	2292.0	82.0
5.6054667E13	2292.0	85.0
5.6054675E13	2292.0	86.0
5.6054688E13	2292.0	87.0
5.6054696E13	2339.0	87.0
5.605471E13	2339.0	88.0
5.6054717E13	2339.0	88.0
5.6054725E13	2394.0	88.0
5.605474E13	2394.0	89.0
5.6054746E13	2394.0	89.0
5.6054755E13	2394.0	88.0
5.6054767E13	2435.0	88.0
5.6054776E13	2435.0	89.0
5.605479E13	2435.0	87.0
5.6054797E13	2435.0	83.0
5.6054805E13	2469.0	80.0
5.6054818E13	2469.0	77.0
5.6054826E13	2469.0	75.0
5.605484E13	2469.0	74.0
5.6054847E13	2506.0	73.0
5.6054855E13	2506.0	72.0
5.605487E13	2506.0	70.0
5.6054876E13	2787.0	69.0
5.6054885E13	2787.0	69.0
5.6054897E13	2787.0	68.0
5.6054906E13	2787.0	67.0
5.605492E13	3085.0	65.0
5.6054927E13	3085.0	65.0
5.6054935E13	3085.0	65.0
5.6054948E13	3085.0	66.0
5.6054956E13	3425.0	67.0
5.605497E13	3425.0	67.0
5.6054977E13	3425.0	67.0
5.6054986E13	3425.0	66.0
5.6055E13	4206.0	63.0
5.6055006E13	4206.0	63.0
5.605502E13	4942.0	65.0
5.6055027E13	4942.0	65.0
5.6055036E13	4942.0	73.0
5.605505E13	4942.0	73.0
5.6055057E13	4942.0	71.0
5.6055065E13	5827.0	70.0
5.6055078E13	5827.0	72.0
5.6055086E13	5827.0	75.0
5.60551E13	5437.0	75.0
5.6055107E13	5437.0	73.0
5.6055116E13	5437.0	70.0
5.605513E13	5437.0	67.0
5.6055137E13	5437.0	67.0
5.605515E13	4130.0	65.0
5.6055157E13	4130.0	63.0
5.6055166E13	4130.0	63.0
5.605518E13	3322.0	66.0
5.6055187E13	3322.0	70.0
5.6055195E13	3322.0	72.0
5.6055208E13	3322.0	71.0
5.6055216E13	2787.0	69.0
5.605523E13	2787.0	69.0
5.6055237E13	2787.0	70.0
5.6055246E13	2787.0	73.0
5.605526E13	2449.0	75.0
5.6055267E13	2449.0	75.0
5.605528E13	2449.0	74.0
5.6055288E13	2879.0	73.0
5.6055296E13	2390.0	71.0
5.605531E13	2390.0	70.0
5.6055317E13	2390.0	68.0
5.6055325E13	2336.0	67.0
5.6055338E13	2336.0	66.0
5.6055346E13	2336.0	65.0
5.605536E13	2336.0	65.0
5.6055367E13	2306.0	65.0
5.6055376E13	2306.0	66.0
5.605539E13	2306.0	66.0
5.6055397E13	2306.0	67.0
5.605541E13	2289.0	69.0
5.6055418E13	2289.0	69.0
5.6055426E13	2289.0	70.0
5.605544E13	2282.0	71.0
5.6055447E13	2282.0	72.0
5.605546E13	2282.0	72.0
5.6055468E13	2282.0	72.0
5.6055476E13	2278.0	73.0
5.605549E13	2278.0	73.0
5.6055497E13	2278.0	74.0
5.6055506E13	2278.0	74.0
5.605552E13	2272.0	74.0
5.6055527E13	2272.0	74.0
5.605554E13	2272.0	74.0
5.6055548E13	2272.0	74.0
5.6055556E13	2263.0	75.0
5.605557E13	2263.0	75.0
5.6055577E13	2263.0	77.0
5.605559E13	2263.0	78.0
5.6055598E13	2263.0	79.0
5.6055606E13	2263.0	80.0
5.605562E13	2263.0	83.0
5.6055627E13	2263.0	85.0
5.6055636E13	2263.0	83.0
5.605565E13	2263.0	82.0
5.6055657E13	2263.0	82.0
5.605567E13	2257.0	82.0
5.6055678E13	2257.0	81.0
5.6055686E13	2257.0	79.0
5.60557E13	2257.0	77.0
5.6055707E13	2250.0	76.0
5.605572E13	2250.0	76.0
5.605573E13	2250.0	75.0
5.6055736E13	2248.0	75.0
5.605575E13	2248.0	75.0
5.6055757E13	2248.0	75.0
5.6055766E13	2248.0	75.0
5.605578E13	2261.0	76.0
5.6055787E13	2261.0	77.0
5.60558E13	2261.0	79.0
5.6055808E13	2261.0	81.0
5.6055816E13	2293.0	83.0
5.605583E13	2293.0	84.0
5.6055837E13	2293.0	85.0
5.605585E13	2293.0	86.0
5.605586E13	2349.0	87.0
5.6055866E13	2349.0	88.0
5.605588E13	2349.0	87.0
5.6055887E13	2406.0	86.0
5.60559E13	2406.0	85.0
5.605591E13	2406.0	84.0
5.6055917E13	2406.0	84.0
5.605593E13	2474.0	85.0
5.6055938E13	2474.0	87.0
5.6055946E13	2474.0	87.0
5.605596E13	2474.0	86.0
5.6055967E13	2548.0	84.0
5.605598E13	2548.0	81.0
5.605599E13	2548.0	78.0
5.6055996E13	2548.0	75.0
5.605601E13	3073.0	70.0
5.6056017E13	3073.0	67.0
5.605603E13	3073.0	67.0
5.605604E13	3405.0	61.0
5.6056047E13	3405.0	61.0
5.605606E13	3405.0	61.0
5.6056068E13	3405.0	61.0
5.6056076E13	3626.0	62.0
5.605609E13	3626.0	63.0
5.6056097E13	3626.0	63.0
5.605611E13	4522.0	62.0
5.605612E13	4522.0	60.0
5.6056126E13	4522.0	60.0
5.605614E13	4522.0	61.0
5.6056147E13	4522.0	61.0
5.605616E13	6419.0	63.0
5.605617E13	6419.0	70.0
5.6056177E13	6908.0	73.0
5.605619E13	6908.0	72.0
5.6056198E13	6908.0	69.0
5.605621E13	6908.0	70.0
5.605622E13	8040.0	74.0
5.6056227E13	8040.0	77.0
5.605624E13	8040.0	77.0
5.605625E13	8040.0	74.0
5.6056256E13	6675.0	71.0
5.605627E13	6675.0	68.0
5.6056277E13	6675.0	66.0
5.605629E13	6675.0	64.0
5.60563E13	5728.0	64.0
5.6056307E13	5728.0	65.0
5.605632E13	5728.0	66.0
5.6056328E13	4015.0	68.0
5.6056336E13	4015.0	69.0
5.605635E13	4015.0	69.0
5.6056357E13	4015.0	69.0
5.605637E13	3556.0	70.0
5.605638E13	3556.0	72.0
5.6056386E13	3556.0	72.0
5.60564E13	3556.0	74.0
5.6056407E13	3556.0	75.0
5.605642E13	3031.0	75.0
5.605643E13	3031.0	74.0
5.6056437E13	3031.0	73.0
5.605645E13	3031.0	54.0
5.6056458E13	2468.0	60.0
5.6056466E13	2468.0	60.0
5.605648E13	2468.0	60.0
5.6056487E13	2381.0	60.0
5.60565E13	2381.0	60.0
5.605651E13	2381.0	60.0
5.6056516E13	2381.0	60.0
5.605653E13	2338.0	60.0
5.6056537E13	2338.0	60.0
5.605655E13	2338.0	60.0
5.605656E13	2338.0	60.0
5.6056567E13	2315.0	60.0
5.605658E13	2315.0	60.0
5.6056588E13	2315.0	60.0
5.60566E13	2315.0	60.0
5.605661E13	2305.0	60.0
5.6056617E13	2305.0	60.0
5.605663E13	2305.0	60.0
5.605664E13	2300.0	60.0
5.6056646E13	2300.0	60.0
5.605666E13	2300.0	60.0
5.6056667E13	2300.0	60.0
5.605668E13	2299.0	60.0
5.605669E13	2299.0	60.0
5.6056697E13	2299.0	60.0
5.605671E13	2299.0	60.0
5.6056718E13	2299.0	60.0
5.605673E13	2299.0	76.0
5.605674E13	2299.0	77.0
5.6056747E13	2299.0	78.0
5.605676E13	2305.0	79.0
5.605677E13	2305.0	80.0
5.6056776E13	2305.0	82.0
5.605679E13	2304.0	84.0
5.6056797E13	2304.0	85.0
5.605681E13	2304.0	83.0
5.605682E13	2304.0	81.0
5.6056827E13	2290.0	80.0
5.605684E13	2290.0	79.0
5.6056848E13	2290.0	77.0
5.605686E13	2290.0	77.0
5.605687E13	2276.0	77.0
5.6056877E13	2276.0	78.0
5.605689E13	2276.0	79.0
5.60569E13	2276.0	79.0
5.605691E13	2279.0	79.0
5.605692E13	2279.0	79.0
5.6056927E13	2279.0	79.0
5.605694E13	2298.0	79.0
5.605695E13	2298.0	79.0
5.6056957E13	2298.0	81.0
5.605697E13	2298.0	83.0
5.6056978E13	2338.0	85.0
5.605699E13	2338.0	86.0
5.6057E13	2338.0	87.0
5.6057007E13	2338.0	87.0
5.605702E13	2382.0	87.0
5.605703E13	2382.0	88.0
5.605704E13	2382.0	88.0
5.605705E13	2428.0	88.0
5.6057058E13	2428.0	88.0
5.605707E13	2428.0	87.0
5.605708E13	2428.0	86.0
5.6057087E13	2480.0	84.0
5.60571E13	2480.0	83.0
5.6057108E13	2480.0	82.0
5.605712E13	2480.0	81.0
5.605713E13	2538.0	79.0
5.6057137E13	2538.0	79.0
5.605715E13	2538.0	77.0
5.605716E13	2538.0	76.0
5.605717E13	2622.0	75.0
5.605718E13	2622.0	73.0
5.6057188E13	2622.0	71.0
5.60572E13	2622.0	69.0
5.605721E13	3146.0	67.0
5.6057217E13	3146.0	66.0
5.605723E13	3146.0	64.0
5.6057238E13	3819.0	62.0
5.605725E13	3819.0	62.0
5.605726E13	3819.0	64.0
5.6057267E13	3819.0	67.0
5.605728E13	5186.0	72.0
5.605729E13	5186.0	69.0
5.60573E13	5186.0	66.0
5.605731E13	6651.0	64.0
5.6057318E13	6651.0	63.0
5.605733E13	6651.0	65.0
5.605734E13	6651.0	68.0
5.605735E13	6977.0	70.0
5.605736E13	6977.0	70.0
5.6057368E13	6977.0	68.0
5.605738E13	7428.0	68.0
5.605739E13	7428.0	68.0
5.6057397E13	7428.0	68.0
5.605741E13	7428.0	68.0
5.605742E13	6493.0	69.0
5.605743E13	6493.0	69.0
5.605744E13	6493.0	68.0
5.6057448E13	6493.0	66.0
5.605746E13	5305.0	64.0
5.605747E13	5305.0	64.0
5.605748E13	5305.0	64.0
5.605749E13	5305.0	64.0
5.60575E13	3757.0	64.0
5.605751E13	3757.0	65.0
5.605752E13	3757.0	66.0
5.605753E13	3319.0	68.0
5.605754E13	3319.0	71.0
5.605755E13	3319.0	73.0
5.605756E13	3319.0	75.0
5.605757E13	2924.0	77.0
5.6057578E13	2924.0	78.0
5.605759E13	2924.0	78.0
5.60576E13	2924.0	77.0
5.605761E13	2591.0	75.0
5.605763E13	2591.0	73.0
5.6057632E13	2591.0	70.0
5.605764E13	3242.0	68.0
5.605765E13	2496.0	65.0
5.605766E13	2496.0	59.0
5.605767E13	2496.0	63.0
5.605768E13	2434.0	61.0
5.605769E13	2434.0	61.0
5.60577E13	2434.0	61.0
5.6057708E13	2434.0	62.0
5.605772E13	2396.0	63.0
5.605773E13	2396.0	64.0
5.605774E13	2396.0	66.0
5.605775E13	2396.0	68.0
5.605776E13	2396.0	68.0
5.605777E13	2378.0	71.0
5.605778E13	2378.0	72.0
5.605779E13	2372.0	73.0
5.60578E13	2372.0	74.0
5.605781E13	2372.0	74.0
5.605782E13	2372.0	75.0
5.605783E13	2375.0	75.0
5.6057838E13	2375.0	75.0
5.605785E13	2375.0	76.0
5.605786E13	2375.0	76.0
5.605787E13	2372.0	75.0
5.605788E13	2372.0	75.0
5.605789E13	2372.0	76.0
5.60579E13	2372.0	59.0
5.605791E13	2372.0	59.0
5.605792E13	2374.0	59.0
5.605793E13	2374.0	78.0
5.605794E13	2374.0	59.0
5.6057955E13	2371.0	59.0
5.605796E13	2371.0	59.0
5.6057968E13	2371.0	59.0
5.605798E13	2371.0	59.0
5.605799E13	2365.0	59.0
5.6058E13	2365.0	81.0
5.605801E13	2365.0	81.0
5.605802E13	2365.0	81.0
5.605803E13	2354.0	80.0
5.605804E13	2354.0	59.0
5.6058047E13	2354.0	59.0
5.605806E13	2354.0	59.0
5.605807E13	2353.0	79.0
5.605808E13	2353.0	59.0
5.605809E13	2353.0	59.0
5.6058098E13	2362.0	59.0
5.605811E13	2362.0	59.0
5.605812E13	2362.0	59.0
5.605813E13	2362.0	78.0
5.605814E13	2385.0	79.0
5.605815E13	2385.0	81.0
5.605816E13	2385.0	83.0
5.605817E13	2385.0	82.0
5.605818E13	2426.0	82.0
5.605819E13	2426.0	83.0
5.60582E13	2426.0	84.0
5.605821E13	2426.0	86.0
5.605822E13	2481.0	58.0
5.6058228E13	2481.0	58.0
5.605824E13	2481.0	87.0
5.605825E13	2540.0	58.0
5.605826E13	2540.0	84.0
5.605827E13	2540.0	82.0
5.605828E13	2540.0	81.0
5.605829E13	2601.0	80.0
5.60583E13	2601.0	80.0
5.605831E13	2601.0	80.0
5.605832E13	2601.0	80.0
5.605833E13	2698.0	79.0
5.605834E13	2698.0	77.0
5.605835E13	2698.0	76.0
5.605837E13	2962.0	73.0
5.605838E13	2962.0	55.0
5.605839E13	2962.0	55.0
5.60584E13	3500.0	50.0
5.605841E13	3500.0	50.0
5.605842E13	3500.0	50.0
5.605843E13	3500.0	50.0
5.605844E13	4619.0	42.0
5.605845E13	4619.0	42.0
5.605848E13	5916.0	35.0
5.605849E13	5916.0	35.0
5.60585E13	5916.0	35.0
5.605851E13	5916.0	35.0
5.605852E13	6452.0	34.0
5.605854E13	6452.0	34.0
5.605855E13	6146.0	36.0
5.605856E13	6146.0	36.0
5.605857E13	6146.0	36.0
5.605858E13	6146.0	72.0
5.605859E13	5931.0	72.0
5.60586E13	5931.0	71.0
5.605861E13	5931.0	70.0
5.605862E13	5931.0	68.0
5.605863E13	4402.0	66.0
5.605864E13	4402.0	65.0
5.605865E13	4402.0	64.0
5.605866E13	4402.0	65.0
5.6058672E13	3283.0	68.0
5.605868E13	3283.0	71.0
5.605869E13	3283.0	72.0
5.60587E13	3060.0	73.0
5.605871E13	3060.0	73.0
5.605872E13	3060.0	74.0
5.605873E13	3060.0	76.0
5.605874E13	3004.0	78.0
5.605875E13	3004.0	78.0
5.605876E13	3004.0	78.0
5.605877E13	3004.0	77.0
5.605878E13	2663.0	77.0
5.605879E13	2663.0	75.0
5.6058802E13	2663.0	73.0
5.605881E13	2663.0	71.0
5.605882E13	2552.0	68.0
5.605883E13	2552.0	65.0
5.605884E13	2552.0	63.0
5.605885E13	2472.0	61.0
5.605886E13	2472.0	59.0
5.605887E13	2472.0	59.0
5.605888E13	2472.0	59.0
5.605889E13	2430.0	60.0
5.60589E13	2430.0	62.0
5.605891E13	2430.0	63.0
5.605892E13	2430.0	65.0
5.6058932E13	2410.0	67.0
5.605894E13	2410.0	70.0
5.605895E13	2410.0	71.0
5.605896E13	2410.0	71.0
5.605897E13	2410.0	73.0
5.6058983E13	2410.0	73.0
5.605899E13	2401.0	74.0
5.6059E13	2401.0	74.0
5.605901E13	2401.0	74.0
5.605902E13	2401.0	74.0
5.6059033E13	2401.0	74.0
5.605904E13	2392.0	75.0
5.605905E13	2392.0	76.0
5.6059062E13	2392.0	77.0
5.605907E13	2388.0	78.0
5.605908E13	2388.0	78.0
5.605909E13	2388.0	79.0
5.60591E13	2388.0	79.0
5.6059113E13	2388.0	81.0
5.605912E13	2382.0	83.0
5.605913E13	2382.0	82.0
5.605914E13	2382.0	82.0
5.605915E13	2369.0	81.0
5.605916E13	2369.0	80.0
5.605917E13	2369.0	80.0
5.605918E13	2369.0	77.0
5.6059192E13	2353.0	77.0
5.60592E13	2353.0	76.0
5.605921E13	2353.0	75.0
5.605922E13	2353.0	75.0
5.605923E13	2347.0	74.0
5.6059243E13	2347.0	74.0
5.605925E13	2347.0	74.0
5.605926E13	2347.0	75.0
5.6059272E13	2363.0	76.0
5.605928E13	2363.0	77.0
5.605929E13	2363.0	79.0
5.60593E13	2392.0	80.0
5.605931E13	2392.0	82.0
5.6059322E13	2392.0	84.0
5.605933E13	2392.0	85.0
5.605934E13	2448.0	86.0
5.605935E13	2448.0	87.0
5.605936E13	2448.0	89.0
5.6059373E13	2448.0	89.0
5.605938E13	2509.0	88.0
5.605939E13	2509.0	87.0
5.6059402E13	2509.0	87.0
5.605941E13	2509.0	86.0
5.6059423E13	2573.0	85.0
5.605943E13	2573.0	83.0
5.605944E13	2573.0	81.0
5.6059452E13	2652.0	80.0
5.605946E13	2652.0	79.0
5.605947E13	2652.0	78.0
5.605948E13	2652.0	77.0
5.605949E13	2743.0	75.0
5.6059503E13	2743.0	73.0
5.605951E13	2743.0	72.0
5.605952E13	2743.0	70.0
5.6059532E13	3351.0	68.0
5.605954E13	3351.0	66.0
5.6059553E13	3351.0	65.0
5.605956E13	3351.0	64.0
5.605957E13	4441.0	64.0
5.6059582E13	4441.0	64.0
5.605959E13	4441.0	64.0
5.60596E13	5521.0	64.0
5.605961E13	5521.0	65.0
5.605962E13	5521.0	63.0
5.6059633E13	5521.0	62.0
5.605964E13	6518.0	60.0
5.605965E13	6518.0	59.0
5.6059662E13	6518.0	59.0
