5.5086466E13	187.0	80.0
5.508648E13	187.0	80.0
5.5086487E13	187.0	80.0
5.5086496E13	187.0	80.0
5.508651E13	187.0	80.0
5.5086517E13	187.0	80.0
5.508653E13	187.0	81.0
5.5086538E13	188.0	80.0
5.5086546E13	188.0	80.0
5.508656E13	188.0	80.0
5.5086567E13	188.0	80.0
5.5086575E13	187.0	80.0
5.5086588E13	187.0	80.0
5.5086596E13	187.0	80.0
5.508661E13	187.0	81.0
5.5086617E13	187.0	80.0
5.5086626E13	187.0	80.0
5.508664E13	187.0	80.0
5.5086647E13	187.0	81.0
5.5086655E13	187.0	81.0
5.5086668E13	187.0	81.0
5.5086676E13	187.0	80.0
5.508669E13	187.0	80.0
5.5086697E13	187.0	81.0
5.5086705E13	187.0	81.0
5.5086718E13	187.0	81.0
5.5086726E13	187.0	81.0
5.508674E13	187.0	81.0
5.5086747E13	187.0	81.0
5.5086756E13	187.0	81.0
5.508677E13	187.0	81.0
5.5086777E13	187.0	80.0
5.508679E13	187.0	81.0
5.5086798E13	187.0	81.0
5.5086806E13	187.0	81.0
5.508682E13	187.0	81.0
5.5086827E13	187.0	80.0
5.5086835E13	187.0	80.0
5.5086848E13	187.0	80.0
5.5086856E13	187.0	80.0
5.508687E13	187.0	80.0
5.5086877E13	187.0	80.0
5.5086886E13	187.0	80.0
5.50869E13	187.0	81.0
5.5086907E13	187.0	81.0
5.508692E13	187.0	81.0
5.5086928E13	187.0	80.0
5.5086936E13	187.0	80.0
5.508695E13	187.0	81.0
5.5086957E13	187.0	81.0
5.5086965E13	187.0	81.0
5.508698E13	187.0	81.0
5.5086986E13	187.0	81.0
5.5087E13	187.0	81.0
5.508701E13	187.0	81.0
5.5087016E13	187.0	81.0
5.508703E13	187.0	81.0
5.5087037E13	187.0	81.0
5.508705E13	187.0	81.0
5.5087058E13	187.0	81.0
5.5087066E13	187.0	81.0
5.508708E13	187.0	81.0
5.5087087E13	187.0	81.0
5.5087095E13	187.0	81.0
5.5087112E13	187.0	81.0
5.5087116E13	187.0	81.0
5.508713E13	187.0	81.0
5.5087137E13	187.0	81.0
5.5087146E13	187.0	81.0
5.508716E13	187.0	81.0
5.5087167E13	187.0	80.0
5.508718E13	187.0	80.0
5.5087188E13	187.0	81.0
5.5087196E13	187.0	80.0
5.508721E13	187.0	80.0
5.5087217E13	187.0	80.0
5.5087225E13	187.0	80.0
5.508724E13	187.0	80.0
5.5087246E13	187.0	80.0
5.508726E13	187.0	80.0
5.5087267E13	187.0	81.0
5.5087276E13	187.0	81.0
5.508729E13	187.0	81.0
5.5087297E13	187.0	80.0
5.508731E13	187.0	80.0
5.5087318E13	187.0	80.0
5.5087326E13	187.0	80.0
5.508734E13	187.0	80.0
5.5087347E13	187.0	80.0
5.508736E13	187.0	80.0
5.508737E13	187.0	80.0
5.5087376E13	188.0	80.0
5.508739E13	188.0	80.0
5.5087397E13	188.0	80.0
5.5087406E13	188.0	80.0
5.508742E13	188.0	80.0
5.5087427E13	188.0	80.0
5.508744E13	188.0	81.0
5.5087448E13	187.0	80.0
5.5087456E13	187.0	80.0
5.508747E13	187.0	80.0
5.5087477E13	187.0	80.0
5.508749E13	187.0	80.0
5.50875E13	187.0	81.0
5.5087506E13	187.0	81.0
5.508752E13	187.0	80.0
5.508753E13	187.0	80.0
5.5087536E13	187.0	80.0
5.508755E13	187.0	80.0
5.5087557E13	187.0	80.0
5.508757E13	187.0	80.0
5.5087578E13	187.0	80.0
5.5087586E13	187.0	80.0
5.50876E13	187.0	80.0
5.5087607E13	187.0	80.0
5.508762E13	187.0	80.0
5.508763E13	187.0	80.0
5.5087636E13	187.0	80.0
5.508765E13	187.0	80.0
5.5087657E13	187.0	80.0
5.508767E13	187.0	80.0
5.508768E13	187.0	80.0
5.5087687E13	187.0	80.0
5.50877E13	187.0	81.0
5.5087708E13	187.0	81.0
5.5087716E13	187.0	81.0
5.508773E13	187.0	81.0
5.5087737E13	187.0	81.0
5.508775E13	187.0	81.0
5.508776E13	187.0	81.0
5.5087766E13	187.0	81.0
5.508778E13	186.0	81.0
5.5087787E13	186.0	81.0
5.50878E13	186.0	81.0
5.508781E13	186.0	81.0
5.5087817E13	186.0	81.0
5.508783E13	186.0	81.0
5.5087838E13	186.0	81.0
5.5087846E13	186.0	81.0
5.508786E13	186.0	81.0
5.5087867E13	186.0	81.0
5.508788E13	186.0	81.0
5.508789E13	186.0	81.0
5.5087896E13	186.0	81.0
5.508791E13	186.0	81.0
5.5087917E13	186.0	81.0
5.508793E13	186.0	81.0
5.508794E13	186.0	81.0
5.5087947E13	186.0	81.0
5.508796E13	186.0	81.0
5.5087968E13	186.0	81.0
5.5087976E13	186.0	81.0
5.508799E13	186.0	81.0
5.5087997E13	186.0	81.0
5.508801E13	186.0	81.0
5.508802E13	186.0	81.0
5.5088026E13	186.0	81.0
5.508804E13	186.0	81.0
5.5088047E13	186.0	81.0
5.508806E13	186.0	81.0
5.508807E13	186.0	80.0
5.5088077E13	186.0	80.0
5.508809E13	186.0	80.0
5.5088098E13	186.0	81.0
5.508811E13	186.0	81.0
5.508812E13	186.0	81.0
5.5088127E13	186.0	81.0
5.508814E13	186.0	80.0
5.508815E13	186.0	80.0
5.5088157E13	186.0	80.0
5.508817E13	186.0	80.0
5.5088177E13	186.0	80.0
5.508819E13	186.0	80.0
5.50882E13	186.0	80.0
5.5088207E13	186.0	80.0
5.508822E13	186.0	80.0
5.5088228E13	186.0	81.0
5.508824E13	186.0	81.0
5.508825E13	186.0	81.0
5.5088257E13	186.0	81.0
5.508827E13	186.0	80.0
5.508828E13	186.0	80.0
5.5088287E13	186.0	88.0
5.50883E13	186.0	88.0
5.508832E13	186.0	81.0
5.5088308E13	186.0	81.0
5.508833E13	186.0	81.0
5.5088337E13	186.0	88.0
5.508835E13	186.0	88.0
5.5088358E13	186.0	88.0
5.508837E13	186.0	88.0
5.508838E13	186.0	88.0
5.5088387E13	186.0	88.0
5.50884E13	186.0	88.0
5.508841E13	186.0	88.0
5.5088417E13	186.0	80.0
5.508843E13	186.0	80.0
5.5088438E13	186.0	80.0
5.508845E13	186.0	81.0
5.508846E13	186.0	81.0
5.5088467E13	186.0	81.0
5.508848E13	186.0	81.0
5.5088488E13	186.0	81.0
5.50885E13	186.0	81.0
5.508851E13	186.0	81.0
5.5088517E13	186.0	81.0
5.508853E13	186.0	81.0
5.508854E13	186.0	81.0
5.5088547E13	186.0	81.0
5.508856E13	186.0	88.0
5.5088568E13	186.0	88.0
5.508858E13	186.0	88.0
5.508859E13	186.0	88.0
5.5088597E13	186.0	88.0
5.508861E13	186.0	88.0
5.5088618E13	186.0	88.0
5.508863E13	186.0	88.0
5.508864E13	186.0	88.0
5.5088647E13	186.0	88.0
5.508866E13	186.0	88.0
5.508867E13	186.0	88.0
5.508868E13	186.0	81.0
5.508869E13	186.0	81.0
5.5088698E13	186.0	81.0
5.508871E13	186.0	81.0
5.508872E13	186.0	81.0
5.5088727E13	186.0	81.0
5.508874E13	186.0	81.0
5.508875E13	186.0	81.0
5.508876E13	186.0	81.0
5.508877E13	186.0	81.0
5.5088777E13	186.0	81.0
5.508879E13	186.0	81.0
5.50888E13	186.0	81.0
5.508881E13	186.0	81.0
5.508882E13	186.0	81.0
5.5088828E13	186.0	81.0
5.508884E13	186.0	81.0
5.508885E13	186.0	81.0
5.5088857E13	186.0	81.0
5.508887E13	186.0	81.0
5.508888E13	186.0	81.0
5.508889E13	186.0	81.0
5.50889E13	186.0	81.0
5.5088907E13	186.0	81.0
5.508892E13	186.0	81.0
5.508893E13	186.0	81.0
5.508894E13	186.0	81.0
5.508895E13	186.0	80.0
5.5088958E13	186.0	80.0
5.508897E13	186.0	81.0
5.508898E13	186.0	80.0
5.5088987E13	186.0	80.0
5.5089E13	186.0	81.0
5.508901E13	186.0	81.0
5.508902E13	185.0	81.0
5.508903E13	185.0	81.0
5.508904E13	185.0	81.0
5.508905E13	185.0	81.0
5.508906E13	185.0	80.0
5.508908E13	185.0	80.0
5.5089088E13	185.0	81.0
5.50891E13	185.0	81.0
5.508911E13	185.0	81.0
5.508913E13	185.0	81.0
5.508914E13	185.0	81.0
5.508915E13	185.0	81.0
5.508916E13	185.0	81.0
5.5089167E13	185.0	81.0
5.508918E13	185.0	80.0
5.508919E13	185.0	80.0
5.50892E13	185.0	80.0
5.508921E13	186.0	81.0
5.5089218E13	186.0	81.0
5.508923E13	186.0	81.0
5.508924E13	186.0	81.0
5.508925E13	186.0	81.0
5.508926E13	186.0	81.0
5.508927E13	186.0	81.0
5.508928E13	186.0	81.0
5.508929E13	186.0	81.0
5.50893E13	186.0	81.0
5.508931E13	186.0	81.0
5.508932E13	186.0	81.0
5.508933E13	186.0	81.0
5.508934E13	186.0	81.0
5.5089348E13	186.0	81.0
5.508936E13	186.0	81.0
5.508937E13	186.0	81.0
5.508938E13	186.0	81.0
5.508939E13	186.0	81.0
5.50894E13	186.0	81.0
5.508941E13	186.0	81.0
5.508942E13	186.0	81.0
5.508943E13	186.0	81.0
5.508944E13	186.0	81.0
5.508945E13	186.0	81.0
5.508946E13	186.0	81.0
5.508947E13	186.0	81.0
5.5089478E13	186.0	81.0
5.508949E13	186.0	81.0
5.508951E13	186.0	81.0
5.508953E13	186.0	81.0
5.508954E13	186.0	81.0
5.508955E13	185.0	81.0
5.508956E13	185.0	81.0
5.508957E13	185.0	81.0
5.508958E13	185.0	81.0
5.508959E13	185.0	81.0
5.50896E13	185.0	81.0
5.508961E13	185.0	81.0
5.508962E13	185.0	81.0
5.508963E13	185.0	81.0
5.508964E13	185.0	81.0
5.508965E13	185.0	81.0
5.508966E13	185.0	81.0
5.508967E13	185.0	81.0
5.508968E13	185.0	81.0
5.508969E13	185.0	81.0
5.50897E13	185.0	81.0
5.508971E13	185.0	81.0
5.508972E13	185.0	81.0
5.508973E13	185.0	81.0
5.508974E13	185.0	81.0
5.508975E13	185.0	81.0
5.508976E13	185.0	81.0
5.508977E13	185.0	81.0
5.508978E13	185.0	81.0
5.5089792E13	185.0	81.0
5.50898E13	185.0	81.0
5.508981E13	185.0	81.0
5.508982E13	185.0	81.0
5.508983E13	185.0	81.0
5.508984E13	185.0	81.0
5.508985E13	185.0	81.0
5.508986E13	185.0	81.0
5.508987E13	185.0	81.0
5.508988E13	185.0	81.0
5.508989E13	185.0	81.0
5.50899E13	185.0	81.0
5.508991E13	185.0	81.0
5.5089922E13	185.0	81.0
5.508993E13	185.0	81.0
5.508994E13	185.0	81.0
5.508995E13	185.0	81.0
5.508996E13	185.0	81.0
5.508997E13	185.0	81.0
5.508998E13	185.0	81.0
5.508999E13	185.0	81.0
5.509E13	185.0	81.0
5.509001E13	185.0	81.0
5.509002E13	185.0	81.0
5.509003E13	185.0	81.0
5.509004E13	185.0	81.0
5.5090052E13	185.0	81.0
5.509006E13	185.0	81.0
5.509007E13	185.0	81.0
5.509008E13	185.0	81.0
5.509009E13	185.0	81.0
5.50901E13	185.0	81.0
5.509011E13	185.0	81.0
5.509012E13	185.0	81.0
5.509013E13	185.0	81.0
5.509014E13	185.0	81.0
5.509015E13	185.0	81.0
5.509016E13	185.0	81.0
5.509017E13	185.0	81.0
5.5090182E13	185.0	81.0
5.509019E13	185.0	81.0
5.50902E13	185.0	81.0
5.509021E13	185.0	81.0
5.509022E13	185.0	81.0
5.509023E13	185.0	81.0
5.509024E13	185.0	81.0
5.509025E13	185.0	81.0
5.509026E13	185.0	81.0
5.509027E13	185.0	81.0
5.509028E13	185.0	81.0
5.509029E13	185.0	81.0
5.50903E13	185.0	81.0
5.5090312E13	185.0	81.0
5.509032E13	185.0	81.0
5.509033E13	185.0	81.0
5.509034E13	185.0	81.0
5.509035E13	185.0	81.0
5.509036E13	185.0	81.0
5.509037E13	185.0	81.0
5.509038E13	185.0	81.0
5.509039E13	185.0	81.0
5.50904E13	185.0	81.0
5.509041E13	185.0	81.0
5.509042E13	185.0	81.0
5.509043E13	185.0	81.0
5.5090442E13	185.0	88.0
5.509045E13	185.0	81.0
5.509046E13	185.0	81.0
5.509047E13	185.0	81.0
5.509048E13	185.0	81.0
5.5090493E13	185.0	81.0
5.50905E13	185.0	81.0
5.509051E13	185.0	81.0
5.509052E13	185.0	81.0
5.509053E13	185.0	81.0
5.509054E13	185.0	81.0
5.509055E13	185.0	81.0
5.509056E13	185.0	81.0
5.5090572E13	185.0	81.0
5.509058E13	185.0	81.0
5.50906E13	185.0	81.0
5.509059E13	185.0	81.0
5.509061E13	185.0	51.0
5.5090623E13	185.0	81.0
5.509063E13	185.0	81.0
5.509064E13	185.0	81.0
5.5090652E13	185.0	81.0
5.509066E13	185.0	81.0
5.5090673E13	185.0	81.0
5.509068E13	185.0	81.0
5.509069E13	185.0	81.0
5.5090702E13	185.0	81.0
5.509071E13	185.0	81.0
5.509072E13	185.0	81.0
5.509073E13	185.0	81.0
5.509074E13	185.0	81.0
5.5090753E13	185.0	81.0
5.509076E13	185.0	81.0
5.509077E13	185.0	82.0
5.5090782E13	185.0	82.0
5.509079E13	185.0	82.0
5.50908E13	185.0	81.0
5.5090816E13	185.0	81.0
5.509082E13	185.0	81.0
5.5090832E13	185.0	81.0
5.509084E13	185.0	81.0
5.509085E13	185.0	81.0
5.509086E13	185.0	81.0
5.509087E13	185.0	81.0
5.5090883E13	185.0	81.0
5.509089E13	185.0	81.0
5.50909E13	185.0	81.0
5.5090912E13	185.0	81.0
5.509092E13	185.0	81.0
5.5090933E13	185.0	81.0
5.509094E13	185.0	81.0
5.509095E13	185.0	81.0
5.5090962E13	185.0	81.0
5.509097E13	185.0	81.0
5.509098E13	185.0	81.0
5.509099E13	185.0	81.0
5.5091E13	185.0	81.0
5.5091013E13	185.0	81.0
5.509102E13	185.0	81.0
5.5091034E13	185.0	81.0
5.5091042E13	185.0	81.0
5.509105E13	185.0	81.0
5.509106E13	185.0	81.0
5.509107E13	185.0	81.0
5.509108E13	185.0	81.0
5.5091093E13	185.0	81.0
5.50911E13	185.0	81.0
5.509111E13	185.0	81.0
5.509112E13	185.0	81.0
5.509113E13	185.0	81.0
5.5091143E13	185.0	81.0
5.509115E13	185.0	81.0
5.509116E13	185.0	81.0
5.5091172E13	185.0	81.0
5.509118E13	185.0	81.0
5.5091193E13	185.0	81.0
5.50912E13	185.0	81.0
5.509121E13	185.0	81.0
5.5091223E13	185.0	81.0
5.509123E13	185.0	81.0
5.509124E13	185.0	81.0
5.509125E13	185.0	81.0
5.509126E13	185.0	81.0
5.5091273E13	185.0	81.0
5.509128E13	185.0	81.0
5.509129E13	185.0	81.0
5.5091302E13	185.0	81.0
5.509131E13	185.0	81.0
5.5091323E13	185.0	81.0
5.509133E13	185.0	81.0
5.509134E13	185.0	88.0
5.5091353E13	185.0	88.0
5.509136E13	185.0	88.0
5.509137E13	185.0	81.0
5.509138E13	185.0	81.0
5.509139E13	185.0	81.0
5.5091403E13	185.0	81.0
5.509141E13	185.0	88.0
5.509142E13	185.0	88.0
5.5091432E13	185.0	88.0
5.509144E13	185.0	88.0
5.5091453E13	185.0	88.0
5.509146E13	185.0	81.0
5.509147E13	185.0	81.0
5.5091483E13	185.0	81.0
5.509149E13	185.0	81.0
5.5091504E13	185.0	81.0
5.509151E13	185.0	81.0
5.509152E13	185.0	81.0
5.5091533E13	185.0	81.0
5.509154E13	185.0	81.0
5.509155E13	185.0	81.0
5.5091562E13	185.0	81.0
5.5091583E13	185.0	81.0
5.509157E13	185.0	81.0
5.509159E13	185.0	81.0
5.50916E13	185.0	81.0
5.5091613E13	185.0	81.0
5.509162E13	185.0	81.0
5.5091634E13	185.0	88.0
5.509164E13	185.0	81.0
5.509165E13	185.0	81.0
5.5091663E13	185.0	88.0
5.509167E13	185.0	88.0
5.509168E13	185.0	81.0
5.5091692E13	185.0	88.0
5.50917E13	185.0	82.0
5.5091713E13	185.0	82.0
5.509172E13	185.0	82.0
5.509173E13	185.0	82.0
5.5091743E13	185.0	88.0
5.509175E13	185.0	88.0
5.5091764E13	185.0	88.0
5.509177E13	185.0	88.0
5.509178E13	185.0	88.0
5.5091793E13	185.0	88.0
5.50918E13	185.0	88.0
5.509181E13	185.0	88.0
5.5091822E13	185.0	88.0
5.509183E13	185.0	88.0
5.5091843E13	185.0	88.0
5.509185E13	185.0	88.0
5.509186E13	185.0	88.0
5.5091873E13	185.0	88.0
5.509188E13	185.0	88.0
5.5091894E13	185.0	88.0
5.50919E13	185.0	88.0
5.509191E13	185.0	88.0
5.5091923E13	185.0	88.0
5.509193E13	185.0	88.0
5.509194E13	185.0	88.0
5.5091952E13	185.0	88.0
5.509196E13	185.0	88.0
5.5091973E13	185.0	88.0
5.509198E13	185.0	88.0
5.509199E13	185.0	88.0
5.5092003E13	185.0	88.0
5.509201E13	185.0	88.0
5.5092024E13	185.0	81.0
5.509203E13	185.0	88.0
5.509204E13	185.0	81.0
5.5092053E13	184.0	81.0
5.509206E13	184.0	81.0
5.5092074E13	184.0	81.0
5.5092082E13	184.0	81.0
5.509209E13	185.0	81.0
5.5092103E13	185.0	81.0
5.509211E13	185.0	81.0
5.509212E13	185.0	81.0
5.5092133E13	185.0	81.0
5.509214E13	185.0	81.0
5.5092154E13	185.0	81.0
5.509216E13	185.0	81.0
5.509217E13	185.0	81.0
5.5092183E13	185.0	81.0
5.5092196E13	185.0	88.0
5.5092204E13	184.0	81.0
5.5092212E13	184.0	81.0
5.509222E13	184.0	81.0
5.5092233E13	184.0	88.0
5.509224E13	185.0	81.0
5.509225E13	185.0	81.0
5.5092275E13	184.0	81.0
5.5092263E13	184.0	81.0
5.5092284E13	184.0	81.0
5.509229E13	184.0	81.0
5.5092305E13	184.0	81.0
5.509232E13	184.0	81.0
5.5092313E13	184.0	81.0
5.5092334E13	184.0	81.0
5.5092342E13	184.0	88.0
5.5092355E13	185.0	88.0
5.5092363E13	185.0	81.0
5.509237E13	185.0	81.0
5.5092384E13	185.0	82.0
5.5092393E13	185.0	88.0
5.50924E13	185.0	82.0
5.5092414E13	185.0	82.0
5.5092426E13	185.0	82.0
5.5092435E13	185.0	81.0
5.5092443E13	185.0	81.0
5.509245E13	185.0	81.0
5.5092464E13	185.0	81.0
5.5092472E13	185.0	81.0
5.5092485E13	185.0	82.0
5.5092493E13	185.0	82.0
5.50925E13	184.0	82.0
5.5092514E13	184.0	82.0
5.5092523E13	184.0	82.0
5.5092535E13	184.0	82.0
5.5092544E13	184.0	81.0
5.5092552E13	184.0	81.0
5.509256E13	184.0	81.0
5.5092573E13	184.0	81.0
5.509258E13	184.0	81.0
5.5092594E13	184.0	88.0
5.5092607E13	184.0	88.0
5.5092615E13	184.0	88.0
5.5092623E13	184.0	88.0
5.509263E13	184.0	88.0
5.5092644E13	184.0	88.0
5.5092653E13	184.0	88.0
5.5092665E13	184.0	81.0
5.5092674E13	184.0	81.0
5.5092682E13	184.0	81.0
5.5092695E13	184.0	81.0
5.5092703E13	184.0	81.0
5.5092716E13	184.0	81.0
5.5092724E13	185.0	81.0
5.5092732E13	185.0	81.0
5.509274E13	185.0	81.0
5.5092753E13	185.0	81.0
5.509276E13	185.0	81.0
5.5092774E13	185.0	81.0
5.5092787E13	185.0	81.0
5.5092795E13	185.0	81.0
5.5092804E13	184.0	81.0
5.5092812E13	184.0	81.0
5.5092825E13	184.0	81.0
5.5092833E13	184.0	81.0
5.5092846E13	184.0	82.0
5.5092854E13	184.0	82.0
5.5092863E13	184.0	82.0
5.5092875E13	184.0	82.0
5.5092883E13	184.0	82.0
5.509289E13	184.0	81.0
5.5092904E13	184.0	81.0
5.5092913E13	184.0	81.0
5.509292E13	184.0	81.0
5.5092934E13	184.0	81.0
5.5092942E13	184.0	81.0
5.5092955E13	184.0	81.0
5.5092963E13	184.0	81.0
5.5092976E13	184.0	82.0
5.5092984E13	184.0	82.0
5.5092993E13	184.0	82.0
5.5093005E13	184.0	82.0
5.5093014E13	184.0	82.0
5.5093026E13	184.0	82.0
5.5093034E13	184.0	82.0
5.5093043E13	184.0	82.0
5.5093055E13	184.0	82.0
5.5093064E13	184.0	82.0
5.5093072E13	184.0	81.0
5.5093085E13	184.0	81.0
5.5093093E13	184.0	82.0
5.50931E13	184.0	81.0
5.5093114E13	184.0	81.0
5.5093123E13	184.0	82.0
5.5093135E13	184.0	82.0
5.5093144E13	184.0	82.0
5.5093156E13	184.0	82.0
5.5093165E13	184.0	82.0
5.5093173E13	184.0	81.0
5.509318E13	184.0	81.0
5.5093194E13	184.0	81.0
5.5093206E13	184.0	81.0
5.5093215E13	184.0	81.0
5.5093223E13	184.0	81.0
5.5093236E13	184.0	81.0
5.5093244E13	184.0	81.0
5.5093253E13	183.0	81.0
5.5093265E13	183.0	88.0
5.5093274E13	183.0	82.0
5.509328E13	184.0	81.0
5.5093295E13	184.0	81.0
5.5093303E13	184.0	88.0
5.5093316E13	184.0	88.0
5.5093324E13	183.0	88.0
5.5093332E13	183.0	88.0
5.5093345E13	183.0	88.0
5.5093353E13	183.0	88.0
5.509336E13	183.0	88.0
5.5093374E13	183.0	88.0
5.5093387E13	183.0	88.0
5.5093395E13	183.0	88.0
5.5093404E13	183.0	88.0
5.5093416E13	183.0	88.0
5.5093425E13	183.0	88.0
5.5093433E13	183.0	81.0
5.5093446E13	183.0	81.0
5.5093454E13	183.0	88.0
5.5093462E13	183.0	88.0
5.5093475E13	183.0	81.0
5.5093483E13	183.0	88.0
5.5093496E13	183.0	82.0
5.5093504E13	183.0	88.0
5.5093513E13	183.0	81.0
5.5093525E13	183.0	88.0
5.5093534E13	183.0	81.0
5.509354E13	183.0	88.0
5.5093555E13	183.0	82.0
5.5093567E13	183.0	88.0
5.5093576E13	183.0	88.0
5.5093584E13	183.0	88.0
5.5093597E13	183.0	82.0
5.5093605E13	183.0	88.0
5.5093613E13	183.0	88.0
5.5093626E13	183.0	82.0
5.5093634E13	183.0	82.0
5.5093655E13	183.0	81.0
5.5093676E13	183.0	81.0
5.5093685E13	183.0	81.0
5.5093693E13	183.0	81.0
5.5093706E13	183.0	81.0
5.5093714E13	183.0	81.0
5.5093722E13	183.0	81.0
5.5093735E13	184.0	82.0
5.5093748E13	184.0	82.0
5.5093756E13	184.0	82.0
5.5093764E13	184.0	82.0
5.5093773E13	183.0	81.0
5.5093785E13	183.0	81.0
5.5093794E13	183.0	81.0
5.5093806E13	183.0	82.0
5.5093815E13	183.0	81.0
5.5093823E13	183.0	81.0
5.5093836E13	183.0	82.0
5.5093844E13	183.0	82.0
5.5093857E13	183.0	82.0
5.5093865E13	183.0	82.0
5.5093873E13	183.0	82.0
5.509388E13	183.0	82.0
5.5093894E13	183.0	82.0
5.5093903E13	183.0	88.0
5.5093915E13	183.0	88.0
5.5093928E13	183.0	88.0
5.5093936E13	183.0	88.0
5.5093945E13	183.0	88.0
5.5093953E13	183.0	88.0
5.509397E13	183.0	88.0
5.5093974E13	183.0	88.0
5.5093982E13	183.0	88.0
5.5093995E13	183.0	88.0
5.5094003E13	183.0	88.0
5.5094016E13	183.0	82.0
5.5094024E13	183.0	88.0
5.5094033E13	183.0	88.0
5.5094045E13	183.0	88.0
5.5094054E13	183.0	88.0
5.509406E13	183.0	88.0
5.5094075E13	183.0	88.0
5.5094083E13	183.0	88.0
5.5094096E13	183.0	88.0
5.5094104E13	183.0	88.0
5.5094112E13	183.0	88.0
5.5094125E13	183.0	88.0
5.5094133E13	183.0	88.0
5.5094146E13	184.0	88.0
5.5094154E13	184.0	88.0
5.5094163E13	184.0	88.0
5.5094175E13	184.0	88.0
5.5094184E13	183.0	88.0
5.5094192E13	183.0	88.0
5.5094205E13	183.0	88.0
5.5094213E13	183.0	88.0
5.5094226E13	184.0	81.0
5.5094234E13	184.0	81.0
5.5094242E13	184.0	88.0
5.5094263E13	184.0	81.0
5.5094276E13	184.0	81.0
5.5094293E13	184.0	81.0
5.5094305E13	184.0	81.0
5.5094314E13	184.0	81.0
5.5094322E13	184.0	81.0
5.5094335E13	184.0	81.0
5.5094343E13	184.0	81.0
5.5094356E13	184.0	81.0
5.5094364E13	184.0	81.0
5.5094372E13	184.0	81.0
5.5094385E13	184.0	81.0
5.5094393E13	184.0	81.0
5.5094406E13	184.0	81.0
5.5094414E13	184.0	81.0
5.5094423E13	184.0	81.0
5.5094435E13	184.0	81.0
5.5094456E13	184.0	81.0
5.5094465E13	184.0	81.0
5.5094473E13	184.0	81.0
5.5094486E13	184.0	81.0
5.5094494E13	184.0	81.0
5.5094502E13	184.0	81.0
5.5094515E13	184.0	81.0
5.5094523E13	184.0	81.0
5.5094536E13	184.0	81.0
5.5094544E13	184.0	81.0
5.5094553E13	184.0	82.0
5.5094565E13	184.0	82.0
5.5094574E13	184.0	82.0
5.5094586E13	184.0	82.0
5.5094595E13	184.0	82.0
5.5094603E13	184.0	81.0
5.5094616E13	184.0	81.0
5.5094624E13	184.0	81.0
5.5094637E13	184.0	81.0
5.5094645E13	184.0	81.0
5.5094653E13	184.0	81.0
5.5094666E13	184.0	81.0
5.5094674E13	184.0	81.0
5.5094683E13	184.0	81.0
5.5094695E13	184.0	81.0
5.5094704E13	184.0	82.0
5.5094716E13	184.0	82.0
5.5094725E13	184.0	82.0
5.5094733E13	184.0	82.0
5.5094746E13	184.0	81.0
5.5094754E13	184.0	81.0
5.5094767E13	184.0	81.0
5.5094775E13	184.0	81.0
5.5094784E13	184.0	81.0
5.5094796E13	184.0	81.0
5.5094804E13	184.0	82.0
5.5094817E13	184.0	82.0
5.5094825E13	184.0	82.0
5.5094834E13	184.0	82.0
5.5094846E13	184.0	82.0
5.5094855E13	184.0	82.0
5.5094863E13	184.0	82.0
5.5094876E13	184.0	81.0
5.5094884E13	184.0	81.0
5.5094897E13	184.0	81.0
5.5094905E13	184.0	81.0
5.5094914E13	184.0	81.0
5.5094926E13	184.0	81.0
5.5094935E13	184.0	81.0
5.5094947E13	184.0	81.0
5.5094955E13	184.0	81.0
5.5094964E13	184.0	82.0
5.5094976E13	184.0	82.0
5.5094985E13	184.0	82.0
5.5094993E13	184.0	81.0
5.5095006E13	184.0	81.0
5.5095014E13	184.0	81.0
5.5095027E13	184.0	81.0
5.5095035E13	184.0	81.0
5.5095044E13	183.0	81.0
5.5095056E13	183.0	81.0
5.5095065E13	183.0	81.0
5.5095077E13	183.0	81.0
5.5095085E13	184.0	81.0
5.5095094E13	184.0	81.0
5.5095106E13	184.0	81.0
5.5095115E13	184.0	81.0
5.5095123E13	183.0	81.0
5.5095136E13	183.0	81.0
5.5095144E13	183.0	81.0
5.5095157E13	183.0	81.0
5.5095165E13	183.0	81.0
5.5095174E13	183.0	81.0
5.5095186E13	183.0	81.0
5.5095195E13	184.0	81.0
5.5095207E13	184.0	81.0
5.5095216E13	184.0	81.0
5.5095224E13	184.0	81.0
5.5095236E13	184.0	82.0
5.5095245E13	184.0	82.0
5.5095253E13	184.0	82.0
5.5095266E13	183.0	82.0
5.5095274E13	183.0	82.0
5.5095287E13	183.0	82.0
5.5095295E13	184.0	82.0
5.5095304E13	184.0	82.0
5.5095316E13	184.0	82.0
5.5095325E13	184.0	82.0
5.5095337E13	183.0	82.0
5.5095346E13	183.0	82.0
5.5095354E13	183.0	82.0
5.5095367E13	183.0	82.0
5.5095375E13	183.0	82.0
5.5095387E13	183.0	82.0
5.5095396E13	183.0	82.0
5.5095404E13	183.0	82.0
5.5095417E13	183.0	82.0
5.5095425E13	183.0	82.0
5.5095434E13	183.0	82.0
5.5095446E13	183.0	81.0
5.5095455E13	183.0	81.0
5.5095467E13	183.0	81.0
5.5095476E13	183.0	81.0
5.5095484E13	183.0	82.0
5.5095497E13	183.0	82.0
5.5095505E13	183.0	82.0
5.5095513E13	183.0	82.0
5.5095526E13	183.0	82.0
5.5095534E13	183.0	82.0
5.5095547E13	183.0	82.0
5.5095555E13	183.0	82.0
5.5095564E13	183.0	82.0
5.5095576E13	183.0	81.0
5.5095585E13	183.0	81.0
5.5095597E13	183.0	81.0
5.5095606E13	183.0	82.0
5.5095614E13	183.0	82.0
5.5095627E13	183.0	81.0
5.5095635E13	183.0	81.0
5.5095648E13	183.0	82.0
5.5095656E13	183.0	82.0
5.5095664E13	183.0	81.0
5.5095677E13	183.0	81.0
5.5095685E13	183.0	88.0
5.5095694E13	183.0	88.0
5.5095706E13	183.0	88.0
5.5095715E13	183.0	88.0
5.5095727E13	183.0	88.0
5.5095736E13	183.0	88.0
5.5095744E13	183.0	88.0
5.5095757E13	183.0	88.0
5.5095765E13	183.0	88.0
5.5095778E13	183.0	88.0
5.5095786E13	183.0	88.0
5.5095794E13	183.0	88.0
5.5095807E13	183.0	88.0
5.5095815E13	183.0	88.0
5.5095824E13	183.0	88.0
5.5095836E13	184.0	88.0
5.5095845E13	184.0	88.0
5.5095866E13	183.0	88.0
5.5095874E13	183.0	82.0
5.5095887E13	183.0	88.0
5.5095895E13	183.0	88.0
5.5095908E13	184.0	82.0
5.5095916E13	184.0	82.0
5.5095924E13	184.0	82.0
5.5095937E13	184.0	82.0
5.5095945E13	184.0	82.0
5.5095954E13	184.0	82.0
5.5095966E13	184.0	82.0
5.5095975E13	184.0	82.0
5.5095987E13	184.0	81.0
5.5095996E13	184.0	81.0
5.5096004E13	184.0	81.0
5.5096017E13	184.0	81.0
5.5096025E13	184.0	81.0
5.5096038E13	184.0	81.0
5.5096046E13	184.0	81.0
5.5096054E13	184.0	81.0
5.5096067E13	184.0	81.0
5.5096075E13	184.0	82.0
5.509609E13	184.0	81.0
5.5096096E13	184.0	81.0
5.5096105E13	184.0	81.0
5.5096117E13	184.0	81.0
5.5096126E13	184.0	81.0
5.5096134E13	185.0	80.0
5.5096147E13	185.0	81.0
5.5096155E13	185.0	81.0
5.5096168E13	185.0	81.0
5.5096176E13	185.0	81.0
5.5096184E13	185.0	81.0
5.5096197E13	185.0	80.0
5.5096205E13	185.0	80.0
5.509622E13	185.0	80.0
5.5096226E13	185.0	80.0
5.5096235E13	185.0	80.0
5.5096247E13	186.0	80.0
5.5096256E13	186.0	80.0
5.5096264E13	186.0	80.0
5.5096285E13	186.0	81.0
5.5096298E13	186.0	81.0
5.5096306E13	186.0	81.0
5.5096314E13	186.0	81.0
5.5096327E13	186.0	80.0
5.5096335E13	186.0	80.0
5.509635E13	186.0	80.0
5.5096356E13	186.0	80.0
5.5096365E13	186.0	80.0
5.5096377E13	186.0	80.0
5.5096386E13	186.0	81.0
5.50964E13	187.0	81.0
5.5096407E13	187.0	82.0
5.5096415E13	187.0	82.0
5.5096428E13	187.0	82.0
5.5096436E13	187.0	82.0
5.5096444E13	187.0	81.0
5.5096457E13	187.0	81.0
5.5096465E13	187.0	80.0
5.509648E13	187.0	80.0
5.5096486E13	187.0	80.0
5.5096495E13	187.0	80.0
5.5096507E13	187.0	80.0
5.5096516E13	187.0	80.0
5.509653E13	187.0	81.0
5.5096537E13	187.0	81.0
5.5096545E13	188.0	81.0
5.5096558E13	188.0	81.0
5.5096566E13	188.0	81.0
5.5096574E13	188.0	81.0
5.5096587E13	188.0	81.0
5.5096595E13	188.0	81.0
5.509661E13	188.0	81.0
5.5096616E13	188.0	80.0
5.5096625E13	188.0	80.0
5.5096637E13	188.0	80.0
5.5096646E13	188.0	80.0
5.509666E13	188.0	80.0
5.5096667E13	188.0	80.0
5.5096704E13	187.0	80.0
5.5096717E13	187.0	80.0
5.5096725E13	187.0	81.0
5.509674E13	187.0	80.0
5.5096746E13	187.0	80.0
5.5096755E13	187.0	80.0
5.5096767E13	187.0	80.0
5.5096776E13	187.0	80.0
5.509679E13	187.0	80.0
5.5096797E13	187.0	80.0
5.5096805E13	187.0	80.0
5.5096818E13	187.0	80.0
5.5096826E13	187.0	80.0
5.509684E13	187.0	81.0
5.5096847E13	186.0	81.0
5.5096855E13	186.0	81.0
5.509687E13	186.0	81.0
5.5096876E13	186.0	81.0
5.5096885E13	186.0	81.0
5.5096897E13	186.0	81.0
5.5096906E13	186.0	81.0
5.509692E13	186.0	81.0
5.5096927E13	186.0	81.0
5.5096935E13	186.0	81.0
5.5096948E13	186.0	81.0
5.5096956E13	186.0	81.0
5.509697E13	186.0	81.0
5.5096977E13	186.0	81.0
5.5096986E13	186.0	81.0
5.5097E13	186.0	81.0
5.5097006E13	186.0	81.0
5.5097015E13	186.0	81.0
5.5097027E13	186.0	81.0
5.5097036E13	186.0	81.0
5.509705E13	186.0	81.0
5.5097057E13	186.0	81.0
5.5097065E13	185.0	81.0
5.5097078E13	185.0	81.0
5.5097086E13	185.0	81.0
5.50971E13	185.0	81.0
5.5097107E13	185.0	81.0
5.5097116E13	185.0	81.0
5.509713E13	185.0	81.0
5.5097137E13	185.0	81.0
5.509715E13	185.0	81.0
5.5097157E13	185.0	81.0
5.5097166E13	185.0	81.0
5.509718E13	184.0	81.0
5.5097187E13	184.0	81.0
5.5097195E13	184.0	81.0
5.5097208E13	184.0	81.0
5.5097216E13	184.0	81.0
5.5097237E13	184.0	81.0
5.5097246E13	184.0	81.0
5.509726E13	184.0	81.0
5.5097267E13	184.0	81.0
5.509728E13	184.0	81.0
5.5097288E13	184.0	81.0
5.5097296E13	184.0	81.0
5.509731E13	184.0	81.0
5.5097317E13	184.0	81.0
5.509733E13	184.0	81.0
5.5097338E13	184.0	81.0
5.5097346E13	184.0	81.0
5.509736E13	184.0	81.0
5.5097367E13	184.0	81.0
5.5097376E13	184.0	81.0
5.509739E13	184.0	81.0
5.5097397E13	184.0	81.0
5.509741E13	184.0	81.0
5.5097418E13	184.0	82.0
5.5097426E13	184.0	82.0
5.509744E13	184.0	82.0
5.5097447E13	184.0	82.0
5.509746E13	184.0	82.0
5.5097468E13	184.0	81.0
5.509749E13	184.0	81.0
5.5097476E13	184.0	81.0
5.5097497E13	184.0	81.0
5.5097506E13	184.0	81.0
5.509752E13	184.0	81.0
5.5097527E13	184.0	81.0
5.509754E13	184.0	81.0
5.5097548E13	184.0	81.0
5.5097556E13	184.0	81.0
5.509757E13	184.0	81.0
5.5097577E13	184.0	81.0
5.509759E13	184.0	81.0
5.5097598E13	184.0	81.0
5.5097606E13	184.0	81.0
5.509762E13	184.0	81.0
5.5097627E13	184.0	81.0
5.5097636E13	184.0	81.0
5.509765E13	184.0	81.0
5.5097657E13	184.0	81.0
5.509767E13	184.0	81.0
5.5097678E13	184.0	81.0
5.5097686E13	184.0	81.0
5.50977E13	184.0	81.0
5.5097707E13	184.0	81.0
5.509772E13	184.0	81.0
5.509773E13	184.0	81.0
5.5097736E13	184.0	81.0
5.509775E13	184.0	81.0
5.5097757E13	184.0	81.0
5.5097766E13	184.0	81.0
5.509778E13	183.0	81.0
5.5097787E13	183.0	81.0
5.50978E13	183.0	81.0
5.5097808E13	184.0	81.0
5.5097816E13	184.0	81.0
5.509783E13	184.0	81.0
5.5097837E13	184.0	81.0
5.509785E13	184.0	81.0
5.509786E13	184.0	81.0
5.5097866E13	184.0	81.0
5.509788E13	184.0	81.0
5.5097887E13	184.0	81.0
5.50979E13	184.0	81.0
5.509791E13	184.0	81.0
5.5097917E13	184.0	81.0
5.509793E13	183.0	81.0
5.5097938E13	183.0	81.0
5.5097946E13	183.0	81.0
5.509796E13	183.0	81.0
5.5097967E13	183.0	81.0
5.509798E13	183.0	81.0
5.509799E13	183.0	81.0
5.5097996E13	183.0	81.0
5.509801E13	183.0	81.0
5.5098017E13	183.0	81.0
5.509803E13	183.0	81.0
5.509804E13	184.0	81.0
5.5098047E13	184.0	81.0
5.509806E13	184.0	81.0
5.5098068E13	184.0	81.0
5.5098076E13	184.0	81.0
5.509809E13	184.0	81.0
5.5098097E13	184.0	81.0
5.509811E13	184.0	81.0
5.509812E13	183.0	81.0
5.5098126E13	183.0	81.0
5.509814E13	183.0	81.0
5.5098147E13	184.0	81.0
5.509816E13	184.0	81.0
5.509817E13	184.0	81.0
5.5098177E13	184.0	81.0
5.509819E13	184.0	81.0
5.5098198E13	184.0	81.0
5.5098206E13	184.0	81.0
5.509822E13	184.0	82.0
5.5098227E13	184.0	81.0
5.509824E13	184.0	81.0
5.509825E13	184.0	81.0
5.5098256E13	184.0	81.0
5.509827E13	184.0	81.0
5.5098277E13	184.0	81.0
5.509829E13	184.0	81.0
5.50983E13	184.0	81.0
5.5098307E13	184.0	81.0
5.509832E13	184.0	81.0
5.5098328E13	184.0	81.0
5.5098336E13	183.0	81.0
5.509835E13	183.0	81.0
5.5098357E13	183.0	81.0
5.509837E13	183.0	82.0
5.509838E13	183.0	82.0
5.5098386E13	183.0	82.0
5.50984E13	183.0	81.0
5.509841E13	183.0	81.0
5.509842E13	183.0	81.0
5.509843E13	183.0	81.0
5.5098437E13	183.0	88.0
5.509845E13	183.0	88.0
5.5098458E13	183.0	88.0
5.5098466E13	183.0	88.0
5.509848E13	183.0	88.0
5.5098487E13	184.0	88.0
5.50985E13	184.0	88.0
5.509851E13	184.0	88.0
5.5098516E13	184.0	88.0
5.509853E13	184.0	88.0
5.5098537E13	184.0	88.0
5.509855E13	184.0	88.0
5.509856E13	184.0	88.0
5.5098567E13	184.0	88.0
5.509858E13	184.0	88.0
5.5098588E13	184.0	88.0
5.50986E13	184.0	88.0
5.509861E13	184.0	88.0
5.5098617E13	184.0	88.0
5.509863E13	184.0	88.0
5.509864E13	184.0	88.0
5.5098646E13	184.0	88.0
5.509866E13	184.0	88.0
5.5098667E13	184.0	88.0
5.509868E13	184.0	88.0
5.509869E13	184.0	88.0
5.5098697E13	184.0	88.0
5.509871E13	184.0	88.0
5.5098718E13	184.0	88.0
5.509873E13	184.0	88.0
5.509874E13	184.0	88.0
5.5098747E13	184.0	88.0
5.509876E13	184.0	88.0
5.509877E13	184.0	88.0
5.509878E13	184.0	81.0
5.509879E13	184.0	81.0
5.5098797E13	184.0	81.0
5.509881E13	184.0	81.0
5.509882E13	184.0	81.0
5.5098827E13	184.0	81.0
5.509884E13	184.0	81.0
5.5098848E13	184.0	81.0
5.509886E13	184.0	81.0
5.509887E13	184.0	81.0
5.509889E13	184.0	81.0
5.50989E13	184.0	81.0
5.5098907E13	184.0	81.0
5.509892E13	184.0	81.0
5.5098927E13	184.0	81.0
5.509894E13	184.0	81.0
5.509895E13	184.0	81.0
5.5098957E13	184.0	81.0
5.509897E13	185.0	81.0
5.5098978E13	185.0	81.0
5.509899E13	185.0	81.0
5.5099E13	185.0	81.0
5.5099007E13	185.0	81.0
5.509902E13	185.0	81.0
5.509903E13	185.0	81.0
5.509904E13	185.0	81.0
5.509905E13	185.0	81.0
5.5099058E13	185.0	81.0
5.509907E13	185.0	81.0
5.509908E13	185.0	81.0
5.5099087E13	185.0	81.0
5.50991E13	185.0	81.0
5.5099108E13	185.0	81.0
5.509912E13	185.0	81.0
5.509913E13	185.0	81.0
5.5099137E13	185.0	81.0
5.509915E13	185.0	81.0
5.509916E13	185.0	81.0
5.509917E13	185.0	81.0
5.509918E13	185.0	81.0
5.5099188E13	185.0	81.0
5.50992E13	185.0	81.0
5.509921E13	185.0	81.0
5.509922E13	185.0	81.0
5.509923E13	185.0	81.0
5.5099238E13	185.0	81.0
5.509925E13	185.0	81.0
5.509926E13	185.0	81.0
5.5099267E13	185.0	81.0
5.509928E13	185.0	81.0
5.509929E13	185.0	81.0
5.50993E13	185.0	81.0
5.509931E13	185.0	81.0
5.5099318E13	185.0	81.0
5.509933E13	185.0	81.0
5.509934E13	185.0	81.0
5.509935E13	184.0	81.0
5.509936E13	184.0	81.0
5.5099368E13	184.0	81.0
5.509938E13	184.0	81.0
5.509939E13	184.0	81.0
5.5099397E13	184.0	81.0
5.509941E13	184.0	81.0
5.509942E13	184.0	81.0
5.509943E13	184.0	81.0
5.509944E13	184.0	81.0
5.5099448E13	184.0	81.0
5.509946E13	184.0	81.0
5.509947E13	184.0	81.0
5.509948E13	184.0	82.0
5.509949E13	184.0	82.0
5.509951E13	184.0	82.0
5.509952E13	184.0	82.0
5.509953E13	184.0	82.0
5.509954E13	184.0	82.0
5.509956E13	184.0	81.0
5.509957E13	184.0	81.0
5.5099578E13	184.0	81.0
5.509959E13	184.0	81.0
5.50996E13	184.0	81.0
5.509961E13	184.0	81.0
5.509962E13	184.0	81.0
5.509963E13	184.0	81.0
5.509964E13	184.0	82.0
5.509965E13	184.0	82.0
5.509966E13	184.0	82.0
5.509967E13	184.0	81.0
5.509969E13	184.0	81.0
5.50997E13	184.0	81.0
5.509972E13	184.0	81.0
5.509973E13	184.0	81.0
5.509974E13	184.0	81.0
5.509975E13	184.0	81.0
5.509976E13	184.0	82.0
5.509977E13	184.0	82.0
5.509978E13	184.0	82.0
5.509979E13	184.0	81.0
5.50998E13	184.0	81.0
5.509981E13	184.0	81.0
5.509982E13	184.0	81.0
5.509983E13	184.0	81.0
5.5099838E13	184.0	81.0
5.509985E13	184.0	81.0
5.509986E13	184.0	81.0
5.509987E13	184.0	81.0
5.509989E13	184.0	81.0
5.50999E13	184.0	81.0
5.509991E13	184.0	81.0
5.509992E13	184.0	81.0
5.509993E13	184.0	81.0
5.509994E13	184.0	81.0
5.509995E13	184.0	81.0
5.509996E13	184.0	81.0
5.509997E13	184.0	81.0
5.509998E13	184.0	81.0
5.509999E13	184.0	81.0
5.51E13	184.0	88.0
5.510001E13	184.0	81.0
5.510002E13	184.0	81.0
5.510003E13	184.0	81.0
5.510004E13	184.0	81.0
5.510005E13	184.0	81.0
5.510006E13	184.0	81.0
5.510008E13	184.0	81.0
5.510009E13	184.0	81.0
5.5100098E13	184.0	81.0
5.510011E13	184.0	81.0
5.510012E13	184.0	81.0
5.510013E13	184.0	81.0
5.510014E13	184.0	81.0
5.510016E13	184.0	81.0
5.510018E13	184.0	81.0
5.51002E13	184.0	81.0
5.510021E13	184.0	81.0
5.510022E13	184.0	81.0
5.510023E13	184.0	81.0
5.510024E13	184.0	81.0
5.510025E13	183.0	81.0
5.510026E13	183.0	81.0
5.510027E13	183.0	81.0
5.510028E13	183.0	82.0
5.510029E13	184.0	81.0
5.51003E13	184.0	82.0
5.510031E13	184.0	81.0
5.510032E13	184.0	81.0
5.510033E13	184.0	81.0
5.510034E13	184.0	81.0
5.510035E13	184.0	81.0
5.510036E13	184.0	82.0
5.510037E13	184.0	81.0
5.510038E13	184.0	81.0
5.510039E13	184.0	81.0
5.51004E13	184.0	88.0
5.510041E13	184.0	88.0
5.510042E13	184.0	88.0
5.510044E13	184.0	81.0
5.510045E13	184.0	81.0
5.510046E13	184.0	81.0
5.510047E13	184.0	81.0
5.510048E13	184.0	81.0
5.510049E13	184.0	81.0
5.51005E13	184.0	81.0
5.510051E13	184.0	81.0
5.510052E13	184.0	81.0
5.510053E13	184.0	81.0
5.510054E13	184.0	81.0
5.510055E13	184.0	81.0
5.510056E13	184.0	81.0
5.510057E13	184.0	81.0
5.510058E13	184.0	88.0
5.510059E13	184.0	88.0
5.51006E13	184.0	88.0
5.510061E13	184.0	88.0
5.510062E13	185.0	88.0
5.510063E13	185.0	88.0
5.510064E13	185.0	88.0
5.510065E13	185.0	88.0
5.510066E13	185.0	88.0
5.5100672E13	185.0	81.0
5.510068E13	185.0	81.0
5.510069E13	185.0	81.0
5.51007E13	185.0	81.0
5.510071E13	185.0	81.0
5.510072E13	185.0	81.0
5.510073E13	185.0	81.0
5.510074E13	185.0	81.0
5.510075E13	185.0	81.0
5.510076E13	185.0	81.0
5.510077E13	185.0	81.0
5.510078E13	185.0	88.0
5.510079E13	185.0	88.0
5.5100802E13	185.0	88.0
5.510081E13	185.0	88.0
5.510082E13	185.0	81.0
5.510083E13	185.0	81.0
5.510084E13	185.0	81.0
5.510085E13	185.0	88.0
5.510086E13	185.0	88.0
5.510087E13	185.0	81.0
5.510088E13	185.0	81.0
5.510089E13	185.0	81.0
5.51009E13	185.0	81.0
5.510091E13	185.0	81.0
5.510092E13	185.0	81.0
5.5100932E13	185.0	88.0
5.510094E13	185.0	88.0
5.510095E13	185.0	88.0
5.510096E13	185.0	88.0
5.510097E13	185.0	81.0
5.510098E13	185.0	81.0
5.510099E13	185.0	81.0
5.5101E13	185.0	81.0
5.510101E13	185.0	81.0
5.510102E13	185.0	81.0
5.510103E13	185.0	81.0
5.510104E13	185.0	81.0
5.510105E13	185.0	81.0
5.5101062E13	185.0	81.0
5.510107E13	185.0	81.0
5.510108E13	185.0	81.0
5.510109E13	185.0	81.0
5.51011E13	185.0	81.0
5.5101113E13	185.0	81.0
5.510112E13	185.0	81.0
5.510113E13	185.0	81.0
5.510114E13	185.0	88.0
5.510115E13	185.0	88.0
5.510116E13	185.0	88.0
5.510117E13	185.0	81.0
5.510118E13	185.0	81.0
5.5101192E13	185.0	81.0
5.51012E13	185.0	81.0
5.510121E13	185.0	81.0
5.510122E13	185.0	81.0
5.510123E13	185.0	81.0
5.5101243E13	185.0	81.0
5.510125E13	185.0	81.0
5.510126E13	185.0	81.0
5.510127E13	185.0	81.0
5.510128E13	185.0	81.0
5.510129E13	185.0	81.0
5.51013E13	185.0	81.0
5.510131E13	185.0	88.0
5.5101322E13	185.0	80.0
5.510133E13	185.0	88.0
5.510134E13	185.0	81.0
5.510135E13	185.0	81.0
5.510136E13	185.0	81.0
5.5101373E13	185.0	81.0
5.510138E13	185.0	81.0
5.510139E13	185.0	81.0
5.5101402E13	185.0	81.0
5.510141E13	185.0	81.0
5.5101423E13	185.0	81.0
5.510143E13	185.0	81.0
5.510144E13	185.0	81.0
5.5101452E13	185.0	81.0
5.510146E13	185.0	81.0
5.510147E13	185.0	81.0
5.510148E13	185.0	81.0
5.510149E13	185.0	81.0
5.5101503E13	185.0	81.0
5.510151E13	185.0	81.0
5.510152E13	185.0	81.0
5.5101532E13	185.0	81.0
5.510154E13	185.0	81.0
5.5101553E13	185.0	81.0
5.510156E13	185.0	81.0
5.510157E13	185.0	81.0
5.5101582E13	185.0	81.0
5.510159E13	185.0	81.0
5.51016E13	185.0	81.0
5.510161E13	185.0	81.0
5.510162E13	185.0	81.0
5.5101633E13	185.0	81.0
5.510164E13	185.0	81.0
5.510165E13	185.0	81.0
5.5101662E13	185.0	81.0
5.510167E13	185.0	81.0
5.5101683E13	185.0	81.0
5.510169E13	185.0	81.0
5.51017E13	185.0	81.0
5.5101712E13	185.0	81.0
5.510172E13	185.0	81.0
5.510173E13	185.0	81.0
5.510174E13	185.0	81.0
5.510175E13	185.0	81.0
5.5101763E13	185.0	81.0
5.510177E13	185.0	81.0
5.510178E13	184.0	81.0
5.5101792E13	184.0	81.0
5.51018E13	184.0	81.0
5.5101813E13	184.0	81.0
5.510182E13	184.0	81.0
5.510183E13	184.0	81.0
5.5101843E13	184.0	81.0
5.510185E13	184.0	81.0
5.5101863E13	184.0	81.0
5.510187E13	184.0	81.0
5.510188E13	184.0	81.0
5.5101893E13	184.0	81.0
5.51019E13	184.0	81.0
5.510191E13	184.0	81.0
5.5101922E13	184.0	81.0
5.510193E13	184.0	81.0
5.5101943E13	184.0	81.0
5.510195E13	184.0	81.0
5.510196E13	184.0	81.0
5.5101973E13	184.0	81.0
5.510198E13	184.0	81.0
5.5101994E13	184.0	81.0
5.5102E13	184.0	81.0
5.510201E13	184.0	81.0
5.5102023E13	184.0	81.0
5.510203E13	184.0	81.0
5.5102044E13	184.0	81.0
5.5102052E13	184.0	81.0
5.510206E13	184.0	81.0
5.5102073E13	184.0	81.0
5.510208E13	184.0	81.0
5.510209E13	184.0	81.0
5.5102103E13	184.0	81.0
5.510211E13	184.0	81.0
5.5102124E13	184.0	81.0
5.510213E13	184.0	81.0
5.510214E13	184.0	81.0
5.5102153E13	184.0	81.0
5.510216E13	184.0	81.0
5.5102174E13	184.0	81.0
5.5102182E13	184.0	81.0
5.510219E13	184.0	81.0
5.5102203E13	184.0	81.0
5.510221E13	184.0	81.0
5.510222E13	184.0	81.0
5.5102233E13	184.0	81.0
5.5102254E13	184.0	81.0
5.510226E13	184.0	81.0
5.510227E13	184.0	81.0
5.5102283E13	184.0	81.0
5.510229E13	184.0	81.0
5.5102304E13	184.0	81.0
5.5102312E13	184.0	81.0
5.510232E13	184.0	81.0
5.5102333E13	184.0	81.0
5.510234E13	184.0	81.0
5.5102354E13	184.0	81.0
5.5102363E13	184.0	81.0
5.510237E13	184.0	81.0
5.5102384E13	184.0	81.0
5.510239E13	184.0	81.0
5.51024E13	184.0	81.0
5.5102413E13	184.0	81.0
5.510242E13	184.0	48.0
5.5102434E13	184.0	81.0
5.5102442E13	184.0	81.0
5.510245E13	184.0	81.0
5.5102463E13	184.0	81.0
5.510247E13	184.0	81.0
5.5102484E13	184.0	81.0
5.5102493E13	184.0	81.0
5.51025E13	184.0	81.0
5.5102514E13	184.0	81.0
5.510252E13	184.0	81.0
5.510253E13	184.0	81.0
5.5102543E13	184.0	81.0
5.510255E13	184.0	81.0
5.5102564E13	184.0	81.0
5.5102572E13	184.0	81.0
5.510258E13	184.0	81.0
5.5102593E13	184.0	81.0
5.51026E13	184.0	81.0
5.510261E13	185.0	81.0
5.5102623E13	185.0	81.0
5.510263E13	185.0	81.0
5.5102644E13	185.0	81.0
5.510265E13	185.0	81.0
5.510266E13	185.0	80.0
5.5102673E13	185.0	80.0
5.510268E13	185.0	81.0
5.5102694E13	185.0	81.0
5.5102702E13	185.0	81.0
5.510271E13	185.0	81.0
5.5102723E13	185.0	81.0
5.510273E13	185.0	81.0
5.5102744E13	185.0	81.0
5.5102753E13	185.0	81.0
5.510276E13	185.0	81.0
5.5102774E13	185.0	80.0
5.510278E13	185.0	80.0
5.510279E13	185.0	80.0
5.5102803E13	185.0	80.0
5.510281E13	185.0	81.0
5.5102824E13	185.0	81.0
5.5102832E13	185.0	81.0
5.510284E13	185.0	81.0
5.5102853E13	185.0	81.0
5.510286E13	185.0	81.0
5.5102874E13	185.0	81.0
5.5102883E13	185.0	81.0
5.510289E13	185.0	81.0
5.5102904E13	185.0	81.0
5.510291E13	185.0	81.0
5.5102925E13	185.0	81.0
5.5102933E13	185.0	81.0
5.510294E13	185.0	81.0
5.5102954E13	185.0	81.0
5.5102962E13	185.0	81.0
5.510297E13	185.0	81.0
5.5102983E13	185.0	81.0
5.510299E13	185.0	81.0
5.5103004E13	185.0	81.0
5.5103013E13	185.0	81.0
5.510302E13	185.0	81.0
5.5103034E13	185.0	81.0
5.510304E13	185.0	81.0
5.5103055E13	185.0	81.0
5.5103063E13	186.0	81.0
5.510307E13	186.0	81.0
5.5103084E13	186.0	81.0
5.5103092E13	185.0	81.0
5.5103105E13	185.0	81.0
5.5103113E13	185.0	81.0
5.510312E13	185.0	81.0
5.5103134E13	185.0	81.0
5.5103143E13	185.0	81.0
5.510315E13	185.0	81.0
5.5103164E13	185.0	81.0
5.5103172E13	185.0	81.0
5.5103185E13	185.0	81.0
5.5103193E13	185.0	81.0
5.51032E13	185.0	81.0
5.5103214E13	185.0	81.0
5.5103222E13	185.0	81.0
5.510323E13	185.0	81.0
5.5103243E13	185.0	81.0
5.510325E13	185.0	81.0
5.5103264E13	185.0	81.0
5.5103273E13	185.0	81.0
5.510328E13	185.0	81.0
5.5103294E13	185.0	81.0
5.5103302E13	185.0	81.0
5.5103315E13	185.0	81.0
5.5103323E13	185.0	81.0
5.510333E13	185.0	81.0
5.5103344E13	185.0	80.0
5.5103352E13	185.0	80.0
5.5103365E13	185.0	80.0
5.5103373E13	185.0	81.0
5.510338E13	185.0	81.0
5.5103394E13	185.0	81.0
5.5103403E13	185.0	81.0
5.510341E13	185.0	81.0
5.5103424E13	185.0	81.0
5.5103432E13	185.0	81.0
5.5103445E13	185.0	81.0
5.5103453E13	185.0	81.0
5.510346E13	185.0	81.0
5.5103474E13	185.0	81.0
5.5103482E13	185.0	81.0
5.5103495E13	185.0	81.0
5.5103503E13	185.0	81.0
5.510351E13	185.0	81.0
5.5103524E13	185.0	81.0
5.5103533E13	185.0	81.0
5.510354E13	185.0	81.0
5.5103554E13	185.0	81.0
5.5103562E13	185.0	81.0
5.5103575E13	185.0	81.0
5.5103583E13	185.0	81.0
5.510359E13	185.0	81.0
5.5103604E13	185.0	81.0
5.5103613E13	185.0	81.0
5.5103625E13	184.0	81.0
5.5103633E13	184.0	81.0
5.510364E13	184.0	81.0
5.5103654E13	184.0	81.0
5.5103663E13	184.0	82.0
5.510367E13	184.0	82.0
5.5103684E13	184.0	81.0
5.5103692E13	184.0	81.0
5.5103705E13	184.0	81.0
5.5103713E13	184.0	81.0
5.510372E13	184.0	81.0
5.5103734E13	184.0	81.0
5.5103743E13	184.0	81.0
5.5103755E13	184.0	81.0
5.5103764E13	184.0	81.0
5.510377E13	183.0	81.0
5.5103784E13	183.0	81.0
5.5103793E13	183.0	81.0
5.51038E13	183.0	81.0
5.5103814E13	183.0	81.0
5.5103822E13	183.0	82.0
5.5103835E13	183.0	82.0
5.5103843E13	183.0	82.0
5.510385E13	183.0	82.0
5.5103864E13	183.0	82.0
5.5103873E13	183.0	82.0
5.5103885E13	183.0	82.0
5.5103894E13	183.0	82.0
5.5103915E13	183.0	81.0
5.5103923E13	183.0	82.0
5.5103935E13	183.0	82.0
5.5103944E13	183.0	82.0
5.5103952E13	183.0	82.0
5.5103965E13	183.0	82.0
5.5103973E13	183.0	82.0
5.510398E13	183.0	82.0
5.5103994E13	183.0	82.0
5.5104003E13	183.0	81.0
5.5104015E13	183.0	81.0
5.5104024E13	183.0	81.0
5.510403E13	183.0	82.0
5.5104045E13	183.0	82.0
5.5104053E13	183.0	82.0
5.5104066E13	183.0	82.0
5.5104074E13	183.0	82.0
5.5104082E13	183.0	82.0
5.5104095E13	183.0	82.0
5.5104103E13	183.0	82.0
5.5104116E13	183.0	82.0
5.5104124E13	183.0	82.0
5.5104133E13	183.0	82.0
5.5104145E13	183.0	82.0
5.5104154E13	183.0	81.0
5.510416E13	183.0	81.0
5.5104175E13	183.0	81.0
5.5104183E13	183.0	81.0
5.5104196E13	183.0	81.0
5.5104204E13	183.0	81.0
5.5104212E13	183.0	81.0
5.5104225E13	183.0	81.0
5.5104233E13	183.0	81.0
5.5104246E13	183.0	82.0
5.5104254E13	183.0	82.0
5.5104263E13	183.0	82.0
5.5104275E13	183.0	82.0
5.5104284E13	183.0	81.0
5.510429E13	183.0	82.0
5.5104305E13	183.0	82.0
5.5104313E13	183.0	82.0
5.5104326E13	183.0	82.0
5.5104334E13	183.0	82.0
5.5104342E13	183.0	82.0
5.5104355E13	183.0	82.0
5.5104363E13	183.0	82.0
5.5104376E13	183.0	82.0
5.5104384E13	183.0	82.0
5.5104393E13	183.0	82.0
5.5104405E13	183.0	82.0
5.5104414E13	183.0	82.0
5.5104426E13	183.0	82.0
5.5104435E13	183.0	82.0
5.5104443E13	183.0	82.0
5.5104456E13	183.0	82.0
5.5104464E13	183.0	82.0
5.5104472E13	183.0	50.0
5.5104485E13	183.0	82.0
5.5104493E13	183.0	82.0
5.5104506E13	183.0	82.0
5.5104514E13	183.0	82.0
5.5104523E13	183.0	82.0
5.5104535E13	183.0	82.0
5.5104544E13	183.0	82.0
5.5104556E13	183.0	82.0
5.5104565E13	183.0	82.0
5.5104573E13	183.0	82.0
5.5104586E13	183.0	82.0
5.5104594E13	183.0	82.0
5.5104602E13	183.0	82.0
5.5104615E13	183.0	82.0
5.5104623E13	183.0	82.0
5.5104636E13	183.0	82.0
5.5104644E13	183.0	82.0
5.5104653E13	183.0	82.0
5.5104665E13	183.0	82.0
5.5104674E13	183.0	82.0
5.5104686E13	183.0	82.0
5.5104695E13	183.0	82.0
5.5104703E13	183.0	82.0
5.5104716E13	183.0	82.0
5.5104724E13	183.0	82.0
5.5104732E13	183.0	82.0
5.5104745E13	183.0	82.0
5.5104753E13	183.0	82.0
5.5104766E13	183.0	81.0
5.5104774E13	183.0	81.0
5.5104783E13	183.0	81.0
5.5104795E13	183.0	82.0
5.5104804E13	183.0	82.0
5.5104816E13	183.0	82.0
5.5104825E13	183.0	82.0
5.5104833E13	183.0	82.0
5.5104846E13	183.0	82.0
5.5104854E13	183.0	82.0
5.5104862E13	183.0	82.0
5.5104875E13	183.0	82.0
5.5104883E13	183.0	82.0
5.5104896E13	183.0	82.0
5.5104904E13	183.0	81.0
5.5104913E13	183.0	81.0
5.5104925E13	183.0	81.0
5.5104934E13	183.0	81.0
5.5104946E13	183.0	81.0
5.5104955E13	183.0	81.0
5.5104963E13	183.0	81.0
5.5104976E13	183.0	81.0
5.5104984E13	183.0	81.0
5.5104997E13	183.0	82.0
5.5105005E13	183.0	82.0
5.5105013E13	183.0	82.0
5.5105026E13	183.0	82.0
5.5105034E13	183.0	82.0
5.5105043E13	183.0	82.0
5.5105055E13	183.0	82.0
5.5105064E13	183.0	82.0
5.5105076E13	183.0	81.0
5.5105085E13	183.0	81.0
5.5105093E13	183.0	81.0
5.5105106E13	183.0	81.0
5.5105114E13	183.0	81.0
5.5105127E13	183.0	81.0
5.5105135E13	183.0	81.0
5.5105143E13	183.0	81.0
5.5105156E13	183.0	81.0
5.5105164E13	183.0	81.0
5.5105173E13	183.0	81.0
5.5105185E13	183.0	81.0
5.5105194E13	183.0	82.0
5.5105206E13	183.0	82.0
5.5105215E13	183.0	81.0
5.5105223E13	183.0	81.0
5.5105236E13	183.0	81.0
5.5105244E13	183.0	81.0
5.5105257E13	183.0	81.0
5.5105265E13	183.0	82.0
5.5105273E13	183.0	82.0
5.5105286E13	183.0	82.0
5.5105294E13	183.0	82.0
5.5105307E13	183.0	82.0
5.5105315E13	183.0	82.0
5.5105324E13	183.0	82.0
5.5105336E13	183.0	82.0
5.5105345E13	183.0	82.0
5.5105353E13	183.0	82.0
5.5105366E13	183.0	82.0
5.5105374E13	183.0	81.0
5.5105387E13	183.0	81.0
5.5105395E13	183.0	81.0
5.5105403E13	183.0	81.0
5.5105416E13	183.0	81.0
5.5105424E13	183.0	81.0
5.5105437E13	183.0	81.0
5.5105445E13	183.0	82.0
5.5105454E13	184.0	82.0
5.5105466E13	184.0	82.0
5.5105475E13	184.0	82.0
5.5105483E13	184.0	81.0
5.5105496E13	184.0	81.0
5.5105504E13	184.0	81.0
5.5105517E13	184.0	81.0
5.5105525E13	184.0	81.0
5.5105534E13	184.0	81.0
5.5105546E13	184.0	81.0
5.5105554E13	184.0	81.0
5.5105567E13	184.0	81.0
5.5105575E13	184.0	81.0
5.5105584E13	184.0	82.0
5.5105596E13	184.0	81.0
5.5105605E13	183.0	81.0
5.5105613E13	183.0	81.0
5.5105626E13	183.0	82.0
5.5105634E13	183.0	81.0
5.5105647E13	183.0	82.0
5.5105655E13	183.0	82.0
5.5105664E13	183.0	82.0
5.5105676E13	183.0	82.0
5.5105685E13	183.0	82.0
5.5105697E13	183.0	82.0
5.5105705E13	183.0	82.0
5.5105714E13	183.0	82.0
5.5105726E13	183.0	82.0
5.5105735E13	183.0	82.0
5.5105747E13	183.0	82.0
5.5105756E13	183.0	82.0
5.5105764E13	183.0	82.0
5.5105777E13	183.0	81.0
5.5105785E13	183.0	81.0
5.5105794E13	183.0	81.0
5.5105806E13	183.0	82.0
5.510582E13	183.0	82.0
5.5105827E13	183.0	82.0
5.5105835E13	183.0	82.0
5.5105844E13	183.0	81.0
5.5105856E13	183.0	82.0
5.5105865E13	182.0	81.0
5.5105877E13	182.0	81.0
5.5105886E13	182.0	82.0
5.5105894E13	182.0	81.0
5.5105907E13	182.0	82.0
5.5105915E13	182.0	82.0
5.5105924E13	182.0	82.0
5.5105936E13	182.0	82.0
5.5105945E13	182.0	82.0
5.5105957E13	182.0	82.0
5.5105966E13	182.0	82.0
5.5105974E13	182.0	82.0
5.5105986E13	182.0	81.0
5.5105995E13	182.0	81.0
5.5106007E13	182.0	81.0
5.5106016E13	182.0	82.0
5.5106024E13	182.0	82.0
5.5106037E13	182.0	82.0
5.5106045E13	182.0	82.0
5.5106054E13	182.0	82.0
5.5106066E13	182.0	82.0
5.5106075E13	182.0	82.0
5.5106087E13	182.0	82.0
5.5106096E13	182.0	82.0
5.5106104E13	182.0	82.0
5.5106117E13	182.0	82.0
5.5106125E13	182.0	82.0
5.5106137E13	182.0	82.0
5.5106146E13	182.0	82.0
5.5106154E13	182.0	81.0
5.5106167E13	182.0	81.0
5.5106175E13	182.0	81.0
5.5106188E13	182.0	81.0
5.5106196E13	182.0	81.0
5.5106205E13	182.0	82.0
5.5106217E13	182.0	82.0
5.5106226E13	182.0	82.0
5.5106234E13	183.0	82.0
5.5106247E13	183.0	82.0
5.5106255E13	183.0	82.0
5.5106268E13	183.0	82.0
5.5106276E13	183.0	82.0
5.5106284E13	183.0	82.0
5.5106297E13	183.0	82.0
5.5106305E13	183.0	82.0
5.5106318E13	183.0	82.0
5.5106326E13	183.0	82.0
5.5106335E13	183.0	82.0
5.5106347E13	183.0	82.0
5.5106356E13	183.0	82.0
5.5106364E13	183.0	82.0
5.5106377E13	183.0	82.0
5.5106385E13	183.0	81.0
5.5106398E13	183.0	81.0
5.5106406E13	183.0	81.0
5.5106414E13	182.0	82.0
5.5106427E13	182.0	82.0
5.5106435E13	182.0	82.0
5.5106448E13	182.0	82.0
5.5106456E13	182.0	82.0
5.5106465E13	182.0	82.0
5.5106477E13	182.0	82.0
5.5106486E13	182.0	82.0
5.51065E13	182.0	82.0
5.5106507E13	182.0	82.0
5.5106515E13	182.0	82.0
5.5106528E13	182.0	82.0
5.5106536E13	182.0	82.0
5.5106544E13	182.0	82.0
5.5106557E13	182.0	81.0
5.5106565E13	182.0	81.0
5.5106578E13	182.0	81.0
5.5106586E13	182.0	82.0
5.5106595E13	182.0	82.0
5.5106607E13	182.0	82.0
5.5106616E13	182.0	82.0
5.510663E13	182.0	82.0
5.5106637E13	182.0	82.0
5.5106645E13	182.0	82.0
5.5106658E13	182.0	82.0
5.5106666E13	182.0	82.0
5.5106674E13	182.0	82.0
5.510671E13	182.0	82.0
5.5106716E13	182.0	82.0
5.5106725E13	182.0	82.0
5.5106737E13	182.0	82.0
5.5106746E13	182.0	82.0
5.510676E13	182.0	81.0
5.5106767E13	182.0	81.0
5.5106775E13	182.0	81.0
5.5106788E13	182.0	82.0
5.5106796E13	182.0	82.0
5.5106804E13	182.0	82.0
5.5106817E13	182.0	82.0
5.5106825E13	182.0	82.0
5.510684E13	182.0	81.0
5.5106846E13	182.0	81.0
5.5106855E13	182.0	82.0
5.5106867E13	182.0	82.0
5.5106876E13	182.0	82.0
5.510689E13	182.0	82.0
5.5106897E13	182.0	82.0
5.5106905E13	182.0	82.0
5.5106918E13	182.0	82.0
5.5106926E13	182.0	82.0
5.510694E13	182.0	82.0
5.5106947E13	182.0	82.0
5.5106955E13	182.0	82.0
5.510697E13	182.0	82.0
5.5106976E13	182.0	81.0
5.5106985E13	182.0	81.0
5.5106997E13	182.0	82.0
5.5107006E13	182.0	82.0
5.510702E13	182.0	81.0
5.5107027E13	182.0	81.0
5.5107035E13	182.0	82.0
5.5107048E13	182.0	82.0
5.5107056E13	182.0	82.0
5.510707E13	182.0	82.0
5.5107077E13	182.0	82.0
5.5107085E13	182.0	82.0
5.51071E13	182.0	82.0
5.5107106E13	182.0	82.0
5.5107115E13	182.0	82.0
5.5107127E13	182.0	82.0
5.5107136E13	182.0	82.0
5.510715E13	182.0	82.0
5.5107157E13	182.0	81.0
5.5107165E13	182.0	81.0
5.5107178E13	181.0	81.0
5.5107186E13	181.0	81.0
5.51072E13	181.0	81.0
5.5107207E13	181.0	82.0
5.5107215E13	182.0	82.0
5.510723E13	182.0	82.0
5.5107236E13	182.0	82.0
5.510725E13	182.0	82.0
5.5107257E13	182.0	82.0
5.5107266E13	182.0	82.0
5.510728E13	182.0	82.0
5.5107287E13	182.0	82.0
5.5107295E13	182.0	81.0
5.5107308E13	182.0	81.0
5.5107316E13	182.0	81.0
5.510733E13	182.0	81.0
5.5107337E13	182.0	81.0
5.5107345E13	182.0	81.0
5.510736E13	182.0	81.0
5.5107366E13	182.0	82.0
5.510738E13	182.0	82.0
5.5107387E13	182.0	82.0
5.5107396E13	182.0	82.0
5.510741E13	182.0	82.0
5.5107417E13	182.0	82.0
5.5107425E13	182.0	82.0
5.5107438E13	182.0	82.0
5.5107446E13	182.0	82.0
5.510746E13	182.0	82.0
5.5107467E13	183.0	82.0
5.5107475E13	183.0	82.0
5.510749E13	183.0	82.0
5.5107496E13	183.0	82.0
5.510751E13	183.0	81.0
5.5107517E13	183.0	81.0
5.5107526E13	183.0	81.0
5.510754E13	184.0	81.0
5.5107547E13	184.0	49.0
5.5107555E13	184.0	81.0
5.5107568E13	184.0	81.0
5.5107576E13	185.0	81.0
5.510759E13	185.0	81.0
5.5107597E13	185.0	81.0
5.5107605E13	185.0	81.0
5.510762E13	185.0	81.0
5.5107626E13	186.0	81.0
5.510764E13	186.0	81.0
5.5107647E13	186.0	81.0
5.5107656E13	186.0	81.0
5.510767E13	186.0	81.0
5.5107677E13	186.0	81.0
5.5107685E13	186.0	81.0
5.5107698E13	187.0	81.0
5.5107706E13	187.0	81.0
5.510772E13	187.0	81.0
5.5107727E13	187.0	81.0
5.5107736E13	188.0	81.0
5.510775E13	188.0	81.0
5.5107756E13	188.0	81.0
5.510777E13	188.0	80.0
5.5107777E13	188.0	80.0
5.5107786E13	188.0	80.0
5.51078E13	188.0	80.0
5.5107807E13	189.0	80.0
5.510782E13	189.0	81.0
5.5107828E13	189.0	81.0
5.5107836E13	189.0	81.0
5.510785E13	189.0	81.0
5.5107857E13	189.0	81.0
5.5107866E13	189.0	81.0
5.510788E13	189.0	80.0
5.5107887E13	189.0	80.0
5.51079E13	189.0	80.0
5.5107907E13	189.0	80.0
5.5107916E13	189.0	80.0
5.510793E13	189.0	80.0
5.5107937E13	189.0	80.0
5.510795E13	189.0	80.0
5.5107958E13	189.0	81.0
5.5107966E13	189.0	81.0
5.510798E13	189.0	81.0
5.5107987E13	189.0	82.0
5.5107996E13	189.0	82.0
5.510801E13	189.0	81.0
5.5108017E13	189.0	81.0
5.510803E13	189.0	81.0
5.5108038E13	189.0	81.0
5.5108046E13	189.0	80.0
5.510806E13	189.0	80.0
5.5108067E13	189.0	80.0
5.510808E13	189.0	80.0
5.5108088E13	189.0	80.0
5.5108096E13	189.0	80.0
5.510811E13	188.0	80.0
5.5108117E13	188.0	80.0
5.5108126E13	188.0	80.0
5.510814E13	188.0	80.0
5.5108147E13	188.0	80.0
5.510816E13	188.0	80.0
5.5108168E13	188.0	81.0
5.5108176E13	188.0	81.0
5.510819E13	188.0	81.0
5.5108197E13	188.0	81.0
5.510821E13	188.0	82.0
5.5108218E13	188.0	82.0
5.5108226E13	188.0	82.0
5.510824E13	188.0	82.0
5.5108247E13	188.0	81.0
5.510826E13	187.0	81.0
5.510827E13	187.0	81.0
5.5108277E13	187.0	81.0
5.510829E13	187.0	81.0
5.5108298E13	187.0	81.0
5.5108306E13	187.0	81.0
5.510832E13	187.0	81.0
5.5108327E13	187.0	81.0
5.510834E13	186.0	81.0
5.5108348E13	186.0	81.0
5.5108356E13	186.0	81.0
5.510837E13	186.0	81.0
5.5108377E13	186.0	81.0
5.510839E13	186.0	81.0
5.51084E13	186.0	80.0
5.5108407E13	185.0	80.0
5.510842E13	185.0	80.0
5.5108428E13	185.0	81.0
5.5108436E13	185.0	81.0
5.510845E13	185.0	81.0
5.5108457E13	185.0	81.0
5.510847E13	185.0	82.0
5.510848E13	185.0	82.0
5.5108486E13	185.0	82.0
5.51085E13	185.0	82.0
5.5108507E13	185.0	82.0
5.510852E13	185.0	82.0
5.510853E13	185.0	81.0
5.5108537E13	185.0	81.0
5.510855E13	185.0	81.0
5.5108558E13	185.0	81.0
5.510857E13	185.0	50.0
5.510858E13	185.0	81.0
5.5108587E13	185.0	81.0
5.51086E13	185.0	81.0
5.510861E13	185.0	81.0
5.5108616E13	185.0	81.0
5.510863E13	185.0	81.0
5.5108637E13	185.0	81.0
5.510865E13	185.0	81.0
5.510866E13	185.0	81.0
5.5108667E13	185.0	81.0
5.510868E13	185.0	81.0
5.5108688E13	185.0	81.0
5.51087E13	184.0	81.0
5.510871E13	184.0	81.0
5.5108717E13	184.0	82.0
5.510873E13	184.0	82.0
5.510874E13	184.0	82.0
5.5108746E13	184.0	82.0
5.510876E13	184.0	82.0
5.5108767E13	184.0	82.0
5.510878E13	184.0	82.0
5.510879E13	184.0	82.0
5.5108797E13	184.0	82.0
5.510881E13	184.0	81.0
5.5108818E13	184.0	81.0
5.510883E13	184.0	81.0
5.510884E13	184.0	81.0
5.5108847E13	184.0	81.0
5.510886E13	184.0	81.0
5.510887E13	184.0	81.0
5.5108876E13	184.0	81.0
5.510889E13	184.0	81.0
5.5108897E13	183.0	81.0
5.510891E13	183.0	81.0
5.510892E13	183.0	81.0
5.5108927E13	183.0	81.0
5.510894E13	183.0	81.0
5.5108948E13	183.0	81.0
5.510896E13	183.0	81.0
5.510897E13	183.0	81.0
5.5108977E13	183.0	81.0
5.510899E13	183.0	81.0
5.5109E13	183.0	81.0
5.5109006E13	183.0	81.0
5.510902E13	183.0	81.0
5.5109027E13	183.0	81.0
5.510904E13	183.0	81.0
5.510905E13	183.0	82.0
5.5109057E13	183.0	82.0
5.510907E13	183.0	82.0
5.5109078E13	183.0	82.0
5.510909E13	184.0	81.0
5.51091E13	184.0	81.0
5.5109107E13	184.0	81.0
5.510912E13	183.0	81.0
5.510913E13	183.0	81.0
5.5109136E13	183.0	81.0
5.510915E13	183.0	81.0
5.5109157E13	184.0	82.0
5.510917E13	184.0	82.0
5.510918E13	184.0	82.0
5.5109187E13	184.0	82.0
5.51092E13	184.0	82.0
5.5109208E13	184.0	82.0
5.510922E13	184.0	82.0
5.510923E13	184.0	81.0
5.5109237E13	184.0	81.0
5.510925E13	184.0	81.0
5.510926E13	184.0	81.0
5.510927E13	184.0	81.0
5.510928E13	184.0	81.0
5.5109287E13	184.0	81.0
5.51093E13	184.0	81.0
5.510931E13	184.0	81.0
5.5109317E13	184.0	81.0
5.510933E13	184.0	82.0
5.5109338E13	184.0	82.0
5.510935E13	184.0	82.0
5.510936E13	184.0	82.0
5.5109367E13	184.0	82.0
5.510938E13	184.0	81.0
5.510939E13	184.0	81.0
5.51094E13	184.0	81.0
5.510941E13	184.0	81.0
5.5109417E13	184.0	81.0
5.510943E13	184.0	81.0
5.510944E13	184.0	82.0
5.510945E13	184.0	82.0
5.510946E13	183.0	82.0
5.5109468E13	183.0	82.0
5.510948E13	183.0	82.0
5.510949E13	183.0	82.0
5.5109497E13	183.0	82.0
5.510951E13	183.0	81.0
5.510952E13	183.0	81.0
5.510953E13	183.0	82.0
5.510954E13	183.0	82.0
5.5109547E13	183.0	82.0
5.510956E13	183.0	82.0
5.510957E13	183.0	82.0
5.510958E13	183.0	82.0
5.510959E13	183.0	82.0
5.5109598E13	183.0	82.0
5.510961E13	183.0	81.0
5.510962E13	183.0	81.0
5.5109627E13	183.0	81.0
5.510964E13	183.0	81.0
5.510965E13	183.0	81.0
5.510966E13	183.0	81.0
5.510967E13	183.0	81.0
5.5109677E13	183.0	81.0
5.510969E13	183.0	81.0
5.51097E13	183.0	81.0
5.510971E13	183.0	81.0
5.510972E13	182.0	81.0
5.5109728E13	182.0	81.0
5.510974E13	182.0	81.0
5.510975E13	182.0	81.0
5.5109757E13	182.0	81.0
5.510977E13	182.0	81.0
5.510978E13	182.0	82.0
5.510979E13	182.0	82.0
5.51098E13	182.0	82.0
5.5109808E13	182.0	82.0
5.510983E13	181.0	83.0
5.510984E13	181.0	83.0
5.510985E13	181.0	83.0
5.5109858E13	181.0	82.0
5.510987E13	181.0	82.0
5.510988E13	181.0	82.0
5.510989E13	181.0	82.0
5.51099E13	181.0	82.0
5.510991E13	181.0	82.0
5.510992E13	181.0	82.0
5.510993E13	181.0	82.0
5.5109938E13	181.0	82.0
5.510995E13	181.0	82.0
5.510996E13	181.0	82.0
5.510997E13	181.0	82.0
5.510998E13	182.0	82.0
5.5109988E13	182.0	82.0
5.511E13	182.0	81.0
5.511001E13	182.0	81.0
5.511002E13	182.0	81.0
5.511003E13	182.0	81.0
5.511004E13	182.0	81.0
5.511005E13	182.0	81.0
5.511006E13	182.0	81.0
5.5110068E13	182.0	81.0
5.511008E13	182.0	82.0
5.5110093E13	183.0	82.0
5.51101E13	183.0	81.0
5.511011E13	183.0	81.0
5.5110118E13	183.0	81.0
5.511013E13	183.0	82.0
5.511014E13	183.0	82.0
5.511015E13	183.0	82.0
5.511016E13	183.0	82.0
5.511017E13	183.0	82.0
5.511018E13	183.0	82.0
5.511019E13	183.0	82.0
5.51102E13	183.0	82.0
5.511021E13	184.0	82.0
5.511022E13	184.0	81.0
5.511023E13	184.0	81.0
5.511024E13	184.0	81.0
5.511025E13	183.0	81.0
5.511026E13	183.0	81.0
5.511028E13	183.0	81.0
5.511029E13	183.0	81.0
5.51103E13	183.0	81.0
5.511031E13	183.0	81.0
5.511033E13	183.0	82.0
5.511034E13	183.0	82.0
5.511035E13	183.0	82.0
5.511036E13	183.0	82.0
5.511037E13	183.0	82.0
5.511038E13	183.0	82.0
5.511039E13	183.0	82.0
5.51104E13	183.0	82.0
5.511041E13	183.0	82.0
5.511042E13	183.0	82.0
5.511043E13	182.0	82.0
5.511044E13	182.0	82.0
5.511045E13	182.0	82.0
5.511046E13	182.0	81.0
5.511047E13	182.0	81.0
5.511048E13	182.0	81.0
5.511049E13	182.0	81.0
5.51105E13	182.0	81.0
5.511051E13	182.0	81.0
5.511052E13	182.0	81.0
5.511053E13	182.0	81.0
5.511054E13	182.0	81.0
5.511055E13	182.0	81.0
5.511056E13	182.0	81.0
5.511057E13	182.0	81.0
5.511058E13	182.0	82.0
5.511059E13	182.0	82.0
5.51106E13	182.0	82.0
5.511061E13	182.0	82.0
5.511062E13	182.0	82.0
5.511063E13	182.0	82.0
5.511064E13	182.0	82.0
5.511065E13	182.0	81.0
5.511066E13	182.0	81.0
5.511067E13	182.0	81.0
5.511068E13	182.0	81.0
5.511069E13	182.0	81.0
5.51107E13	182.0	81.0
5.511071E13	182.0	81.0
5.511073E13	183.0	81.0
5.511074E13	183.0	82.0
5.511075E13	183.0	82.0
5.511076E13	183.0	82.0
5.511077E13	183.0	82.0
5.511078E13	183.0	82.0
5.511079E13	183.0	82.0
5.51108E13	183.0	82.0
5.511081E13	183.0	81.0
5.511082E13	183.0	82.0
5.511083E13	183.0	82.0
5.511084E13	183.0	82.0
5.511085E13	183.0	82.0
5.511086E13	183.0	82.0
5.511087E13	183.0	82.0
5.511088E13	182.0	82.0
5.511089E13	182.0	82.0
5.51109E13	182.0	82.0
5.511091E13	182.0	82.0
5.511092E13	182.0	82.0
5.511093E13	182.0	81.0
5.511094E13	182.0	81.0
5.511095E13	182.0	82.0
5.511096E13	183.0	82.0
5.511097E13	183.0	82.0
5.511098E13	183.0	82.0
5.511099E13	182.0	82.0
5.5111E13	182.0	81.0
5.511101E13	182.0	81.0
5.511102E13	182.0	81.0
5.5111032E13	183.0	81.0
5.511104E13	183.0	81.0
5.511105E13	183.0	81.0
5.511106E13	183.0	82.0
5.511107E13	183.0	82.0
5.511108E13	183.0	82.0
5.511109E13	183.0	81.0
5.51111E13	183.0	81.0
5.511111E13	183.0	81.0
5.511112E13	183.0	81.0
5.511113E13	183.0	82.0
5.511114E13	183.0	82.0
5.511115E13	183.0	82.0
5.5111162E13	183.0	82.0
5.511117E13	183.0	82.0
5.511118E13	183.0	82.0
5.511119E13	183.0	82.0
5.51112E13	183.0	82.0
5.5111213E13	183.0	81.0
5.511122E13	183.0	81.0
5.511123E13	183.0	81.0
5.511124E13	183.0	81.0
5.511125E13	183.0	81.0
5.511126E13	183.0	81.0
5.511127E13	183.0	81.0
5.511128E13	183.0	81.0
5.5111292E13	183.0	81.0
5.51113E13	183.0	81.0
5.511131E13	183.0	81.0
5.511132E13	183.0	81.0
5.511133E13	183.0	82.0
5.5111343E13	183.0	82.0
5.511135E13	183.0	82.0
5.511136E13	183.0	82.0
5.511137E13	183.0	82.0
5.511138E13	183.0	81.0
5.5111393E13	183.0	81.0
5.51114E13	183.0	82.0
5.511141E13	183.0	82.0
5.5111422E13	183.0	82.0
5.511143E13	183.0	82.0
5.511144E13	183.0	82.0
5.511145E13	183.0	82.0
5.511146E13	183.0	82.0
5.5111473E13	183.0	82.0
5.511148E13	183.0	82.0
5.511149E13	183.0	81.0
5.51115E13	183.0	81.0
5.511151E13	183.0	81.0
5.5111523E13	183.0	81.0
5.511153E13	183.0	81.0
5.511154E13	183.0	81.0
5.5111552E13	183.0	81.0
5.511156E13	183.0	82.0
5.5111573E13	183.0	82.0
5.511158E13	183.0	82.0
5.511159E13	183.0	82.0
5.5111603E13	183.0	82.0
5.511161E13	183.0	82.0
5.511162E13	183.0	82.0
5.511163E13	183.0	81.0
5.511164E13	183.0	81.0
5.5111653E13	183.0	81.0
5.511166E13	183.0	81.0
5.511167E13	183.0	81.0
5.5111682E13	183.0	81.0
5.511169E13	183.0	82.0
5.51117E13	183.0	82.0
5.511171E13	183.0	82.0
5.511172E13	183.0	82.0
5.5111733E13	183.0	82.0
5.511174E13	183.0	82.0
5.511175E13	183.0	81.0
5.5111766E13	183.0	81.0
5.511177E13	183.0	81.0
5.5111783E13	183.0	81.0
5.511179E13	183.0	81.0
5.51118E13	183.0	81.0
5.5111812E13	183.0	81.0
5.511182E13	183.0	81.0
5.511183E13	183.0	82.0
5.511184E13	183.0	81.0
5.511185E13	183.0	82.0
5.5111863E13	183.0	82.0
5.511187E13	183.0	81.0
5.511188E13	183.0	81.0
5.511189E13	183.0	81.0
5.51119E13	183.0	81.0
5.5111913E13	183.0	81.0
5.511192E13	183.0	81.0
5.511193E13	183.0	81.0
5.5111942E13	183.0	81.0
5.511195E13	183.0	81.0
5.5111963E13	183.0	81.0
5.5111976E13	183.0	82.0
5.511198E13	183.0	82.0
5.5111997E13	183.0	81.0
5.5112E13	183.0	81.0
5.511201E13	183.0	81.0
5.5112022E13	183.0	81.0
5.511203E13	183.0	81.0
5.5112043E13	183.0	81.0
5.511205E13	183.0	82.0
5.511206E13	183.0	82.0
5.5112072E13	183.0	82.0
5.511208E13	183.0	82.0
5.5112093E13	183.0	82.0
5.51121E13	183.0	82.0
5.511211E13	183.0	81.0
5.5112123E13	182.0	81.0
5.511213E13	182.0	81.0
5.511214E13	182.0	81.0
5.5112152E13	183.0	81.0
5.511216E13	183.0	82.0
5.5112173E13	183.0	82.0
5.511218E13	183.0	82.0
5.511219E13	183.0	82.0
5.5112202E13	183.0	82.0
5.511221E13	183.0	82.0
5.5112223E13	183.0	82.0
5.511223E13	183.0	82.0
5.511224E13	183.0	82.0
5.5112253E13	183.0	82.0
5.511226E13	183.0	82.0
5.5112274E13	183.0	81.0
5.5112282E13	183.0	81.0
5.511229E13	183.0	81.0
5.5112303E13	183.0	81.0
5.511231E13	183.0	81.0
5.511232E13	183.0	82.0
5.5112332E13	183.0	82.0
5.511234E13	183.0	82.0
5.5112353E13	183.0	82.0
5.511236E13	183.0	82.0
5.511237E13	183.0	82.0
5.5112383E13	183.0	82.0
5.511239E13	183.0	82.0
5.5112404E13	183.0	82.0
5.5112412E13	183.0	82.0
5.511242E13	183.0	82.0
5.5112433E13	183.0	82.0
5.511244E13	183.0	82.0
5.511245E13	183.0	82.0
5.5112462E13	183.0	82.0
5.511247E13	183.0	82.0
5.5112483E13	183.0	82.0
5.511249E13	183.0	82.0
5.51125E13	183.0	82.0
5.5112513E13	183.0	81.0
5.511252E13	183.0	81.0
5.5112534E13	183.0	81.0
5.5112542E13	183.0	81.0
5.511255E13	183.0	82.0
5.5112563E13	183.0	82.0
5.511257E13	183.0	82.0
5.511258E13	183.0	82.0
5.5112593E13	183.0	82.0
5.51126E13	183.0	82.0
5.5112613E13	183.0	82.0
5.511262E13	183.0	82.0
5.511263E13	183.0	82.0
5.5112643E13	183.0	82.0
5.511265E13	183.0	81.0
5.5112664E13	183.0	81.0
5.5112672E13	183.0	81.0
5.511268E13	183.0	82.0
5.5112693E13	183.0	82.0
5.51127E13	183.0	82.0
5.5112714E13	183.0	82.0
5.5112723E13	183.0	82.0
5.511273E13	183.0	82.0
5.5112744E13	183.0	82.0
5.511275E13	182.0	82.0
5.511276E13	182.0	82.0
5.5112773E13	182.0	82.0
5.511278E13	182.0	82.0
5.5112794E13	183.0	82.0
5.5112802E13	183.0	82.0
5.511281E13	183.0	82.0
5.5112823E13	183.0	82.0
5.511283E13	183.0	82.0
5.5112844E13	183.0	82.0
5.5112853E13	183.0	82.0
5.511286E13	183.0	82.0
5.5112874E13	183.0	82.0
5.511288E13	183.0	82.0
5.511289E13	183.0	81.0
5.5112903E13	182.0	81.0
5.511291E13	182.0	82.0
5.5112924E13	182.0	82.0
5.5112932E13	182.0	82.0
5.511294E13	183.0	82.0
5.5112953E13	183.0	82.0
5.511296E13	183.0	82.0
5.5112974E13	183.0	82.0
5.5112983E13	183.0	82.0
5.511299E13	183.0	82.0
5.5113004E13	183.0	82.0
5.511301E13	183.0	82.0
5.511302E13	183.0	82.0
5.5113033E13	183.0	82.0
5.511304E13	183.0	82.0
5.5113054E13	182.0	81.0
5.5113062E13	182.0	81.0
5.511307E13	182.0	81.0
5.5113083E13	182.0	82.0
5.511309E13	182.0	82.0
5.5113104E13	182.0	82.0
5.5113113E13	182.0	82.0
5.5113125E13	182.0	82.0
5.5113134E13	182.0	82.0
5.511314E13	182.0	82.0
5.5113155E13	182.0	81.0
5.5113163E13	182.0	81.0
5.511317E13	182.0	81.0
5.5113184E13	182.0	82.0
5.5113192E13	182.0	82.0
5.51132E13	182.0	82.0
5.5113213E13	182.0	82.0
5.511322E13	182.0	82.0
5.5113234E13	182.0	82.0
5.5113243E13	182.0	82.0
5.511325E13	182.0	82.0
5.5113264E13	182.0	81.0
5.511327E13	183.0	81.0
5.511329E13	183.0	81.0
5.5113293E13	183.0	81.0
5.5113306E13	183.0	81.0
5.5113314E13	182.0	81.0
5.5113322E13	182.0	81.0
5.511333E13	182.0	81.0
5.5113343E13	182.0	81.0
5.511335E13	183.0	81.0
5.5113364E13	183.0	81.0
5.5113373E13	183.0	81.0
5.511338E13	183.0	81.0
5.5113394E13	183.0	81.0
5.51134E13	183.0	81.0
5.5113415E13	183.0	81.0
5.5113423E13	183.0	81.0
5.511343E13	183.0	81.0
5.5113444E13	183.0	81.0
5.5113452E13	183.0	81.0
5.511346E13	183.0	82.0
5.5113473E13	183.0	82.0
5.511348E13	183.0	82.0
5.5113494E13	183.0	81.0
5.5113503E13	183.0	81.0
5.511351E13	183.0	81.0
5.5113524E13	183.0	82.0
5.511353E13	183.0	82.0
5.511355E13	183.0	82.0
5.5113553E13	183.0	82.0
5.5113566E13	182.0	82.0
5.5113574E13	182.0	82.0
5.5113582E13	182.0	82.0
5.5113595E13	182.0	82.0
5.5113603E13	182.0	82.0
5.511361E13	182.0	82.0
5.5113624E13	182.0	82.0
5.5113633E13	182.0	82.0
5.511364E13	182.0	82.0
5.5113654E13	182.0	82.0
5.511366E13	182.0	82.0
5.5113675E13	182.0	82.0
5.5113683E13	182.0	82.0
5.511369E13	182.0	82.0
5.5113704E13	182.0	82.0
5.5113712E13	182.0	82.0
5.5113725E13	182.0	82.0
5.5113733E13	182.0	82.0
5.511374E13	182.0	82.0
5.5113754E13	182.0	82.0
5.5113763E13	182.0	82.0
5.511377E13	182.0	82.0
5.5113784E13	182.0	82.0
5.511379E13	182.0	82.0
5.5113805E13	182.0	82.0
5.5113813E13	182.0	82.0
5.511382E13	182.0	82.0
5.5113834E13	182.0	82.0
5.5113842E13	182.0	82.0
5.5113855E13	182.0	82.0
5.5113863E13	182.0	82.0
5.511387E13	182.0	82.0
5.5113884E13	182.0	82.0
5.5113893E13	182.0	82.0
5.5113905E13	182.0	82.0
5.5113914E13	182.0	82.0
5.5113922E13	182.0	82.0
5.5113935E13	182.0	81.0
5.5113943E13	182.0	82.0
5.511395E13	182.0	81.0
5.5113964E13	182.0	82.0
5.5113972E13	182.0	82.0
5.5113985E13	182.0	82.0
5.5113993E13	182.0	81.0
5.5114E13	182.0	81.0
5.5114014E13	182.0	81.0
5.5114023E13	182.0	81.0
5.511403E13	182.0	82.0
5.5114044E13	182.0	82.0
5.5114052E13	182.0	82.0
5.5114065E13	182.0	82.0
5.5114073E13	182.0	82.0
5.511408E13	182.0	82.0
5.5114094E13	182.0	81.0
5.5114102E13	182.0	81.0
5.5114115E13	182.0	81.0
5.5114123E13	182.0	81.0
5.511413E13	182.0	88.0
5.5114144E13	182.0	88.0
5.5114153E13	182.0	88.0
5.5114165E13	182.0	88.0
5.5114174E13	182.0	82.0
5.5114182E13	182.0	82.0
5.5114195E13	182.0	82.0
5.5114203E13	182.0	82.0
5.511421E13	182.0	81.0
5.5114224E13	182.0	81.0
5.5114245E13	182.0	88.0
5.5114232E13	182.0	88.0
5.5114253E13	181.0	88.0
5.511426E13	181.0	81.0
5.5114274E13	181.0	88.0
5.5114283E13	181.0	88.0
5.5114295E13	181.0	88.0
5.5114304E13	181.0	88.0
5.5114312E13	181.0	88.0
5.5114325E13	181.0	88.0
5.5114333E13	181.0	88.0
5.511434E13	181.0	82.0
5.5114354E13	181.0	82.0
5.5114363E13	181.0	88.0
5.5114375E13	181.0	88.0
5.5114396E13	181.0	82.0
5.5114383E13	181.0	82.0
5.5114413E13	181.0	82.0
5.5114417E13	181.0	82.0
5.5114425E13	181.0	82.0
5.5114434E13	181.0	82.0
5.5114442E13	181.0	82.0
5.5114463E13	181.0	88.0
5.5114455E13	181.0	82.0
5.5114476E13	181.0	82.0
5.5114484E13	181.0	88.0
5.5114497E13	181.0	88.0
5.511451E13	181.0	88.0
5.511452E13	181.0	88.0
5.5114534E13	181.0	88.0
5.5114543E13	181.0	88.0
5.5114555E13	181.0	88.0
5.5114564E13	181.0	88.0
5.5114576E13	181.0	82.0
5.5114585E13	180.0	82.0
5.5114593E13	180.0	82.0
5.51146E13	180.0	82.0
5.5114614E13	180.0	82.0
5.5114623E13	181.0	82.0
5.5114635E13	181.0	82.0
5.5114644E13	181.0	82.0
5.5114656E13	181.0	82.0
5.5114677E13	181.0	82.0
5.5114685E13	181.0	82.0
5.5114694E13	181.0	88.0
5.5114702E13	181.0	88.0
5.5114715E13	181.0	82.0
5.5114723E13	181.0	82.0
5.5114736E13	181.0	82.0
5.5114744E13	181.0	82.0
5.5114757E13	181.0	81.0
5.5114765E13	181.0	81.0
5.5114778E13	181.0	82.0
5.511478E13	181.0	82.0
5.5114795E13	181.0	82.0
5.5114803E13	181.0	82.0
5.511482E13	180.0	82.0
5.5114824E13	180.0	82.0
5.5114836E13	180.0	82.0
5.511485E13	180.0	82.0
5.5114857E13	180.0	82.0
5.5114866E13	180.0	82.0
5.5114874E13	180.0	82.0
5.5114883E13	180.0	82.0
5.5114895E13	180.0	82.0
5.5114904E13	180.0	82.0
5.5114916E13	180.0	82.0
5.5114925E13	180.0	82.0
5.5114937E13	180.0	82.0
5.5114946E13	180.0	82.0
5.5114954E13	180.0	82.0
5.5114962E13	180.0	82.0
5.5114975E13	180.0	82.0
5.5114983E13	180.0	82.0
5.5114996E13	180.0	82.0
5.5115004E13	180.0	82.0
5.5115017E13	180.0	82.0
5.5115025E13	180.0	82.0
5.5115038E13	180.0	82.0
5.5115046E13	180.0	82.0
5.5115055E13	180.0	82.0
5.5115063E13	180.0	82.0
5.5115076E13	180.0	82.0
5.5115084E13	180.0	82.0
5.5115097E13	180.0	82.0
5.5115105E13	180.0	82.0
5.5115117E13	180.0	82.0
5.5115126E13	180.0	82.0
5.5115134E13	180.0	82.0
5.5115143E13	180.0	82.0
5.5115155E13	180.0	82.0
5.5115164E13	180.0	82.0
5.5115176E13	180.0	82.0
5.5115185E13	180.0	82.0
5.5115197E13	180.0	82.0
5.5115206E13	180.0	82.0
5.511522E13	180.0	82.0
5.5115222E13	180.0	82.0
5.5115235E13	180.0	82.0
5.5115243E13	180.0	82.0
5.5115256E13	180.0	82.0
5.5115264E13	180.0	82.0
5.5115277E13	180.0	82.0
5.5115285E13	180.0	82.0
5.5115298E13	180.0	82.0
5.5115306E13	180.0	82.0
5.5115315E13	180.0	82.0
5.5115323E13	180.0	82.0
5.5115336E13	180.0	82.0
5.5115344E13	180.0	82.0
5.5115357E13	180.0	82.0
5.5115365E13	180.0	82.0
5.5115378E13	180.0	82.0
5.5115386E13	180.0	82.0
5.51154E13	180.0	82.0
5.5115403E13	180.0	82.0
5.5115415E13	180.0	82.0
5.5115424E13	180.0	82.0
5.5115436E13	180.0	82.0
5.5115445E13	179.0	82.0
5.5115457E13	179.0	82.0
5.5115466E13	179.0	82.0
5.511548E13	179.0	82.0
5.5115487E13	179.0	82.0
5.5115495E13	179.0	82.0
5.5115503E13	179.0	82.0
5.5115516E13	179.0	82.0
5.5115524E13	179.0	82.0
5.5115537E13	179.0	82.0
5.5115545E13	179.0	82.0
5.5115558E13	179.0	82.0
5.5115566E13	179.0	82.0
5.511558E13	179.0	82.0
5.5115583E13	179.0	82.0
5.5115596E13	179.0	82.0
5.5115604E13	179.0	82.0
5.5115617E13	179.0	82.0
5.5115625E13	179.0	82.0
5.5115638E13	179.0	82.0
5.5115646E13	179.0	82.0
5.511566E13	179.0	82.0
5.5115667E13	179.0	82.0
5.5115675E13	179.0	82.0
5.5115684E13	179.0	82.0
5.5115696E13	179.0	82.0
5.5115705E13	179.0	82.0
5.5115717E13	179.0	82.0
5.5115726E13	179.0	82.0
5.511574E13	179.0	82.0
5.5115747E13	179.0	82.0
5.5115755E13	179.0	82.0
5.5115763E13	179.0	82.0
5.5115776E13	179.0	82.0
5.5115784E13	179.0	82.0
5.5115797E13	179.0	83.0
5.5115805E13	179.0	82.0
5.511582E13	179.0	82.0
5.511583E13	179.0	83.0
5.511584E13	179.0	82.0
5.5115843E13	179.0	82.0
5.511587E13	179.0	82.0
5.511587E13	179.0	82.0
5.5115877E13	179.0	82.0
5.5115885E13	179.0	82.0
5.5115898E13	179.0	82.0
5.5115906E13	179.0	82.0
5.511592E13	179.0	82.0
5.5115927E13	179.0	82.0
5.5115935E13	179.0	82.0
5.5115944E13	179.0	82.0
5.5115956E13	179.0	82.0
5.5115965E13	179.0	82.0
5.5115977E13	179.0	82.0
5.5115986E13	179.0	83.0
5.5116E13	179.0	83.0
5.5116007E13	179.0	83.0
5.511602E13	179.0	83.0
5.5116023E13	179.0	82.0
5.5116036E13	179.0	82.0
5.5116044E13	179.0	82.0
5.5116057E13	179.0	82.0
5.5116065E13	179.0	82.0
5.511608E13	179.0	82.0
5.5116086E13	179.0	82.0
5.51161E13	179.0	82.0
5.5116107E13	179.0	82.0
5.5116116E13	179.0	82.0
5.5116124E13	179.0	82.0
5.5116137E13	179.0	82.0
5.5116145E13	179.0	82.0
5.5116158E13	179.0	82.0
5.5116166E13	179.0	82.0
5.511618E13	179.0	82.0
5.5116187E13	179.0	82.0
5.5116195E13	179.0	82.0
5.5116204E13	179.0	82.0
5.5116216E13	179.0	82.0
5.5116225E13	179.0	82.0
5.5116237E13	179.0	82.0
5.5116246E13	179.0	83.0
5.511626E13	179.0	83.0
5.5116267E13	179.0	83.0
5.511628E13	179.0	82.0
5.5116284E13	179.0	83.0
5.5116296E13	179.0	82.0
5.5116304E13	179.0	82.0
5.5116317E13	179.0	82.0
5.5116325E13	179.0	82.0
5.511634E13	179.0	82.0
5.5116346E13	179.0	82.0
5.511636E13	179.0	82.0
5.5116367E13	179.0	82.0
5.5116376E13	179.0	82.0
5.5116384E13	179.0	83.0
5.5116397E13	179.0	83.0
5.5116405E13	179.0	82.0
5.5116418E13	179.0	82.0
5.5116426E13	179.0	82.0
5.511644E13	179.0	82.0
5.5116447E13	179.0	82.0
