5.5465807E13	2617.0	81.0
5.5465816E13	2617.0	81.0
5.5465824E13	2617.0	81.0
5.5465837E13	2617.0	81.0
5.5465845E13	2617.0	81.0
5.5465858E13	2617.0	82.0
5.5465866E13	2618.0	82.0
5.5465875E13	2618.0	82.0
5.5465887E13	2618.0	82.0
5.5465896E13	2618.0	82.0
5.546591E13	2618.0	81.0
5.5465916E13	2618.0	81.0
5.5465925E13	2618.0	81.0
5.5465937E13	2618.0	81.0
5.5465946E13	2618.0	81.0
5.546596E13	2618.0	82.0
5.5465967E13	2618.0	82.0
5.5465975E13	2617.0	82.0
5.5465988E13	2617.0	82.0
5.5465996E13	2617.0	82.0
5.5466005E13	2619.0	81.0
5.5466017E13	2619.0	81.0
5.5466026E13	2619.0	81.0
5.546604E13	2619.0	81.0
5.5466047E13	2620.0	82.0
5.5466055E13	2620.0	82.0
5.5466067E13	2620.0	82.0
5.5466076E13	2620.0	82.0
5.546609E13	2620.0	82.0
5.5466097E13	2620.0	82.0
5.5466105E13	2620.0	82.0
5.5466118E13	2620.0	82.0
5.5466126E13	2619.0	82.0
5.5466147E13	2620.0	54.0
5.5466135E13	2620.0	54.0
5.546617E13	2620.0	54.0
5.5466156E13	2620.0	81.0
5.5466185E13	2620.0	81.0
5.5466177E13	2620.0	81.0
5.5466198E13	2620.0	81.0
5.5466206E13	2620.0	81.0
5.546622E13	2620.0	81.0
5.5466227E13	2620.0	81.0
5.5466235E13	2621.0	81.0
5.5466248E13	2621.0	82.0
5.5466256E13	2621.0	82.0
5.5466265E13	2621.0	82.0
5.5466277E13	2621.0	82.0
5.5466286E13	2621.0	82.0
5.54663E13	2621.0	82.0
5.5466307E13	2624.0	82.0
5.5466315E13	2624.0	82.0
5.5466328E13	2624.0	82.0
5.5466336E13	2624.0	82.0
5.546635E13	2625.0	82.0
5.5466357E13	2625.0	82.0
5.5466365E13	2625.0	81.0
5.5466378E13	2625.0	81.0
5.5466386E13	2622.0	81.0
5.5466395E13	2622.0	82.0
5.5466407E13	2622.0	82.0
5.5466416E13	2622.0	82.0
5.546643E13	2625.0	82.0
5.5466437E13	2625.0	82.0
5.5466445E13	2625.0	82.0
5.5466458E13	2628.0	82.0
5.5466466E13	2628.0	82.0
5.546648E13	2628.0	82.0
5.5466487E13	2628.0	82.0
5.5466495E13	2629.0	82.0
5.5466508E13	2629.0	82.0
5.5466516E13	2629.0	82.0
5.546653E13	2629.0	82.0
5.5466537E13	2627.0	82.0
5.5466546E13	2627.0	82.0
5.546656E13	2627.0	82.0
5.5466575E13	2629.0	82.0
5.5466567E13	2629.0	82.0
5.5466588E13	2629.0	82.0
5.546661E13	2631.0	81.0
5.5466596E13	2631.0	82.0
5.5466617E13	2631.0	82.0
5.5466625E13	2631.0	82.0
5.546664E13	2629.0	82.0
5.5466646E13	2629.0	82.0
5.5466667E13	2629.0	82.0
5.5466676E13	2629.0	82.0
5.5466655E13	2629.0	82.0
5.5466705E13	2631.0	82.0
5.5466697E13	2631.0	82.0
5.546669E13	2631.0	82.0
5.5466718E13	2631.0	82.0
5.5466726E13	2631.0	82.0
5.546674E13	2633.0	82.0
5.5466747E13	2633.0	82.0
5.5466755E13	2633.0	82.0
5.546677E13	2630.0	82.0
5.5466776E13	2630.0	82.0
5.546679E13	2630.0	82.0
5.5466797E13	2630.0	82.0
5.5466806E13	2634.0	82.0
5.546682E13	2634.0	82.0
5.5466827E13	2634.0	82.0
5.5466835E13	2634.0	82.0
5.5466848E13	2633.0	82.0
5.5466856E13	2633.0	82.0
5.546687E13	2633.0	82.0
5.5466877E13	2631.0	82.0
5.5466885E13	2631.0	82.0
5.54669E13	2631.0	82.0
5.5466906E13	2631.0	82.0
5.546692E13	2631.0	82.0
5.5466927E13	2631.0	82.0
5.5466936E13	2631.0	82.0
5.546695E13	2631.0	82.0
5.5466957E13	2632.0	82.0
5.5466965E13	2632.0	82.0
5.5466978E13	2632.0	82.0
5.5466986E13	2632.0	82.0
5.5467E13	2632.0	82.0
5.5467007E13	2632.0	82.0
5.5467015E13	2632.0	82.0
5.546703E13	2630.0	82.0
5.5467036E13	2630.0	82.0
5.546705E13	2630.0	82.0
5.5467057E13	2630.0	82.0
5.5467066E13	2633.0	82.0
5.546708E13	2633.0	82.0
5.5467087E13	2633.0	82.0
5.54671E13	2633.0	82.0
5.5467108E13	2631.0	82.0
5.5467116E13	2631.0	82.0
5.546713E13	2631.0	82.0
5.5467137E13	2631.0	82.0
5.5467145E13	2632.0	82.0
5.546716E13	2632.0	82.0
5.5467166E13	2629.0	82.0
5.546718E13	2629.0	82.0
5.5467187E13	2629.0	82.0
5.5467196E13	2629.0	81.0
5.546721E13	2629.0	81.0
5.5467217E13	2628.0	81.0
5.546723E13	2628.0	81.0
5.5467238E13	2628.0	81.0
5.5467246E13	2628.0	81.0
5.546726E13	2628.0	81.0
5.5467267E13	2628.0	81.0
5.5467275E13	2628.0	81.0
5.546729E13	2628.0	81.0
5.5467296E13	2630.0	81.0
5.546731E13	2630.0	81.0
5.5467317E13	2630.0	81.0
5.5467326E13	2630.0	81.0
5.546734E13	2630.0	81.0
5.5467347E13	2630.0	81.0
5.546736E13	2630.0	81.0
5.5467368E13	2633.0	81.0
5.5467376E13	2633.0	81.0
5.546739E13	2633.0	81.0
5.5467397E13	2633.0	81.0
5.5467405E13	2634.0	81.0
5.546742E13	2634.0	81.0
5.5467426E13	2634.0	81.0
5.546744E13	2634.0	81.0
5.5467447E13	2639.0	81.0
5.5467456E13	2639.0	81.0
5.546747E13	2639.0	81.0
5.5467477E13	2639.0	81.0
5.546749E13	2639.0	81.0
5.5467498E13	2639.0	82.0
5.5467506E13	2639.0	82.0
5.546752E13	2647.0	82.0
5.5467527E13	2647.0	82.0
5.546754E13	2647.0	82.0
5.546755E13	2647.0	83.0
5.5467556E13	2654.0	83.0
5.546757E13	2654.0	83.0
5.5467577E13	2654.0	83.0
5.5467586E13	2654.0	83.0
5.54676E13	2659.0	83.0
5.5467607E13	2659.0	83.0
5.546762E13	2659.0	83.0
5.5467628E13	2662.0	83.0
5.5467636E13	2662.0	83.0
5.546765E13	2662.0	83.0
5.5467657E13	2662.0	83.0
5.546767E13	2668.0	83.0
5.546768E13	2668.0	83.0
5.5467686E13	2668.0	83.0
5.54677E13	2668.0	83.0
5.5467707E13	2671.0	83.0
5.546772E13	2671.0	84.0
5.546773E13	2671.0	84.0
5.5467737E13	2672.0	84.0
5.546775E13	2672.0	84.0
5.5467758E13	2672.0	83.0
5.5467766E13	2672.0	83.0
5.546778E13	2674.0	83.0
5.5467787E13	2674.0	83.0
5.54678E13	2674.0	83.0
5.546781E13	2674.0	83.0
5.5467817E13	2678.0	83.0
5.546783E13	2678.0	83.0
5.5467837E13	2678.0	83.0
5.546785E13	2678.0	83.0
5.546786E13	2676.0	83.0
5.5467867E13	2676.0	83.0
5.546788E13	2676.0	83.0
5.5467888E13	2675.0	83.0
5.5467896E13	2675.0	83.0
5.546791E13	2675.0	83.0
5.5467917E13	2675.0	83.0
5.546793E13	2674.0	83.0
5.546794E13	2674.0	83.0
5.5467947E13	2674.0	83.0
5.546796E13	2674.0	83.0
5.5467968E13	2673.0	83.0
5.546798E13	2673.0	83.0
5.546799E13	2673.0	82.0
5.5467997E13	2672.0	82.0
5.546801E13	2672.0	82.0
5.5468018E13	2672.0	82.0
5.5468026E13	2672.0	82.0
5.546804E13	2670.0	82.0
5.5468047E13	2670.0	82.0
5.546806E13	2670.0	82.0
5.546807E13	2670.0	82.0
5.5468077E13	2667.0	82.0
5.546809E13	2667.0	82.0
5.5468098E13	2667.0	82.0
5.546811E13	2667.0	82.0
5.546812E13	2667.0	82.0
5.5468127E13	2667.0	82.0
5.546814E13	2667.0	82.0
5.5468148E13	2667.0	82.0
5.546816E13	2666.0	82.0
5.546817E13	2666.0	82.0
5.5468177E13	2666.0	82.0
5.546819E13	2664.0	82.0
5.54682E13	2664.0	82.0
5.5468207E13	2664.0	82.0
5.546822E13	2664.0	82.0
5.5468228E13	2664.0	82.0
5.546824E13	2664.0	82.0
5.546825E13	2664.0	82.0
5.5468257E13	2664.0	82.0
5.546827E13	2662.0	82.0
5.5468278E13	2662.0	82.0
5.546829E13	2662.0	83.0
5.54683E13	2664.0	83.0
5.5468307E13	2664.0	83.0
5.546832E13	2664.0	82.0
5.546833E13	2664.0	82.0
5.5468337E13	2663.0	82.0
5.546835E13	2663.0	82.0
5.5468358E13	2663.0	81.0
5.546837E13	2663.0	81.0
5.546838E13	2663.0	82.0
5.5468387E13	2663.0	82.0
5.54684E13	2663.0	82.0
5.546841E13	2663.0	82.0
5.546842E13	2666.0	82.0
5.546843E13	2666.0	83.0
5.5468437E13	2666.0	83.0
5.546845E13	2666.0	83.0
5.546846E13	2666.0	83.0
5.546847E13	2666.0	83.0
5.546848E13	2666.0	83.0
5.5468488E13	2671.0	83.0
5.54685E13	2671.0	82.0
5.546851E13	2671.0	82.0
5.5468517E13	2671.0	82.0
5.546853E13	2669.0	82.0
5.546854E13	2669.0	82.0
5.546855E13	2669.0	82.0
5.546856E13	2669.0	82.0
5.5468567E13	2669.0	82.0
5.546858E13	2669.0	82.0
5.546859E13	2669.0	82.0
5.54686E13	2673.0	82.0
5.546861E13	2673.0	82.0
5.5468618E13	2673.0	82.0
5.546863E13	2673.0	82.0
5.546864E13	2673.0	82.0
5.5468647E13	2673.0	82.0
5.546866E13	2673.0	82.0
5.546867E13	2673.0	82.0
5.546868E13	2671.0	82.0
5.546869E13	2671.0	82.0
5.5468697E13	2671.0	82.0
5.546871E13	2671.0	82.0
5.546872E13	2673.0	82.0
5.546873E13	2673.0	82.0
5.546874E13	2676.0	82.0
5.5468748E13	2676.0	82.0
5.546876E13	2676.0	82.0
5.546877E13	2676.0	82.0
5.5468777E13	2676.0	82.0
5.546879E13	2677.0	82.0
5.54688E13	2677.0	82.0
5.546881E13	2677.0	81.0
5.546882E13	2678.0	81.0
5.5468827E13	2678.0	81.0
5.546884E13	2678.0	81.0
5.546885E13	2678.0	81.0
5.546886E13	2677.0	80.0
5.546887E13	2677.0	81.0
5.546888E13	2677.0	81.0
5.546889E13	2683.0	81.0
5.54689E13	2683.0	81.0
5.546891E13	2683.0	82.0
5.546892E13	2683.0	82.0
5.546893E13	2689.0	83.0
5.546894E13	2689.0	83.0
5.546895E13	2689.0	83.0
5.5468957E13	2689.0	83.0
5.546897E13	2697.0	83.0
5.546898E13	2697.0	83.0
5.546899E13	2697.0	83.0
5.5469E13	2697.0	83.0
5.5469008E13	2702.0	83.0
5.546902E13	2702.0	83.0
5.546903E13	2705.0	82.0
5.546905E13	2705.0	82.0
5.5469037E13	2705.0	82.0
5.546906E13	2705.0	81.0
5.546908E13	2710.0	81.0
5.546907E13	2710.0	81.0
5.5469087E13	2710.0	81.0
5.54691E13	2710.0	81.0
5.546911E13	2718.0	81.0
5.546913E13	2718.0	81.0
5.546915E13	2718.0	81.0
5.546912E13	2718.0	81.0
5.5469138E13	2718.0	81.0
5.546916E13	2723.0	82.0
5.546917E13	2723.0	82.0
5.546918E13	2723.0	82.0
5.546919E13	2733.0	83.0
5.5469205E13	2733.0	83.0
5.546921E13	2733.0	83.0
5.5469217E13	2733.0	83.0
5.546923E13	2733.0	83.0
5.546924E13	2742.0	84.0
5.546925E13	2742.0	84.0
5.546926E13	2742.0	55.0
5.5469268E13	2749.0	55.0
5.546928E13	2749.0	55.0
5.546929E13	2749.0	55.0
5.54693E13	2749.0	55.0
5.546931E13	2749.0	55.0
5.546932E13	2755.0	56.0
5.546933E13	2755.0	56.0
5.546934E13	2755.0	56.0
5.5469347E13	2760.0	55.0
5.546936E13	2760.0	55.0
5.546937E13	2760.0	84.0
5.546938E13	2760.0	84.0
5.546939E13	2768.0	55.0
5.5469398E13	2768.0	55.0
5.546941E13	2768.0	55.0
5.546942E13	2768.0	55.0
5.546943E13	2775.0	55.0
5.546944E13	2775.0	55.0
5.546945E13	2775.0	55.0
5.546946E13	2775.0	55.0
5.546947E13	2782.0	55.0
5.5469477E13	2782.0	55.0
5.546949E13	2782.0	55.0
5.54695E13	2786.0	84.0
5.546951E13	2786.0	55.0
5.546952E13	2786.0	55.0
5.5469528E13	2786.0	55.0
5.546954E13	2791.0	55.0
5.546955E13	2791.0	55.0
5.546956E13	2791.0	55.0
5.546957E13	2791.0	55.0
5.546958E13	2797.0	55.0
5.546959E13	2797.0	55.0
5.54696E13	2797.0	55.0
5.546961E13	2797.0	55.0
5.546962E13	2797.0	55.0
5.546963E13	2797.0	55.0
5.546964E13	2797.0	55.0
5.546965E13	2802.0	55.0
5.5469658E13	2802.0	55.0
5.546967E13	2802.0	55.0
5.546968E13	2802.0	84.0
5.546969E13	2805.0	55.0
5.54697E13	2805.0	84.0
5.546971E13	2805.0	84.0
5.546972E13	2805.0	84.0
5.546973E13	2812.0	55.0
5.546974E13	2812.0	55.0
5.546975E13	2812.0	55.0
5.546976E13	2814.0	55.0
5.546977E13	2814.0	55.0
5.546978E13	2814.0	55.0
5.5469788E13	2820.0	85.0
5.54698E13	2820.0	85.0
5.546981E13	2820.0	55.0
5.546982E13	2820.0	55.0
5.546983E13	2820.0	55.0
5.546984E13	2823.0	86.0
5.546985E13	2823.0	55.0
5.546986E13	2823.0	55.0
5.546987E13	2823.0	55.0
5.546989E13	2822.0	55.0
5.546991E13	2821.0	85.0
5.5469918E13	2821.0	85.0
5.546993E13	2821.0	55.0
5.546994E13	2821.0	85.0
5.546995E13	2819.0	55.0
5.546996E13	2819.0	55.0
5.546997E13	2819.0	55.0
5.546998E13	2819.0	55.0
5.546999E13	2817.0	55.0
5.547E13	2817.0	85.0
5.547001E13	2817.0	85.0
5.547002E13	2817.0	85.0
5.547003E13	2816.0	84.0
5.547004E13	2816.0	84.0
5.547005E13	2816.0	84.0
5.547006E13	2811.0	84.0
5.547007E13	2811.0	84.0
5.547008E13	2811.0	84.0
5.547009E13	2811.0	83.0
5.54701E13	2809.0	55.0
5.547011E13	2809.0	55.0
5.547012E13	2809.0	55.0
5.547013E13	2809.0	55.0
5.547014E13	2808.0	83.0
5.547015E13	2808.0	83.0
5.547016E13	2808.0	83.0
5.547017E13	2808.0	83.0
5.5470182E13	2804.0	83.0
5.547019E13	2804.0	83.0
5.54702E13	2804.0	83.0
5.547021E13	2800.0	83.0
5.547022E13	2800.0	83.0
5.547023E13	2800.0	83.0
5.547024E13	2800.0	83.0
5.547025E13	2801.0	83.0
5.547026E13	2801.0	83.0
5.547027E13	2801.0	83.0
5.547028E13	2801.0	83.0
5.547029E13	2796.0	83.0
5.54703E13	2796.0	83.0
5.5470312E13	2796.0	83.0
5.547032E13	2796.0	83.0
5.547033E13	2794.0	83.0
5.547034E13	2794.0	83.0
5.547035E13	2794.0	83.0
5.547036E13	2792.0	83.0
5.547037E13	2792.0	83.0
5.547038E13	2792.0	83.0
5.547039E13	2792.0	83.0
5.54704E13	2790.0	83.0
5.547042E13	2790.0	83.0
5.547043E13	2790.0	83.0
5.5470442E13	2789.0	83.0
5.547045E13	2789.0	83.0
5.547046E13	2789.0	83.0
5.547047E13	2789.0	83.0
5.547048E13	2787.0	83.0
5.5470492E13	2787.0	83.0
5.54705E13	2787.0	83.0
5.547051E13	2785.0	83.0
5.547052E13	2785.0	83.0
5.547053E13	2785.0	83.0
5.547054E13	2785.0	83.0
5.547055E13	2784.0	83.0
5.547056E13	2784.0	83.0
5.5470572E13	2784.0	83.0
5.547058E13	2784.0	83.0
5.547059E13	2784.0	83.0
5.54706E13	2784.0	83.0
5.547061E13	2784.0	83.0
5.5470623E13	2784.0	83.0
5.547063E13	2784.0	83.0
5.547064E13	2784.0	83.0
5.547065E13	2784.0	83.0
5.547066E13	2785.0	83.0
5.547067E13	2785.0	83.0
5.547068E13	2785.0	83.0
5.547069E13	2785.0	83.0
5.5470702E13	2786.0	83.0
5.547071E13	2786.0	83.0
5.547072E13	2786.0	83.0
5.547073E13	2786.0	84.0
5.547074E13	2787.0	83.0
5.5470753E13	2787.0	83.0
5.547076E13	2787.0	83.0
5.547077E13	2788.0	83.0
5.547078E13	2788.0	83.0
5.547079E13	2788.0	83.0
5.5470803E13	2788.0	83.0
5.547081E13	2788.0	83.0
5.547082E13	2788.0	83.0
5.5470832E13	2788.0	83.0
5.547084E13	2788.0	83.0
5.547085E13	2788.0	83.0
5.547086E13	2788.0	83.0
5.547087E13	2788.0	83.0
5.5470883E13	2788.0	83.0
5.547089E13	2788.0	82.0
5.54709E13	2788.0	82.0
5.547091E13	2788.0	82.0
5.547092E13	2785.0	82.0
5.5470933E13	2785.0	82.0
5.547094E13	2785.0	82.0
5.547095E13	2785.0	82.0
5.5470962E13	2781.0	82.0
5.547097E13	2781.0	82.0
5.547098E13	2781.0	82.0
5.547099E13	2781.0	83.0
5.5471E13	2782.0	83.0
5.5471013E13	2782.0	84.0
5.547102E13	2782.0	84.0
5.547103E13	2782.0	84.0
5.547104E13	2782.0	84.0
5.547105E13	2782.0	85.0
5.5471063E13	2782.0	85.0
5.547107E13	2779.0	85.0
5.547108E13	2779.0	85.0
5.5471092E13	2779.0	85.0
5.54711E13	2779.0	85.0
5.5471113E13	2777.0	85.0
5.547112E13	2777.0	84.0
5.547113E13	2777.0	84.0
5.5471143E13	2777.0	84.0
5.547115E13	2772.0	84.0
5.547116E13	2772.0	84.0
5.547117E13	2772.0	83.0
5.547118E13	2772.0	83.0
5.5471193E13	2769.0	83.0
5.54712E13	2769.0	82.0
5.547121E13	2769.0	82.0
5.5471222E13	2766.0	82.0
5.547123E13	2766.0	82.0
5.5471243E13	2766.0	82.0
5.547125E13	2766.0	82.0
5.547126E13	2766.0	82.0
5.5471273E13	2766.0	82.0
5.547128E13	2766.0	82.0
5.547129E13	2766.0	83.0
5.54713E13	2766.0	83.0
5.547131E13	2766.0	83.0
5.5471323E13	2766.0	83.0
5.547133E13	2766.0	83.0
5.547134E13	2769.0	83.0
5.5471352E13	2769.0	83.0
5.547136E13	2769.0	83.0
5.5471373E13	2771.0	83.0
5.547138E13	2771.0	83.0
5.547139E13	2771.0	83.0
5.5471403E13	2771.0	83.0
5.547141E13	2768.0	83.0
5.5471424E13	2768.0	83.0
5.547143E13	2768.0	83.0
5.547144E13	2768.0	83.0
5.5471453E13	2766.0	83.0
5.547146E13	2766.0	83.0
5.547147E13	2766.0	83.0
5.5471482E13	2766.0	82.0
5.547149E13	2762.0	82.0
5.5471503E13	2762.0	82.0
5.547151E13	2762.0	82.0
5.547152E13	2757.0	82.0
5.5471533E13	2757.0	81.0
5.547154E13	2757.0	81.0
5.5471554E13	2757.0	81.0
5.547156E13	2753.0	82.0
5.547157E13	2753.0	82.0
5.5471583E13	2753.0	82.0
5.547159E13	2753.0	82.0
5.54716E13	2751.0	82.0
5.5471612E13	2751.0	82.0
5.547162E13	2751.0	82.0
5.5471633E13	2750.0	83.0
5.547164E13	2750.0	83.0
5.547165E13	2750.0	83.0
5.5471663E13	2750.0	83.0
5.547167E13	2751.0	83.0
5.5471684E13	2751.0	83.0
5.547169E13	2751.0	83.0
5.54717E13	2751.0	83.0
5.5471713E13	2750.0	83.0
5.547172E13	2750.0	82.0
5.5471734E13	2750.0	83.0
5.5471742E13	2748.0	82.0
5.547175E13	2748.0	82.0
5.5471763E13	2748.0	83.0
5.547177E13	2746.0	83.0
5.547178E13	2746.0	83.0
5.5471793E13	2746.0	83.0
5.54718E13	2746.0	82.0
5.5471814E13	2744.0	82.0
5.547182E13	2744.0	82.0
5.547183E13	2744.0	82.0
5.5471843E13	2744.0	82.0
5.547185E13	2736.0	55.0
5.5471864E13	2736.0	55.0
5.5471872E13	2736.0	55.0
5.547188E13	2736.0	55.0
5.5471893E13	2736.0	55.0
5.54719E13	2736.0	55.0
5.547191E13	2736.0	55.0
5.5471923E13	2734.0	81.0
5.547193E13	2734.0	81.0
5.5471944E13	2734.0	81.0
5.5471952E13	2734.0	81.0
5.547196E13	2731.0	81.0
5.5471973E13	2731.0	81.0
5.547198E13	2731.0	81.0
5.5471994E13	2731.0	82.0
5.5472002E13	2733.0	82.0
5.547201E13	2733.0	82.0
5.5472023E13	2733.0	83.0
5.547203E13	2733.0	83.0
5.547204E13	2736.0	83.0
5.5472053E13	2736.0	83.0
5.547206E13	2736.0	83.0
5.5472074E13	2736.0	83.0
5.5472082E13	2736.0	83.0
5.547209E13	2736.0	83.0
5.5472103E13	2736.0	83.0
5.547211E13	2736.0	83.0
5.5472124E13	2735.0	83.0
5.5472132E13	2735.0	83.0
5.547214E13	2735.0	83.0
5.5472153E13	2735.0	83.0
5.547216E13	2730.0	82.0
5.547217E13	2730.0	82.0
5.5472183E13	2730.0	82.0
5.547219E13	2730.0	82.0
5.5472204E13	2725.0	82.0
5.5472212E13	2725.0	81.0
5.547222E13	2725.0	82.0
5.5472233E13	2725.0	82.0
5.547224E13	2725.0	82.0
5.5472254E13	2725.0	82.0
5.5472262E13	2725.0	82.0
5.547227E13	2725.0	83.0
5.5472283E13	2725.0	83.0
5.547229E13	2725.0	83.0
5.5472304E13	2725.0	83.0
5.5472313E13	2725.0	83.0
5.547232E13	2725.0	83.0
5.5472334E13	2725.0	83.0
5.5472342E13	2725.0	83.0
5.547235E13	2724.0	82.0
5.5472363E13	2724.0	82.0
5.547237E13	2724.0	82.0
5.5472384E13	2722.0	82.0
5.5472393E13	2722.0	83.0
5.54724E13	2722.0	83.0
5.5472413E13	2722.0	82.0
5.547242E13	2719.0	82.0
5.5472434E13	2719.0	83.0
5.5472443E13	2719.0	83.0
5.547245E13	2719.0	83.0
5.5472464E13	2723.0	83.0
5.5472472E13	2723.0	83.0
5.547248E13	2723.0	83.0
5.5472493E13	2727.0	83.0
5.54725E13	2727.0	83.0
5.5472514E13	2727.0	82.0
5.5472523E13	2727.0	82.0
5.547253E13	2728.0	82.0
5.5472543E13	2728.0	82.0
5.547255E13	2728.0	82.0
5.5472564E13	2728.0	82.0
5.5472573E13	2728.0	82.0
5.547258E13	2728.0	82.0
5.5472594E13	2728.0	82.0
5.5472602E13	2729.0	82.0
5.547261E13	2729.0	82.0
5.5472623E13	2729.0	82.0
5.547263E13	2729.0	82.0
5.5472644E13	2730.0	82.0
5.5472653E13	2730.0	82.0
5.547266E13	2730.0	82.0
5.5472674E13	2730.0	82.0
5.547268E13	2733.0	82.0
5.5472694E13	2733.0	82.0
5.5472703E13	2733.0	82.0
5.547271E13	2733.0	82.0
5.5472724E13	2733.0	81.0
5.5472732E13	2733.0	81.0
5.547274E13	2733.0	81.0
5.5472753E13	2733.0	81.0
5.547276E13	2729.0	81.0
5.5472774E13	2729.0	81.0
5.5472783E13	2729.0	81.0
5.547279E13	2732.0	81.0
5.5472804E13	2732.0	82.0
5.547281E13	2732.0	82.0
5.5472825E13	2729.0	82.0
5.5472833E13	2729.0	82.0
5.547284E13	2729.0	82.0
5.5472854E13	2729.0	82.0
5.5472862E13	2729.0	81.0
5.5472875E13	2728.0	81.0
5.5472883E13	2728.0	81.0
5.547289E13	2728.0	81.0
5.5472904E13	2728.0	81.0
5.5472913E13	2723.0	82.0
5.547292E13	2723.0	82.0
5.5472934E13	2723.0	82.0
5.547294E13	2724.0	82.0
5.5472955E13	2724.0	82.0
5.5472963E13	2724.0	82.0
5.547297E13	2724.0	82.0
5.5472984E13	2721.0	82.0
5.5472992E13	2721.0	82.0
5.5473005E13	2721.0	82.0
5.5473013E13	2721.0	82.0
5.547302E13	2721.0	82.0
5.5473034E13	2721.0	82.0
5.5473043E13	2721.0	82.0
5.5473055E13	2721.0	81.0
5.5473064E13	2718.0	82.0
5.547307E13	2718.0	82.0
5.5473085E13	2718.0	81.0
5.5473093E13	2720.0	82.0
5.54731E13	2720.0	82.0
5.5473114E13	2720.0	82.0
5.5473122E13	2720.0	82.0
5.5473135E13	2724.0	82.0
5.5473143E13	2724.0	82.0
5.547315E13	2724.0	82.0
5.5473164E13	2724.0	82.0
5.5473173E13	2723.0	82.0
5.5473185E13	2723.0	82.0
5.5473194E13	2723.0	82.0
5.54732E13	2723.0	82.0
5.5473215E13	2723.0	82.0
5.5473223E13	2723.0	82.0
5.5473236E13	2723.0	82.0
5.5473244E13	2725.0	82.0
5.5473252E13	2725.0	83.0
5.5473265E13	2725.0	82.0
5.5473273E13	2725.0	82.0
5.547328E13	2727.0	82.0
5.5473294E13	2727.0	82.0
5.5473303E13	2727.0	82.0
5.5473315E13	2727.0	82.0
5.5473324E13	2726.0	82.0
5.547333E13	2726.0	82.0
5.5473345E13	2726.0	82.0
5.5473366E13	2729.0	82.0
5.5473374E13	2729.0	82.0
5.5473382E13	2729.0	82.0
5.5473395E13	2730.0	82.0
5.5473403E13	2730.0	82.0
5.547341E13	2730.0	82.0
5.5473424E13	2730.0	82.0
5.5473433E13	2729.0	82.0
5.5473445E13	2729.0	82.0
5.5473454E13	2729.0	82.0
5.547346E13	2729.0	82.0
5.5473475E13	2730.0	82.0
5.5473483E13	2730.0	82.0
5.5473496E13	2730.0	82.0
5.5473504E13	2731.0	82.0
5.5473525E13	2731.0	82.0
5.5473533E13	2731.0	82.0
5.547354E13	2732.0	82.0
5.5473554E13	2732.0	82.0
5.5473563E13	2732.0	82.0
5.5473575E13	2732.0	82.0
5.5473584E13	2730.0	82.0
5.547359E13	2730.0	82.0
5.5473605E13	2730.0	82.0
5.5473613E13	2730.0	82.0
5.5473626E13	2732.0	82.0
5.5473634E13	2732.0	82.0
5.5473642E13	2732.0	82.0
5.5473655E13	2731.0	82.0
5.5473663E13	2731.0	82.0
5.547367E13	2731.0	82.0
5.5473684E13	2731.0	82.0
5.5473693E13	2729.0	82.0
5.5473705E13	2729.0	82.0
5.5473714E13	2729.0	82.0
5.5473722E13	2729.0	82.0
5.5473735E13	2727.0	82.0
5.5473743E13	2727.0	82.0
5.5473756E13	2727.0	82.0
5.5473764E13	2726.0	82.0
5.5473772E13	2726.0	82.0
5.5473785E13	2726.0	82.0
5.5473793E13	2721.0	82.0
5.5473806E13	2721.0	82.0
5.5473814E13	2721.0	82.0
5.5473823E13	2721.0	82.0
5.5473835E13	2721.0	82.0
5.5473844E13	2721.0	82.0
5.5473852E13	2721.0	82.0
5.5473865E13	2721.0	55.0
5.5473873E13	2719.0	81.0
5.5473886E13	2719.0	81.0
5.5473894E13	2719.0	81.0
5.5473902E13	2719.0	81.0
5.5473915E13	2719.0	81.0
5.5473923E13	2716.0	82.0
5.5473936E13	2716.0	82.0
5.5473944E13	2716.0	82.0
5.5473953E13	2718.0	82.0
5.5473965E13	2718.0	82.0
5.5473974E13	2718.0	82.0
5.5473982E13	2718.0	82.0
5.5473995E13	2719.0	83.0
5.5474003E13	2719.0	82.0
5.5474016E13	2719.0	82.0
5.5474024E13	2719.0	82.0
5.5474032E13	2718.0	82.0
5.5474045E13	2718.0	82.0
5.5474053E13	2718.0	82.0
5.5474066E13	2718.0	82.0
5.5474074E13	2716.0	81.0
5.5474083E13	2716.0	82.0
5.5474095E13	2716.0	82.0
5.5474104E13	2715.0	82.0
5.5474112E13	2715.0	82.0
5.5474125E13	2715.0	82.0
5.5474133E13	2715.0	83.0
5.5474146E13	2718.0	82.0
5.5474154E13	2718.0	82.0
5.5474162E13	2718.0	82.0
5.5474175E13	2718.0	82.0
5.5474183E13	2717.0	82.0
5.5474196E13	2717.0	82.0
5.5474204E13	2717.0	82.0
5.5474213E13	2717.0	82.0
5.5474225E13	2718.0	82.0
5.5474234E13	2718.0	82.0
5.5474246E13	2718.0	82.0
5.5474255E13	2719.0	82.0
5.5474263E13	2719.0	83.0
5.5474276E13	2719.0	83.0
5.5474284E13	2719.0	82.0
5.5474293E13	2721.0	83.0
5.5474305E13	2721.0	83.0
5.5474313E13	2721.0	83.0
5.5474326E13	2721.0	83.0
5.5474334E13	2721.0	83.0
5.5474343E13	2721.0	82.0
5.5474355E13	2721.0	83.0
5.5474364E13	2721.0	83.0
5.5474376E13	2721.0	82.0
5.5474385E13	2721.0	82.0
5.5474393E13	2721.0	83.0
5.5474406E13	2719.0	83.0
5.5474414E13	2719.0	83.0
5.5474423E13	2719.0	83.0
5.5474435E13	2719.0	83.0
5.5474444E13	2721.0	83.0
5.5474456E13	2721.0	83.0
5.5474464E13	2721.0	83.0
5.5474473E13	2721.0	83.0
5.5474485E13	2724.0	83.0
5.5474494E13	2724.0	83.0
5.5474506E13	2724.0	83.0
5.5474515E13	2722.0	83.0
5.5474523E13	2722.0	83.0
5.5474536E13	2722.0	83.0
5.5474544E13	2722.0	83.0
5.5474553E13	2721.0	83.0
5.5474565E13	2721.0	83.0
5.5474574E13	2721.0	83.0
5.5474586E13	2721.0	83.0
5.5474595E13	2720.0	83.0
5.5474603E13	2720.0	82.0
5.5474615E13	2720.0	82.0
5.5474624E13	2720.0	83.0
5.5474636E13	2720.0	82.0
5.5474645E13	2720.0	82.0
5.5474653E13	2720.0	82.0
5.5474666E13	2720.0	82.0
5.5474674E13	2720.0	82.0
5.5474683E13	2720.0	82.0
5.5474695E13	2720.0	82.0
5.5474704E13	2718.0	82.0
5.5474716E13	2718.0	82.0
5.5474725E13	2718.0	82.0
5.5474733E13	2718.0	82.0
5.5474746E13	2718.0	82.0
5.5474754E13	2718.0	82.0
5.5474766E13	2718.0	83.0
5.5474775E13	2718.0	83.0
5.5474783E13	2718.0	83.0
5.5474796E13	2718.0	83.0
5.5474804E13	2717.0	83.0
5.5474817E13	2717.0	83.0
5.5474825E13	2717.0	83.0
5.5474834E13	2717.0	82.0
5.5474846E13	2715.0	82.0
5.5474855E13	2715.0	82.0
5.5474863E13	2715.0	82.0
5.5474876E13	2715.0	82.0
5.5474884E13	2715.0	82.0
5.5474897E13	2715.0	82.0
5.5474905E13	2715.0	82.0
5.5474913E13	2715.0	82.0
5.5474926E13	2716.0	82.0
5.5474934E13	2716.0	82.0
5.5474947E13	2716.0	82.0
5.5474955E13	2716.0	82.0
5.5474964E13	2716.0	82.0
5.5474976E13	2716.0	82.0
5.5474985E13	2716.0	82.0
5.5474997E13	2716.0	82.0
5.5475006E13	2717.0	83.0
5.5475014E13	2717.0	83.0
5.5475027E13	2717.0	83.0
5.5475035E13	2717.0	83.0
5.5475043E13	2720.0	83.0
5.5475056E13	2720.0	83.0
5.5475064E13	2720.0	83.0
5.5475077E13	2720.0	83.0
5.5475085E13	2722.0	83.0
5.5475094E13	2722.0	82.0
5.5475106E13	2722.0	82.0
5.5475115E13	2722.0	82.0
5.5475123E13	2722.0	82.0
5.5475136E13	2722.0	82.0
5.5475144E13	2722.0	82.0
5.5475157E13	2725.0	82.0
5.5475165E13	2725.0	82.0
5.5475173E13	2725.0	82.0
5.5475186E13	2725.0	82.0
5.5475194E13	2725.0	82.0
5.5475207E13	2725.0	82.0
5.5475215E13	2725.0	82.0
5.5475224E13	2725.0	82.0
5.5475236E13	2725.0	82.0
5.5475245E13	2725.0	82.0
5.5475253E13	2725.0	82.0
5.5475266E13	2727.0	82.0
5.5475274E13	2727.0	82.0
5.5475287E13	2727.0	82.0
5.5475295E13	2727.0	82.0
5.5475303E13	2728.0	82.0
5.5475316E13	2728.0	82.0
5.5475324E13	2728.0	82.0
5.5475337E13	2728.0	82.0
5.5475345E13	2731.0	82.0
5.5475354E13	2731.0	82.0
5.5475366E13	2731.0	82.0
5.5475375E13	2731.0	83.0
5.5475387E13	2729.0	82.0
5.5475396E13	2729.0	82.0
5.5475404E13	2729.0	82.0
5.5475417E13	2732.0	82.0
5.5475425E13	2732.0	82.0
5.5475433E13	2732.0	82.0
5.5475446E13	2732.0	82.0
5.5475454E13	2730.0	82.0
5.5475467E13	2730.0	82.0
5.5475475E13	2730.0	82.0
5.5475484E13	2730.0	82.0
5.5475496E13	2731.0	82.0
5.5475505E13	2731.0	83.0
5.5475517E13	2731.0	83.0
5.5475526E13	2735.0	83.0
5.5475534E13	2735.0	83.0
5.5475547E13	2735.0	83.0
5.5475555E13	2735.0	82.0
5.5475568E13	2734.0	82.0
5.5475576E13	2734.0	82.0
5.5475584E13	2734.0	82.0
5.5475597E13	2734.0	82.0
5.5475605E13	2734.0	82.0
5.5475614E13	2734.0	82.0
5.5475626E13	2734.0	82.0
5.5475635E13	2734.0	81.0
5.5475647E13	2731.0	82.0
5.5475656E13	2731.0	81.0
5.5475664E13	2731.0	81.0
5.5475677E13	2730.0	81.0
5.5475685E13	2730.0	82.0
5.5475698E13	2730.0	82.0
5.5475706E13	2730.0	82.0
5.5475714E13	2731.0	82.0
5.5475727E13	2731.0	82.0
5.5475735E13	2731.0	82.0
5.5475744E13	2731.0	82.0
5.5475756E13	2731.0	82.0
5.5475765E13	2731.0	82.0
5.5475777E13	2731.0	82.0
5.5475786E13	2731.0	82.0
5.5475794E13	2731.0	81.0
5.5475807E13	2731.0	82.0
5.5475815E13	2731.0	82.0
5.5475828E13	2731.0	82.0
5.5475836E13	2731.0	83.0
5.5475844E13	2731.0	83.0
5.5475857E13	2731.0	83.0
5.5475865E13	2733.0	83.0
5.547588E13	2733.0	83.0
5.5475886E13	2733.0	82.0
5.5475895E13	2733.0	82.0
5.5475907E13	2730.0	82.0
5.5475916E13	2730.0	81.0
5.5475924E13	2730.0	81.0
5.5475937E13	2729.0	81.0
5.5475945E13	2729.0	81.0
5.5475958E13	2729.0	81.0
5.5475966E13	2729.0	81.0
5.5475974E13	2728.0	82.0
5.5475987E13	2728.0	82.0
5.5475995E13	2728.0	82.0
5.547601E13	2728.0	82.0
5.5476016E13	2730.0	82.0
5.5476033E13	2730.0	82.0
5.5476037E13	2730.0	82.0
5.5476046E13	2729.0	82.0
5.547606E13	2729.0	82.0
5.5476067E13	2729.0	82.0
5.5476075E13	2729.0	82.0
5.5476088E13	2729.0	81.0
5.5476096E13	2729.0	81.0
5.5476104E13	2729.0	81.0
5.5476117E13	2729.0	81.0
5.5476125E13	2731.0	82.0
5.547614E13	2731.0	82.0
5.5476146E13	2731.0	82.0
5.5476155E13	2731.0	83.0
5.5476167E13	2734.0	83.0
5.5476176E13	2734.0	83.0
5.5476184E13	2734.0	83.0
5.5476197E13	2734.0	83.0
5.5476205E13	2737.0	83.0
5.5476218E13	2737.0	83.0
5.5476226E13	2737.0	83.0
5.5476234E13	2737.0	83.0
5.5476247E13	2735.0	83.0
5.5476255E13	2735.0	83.0
5.547627E13	2735.0	83.0
5.5476276E13	2737.0	83.0
5.5476285E13	2737.0	83.0
5.5476297E13	2737.0	83.0
5.5476306E13	2737.0	83.0
5.5476314E13	2736.0	83.0
5.5476327E13	2736.0	83.0
5.5476335E13	2736.0	83.0
5.5476348E13	2736.0	82.0
5.5476356E13	2736.0	82.0
5.5476365E13	2736.0	81.0
5.5476377E13	2736.0	81.0
5.5476385E13	2736.0	81.0
5.54764E13	2729.0	81.0
5.5476406E13	2729.0	81.0
5.5476415E13	2729.0	81.0
5.5476427E13	2731.0	82.0
5.5476436E13	2731.0	82.0
5.547645E13	2731.0	83.0
5.5476457E13	2731.0	84.0
5.5476465E13	2734.0	84.0
5.5476478E13	2734.0	84.0
5.5476486E13	2734.0	83.0
5.5476495E13	2734.0	83.0
5.5476507E13	2732.0	83.0
5.5476516E13	2732.0	83.0
5.547653E13	2732.0	83.0
5.5476536E13	2732.0	82.0
5.5476545E13	2732.0	82.0
5.5476557E13	2732.0	82.0
5.5476566E13	2732.0	82.0
5.547658E13	2731.0	82.0
5.5476587E13	2731.0	82.0
5.5476595E13	2731.0	82.0
5.5476608E13	2731.0	82.0
5.5476616E13	2731.0	82.0
5.5476625E13	2731.0	82.0
5.5476637E13	2731.0	82.0
5.5476646E13	2731.0	82.0
5.547666E13	2734.0	82.0
5.5476666E13	2734.0	82.0
5.5476675E13	2734.0	83.0
5.5476687E13	2735.0	83.0
5.5476696E13	2735.0	83.0
5.547671E13	2735.0	83.0
5.5476717E13	2735.0	82.0
5.5476725E13	2737.0	82.0
5.5476738E13	2737.0	82.0
5.5476746E13	2737.0	82.0
5.547676E13	2737.0	82.0
5.5476767E13	2740.0	82.0
5.5476776E13	2740.0	82.0
5.547679E13	2740.0	82.0
5.5476797E13	2740.0	83.0
5.5476805E13	2743.0	83.0
5.5476817E13	2743.0	83.0
5.5476826E13	2747.0	83.0
5.547684E13	2747.0	83.0
5.5476847E13	2747.0	83.0
5.5476855E13	2747.0	83.0
5.5476868E13	2747.0	83.0
5.5476876E13	2749.0	83.0
5.547689E13	2749.0	83.0
5.5476897E13	2749.0	83.0
5.5476906E13	2749.0	83.0
5.547692E13	2752.0	83.0
5.5476927E13	2752.0	54.0
5.5476935E13	2752.0	84.0
5.5476948E13	2754.0	84.0
5.5476956E13	2754.0	83.0
5.547697E13	2754.0	83.0
5.5476977E13	2754.0	83.0
5.5476985E13	2754.0	83.0
5.5476998E13	2754.0	83.0
5.5477006E13	2754.0	83.0
5.547702E13	2754.0	82.0
5.5477027E13	2754.0	82.0
5.5477036E13	2754.0	82.0
5.547705E13	2754.0	83.0
5.5477057E13	2754.0	83.0
5.5477065E13	2756.0	83.0
5.5477078E13	2756.0	83.0
5.5477086E13	2756.0	83.0
5.54771E13	2756.0	83.0
5.5477107E13	2758.0	83.0
5.5477115E13	2758.0	83.0
5.5477128E13	2758.0	83.0
5.5477136E13	2755.0	83.0
5.547715E13	2755.0	82.0
5.5477157E13	2755.0	82.0
5.5477166E13	2755.0	82.0
5.5477208E13	2756.0	82.0
5.5477216E13	2758.0	82.0
5.547723E13	2758.0	83.0
5.5477237E13	2758.0	84.0
5.5477245E13	2758.0	84.0
5.5477258E13	2763.0	85.0
5.5477266E13	2763.0	85.0
5.547728E13	2763.0	85.0
5.5477287E13	2768.0	85.0
5.5477296E13	2768.0	84.0
5.547731E13	2768.0	84.0
5.5477317E13	2768.0	83.0
5.547733E13	2766.0	83.0
5.5477338E13	2766.0	83.0
5.5477346E13	2766.0	82.0
5.547736E13	2766.0	82.0
5.5477367E13	2770.0	82.0
5.547738E13	2770.0	83.0
5.547739E13	2770.0	83.0
5.5477396E13	2770.0	83.0
5.547741E13	2770.0	83.0
5.5477417E13	2770.0	83.0
5.5477426E13	2770.0	83.0
5.547744E13	2773.0	84.0
5.5477447E13	2773.0	84.0
5.547746E13	2773.0	84.0
5.5477468E13	2773.0	83.0
5.5477476E13	2777.0	83.0
5.547749E13	2777.0	83.0
5.5477497E13	2777.0	83.0
5.5477505E13	2777.0	83.0
5.547752E13	2780.0	83.0
5.5477526E13	2780.0	84.0
5.547754E13	2780.0	84.0
5.5477547E13	2786.0	84.0
5.5477556E13	2786.0	84.0
5.547757E13	2786.0	84.0
5.5477577E13	2786.0	83.0
5.547759E13	2784.0	84.0
5.5477598E13	2784.0	84.0
5.5477606E13	2784.0	84.0
5.547762E13	2785.0	83.0
5.5477627E13	2785.0	83.0
5.547764E13	2785.0	83.0
5.547765E13	2785.0	83.0
5.547766E13	2787.0	83.0
5.547767E13	2787.0	83.0
5.5477677E13	2787.0	84.0
5.5477686E13	2788.0	84.0
5.54777E13	2788.0	84.0
5.5477707E13	2788.0	84.0
5.547772E13	2788.0	84.0
5.5477728E13	2791.0	84.0
5.5477736E13	2791.0	84.0
5.547775E13	2791.0	83.0
5.5477757E13	2791.0	83.0
5.547777E13	2790.0	83.0
5.547778E13	2790.0	82.0
5.5477786E13	2790.0	82.0
5.54778E13	2790.0	82.0
5.5477807E13	2788.0	82.0
5.5477816E13	2788.0	82.0
5.547783E13	2788.0	82.0
5.5477837E13	2788.0	82.0
5.547785E13	2786.0	82.0
5.5477858E13	2786.0	83.0
5.5477866E13	2786.0	83.0
5.547788E13	2789.0	83.0
5.5477887E13	2789.0	84.0
5.54779E13	2789.0	84.0
5.547791E13	2789.0	84.0
5.5477916E13	2789.0	84.0
5.547793E13	2790.0	84.0
5.5477937E13	2790.0	84.0
5.5477946E13	2790.0	84.0
5.547796E13	2792.0	84.0
5.547797E13	2792.0	84.0
5.547798E13	2792.0	84.0
5.5477988E13	2798.0	83.0
5.5477996E13	2798.0	83.0
5.547801E13	2798.0	83.0
5.5478017E13	2798.0	83.0
5.547803E13	2798.0	83.0
5.547804E13	2796.0	83.0
5.5478046E13	2796.0	83.0
5.547806E13	2796.0	83.0
5.5478067E13	2796.0	83.0
5.5478076E13	2802.0	83.0
5.547809E13	2802.0	83.0
5.5478097E13	2802.0	83.0
5.547811E13	2802.0	84.0
5.5478118E13	2806.0	84.0
5.5478126E13	2806.0	84.0
5.547814E13	2806.0	84.0
5.5478147E13	2810.0	84.0
5.547816E13	2810.0	84.0
5.547817E13	2810.0	84.0
5.5478176E13	2810.0	84.0
5.547819E13	2814.0	84.0
5.5478197E13	2814.0	84.0
5.547821E13	2814.0	84.0
5.547822E13	2814.0	83.0
5.5478227E13	2816.0	83.0
5.547824E13	2816.0	83.0
5.5478248E13	2816.0	83.0
5.5478256E13	2816.0	83.0
5.547827E13	2815.0	83.0
5.5478277E13	2815.0	83.0
5.547829E13	2815.0	83.0
5.54783E13	2816.0	83.0
5.5478306E13	2816.0	83.0
5.547832E13	2816.0	83.0
5.5478327E13	2816.0	83.0
5.547834E13	2819.0	83.0
5.547835E13	2819.0	83.0
5.5478357E13	2819.0	83.0
5.547837E13	2819.0	83.0
5.5478378E13	2820.0	83.0
5.5478386E13	2820.0	83.0
5.54784E13	2820.0	83.0
5.5478407E13	2819.0	84.0
5.547842E13	2819.0	84.0
5.547843E13	2819.0	84.0
5.5478436E13	2819.0	84.0
5.547845E13	2820.0	84.0
5.5478457E13	2820.0	83.0
5.547847E13	2820.0	83.0
5.547848E13	2820.0	84.0
5.5478487E13	2825.0	84.0
5.54785E13	2825.0	84.0
5.5478508E13	2825.0	84.0
5.547852E13	2825.0	84.0
5.547853E13	2828.0	84.0
5.5478537E13	2828.0	83.0
5.547855E13	2828.0	83.0
5.547856E13	2823.0	83.0
5.5478567E13	2823.0	82.0
5.547858E13	2823.0	83.0
5.5478587E13	2823.0	83.0
5.54786E13	2820.0	83.0
5.547861E13	2820.0	83.0
5.5478617E13	2820.0	83.0
5.547863E13	2820.0	83.0
5.5478638E13	2820.0	83.0
5.547865E13	2820.0	83.0
5.547866E13	2820.0	82.0
5.5478667E13	2820.0	82.0
5.547868E13	2813.0	81.0
5.547869E13	2813.0	81.0
5.547871E13	2812.0	81.0
5.5478718E13	2812.0	81.0
5.547873E13	2812.0	82.0
5.547874E13	2812.0	82.0
5.5478747E13	2813.0	83.0
5.547876E13	2813.0	83.0
5.5478768E13	2813.0	84.0
5.547878E13	2813.0	84.0
5.547879E13	2815.0	84.0
5.5478797E13	2815.0	84.0
5.547881E13	2815.0	84.0
5.547882E13	2815.0	85.0
5.5478827E13	2816.0	84.0
5.547884E13	2816.0	84.0
5.5478848E13	2816.0	84.0
5.547886E13	2813.0	84.0
5.547887E13	2813.0	83.0
5.5478877E13	2813.0	83.0
5.547889E13	2809.0	83.0
5.5478898E13	2809.0	83.0
5.547891E13	2809.0	82.0
5.547892E13	2809.0	82.0
5.5478927E13	2803.0	82.0
5.547894E13	2803.0	82.0
5.547895E13	2803.0	82.0
5.547896E13	2803.0	82.0
5.547897E13	2803.0	82.0
5.5478978E13	2800.0	82.0
5.547899E13	2800.0	56.0
5.5479E13	2799.0	82.0
5.5479007E13	2799.0	82.0
5.547902E13	2799.0	82.0
5.5479028E13	2799.0	82.0
5.547904E13	2799.0	82.0
5.547905E13	2797.0	82.0
5.5479057E13	2797.0	82.0
5.547907E13	2797.0	82.0
5.547908E13	2797.0	82.0
5.547909E13	2801.0	82.0
5.54791E13	2801.0	82.0
5.5479108E13	2801.0	82.0
5.5479124E13	2801.0	82.0
5.5479137E13	2803.0	82.0
5.547915E13	2809.0	82.0
5.547916E13	2809.0	82.0
5.547917E13	2809.0	82.0
5.547918E13	2809.0	83.0
5.5479187E13	2809.0	83.0
5.54792E13	2817.0	83.0
5.547921E13	2817.0	83.0
5.547922E13	2817.0	83.0
5.547923E13	2817.0	83.0
5.5479238E13	2823.0	83.0
5.547925E13	2823.0	83.0
5.547926E13	2823.0	83.0
5.547927E13	2823.0	83.0
5.547928E13	2828.0	83.0
5.547929E13	2828.0	83.0
5.54793E13	2828.0	83.0
5.547931E13	2841.0	83.0
5.5479317E13	2841.0	83.0
5.547933E13	2841.0	83.0
5.547934E13	2841.0	83.0
5.547935E13	2850.0	83.0
5.547936E13	2850.0	83.0
5.5479368E13	2850.0	83.0
5.547938E13	2850.0	83.0
5.547939E13	2865.0	84.0
5.54794E13	2865.0	84.0
5.547941E13	2865.0	85.0
5.547942E13	2879.0	85.0
5.547943E13	2925.0	85.0
5.547944E13	2925.0	85.0
5.547946E13	2999.0	85.0
5.547948E13	2999.0	85.0
5.5479498E13	3041.0	86.0
5.547952E13	3041.0	87.0
5.547953E13	3041.0	87.0
5.547954E13	3144.0	88.0
5.547955E13	3144.0	89.0
5.547956E13	3144.0	89.0
5.547957E13	3071.0	88.0
5.5479577E13	3156.0	87.0
5.547959E13	3156.0	87.0
5.54796E13	3156.0	87.0
5.547961E13	3183.0	87.0
5.547962E13	3183.0	86.0
5.5479628E13	3183.0	86.0
5.547964E13	3183.0	86.0
5.547965E13	3104.0	86.0
5.547966E13	3104.0	86.0
5.547967E13	3104.0	87.0
5.547968E13	3104.0	87.0
5.547969E13	3163.0	87.0
5.54797E13	3163.0	87.0
5.547971E13	3163.0	88.0
5.547972E13	3113.0	88.0
5.547973E13	3113.0	88.0
5.547974E13	3113.0	88.0
5.547975E13	3113.0	88.0
5.5479758E13	3159.0	88.0
5.547977E13	3159.0	87.0
5.547978E13	3159.0	87.0
5.547979E13	3159.0	87.0
5.54798E13	3139.0	86.0
5.547981E13	3139.0	86.0
5.547982E13	3139.0	86.0
5.547983E13	3139.0	86.0
5.547984E13	3042.0	86.0
5.547985E13	3042.0	86.0
5.547986E13	3042.0	86.0
5.547987E13	3055.0	86.0
5.547988E13	3055.0	86.0
5.5479888E13	3055.0	86.0
5.54799E13	3055.0	86.0
5.547991E13	3086.0	86.0
5.547992E13	3086.0	87.0
5.547993E13	3086.0	87.0
5.547994E13	3086.0	86.0
5.547995E13	3048.0	87.0
5.5479963E13	3048.0	87.0
5.547997E13	3048.0	88.0
5.547998E13	3042.0	87.0
5.547999E13	3042.0	86.0
5.548E13	3042.0	86.0
5.548001E13	3026.0	87.0
5.548002E13	3026.0	87.0
5.548003E13	3026.0	87.0
5.548004E13	3026.0	85.0
5.548005E13	2966.0	83.0
5.548006E13	2966.0	83.0
5.548007E13	2966.0	83.0
5.548008E13	2966.0	83.0
5.548009E13	2917.0	83.0
5.54801E13	2917.0	83.0
5.548011E13	2917.0	81.0
5.548012E13	2917.0	81.0
5.548013E13	2917.0	81.0
5.548014E13	2851.0	81.0
5.548015E13	2851.0	81.0
5.548016E13	2851.0	81.0
5.548017E13	2849.0	81.0
5.548018E13	2849.0	81.0
5.548019E13	2849.0	81.0
5.54802E13	2849.0	81.0
5.548021E13	2844.0	81.0
5.548022E13	2844.0	81.0
5.548023E13	2844.0	82.0
5.548024E13	2844.0	82.0
5.548025E13	2999.0	82.0
5.548026E13	2999.0	83.0
5.548027E13	2999.0	84.0
5.548028E13	2999.0	84.0
5.548029E13	2980.0	83.0
5.54803E13	2980.0	82.0
5.548031E13	3026.0	82.0
5.548032E13	3026.0	82.0
5.548034E13	3026.0	82.0
5.548035E13	3063.0	82.0
5.548036E13	3063.0	82.0
5.548037E13	3063.0	83.0
5.548038E13	3063.0	83.0
5.548039E13	3044.0	82.0
5.54804E13	3044.0	81.0
5.548041E13	3044.0	82.0
5.548042E13	3069.0	82.0
5.5480433E13	3088.0	82.0
5.548044E13	3088.0	82.0
5.548045E13	3088.0	82.0
5.5480462E13	3070.0	82.0
5.548047E13	3070.0	82.0
5.548048E13	3070.0	81.0
5.548049E13	3070.0	80.0
5.54805E13	3092.0	80.0
5.548051E13	3092.0	79.0
5.548052E13	3092.0	78.0
5.548053E13	3092.0	78.0
5.548054E13	3092.0	78.0
5.548055E13	3002.0	79.0
5.548056E13	3002.0	79.0
5.548057E13	3002.0	78.0
5.548058E13	2996.0	79.0
5.548059E13	2996.0	80.0
5.54806E13	2996.0	81.0
5.548061E13	2996.0	81.0
5.548062E13	2992.0	81.0
5.548063E13	2992.0	81.0
5.548064E13	2992.0	81.0
5.548065E13	2992.0	80.0
5.548066E13	2998.0	80.0
5.548067E13	2998.0	80.0
5.548068E13	2998.0	80.0
5.548069E13	2998.0	80.0
5.54807E13	2926.0	80.0
5.548071E13	2926.0	79.0
5.548072E13	2926.0	78.0
5.548073E13	2877.0	77.0
5.548074E13	2877.0	77.0
5.548075E13	2877.0	76.0
5.548076E13	2877.0	76.0
5.548077E13	2828.0	75.0
5.548078E13	2828.0	75.0
5.548079E13	2828.0	75.0
5.54808E13	2828.0	75.0
5.548081E13	2837.0	76.0
5.548082E13	2837.0	77.0
5.548083E13	2837.0	77.0
5.548084E13	2837.0	77.0
5.5480852E13	2764.0	77.0
5.548086E13	2764.0	77.0
5.548087E13	2764.0	77.0
5.548088E13	2851.0	77.0
5.548089E13	2851.0	77.0
5.54809E13	2851.0	76.0
5.548091E13	2851.0	76.0
5.548092E13	2837.0	75.0
5.5480932E13	2837.0	75.0
5.548094E13	2837.0	75.0
5.548095E13	2837.0	74.0
5.548096E13	2901.0	75.0
5.548097E13	2901.0	75.0
5.5480982E13	2901.0	75.0
5.548099E13	2901.0	76.0
5.5481E13	2967.0	77.0
5.548101E13	2967.0	78.0
5.548102E13	3010.0	78.0
5.5481033E13	3010.0	78.0
5.548104E13	3010.0	79.0
5.548105E13	3010.0	79.0
5.5481062E13	3010.0	80.0
5.548107E13	3079.0	81.0
5.548108E13	3079.0	81.0
5.548109E13	3079.0	80.0
5.54811E13	3079.0	79.0
5.5481112E13	3096.0	79.0
5.548112E13	3096.0	79.0
5.548113E13	3096.0	81.0
5.548114E13	3096.0	82.0
5.548115E13	3077.0	83.0
5.5481163E13	3077.0	83.0
5.548117E13	3077.0	83.0
5.548118E13	3115.0	83.0
5.5481192E13	3115.0	83.0
5.54812E13	3115.0	83.0
5.548121E13	3115.0	83.0
5.548122E13	3075.0	83.0
5.548123E13	3075.0	83.0
5.5481242E13	3075.0	82.0
5.548125E13	3075.0	82.0
5.548126E13	3016.0	82.0
5.548127E13	3016.0	82.0
5.548128E13	3016.0	81.0
5.5481293E13	3016.0	80.0
5.54813E13	2870.0	80.0
5.548131E13	2870.0	79.0
5.5481322E13	2870.0	79.0
5.548133E13	2788.0	79.0
5.5481343E13	2788.0	80.0
5.548135E13	2788.0	80.0
5.548136E13	2788.0	81.0
5.5481373E13	2760.0	82.0
5.548138E13	2760.0	83.0
5.548139E13	2760.0	83.0
5.54814E13	2760.0	83.0
5.548141E13	2791.0	83.0
5.5481423E13	2791.0	83.0
5.548143E13	2791.0	83.0
5.548144E13	2771.0	83.0
5.5481452E13	2784.0	83.0
5.548146E13	2784.0	83.0
5.5481473E13	2784.0	83.0
5.548148E13	2772.0	83.0
5.548149E13	2772.0	83.0
5.5481503E13	2772.0	83.0
5.548151E13	2772.0	82.0
5.5481524E13	2761.0	81.0
5.548153E13	2761.0	80.0
5.548154E13	2761.0	80.0
5.5481553E13	2761.0	80.0
5.548156E13	2750.0	80.0
5.548157E13	2750.0	79.0
5.5481582E13	2750.0	79.0
5.548159E13	2740.0	79.0
5.5481603E13	2740.0	79.0
5.548161E13	2740.0	80.0
5.548162E13	2740.0	80.0
5.5481633E13	2733.0	80.0
5.548164E13	2733.0	80.0
5.548165E13	2733.0	80.0
5.548166E13	2733.0	80.0
5.548167E13	2728.0	80.0
5.5481683E13	2728.0	79.0
5.548169E13	2728.0	79.0
5.54817E13	2728.0	79.0
5.5481712E13	2721.0	79.0
5.548172E13	2721.0	79.0
5.5481733E13	2721.0	79.0
5.548174E13	2718.0	80.0
5.548175E13	2718.0	80.0
5.5481763E13	2718.0	80.0
5.548177E13	2718.0	80.0
5.5481784E13	2720.0	80.0
5.548179E13	2720.0	81.0
5.54818E13	2720.0	81.0
5.5481813E13	2720.0	81.0
5.548182E13	2723.0	81.0
5.548183E13	2723.0	82.0
5.5481842E13	2723.0	82.0
5.548185E13	2723.0	83.0
5.5481863E13	2724.0	83.0
5.548187E13	2724.0	84.0
5.548188E13	2724.0	84.0
5.5481893E13	2730.0	84.0
5.54819E13	2730.0	83.0
5.5481914E13	2730.0	83.0
5.548192E13	2727.0	82.0
5.5481943E13	2727.0	82.0
5.548195E13	2727.0	82.0
5.5481964E13	2727.0	81.0
5.5481972E13	2725.0	81.0
5.548198E13	2725.0	81.0
5.5481993E13	2725.0	81.0
5.5482E13	2721.0	81.0
5.548201E13	2721.0	81.0
5.5482023E13	2721.0	81.0
5.548203E13	2720.0	81.0
5.5482044E13	2720.0	81.0
5.548205E13	2720.0	81.0
5.548206E13	2720.0	81.0
5.5482073E13	2720.0	81.0
5.548208E13	2724.0	81.0
5.5482094E13	2724.0	81.0
5.5482102E13	2724.0	82.0
5.548211E13	2724.0	82.0
5.5482123E13	2723.0	82.0
5.548213E13	2723.0	82.0
5.548214E13	2723.0	82.0
5.5482153E13	2723.0	82.0
5.548216E13	2726.0	82.0
5.5482174E13	2726.0	81.0
5.548218E13	2726.0	81.0
5.548219E13	2725.0	81.0
5.5482203E13	2725.0	81.0
5.548221E13	2725.0	81.0
5.5482224E13	2725.0	81.0
5.5482232E13	2725.0	82.0
5.548224E13	2725.0	82.0
5.5482253E13	2725.0	56.0
5.548226E13	2725.0	82.0
5.548227E13	2727.0	82.0
5.5482283E13	2727.0	83.0
5.548229E13	2727.0	83.0
5.5482304E13	2727.0	83.0
5.548231E13	2730.0	82.0
5.548232E13	2730.0	82.0
5.5482333E13	2730.0	82.0
5.548234E13	2729.0	81.0
5.5482354E13	2729.0	81.0
5.5482362E13	2729.0	81.0
5.548237E13	2729.0	81.0
5.5482383E13	2725.0	81.0
5.548239E13	2725.0	81.0
5.54824E13	2725.0	81.0
5.5482413E13	2725.0	80.0
5.548242E13	2723.0	81.0
5.5482434E13	2723.0	81.0
5.548244E13	2723.0	81.0
5.548245E13	2723.0	81.0
5.5482463E13	2723.0	81.0
5.548247E13	2723.0	81.0
5.5482484E13	2723.0	81.0
5.5482492E13	2724.0	82.0
5.54825E13	2724.0	82.0
5.5482513E13	2724.0	82.0
5.548252E13	2724.0	82.0
5.5482534E13	2723.0	82.0
5.5482543E13	2723.0	82.0
5.548255E13	2723.0	82.0
5.5482564E13	2723.0	82.0
5.548257E13	2726.0	82.0
5.548258E13	2726.0	82.0
5.5482593E13	2726.0	82.0
5.54826E13	2726.0	81.0
5.5482614E13	2726.0	81.0
5.5482622E13	2726.0	81.0
5.548263E13	2726.0	81.0
5.5482643E13	2729.0	81.0
5.548265E13	2729.0	82.0
5.5482664E13	2729.0	82.0
5.5482673E13	2729.0	82.0
5.548268E13	2730.0	82.0
5.5482694E13	2730.0	82.0
5.5482702E13	2730.0	82.0
5.548271E13	2730.0	82.0
5.5482723E13	2729.0	82.0
5.548273E13	2729.0	81.0
5.5482744E13	2729.0	81.0
5.5482752E13	2730.0	81.0
5.548276E13	2730.0	82.0
5.5482773E13	2730.0	82.0
5.548278E13	2730.0	82.0
5.5482794E13	2733.0	82.0
5.5482803E13	2733.0	82.0
5.548281E13	2733.0	82.0
5.5482824E13	2733.0	82.0
5.5482832E13	2736.0	82.0
5.548284E13	2736.0	82.0
5.5482853E13	2736.0	81.0
5.548286E13	2736.0	81.0
5.5482874E13	2735.0	81.0
5.5482882E13	2735.0	81.0
5.548289E13	2735.0	81.0
5.5482903E13	2737.0	82.0
5.548291E13	2737.0	82.0
5.5482924E13	2737.0	82.0
5.5482933E13	2740.0	82.0
5.548294E13	2740.0	82.0
5.5482954E13	2740.0	82.0
5.5482962E13	2740.0	82.0
5.5482975E13	2741.0	82.0
5.5482983E13	2741.0	82.0
5.548299E13	2741.0	82.0
5.5483004E13	2741.0	82.0
5.5483012E13	2741.0	82.0
5.548302E13	2741.0	82.0
5.5483033E13	2741.0	82.0
5.548304E13	2744.0	83.0
5.5483054E13	2744.0	83.0
5.5483063E13	2744.0	83.0
5.548307E13	2744.0	83.0
5.5483084E13	2744.0	83.0
5.5483092E13	2746.0	82.0
5.5483105E13	2746.0	82.0
5.5483113E13	2746.0	82.0
5.548312E13	2746.0	82.0
5.5483134E13	2747.0	82.0
5.5483143E13	2747.0	82.0
5.548315E13	2747.0	81.0
5.5483163E13	2747.0	81.0
5.548317E13	2744.0	81.0
5.5483184E13	2744.0	82.0
5.5483193E13	2744.0	82.0
5.54832E13	2743.0	82.0
5.5483214E13	2743.0	82.0
5.5483222E13	2743.0	82.0
5.5483235E13	2743.0	82.0
5.5483243E13	2747.0	81.0
5.548325E13	2747.0	81.0
5.5483264E13	2747.0	81.0
5.5483273E13	2747.0	81.0
5.548328E13	2745.0	81.0
5.5483293E13	2745.0	81.0
5.54833E13	2746.0	81.0
5.5483314E13	2746.0	81.0
5.5483323E13	2746.0	81.0
5.5483335E13	2746.0	81.0
5.5483344E13	2746.0	81.0
5.5483352E13	2747.0	81.0
5.5483365E13	2747.0	81.0
5.5483373E13	2747.0	81.0
5.548338E13	2750.0	82.0
5.5483394E13	2750.0	81.0
5.5483403E13	2750.0	81.0
5.5483415E13	2750.0	81.0
5.5483424E13	2750.0	81.0
5.548343E13	2753.0	81.0
5.5483444E13	2753.0	81.0
5.5483453E13	2753.0	81.0
5.548346E13	2754.0	81.0
5.5483474E13	2754.0	81.0
5.5483482E13	2754.0	81.0
5.5483495E13	2754.0	81.0
5.5483503E13	2753.0	81.0
5.548351E13	2753.0	81.0
5.5483524E13	2753.0	81.0
5.5483533E13	2753.0	81.0
5.5483545E13	2755.0	82.0
5.5483554E13	2755.0	82.0
5.548356E13	2755.0	82.0
5.5483575E13	2755.0	82.0
5.5483583E13	2755.0	81.0
5.548359E13	2755.0	81.0
5.5483604E13	2755.0	81.0
5.5483612E13	2758.0	81.0
5.5483625E13	2758.0	81.0
5.5483633E13	2758.0	81.0
5.548364E13	2758.0	81.0
5.5483654E13	2754.0	81.0
5.5483663E13	2754.0	81.0
5.5483675E13	2754.0	81.0
5.5483684E13	2754.0	81.0
5.548369E13	2757.0	82.0
5.5483705E13	2757.0	81.0
5.5483713E13	2757.0	82.0
5.548372E13	2759.0	82.0
5.5483734E13	2759.0	82.0
5.5483742E13	2759.0	82.0
5.5483755E13	2758.0	82.0
5.5483763E13	2758.0	82.0
5.5483776E13	2758.0	81.0
5.5483784E13	2758.0	81.0
5.5483793E13	2757.0	81.0
5.5483805E13	2757.0	81.0
5.5483814E13	2757.0	81.0
5.548382E13	2757.0	82.0
5.5483835E13	2757.0	82.0
5.5483843E13	2757.0	82.0
5.548385E13	2757.0	82.0
5.5483864E13	2757.0	83.0
5.5483872E13	2759.0	83.0
5.5483885E13	2759.0	83.0
5.5483893E13	2759.0	83.0
5.54839E13	2759.0	55.0
5.5483914E13	2757.0	55.0
5.5483923E13	2757.0	82.0
5.5483935E13	2757.0	82.0
5.5483944E13	2751.0	81.0
5.548395E13	2751.0	81.0
5.5483965E13	2751.0	81.0
5.5483973E13	2751.0	81.0
5.5483986E13	2751.0	81.0
5.5483994E13	2752.0	82.0
5.5484002E13	2752.0	82.0
5.5484015E13	2752.0	82.0
5.5484023E13	2752.0	82.0
5.548403E13	2750.0	82.0
5.5484044E13	2750.0	83.0
5.5484053E13	2750.0	82.0
5.5484065E13	2747.0	82.0
5.5484074E13	2747.0	82.0
5.548408E13	2747.0	82.0
5.5484095E13	2747.0	82.0
5.5484103E13	2747.0	82.0
5.5484116E13	2747.0	82.0
5.5484124E13	2747.0	82.0
5.5484132E13	2747.0	82.0
5.5484145E13	2744.0	82.0
5.5484153E13	2744.0	82.0
5.548416E13	2744.0	82.0
5.5484174E13	2744.0	82.0
5.5484183E13	2744.0	82.0
5.5484195E13	2744.0	82.0
5.5484204E13	2744.0	83.0
5.548421E13	2743.0	82.0
5.5484225E13	2743.0	82.0
5.5484233E13	2743.0	82.0
5.5484246E13	2743.0	82.0
5.5484254E13	2740.0	82.0
5.5484262E13	2740.0	82.0
5.5484275E13	2740.0	81.0
5.5484283E13	2740.0	81.0
5.548429E13	2742.0	81.0
5.5484304E13	2742.0	81.0
5.5484313E13	2742.0	81.0
5.5484325E13	2737.0	81.0
5.5484334E13	2737.0	81.0
5.548434E13	2737.0	81.0
5.5484355E13	2737.0	82.0
5.5484363E13	2731.0	82.0
5.5484376E13	2731.0	82.0
5.5484384E13	2731.0	82.0
5.5484392E13	2731.0	82.0
5.5484405E13	2725.0	82.0
5.5484413E13	2725.0	82.0
5.5484426E13	2725.0	81.0
5.5484434E13	2725.0	81.0
5.5484443E13	2719.0	81.0
5.5484455E13	2719.0	81.0
5.5484464E13	2719.0	81.0
5.5484472E13	2713.0	81.0
5.5484493E13	2713.0	81.0
5.5484506E13	2713.0	81.0
5.5484514E13	2705.0	81.0
5.5484522E13	2705.0	82.0
5.5484535E13	2705.0	82.0
5.5484543E13	2705.0	82.0
5.5484556E13	2700.0	82.0
5.5484564E13	2700.0	82.0
5.5484573E13	2700.0	82.0
5.5484585E13	2700.0	82.0
5.5484594E13	2695.0	81.0
5.5484606E13	2695.0	81.0
5.5484615E13	2695.0	81.0
5.5484623E13	2691.0	81.0
5.5484636E13	2691.0	81.0
5.5484644E13	2691.0	81.0
5.5484652E13	2691.0	81.0
5.5484665E13	2684.0	81.0
5.5484673E13	2684.0	81.0
5.5484686E13	2684.0	81.0
5.5484694E13	2684.0	81.0
5.5484703E13	2676.0	82.0
5.5484715E13	2676.0	82.0
5.5484724E13	2676.0	81.0
5.5484736E13	2676.0	82.0
5.5484745E13	2673.0	82.0
5.5484753E13	2673.0	82.0
5.5484766E13	2673.0	81.0
5.5484774E13	2675.0	81.0
5.5484782E13	2675.0	81.0
5.5484795E13	2675.0	81.0
5.5484803E13	2675.0	82.0
5.5484816E13	2674.0	82.0
5.5484824E13	2674.0	82.0
5.5484833E13	2674.0	82.0
5.5484845E13	2674.0	82.0
5.5484854E13	2673.0	82.0
5.5484866E13	2673.0	82.0
5.5484875E13	2673.0	82.0
5.5484896E13	2666.0	82.0
5.5484904E13	2666.0	82.0
5.5484913E13	2660.0	82.0
5.5484925E13	2660.0	82.0
5.5484933E13	2660.0	82.0
5.5484946E13	2660.0	82.0
5.5484954E13	2658.0	82.0
5.5484963E13	2658.0	82.0
5.5484975E13	2658.0	82.0
5.5484984E13	2658.0	82.0
5.5484996E13	2657.0	82.0
5.5485005E13	2657.0	81.0
5.5485013E13	2661.0	82.0
5.5485026E13	2661.0	82.0
5.5485034E13	2661.0	82.0
5.5485047E13	2661.0	82.0
5.5485055E13	2661.0	82.0
5.5485063E13	2662.0	83.0
5.5485076E13	2662.0	83.0
5.5485084E13	2662.0	83.0
5.5485093E13	2662.0	82.0
5.5485105E13	2664.0	82.0
5.5485114E13	2664.0	82.0
5.5485126E13	2664.0	82.0
5.5485135E13	2664.0	82.0
5.5485143E13	2658.0	82.0
5.5485156E13	2658.0	82.0
5.5485164E13	2658.0	82.0
5.5485177E13	2658.0	82.0
5.548519E13	2653.0	82.0
5.5485194E13	2653.0	82.0
5.5485206E13	2653.0	82.0
5.5485214E13	2651.0	82.0
5.5485223E13	2651.0	82.0
5.5485235E13	2651.0	82.0
5.5485244E13	2651.0	82.0
5.5485256E13	2653.0	82.0
5.5485265E13	2653.0	82.0
5.5485273E13	2653.0	82.0
5.5485286E13	2653.0	82.0
5.5485294E13	2653.0	82.0
5.5485307E13	2650.0	82.0
5.5485315E13	2650.0	82.0
5.5485324E13	2650.0	82.0
5.5485336E13	2644.0	82.0
5.5485345E13	2644.0	81.0
5.5485357E13	2644.0	81.0
5.5485365E13	2642.0	81.0
5.5485374E13	2642.0	81.0
5.5485386E13	2642.0	82.0
5.5485395E13	2642.0	82.0
5.5485403E13	2645.0	82.0
5.5485416E13	2645.0	82.0
5.5485424E13	2645.0	82.0
5.5485437E13	2645.0	82.0
5.5485445E13	2651.0	82.0
5.5485454E13	2651.0	82.0
5.5485466E13	2651.0	82.0
5.5485475E13	2653.0	82.0
5.5485487E13	2653.0	82.0
5.5485496E13	2653.0	82.0
5.5485504E13	2653.0	82.0
5.5485516E13	2653.0	82.0
5.5485525E13	2652.0	82.0
5.5485533E13	2652.0	81.0
5.5485546E13	2652.0	81.0
5.5485554E13	2652.0	81.0
5.5485567E13	2645.0	81.0
5.5485575E13	2645.0	81.0
5.5485584E13	2645.0	81.0
5.5485596E13	2643.0	81.0
5.5485605E13	2643.0	81.0
5.5485613E13	2643.0	82.0
5.5485626E13	2643.0	82.0
5.5485634E13	2644.0	82.0
5.5485647E13	2644.0	82.0
5.5485655E13	2644.0	82.0
5.5485663E13	2644.0	82.0
5.5485676E13	2648.0	82.0
5.5485684E13	2648.0	82.0
5.5485697E13	2648.0	82.0
5.5485705E13	2648.0	56.0
5.5485714E13	2653.0	57.0
5.5485726E13	2653.0	57.0
5.5485735E13	2653.0	57.0
5.5485747E13	2653.0	57.0
5.5485756E13	2655.0	56.0
5.5485764E13	2655.0	56.0
5.5485777E13	2655.0	56.0
5.5485785E13	2663.0	56.0
5.5485793E13	2663.0	56.0
5.5485806E13	2663.0	56.0
5.5485814E13	2663.0	56.0
5.5485827E13	2670.0	56.0
5.5485835E13	2670.0	56.0
5.5485844E13	2670.0	56.0
5.5485856E13	2670.0	56.0
5.5485865E13	2678.0	56.0
5.5485877E13	2678.0	56.0
5.5485886E13	2678.0	83.0
5.5485894E13	2678.0	56.0
5.5485907E13	2682.0	56.0
5.5485915E13	2682.0	56.0
5.5485923E13	2682.0	56.0
5.5485936E13	2677.0	82.0
5.5485944E13	2677.0	82.0
5.5485957E13	2677.0	82.0
5.5485965E13	2677.0	82.0
5.5485974E13	2677.0	56.0
5.5485986E13	2677.0	56.0
5.5485995E13	2677.0	56.0
5.5486007E13	2677.0	82.0
5.5486016E13	2679.0	56.0
5.5486024E13	2679.0	56.0
5.5486037E13	2679.0	56.0
5.5486045E13	2679.0	56.0
5.5486053E13	2686.0	82.0
5.5486066E13	2686.0	82.0
5.5486074E13	2686.0	82.0
5.5486087E13	2691.0	82.0
5.5486095E13	2691.0	82.0
5.5486104E13	2691.0	82.0
5.5486116E13	2691.0	56.0
5.5486125E13	2695.0	56.0
5.5486137E13	2695.0	56.0
5.5486146E13	2695.0	82.0
5.5486154E13	2695.0	82.0
5.5486167E13	2702.0	82.0
5.5486175E13	2702.0	82.0
5.5486188E13	2702.0	82.0
5.5486196E13	2708.0	82.0
5.5486204E13	2708.0	82.0
5.5486217E13	2708.0	82.0
5.5486225E13	2708.0	82.0
5.5486234E13	2712.0	82.0
5.5486246E13	2712.0	82.0
5.5486255E13	2712.0	82.0
5.5486267E13	2712.0	82.0
5.5486276E13	2714.0	82.0
5.5486284E13	2714.0	82.0
5.5486297E13	2714.0	82.0
5.5486305E13	2714.0	82.0
5.5486318E13	2714.0	82.0
5.5486326E13	2714.0	82.0
5.5486334E13	2714.0	82.0
5.5486347E13	2714.0	82.0
5.5486355E13	2714.0	82.0
5.5486364E13	2714.0	82.0
5.5486376E13	2714.0	82.0
5.5486385E13	2717.0	56.0
5.5486397E13	2717.0	82.0
5.5486406E13	2717.0	82.0
5.5486414E13	2717.0	82.0
5.5486427E13	2716.0	82.0
5.5486435E13	2716.0	82.0
5.5486448E13	2716.0	82.0
5.5486456E13	2716.0	82.0
5.5486464E13	2718.0	82.0
5.5486477E13	2718.0	82.0
5.5486485E13	2718.0	82.0
5.54865E13	2721.0	82.0
5.5486506E13	2721.0	82.0
5.5486515E13	2721.0	82.0
5.5486527E13	2721.0	82.0
5.5486536E13	2721.0	82.0
5.5486544E13	2721.0	82.0
5.5486557E13	2721.0	82.0
5.5486565E13	2721.0	82.0
5.5486578E13	2725.0	82.0
5.5486586E13	2725.0	82.0
5.5486594E13	2725.0	82.0
5.5486607E13	2725.0	82.0
5.5486615E13	2726.0	82.0
5.548663E13	2726.0	82.0
5.5486636E13	2726.0	82.0
5.5486645E13	2727.0	82.0
5.5486657E13	2727.0	82.0
5.5486666E13	2727.0	82.0
5.5486674E13	2727.0	82.0
5.5486687E13	2727.0	82.0
5.5486695E13	2727.0	82.0
5.5486708E13	2727.0	82.0
5.5486716E13	2727.0	82.0
5.5486724E13	2729.0	82.0
5.5486737E13	2729.0	82.0
5.5486745E13	2729.0	82.0
5.548676E13	2729.0	82.0
5.5486766E13	2725.0	82.0
5.5486775E13	2725.0	82.0
5.5486787E13	2725.0	82.0
5.5486796E13	2728.0	82.0
5.5486804E13	2728.0	82.0
5.5486817E13	2728.0	82.0
5.5486825E13	2728.0	82.0
5.5486838E13	2731.0	82.0
5.5486846E13	2731.0	82.0
5.5486854E13	2731.0	82.0
5.5486867E13	2736.0	82.0
5.5486875E13	2736.0	82.0
5.548689E13	2736.0	82.0
5.5486896E13	2736.0	82.0
5.5486905E13	2736.0	82.0
5.5486917E13	2733.0	82.0
5.5486926E13	2733.0	82.0
5.548694E13	2733.0	82.0
5.5486947E13	2734.0	82.0
5.5486955E13	2734.0	82.0
5.5486968E13	2734.0	82.0
5.5486976E13	2734.0	82.0
5.5486984E13	2734.0	82.0
5.5486997E13	2734.0	82.0
5.5487005E13	2734.0	82.0
5.548702E13	2734.0	82.0
5.5487026E13	2737.0	82.0
5.5487035E13	2737.0	82.0
5.5487047E13	2737.0	82.0
5.5487056E13	2737.0	82.0
5.548707E13	2737.0	82.0
5.5487077E13	2737.0	82.0
5.5487085E13	2737.0	82.0
5.5487098E13	2737.0	82.0
5.5487106E13	2737.0	82.0
5.5487115E13	2737.0	82.0
5.5487127E13	2737.0	82.0
5.5487135E13	2737.0	82.0
5.548715E13	2737.0	82.0
5.5487156E13	2737.0	82.0
5.548717E13	2737.0	82.0
5.5487177E13	2738.0	82.0
5.5487215E13	2741.0	82.0
5.5487228E13	2741.0	82.0
5.5487236E13	2741.0	81.0
5.5487245E13	2740.0	82.0
5.5487257E13	2740.0	82.0
5.5487266E13	2740.0	82.0
5.548728E13	2740.0	82.0
5.5487286E13	2742.0	82.0
5.5487295E13	2742.0	82.0
5.5487307E13	2742.0	82.0
5.5487316E13	2742.0	82.0
5.548733E13	2744.0	82.0
5.5487337E13	2744.0	82.0
5.5487345E13	2744.0	82.0
5.5487358E13	2741.0	82.0
5.5487366E13	2741.0	82.0
5.548738E13	2741.0	82.0
5.5487387E13	2741.0	82.0
5.5487396E13	2743.0	82.0
5.548741E13	2743.0	82.0
5.5487417E13	2743.0	82.0
5.5487425E13	2743.0	82.0
5.5487437E13	2744.0	82.0
5.5487446E13	2744.0	82.0
5.548746E13	2744.0	82.0
5.5487467E13	2744.0	82.0
5.5487475E13	2743.0	82.0
5.5487488E13	2743.0	82.0
5.5487496E13	2743.0	82.0
5.548751E13	2746.0	82.0
5.5487517E13	2746.0	82.0
5.5487526E13	2746.0	82.0
5.548754E13	2746.0	82.0
5.5487547E13	2743.0	82.0
5.548756E13	2743.0	82.0
5.5487567E13	2743.0	82.0
5.5487576E13	2743.0	82.0
5.548759E13	2744.0	82.0
5.5487597E13	2744.0	82.0
5.5487605E13	2744.0	82.0
5.5487618E13	2744.0	82.0
5.5487626E13	2746.0	82.0
5.548764E13	2746.0	82.0
5.5487647E13	2746.0	82.0
5.5487656E13	2746.0	82.0
5.548767E13	2746.0	82.0
5.5487677E13	2746.0	82.0
5.548769E13	2746.0	82.0
5.5487698E13	2747.0	82.0
5.5487706E13	2747.0	82.0
5.548772E13	2747.0	82.0
5.5487727E13	2747.0	82.0
5.5487735E13	2748.0	82.0
5.5487748E13	2748.0	82.0
5.5487756E13	2748.0	82.0
5.548777E13	2748.0	82.0
5.5487777E13	2749.0	82.0
5.5487786E13	2749.0	82.0
5.54878E13	2749.0	82.0
5.5487807E13	2749.0	82.0
5.548782E13	2749.0	82.0
5.5487828E13	2749.0	82.0
5.5487836E13	2754.0	83.0
5.548785E13	2754.0	83.0
5.5487857E13	2754.0	83.0
5.548787E13	2754.0	83.0
5.5487878E13	2759.0	83.0
5.5487886E13	2759.0	83.0
5.54879E13	2759.0	82.0
5.5487907E13	2759.0	82.0
5.5487916E13	2759.0	82.0
5.548793E13	2758.0	81.0
5.5487937E13	2758.0	82.0
5.548795E13	2761.0	82.0
5.5487958E13	2761.0	82.0
5.5487966E13	2761.0	82.0
5.548798E13	2761.0	82.0
5.5487987E13	2761.0	82.0
5.5488E13	2763.0	81.0
5.5488008E13	2763.0	81.0
5.5488016E13	2763.0	81.0
5.548803E13	2763.0	82.0
5.5488037E13	2767.0	82.0
5.5488046E13	2767.0	82.0
5.548806E13	2767.0	82.0
5.5488067E13	2771.0	82.0
5.548808E13	2771.0	82.0
5.5488088E13	2771.0	82.0
5.5488096E13	2771.0	81.0
5.548811E13	2775.0	81.0
5.5488117E13	2775.0	81.0
5.548813E13	2775.0	81.0
5.548814E13	2775.0	81.0
5.5488146E13	2780.0	81.0
5.548816E13	2780.0	81.0
5.5488167E13	2780.0	81.0
5.5488176E13	2780.0	81.0
5.548819E13	2785.0	81.0
5.5488197E13	2785.0	82.0
5.548821E13	2785.0	82.0
5.5488218E13	2796.0	82.0
5.548823E13	2796.0	82.0
5.548824E13	2796.0	82.0
5.5488247E13	2804.0	82.0
5.548826E13	2804.0	82.0
5.548827E13	2804.0	82.0
5.5488276E13	2804.0	81.0
5.548829E13	2804.0	82.0
5.5488297E13	2884.0	82.0
5.548831E13	2884.0	82.0
5.548832E13	2884.0	82.0
5.5488327E13	2884.0	83.0
5.548834E13	2981.0	83.0
5.5488348E13	2981.0	83.0
5.5488356E13	2981.0	84.0
5.548837E13	3089.0	85.0
5.5488377E13	3089.0	85.0
5.548839E13	3089.0	86.0
5.54884E13	3089.0	86.0
5.5488406E13	3179.0	86.0
5.548842E13	3179.0	86.0
5.5488427E13	3179.0	86.0
5.548844E13	3179.0	86.0
5.548845E13	3211.0	85.0
5.5488457E13	3211.0	85.0
5.548847E13	3211.0	84.0
5.5488478E13	3211.0	83.0
5.5488486E13	3212.0	83.0
5.54885E13	3212.0	83.0
5.5488507E13	3212.0	83.0
5.548852E13	3155.0	82.0
5.548853E13	3155.0	83.0
5.5488536E13	3155.0	82.0
5.548855E13	3155.0	83.0
5.5488557E13	3081.0	83.0
5.548857E13	3081.0	83.0
5.548858E13	3081.0	83.0
5.5488587E13	3081.0	83.0
5.54886E13	3097.0	83.0
5.5488608E13	3097.0	83.0
5.5488616E13	3097.0	83.0
5.548863E13	3097.0	83.0
5.5488637E13	3071.0	84.0
5.548865E13	3071.0	85.0
5.548866E13	3071.0	86.0
5.5488666E13	3137.0	87.0
5.548868E13	3137.0	88.0
5.5488687E13	3137.0	89.0
5.54887E13	3137.0	89.0
5.548871E13	3167.0	89.0
5.5488717E13	3167.0	89.0
5.548873E13	3167.0	89.0
5.5488738E13	3167.0	88.0
5.548875E13	3128.0	87.0
5.548876E13	3128.0	85.0
5.5488767E13	3128.0	83.0
5.548878E13	3128.0	82.0
5.548879E13	2994.0	81.0
5.5488796E13	2994.0	80.0
5.548881E13	2994.0	80.0
5.5488817E13	2873.0	81.0
5.548883E13	2873.0	82.0
5.548884E13	2873.0	83.0
5.5488847E13	2848.0	86.0
5.548886E13	2848.0	87.0
5.5488868E13	2848.0	87.0
5.548888E13	2848.0	88.0
5.548889E13	2848.0	88.0
5.5488897E13	2886.0	88.0
5.548891E13	2886.0	88.0
5.548892E13	2886.0	87.0
5.5488926E13	2886.0	86.0
5.548894E13	2830.0	84.0
5.5488947E13	2830.0	82.0
5.548896E13	2812.0	82.0
5.548897E13	2812.0	82.0
5.5488977E13	2812.0	81.0
5.548899E13	2812.0	81.0
5.5488998E13	2812.0	82.0
5.548901E13	2797.0	82.0
5.548902E13	2797.0	83.0
5.5489027E13	2797.0	83.0
5.548904E13	2797.0	83.0
5.548905E13	2789.0	83.0
5.5489056E13	2789.0	83.0
5.548907E13	2789.0	83.0
5.5489077E13	2784.0	83.0
5.548909E13	2784.0	83.0
5.54891E13	2784.0	83.0
5.5489107E13	2784.0	84.0
5.548912E13	2781.0	84.0
5.5489128E13	2781.0	84.0
5.548914E13	2781.0	84.0
5.548915E13	2781.0	83.0
5.5489157E13	2775.0	82.0
5.548917E13	2775.0	82.0
5.548918E13	2775.0	82.0
5.548919E13	2775.0	82.0
5.54892E13	2768.0	81.0
5.5489207E13	2768.0	81.0
5.548922E13	2768.0	80.0
5.548923E13	2761.0	80.0
5.5489237E13	2761.0	81.0
5.548925E13	2761.0	81.0
5.5489258E13	2761.0	82.0
5.548927E13	2760.0	82.0
5.548928E13	2760.0	83.0
5.5489287E13	2760.0	83.0
5.54893E13	2760.0	83.0
5.548931E13	2760.0	83.0
5.548932E13	2760.0	83.0
5.548933E13	2760.0	83.0
5.5489337E13	2760.0	82.0
5.548935E13	2758.0	82.0
5.548936E13	2758.0	82.0
5.5489367E13	2758.0	82.0
5.548938E13	2756.0	82.0
5.5489388E13	2756.0	82.0
5.54894E13	2756.0	82.0
5.548941E13	2756.0	83.0
5.5489417E13	2755.0	83.0
5.548943E13	2755.0	83.0
5.548944E13	2755.0	83.0
5.548945E13	2755.0	83.0
5.548946E13	2757.0	83.0
5.5489468E13	2757.0	83.0
5.548948E13	2757.0	83.0
5.548949E13	2757.0	83.0
5.54895E13	2763.0	83.0
5.548951E13	2763.0	83.0
5.5489518E13	2763.0	84.0
5.548953E13	2765.0	84.0
5.548954E13	2765.0	84.0
5.5489547E13	2765.0	84.0
5.548956E13	2765.0	84.0
5.548957E13	2769.0	84.0
5.548958E13	2769.0	84.0
5.548959E13	2769.0	84.0
5.5489598E13	2769.0	84.0
5.548961E13	2770.0	84.0
5.548962E13	2770.0	84.0
5.548963E13	2770.0	84.0
5.548964E13	2770.0	84.0
5.5489648E13	2772.0	83.0
5.548966E13	2772.0	83.0
5.548967E13	2772.0	83.0
5.5489677E13	2770.0	83.0
5.548969E13	2770.0	83.0
5.54897E13	2770.0	83.0
5.548971E13	2770.0	82.0
5.548972E13	2767.0	82.0
5.5489728E13	2767.0	82.0
5.548974E13	2767.0	82.0
5.548975E13	2767.0	82.0
5.548976E13	2766.0	82.0
5.548977E13	2766.0	82.0
5.5489778E13	2766.0	82.0
5.548979E13	2766.0	82.0
5.54898E13	2763.0	82.0
5.548981E13	2763.0	82.0
5.548982E13	2763.0	82.0
5.548983E13	2766.0	82.0
5.548984E13	2766.0	55.0
5.548985E13	2766.0	82.0
5.548986E13	2769.0	82.0
5.548987E13	2769.0	83.0
5.548988E13	2769.0	83.0
5.548989E13	2769.0	83.0
5.54899E13	2769.0	83.0
5.548991E13	2769.0	83.0
5.548992E13	2769.0	83.0
5.548993E13	2769.0	83.0
5.548994E13	2769.0	83.0
5.548995E13	2769.0	83.0
5.548996E13	2769.0	83.0
5.548997E13	2769.0	83.0
5.548998E13	2772.0	83.0
5.548999E13	2772.0	83.0
5.549E13	2772.0	84.0
5.549001E13	2772.0	84.0
5.549002E13	2773.0	84.0
5.549003E13	2773.0	83.0
5.549004E13	2773.0	83.0
5.549005E13	2773.0	83.0
5.549006E13	2773.0	83.0
5.549007E13	2773.0	83.0
5.549008E13	2773.0	82.0
5.549009E13	2768.0	82.0
5.54901E13	2768.0	82.0
5.549011E13	2768.0	82.0
5.5490118E13	2768.0	82.0
5.549013E13	2768.0	82.0
5.549014E13	2768.0	82.0
5.549015E13	2768.0	82.0
5.549016E13	2768.0	83.0
5.549017E13	2769.0	83.0
5.549018E13	2769.0	83.0
5.549019E13	2769.0	83.0
5.54902E13	2769.0	83.0
5.549021E13	2770.0	83.0
5.549022E13	2770.0	82.0
5.549023E13	2770.0	82.0
5.549024E13	2770.0	82.0
5.5490248E13	2770.0	82.0
5.549026E13	2770.0	82.0
5.549027E13	2770.0	82.0
5.549028E13	2769.0	82.0
5.549029E13	2769.0	82.0
5.54903E13	2769.0	82.0
5.549031E13	2769.0	82.0
5.549032E13	2769.0	82.0
5.549033E13	2769.0	82.0
5.549034E13	2769.0	82.0
5.549035E13	2769.0	82.0
5.549036E13	2769.0	82.0
5.549037E13	2769.0	82.0
5.549038E13	2769.0	82.0
5.549039E13	2773.0	82.0
5.54904E13	2773.0	82.0
5.549041E13	2773.0	82.0
5.549042E13	2773.0	82.0
5.549043E13	2772.0	82.0
5.549044E13	2772.0	83.0
5.549045E13	2772.0	83.0
5.549046E13	2772.0	83.0
5.549047E13	2775.0	83.0
5.549048E13	2775.0	83.0
5.549049E13	2775.0	83.0
5.54905E13	2775.0	83.0
5.549051E13	2777.0	83.0
5.549052E13	2777.0	83.0
5.549053E13	2777.0	83.0
5.549054E13	2779.0	83.0
5.549055E13	2779.0	83.0
5.5490562E13	2779.0	83.0
5.549057E13	2782.0	83.0
5.549058E13	2782.0	83.0
5.549059E13	2782.0	83.0
5.54906E13	2782.0	84.0
5.549061E13	2784.0	84.0
5.549062E13	2784.0	84.0
5.549063E13	2784.0	84.0
5.549064E13	2784.0	84.0
5.549065E13	2786.0	83.0
5.549066E13	2786.0	83.0
5.549067E13	2786.0	83.0
5.549068E13	2787.0	83.0
5.5490692E13	2787.0	83.0
5.54907E13	2787.0	83.0
5.549071E13	2787.0	83.0
5.549072E13	2792.0	82.0
5.549073E13	2792.0	82.0
5.549074E13	2792.0	82.0
5.549075E13	2792.0	82.0
5.549076E13	2792.0	82.0
5.549077E13	2794.0	82.0
5.549078E13	2794.0	82.0
5.549079E13	2794.0	82.0
5.54908E13	2794.0	82.0
5.549081E13	2793.0	82.0
5.5490822E13	2793.0	82.0
5.549083E13	2793.0	82.0
5.549084E13	2794.0	82.0
5.549085E13	2794.0	82.0
5.549086E13	2794.0	82.0
5.549087E13	2794.0	83.0
5.549088E13	2795.0	82.0
5.549089E13	2795.0	81.0
5.54909E13	2795.0	81.0
5.549091E13	2794.0	81.0
5.549092E13	2794.0	81.0
5.549093E13	2794.0	81.0
5.549094E13	2794.0	81.0
5.5490952E13	2787.0	81.0
5.549096E13	2787.0	81.0
5.549097E13	2787.0	82.0
5.549099E13	2788.0	83.0
5.5491E13	2788.0	83.0
5.549101E13	2788.0	83.0
5.549102E13	2788.0	83.0
5.549103E13	2787.0	83.0
5.549104E13	2787.0	82.0
5.549105E13	2787.0	82.0
5.549106E13	2787.0	82.0
5.549107E13	2786.0	82.0
5.5491082E13	2786.0	82.0
5.549109E13	2786.0	82.0
5.54911E13	2781.0	82.0
5.549111E13	2781.0	82.0
5.549112E13	2781.0	82.0
5.549113E13	2781.0	82.0
5.549114E13	2781.0	82.0
5.549115E13	2781.0	82.0
5.549116E13	2781.0	82.0
5.549117E13	2781.0	82.0
5.549118E13	2780.0	82.0
5.549119E13	2780.0	82.0
5.54912E13	2780.0	82.0
5.5491212E13	2780.0	82.0
5.549122E13	2780.0	83.0
5.549123E13	2780.0	83.0
5.549124E13	2780.0	83.0
5.549125E13	2780.0	82.0
5.549126E13	2780.0	82.0
5.549127E13	2780.0	82.0
5.549128E13	2780.0	82.0
5.549129E13	2782.0	82.0
5.54913E13	2782.0	82.0
5.549131E13	2782.0	82.0
5.549132E13	2782.0	82.0
5.549133E13	2782.0	82.0
5.549135E13	2782.0	82.0
5.549136E13	2782.0	83.0
5.549137E13	2784.0	83.0
5.549138E13	2784.0	83.0
5.5491393E13	2784.0	83.0
5.54914E13	2785.0	82.0
5.549141E13	2785.0	82.0
5.549142E13	2785.0	82.0
5.549143E13	2785.0	82.0
5.549144E13	2783.0	82.0
5.549145E13	2783.0	82.0
5.549146E13	2783.0	82.0
5.5491472E13	2783.0	82.0
5.549148E13	2786.0	82.0
5.549149E13	2786.0	82.0
5.54915E13	2786.0	82.0
5.549151E13	2786.0	82.0
5.5491523E13	2787.0	82.0
5.549153E13	2787.0	83.0
5.549154E13	2787.0	83.0
5.549155E13	2787.0	83.0
5.549156E13	2787.0	83.0
5.5491573E13	2787.0	83.0
5.549158E13	2787.0	83.0
5.549159E13	2788.0	83.0
5.5491602E13	2788.0	82.0
5.549161E13	2788.0	82.0
5.549162E13	2788.0	82.0
5.549163E13	2786.0	82.0
5.549164E13	2786.0	82.0
5.5491653E13	2786.0	82.0
5.549166E13	2786.0	82.0
5.549167E13	2787.0	82.0
5.5491682E13	2787.0	82.0
5.549169E13	2787.0	82.0
5.5491703E13	2786.0	82.0
5.549171E13	2786.0	82.0
5.549172E13	2786.0	82.0
5.5491732E13	2786.0	82.0
5.549174E13	2785.0	82.0
5.549175E13	2785.0	82.0
5.549176E13	2785.0	82.0
5.549177E13	2785.0	82.0
5.5491783E13	2787.0	83.0
5.549179E13	2787.0	82.0
5.54918E13	2787.0	82.0
5.5491812E13	2788.0	83.0
5.549182E13	2788.0	82.0
5.5491833E13	2788.0	82.0
5.549184E13	2788.0	82.0
5.549185E13	2786.0	82.0
5.5491862E13	2786.0	82.0
5.549187E13	2786.0	82.0
5.549188E13	2786.0	82.0
5.549189E13	2787.0	82.0
5.54919E13	2787.0	82.0
5.5491913E13	2787.0	82.0
5.549192E13	2787.0	82.0
5.549193E13	2786.0	82.0
5.5491942E13	2786.0	82.0
5.549195E13	2786.0	82.0
5.5491963E13	2785.0	82.0
5.549197E13	2785.0	83.0
5.549198E13	2785.0	83.0
5.5491992E13	2785.0	83.0
5.5492E13	2788.0	82.0
5.5492013E13	2788.0	82.0
5.549202E13	2788.0	82.0
5.549203E13	2785.0	82.0
5.5492043E13	2785.0	82.0
5.549205E13	2785.0	82.0
5.549206E13	2785.0	82.0
5.5492072E13	2785.0	82.0
5.549208E13	2785.0	82.0
5.5492093E13	2785.0	82.0
5.54921E13	2785.0	82.0
5.5492114E13	2784.0	82.0
5.5492123E13	2784.0	82.0
5.549213E13	2784.0	82.0
5.5492143E13	2784.0	82.0
5.549215E13	2782.0	82.0
5.549216E13	2782.0	82.0
5.5492173E13	2782.0	82.0
5.549218E13	2782.0	82.0
5.549219E13	2783.0	82.0
5.5492202E13	2783.0	82.0
5.549221E13	2783.0	82.0
5.5492223E13	2783.0	82.0
5.549223E13	2782.0	82.0
5.549224E13	2782.0	82.0
5.5492253E13	2782.0	82.0
5.549226E13	2782.0	82.0
5.5492274E13	2782.0	82.0
5.549228E13	2782.0	82.0
5.549229E13	2782.0	82.0
5.5492303E13	2781.0	82.0
5.549231E13	2781.0	82.0
5.549232E13	2781.0	82.0
5.5492332E13	2781.0	82.0
5.549234E13	2780.0	82.0
5.5492353E13	2780.0	82.0
5.549236E13	2780.0	82.0
5.549237E13	2780.0	82.0
5.5492383E13	2779.0	82.0
5.549239E13	2779.0	82.0
5.5492404E13	2779.0	82.0
5.549241E13	2779.0	82.0
5.549242E13	2779.0	83.0
5.5492433E13	2779.0	83.0
5.549244E13	2779.0	83.0
5.5492454E13	2781.0	83.0
5.5492462E13	2781.0	83.0
5.549247E13	2781.0	83.0
5.5492483E13	2781.0	83.0
5.549249E13	2780.0	82.0
5.54925E13	2780.0	82.0
5.5492513E13	2780.0	82.0
5.549252E13	2780.0	82.0
5.5492534E13	2780.0	82.0
5.549254E13	2780.0	82.0
5.549255E13	2780.0	82.0
5.5492563E13	2782.0	82.0
5.549257E13	2782.0	83.0
5.5492584E13	2782.0	83.0
5.5492592E13	2782.0	83.0
5.54926E13	2781.0	82.0
5.5492613E13	2781.0	82.0
5.549262E13	2781.0	82.0
5.549263E13	2781.0	82.0
5.5492643E13	2782.0	82.0
5.549265E13	2782.0	82.0
5.5492664E13	2782.0	82.0
5.549267E13	2782.0	82.0
5.549268E13	2782.0	82.0
5.5492693E13	2782.0	82.0
5.54927E13	2782.0	82.0
5.5492714E13	2783.0	82.0
5.5492722E13	2783.0	82.0
5.549273E13	2783.0	82.0
5.5492743E13	2783.0	83.0
5.549275E13	2784.0	83.0
5.5492764E13	2784.0	83.0
5.5492773E13	2784.0	83.0
5.549278E13	2784.0	83.0
5.5492794E13	2786.0	83.0
5.54928E13	2786.0	83.0
5.549281E13	2786.0	83.0
5.5492823E13	2789.0	82.0
5.549283E13	2789.0	83.0
5.5492844E13	2789.0	82.0
5.5492852E13	2789.0	82.0
5.549286E13	2788.0	82.0
5.5492873E13	2788.0	82.0
5.549288E13	2788.0	82.0
5.5492894E13	2788.0	82.0
5.5492903E13	2788.0	83.0
5.549291E13	2788.0	82.0
5.5492924E13	2788.0	82.0
5.549293E13	2781.0	82.0
5.549294E13	2781.0	82.0
5.5492953E13	2781.0	82.0
5.549296E13	2781.0	82.0
5.5492974E13	2782.0	83.0
5.5492982E13	2782.0	83.0
5.549299E13	2782.0	83.0
5.5493003E13	2782.0	83.0
5.549301E13	2781.0	83.0
5.5493024E13	2781.0	83.0
5.5493033E13	2781.0	83.0
5.549304E13	2782.0	83.0
5.5493054E13	2782.0	83.0
5.549306E13	2782.0	83.0
5.549307E13	2782.0	83.0
5.5493083E13	2782.0	83.0
5.549309E13	2784.0	83.0
5.5493104E13	2784.0	82.0
5.5493112E13	2784.0	82.0
5.549312E13	2790.0	82.0
5.5493133E13	2790.0	82.0
5.549314E13	2790.0	82.0
5.5493154E13	2790.0	82.0
5.5493163E13	2794.0	82.0
5.549317E13	2794.0	82.0
5.5493184E13	2794.0	82.0
5.549319E13	2794.0	82.0
5.5493205E13	2801.0	82.0
5.5493213E13	2801.0	82.0
5.549322E13	2801.0	83.0
5.5493234E13	2801.0	83.0
5.5493242E13	2802.0	83.0
5.549325E13	2802.0	83.0
5.5493263E13	2802.0	83.0
5.549327E13	2793.0	83.0
5.5493284E13	2793.0	83.0
5.5493293E13	2793.0	82.0
5.54933E13	2793.0	83.0
5.5493314E13	2784.0	82.0
5.549332E13	2784.0	83.0
5.5493335E13	2784.0	83.0
5.5493343E13	2784.0	83.0
5.549335E13	2767.0	83.0
5.5493364E13	2767.0	83.0
5.5493372E13	2767.0	83.0
5.549338E13	2767.0	83.0
5.5493393E13	2757.0	83.0
5.54934E13	2757.0	82.0
5.5493414E13	2757.0	82.0
5.5493423E13	2743.0	82.0
5.549343E13	2743.0	82.0
5.5493444E13	2743.0	82.0
5.5493452E13	2743.0	82.0
5.5493465E13	2730.0	82.0
5.5493473E13	2730.0	82.0
5.549348E13	2730.0	82.0
5.5493494E13	2730.0	82.0
5.5493502E13	2722.0	83.0
5.549351E13	2722.0	83.0
5.5493523E13	2722.0	83.0
5.549353E13	2718.0	82.0
5.5493544E13	2718.0	82.0
5.5493553E13	2718.0	82.0
5.549356E13	2720.0	82.0
5.5493574E13	2720.0	82.0
5.5493582E13	2720.0	82.0
5.5493595E13	2720.0	82.0
5.5493603E13	2727.0	82.0
5.549361E13	2727.0	82.0
5.5493624E13	2727.0	82.0
5.5493632E13	2727.0	82.0
5.5493645E13	2722.0	82.0
5.5493653E13	2722.0	82.0
5.549366E13	2722.0	82.0
5.5493674E13	2722.0	83.0
5.5493683E13	2903.0	83.0
5.549369E13	2691.0	83.0
5.5493704E13	2691.0	83.0
5.5493712E13	2691.0	83.0
5.5493725E13	2666.0	83.0
5.5493733E13	2666.0	82.0
5.549374E13	2666.0	82.0
5.5493754E13	2666.0	82.0
5.5493762E13	2659.0	82.0
5.5493775E13	2659.0	82.0
5.5493783E13	2659.0	82.0
5.549379E13	2655.0	82.0
5.5493804E13	2655.0	82.0
5.5493813E13	2655.0	82.0
5.5493825E13	2653.0	83.0
5.549384E13	2653.0	83.0
5.5493846E13	2653.0	83.0
5.5493855E13	2653.0	83.0
5.5493863E13	2658.0	82.0
5.549387E13	2658.0	82.0
5.5493884E13	2658.0	82.0
5.5493893E13	2658.0	82.0
5.5493905E13	2662.0	82.0
5.5493913E13	2662.0	82.0
5.549392E13	2662.0	82.0
5.5493934E13	2662.0	82.0
5.5493943E13	2662.0	83.0
5.5493955E13	2662.0	82.0
5.5493964E13	2662.0	82.0
5.5493972E13	2662.0	82.0
5.5493985E13	2662.0	82.0
5.5494E13	2662.0	82.0
5.5493993E13	2662.0	82.0
5.5494014E13	2659.0	82.0
5.5494023E13	2659.0	83.0
5.5494035E13	2659.0	83.0
5.5494044E13	2659.0	83.0
5.549405E13	2660.0	83.0
5.5494064E13	2660.0	83.0
5.5494073E13	2660.0	82.0
5.549408E13	2660.0	82.0
5.5494094E13	2651.0	82.0
5.5494102E13	2651.0	82.0
5.5494115E13	2651.0	82.0
5.5494123E13	2642.0	82.0
5.549413E13	2642.0	82.0
5.5494144E13	2642.0	82.0
5.5494153E13	2642.0	82.0
5.5494165E13	2637.0	82.0
5.5494174E13	2637.0	82.0
5.549418E13	2637.0	82.0
5.5494194E13	2637.0	82.0
5.5494203E13	2638.0	82.0
5.549421E13	2638.0	82.0
5.5494224E13	2638.0	82.0
5.5494232E13	2638.0	82.0
5.5494245E13	2653.0	82.0
5.5494253E13	2653.0	82.0
5.549426E13	2653.0	82.0
5.5494274E13	2653.0	82.0
5.5494283E13	2667.0	82.0
5.5494295E13	2667.0	82.0
5.5494304E13	2667.0	82.0
5.549431E13	2667.0	82.0
5.549433E13	2677.0	82.0
5.5494333E13	2677.0	82.0
5.549434E13	2677.0	82.0
5.5494354E13	2677.0	82.0
5.5494362E13	2686.0	82.0
5.5494375E13	2686.0	82.0
5.5494383E13	2686.0	82.0
5.549439E13	2686.0	82.0
5.5494404E13	2695.0	82.0
5.5494413E13	2695.0	82.0
5.5494425E13	2695.0	82.0
5.5494434E13	2702.0	82.0
5.549444E13	2702.0	82.0
5.5494455E13	2702.0	83.0
5.5494463E13	2702.0	83.0
5.5494476E13	2703.0	83.0
5.5494484E13	2703.0	83.0
5.5494492E13	2703.0	83.0
5.5494505E13	2703.0	83.0
5.5494513E13	2701.0	83.0
5.549452E13	2701.0	82.0
5.5494534E13	2701.0	82.0
5.5494543E13	2701.0	82.0
5.5494555E13	2698.0	82.0
5.5494564E13	2698.0	82.0
5.549457E13	2698.0	82.0
5.5494585E13	2699.0	82.0
5.5494593E13	2699.0	82.0
5.54946E13	2699.0	82.0
5.5494614E13	2699.0	83.0
5.5494622E13	2706.0	82.0
5.5494635E13	2706.0	82.0
5.5494643E13	2706.0	82.0
5.549465E13	2706.0	82.0
5.5494664E13	2712.0	82.0
5.5494673E13	2712.0	82.0
5.5494685E13	2712.0	82.0
5.5494694E13	2720.0	82.0
5.54947E13	2720.0	82.0
5.5494715E13	2720.0	82.0
5.5494723E13	2720.0	82.0
5.5494736E13	2723.0	82.0
5.5494744E13	2723.0	82.0
5.5494752E13	2723.0	82.0
5.5494765E13	2723.0	82.0
5.5494773E13	2722.0	82.0
5.549478E13	2722.0	83.0
5.5494794E13	2722.0	83.0
5.5494803E13	2722.0	83.0
5.5494815E13	2723.0	83.0
5.5494824E13	2723.0	83.0
5.549483E13	2723.0	82.0
5.5494845E13	2723.0	82.0
5.5494853E13	2723.0	82.0
5.5494866E13	2723.0	82.0
5.5494874E13	2723.0	82.0
5.5494882E13	2722.0	82.0
5.5494895E13	2722.0	82.0
5.5494903E13	2722.0	82.0
5.549491E13	2722.0	82.0
5.5494924E13	2726.0	82.0
5.5494933E13	2726.0	82.0
5.5494945E13	2726.0	83.0
5.5494954E13	2726.0	82.0
5.549496E13	2732.0	82.0
5.5494975E13	2732.0	82.0
5.5494983E13	2732.0	83.0
5.5494996E13	2734.0	83.0
5.5495004E13	2734.0	56.0
5.5495012E13	2734.0	56.0
5.5495025E13	2734.0	56.0
5.5495033E13	2733.0	56.0
5.5495046E13	2733.0	56.0
5.5495054E13	2733.0	56.0
5.5495063E13	2733.0	56.0
5.5495075E13	2732.0	56.0
5.5495084E13	2732.0	56.0
5.549509E13	2732.0	56.0
5.5495105E13	2732.0	56.0
5.5495113E13	2736.0	56.0
5.5495126E13	2736.0	56.0
5.5495134E13	2736.0	56.0
5.5495147E13	2734.0	82.0
5.5495155E13	2734.0	82.0
5.5495163E13	2734.0	82.0
5.5495176E13	2734.0	82.0
5.5495184E13	2737.0	82.0
5.5495193E13	2737.0	82.0
5.5495205E13	2737.0	82.0
5.5495214E13	2737.0	82.0
5.5495222E13	2739.0	82.0
5.5495235E13	2739.0	82.0
5.5495243E13	2739.0	82.0
5.5495256E13	2739.0	82.0
5.5495264E13	2743.0	82.0
5.5495272E13	2743.0	82.0
5.5495285E13	2743.0	82.0
5.5495293E13	2746.0	82.0
5.5495306E13	2746.0	82.0
5.5495314E13	2746.0	82.0
5.5495323E13	2746.0	82.0
5.5495335E13	2748.0	82.0
5.5495344E13	2748.0	83.0
5.5495356E13	2748.0	82.0
5.5495365E13	2748.0	83.0
5.5495373E13	2753.0	82.0
5.5495386E13	2753.0	82.0
5.5495394E13	2753.0	82.0
5.5495402E13	2753.0	82.0
5.5495415E13	2756.0	83.0
5.5495423E13	2756.0	83.0
5.5495436E13	2756.0	83.0
5.5495444E13	2755.0	83.0
5.5495453E13	2755.0	83.0
5.5495465E13	2755.0	83.0
5.5495474E13	2755.0	83.0
5.5495486E13	2758.0	83.0
5.5495495E13	2758.0	83.0
5.5495503E13	2758.0	83.0
5.5495516E13	2758.0	83.0
5.5495524E13	2759.0	83.0
5.5495537E13	2759.0	82.0
5.5495545E13	2759.0	82.0
5.5495553E13	2761.0	83.0
5.5495566E13	2761.0	83.0
5.5495574E13	2761.0	82.0
5.5495583E13	2761.0	82.0
5.5495595E13	2761.0	82.0
5.5495604E13	2761.0	83.0
5.5495616E13	2761.0	82.0
5.5495625E13	2761.0	83.0
5.5495633E13	2766.0	83.0
5.5495646E13	2766.0	83.0
5.5495654E13	2766.0	83.0
5.5495667E13	2766.0	83.0
5.5495675E13	2769.0	83.0
5.5495683E13	2769.0	83.0
5.5495696E13	2769.0	83.0
5.5495704E13	2771.0	83.0
5.5495713E13	2771.0	83.0
5.5495725E13	2771.0	83.0
5.5495734E13	2771.0	83.0
5.5495746E13	2770.0	83.0
5.5495755E13	2770.0	83.0
5.5495763E13	2770.0	83.0
5.5495776E13	2770.0	83.0
5.5495784E13	2771.0	83.0
5.5495797E13	2771.0	83.0
