5.3736416E13	2784.0	81.0
5.3736425E13	2784.0	80.0
5.3736437E13	2784.0	80.0
5.3736446E13	2784.0	80.0
5.3736454E13	2784.0	80.0
5.3736467E13	2783.0	80.0
5.3736475E13	2783.0	79.0
5.3736483E13	2780.0	80.0
5.3736496E13	2780.0	80.0
5.3736504E13	2780.0	80.0
5.3736517E13	2780.0	80.0
5.3736525E13	2782.0	80.0
5.3736534E13	2782.0	80.0
5.3736546E13	2782.0	80.0
5.3736555E13	2782.0	80.0
5.3736567E13	2781.0	79.0
5.3736576E13	2781.0	80.0
5.3736584E13	2781.0	80.0
5.3736597E13	2781.0	80.0
5.3736605E13	2778.0	80.0
5.3736618E13	2778.0	80.0
5.3736626E13	2778.0	80.0
5.3736634E13	2776.0	80.0
5.3736647E13	2776.0	80.0
5.3736655E13	2776.0	80.0
5.3736664E13	2776.0	80.0
5.3736676E13	2776.0	80.0
5.3736685E13	2776.0	80.0
5.3736697E13	2776.0	80.0
5.3736706E13	2776.0	80.0
5.3736714E13	2776.0	80.0
5.3736727E13	2775.0	80.0
5.3736735E13	2775.0	80.0
5.3736748E13	2775.0	80.0
5.3736756E13	2775.0	80.0
5.3736764E13	2777.0	80.0
5.3736777E13	2777.0	80.0
5.3736785E13	2777.0	80.0
5.3736794E13	2776.0	80.0
5.3736806E13	2776.0	80.0
5.3736815E13	2776.0	80.0
5.3736827E13	2776.0	80.0
5.3736836E13	2779.0	80.0
5.3736844E13	2779.0	80.0
5.3736857E13	2779.0	80.0
5.3736865E13	2779.0	80.0
5.3736878E13	2777.0	80.0
5.3736886E13	2777.0	80.0
5.3736894E13	2777.0	80.0
5.3736907E13	2779.0	80.0
5.3736915E13	2779.0	80.0
5.3736924E13	2779.0	80.0
5.3736936E13	2779.0	81.0
5.3736945E13	2780.0	81.0
5.3736957E13	2780.0	80.0
5.3736966E13	2780.0	80.0
5.3736974E13	2780.0	80.0
5.3736987E13	2782.0	80.0
5.3736995E13	2782.0	80.0
5.3737008E13	2782.0	80.0
5.3737016E13	2782.0	80.0
5.3737024E13	2784.0	80.0
5.3737037E13	2784.0	80.0
5.3737045E13	2784.0	80.0
5.373706E13	2787.0	80.0
5.3737066E13	2787.0	80.0
5.3737075E13	2787.0	80.0
5.3737087E13	2787.0	80.0
5.3737096E13	2787.0	80.0
5.3737104E13	2787.0	80.0
5.3737117E13	2787.0	80.0
5.3737125E13	2789.0	80.0
5.3737138E13	2789.0	80.0
5.3737146E13	2789.0	80.0
5.3737154E13	2789.0	80.0
5.3737167E13	2789.0	80.0
5.3737175E13	2794.0	81.0
5.373719E13	2794.0	81.0
5.3737196E13	2794.0	81.0
5.3737205E13	2796.0	81.0
5.3737217E13	2796.0	81.0
5.3737226E13	2796.0	81.0
5.3737234E13	2797.0	81.0
5.3737247E13	2797.0	81.0
5.3737255E13	2797.0	81.0
5.3737268E13	2797.0	81.0
5.3737276E13	2797.0	81.0
5.3737284E13	2803.0	81.0
5.3737297E13	2803.0	81.0
5.3737305E13	2803.0	81.0
5.373732E13	2803.0	82.0
5.3737326E13	2803.0	81.0
5.3737335E13	2803.0	81.0
5.3737347E13	2803.0	81.0
5.3737356E13	2806.0	80.0
5.3737364E13	2806.0	80.0
5.3737377E13	2806.0	80.0
5.3737385E13	2806.0	80.0
5.3737398E13	2808.0	80.0
5.3737406E13	2808.0	81.0
5.3737414E13	2808.0	81.0
5.3737427E13	2808.0	82.0
5.3737435E13	2810.0	82.0
5.373745E13	2810.0	82.0
5.3737456E13	2810.0	81.0
5.3737465E13	2810.0	81.0
5.3737477E13	2806.0	81.0
5.3737486E13	2806.0	81.0
5.37375E13	2806.0	81.0
5.3737507E13	2801.0	81.0
5.3737515E13	2801.0	81.0
5.3737528E13	2801.0	81.0
5.3737536E13	2801.0	81.0
5.3737544E13	2800.0	81.0
5.3737557E13	2800.0	81.0
5.3737565E13	2800.0	81.0
5.373758E13	2800.0	81.0
5.3737586E13	2797.0	81.0
5.3737595E13	2797.0	81.0
5.3737607E13	2797.0	81.0
5.3737616E13	2797.0	81.0
5.3737624E13	2795.0	81.0
5.3737637E13	2795.0	80.0
5.3737645E13	2795.0	80.0
5.3737666E13	2794.0	80.0
5.3737675E13	2794.0	80.0
5.3737687E13	2794.0	80.0
5.3737695E13	2793.0	80.0
5.373771E13	2793.0	80.0
5.3737716E13	2793.0	80.0
5.3737725E13	2793.0	80.0
5.3737737E13	2793.0	80.0
5.3737746E13	2793.0	79.0
5.373776E13	2793.0	79.0
5.3737767E13	2793.0	80.0
5.3737775E13	2793.0	80.0
5.3737788E13	2793.0	80.0
5.3737796E13	2793.0	80.0
5.3737805E13	2791.0	80.0
5.3737817E13	2791.0	81.0
5.3737826E13	2791.0	81.0
5.373784E13	2791.0	81.0
5.3737846E13	2791.0	81.0
5.3737855E13	2791.0	81.0
5.3737867E13	2791.0	81.0
5.3737876E13	2791.0	81.0
5.373789E13	2792.0	81.0
5.3737897E13	2792.0	81.0
5.3737905E13	2792.0	80.0
5.3737918E13	2792.0	80.0
5.3737926E13	2791.0	80.0
5.3737935E13	2791.0	80.0
5.3737947E13	2791.0	80.0
5.3737956E13	2795.0	79.0
5.373797E13	2795.0	79.0
5.3737976E13	2795.0	79.0
5.3737985E13	2795.0	79.0
5.3737997E13	2793.0	80.0
5.3738006E13	2793.0	80.0
5.373802E13	2793.0	80.0
5.3738027E13	2793.0	80.0
5.3738035E13	2793.0	80.0
5.3738048E13	2793.0	80.0
5.3738056E13	2793.0	80.0
5.3738065E13	2793.0	80.0
5.3738077E13	2793.0	80.0
5.3738086E13	2793.0	80.0
5.37381E13	2793.0	80.0
5.3738107E13	2793.0	80.0
5.3738115E13	2793.0	80.0
5.3738127E13	2793.0	80.0
5.3738136E13	2793.0	81.0
5.373815E13	2791.0	80.0
5.3738157E13	2791.0	80.0
5.3738165E13	2791.0	80.0
5.3738178E13	2791.0	80.0
5.3738186E13	2790.0	80.0
5.37382E13	2790.0	80.0
5.3738207E13	2790.0	80.0
5.3738216E13	2789.0	80.0
5.373823E13	2789.0	80.0
5.3738237E13	2789.0	80.0
5.3738245E13	2789.0	80.0
5.3738258E13	2786.0	80.0
5.3738266E13	2786.0	80.0
5.373828E13	2786.0	80.0
5.3738287E13	2786.0	79.0
5.3738295E13	2785.0	79.0
5.3738308E13	2785.0	79.0
5.3738316E13	2785.0	79.0
5.373833E13	2785.0	80.0
5.3738337E13	2784.0	80.0
5.3738346E13	2784.0	80.0
5.373836E13	2784.0	80.0
5.3738367E13	2783.0	80.0
5.3738375E13	2783.0	80.0
5.3738388E13	2783.0	80.0
5.3738396E13	2783.0	80.0
5.373841E13	2782.0	80.0
5.3738417E13	2782.0	80.0
5.3738425E13	2782.0	80.0
5.3738438E13	2782.0	80.0
5.3738446E13	2781.0	80.0
5.373846E13	2781.0	80.0
5.3738467E13	2781.0	80.0
5.3738476E13	2781.0	80.0
5.373849E13	2778.0	80.0
5.3738497E13	2778.0	80.0
5.373851E13	2778.0	80.0
5.3738518E13	2779.0	80.0
5.3738526E13	2779.0	80.0
5.373854E13	2779.0	80.0
5.3738547E13	2779.0	80.0
5.3738555E13	2781.0	80.0
5.3738568E13	2781.0	80.0
5.3738576E13	2781.0	80.0
5.373859E13	2781.0	80.0
5.3738597E13	2782.0	80.0
5.3738606E13	2782.0	80.0
5.373862E13	2782.0	79.0
5.3738627E13	2782.0	79.0
5.373864E13	2781.0	79.0
5.3738648E13	2781.0	79.0
5.3738656E13	2781.0	79.0
5.373867E13	2784.0	80.0
5.3738677E13	2784.0	80.0
5.373869E13	2784.0	80.0
5.37387E13	2784.0	80.0
5.3738706E13	2780.0	80.0
5.373872E13	2780.0	80.0
5.3738727E13	2780.0	81.0
5.3738736E13	2780.0	81.0
5.373875E13	2782.0	81.0
5.3738757E13	2782.0	81.0
5.373877E13	2782.0	81.0
5.3738778E13	2782.0	80.0
5.3738786E13	2782.0	80.0
5.37388E13	2782.0	80.0
5.3738807E13	2782.0	80.0
5.373882E13	2782.0	80.0
5.373883E13	2782.0	80.0
5.3738836E13	2782.0	80.0
5.373885E13	2782.0	80.0
5.3738857E13	2785.0	80.0
5.3738866E13	2785.0	79.0
5.373888E13	2785.0	79.0
5.3738887E13	2785.0	79.0
5.37389E13	2784.0	79.0
5.3738908E13	2784.0	80.0
5.3738916E13	2784.0	80.0
5.373893E13	2784.0	80.0
5.3738937E13	2785.0	80.0
5.373895E13	2785.0	80.0
5.373896E13	2785.0	81.0
5.3738966E13	2786.0	81.0
5.373898E13	2786.0	80.0
5.3738987E13	2786.0	80.0
5.3738996E13	2786.0	80.0
5.373901E13	2788.0	80.0
5.3739017E13	2788.0	80.0
5.373903E13	2788.0	80.0
5.3739038E13	2788.0	80.0
5.3739046E13	2791.0	80.0
5.373906E13	2791.0	80.0
5.3739067E13	2791.0	81.0
5.373908E13	2791.0	81.0
5.373909E13	2791.0	80.0
5.3739096E13	2791.0	80.0
5.373911E13	2791.0	80.0
5.3739117E13	2794.0	80.0
5.373913E13	2794.0	81.0
5.373914E13	2794.0	81.0
5.3739147E13	2794.0	81.0
5.373916E13	2796.0	81.0
5.3739168E13	2796.0	81.0
5.3739176E13	2796.0	81.0
5.373919E13	2796.0	81.0
5.3739197E13	2798.0	81.0
5.373921E13	2798.0	80.0
5.373922E13	2798.0	80.0
5.3739226E13	2799.0	80.0
5.373924E13	2799.0	80.0
5.3739247E13	2799.0	80.0
5.373926E13	2799.0	81.0
5.373927E13	2798.0	81.0
5.3739277E13	2798.0	81.0
5.373929E13	2798.0	81.0
5.3739298E13	2798.0	81.0
5.373931E13	2800.0	80.0
5.373932E13	2800.0	80.0
5.3739327E13	2800.0	80.0
5.373934E13	2800.0	81.0
5.373935E13	2800.0	81.0
5.3739356E13	2800.0	81.0
5.373937E13	2800.0	81.0
5.3739377E13	2800.0	81.0
5.373939E13	2800.0	81.0
5.37394E13	2800.0	81.0
5.3739407E13	2800.0	81.0
5.373942E13	2798.0	81.0
5.3739428E13	2798.0	81.0
5.3739436E13	2798.0	80.0
5.373945E13	2798.0	80.0
5.3739457E13	2797.0	80.0
5.373947E13	2797.0	80.0
5.373948E13	2797.0	81.0
5.3739486E13	2797.0	81.0
5.37395E13	2795.0	81.0
5.3739507E13	2795.0	81.0
5.373952E13	2795.0	81.0
5.373953E13	2790.0	81.0
5.3739537E13	2790.0	80.0
5.373955E13	2790.0	80.0
5.3739558E13	2790.0	80.0
5.373957E13	2789.0	80.0
5.373958E13	2789.0	80.0
5.3739587E13	2789.0	80.0
5.37396E13	2789.0	80.0
5.373961E13	2785.0	80.0
5.3739616E13	2785.0	80.0
5.373963E13	2785.0	80.0
5.3739637E13	2785.0	80.0
5.373965E13	2784.0	80.0
5.373966E13	2784.0	80.0
5.3739667E13	2784.0	80.0
5.373968E13	2786.0	80.0
5.3739688E13	2786.0	80.0
5.37397E13	2786.0	80.0
5.373971E13	2786.0	80.0
5.3739717E13	2784.0	80.0
5.373973E13	2784.0	80.0
5.373974E13	2784.0	80.0
5.3739746E13	2784.0	81.0
5.373976E13	2782.0	81.0
5.3739767E13	2782.0	81.0
5.373978E13	2782.0	81.0
5.373979E13	2782.0	80.0
5.3739797E13	2781.0	80.0
5.373981E13	2781.0	80.0
5.3739818E13	2781.0	80.0
5.373983E13	2779.0	80.0
5.373984E13	2779.0	80.0
5.3739847E13	2779.0	80.0
5.373986E13	2779.0	80.0
5.373987E13	2781.0	80.0
5.3739877E13	2781.0	80.0
5.373989E13	2781.0	80.0
5.3739897E13	2781.0	80.0
5.373991E13	2782.0	79.0
5.373992E13	2782.0	79.0
5.3739927E13	2782.0	79.0
5.373994E13	2782.0	79.0
5.3739948E13	2780.0	79.0
5.373996E13	2780.0	79.0
5.373997E13	2780.0	79.0
5.3739977E13	2783.0	79.0
5.373999E13	2783.0	80.0
5.374E13	2783.0	80.0
5.374001E13	2782.0	80.0
5.374002E13	2782.0	80.0
5.3740028E13	2782.0	80.0
5.374004E13	2782.0	80.0
5.374005E13	2784.0	80.0
5.3740057E13	2784.0	80.0
5.374007E13	2784.0	80.0
5.3740078E13	2784.0	80.0
5.374009E13	2786.0	80.0
5.37401E13	2786.0	80.0
5.3740107E13	2786.0	80.0
5.374012E13	2785.0	80.0
5.374013E13	2785.0	80.0
5.374014E13	2785.0	80.0
5.374015E13	2785.0	80.0
5.3740158E13	2785.0	80.0
5.374017E13	2788.0	80.0
5.374018E13	2788.0	80.0
5.3740187E13	2788.0	80.0
5.37402E13	2788.0	80.0
5.3740208E13	2790.0	80.0
5.374022E13	2790.0	80.0
5.374023E13	2790.0	80.0
5.3740237E13	2790.0	80.0
5.374025E13	2791.0	80.0
5.374026E13	2791.0	81.0
5.374027E13	2791.0	81.0
5.374028E13	2792.0	81.0
5.3740288E13	2792.0	80.0
5.37403E13	2792.0	80.0
5.374031E13	2792.0	80.0
5.374032E13	2792.0	80.0
5.374033E13	2792.0	81.0
5.374034E13	2792.0	81.0
5.374035E13	2792.0	81.0
5.374036E13	2793.0	80.0
5.3740367E13	2793.0	80.0
5.374038E13	2793.0	80.0
5.374039E13	2794.0	80.0
5.37404E13	2794.0	80.0
5.374041E13	2794.0	80.0
5.3740418E13	2795.0	81.0
5.374043E13	2795.0	81.0
5.374044E13	2795.0	81.0
5.374045E13	2795.0	81.0
5.374046E13	2795.0	81.0
5.374047E13	2795.0	81.0
5.374048E13	2795.0	81.0
5.374049E13	2795.0	81.0
5.3740497E13	2795.0	81.0
5.374051E13	2792.0	81.0
5.374052E13	2792.0	61.0
5.374053E13	2792.0	61.0
5.374054E13	2792.0	81.0
5.3740548E13	2792.0	80.0
5.374056E13	2792.0	80.0
5.374057E13	2794.0	80.0
5.374058E13	2794.0	81.0
5.374059E13	2794.0	81.0
5.37406E13	2794.0	80.0
5.374061E13	2794.0	80.0
5.374062E13	2794.0	80.0
5.3740627E13	2794.0	81.0
5.374064E13	2794.0	81.0
5.374065E13	2794.0	81.0
5.374066E13	2791.0	81.0
5.374067E13	2791.0	81.0
5.3740678E13	2791.0	81.0
5.374069E13	2790.0	81.0
5.37407E13	2790.0	81.0
5.374071E13	2790.0	81.0
5.374072E13	2790.0	81.0
5.374073E13	2793.0	81.0
5.374074E13	2793.0	81.0
5.374075E13	2793.0	80.0
5.3740757E13	2793.0	80.0
5.374077E13	2793.0	81.0
5.374078E13	2793.0	80.0
5.374079E13	2793.0	81.0
5.37408E13	2793.0	81.0
5.3740808E13	2792.0	81.0
5.374082E13	2792.0	81.0
5.374083E13	2792.0	81.0
5.374084E13	2795.0	81.0
5.374085E13	2795.0	81.0
5.374086E13	2795.0	81.0
5.374087E13	2795.0	81.0
5.374088E13	2795.0	81.0
5.374089E13	2795.0	80.0
5.37409E13	2795.0	81.0
5.374091E13	2795.0	81.0
5.374092E13	2795.0	81.0
5.374093E13	2795.0	81.0
5.3740938E13	2795.0	81.0
5.374095E13	2795.0	81.0
5.374096E13	2791.0	81.0
5.374097E13	2791.0	81.0
5.374098E13	2791.0	81.0
5.374099E13	2793.0	81.0
5.3741E13	2793.0	81.0
5.374101E13	2793.0	81.0
5.374102E13	2793.0	81.0
5.374103E13	2793.0	80.0
5.374104E13	2793.0	81.0
5.374105E13	2793.0	80.0
5.374106E13	2793.0	80.0
5.374108E13	2795.0	81.0
5.374109E13	2795.0	81.0
5.374111E13	2793.0	80.0
5.374113E13	2793.0	81.0
5.374114E13	2795.0	80.0
5.374115E13	2795.0	81.0
5.374116E13	2795.0	81.0
5.374117E13	2795.0	81.0
5.374118E13	2793.0	81.0
5.374119E13	2793.0	81.0
5.37412E13	2793.0	81.0
5.374121E13	2793.0	81.0
5.374122E13	2792.0	81.0
5.374123E13	2792.0	81.0
5.374124E13	2792.0	81.0
5.374125E13	2792.0	81.0
5.374126E13	2794.0	81.0
5.374127E13	2794.0	80.0
5.374128E13	2794.0	80.0
5.374129E13	2795.0	80.0
5.37413E13	2795.0	80.0
5.374131E13	2795.0	80.0
5.374132E13	2795.0	81.0
5.374133E13	2797.0	81.0
5.374134E13	2797.0	81.0
5.374135E13	2797.0	81.0
5.374136E13	2797.0	81.0
5.374137E13	2794.0	81.0
5.374138E13	2794.0	81.0
5.374139E13	2794.0	81.0
5.37414E13	2794.0	81.0
5.374141E13	2796.0	81.0
5.374142E13	2796.0	81.0
5.374143E13	2796.0	81.0
5.374144E13	2795.0	81.0
5.374145E13	2795.0	81.0
5.374146E13	2795.0	81.0
5.374147E13	2795.0	80.0
5.374148E13	2795.0	80.0
5.374149E13	2795.0	80.0
5.37415E13	2795.0	80.0
5.3741512E13	2795.0	80.0
5.374152E13	2796.0	81.0
5.374153E13	2796.0	81.0
5.374154E13	2796.0	81.0
5.374155E13	2800.0	81.0
5.374156E13	2800.0	81.0
5.374157E13	2800.0	81.0
5.374158E13	2799.0	81.0
5.374159E13	2799.0	81.0
5.37416E13	2799.0	62.0
5.374161E13	2799.0	81.0
5.374162E13	2804.0	62.0
5.374163E13	2804.0	81.0
5.3741642E13	2804.0	81.0
5.374165E13	2804.0	81.0
5.374166E13	2804.0	80.0
5.374167E13	2807.0	81.0
5.374168E13	2807.0	80.0
5.374169E13	2807.0	80.0
5.37417E13	2808.0	80.0
5.374171E13	2808.0	81.0
5.374172E13	2808.0	81.0
5.374173E13	2808.0	81.0
5.374174E13	2807.0	81.0
5.374175E13	2807.0	81.0
5.374176E13	2807.0	81.0
5.3741772E13	2807.0	81.0
5.374178E13	2808.0	82.0
5.374179E13	2808.0	81.0
5.37418E13	2808.0	81.0
5.374181E13	2808.0	81.0
5.374182E13	2811.0	81.0
5.374183E13	2811.0	81.0
5.374184E13	2811.0	81.0
5.374185E13	2809.0	81.0
5.374186E13	2809.0	81.0
5.374187E13	2809.0	81.0
5.374188E13	2809.0	81.0
5.374189E13	2807.0	80.0
5.3741902E13	2807.0	80.0
5.374191E13	2807.0	80.0
5.374192E13	2807.0	81.0
5.374193E13	2807.0	81.0
5.374194E13	2807.0	81.0
5.374195E13	2807.0	81.0
5.374196E13	2807.0	82.0
5.374197E13	2804.0	82.0
5.374198E13	2804.0	82.0
5.374199E13	2804.0	82.0
5.3742E13	2802.0	82.0
5.374201E13	2802.0	81.0
5.374202E13	2802.0	81.0
5.3742032E13	2802.0	81.0
5.374204E13	2800.0	81.0
5.374205E13	2800.0	81.0
5.374206E13	2800.0	81.0
5.374207E13	2800.0	81.0
5.3742083E13	2799.0	81.0
5.374209E13	2799.0	81.0
5.37421E13	2799.0	81.0
5.374211E13	2799.0	81.0
5.374212E13	2799.0	81.0
5.374213E13	2799.0	81.0
5.374214E13	2799.0	81.0
5.374215E13	2799.0	81.0
5.3742162E13	2799.0	81.0
5.374217E13	2799.0	81.0
5.374218E13	2798.0	81.0
5.374219E13	2798.0	81.0
5.37422E13	2798.0	81.0
5.3742213E13	2798.0	81.0
5.374222E13	2798.0	81.0
5.374223E13	2798.0	81.0
5.3742242E13	2798.0	81.0
5.374225E13	2798.0	81.0
5.374226E13	2802.0	81.0
5.374227E13	2802.0	81.0
5.374228E13	2802.0	80.0
5.3742292E13	2802.0	80.0
5.37423E13	2802.0	80.0
5.374231E13	2802.0	80.0
5.374232E13	2802.0	80.0
5.374233E13	2802.0	81.0
5.3742343E13	2804.0	80.0
5.374235E13	2804.0	81.0
5.374236E13	2804.0	81.0
5.3742372E13	2804.0	81.0
5.374238E13	2804.0	81.0
5.374239E13	2804.0	81.0
5.37424E13	2804.0	81.0
5.374241E13	2804.0	81.0
5.3742422E13	2806.0	82.0
5.374243E13	2806.0	82.0
5.3742443E13	2806.0	81.0
5.374245E13	2805.0	81.0
5.374246E13	2805.0	81.0
5.3742473E13	2805.0	81.0
5.374248E13	2805.0	81.0
5.374249E13	2804.0	81.0
5.3742502E13	2804.0	81.0
5.374251E13	2804.0	81.0
5.3742523E13	2806.0	81.0
5.374253E13	2806.0	81.0
5.374254E13	2806.0	81.0
5.3742552E13	2806.0	81.0
5.374256E13	2804.0	81.0
5.374257E13	2804.0	81.0
5.374258E13	2804.0	81.0
5.374259E13	2803.0	81.0
5.3742603E13	2803.0	81.0
5.374261E13	2803.0	81.0
5.374262E13	2803.0	81.0
5.3742632E13	2803.0	81.0
5.374264E13	2804.0	81.0
5.3742653E13	2804.0	81.0
5.374266E13	2804.0	81.0
5.374267E13	2804.0	80.0
5.3742683E13	2802.0	80.0
5.374269E13	2802.0	80.0
5.37427E13	2802.0	80.0
5.374271E13	2807.0	81.0
5.374272E13	2807.0	81.0
5.3742733E13	2807.0	82.0
5.374274E13	2807.0	82.0
5.374275E13	2808.0	82.0
5.3742762E13	2808.0	82.0
5.374277E13	2808.0	82.0
5.3742783E13	2808.0	82.0
5.374279E13	2808.0	81.0
5.37428E13	2808.0	81.0
5.3742813E13	2808.0	81.0
5.374282E13	2808.0	81.0
5.374283E13	2813.0	81.0
5.374284E13	2813.0	81.0
5.374285E13	2813.0	81.0
5.3742863E13	2817.0	81.0
5.374287E13	2817.0	81.0
5.374288E13	2817.0	81.0
5.3742892E13	2817.0	81.0
5.37429E13	2820.0	81.0
5.3742913E13	2820.0	81.0
5.374292E13	2820.0	81.0
5.374293E13	2820.0	81.0
5.3742943E13	2820.0	81.0
5.374295E13	2820.0	81.0
5.3742964E13	2820.0	82.0
5.374297E13	2820.0	82.0
5.374298E13	2821.0	82.0
5.3742993E13	2821.0	82.0
5.3743E13	2821.0	82.0
5.374301E13	2820.0	82.0
5.3743022E13	2820.0	82.0
5.374303E13	2820.0	82.0
5.3743043E13	2820.0	82.0
5.374305E13	2820.0	82.0
5.374306E13	2820.0	81.0
5.3743073E13	2820.0	81.0
5.374308E13	2820.0	81.0
5.3743094E13	2822.0	81.0
5.37431E13	2822.0	81.0
5.374311E13	2822.0	81.0
5.3743123E13	2822.0	81.0
5.374313E13	2822.0	81.0
5.3743144E13	2822.0	81.0
5.3743152E13	2822.0	81.0
5.374316E13	2823.0	81.0
5.3743173E13	2823.0	81.0
5.374318E13	2823.0	81.0
5.374319E13	2823.0	81.0
5.3743203E13	2823.0	81.0
5.374321E13	2823.0	81.0
5.3743224E13	2823.0	81.0
5.374323E13	2823.0	81.0
5.374324E13	2818.0	81.0
5.3743253E13	2818.0	81.0
5.374326E13	2818.0	81.0
5.3743274E13	2818.0	81.0
5.3743282E13	2817.0	81.0
5.374329E13	2817.0	81.0
5.3743303E13	2817.0	81.0
5.374331E13	2816.0	81.0
5.374332E13	2816.0	81.0
5.3743333E13	2816.0	82.0
5.374334E13	2816.0	82.0
5.3743354E13	2815.0	82.0
5.374336E13	2815.0	81.0
5.374337E13	2815.0	81.0
5.3743383E13	2815.0	81.0
5.374339E13	2816.0	81.0
5.3743404E13	2816.0	82.0
5.3743412E13	2816.0	82.0
5.374342E13	2816.0	82.0
5.3743433E13	2815.0	82.0
5.374344E13	2815.0	81.0
5.3743454E13	2815.0	81.0
5.3743463E13	2814.0	81.0
5.374347E13	2814.0	81.0
5.3743484E13	2814.0	81.0
5.374349E13	2814.0	81.0
5.37435E13	2818.0	81.0
5.3743513E13	2818.0	81.0
5.374352E13	2818.0	81.0
5.3743534E13	2815.0	81.0
5.3743542E13	2815.0	81.0
5.374355E13	2815.0	81.0
5.3743563E13	2815.0	81.0
5.374357E13	2815.0	81.0
5.3743584E13	2815.0	81.0
5.3743593E13	2815.0	81.0
5.37436E13	2818.0	81.0
5.3743614E13	2818.0	81.0
5.374362E13	2818.0	81.0
5.374363E13	2818.0	81.0
5.3743643E13	2818.0	81.0
5.374365E13	2818.0	81.0
5.3743664E13	2818.0	81.0
5.3743672E13	2818.0	81.0
5.374368E13	2818.0	82.0
5.3743693E13	2818.0	82.0
5.37437E13	2818.0	82.0
5.3743714E13	2818.0	81.0
5.3743723E13	2818.0	82.0
5.374373E13	2817.0	82.0
5.3743744E13	2817.0	82.0
5.374375E13	2817.0	81.0
5.374376E13	2820.0	81.0
5.3743773E13	2820.0	81.0
5.374378E13	2820.0	81.0
5.3743794E13	2820.0	81.0
5.3743802E13	2819.0	81.0
5.374381E13	2819.0	81.0
5.3743823E13	2819.0	81.0
5.374383E13	2819.0	81.0
5.3743844E13	2819.0	81.0
5.3743853E13	2819.0	81.0
5.374386E13	2819.0	82.0
5.3743874E13	2818.0	82.0
5.374388E13	2818.0	82.0
5.374389E13	2818.0	82.0
5.3743903E13	2818.0	82.0
5.374391E13	2820.0	82.0
5.3743924E13	2820.0	82.0
5.3743932E13	2820.0	81.0
5.374394E13	2820.0	81.0
5.3743953E13	2822.0	81.0
5.374396E13	2822.0	81.0
5.3743974E13	2822.0	81.0
5.3743983E13	2822.0	80.0
5.374399E13	2823.0	80.0
5.3744004E13	2823.0	81.0
5.3744012E13	2823.0	81.0
5.374402E13	2822.0	81.0
5.3744033E13	2822.0	81.0
5.374404E13	2822.0	81.0
5.3744054E13	2822.0	81.0
5.3744062E13	2821.0	81.0
5.374407E13	2821.0	81.0
5.3744083E13	2821.0	81.0
5.374409E13	2821.0	81.0
5.3744104E13	2822.0	82.0
5.3744113E13	2822.0	82.0
5.374412E13	2822.0	82.0
5.3744134E13	2822.0	82.0
5.3744142E13	2823.0	82.0
5.3744155E13	2823.0	81.0
5.3744163E13	2823.0	81.0
5.374417E13	2821.0	81.0
5.3744184E13	2821.0	82.0
5.3744192E13	2821.0	82.0
5.37442E13	2821.0	82.0
5.3744213E13	2820.0	81.0
5.374422E13	2820.0	81.0
5.3744234E13	2820.0	81.0
5.3744243E13	2820.0	81.0
5.374425E13	2824.0	81.0
5.3744264E13	2824.0	81.0
5.3744272E13	2824.0	81.0
5.3744285E13	2824.0	81.0
5.3744293E13	2826.0	82.0
5.37443E13	2826.0	81.0
5.3744314E13	2826.0	81.0
5.3744322E13	2824.0	81.0
5.374433E13	2824.0	81.0
5.374435E13	2824.0	81.0
5.3744364E13	2824.0	81.0
5.3744373E13	2824.0	81.0
5.374438E13	2824.0	81.0
5.3744394E13	2824.0	81.0
5.3744402E13	2824.0	81.0
5.3744415E13	2824.0	81.0
5.3744423E13	2824.0	81.0
5.374443E13	2824.0	81.0
5.3744444E13	2825.0	81.0
5.3744453E13	2825.0	81.0
5.374446E13	2825.0	81.0
5.3744473E13	2825.0	81.0
5.374448E13	2825.0	81.0
5.3744494E13	2825.0	82.0
5.3744503E13	2825.0	81.0
5.374451E13	2822.0	81.0
5.3744524E13	2822.0	81.0
5.374456E13	2821.0	81.0
5.3744574E13	2821.0	81.0
5.3744583E13	2823.0	81.0
5.3744595E13	2823.0	81.0
5.3744603E13	2823.0	81.0
5.374461E13	2822.0	81.0
5.3744624E13	2822.0	81.0
5.3744633E13	2822.0	81.0
5.374464E13	2822.0	81.0
5.3744654E13	2822.0	81.0
5.3744662E13	2820.0	81.0
5.3744675E13	2820.0	81.0
5.3744683E13	2820.0	81.0
5.374469E13	2820.0	81.0
5.3744704E13	2818.0	81.0
5.3744713E13	2818.0	81.0
5.3744725E13	2818.0	81.0
5.3744734E13	2818.0	81.0
5.374474E13	2818.0	81.0
5.3744754E13	2818.0	81.0
5.3744763E13	2818.0	81.0
5.374477E13	2817.0	81.0
5.3744784E13	2817.0	81.0
5.3744792E13	2817.0	81.0
5.3744805E13	2817.0	81.0
5.3744813E13	2819.0	81.0
5.374482E13	2819.0	81.0
5.3744834E13	2819.0	81.0
5.3744843E13	2819.0	81.0
5.3744855E13	2819.0	81.0
5.3744864E13	2819.0	81.0
5.374487E13	2819.0	81.0
5.3744885E13	2819.0	81.0
5.3744893E13	2818.0	81.0
5.37449E13	2818.0	81.0
5.3744914E13	2818.0	81.0
5.3744922E13	2818.0	81.0
5.3744935E13	2818.0	81.0
5.3744943E13	2818.0	81.0
5.374495E13	2818.0	81.0
5.3744964E13	2819.0	81.0
5.3744973E13	2819.0	81.0
5.3744985E13	2819.0	81.0
5.3744994E13	2819.0	81.0
5.3745E13	2817.0	81.0
5.3745015E13	2817.0	81.0
5.3745023E13	2817.0	81.0
5.3745036E13	2819.0	81.0
5.3745044E13	2819.0	81.0
5.3745052E13	2819.0	81.0
5.3745065E13	2819.0	81.0
5.3745073E13	2820.0	81.0
5.374508E13	2820.0	82.0
5.3745094E13	2820.0	81.0
5.3745103E13	2820.0	81.0
5.3745115E13	2821.0	81.0
5.3745124E13	2821.0	81.0
5.374513E13	2821.0	81.0
5.3745145E13	2821.0	81.0
5.3745153E13	2819.0	81.0
5.3745166E13	2819.0	81.0
5.3745174E13	2819.0	81.0
5.3745182E13	2821.0	81.0
5.3745195E13	2821.0	81.0
5.3745203E13	2821.0	81.0
5.374521E13	2821.0	81.0
5.3745224E13	2820.0	81.0
5.3745233E13	2820.0	81.0
5.3745245E13	2820.0	81.0
5.3745254E13	2820.0	81.0
5.374526E13	2820.0	81.0
5.3745275E13	2820.0	81.0
5.3745283E13	2820.0	81.0
5.3745296E13	2820.0	81.0
5.3745304E13	2820.0	81.0
5.3745312E13	2820.0	81.0
5.3745325E13	2820.0	81.0
5.3745333E13	2820.0	81.0
5.3745346E13	2820.0	81.0
5.3745354E13	2820.0	81.0
5.3745363E13	2820.0	81.0
5.3745375E13	2822.0	81.0
5.3745384E13	2822.0	81.0
5.374539E13	2822.0	81.0
5.3745405E13	2822.0	81.0
5.3745413E13	2822.0	81.0
5.3745426E13	2822.0	81.0
5.3745434E13	2822.0	82.0
5.3745442E13	2822.0	82.0
5.3745455E13	2824.0	82.0
5.3745463E13	2824.0	81.0
5.3745476E13	2824.0	82.0
5.3745484E13	2824.0	82.0
5.3745493E13	2824.0	82.0
5.3745505E13	2824.0	81.0
5.3745514E13	2824.0	81.0
5.374552E13	2824.0	81.0
5.3745535E13	2824.0	81.0
5.3745543E13	2824.0	81.0
5.3745556E13	2824.0	81.0
5.3745564E13	2822.0	81.0
5.3745572E13	2822.0	81.0
5.3745585E13	2822.0	81.0
5.3745593E13	2822.0	81.0
5.3745606E13	2826.0	81.0
5.3745614E13	2826.0	81.0
5.3745623E13	2826.0	81.0
5.3745635E13	2826.0	81.0
5.3745644E13	2826.0	81.0
5.3745656E13	2826.0	82.0
5.3745665E13	2826.0	82.0
5.3745673E13	2825.0	82.0
5.3745686E13	2825.0	82.0
5.3745694E13	2825.0	82.0
5.3745702E13	2825.0	82.0
5.3745715E13	2825.0	81.0
5.3745723E13	2825.0	81.0
5.3745736E13	2825.0	81.0
5.3745744E13	2825.0	81.0
5.3745753E13	2825.0	81.0
5.3745765E13	2825.0	81.0
5.3745774E13	2825.0	81.0
5.3745786E13	2823.0	81.0
5.3745795E13	2823.0	82.0
5.3745803E13	2823.0	81.0
5.3745816E13	2823.0	81.0
5.3745824E13	2827.0	81.0
5.3745832E13	2827.0	81.0
5.3745845E13	2827.0	81.0
5.3745853E13	2827.0	81.0
5.3745866E13	2826.0	81.0
5.3745874E13	2826.0	82.0
5.3745883E13	2826.0	82.0
5.3745895E13	2826.0	82.0
5.3745904E13	2825.0	82.0
5.3745916E13	2825.0	82.0
5.3745925E13	2825.0	82.0
5.3745933E13	2825.0	82.0
5.3745946E13	2825.0	82.0
5.3745954E13	2825.0	81.0
5.3745962E13	2825.0	81.0
5.3745975E13	2830.0	81.0
5.3745983E13	2830.0	81.0
5.3745996E13	2830.0	81.0
5.3746004E13	2830.0	81.0
5.3746013E13	2828.0	81.0
5.3746025E13	2828.0	81.0
5.3746034E13	2828.0	81.0
5.3746046E13	2828.0	81.0
5.3746055E13	2832.0	81.0
5.3746063E13	2832.0	81.0
5.3746076E13	2832.0	82.0
5.3746084E13	2830.0	82.0
5.3746097E13	2830.0	82.0
5.3746105E13	2830.0	82.0
5.3746113E13	2830.0	82.0
5.3746126E13	2829.0	82.0
5.3746134E13	2829.0	82.0
5.3746143E13	2829.0	82.0
5.3746155E13	2829.0	82.0
5.3746164E13	2831.0	82.0
5.3746176E13	2831.0	82.0
5.3746185E13	2831.0	82.0
5.3746193E13	2831.0	82.0
5.3746206E13	2831.0	81.0
5.3746214E13	2831.0	82.0
5.3746227E13	2831.0	82.0
5.3746235E13	2830.0	82.0
5.3746243E13	2830.0	82.0
5.3746256E13	2830.0	82.0
5.3746264E13	2830.0	82.0
5.3746273E13	2832.0	82.0
5.3746285E13	2832.0	82.0
5.3746294E13	2832.0	82.0
5.3746306E13	2832.0	82.0
5.3746315E13	2832.0	82.0
5.3746323E13	2832.0	82.0
5.3746336E13	2832.0	82.0
5.3746344E13	2832.0	82.0
5.3746357E13	2832.0	82.0
5.3746365E13	2832.0	82.0
5.3746373E13	2832.0	82.0
5.3746386E13	2831.0	82.0
5.3746394E13	2831.0	82.0
5.3746403E13	2831.0	82.0
5.3746415E13	2831.0	82.0
5.3746424E13	2833.0	82.0
5.3746436E13	2833.0	82.0
5.3746445E13	2833.0	82.0
5.3746453E13	2833.0	82.0
5.3746466E13	2832.0	82.0
5.3746474E13	2832.0	82.0
5.3746487E13	2832.0	82.0
5.3746495E13	2831.0	82.0
5.3746504E13	2831.0	81.0
5.3746516E13	2831.0	81.0
5.3746524E13	2831.0	82.0
5.3746537E13	2835.0	82.0
5.3746545E13	2835.0	82.0
5.3746554E13	2835.0	81.0
5.3746566E13	2835.0	81.0
5.3746575E13	2835.0	81.0
5.3746583E13	2835.0	82.0
5.3746596E13	2835.0	82.0
5.3746604E13	2835.0	82.0
5.3746617E13	2835.0	81.0
5.3746625E13	2835.0	81.0
5.3746634E13	2836.0	81.0
5.3746646E13	2836.0	81.0
5.3746655E13	2836.0	81.0
5.3746667E13	2836.0	81.0
5.3746675E13	2840.0	82.0
5.3746684E13	2840.0	82.0
5.3746696E13	2840.0	82.0
5.3746705E13	2840.0	82.0
5.3746713E13	2840.0	82.0
5.3746726E13	2838.0	82.0
5.3746734E13	2838.0	82.0
5.3746747E13	2838.0	82.0
5.3746755E13	2838.0	81.0
5.3746764E13	2838.0	81.0
5.3746776E13	2838.0	81.0
5.3746785E13	2838.0	81.0
5.3746797E13	2839.0	82.0
5.3746806E13	2839.0	82.0
5.3746814E13	2839.0	82.0
5.3746826E13	2839.0	82.0
5.3746835E13	2838.0	82.0
5.3746843E13	2838.0	82.0
5.3746856E13	2838.0	82.0
5.3746864E13	2838.0	82.0
5.3746877E13	2839.0	82.0
5.3746885E13	2839.0	82.0
5.3746894E13	2839.0	82.0
5.3746906E13	2839.0	82.0
5.3746915E13	2838.0	82.0
5.3746927E13	2838.0	82.0
5.3746936E13	2838.0	82.0
5.3746944E13	2838.0	82.0
5.3746957E13	2838.0	82.0
5.3746965E13	2838.0	82.0
5.3746977E13	2838.0	82.0
5.3746986E13	2836.0	82.0
5.3746994E13	2836.0	82.0
5.3747007E13	2836.0	81.0
5.3747015E13	2836.0	81.0
5.3747024E13	2837.0	81.0
5.3747036E13	2837.0	82.0
5.3747045E13	2837.0	82.0
5.3747057E13	2837.0	82.0
5.3747066E13	2838.0	82.0
5.3747074E13	2838.0	82.0
5.3747087E13	2838.0	82.0
5.3747095E13	2837.0	82.0
5.3747107E13	2837.0	82.0
5.3747116E13	2837.0	82.0
5.3747124E13	2837.0	82.0
5.3747137E13	2838.0	82.0
5.3747145E13	2838.0	82.0
5.3747154E13	2838.0	82.0
5.3747166E13	2838.0	81.0
5.3747175E13	2836.0	81.0
5.3747187E13	2836.0	81.0
5.3747196E13	2836.0	81.0
5.3747204E13	2836.0	82.0
5.3747217E13	2838.0	82.0
5.3747225E13	2838.0	82.0
5.3747238E13	2838.0	82.0
5.3747246E13	2837.0	82.0
5.3747254E13	2837.0	82.0
5.3747267E13	2837.0	82.0
5.3747275E13	2837.0	82.0
5.3747284E13	2836.0	82.0
5.3747296E13	2836.0	82.0
5.3747305E13	2836.0	82.0
5.3747317E13	2836.0	82.0
5.3747326E13	2836.0	82.0
5.3747334E13	2836.0	82.0
5.3747347E13	2836.0	82.0
5.3747355E13	2837.0	82.0
5.3747368E13	2837.0	82.0
5.3747376E13	2837.0	82.0
5.3747384E13	2837.0	82.0
5.3747397E13	2839.0	81.0
5.3747405E13	2839.0	81.0
5.3747418E13	2839.0	81.0
5.3747426E13	2839.0	81.0
5.3747435E13	2836.0	81.0
5.3747447E13	2836.0	81.0
5.3747456E13	2836.0	81.0
5.3747464E13	2836.0	81.0
5.3747477E13	2837.0	81.0
5.3747485E13	2837.0	81.0
5.3747498E13	2837.0	81.0
5.3747506E13	2836.0	82.0
5.3747514E13	2836.0	82.0
5.3747527E13	2836.0	82.0
5.3747535E13	2836.0	82.0
5.3747548E13	2836.0	83.0
5.3747556E13	2836.0	82.0
5.3747565E13	2836.0	82.0
5.3747577E13	2836.0	82.0
5.3747586E13	2838.0	82.0
5.37476E13	2838.0	81.0
5.3747607E13	2838.0	81.0
5.3747615E13	2838.0	82.0
5.3747628E13	2839.0	82.0
5.3747636E13	2839.0	81.0
5.3747644E13	2840.0	81.0
5.3747657E13	2840.0	82.0
5.3747665E13	2840.0	81.0
5.374768E13	2840.0	81.0
5.3747686E13	2840.0	81.0
5.3747695E13	2840.0	81.0
5.3747707E13	2840.0	82.0
5.3747716E13	2840.0	82.0
5.374773E13	2839.0	82.0
5.3747737E13	2839.0	82.0
5.3747745E13	2839.0	82.0
5.3747758E13	2839.0	82.0
5.3747766E13	2839.0	82.0
5.374778E13	2839.0	82.0
5.3747787E13	2839.0	82.0
5.3747795E13	2840.0	82.0
5.374781E13	2840.0	82.0
5.3747816E13	2840.0	82.0
5.3747825E13	2840.0	82.0
5.3747837E13	2840.0	82.0
5.3747846E13	2840.0	82.0
5.374786E13	2840.0	82.0
5.3747867E13	2840.0	82.0
5.374788E13	2839.0	82.0
5.3747888E13	2839.0	82.0
5.3747896E13	2839.0	82.0
5.3747904E13	2839.0	82.0
5.3747917E13	2840.0	82.0
5.3747925E13	2840.0	82.0
5.374794E13	2840.0	82.0
5.3747946E13	2840.0	82.0
5.3747955E13	2840.0	82.0
5.3747967E13	2840.0	82.0
5.3747976E13	2840.0	82.0
5.374799E13	2839.0	82.0
5.3747997E13	2839.0	82.0
5.3748005E13	2839.0	82.0
5.3748018E13	2839.0	82.0
5.3748026E13	2842.0	82.0
5.3748034E13	2842.0	82.0
5.3748047E13	2842.0	82.0
5.3748055E13	2842.0	82.0
5.374807E13	2843.0	82.0
5.3748076E13	2843.0	82.0
5.3748085E13	2843.0	82.0
5.3748097E13	2843.0	82.0
5.3748106E13	2843.0	82.0
5.3748127E13	2843.0	82.0
5.374812E13	2844.0	82.0
5.3748135E13	2844.0	82.0
5.3748148E13	2844.0	82.0
5.3748156E13	2844.0	82.0
5.3748164E13	2844.0	82.0
5.3748177E13	2844.0	82.0
5.3748185E13	2844.0	82.0
5.37482E13	2844.0	82.0
5.3748206E13	2844.0	48.0
5.3748215E13	2844.0	48.0
5.3748227E13	2846.0	47.0
5.3748236E13	2846.0	47.0
5.374825E13	2846.0	82.0
5.3748257E13	2845.0	82.0
5.3748265E13	2845.0	82.0
5.3748278E13	2845.0	82.0
5.3748286E13	2845.0	83.0
5.3748294E13	2845.0	48.0
5.3748307E13	2845.0	82.0
5.3748315E13	2845.0	48.0
5.374833E13	2845.0	48.0
5.3748336E13	2842.0	48.0
5.3748345E13	2842.0	48.0
5.3748357E13	2842.0	48.0
5.3748366E13	2842.0	48.0
5.374838E13	2840.0	48.0
5.3748387E13	2840.0	48.0
5.3748395E13	2840.0	48.0
5.3748408E13	2839.0	48.0
5.3748416E13	2839.0	48.0
5.3748425E13	2839.0	82.0
5.3748437E13	2839.0	48.0
5.3748445E13	2839.0	48.0
5.374846E13	2839.0	48.0
5.3748466E13	2839.0	48.0
5.3748475E13	2839.0	48.0
5.3748487E13	2832.0	48.0
5.3748496E13	2832.0	48.0
5.374851E13	2832.0	48.0
5.3748517E13	2831.0	48.0
5.3748525E13	2831.0	82.0
5.3748538E13	2831.0	82.0
5.3748546E13	2831.0	82.0
5.374856E13	2831.0	82.0
5.3748567E13	2831.0	82.0
5.3748576E13	2831.0	82.0
5.374859E13	2831.0	82.0
5.3748596E13	2830.0	82.0
5.3748605E13	2830.0	82.0
5.3748617E13	2830.0	82.0
5.3748626E13	2830.0	82.0
5.374864E13	2831.0	82.0
5.3748647E13	2831.0	81.0
5.3748655E13	2831.0	81.0
5.3748668E13	2830.0	81.0
5.3748676E13	2830.0	82.0
5.374869E13	2830.0	82.0
5.3748697E13	2830.0	82.0
5.3748706E13	2829.0	82.0
5.374872E13	2829.0	82.0
5.3748726E13	2829.0	82.0
5.3748735E13	2829.0	82.0
5.3748747E13	2829.0	82.0
5.3748756E13	2829.0	82.0
5.374877E13	2829.0	81.0
5.3748777E13	2829.0	81.0
5.3748785E13	2829.0	81.0
5.3748798E13	2829.0	81.0
5.3748806E13	2829.0	81.0
5.374882E13	2830.0	81.0
5.3748827E13	2830.0	81.0
5.3748836E13	2830.0	81.0
5.374885E13	2830.0	81.0
5.3748857E13	2830.0	81.0
5.374887E13	2830.0	81.0
5.3748877E13	2830.0	82.0
5.3748886E13	2830.0	82.0
5.37489E13	2831.0	82.0
5.3748907E13	2831.0	82.0
5.3748915E13	2831.0	82.0
5.3748928E13	2831.0	82.0
5.3748936E13	2833.0	82.0
5.374895E13	2833.0	81.0
5.3748957E13	2833.0	81.0
5.3748966E13	2832.0	81.0
5.374898E13	2832.0	81.0
5.3748987E13	2832.0	82.0
5.3749E13	2832.0	82.0
5.3749008E13	2830.0	82.0
5.3749016E13	2830.0	82.0
5.374903E13	2830.0	81.0
5.3749037E13	2830.0	81.0
5.3749045E13	2833.0	81.0
5.3749058E13	2833.0	82.0
5.3749066E13	2833.0	82.0
5.374908E13	2833.0	81.0
5.3749087E13	2831.0	81.0
5.3749096E13	2831.0	81.0
5.374911E13	2831.0	81.0
5.3749117E13	2831.0	81.0
5.374913E13	2831.0	81.0
5.3749138E13	2831.0	82.0
5.3749146E13	2831.0	82.0
5.374916E13	2832.0	82.0
5.3749167E13	2832.0	82.0
5.374918E13	2832.0	81.0
5.3749188E13	2832.0	81.0
5.3749196E13	2832.0	81.0
5.374921E13	2832.0	81.0
5.3749217E13	2832.0	82.0
5.3749226E13	2832.0	82.0
5.374924E13	2835.0	82.0
5.3749247E13	2835.0	83.0
5.374926E13	2835.0	83.0
5.3749268E13	2833.0	83.0
5.3749276E13	2833.0	82.0
5.374929E13	2833.0	82.0
5.3749297E13	2833.0	82.0
5.374931E13	2835.0	82.0
5.3749318E13	2835.0	82.0
5.3749326E13	2835.0	82.0
5.374934E13	2835.0	82.0
5.3749347E13	2839.0	82.0
5.3749356E13	2839.0	82.0
5.374937E13	2839.0	82.0
5.3749377E13	2839.0	82.0
5.374939E13	2837.0	82.0
5.3749398E13	2837.0	82.0
5.3749406E13	2837.0	82.0
5.374942E13	2839.0	82.0
5.3749427E13	2839.0	82.0
5.374944E13	2839.0	82.0
5.374945E13	2839.0	82.0
5.3749456E13	2839.0	82.0
5.374947E13	2839.0	82.0
5.3749477E13	2839.0	82.0
5.374949E13	2839.0	82.0
5.37495E13	2843.0	82.0
5.3749507E13	2843.0	82.0
5.374952E13	2843.0	82.0
5.3749528E13	2843.0	82.0
5.3749536E13	2843.0	82.0
5.374955E13	2843.0	82.0
5.3749557E13	2843.0	82.0
5.374957E13	2842.0	82.0
5.374958E13	2842.0	82.0
5.3749586E13	2842.0	82.0
5.37496E13	2842.0	82.0
5.3749607E13	2840.0	82.0
5.374962E13	2840.0	82.0
5.374963E13	2840.0	82.0
5.3749637E13	2842.0	82.0
5.374965E13	2842.0	82.0
5.3749658E13	2842.0	82.0
5.3749666E13	2842.0	82.0
5.374968E13	2841.0	82.0
5.3749687E13	2841.0	82.0
5.37497E13	2841.0	82.0
5.374971E13	2841.0	82.0
5.3749716E13	2841.0	82.0
5.374973E13	2841.0	82.0
5.3749737E13	2841.0	82.0
5.374975E13	2841.0	82.0
5.374976E13	2841.0	82.0
5.3749767E13	2841.0	82.0
5.374978E13	2841.0	82.0
5.3749788E13	2841.0	82.0
5.3749796E13	2839.0	82.0
5.374981E13	2839.0	82.0
5.3749817E13	2839.0	82.0
5.374983E13	2839.0	82.0
5.374984E13	2839.0	82.0
5.3749846E13	2839.0	82.0
5.374986E13	2839.0	82.0
5.3749867E13	2837.0	82.0
5.374988E13	2837.0	82.0
5.374989E13	2837.0	82.0
5.3749897E13	2837.0	82.0
5.374991E13	2838.0	82.0
5.3749918E13	2838.0	82.0
5.374993E13	2838.0	82.0
5.374994E13	2838.0	82.0
5.3749947E13	2838.0	82.0
5.374996E13	2838.0	82.0
5.374997E13	2838.0	82.0
5.3749976E13	2837.0	83.0
5.374999E13	2837.0	83.0
5.3749997E13	2837.0	82.0
5.375001E13	2837.0	82.0
5.375002E13	2836.0	82.0
5.3750027E13	2836.0	82.0
5.375004E13	2836.0	82.0
5.3750048E13	2836.0	82.0
5.375006E13	2839.0	82.0
5.375007E13	2839.0	82.0
5.3750077E13	2839.0	82.0
5.375009E13	2839.0	82.0
5.37501E13	2837.0	82.0
5.3750106E13	2837.0	82.0
5.375012E13	2837.0	82.0
5.3750127E13	2836.0	82.0
5.375014E13	2836.0	82.0
5.375015E13	2836.0	82.0
5.3750157E13	2836.0	82.0
5.375017E13	2837.0	82.0
5.3750178E13	2837.0	82.0
5.375019E13	2837.0	82.0
5.37502E13	2837.0	82.0
5.3750207E13	2834.0	82.0
5.375022E13	2834.0	82.0
5.375023E13	2834.0	82.0
5.375024E13	2834.0	82.0
5.375025E13	2835.0	82.0
5.3750257E13	2835.0	82.0
5.375027E13	2835.0	82.0
5.375028E13	2840.0	82.0
5.3750287E13	2840.0	82.0
5.37503E13	2840.0	82.0
5.3750308E13	2840.0	82.0
5.375032E13	2837.0	82.0
5.375033E13	2837.0	82.0
5.3750337E13	2837.0	82.0
5.375035E13	2837.0	82.0
5.375036E13	2837.0	82.0
5.375037E13	2837.0	82.0
5.375038E13	2837.0	82.0
5.3750387E13	2837.0	82.0
5.37504E13	2837.0	82.0
5.375041E13	2837.0	82.0
5.3750417E13	2837.0	82.0
5.375043E13	2839.0	82.0
5.3750438E13	2839.0	82.0
5.375045E13	2839.0	82.0
5.375046E13	2839.0	82.0
5.3750467E13	2838.0	82.0
5.375048E13	2838.0	82.0
5.375049E13	2838.0	82.0
5.37505E13	2838.0	82.0
5.375051E13	2840.0	82.0
5.3750517E13	2840.0	82.0
5.375053E13	2840.0	82.0
5.375054E13	2840.0	82.0
5.3750547E13	2838.0	82.0
5.375056E13	2838.0	82.0
5.3750568E13	2838.0	82.0
5.375058E13	2841.0	82.0
5.375059E13	2841.0	82.0
5.3750597E13	2841.0	82.0
5.375061E13	2841.0	82.0
5.375062E13	2840.0	82.0
5.375063E13	2840.0	82.0
5.375064E13	2840.0	82.0
5.3750647E13	2840.0	82.0
5.375066E13	2840.0	82.0
5.375067E13	2840.0	82.0
5.375068E13	2840.0	82.0
5.375069E13	2840.0	82.0
5.3750698E13	2841.0	82.0
5.375071E13	2841.0	82.0
5.375072E13	2838.0	82.0
5.3750727E13	2838.0	82.0
5.375074E13	2838.0	82.0
5.375075E13	2838.0	82.0
5.375076E13	2837.0	82.0
5.375077E13	2837.0	82.0
5.3750778E13	2837.0	82.0
5.375079E13	2837.0	82.0
5.37508E13	2837.0	82.0
5.375081E13	2838.0	82.0
5.375082E13	2838.0	82.0
5.3750828E13	2838.0	82.0
5.375084E13	2838.0	82.0
5.375085E13	2838.0	82.0
5.3750857E13	2838.0	82.0
5.375087E13	2838.0	82.0
5.375088E13	2839.0	82.0
5.375089E13	2839.0	82.0
5.37509E13	2839.0	82.0
5.3750908E13	2839.0	82.0
5.375092E13	2838.0	82.0
5.375093E13	2838.0	82.0
5.375094E13	2838.0	82.0
5.375095E13	2838.0	82.0
5.3750958E13	2841.0	82.0
5.375097E13	2841.0	48.0
5.375098E13	2841.0	82.0
5.3750987E13	2841.0	82.0
5.375101E13	2841.0	82.0
5.375102E13	2841.0	82.0
5.375103E13	2839.0	82.0
5.3751038E13	2839.0	82.0
5.375105E13	2839.0	82.0
5.375106E13	2839.0	82.0
5.375108E13	2840.0	81.0
5.3751088E13	2840.0	81.0
5.375111E13	2839.0	82.0
5.375113E13	2839.0	82.0
5.375114E13	2837.0	82.0
5.375115E13	2837.0	82.0
5.375116E13	2837.0	82.0
5.3751168E13	2837.0	82.0
5.375118E13	2835.0	82.0
5.375119E13	2835.0	82.0
5.37512E13	2835.0	82.0
5.375121E13	2835.0	82.0
5.375122E13	2836.0	82.0
5.375123E13	2836.0	82.0
5.375124E13	2836.0	82.0
5.375125E13	2836.0	82.0
5.375126E13	2833.0	82.0
5.375127E13	2833.0	82.0
5.375128E13	2833.0	82.0
5.375129E13	2832.0	81.0
5.3751298E13	2832.0	81.0
5.375131E13	2832.0	81.0
5.375132E13	2832.0	81.0
5.375133E13	2829.0	81.0
5.375134E13	2829.0	81.0
5.375135E13	2829.0	81.0
5.375136E13	2829.0	81.0
5.375137E13	2827.0	82.0
5.375138E13	2827.0	82.0
5.375139E13	2827.0	82.0
5.37514E13	2827.0	82.0
5.375141E13	2824.0	82.0
5.375142E13	2824.0	82.0
5.3751428E13	2824.0	82.0
5.375144E13	2825.0	82.0
5.375145E13	2825.0	82.0
5.375147E13	2825.0	82.0
5.375148E13	2823.0	82.0
5.375149E13	2823.0	81.0
5.37515E13	2823.0	82.0
5.375151E13	2823.0	81.0
5.375153E13	2828.0	81.0
5.375154E13	2828.0	82.0
5.375155E13	2828.0	82.0
5.375156E13	2829.0	82.0
5.375157E13	2829.0	82.0
5.375158E13	2829.0	82.0
5.375159E13	2831.0	82.0
5.37516E13	2831.0	82.0
5.375161E13	2831.0	82.0
5.375162E13	2831.0	82.0
5.375163E13	2831.0	82.0
5.375164E13	2831.0	82.0
5.375165E13	2831.0	82.0
5.375166E13	2831.0	82.0
5.375167E13	2832.0	82.0
5.375168E13	2832.0	82.0
5.375169E13	2832.0	82.0
5.37517E13	2832.0	82.0
5.375171E13	2832.0	82.0
5.375172E13	2832.0	81.0
5.375173E13	2832.0	81.0
5.3751742E13	2835.0	81.0
5.375175E13	2835.0	82.0
5.375176E13	2835.0	82.0
5.375177E13	2832.0	82.0
5.375178E13	2832.0	82.0
5.375179E13	2832.0	82.0
5.375181E13	2832.0	82.0
5.375182E13	2834.0	81.0
5.375183E13	2834.0	82.0
5.375184E13	2834.0	82.0
5.375185E13	2836.0	82.0
5.375186E13	2836.0	82.0
5.3751872E13	2836.0	82.0
5.375188E13	2836.0	82.0
5.375189E13	2835.0	82.0
5.37519E13	2835.0	83.0
5.375191E13	2835.0	82.0
5.375192E13	2835.0	82.0
5.375193E13	2837.0	82.0
5.375194E13	2837.0	82.0
5.375195E13	2837.0	82.0
5.375196E13	2837.0	81.0
5.375197E13	2835.0	82.0
5.375198E13	2835.0	82.0
5.375199E13	2835.0	82.0
5.3752002E13	2837.0	82.0
5.375201E13	2837.0	82.0
5.375202E13	2837.0	82.0
5.375203E13	2837.0	82.0
5.375204E13	2835.0	82.0
5.375205E13	2835.0	82.0
5.375206E13	2835.0	82.0
5.375207E13	2835.0	82.0
5.375208E13	2836.0	82.0
5.375209E13	2836.0	82.0
5.37521E13	2836.0	82.0
5.375211E13	2836.0	82.0
5.375212E13	2835.0	82.0
5.3752132E13	2835.0	82.0
5.375214E13	2835.0	82.0
5.375215E13	2834.0	82.0
5.375216E13	2834.0	82.0
5.375217E13	2834.0	82.0
5.375218E13	2834.0	82.0
5.375219E13	2836.0	82.0
5.37522E13	2836.0	82.0
5.375221E13	2836.0	82.0
5.375222E13	2836.0	82.0
5.375223E13	2836.0	82.0
5.375224E13	2836.0	82.0
5.375225E13	2836.0	82.0
5.3752262E13	2836.0	82.0
5.375227E13	2837.0	82.0
5.375228E13	2837.0	82.0
5.375229E13	2837.0	82.0
5.37523E13	2835.0	82.0
5.3752313E13	2835.0	82.0
5.375232E13	2835.0	82.0
5.375233E13	2835.0	82.0
5.375234E13	2837.0	82.0
5.375235E13	2837.0	82.0
5.375236E13	2837.0	82.0
5.375237E13	2837.0	82.0
5.375238E13	2836.0	82.0
5.3752392E13	2836.0	82.0
5.37524E13	2836.0	82.0
5.375241E13	2836.0	82.0
5.375242E13	2840.0	82.0
5.375243E13	2840.0	82.0
5.3752443E13	2840.0	82.0
5.375245E13	2836.0	82.0
5.375246E13	2836.0	82.0
5.375247E13	2836.0	82.0
5.375248E13	2836.0	82.0
5.375249E13	2838.0	82.0
5.37525E13	2838.0	82.0
5.375251E13	2838.0	82.0
5.3752522E13	2838.0	82.0
5.375253E13	2835.0	82.0
5.375254E13	2835.0	82.0
5.375255E13	2835.0	82.0
5.375256E13	2835.0	82.0
5.3752573E13	2838.0	82.0
5.375258E13	2838.0	82.0
5.375259E13	2838.0	82.0
5.37526E13	2835.0	82.0
5.375261E13	2835.0	82.0
5.3752623E13	2835.0	82.0
5.375263E13	2835.0	82.0
5.375264E13	2836.0	82.0
5.3752652E13	2836.0	82.0
5.375266E13	2836.0	82.0
5.375267E13	2836.0	82.0
5.375268E13	2837.0	82.0
5.375269E13	2837.0	82.0
5.3752703E13	2837.0	82.0
5.375271E13	2837.0	82.0
5.375272E13	2837.0	82.0
5.375273E13	2837.0	82.0
5.375274E13	2837.0	82.0
5.3752753E13	2836.0	83.0
5.375276E13	2836.0	83.0
5.375277E13	2836.0	82.0
5.3752782E13	2836.0	82.0
5.375279E13	2833.0	82.0
5.37528E13	2833.0	82.0
5.375281E13	2833.0	82.0
5.375282E13	2833.0	82.0
5.3752833E13	2835.0	82.0
5.375284E13	2835.0	82.0
5.375285E13	2835.0	82.0
5.375286E13	2835.0	82.0
5.375287E13	2835.0	82.0
5.3752883E13	2835.0	82.0
5.375289E13	2835.0	82.0
5.37529E13	2836.0	82.0
5.3752912E13	2836.0	82.0
5.375292E13	2836.0	82.0
5.375293E13	2836.0	82.0
5.375294E13	2838.0	82.0
5.375295E13	2838.0	82.0
5.3752963E13	2838.0	82.0
5.375297E13	2834.0	82.0
5.375298E13	2834.0	82.0
5.3752992E13	2834.0	82.0
5.3753E13	2834.0	82.0
5.3753013E13	2836.0	82.0
5.375302E13	2836.0	82.0
5.375303E13	2836.0	82.0
5.3753042E13	2837.0	82.0
5.375305E13	2837.0	82.0
5.3753063E13	2837.0	82.0
5.375307E13	2837.0	82.0
5.375308E13	2836.0	82.0
5.3753093E13	2836.0	82.0
5.37531E13	2836.0	82.0
5.375311E13	2836.0	82.0
5.3753122E13	2836.0	82.0
5.375313E13	2840.0	82.0
5.3753143E13	2840.0	82.0
5.375315E13	2841.0	82.0
5.375316E13	2841.0	83.0
5.3753172E13	2841.0	82.0
5.375318E13	2841.0	82.0
5.375319E13	2839.0	82.0
5.37532E13	2839.0	82.0
5.375321E13	2839.0	82.0
5.3753223E13	2839.0	82.0
5.375323E13	2841.0	82.0
5.375324E13	2841.0	82.0
5.3753252E13	2841.0	82.0
5.375326E13	2841.0	82.0
5.3753273E13	2838.0	82.0
5.375328E13	2838.0	82.0
5.375329E13	2838.0	82.0
5.3753302E13	2838.0	82.0
5.375331E13	2839.0	82.0
5.3753323E13	2839.0	82.0
5.375333E13	2839.0	82.0
5.375334E13	2839.0	82.0
5.3753353E13	2838.0	82.0
5.375336E13	2838.0	82.0
5.375337E13	2838.0	82.0
5.3753382E13	2838.0	82.0
5.375339E13	2839.0	82.0
5.3753403E13	2839.0	82.0
5.375341E13	2839.0	82.0
5.375342E13	2839.0	82.0
5.3753433E13	2837.0	82.0
5.375344E13	2837.0	82.0
5.3753453E13	2837.0	82.0
5.375346E13	2834.0	82.0
5.375347E13	2834.0	82.0
5.3753483E13	2834.0	82.0
5.375349E13	2834.0	82.0
5.37535E13	2833.0	82.0
5.3753512E13	2833.0	82.0
5.375352E13	2833.0	82.0
5.3753533E13	2833.0	82.0
5.375354E13	2833.0	82.0
5.375355E13	2833.0	82.0
5.3753563E13	2833.0	82.0
5.375357E13	2833.0	82.0
5.3753584E13	2833.0	82.0
5.375359E13	2833.0	82.0
5.37536E13	2833.0	82.0
5.3753613E13	2832.0	82.0
5.375362E13	2832.0	82.0
5.3753634E13	2832.0	82.0
5.3753642E13	2832.0	82.0
5.375365E13	2833.0	82.0
5.3753663E13	2833.0	81.0
5.375367E13	2833.0	82.0
5.375368E13	2833.0	82.0
5.3753693E13	2833.0	82.0
5.37537E13	2833.0	82.0
5.3753714E13	2833.0	82.0
5.375372E13	2833.0	82.0
5.375373E13	2833.0	82.0
5.3753743E13	2833.0	82.0
5.375375E13	2833.0	82.0
5.3753764E13	2833.0	82.0
5.3753772E13	2833.0	82.0
5.375378E13	2833.0	82.0
5.3753793E13	2833.0	82.0
5.37538E13	2834.0	82.0
5.375381E13	2834.0	82.0
5.3753823E13	2834.0	82.0
5.375383E13	2834.0	82.0
5.3753844E13	2833.0	82.0
5.375385E13	2833.0	82.0
5.375386E13	2833.0	82.0
5.3753873E13	2833.0	82.0
5.375388E13	2833.0	82.0
5.3753894E13	2833.0	82.0
5.3753902E13	2833.0	82.0
5.375391E13	2832.0	82.0
5.3753923E13	2832.0	82.0
5.375393E13	2832.0	82.0
5.375394E13	2832.0	82.0
5.3753953E13	2832.0	82.0
5.375396E13	2832.0	82.0
5.3753974E13	2832.0	82.0
5.375398E13	2832.0	82.0
5.375399E13	2832.0	82.0
5.3754003E13	2832.0	82.0
5.375401E13	2832.0	82.0
5.3754024E13	2832.0	82.0
5.3754032E13	2834.0	82.0
5.375404E13	2834.0	82.0
5.3754053E13	2834.0	82.0
5.375406E13	2834.0	82.0
5.3754074E13	2834.0	82.0
5.3754083E13	2834.0	82.0
5.375409E13	2834.0	82.0
5.3754104E13	2833.0	82.0
5.375411E13	2833.0	82.0
5.3754125E13	2833.0	82.0
5.3754133E13	2833.0	82.0
5.375414E13	2835.0	82.0
5.3754154E13	2835.0	82.0
5.3754162E13	2835.0	82.0
5.375417E13	2835.0	82.0
5.3754183E13	2834.0	82.0
5.375419E13	2834.0	82.0
5.3754204E13	2834.0	82.0
5.3754213E13	2834.0	82.0
5.375422E13	2834.0	82.0
5.3754234E13	2834.0	82.0
5.375424E13	2834.0	82.0
5.375425E13	2834.0	82.0
5.3754263E13	2834.0	82.0
5.375427E13	2834.0	82.0
5.3754284E13	2834.0	82.0
5.3754292E13	2833.0	82.0
5.37543E13	2833.0	82.0
5.3754313E13	2833.0	82.0
5.375432E13	2830.0	82.0
5.3754334E13	2830.0	82.0
5.3754343E13	2830.0	82.0
5.375435E13	2830.0	82.0
5.3754364E13	2830.0	82.0
5.375437E13	2830.0	82.0
5.3754385E13	2830.0	82.0
5.3754393E13	2830.0	82.0
5.37544E13	2833.0	82.0
5.3754414E13	2833.0	82.0
5.3754422E13	2833.0	82.0
5.375443E13	2833.0	82.0
5.3754443E13	2832.0	82.0
5.375445E13	2832.0	82.0
5.3754464E13	2832.0	82.0
5.3754473E13	2834.0	82.0
5.375448E13	2834.0	82.0
5.3754494E13	2834.0	82.0
5.37545E13	2834.0	82.0
5.3754515E13	2835.0	82.0
5.3754523E13	2835.0	82.0
5.375453E13	2835.0	82.0
5.375456E13	2838.0	82.0
5.3754573E13	2838.0	82.0
5.375458E13	2838.0	82.0
5.3754594E13	2837.0	82.0
5.3754603E13	2837.0	82.0
5.375461E13	2837.0	83.0
5.3754624E13	2836.0	83.0
5.375463E13	2836.0	83.0
5.3754645E13	2836.0	83.0
5.3754653E13	2836.0	82.0
5.375466E13	2839.0	82.0
5.3754674E13	2839.0	82.0
5.3754682E13	2839.0	82.0
5.375469E13	2839.0	82.0
5.3754703E13	2839.0	82.0
5.375471E13	2839.0	82.0
5.3754724E13	2839.0	82.0
5.3754733E13	2838.0	82.0
5.375474E13	2838.0	82.0
5.3754754E13	2838.0	82.0
5.3754762E13	2835.0	82.0
5.3754775E13	2835.0	82.0
5.3754783E13	2835.0	82.0
5.375479E13	2835.0	82.0
5.3754804E13	2835.0	82.0
5.3754812E13	2839.0	82.0
5.3754825E13	2839.0	82.0
5.3754833E13	2839.0	82.0
5.375484E13	2841.0	82.0
5.3754854E13	2841.0	82.0
5.3754863E13	2841.0	82.0
5.375487E13	2841.0	82.0
5.3754884E13	2841.0	82.0
5.3754892E13	2841.0	82.0
5.3754905E13	2841.0	82.0
5.3754913E13	2841.0	82.0
5.375492E13	2841.0	82.0
5.3754934E13	2841.0	82.0
5.3754942E13	2841.0	82.0
5.3754955E13	2841.0	82.0
5.3754963E13	2843.0	82.0
5.375497E13	2843.0	82.0
5.3754984E13	2843.0	82.0
5.3754993E13	2843.0	82.0
5.3755E13	2842.0	82.0
5.3755014E13	2842.0	82.0
5.3755022E13	2842.0	82.0
5.3755035E13	2842.0	82.0
5.3755043E13	2840.0	82.0
5.375505E13	2840.0	82.0
5.3755064E13	2840.0	82.0
5.3755072E13	2842.0	82.0
5.3755085E13	2842.0	82.0
5.3755093E13	2842.0	82.0
5.37551E13	2842.0	82.0
5.3755114E13	2841.0	82.0
5.3755123E13	2841.0	82.0
5.3755135E13	2841.0	82.0
5.3755144E13	2841.0	82.0
5.3755152E13	2842.0	82.0
5.3755165E13	2842.0	82.0
5.3755173E13	2842.0	82.0
5.375518E13	2842.0	82.0
5.3755194E13	2839.0	82.0
5.3755203E13	2839.0	82.0
5.3755215E13	2839.0	82.0
5.3755223E13	2836.0	82.0
5.375523E13	2836.0	82.0
5.3755244E13	2836.0	82.0
5.3755253E13	2836.0	82.0
5.3755265E13	2834.0	82.0
5.3755274E13	2834.0	82.0
5.3755282E13	2834.0	82.0
5.3755295E13	2834.0	82.0
5.3755303E13	2834.0	82.0
5.375531E13	2834.0	82.0
5.3755324E13	2834.0	82.0
5.3755333E13	2834.0	82.0
5.3755345E13	2829.0	82.0
5.3755353E13	2829.0	82.0
5.375536E13	2829.0	82.0
5.3755374E13	2827.0	82.0
5.3755383E13	2827.0	82.0
5.3755395E13	2827.0	82.0
5.3755404E13	2827.0	81.0
5.3755412E13	2825.0	81.0
5.3755425E13	2825.0	81.0
5.3755433E13	2825.0	82.0
5.375544E13	2825.0	82.0
5.3755454E13	2822.0	82.0
5.3755463E13	2822.0	82.0
5.3755475E13	2822.0	82.0
5.3755484E13	2823.0	82.0
5.375549E13	2823.0	82.0
5.3755504E13	2823.0	82.0
5.3755513E13	2823.0	82.0
5.3755525E13	2824.0	82.0
5.3755534E13	2824.0	82.0
5.3755542E13	2824.0	82.0
5.3755555E13	2824.0	82.0
5.3755563E13	2823.0	82.0
5.3755576E13	2823.0	82.0
5.3755584E13	2823.0	82.0
5.3755593E13	2823.0	82.0
5.3755605E13	2821.0	82.0
5.3755614E13	2821.0	82.0
5.375562E13	2821.0	82.0
5.3755635E13	2822.0	82.0
5.3755643E13	2822.0	81.0
5.3755655E13	2822.0	81.0
5.3755664E13	2822.0	81.0
5.3755672E13	2823.0	81.0
5.3755685E13	2823.0	81.0
5.3755693E13	2823.0	81.0
5.3755706E13	2823.0	81.0
5.3755714E13	2821.0	82.0
5.3755723E13	2821.0	82.0
5.3755735E13	2821.0	82.0
5.3755744E13	2823.0	82.0
5.375575E13	2823.0	82.0
5.3755765E13	2823.0	82.0
5.3755773E13	2824.0	82.0
5.3755786E13	2824.0	82.0
5.3755794E13	2824.0	82.0
5.3755802E13	2824.0	82.0
5.3755815E13	2824.0	81.0
5.3755823E13	2825.0	82.0
5.3755836E13	2825.0	82.0
5.3755844E13	2825.0	82.0
5.3755853E13	2827.0	82.0
5.3755865E13	2827.0	82.0
5.3755874E13	2827.0	82.0
5.3755886E13	2827.0	82.0
5.3755895E13	2827.0	82.0
5.3755903E13	2827.0	82.0
5.3755916E13	2827.0	82.0
5.3755924E13	2827.0	82.0
5.3755932E13	2830.0	82.0
5.3755945E13	2830.0	82.0
5.3755953E13	2830.0	82.0
5.3755966E13	2830.0	82.0
5.3755974E13	2829.0	82.0
5.3755983E13	2829.0	82.0
5.3755995E13	2829.0	82.0
5.3756004E13	2829.0	82.0
5.3756016E13	2830.0	82.0
5.3756025E13	2830.0	82.0
5.3756033E13	2830.0	81.0
5.3756046E13	2830.0	81.0
5.3756054E13	2830.0	81.0
5.3756062E13	2830.0	81.0
5.3756075E13	2830.0	81.0
5.3756083E13	2831.0	81.0
5.3756096E13	2831.0	82.0
5.3756104E13	2831.0	82.0
5.3756113E13	2831.0	82.0
5.3756125E13	2833.0	82.0
5.3756134E13	2833.0	82.0
5.3756146E13	2833.0	82.0
5.3756155E13	2833.0	82.0
5.3756163E13	2833.0	82.0
5.3756176E13	2833.0	82.0
5.3756184E13	2833.0	82.0
5.3756192E13	2833.0	82.0
5.3756205E13	2835.0	82.0
5.3756213E13	2835.0	82.0
5.3756226E13	2835.0	82.0
5.3756234E13	2835.0	82.0
5.3756243E13	2835.0	82.0
5.3756255E13	2835.0	82.0
5.3756264E13	2835.0	82.0
5.3756276E13	2833.0	82.0
5.3756285E13	2833.0	82.0
5.3756293E13	2833.0	82.0
5.3756306E13	2833.0	82.0
5.3756314E13	2836.0	82.0
5.3756322E13	2836.0	82.0
5.3756335E13	2836.0	82.0
5.3756343E13	2836.0	82.0
5.3756356E13	2835.0	82.0
5.3756364E13	2835.0	82.0
5.3756373E13	2835.0	81.0
5.3756385E13	2835.0	81.0
5.3756394E13	2835.0	81.0
5.3756406E13	2835.0	81.0
5.3756415E13	2835.0	81.0
5.3756423E13	2837.0	82.0
5.3756436E13	2837.0	82.0
5.3756444E13	2837.0	82.0
5.3756457E13	2837.0	82.0
5.3756465E13	2838.0	82.0
5.3756473E13	2838.0	82.0
5.3756486E13	2838.0	82.0
5.3756494E13	2838.0	82.0
5.3756503E13	2839.0	82.0
5.3756515E13	2839.0	82.0
5.3756524E13	2839.0	81.0
5.3756536E13	2840.0	81.0
5.3756545E13	2840.0	82.0
5.3756553E13	2840.0	82.0
5.3756566E13	2840.0	82.0
5.3756574E13	2841.0	82.0
5.3756587E13	2841.0	82.0
5.3756595E13	2841.0	82.0
5.3756603E13	2841.0	82.0
5.3756616E13	2841.0	82.0
5.3756624E13	2841.0	82.0
5.3756633E13	2841.0	82.0
5.3756645E13	2841.0	82.0
5.3756654E13	2841.0	82.0
5.3756666E13	2841.0	82.0
5.3756675E13	2841.0	82.0
5.3756683E13	2839.0	82.0
5.3756696E13	2839.0	82.0
5.3756704E13	2839.0	82.0
5.3756717E13	2839.0	82.0
5.3756725E13	2841.0	82.0
5.3756733E13	2841.0	82.0
5.3756746E13	2841.0	82.0
5.3756754E13	2843.0	82.0
5.3756767E13	2843.0	82.0
5.3756775E13	2843.0	82.0
5.3756784E13	2844.0	82.0
5.3756796E13	2844.0	82.0
5.3756805E13	2844.0	82.0
5.3756813E13	2844.0	82.0
5.3756826E13	2844.0	82.0
5.3756834E13	2845.0	82.0
5.3756847E13	2845.0	82.0
5.3756855E13	2845.0	82.0
5.3756863E13	2845.0	82.0
5.3756876E13	2845.0	82.0
5.3756884E13	2845.0	82.0
5.3756897E13	2845.0	82.0
5.3756905E13	2845.0	82.0
5.3756914E13	2843.0	82.0
5.3756926E13	2843.0	82.0
5.3756935E13	2843.0	82.0
5.3756943E13	2843.0	82.0
5.3756956E13	2843.0	82.0
5.3756964E13	2843.0	82.0
5.3756977E13	2843.0	82.0
5.3756985E13	2845.0	82.0
5.3756993E13	2845.0	82.0
5.3757006E13	2845.0	82.0
5.3757014E13	2845.0	82.0
5.3757027E13	2843.0	82.0
5.3757035E13	2843.0	82.0
5.3757044E13	2843.0	82.0
5.3757056E13	2843.0	82.0
5.3757065E13	2842.0	82.0
5.3757073E13	2842.0	82.0
5.3757086E13	2842.0	82.0
5.3757094E13	2842.0	82.0
5.3757107E13	2842.0	82.0
5.3757115E13	2842.0	82.0
5.3757123E13	2842.0	82.0
5.3757136E13	2843.0	82.0
5.3757144E13	2843.0	82.0
5.3757157E13	2843.0	82.0
5.3757165E13	2843.0	82.0
5.3757174E13	2842.0	82.0
5.3757186E13	2842.0	82.0
5.3757195E13	2842.0	82.0
5.3757207E13	2842.0	82.0
5.3757216E13	2841.0	82.0
5.3757224E13	2841.0	82.0
5.3757237E13	2841.0	82.0
5.3757245E13	2843.0	82.0
5.3757254E13	2843.0	82.0
5.3757266E13	2843.0	82.0
5.3757274E13	2843.0	82.0
5.3757287E13	2842.0	82.0
5.3757295E13	2842.0	82.0
5.3757304E13	2842.0	82.0
5.3757316E13	2842.0	82.0
5.3757325E13	2838.0	82.0
5.3757337E13	2838.0	82.0
5.3757346E13	2838.0	82.0
5.3757354E13	2838.0	82.0
5.3757367E13	2840.0	82.0
5.3757384E13	2840.0	82.0
5.3757396E13	2841.0	82.0
5.375741E13	2841.0	81.0
5.3757417E13	2841.0	81.0
5.3757425E13	2841.0	81.0
5.3757434E13	2842.0	82.0
5.3757446E13	2842.0	82.0
5.3757455E13	2842.0	82.0
5.3757467E13	2842.0	82.0
5.3757476E13	2841.0	82.0
5.3757484E13	2841.0	82.0
5.3757497E13	2841.0	82.0
5.3757505E13	2841.0	82.0
5.3757514E13	2842.0	82.0
5.3757526E13	2842.0	82.0
5.3757535E13	2842.0	82.0
5.3757547E13	2839.0	82.0
5.3757556E13	2839.0	82.0
5.3757564E13	2839.0	82.0
5.3757576E13	2839.0	82.0
5.3757585E13	2840.0	82.0
5.3757597E13	2840.0	82.0
5.3757606E13	2840.0	82.0
5.3757614E13	2840.0	82.0
5.3757627E13	2840.0	82.0
5.3757644E13	2840.0	82.0
5.3757656E13	2840.0	82.0
5.3757665E13	2841.0	82.0
5.3757677E13	2841.0	82.0
5.3757686E13	2841.0	82.0
5.3757694E13	2840.0	82.0
5.3757707E13	2840.0	82.0
5.3757715E13	2840.0	82.0
5.3757727E13	2840.0	82.0
5.3757736E13	2842.0	82.0
5.3757744E13	2842.0	82.0
5.3757757E13	2842.0	82.0
5.3757765E13	2842.0	82.0
5.3757778E13	2840.0	82.0
5.3757786E13	2840.0	82.0
5.3757795E13	2841.0	82.0
5.3757807E13	2841.0	82.0
5.3757816E13	2841.0	82.0
5.3757824E13	2841.0	82.0
5.3757837E13	2841.0	82.0
5.3757845E13	2841.0	82.0
5.3757857E13	2841.0	82.0
5.3757866E13	2841.0	82.0
5.3757874E13	2843.0	82.0
5.3757887E13	2843.0	82.0
5.3757895E13	2843.0	82.0
5.3757908E13	2843.0	82.0
5.3757916E13	2840.0	82.0
5.3757925E13	2840.0	82.0
5.3757937E13	2840.0	82.0
5.3757946E13	2840.0	82.0
5.3757954E13	2843.0	82.0
5.3757967E13	2843.0	82.0
5.3757975E13	2843.0	82.0
5.3757988E13	2843.0	82.0
5.3757996E13	2839.0	82.0
5.3758004E13	2839.0	82.0
5.3758017E13	2839.0	82.0
5.3758025E13	2839.0	82.0
5.3758038E13	2839.0	82.0
5.3758046E13	2839.0	82.0
5.3758055E13	2839.0	82.0
5.3758067E13	2839.0	82.0
5.3758076E13	2837.0	82.0
5.375809E13	2837.0	82.0
5.3758097E13	2837.0	82.0
5.3758105E13	2836.0	82.0
5.3758118E13	2836.0	82.0
5.3758126E13	2836.0	82.0
5.3758134E13	2836.0	82.0
5.3758147E13	2836.0	82.0
5.3758155E13	2836.0	82.0
5.3758168E13	2836.0	82.0
5.3758176E13	2833.0	82.0
5.3758185E13	2833.0	82.0
5.3758197E13	2833.0	82.0
5.3758206E13	2833.0	82.0
5.375822E13	2832.0	82.0
5.3758227E13	2832.0	82.0
5.3758235E13	2832.0	82.0
5.3758248E13	2831.0	82.0
5.3758256E13	2831.0	82.0
5.3758264E13	2831.0	82.0
5.3758277E13	2831.0	82.0
5.3758285E13	2833.0	82.0
5.3758298E13	2833.0	82.0
5.3758306E13	2833.0	82.0
5.3758315E13	2833.0	82.0
5.3758327E13	2833.0	82.0
5.3758336E13	2833.0	82.0
5.375835E13	2833.0	81.0
5.3758357E13	2833.0	82.0
5.3758365E13	2833.0	81.0
5.3758378E13	2831.0	82.0
5.3758386E13	2831.0	82.0
5.3758394E13	2831.0	82.0
5.3758407E13	2832.0	82.0
5.3758415E13	2832.0	82.0
5.375843E13	2832.0	82.0
5.3758436E13	2832.0	82.0
5.3758445E13	2831.0	82.0
5.3758457E13	2831.0	82.0
5.3758466E13	2831.0	82.0
5.375848E13	2831.0	82.0
5.3758487E13	2832.0	82.0
5.3758495E13	2832.0	82.0
5.3758508E13	2832.0	82.0
5.3758516E13	2832.0	82.0
5.375853E13	2830.0	82.0
5.3758537E13	2830.0	82.0
5.3758545E13	2830.0	82.0
5.375856E13	2831.0	82.0
5.3758566E13	2831.0	82.0
5.3758575E13	2831.0	82.0
5.3758587E13	2831.0	82.0
5.3758596E13	2833.0	82.0
5.375861E13	2833.0	82.0
5.3758617E13	2833.0	82.0
5.3758625E13	2833.0	82.0
5.3758638E13	2833.0	82.0
5.3758646E13	2833.0	82.0
5.375866E13	2833.0	82.0
5.3758667E13	2833.0	82.0
5.3758675E13	2833.0	82.0
5.375869E13	2833.0	82.0
5.3758696E13	2833.0	82.0
5.3758705E13	2834.0	82.0
5.3758717E13	2834.0	82.0
5.3758726E13	2834.0	82.0
5.375874E13	2834.0	82.0
5.3758747E13	2835.0	82.0
5.3758755E13	2835.0	82.0
5.3758768E13	2835.0	82.0
5.3758776E13	2834.0	82.0
5.375879E13	2834.0	82.0
5.3758797E13	2834.0	82.0
5.3758805E13	2834.0	82.0
5.375882E13	2832.0	82.0
5.3758826E13	2832.0	82.0
5.375884E13	2832.0	82.0
5.3758847E13	2833.0	82.0
5.3758856E13	2833.0	82.0
5.375887E13	2833.0	82.0
5.3758877E13	2833.0	82.0
5.375889E13	2833.0	82.0
5.3758898E13	2833.0	82.0
5.3758906E13	2833.0	82.0
5.375892E13	2833.0	82.0
5.3758927E13	2833.0	82.0
5.3758935E13	2833.0	82.0
5.375895E13	2833.0	82.0
5.3758956E13	2833.0	82.0
5.375897E13	2831.0	82.0
5.3758977E13	2831.0	82.0
5.3758986E13	2831.0	82.0
5.3759E13	2833.0	82.0
5.3759007E13	2833.0	82.0
5.3759015E13	2833.0	82.0
5.3759028E13	2833.0	82.0
5.3759036E13	2830.0	82.0
5.375905E13	2830.0	82.0
5.3759057E13	2830.0	82.0
5.3759065E13	2830.0	82.0
5.375908E13	2830.0	82.0
5.3759086E13	2834.0	82.0
5.37591E13	2834.0	82.0
5.3759107E13	2834.0	82.0
5.3759116E13	2833.0	83.0
5.375913E13	2833.0	83.0
5.3759137E13	2833.0	83.0
5.3759145E13	2833.0	82.0
5.3759158E13	2833.0	82.0
5.3759166E13	2833.0	82.0
5.375918E13	2833.0	82.0
5.3759187E13	2833.0	82.0
5.3759195E13	2837.0	82.0
5.375921E13	2837.0	82.0
5.3759216E13	2837.0	82.0
5.375923E13	2837.0	82.0
5.3759237E13	2836.0	82.0
5.3759246E13	2836.0	82.0
5.375926E13	2836.0	82.0
5.3759267E13	2836.0	82.0
5.3759275E13	2836.0	82.0
5.3759288E13	2836.0	82.0
5.3759296E13	2836.0	82.0
5.375931E13	2835.0	82.0
5.3759317E13	2835.0	82.0
5.3759326E13	2835.0	82.0
5.375934E13	2835.0	82.0
5.3759346E13	2836.0	82.0
5.375936E13	2836.0	82.0
5.3759367E13	2836.0	82.0
5.3759376E13	2836.0	82.0
5.375939E13	2835.0	82.0
5.3759397E13	2835.0	82.0
5.3759405E13	2835.0	82.0
5.3759418E13	2836.0	82.0
5.3759426E13	2836.0	82.0
5.375944E13	2836.0	82.0
5.3759447E13	2836.0	82.0
5.3759456E13	2837.0	82.0
5.375947E13	2837.0	82.0
5.3759476E13	2837.0	83.0
5.375949E13	2837.0	82.0
5.3759497E13	2835.0	82.0
5.3759506E13	2835.0	82.0
5.375952E13	2835.0	82.0
5.3759527E13	2835.0	82.0
5.375954E13	2834.0	82.0
5.3759548E13	2834.0	82.0
5.3759556E13	2834.0	82.0
5.375957E13	2836.0	82.0
5.3759577E13	2836.0	82.0
5.3759586E13	2836.0	82.0
5.37596E13	2836.0	82.0
5.3759607E13	2834.0	82.0
5.375962E13	2834.0	82.0
5.3759627E13	2834.0	82.0
5.3759636E13	2834.0	82.0
5.375965E13	2832.0	82.0
5.3759657E13	2832.0	82.0
5.375967E13	2832.0	82.0
5.3759678E13	2832.0	82.0
5.3759686E13	2833.0	82.0
5.37597E13	2833.0	82.0
5.3759707E13	2833.0	82.0
5.375972E13	2832.0	82.0
5.375973E13	2832.0	82.0
5.3759737E13	2832.0	82.0
5.375975E13	2832.0	82.0
5.3759758E13	2832.0	82.0
5.3759766E13	2832.0	82.0
5.375978E13	2832.0	82.0
5.3759787E13	2832.0	82.0
5.37598E13	2833.0	82.0
5.3759808E13	2833.0	82.0
5.3759816E13	2833.0	82.0
5.375983E13	2835.0	82.0
5.3759837E13	2835.0	82.0
5.375985E13	2835.0	82.0
5.375986E13	2833.0	82.0
5.3759867E13	2833.0	82.0
5.375988E13	2833.0	82.0
5.3759888E13	2833.0	82.0
5.3759896E13	2833.0	83.0
5.375991E13	2831.0	83.0
5.3759917E13	2831.0	83.0
5.375993E13	2831.0	83.0
5.3759938E13	2831.0	82.0
5.3759946E13	2831.0	82.0
5.375996E13	2831.0	81.0
5.3759967E13	2831.0	81.0
5.375998E13	2831.0	80.0
5.375999E13	2830.0	80.0
5.3759997E13	2830.0	80.0
5.376001E13	2830.0	81.0
5.3760018E13	2830.0	81.0
5.376003E13	2830.0	82.0
5.376004E13	2830.0	83.0
5.376005E13	2830.0	83.0
5.376006E13	2827.0	83.0
5.3760068E13	2827.0	83.0
5.3760076E13	2827.0	83.0
5.376009E13	2827.0	83.0
5.3760097E13	2829.0	82.0
5.376011E13	2829.0	82.0
5.376012E13	2829.0	82.0
5.3760127E13	2829.0	82.0
5.376014E13	2830.0	82.0
5.3760148E13	2830.0	81.0
5.376016E13	2830.0	82.0
5.376017E13	2830.0	82.0
5.3760177E13	2830.0	82.0
5.376019E13	2830.0	82.0
5.37602E13	2830.0	82.0
5.376021E13	2827.0	82.0
5.376022E13	2827.0	82.0
5.3760227E13	2827.0	82.0
5.376024E13	2827.0	82.0
5.376025E13	2829.0	82.0
5.3760257E13	2829.0	82.0
5.376027E13	2829.0	82.0
5.3760278E13	2828.0	82.0
5.376029E13	2828.0	82.0
5.37603E13	2828.0	82.0
5.3760307E13	2828.0	82.0
5.376032E13	2828.0	82.0
5.376033E13	2828.0	82.0
5.3760336E13	2828.0	82.0
5.376035E13	2828.0	82.0
5.3760357E13	2830.0	82.0
5.376037E13	2830.0	82.0
5.376038E13	2830.0	82.0
5.3760387E13	2830.0	82.0
5.37604E13	2832.0	82.0
5.3760408E13	2832.0	82.0
5.3760433E13	2830.0	82.0
5.3760437E13	2830.0	82.0
5.376045E13	2830.0	82.0
5.376046E13	2832.0	82.0
5.3760466E13	2832.0	82.0
5.376048E13	2832.0	82.0
5.3760487E13	2832.0	82.0
5.37605E13	2832.0	82.0
5.376051E13	2832.0	82.0
5.3760517E13	2832.0	82.0
5.376053E13	2832.0	82.0
5.3760538E13	2832.0	82.0
5.376055E13	2833.0	82.0
5.376056E13	2833.0	83.0
5.3760567E13	2832.0	83.0
5.376058E13	2832.0	83.0
5.376059E13	2832.0	83.0
5.37606E13	2832.0	82.0
5.376061E13	2833.0	82.0
5.3760617E13	2833.0	82.0
5.376063E13	2833.0	82.0
5.376064E13	2833.0	82.0
5.3760647E13	2831.0	82.0
5.376066E13	2831.0	82.0
5.3760668E13	2831.0	82.0
5.376068E13	2831.0	82.0
5.376069E13	2832.0	82.0
5.3760697E13	2832.0	82.0
5.376071E13	2832.0	82.0
5.376072E13	2833.0	82.0
5.376073E13	2833.0	82.0
5.376074E13	2833.0	82.0
5.3760747E13	2833.0	82.0
5.376076E13	2833.0	82.0
5.376077E13	2833.0	82.0
5.3760777E13	2833.0	82.0
5.376079E13	2833.0	82.0
5.3760798E13	2833.0	82.0
5.376081E13	2833.0	82.0
5.376082E13	2833.0	82.0
5.3760827E13	2833.0	82.0
5.376084E13	2832.0	82.0
5.376085E13	2832.0	82.0
5.376086E13	2832.0	82.0
5.376087E13	2831.0	82.0
5.3760877E13	2831.0	82.0
5.376089E13	2831.0	82.0
5.37609E13	2831.0	82.0
5.376091E13	2830.0	82.0
5.376092E13	2830.0	82.0
5.3760928E13	2830.0	82.0
5.376094E13	2830.0	82.0
5.376095E13	2831.0	82.0
5.3760957E13	2831.0	82.0
5.376097E13	2831.0	82.0
5.376098E13	2831.0	82.0
5.376099E13	2832.0	82.0
5.3761E13	2832.0	82.0
5.3761007E13	2832.0	82.0
5.376102E13	2833.0	82.0
5.376103E13	2833.0	82.0
5.376104E13	2833.0	82.0
5.376105E13	2833.0	82.0
5.3761058E13	2831.0	82.0
5.376107E13	2831.0	82.0
5.376108E13	2831.0	82.0
5.3761087E13	2833.0	82.0
5.37611E13	2833.0	82.0
5.376111E13	2833.0	82.0
5.376112E13	2833.0	82.0
5.376113E13	2833.0	82.0
5.3761137E13	2831.0	82.0
5.376115E13	2831.0	82.0
5.376116E13	2831.0	82.0
5.376117E13	2832.0	82.0
5.376118E13	2832.0	82.0
5.3761188E13	2832.0	82.0
5.37612E13	2832.0	82.0
5.3761217E13	2830.0	82.0
5.376121E13	2830.0	82.0
5.376123E13	2830.0	82.0
5.376124E13	2830.0	82.0
5.376125E13	2830.0	82.0
5.376126E13	2832.0	82.0
5.3761267E13	2832.0	82.0
5.376128E13	2833.0	82.0
5.376129E13	2833.0	82.0
5.37613E13	2833.0	82.0
5.376131E13	2833.0	82.0
5.3761318E13	2833.0	82.0
5.376133E13	2830.0	82.0
5.376134E13	2830.0	82.0
5.3761347E13	2830.0	82.0
5.376136E13	2830.0	82.0
5.376137E13	2832.0	82.0
5.376138E13	2832.0	82.0
5.376139E13	2832.0	82.0
5.3761397E13	2832.0	82.0
5.376141E13	2831.0	82.0
5.376142E13	2831.0	82.0
5.376143E13	2831.0	82.0
5.376144E13	2831.0	82.0
5.3761448E13	2832.0	82.0
5.376146E13	2832.0	83.0
5.376147E13	2832.0	83.0
5.3761477E13	2834.0	82.0
5.376149E13	2834.0	82.0
5.37615E13	2834.0	82.0
5.376151E13	2834.0	82.0
5.376152E13	2834.0	82.0
5.3761528E13	2834.0	82.0
5.376154E13	2834.0	82.0
5.376155E13	2834.0	82.0
5.376156E13	2836.0	82.0
5.376157E13	2836.0	82.0
5.3761578E13	2836.0	82.0
5.376159E13	2837.0	82.0
5.37616E13	2837.0	82.0
5.3761607E13	2837.0	82.0
5.376162E13	2837.0	82.0
5.376163E13	2838.0	82.0
5.376164E13	2838.0	82.0
5.376165E13	2838.0	82.0
5.3761658E13	2838.0	82.0
5.376167E13	2836.0	82.0
5.376168E13	2836.0	82.0
5.376169E13	2836.0	82.0
5.37617E13	2836.0	82.0
5.3761708E13	2836.0	82.0
5.376172E13	2836.0	82.0
5.376173E13	2836.0	82.0
5.3761737E13	2837.0	82.0
5.376175E13	2837.0	82.0
5.376176E13	2837.0	82.0
5.376177E13	2837.0	83.0
5.376178E13	2838.0	83.0
5.3761788E13	2838.0	83.0
5.37618E13	2838.0	83.0
5.376181E13	2838.0	82.0
5.376182E13	2835.0	82.0
5.376183E13	2835.0	82.0
5.3761838E13	2835.0	82.0
5.376185E13	2835.0	82.0
5.376186E13	2837.0	82.0
5.3761867E13	2837.0	82.0
5.376188E13	2837.0	82.0
5.376189E13	2839.0	82.0
5.37619E13	2839.0	82.0
5.376191E13	2839.0	82.0
5.3761918E13	2839.0	82.0
5.376193E13	2841.0	82.0
5.376194E13	2841.0	82.0
5.376195E13	2841.0	82.0
5.376196E13	2841.0	82.0
5.376197E13	2837.0	82.0
5.376198E13	2837.0	82.0
5.376199E13	2837.0	82.0
5.3762E13	2837.0	82.0
5.376201E13	2841.0	82.0
5.376202E13	2841.0	82.0
5.376203E13	2841.0	82.0
5.376204E13	2839.0	82.0
5.3762048E13	2839.0	82.0
5.376206E13	2839.0	82.0
5.376207E13	2839.0	82.0
5.376208E13	2840.0	82.0
5.376209E13	2840.0	82.0
5.37621E13	2840.0	82.0
5.376211E13	2840.0	82.0
5.376212E13	2840.0	82.0
5.376213E13	2840.0	82.0
5.376214E13	2840.0	82.0
5.376215E13	2840.0	82.0
5.376216E13	2843.0	82.0
5.376217E13	2843.0	82.0
5.3762178E13	2843.0	82.0
5.376219E13	2840.0	82.0
5.37622E13	2840.0	83.0
5.376221E13	2840.0	82.0
5.376222E13	2840.0	82.0
5.376223E13	2839.0	48.0
5.376224E13	2839.0	82.0
5.376225E13	2839.0	82.0
5.376226E13	2839.0	48.0
5.376227E13	2843.0	82.0
5.376228E13	2843.0	83.0
5.376229E13	2843.0	83.0
5.37623E13	2843.0	83.0
5.3762308E13	2843.0	83.0
5.376232E13	2843.0	83.0
5.376233E13	2843.0	48.0
5.3762345E13	2842.0	48.0
5.376235E13	2842.0	48.0
5.376236E13	2842.0	83.0
5.376237E13	2842.0	83.0
5.376238E13	2841.0	82.0
5.376239E13	2841.0	82.0
5.37624E13	2841.0	48.0
5.376241E13	2841.0	48.0
5.376242E13	2841.0	48.0
5.376243E13	2841.0	82.0
5.3762438E13	2841.0	82.0
5.376245E13	2841.0	82.0
5.376246E13	2842.0	82.0
5.376247E13	2842.0	82.0
5.376248E13	2842.0	82.0
5.376249E13	2841.0	82.0
5.37625E13	2841.0	48.0
5.376251E13	2841.0	48.0
5.376252E13	2841.0	48.0
5.376253E13	2842.0	47.0
5.376254E13	2842.0	47.0
5.376255E13	2842.0	47.0
5.376256E13	2842.0	47.0
5.376257E13	2842.0	47.0
5.376258E13	2842.0	47.0
5.376259E13	2842.0	47.0
5.37626E13	2842.0	47.0
5.376261E13	2846.0	47.0
5.376262E13	2846.0	83.0
5.376263E13	2846.0	82.0
5.376264E13	2844.0	82.0
5.376265E13	2844.0	82.0
5.376266E13	2844.0	82.0
5.376267E13	2844.0	82.0
5.376268E13	2846.0	48.0
5.376269E13	2846.0	48.0
5.37627E13	2846.0	48.0
5.376271E13	2846.0	48.0
5.376272E13	2844.0	83.0
5.376273E13	2844.0	48.0
5.376274E13	2844.0	83.0
5.376275E13	2844.0	83.0
5.376276E13	2843.0	82.0
5.376277E13	2843.0	82.0
5.376278E13	2843.0	82.0
5.376279E13	2842.0	82.0
5.37628E13	2842.0	82.0
5.376282E13	2842.0	82.0
5.376283E13	2841.0	82.0
5.376284E13	2841.0	82.0
5.376285E13	2841.0	82.0
5.376286E13	2841.0	82.0
5.376287E13	2842.0	48.0
5.376288E13	2842.0	48.0
5.376289E13	2842.0	48.0
5.37629E13	2845.0	48.0
5.376291E13	2845.0	48.0
5.376292E13	2845.0	48.0
5.376293E13	2845.0	48.0
5.376294E13	2843.0	83.0
5.376295E13	2843.0	83.0
5.376296E13	2843.0	47.0
5.376297E13	2843.0	47.0
5.376298E13	2843.0	48.0
5.376299E13	2843.0	48.0
5.3763E13	2843.0	48.0
5.376301E13	2843.0	48.0
5.376302E13	2842.0	48.0
5.376303E13	2842.0	82.0
5.376304E13	2842.0	48.0
5.376305E13	2844.0	82.0
5.376306E13	2844.0	82.0
5.376307E13	2844.0	82.0
5.376308E13	2844.0	82.0
5.376309E13	2841.0	82.0
5.37631E13	2841.0	82.0
5.376311E13	2841.0	82.0
5.376312E13	2841.0	82.0
5.376313E13	2842.0	82.0
5.3763142E13	2842.0	82.0
5.376315E13	2842.0	82.0
5.376316E13	2842.0	82.0
5.376317E13	2838.0	82.0
5.376318E13	2838.0	82.0
5.376319E13	2838.0	82.0
5.37632E13	2839.0	48.0
5.376321E13	2839.0	48.0
5.376322E13	2839.0	82.0
5.376323E13	2839.0	48.0
5.376324E13	2839.0	82.0
5.376325E13	2839.0	82.0
5.376326E13	2839.0	83.0
5.3763272E13	2839.0	82.0
5.376328E13	2837.0	82.0
5.376329E13	2837.0	82.0
5.37633E13	2837.0	82.0
5.376331E13	2837.0	82.0
5.376332E13	2837.0	48.0
5.376333E13	2837.0	82.0
5.376334E13	2837.0	82.0
5.376335E13	2835.0	82.0
5.376336E13	2835.0	82.0
5.376337E13	2835.0	82.0
5.376338E13	2835.0	48.0
5.376339E13	2833.0	82.0
5.3763402E13	2833.0	82.0
5.376341E13	2833.0	82.0
5.376342E13	2833.0	48.0
5.376343E13	2835.0	48.0
5.376344E13	2835.0	48.0
5.3763453E13	2835.0	48.0
5.376346E13	2835.0	82.0
5.376348E13	2835.0	82.0
5.376349E13	2835.0	82.0
5.37635E13	2833.0	82.0
5.376351E13	2833.0	48.0
5.376352E13	2833.0	48.0
5.3763532E13	2833.0	48.0
5.376354E13	2836.0	48.0
5.376355E13	2836.0	48.0
5.376356E13	2836.0	48.0
5.376357E13	2836.0	48.0
5.376358E13	2835.0	48.0
5.376359E13	2835.0	48.0
5.37636E13	2835.0	48.0
5.376361E13	2835.0	48.0
5.376362E13	2835.0	82.0
5.376363E13	2835.0	82.0
5.376364E13	2835.0	82.0
5.376365E13	2837.0	82.0
5.3763662E13	2837.0	82.0
5.376367E13	2837.0	48.0
5.376368E13	2837.0	48.0
5.376369E13	2836.0	48.0
5.37637E13	2836.0	48.0
5.3763713E13	2836.0	48.0
5.376372E13	2836.0	82.0
5.376373E13	2836.0	82.0
5.3763742E13	2836.0	82.0
5.376375E13	2836.0	82.0
5.376376E13	2836.0	82.0
5.376377E13	2834.0	82.0
5.376378E13	2834.0	82.0
5.3763792E13	2834.0	82.0
5.37638E13	2837.0	82.0
5.376381E13	2837.0	82.0
5.376382E13	2837.0	82.0
5.376383E13	2837.0	82.0
5.3763843E13	2838.0	82.0
5.376385E13	2838.0	82.0
5.376386E13	2838.0	82.0
5.3763872E13	2838.0	82.0
5.376388E13	2837.0	82.0
5.376389E13	2837.0	82.0
5.37639E13	2837.0	82.0
5.376391E13	2837.0	48.0
5.3763922E13	2839.0	48.0
5.376393E13	2839.0	48.0
5.376394E13	2839.0	48.0
5.376395E13	2838.0	48.0
5.376396E13	2838.0	48.0
5.3763973E13	2838.0	48.0
5.376398E13	2838.0	48.0
5.376399E13	2842.0	82.0
5.3764002E13	2842.0	82.0
5.376401E13	2842.0	82.0
5.376403E13	2841.0	82.0
5.376404E13	2841.0	82.0
5.3764052E13	2841.0	48.0
5.376406E13	2840.0	82.0
5.376407E13	2840.0	48.0
5.376408E13	2840.0	82.0
5.376409E13	2840.0	82.0
5.3764103E13	2839.0	82.0
5.376411E13	2839.0	82.0
5.376412E13	2839.0	82.0
5.3764132E13	2839.0	82.0
5.376414E13	2840.0	82.0
5.3764153E13	2840.0	82.0
5.376416E13	2840.0	82.0
5.376417E13	2840.0	82.0
5.3764183E13	2840.0	82.0
5.376419E13	2840.0	82.0
5.37642E13	2840.0	82.0
5.376421E13	2841.0	82.0
5.376422E13	2841.0	82.0
5.3764233E13	2841.0	82.0
5.376424E13	2841.0	82.0
5.376425E13	2842.0	82.0
5.3764262E13	2842.0	82.0
5.376427E13	2842.0	82.0
5.3764283E13	2842.0	82.0
5.376429E13	2841.0	82.0
5.37643E13	2841.0	82.0
5.3764313E13	2841.0	82.0
5.376432E13	2841.0	82.0
5.376433E13	2843.0	82.0
5.376434E13	2843.0	82.0
5.3764354E13	2843.0	82.0
5.3764363E13	2841.0	82.0
5.376437E13	2841.0	82.0
5.376438E13	2841.0	82.0
5.3764392E13	2841.0	82.0
5.37644E13	2843.0	82.0
5.3764413E13	2843.0	82.0
5.376442E13	2843.0	82.0
5.376443E13	2844.0	82.0
5.3764443E13	2844.0	82.0
5.376445E13	2844.0	82.0
5.3764464E13	2844.0	82.0
5.376447E13	2844.0	82.0
5.376448E13	2844.0	48.0
5.3764493E13	2844.0	48.0
5.37645E13	2844.0	82.0
5.376451E13	2845.0	82.0
5.3764522E13	2845.0	82.0
5.376453E13	2845.0	48.0
5.3764543E13	2845.0	48.0
5.376458E13	2844.0	82.0
5.3764594E13	2845.0	82.0
5.37646E13	2845.0	83.0
5.376461E13	2845.0	83.0
5.3764623E13	2845.0	83.0
5.376463E13	2844.0	83.0
5.376464E13	2844.0	82.0
5.3764652E13	2844.0	82.0
5.376466E13	2844.0	82.0
5.3764673E13	2844.0	82.0
5.376468E13	2844.0	48.0
5.376469E13	2844.0	48.0
5.3764703E13	2843.0	48.0
5.376471E13	2843.0	48.0
5.3764724E13	2843.0	48.0
5.376474E13	2843.0	48.0
5.376474E13	2843.0	48.0
5.3764753E13	2843.0	48.0
5.376476E13	2843.0	48.0
5.376477E13	2843.0	48.0
5.3764782E13	2841.0	83.0
5.376479E13	2841.0	48.0
5.3764803E13	2841.0	48.0
5.376481E13	2841.0	82.0
5.376482E13	2841.0	48.0
5.3764833E13	2841.0	48.0
5.376484E13	2841.0	48.0
5.3764854E13	2836.0	48.0
5.376486E13	2836.0	48.0
5.376487E13	2836.0	48.0
5.3764883E13	2836.0	48.0
5.376489E13	2839.0	48.0
5.37649E13	2839.0	48.0
5.3764912E13	2839.0	81.0
5.376492E13	2839.0	48.0
5.3764933E13	2841.0	48.0
5.376494E13	2841.0	48.0
5.376495E13	2841.0	48.0
5.3764963E13	2843.0	48.0
5.3764984E13	2843.0	48.0
5.376499E13	2843.0	48.0
5.3765E13	2844.0	48.0
5.3765013E13	2844.0	48.0
5.376502E13	2844.0	48.0
5.3765034E13	2844.0	48.0
5.3765042E13	2843.0	48.0
5.376505E13	2843.0	48.0
5.3765063E13	2843.0	48.0
5.376507E13	2843.0	48.0
5.376508E13	2845.0	47.0
5.3765093E13	2845.0	47.0
5.37651E13	2845.0	47.0
5.3765114E13	2844.0	48.0
5.376512E13	2844.0	82.0
5.376513E13	2844.0	82.0
5.3765143E13	2844.0	82.0
5.376515E13	2846.0	82.0
5.3765164E13	2846.0	82.0
5.3765172E13	2846.0	83.0
5.376518E13	2846.0	83.0
5.3765193E13	2846.0	83.0
5.37652E13	2846.0	83.0
5.376521E13	2846.0	83.0
5.3765223E13	2846.0	82.0
5.376523E13	2846.0	82.0
5.3765244E13	2846.0	82.0
5.376525E13	2846.0	82.0
5.376526E13	2845.0	82.0
5.3765273E13	2845.0	82.0
5.376528E13	2845.0	82.0
5.3765294E13	2845.0	82.0
5.3765302E13	2843.0	82.0
5.376531E13	2843.0	83.0
5.3765323E13	2843.0	83.0
5.376533E13	2843.0	83.0
5.376534E13	2841.0	83.0
5.3765353E13	2841.0	83.0
5.376536E13	2841.0	83.0
5.3765374E13	2842.0	83.0
5.376538E13	2842.0	83.0
5.376539E13	2842.0	82.0
5.3765403E13	2842.0	82.0
5.376541E13	2842.0	82.0
5.3765424E13	2842.0	82.0
5.3765432E13	2842.0	82.0
5.376544E13	2842.0	82.0
5.3765453E13	2840.0	82.0
5.376546E13	2840.0	82.0
5.3765474E13	2840.0	82.0
5.3765483E13	2840.0	83.0
5.376549E13	2841.0	82.0
5.3765504E13	2841.0	82.0
5.3765512E13	2841.0	83.0
5.376552E13	2841.0	82.0
5.3765533E13	2841.0	82.0
5.376554E13	2841.0	82.0
5.3765554E13	2841.0	82.0
5.3765562E13	2841.0	82.0
5.376557E13	2841.0	82.0
5.3765583E13	2841.0	82.0
5.376559E13	2841.0	82.0
5.3765604E13	2839.0	82.0
5.3765613E13	2839.0	82.0
5.376562E13	2839.0	82.0
5.3765634E13	2839.0	82.0
5.3765642E13	2838.0	82.0
5.376565E13	2838.0	82.0
5.3765663E13	2838.0	82.0
5.376567E13	2842.0	82.0
5.3765684E13	2842.0	82.0
5.3765692E13	2842.0	82.0
5.37657E13	2839.0	82.0
5.3765713E13	2839.0	82.0
5.376572E13	2839.0	82.0
5.3765734E13	2839.0	82.0
5.3765743E13	2839.0	48.0
5.376575E13	2840.0	48.0
5.3765764E13	2840.0	82.0
5.376578E13	2840.0	82.0
5.3765793E13	2837.0	82.0
5.37658E13	2837.0	82.0
5.3765814E13	2837.0	82.0
5.3765822E13	2841.0	82.0
5.376583E13	2841.0	82.0
5.3765843E13	2841.0	82.0
5.376585E13	2841.0	82.0
5.3765864E13	2840.0	82.0
5.3765873E13	2840.0	82.0
5.376588E13	2840.0	82.0
5.3765894E13	2840.0	82.0
5.3765902E13	2841.0	82.0
5.376591E13	2841.0	83.0
5.3765923E13	2841.0	83.0
5.376593E13	2841.0	83.0
5.3765944E13	2841.0	83.0
5.3765953E13	2841.0	83.0
5.376596E13	2841.0	83.0
5.3765973E13	2841.0	83.0
5.376598E13	2841.0	82.0
5.3765994E13	2841.0	82.0
5.3766003E13	2841.0	82.0
5.376601E13	2841.0	82.0
5.3766024E13	2841.0	82.0
5.3766032E13	2841.0	82.0
5.3766045E13	2841.0	82.0
5.3766053E13	2843.0	82.0
5.376606E13	2843.0	82.0
5.3766074E13	2843.0	82.0
5.3766083E13	2843.0	83.0
5.376609E13	2842.0	83.0
5.3766103E13	2842.0	83.0
5.376611E13	2842.0	84.0
5.3766124E13	2842.0	84.0
5.3766133E13	2842.0	83.0
5.376614E13	2842.0	83.0
5.3766154E13	2842.0	83.0
5.3766162E13	2842.0	83.0
5.3766175E13	2842.0	83.0
5.3766183E13	2842.0	83.0
5.376619E13	2842.0	82.0
5.3766204E13	2843.0	82.0
5.3766213E13	2843.0	82.0
5.376622E13	2843.0	82.0
5.3766234E13	2843.0	82.0
5.376624E13	2841.0	82.0
5.3766254E13	2841.0	82.0
5.3766263E13	2841.0	82.0
5.376627E13	2841.0	82.0
5.3766284E13	2841.0	82.0
5.3766292E13	2841.0	82.0
5.3766305E13	2841.0	82.0
5.3766313E13	2840.0	82.0
5.376632E13	2840.0	82.0
5.3766334E13	2840.0	81.0
5.3766343E13	2840.0	81.0
5.3766355E13	2839.0	82.0
5.3766364E13	2839.0	82.0
5.376637E13	2839.0	82.0
5.3766385E13	2839.0	82.0
5.3766393E13	2840.0	82.0
5.37664E13	2840.0	82.0
5.3766414E13	2840.0	82.0
5.3766422E13	2841.0	82.0
5.3766435E13	2841.0	82.0
5.3766443E13	2841.0	81.0
5.376645E13	2841.0	82.0
5.3766464E13	2842.0	82.0
5.3766473E13	2842.0	82.0
5.3766485E13	2842.0	82.0
5.3766494E13	2842.0	82.0
5.37665E13	2841.0	82.0
5.3766515E13	2841.0	82.0
5.3766523E13	2841.0	82.0
5.3766536E13	2841.0	82.0
5.3766544E13	2844.0	82.0
5.3766552E13	2844.0	82.0
5.3766565E13	2844.0	83.0
5.3766573E13	2843.0	83.0
5.376658E13	2843.0	83.0
5.3766594E13	2843.0	83.0
5.3766603E13	2843.0	83.0
5.3766615E13	2846.0	82.0
5.3766624E13	2846.0	82.0
5.376663E13	2846.0	82.0
5.3766645E13	2844.0	83.0
5.3766653E13	2844.0	83.0
5.3766666E13	2844.0	83.0
5.3766674E13	2844.0	83.0
5.3766682E13	2844.0	83.0
5.3766695E13	2844.0	83.0
5.3766703E13	2844.0	82.0
5.3766716E13	2841.0	82.0
5.3766724E13	2841.0	82.0
5.3766733E13	2841.0	82.0
5.3766745E13	2841.0	82.0
5.3766754E13	2841.0	82.0
5.376676E13	2840.0	82.0
5.3766775E13	2840.0	82.0
5.3766783E13	2840.0	83.0
5.3766796E13	2840.0	82.0
5.3766804E13	2841.0	82.0
5.3766812E13	2841.0	82.0
5.3766825E13	2841.0	82.0
5.3766833E13	2841.0	82.0
5.376684E13	2841.0	82.0
5.3766854E13	2841.0	83.0
5.3766863E13	2841.0	82.0
5.3766875E13	2840.0	82.0
5.3766884E13	2840.0	82.0
5.376689E13	2840.0	82.0
5.3766905E13	2840.0	82.0
5.3766913E13	2841.0	82.0
5.3766926E13	2841.0	82.0
5.3766934E13	2841.0	82.0
5.3766942E13	2841.0	82.0
5.3766955E13	2842.0	82.0
5.3766963E13	2842.0	82.0
5.3766976E13	2842.0	82.0
5.3766984E13	2839.0	82.0
5.3766993E13	2839.0	83.0
5.3767005E13	2839.0	83.0
