5.448238E13	2705.0	82.0
5.448239E13	2705.0	82.0
5.4482403E13	2703.0	82.0
5.448241E13	2703.0	82.0
5.4482424E13	2703.0	82.0
5.448243E13	2702.0	82.0
5.448244E13	2702.0	82.0
5.4482453E13	2702.0	82.0
5.448246E13	2702.0	82.0
5.4482474E13	2702.0	82.0
5.4482482E13	2702.0	82.0
5.448249E13	2702.0	82.0
5.4482503E13	2702.0	82.0
5.448251E13	2702.0	82.0
5.448252E13	2702.0	82.0
5.4482533E13	2702.0	82.0
5.448254E13	2704.0	82.0
5.4482554E13	2704.0	82.0
5.448256E13	2704.0	82.0
5.448257E13	2699.0	82.0
5.4482583E13	2699.0	82.0
5.448259E13	2699.0	82.0
5.4482604E13	2699.0	82.0
5.4482612E13	2700.0	82.0
5.448262E13	2700.0	82.0
5.4482633E13	2700.0	82.0
5.448264E13	2700.0	82.0
5.4482654E13	2698.0	82.0
5.4482663E13	2698.0	82.0
5.448267E13	2698.0	82.0
5.4482684E13	2698.0	82.0
5.448269E13	2698.0	82.0
5.44827E13	2700.0	82.0
5.4482713E13	2700.0	82.0
5.448272E13	2700.0	82.0
5.4482734E13	2697.0	82.0
5.4482742E13	2697.0	82.0
5.448275E13	2697.0	82.0
5.4482763E13	2697.0	82.0
5.448277E13	2697.0	82.0
5.4482784E13	2697.0	82.0
5.4482793E13	2697.0	82.0
5.44828E13	2697.0	82.0
5.4482814E13	2699.0	82.0
5.448282E13	2699.0	82.0
5.448283E13	2699.0	81.0
5.4482843E13	2699.0	81.0
5.448285E13	2697.0	82.0
5.4482864E13	2697.0	82.0
5.4482872E13	2697.0	82.0
5.448288E13	2697.0	82.0
5.4482893E13	2697.0	82.0
5.44829E13	2697.0	82.0
5.448292E13	2697.0	82.0
5.4482923E13	2697.0	82.0
5.4482935E13	2697.0	82.0
5.4482944E13	2697.0	82.0
5.448295E13	2697.0	82.0
5.448296E13	2696.0	82.0
5.4482973E13	2696.0	82.0
5.448298E13	2696.0	82.0
5.4482994E13	2696.0	82.0
5.4483002E13	2698.0	82.0
5.448301E13	2698.0	82.0
5.4483023E13	2698.0	82.0
5.448303E13	2698.0	82.0
5.4483044E13	2698.0	82.0
5.4483053E13	2698.0	82.0
5.448306E13	2698.0	82.0
5.4483074E13	2699.0	82.0
5.448308E13	2699.0	82.0
5.4483095E13	2699.0	82.0
5.4483103E13	2699.0	82.0
5.448311E13	2699.0	82.0
5.4483124E13	2699.0	82.0
5.4483132E13	2699.0	82.0
5.448314E13	2699.0	82.0
5.4483153E13	2697.0	82.0
5.448316E13	2697.0	82.0
5.4483174E13	2697.0	82.0
5.4483183E13	2701.0	82.0
5.448319E13	2701.0	82.0
5.448321E13	2701.0	82.0
5.448322E13	2700.0	82.0
5.4483233E13	2700.0	82.0
5.448324E13	2700.0	82.0
5.4483254E13	2700.0	82.0
5.4483262E13	2697.0	82.0
5.448327E13	2697.0	82.0
5.4483283E13	2697.0	82.0
5.448329E13	2697.0	82.0
5.4483304E13	2696.0	82.0
5.4483313E13	2696.0	82.0
5.448332E13	2696.0	82.0
5.4483334E13	2698.0	82.0
5.448334E13	2698.0	82.0
5.4483355E13	2698.0	82.0
5.4483363E13	2698.0	82.0
5.448337E13	2696.0	82.0
5.4483384E13	2696.0	82.0
5.4483392E13	2696.0	82.0
5.44834E13	2696.0	82.0
5.4483413E13	2696.0	82.0
5.448342E13	2696.0	82.0
5.4483434E13	2696.0	82.0
5.4483443E13	2696.0	82.0
5.448345E13	2697.0	82.0
5.4483464E13	2697.0	82.0
5.448347E13	2697.0	82.0
5.4483485E13	2694.0	82.0
5.4483493E13	2694.0	82.0
5.44835E13	2694.0	82.0
5.4483514E13	2694.0	82.0
5.4483522E13	2694.0	82.0
5.448353E13	2694.0	82.0
5.4483543E13	2694.0	82.0
5.448355E13	2694.0	82.0
5.4483564E13	2694.0	82.0
5.4483573E13	2694.0	82.0
5.448358E13	2694.0	83.0
5.4483594E13	2694.0	82.0
5.4483602E13	2694.0	82.0
5.4483615E13	2694.0	82.0
5.4483623E13	2694.0	82.0
5.448363E13	2695.0	82.0
5.4483644E13	2695.0	82.0
5.4483652E13	2695.0	83.0
5.4483665E13	2695.0	83.0
5.4483673E13	2694.0	82.0
5.448368E13	2694.0	82.0
5.4483694E13	2694.0	82.0
5.4483703E13	2694.0	82.0
5.448371E13	2692.0	82.0
5.4483724E13	2692.0	83.0
5.4483732E13	2692.0	83.0
5.4483745E13	2692.0	83.0
5.4483753E13	2691.0	83.0
5.448376E13	2691.0	83.0
5.4483774E13	2691.0	82.0
5.4483782E13	2691.0	82.0
5.4483795E13	2691.0	82.0
5.4483803E13	2691.0	82.0
5.448381E13	2691.0	82.0
5.4483824E13	2693.0	82.0
5.4483833E13	2693.0	82.0
5.448384E13	2693.0	82.0
5.4483854E13	2693.0	82.0
5.4483862E13	2691.0	83.0
5.4483875E13	2691.0	83.0
5.4483883E13	2691.0	83.0
5.448389E13	2691.0	83.0
5.4483904E13	2688.0	83.0
5.4483912E13	2688.0	83.0
5.4483925E13	2688.0	83.0
5.4483933E13	2690.0	83.0
5.448394E13	2690.0	83.0
5.4483954E13	2690.0	83.0
5.4483963E13	2690.0	82.0
5.4483975E13	2689.0	83.0
5.4483984E13	2689.0	83.0
5.4483992E13	2689.0	83.0
5.4484005E13	2689.0	83.0
5.4484013E13	2689.0	83.0
5.448402E13	2689.0	83.0
5.4484034E13	2689.0	83.0
5.4484043E13	2689.0	83.0
5.4484055E13	2689.0	83.0
5.4484063E13	2689.0	83.0
5.448407E13	2689.0	83.0
5.4484084E13	2687.0	83.0
5.4484093E13	2687.0	83.0
5.4484105E13	2687.0	83.0
5.4484114E13	2687.0	83.0
5.4484122E13	2686.0	83.0
5.4484135E13	2686.0	83.0
5.4484143E13	2686.0	83.0
5.448415E13	2686.0	83.0
5.4484164E13	2687.0	83.0
5.4484173E13	2687.0	83.0
5.4484185E13	2687.0	83.0
5.4484194E13	2687.0	83.0
5.44842E13	2686.0	83.0
5.4484214E13	2686.0	82.0
5.4484223E13	2686.0	83.0
5.4484235E13	2686.0	82.0
5.4484244E13	2686.0	83.0
5.4484252E13	2686.0	83.0
5.4484265E13	2686.0	83.0
5.4484273E13	2685.0	83.0
5.448428E13	2685.0	83.0
5.4484294E13	2685.0	83.0
5.4484303E13	2685.0	83.0
5.4484315E13	2683.0	83.0
5.4484324E13	2683.0	83.0
5.448433E13	2683.0	83.0
5.4484345E13	2683.0	83.0
5.4484353E13	2684.0	83.0
5.4484365E13	2684.0	83.0
5.4484374E13	2684.0	83.0
5.4484382E13	2685.0	83.0
5.4484395E13	2685.0	83.0
5.4484403E13	2685.0	83.0
5.4484416E13	2685.0	83.0
5.4484424E13	2686.0	83.0
5.4484433E13	2686.0	83.0
5.4484445E13	2686.0	83.0
5.4484454E13	2686.0	83.0
5.448446E13	2685.0	83.0
5.4484475E13	2685.0	83.0
5.4484483E13	2685.0	83.0
5.4484495E13	2685.0	83.0
5.4484504E13	2683.0	83.0
5.4484512E13	2683.0	83.0
5.4484525E13	2683.0	83.0
5.4484533E13	2683.0	83.0
5.4484546E13	2683.0	83.0
5.4484554E13	2683.0	83.0
5.4484563E13	2683.0	83.0
5.4484575E13	2684.0	83.0
5.4484584E13	2684.0	83.0
5.448459E13	2684.0	83.0
5.4484605E13	2684.0	83.0
5.4484613E13	2681.0	83.0
5.4484626E13	2681.0	83.0
5.4484634E13	2681.0	83.0
5.4484642E13	2681.0	83.0
5.4484655E13	2684.0	83.0
5.4484663E13	2684.0	83.0
5.4484676E13	2684.0	83.0
5.4484684E13	2685.0	83.0
5.4484693E13	2685.0	83.0
5.4484705E13	2685.0	83.0
5.4484714E13	2685.0	83.0
5.448472E13	2682.0	83.0
5.4484735E13	2682.0	83.0
5.4484743E13	2682.0	83.0
5.4484756E13	2682.0	83.0
5.4484764E13	2682.0	83.0
5.4484772E13	2682.0	83.0
5.4484785E13	2682.0	83.0
5.4484793E13	2682.0	83.0
5.4484806E13	2683.0	83.0
5.4484814E13	2683.0	83.0
5.4484823E13	2683.0	83.0
5.4484835E13	2686.0	83.0
5.4484844E13	2686.0	83.0
5.4484856E13	2686.0	83.0
5.4484865E13	2686.0	83.0
5.4484873E13	2684.0	83.0
5.4484886E13	2684.0	83.0
5.4484894E13	2684.0	83.0
5.4484902E13	2684.0	83.0
5.4484915E13	2684.0	83.0
5.4484923E13	2684.0	83.0
5.4484936E13	2684.0	83.0
5.4484944E13	2684.0	83.0
5.4484957E13	2684.0	83.0
5.4484965E13	2684.0	83.0
5.4484974E13	2684.0	83.0
5.4484986E13	2682.0	83.0
5.4484995E13	2682.0	83.0
5.4485003E13	2682.0	83.0
5.4485016E13	2682.0	83.0
5.4485024E13	2684.0	83.0
5.4485032E13	2684.0	83.0
5.4485045E13	2684.0	83.0
5.4485053E13	2684.0	83.0
5.4485066E13	2685.0	83.0
5.4485074E13	2685.0	83.0
5.4485083E13	2685.0	83.0
5.4485095E13	2683.0	83.0
5.4485104E13	2683.0	83.0
5.4485116E13	2683.0	83.0
5.4485125E13	2683.0	83.0
5.4485133E13	2683.0	83.0
5.4485146E13	2683.0	83.0
5.4485154E13	2683.0	83.0
5.4485162E13	2683.0	83.0
5.4485175E13	2686.0	83.0
5.4485183E13	2686.0	83.0
5.4485196E13	2686.0	83.0
5.4485204E13	2686.0	83.0
5.4485213E13	2684.0	83.0
5.4485225E13	2684.0	83.0
5.4485234E13	2684.0	83.0
5.4485246E13	2681.0	83.0
5.4485255E13	2681.0	83.0
5.4485263E13	2681.0	83.0
5.4485276E13	2681.0	83.0
5.4485284E13	2682.0	83.0
5.4485297E13	2682.0	83.0
5.4485305E13	2682.0	83.0
5.4485313E13	2681.0	83.0
5.4485326E13	2681.0	83.0
5.4485334E13	2681.0	83.0
5.4485347E13	2681.0	83.0
5.4485355E13	2683.0	83.0
5.4485364E13	2683.0	83.0
5.4485376E13	2683.0	83.0
5.4485385E13	2683.0	83.0
5.4485393E13	2683.0	83.0
5.4485406E13	2683.0	83.0
5.4485414E13	2683.0	83.0
5.4485427E13	2684.0	83.0
5.4485435E13	2684.0	83.0
5.4485443E13	2684.0	83.0
5.4485456E13	2684.0	83.0
5.4485464E13	2683.0	83.0
5.4485473E13	2683.0	83.0
5.4485485E13	2683.0	83.0
5.4485494E13	2683.0	83.0
5.4485506E13	2683.0	83.0
5.4485515E13	2683.0	83.0
5.4485523E13	2683.0	83.0
5.4485536E13	2682.0	83.0
5.4485544E13	2682.0	83.0
5.4485557E13	2682.0	83.0
5.4485565E13	2682.0	83.0
5.4485573E13	2685.0	83.0
5.4485586E13	2685.0	83.0
5.4485594E13	2685.0	83.0
5.4485603E13	2685.0	84.0
5.4485615E13	2685.0	84.0
5.4485624E13	2683.0	84.0
5.4485636E13	2683.0	84.0
5.4485645E13	2683.0	84.0
5.4485653E13	2683.0	83.0
5.4485666E13	2681.0	83.0
5.4485674E13	2681.0	83.0
5.4485687E13	2681.0	83.0
5.4485716E13	2685.0	83.0
5.4485724E13	2682.0	83.0
5.4485733E13	2682.0	83.0
5.4485745E13	2682.0	83.0
5.4485754E13	2682.0	83.0
5.4485766E13	2682.0	83.0
5.4485775E13	2682.0	83.0
5.4485783E13	2682.0	83.0
5.4485796E13	2682.0	83.0
5.4485804E13	2682.0	83.0
5.4485817E13	2682.0	83.0
5.4485867E13	2682.0	83.0
5.4485875E13	2682.0	83.0
5.4485825E13	2682.0	83.0
5.4485833E13	2682.0	83.0
5.4485884E13	2682.0	83.0
5.4485846E13	2682.0	83.0
5.4485854E13	2682.0	83.0
5.4485896E13	2682.0	83.0
5.4485905E13	2682.0	83.0
5.4485913E13	2682.0	83.0
5.4485926E13	2682.0	83.0
5.4485934E13	2682.0	83.0
5.4485947E13	2682.0	83.0
5.448596E13	2682.0	83.0
5.4485964E13	2680.0	83.0
5.4485976E13	2680.0	83.0
5.4485984E13	2680.0	83.0
5.4485997E13	2680.0	83.0
5.4486005E13	2680.0	51.0
5.4486014E13	2680.0	83.0
5.4486026E13	2680.0	83.0
5.4486035E13	2680.0	83.0
5.4486043E13	2680.0	83.0
5.4486056E13	2680.0	83.0
5.4486064E13	2680.0	83.0
5.4486077E13	2680.0	83.0
5.4486085E13	2680.0	51.0
5.4486094E13	2680.0	51.0
5.4486106E13	2680.0	51.0
5.4486115E13	2679.0	51.0
5.4486127E13	2679.0	51.0
5.4486135E13	2679.0	83.0
5.4486144E13	2681.0	83.0
5.4486156E13	2681.0	83.0
5.4486165E13	2681.0	83.0
5.4486173E13	2681.0	83.0
5.4486186E13	2680.0	83.0
5.4486194E13	2680.0	83.0
5.4486207E13	2680.0	83.0
5.4486215E13	2680.0	83.0
5.4486224E13	2681.0	83.0
5.4486236E13	2681.0	83.0
5.4486245E13	2681.0	83.0
5.4486257E13	2681.0	83.0
5.4486265E13	2681.0	83.0
5.4486274E13	2681.0	51.0
5.4486286E13	2681.0	51.0
5.4486295E13	2682.0	51.0
5.4486303E13	2682.0	51.0
5.4486316E13	2682.0	51.0
5.4486324E13	2682.0	51.0
5.4486337E13	2682.0	51.0
5.4486345E13	2682.0	83.0
5.4486354E13	2682.0	83.0
5.4486366E13	2682.0	83.0
5.4486375E13	2679.0	83.0
5.4486387E13	2679.0	83.0
5.4486396E13	2679.0	83.0
5.4486404E13	2679.0	83.0
5.4486416E13	2681.0	83.0
5.4486425E13	2681.0	83.0
5.4486433E13	2680.0	83.0
5.4486446E13	2680.0	83.0
5.4486454E13	2680.0	83.0
5.4486467E13	2680.0	83.0
5.4486475E13	2680.0	83.0
5.4486484E13	2681.0	83.0
5.4486496E13	2681.0	83.0
5.4486505E13	2681.0	83.0
5.4486517E13	2681.0	51.0
5.4486526E13	2679.0	51.0
5.4486534E13	2679.0	51.0
5.4486547E13	2679.0	51.0
5.4486555E13	2679.0	83.0
5.4486567E13	2681.0	51.0
5.4486576E13	2681.0	51.0
5.4486584E13	2681.0	51.0
5.4486597E13	2680.0	51.0
5.4486605E13	2680.0	51.0
5.4486614E13	2680.0	51.0
5.4486626E13	2680.0	51.0
5.4486635E13	2681.0	51.0
5.4486647E13	2681.0	51.0
5.4486656E13	2681.0	83.0
5.4486664E13	2681.0	51.0
5.4486677E13	2679.0	51.0
5.4486685E13	2679.0	51.0
5.4486698E13	2679.0	51.0
5.4486706E13	2679.0	51.0
5.4486714E13	2679.0	51.0
5.4486727E13	2679.0	51.0
5.4486735E13	2679.0	51.0
5.4486744E13	2682.0	51.0
5.4486756E13	2682.0	51.0
5.4486765E13	2682.0	51.0
5.4486777E13	2682.0	83.0
5.4486786E13	2680.0	84.0
5.4486794E13	2680.0	51.0
5.4486807E13	2680.0	84.0
5.4486815E13	2680.0	84.0
5.4486828E13	2682.0	84.0
5.4486836E13	2682.0	83.0
5.4486844E13	2682.0	83.0
5.4486857E13	2682.0	83.0
5.4486865E13	2680.0	83.0
5.4486878E13	2680.0	83.0
5.4486886E13	2680.0	83.0
5.4486895E13	2683.0	83.0
5.4486907E13	2683.0	83.0
5.4486916E13	2683.0	83.0
5.4486924E13	2683.0	83.0
5.4486937E13	2684.0	83.0
5.4486945E13	2684.0	83.0
5.4486958E13	2684.0	83.0
5.4486966E13	2684.0	83.0
5.4486974E13	2683.0	83.0
5.4486987E13	2683.0	83.0
5.4486995E13	2683.0	83.0
5.4487004E13	2683.0	51.0
5.4487016E13	2684.0	51.0
5.4487025E13	2684.0	51.0
5.4487037E13	2684.0	83.0
5.4487046E13	2683.0	83.0
5.4487054E13	2683.0	51.0
5.4487067E13	2683.0	51.0
5.4487075E13	2683.0	51.0
5.4487088E13	2682.0	83.0
5.4487096E13	2682.0	83.0
5.4487104E13	2682.0	83.0
5.4487117E13	2682.0	83.0
5.4487125E13	2684.0	83.0
5.4487134E13	2684.0	83.0
5.4487146E13	2684.0	83.0
5.4487155E13	2684.0	83.0
5.4487167E13	2684.0	83.0
5.4487176E13	2684.0	83.0
5.4487184E13	2684.0	83.0
5.4487197E13	2684.0	83.0
5.4487205E13	2684.0	83.0
5.4487218E13	2684.0	83.0
5.4487226E13	2684.0	83.0
5.4487234E13	2684.0	51.0
5.4487247E13	2684.0	51.0
5.4487255E13	2684.0	83.0
5.4487264E13	2685.0	83.0
5.4487285E13	2685.0	83.0
5.4487276E13	2685.0	83.0
5.4487297E13	2685.0	83.0
5.4487306E13	2685.0	51.0
5.4487314E13	2685.0	83.0
5.4487327E13	2685.0	51.0
5.4487335E13	2685.0	51.0
5.4487348E13	2685.0	51.0
5.4487356E13	2685.0	83.0
5.4487377E13	2685.0	83.0
5.4487364E13	2685.0	83.0
5.4487385E13	2684.0	51.0
5.44874E13	2684.0	84.0
5.4487406E13	2684.0	84.0
5.4487415E13	2684.0	84.0
5.4487427E13	2683.0	83.0
5.4487436E13	2683.0	83.0
5.4487444E13	2683.0	83.0
5.4487457E13	2683.0	84.0
5.4487465E13	2684.0	84.0
5.4487478E13	2684.0	51.0
5.4487486E13	2684.0	51.0
5.4487494E13	2681.0	51.0
5.4487507E13	2681.0	51.0
5.4487515E13	2681.0	51.0
5.448753E13	2681.0	51.0
5.4487536E13	2683.0	51.0
5.4487545E13	2683.0	51.0
5.4487557E13	2683.0	51.0
5.448757E13	2683.0	51.0
5.4487574E13	2682.0	51.0
5.4487587E13	2682.0	51.0
5.4487595E13	2682.0	51.0
5.4487608E13	2682.0	51.0
5.4487616E13	2682.0	51.0
5.4487624E13	2682.0	51.0
5.4487637E13	2682.0	51.0
5.4487645E13	2684.0	83.0
5.448766E13	2684.0	83.0
5.4487666E13	2684.0	83.0
5.4487675E13	2684.0	83.0
5.4487687E13	2682.0	83.0
5.4487696E13	2682.0	83.0
5.4487704E13	2682.0	83.0
5.4487717E13	2682.0	83.0
5.4487725E13	2682.0	83.0
5.4487738E13	2682.0	83.0
5.4487746E13	2682.0	83.0
5.4487754E13	2683.0	83.0
5.4487767E13	2683.0	83.0
5.4487775E13	2683.0	83.0
5.448779E13	2683.0	83.0
5.4487796E13	2684.0	83.0
5.4487805E13	2684.0	83.0
5.4487817E13	2684.0	83.0
5.4487834E13	2682.0	83.0
5.4487826E13	2682.0	83.0
5.4487847E13	2682.0	83.0
5.4487855E13	2682.0	83.0
5.4487868E13	2682.0	83.0
5.4487876E13	2683.0	51.0
5.4487884E13	2683.0	83.0
5.4487897E13	2683.0	83.0
5.4487905E13	2683.0	83.0
5.448792E13	2683.0	83.0
5.4487926E13	2683.0	83.0
5.4487935E13	2683.0	83.0
5.4487947E13	2683.0	83.0
5.4487956E13	2683.0	83.0
5.448797E13	2683.0	83.0
5.4487977E13	2683.0	83.0
5.4487985E13	2683.0	83.0
5.4487998E13	2683.0	83.0
5.4488006E13	2683.0	83.0
5.4488015E13	2683.0	83.0
5.4488027E13	2682.0	51.0
5.4488035E13	2682.0	83.0
5.448805E13	2682.0	83.0
5.4488056E13	2681.0	51.0
5.4488065E13	2681.0	51.0
5.4488077E13	2681.0	51.0
5.4488086E13	2681.0	51.0
5.44881E13	2681.0	51.0
5.4488107E13	2681.0	51.0
5.4488115E13	2681.0	51.0
5.4488128E13	2681.0	51.0
5.4488136E13	2680.0	51.0
5.4488145E13	2680.0	51.0
5.4488157E13	2680.0	51.0
5.4488166E13	2680.0	51.0
5.448818E13	2680.0	51.0
5.4488186E13	2680.0	51.0
5.4488195E13	2680.0	51.0
5.4488207E13	2681.0	51.0
5.4488216E13	2681.0	51.0
5.448823E13	2681.0	51.0
5.4488237E13	2681.0	51.0
5.4488245E13	2682.0	51.0
5.4488258E13	2682.0	83.0
5.4488266E13	2682.0	83.0
5.448828E13	2682.0	83.0
5.4488287E13	2684.0	83.0
5.4488296E13	2684.0	83.0
5.448831E13	2684.0	83.0
5.4488317E13	2684.0	83.0
5.4488325E13	2683.0	83.0
5.4488337E13	2683.0	83.0
5.4488346E13	2682.0	83.0
5.448836E13	2682.0	83.0
5.4488367E13	2682.0	84.0
5.4488375E13	2682.0	84.0
5.4488388E13	2682.0	84.0
5.4488396E13	2679.0	51.0
5.448841E13	2679.0	51.0
5.4488417E13	2679.0	51.0
5.4488426E13	2679.0	51.0
5.448844E13	2682.0	51.0
5.4488447E13	2682.0	83.0
5.4488455E13	2682.0	51.0
5.4488468E13	2682.0	51.0
5.4488476E13	2681.0	51.0
5.448849E13	2681.0	51.0
5.4488497E13	2681.0	51.0
5.4488505E13	2680.0	51.0
5.4488518E13	2680.0	51.0
5.4488526E13	2680.0	51.0
5.448854E13	2680.0	51.0
5.4488547E13	2681.0	84.0
5.4488556E13	2681.0	84.0
5.448857E13	2681.0	83.0
5.4488577E13	2681.0	83.0
5.4488585E13	2683.0	83.0
5.4488598E13	2683.0	83.0
5.4488606E13	2683.0	83.0
5.448862E13	2683.0	83.0
5.4488627E13	2682.0	83.0
5.4488635E13	2682.0	83.0
5.4488648E13	2682.0	83.0
5.4488656E13	2682.0	51.0
5.448867E13	2682.0	83.0
5.4488677E13	2682.0	83.0
5.4488686E13	2682.0	83.0
5.44887E13	2680.0	83.0
5.4488707E13	2680.0	84.0
5.448872E13	2680.0	84.0
5.4488728E13	2680.0	83.0
5.4488736E13	2682.0	83.0
5.448875E13	2682.0	83.0
5.4488757E13	2682.0	83.0
5.4488765E13	2682.0	83.0
5.4488778E13	2682.0	83.0
5.4488786E13	2682.0	83.0
5.44888E13	2682.0	83.0
5.4488807E13	2681.0	83.0
5.4488816E13	2681.0	83.0
5.448883E13	2681.0	84.0
5.4488837E13	2681.0	83.0
5.448885E13	2678.0	83.0
5.4488858E13	2678.0	83.0
5.4488866E13	2678.0	83.0
5.448888E13	2678.0	83.0
5.4488887E13	2680.0	83.0
5.4488895E13	2680.0	83.0
5.448891E13	2680.0	83.0
5.4488916E13	2680.0	83.0
5.448893E13	2683.0	83.0
5.4488937E13	2683.0	84.0
5.4488946E13	2683.0	84.0
5.448896E13	2681.0	84.0
5.4488967E13	2681.0	84.0
5.448898E13	2681.0	83.0
5.4488988E13	2681.0	83.0
5.4488996E13	2682.0	83.0
5.448901E13	2682.0	84.0
5.4489017E13	2682.0	83.0
5.448903E13	2682.0	83.0
5.448904E13	2680.0	83.0
5.4489046E13	2680.0	83.0
5.448906E13	2680.0	83.0
5.4489067E13	2680.0	83.0
5.4489076E13	2680.0	83.0
5.448909E13	2680.0	83.0
5.4489097E13	2680.0	83.0
5.448911E13	2682.0	83.0
5.4489118E13	2682.0	83.0
5.4489126E13	2682.0	83.0
5.448914E13	2682.0	83.0
5.4489147E13	2682.0	83.0
5.448916E13	2682.0	83.0
5.448917E13	2682.0	83.0
5.4489176E13	2682.0	83.0
5.448919E13	2680.0	83.0
5.4489197E13	2680.0	84.0
5.4489206E13	2680.0	84.0
5.448922E13	2680.0	83.0
5.4489227E13	2682.0	83.0
5.448924E13	2682.0	83.0
5.4489248E13	2681.0	84.0
5.4489256E13	2681.0	84.0
5.448927E13	2681.0	84.0
5.4489277E13	2681.0	84.0
5.448929E13	2681.0	84.0
5.44893E13	2681.0	84.0
5.4489306E13	2681.0	84.0
5.448932E13	2681.0	83.0
5.4489327E13	2681.0	83.0
5.448934E13	2681.0	83.0
5.448935E13	2681.0	83.0
5.4489357E13	2681.0	83.0
5.448937E13	2682.0	83.0
5.4489378E13	2682.0	83.0
5.4489386E13	2682.0	83.0
5.44894E13	2682.0	84.0
5.4489407E13	2681.0	84.0
5.448942E13	2681.0	84.0
5.448943E13	2681.0	84.0
5.4489436E13	2681.0	84.0
5.448945E13	2682.0	84.0
5.4489457E13	2682.0	84.0
5.448947E13	2682.0	84.0
5.448948E13	2682.0	83.0
5.4489487E13	2683.0	84.0
5.44895E13	2683.0	84.0
5.4489508E13	2683.0	84.0
5.4489516E13	2683.0	83.0
5.448953E13	2681.0	83.0
5.4489537E13	2681.0	83.0
5.448955E13	2681.0	83.0
5.448956E13	2682.0	83.0
5.4489575E13	2682.0	83.0
5.448958E13	2682.0	83.0
5.4489587E13	2682.0	83.0
5.44896E13	2682.0	83.0
5.448961E13	2682.0	83.0
5.4489617E13	2682.0	83.0
5.448963E13	2682.0	83.0
5.4489638E13	2680.0	83.0
5.4489646E13	2680.0	84.0
5.448966E13	2680.0	84.0
5.4489667E13	2680.0	84.0
5.448968E13	2681.0	84.0
5.448969E13	2681.0	83.0
5.4489696E13	2681.0	83.0
5.448971E13	2680.0	84.0
5.4489717E13	2680.0	84.0
5.448973E13	2680.0	84.0
5.448974E13	2680.0	84.0
5.4489747E13	2679.0	84.0
5.448976E13	2679.0	84.0
5.4489768E13	2679.0	83.0
5.448978E13	2679.0	83.0
5.448979E13	2683.0	83.0
5.4489797E13	2683.0	83.0
5.448981E13	2683.0	84.0
5.448982E13	2683.0	84.0
5.4489826E13	2681.0	84.0
5.448984E13	2681.0	83.0
5.4489847E13	2681.0	83.0
5.448986E13	2679.0	83.0
5.448987E13	2679.0	83.0
5.4489877E13	2679.0	83.0
5.448989E13	2679.0	82.0
5.4489898E13	2681.0	82.0
5.448991E13	2681.0	83.0
5.448992E13	2681.0	83.0
5.4489927E13	2681.0	83.0
5.4489944E13	2681.0	83.0
5.448995E13	2681.0	83.0
5.4489956E13	2681.0	83.0
5.448997E13	2681.0	83.0
5.4489977E13	2678.0	83.0
5.448999E13	2678.0	83.0
5.449E13	2678.0	83.0
5.4490007E13	2680.0	83.0
5.449002E13	2680.0	83.0
5.4490028E13	2680.0	82.0
5.449004E13	2680.0	82.0
5.449005E13	2679.0	82.0
5.4490057E13	2679.0	82.0
5.449007E13	2679.0	82.0
5.449008E13	2679.0	82.0
5.449009E13	2679.0	82.0
5.44901E13	2679.0	82.0
5.4490107E13	2679.0	82.0
5.449012E13	2679.0	82.0
5.449013E13	2680.0	82.0
5.4490137E13	2680.0	82.0
5.449015E13	2680.0	82.0
5.4490158E13	2677.0	82.0
5.449017E13	2677.0	82.0
5.449018E13	2677.0	82.0
5.4490187E13	2677.0	82.0
5.44902E13	2679.0	82.0
5.449021E13	2679.0	81.0
5.449022E13	2679.0	81.0
5.449023E13	2679.0	81.0
5.4490238E13	2682.0	81.0
5.449025E13	2682.0	81.0
5.449026E13	2682.0	81.0
5.4490267E13	2679.0	82.0
5.449028E13	2679.0	82.0
5.4490288E13	2679.0	82.0
5.44903E13	2679.0	82.0
5.449031E13	2682.0	82.0
5.4490317E13	2682.0	82.0
5.449033E13	2682.0	82.0
5.449034E13	2684.0	82.0
5.449035E13	2684.0	82.0
5.449036E13	2684.0	82.0
5.4490368E13	2684.0	82.0
5.449038E13	2681.0	82.0
5.449039E13	2681.0	82.0
5.4490397E13	2681.0	82.0
5.449041E13	2681.0	82.0
5.4490418E13	2684.0	82.0
5.449043E13	2684.0	82.0
5.449044E13	2684.0	82.0
5.4490447E13	2683.0	82.0
5.449046E13	2683.0	82.0
5.449047E13	2683.0	82.0
5.449048E13	2683.0	82.0
5.449049E13	2683.0	82.0
5.4490498E13	2683.0	82.0
5.449051E13	2683.0	83.0
5.449052E13	2683.0	83.0
5.4490527E13	2684.0	82.0
5.449054E13	2684.0	82.0
5.4490548E13	2684.0	82.0
5.449056E13	2684.0	82.0
5.449057E13	2684.0	82.0
5.4490577E13	2684.0	82.0
5.449059E13	2684.0	82.0
5.44906E13	2684.0	82.0
5.449061E13	2684.0	82.0
5.449062E13	2684.0	82.0
5.4490628E13	2684.0	82.0
5.449064E13	2684.0	82.0
5.449065E13	2683.0	82.0
5.449066E13	2683.0	82.0
5.449067E13	2683.0	82.0
5.449068E13	2683.0	82.0
5.4490695E13	2682.0	82.0
5.44907E13	2682.0	82.0
5.4490707E13	2682.0	83.0
5.449072E13	2682.0	83.0
5.449073E13	2681.0	83.0
5.449074E13	2681.0	82.0
5.449075E13	2681.0	82.0
5.4490758E13	2679.0	82.0
5.449077E13	2679.0	83.0
5.449078E13	2679.0	83.0
5.449079E13	2679.0	83.0
5.44908E13	2676.0	83.0
5.449081E13	2676.0	83.0
5.449082E13	2676.0	83.0
5.449083E13	2676.0	83.0
5.449084E13	2675.0	51.0
5.449085E13	2675.0	83.0
5.449086E13	2675.0	83.0
5.449087E13	2675.0	83.0
5.449088E13	2672.0	83.0
5.4490888E13	2672.0	82.0
5.44909E13	2672.0	82.0
5.449091E13	2671.0	83.0
5.449092E13	2671.0	83.0
5.449093E13	2671.0	83.0
5.449094E13	2671.0	83.0
5.449095E13	2669.0	83.0
5.449096E13	2669.0	83.0
5.4490967E13	2669.0	83.0
5.449098E13	2669.0	83.0
5.449099E13	2667.0	83.0
5.4491E13	2667.0	83.0
5.449101E13	2665.0	83.0
5.4491018E13	2665.0	83.0
5.449103E13	2665.0	83.0
5.449104E13	2665.0	83.0
5.449105E13	2666.0	83.0
5.449106E13	2666.0	83.0
5.449107E13	2666.0	83.0
5.449108E13	2666.0	83.0
5.449109E13	2666.0	83.0
5.44911E13	2664.0	83.0
5.449111E13	2664.0	83.0
5.449112E13	2664.0	83.0
5.449113E13	2664.0	83.0
5.449114E13	2661.0	83.0
5.4491148E13	2661.0	83.0
5.449116E13	2661.0	82.0
5.449117E13	2658.0	82.0
5.449118E13	2658.0	83.0
5.449119E13	2658.0	83.0
5.44912E13	2658.0	83.0
5.449121E13	2651.0	83.0
5.449122E13	2651.0	83.0
5.449123E13	2651.0	83.0
5.449124E13	2651.0	83.0
5.449125E13	2649.0	83.0
5.449126E13	2649.0	83.0
5.449127E13	2649.0	83.0
5.4491278E13	2645.0	83.0
5.449129E13	2645.0	83.0
5.44913E13	2645.0	83.0
5.449131E13	2642.0	83.0
5.449132E13	2642.0	83.0
5.449133E13	2642.0	83.0
5.449135E13	2636.0	82.0
5.449136E13	2636.0	82.0
5.449137E13	2636.0	82.0
5.4491383E13	2636.0	82.0
5.449139E13	2636.0	82.0
5.44914E13	2632.0	82.0
5.4491408E13	2632.0	82.0
5.449142E13	2632.0	83.0
5.449143E13	2632.0	83.0
5.449144E13	2629.0	83.0
5.449145E13	2629.0	83.0
5.449146E13	2625.0	83.0
5.449147E13	2625.0	83.0
5.449148E13	2625.0	83.0
5.449149E13	2625.0	83.0
5.44915E13	2625.0	83.0
5.449151E13	2625.0	83.0
5.449152E13	2625.0	83.0
5.449153E13	2625.0	83.0
5.4491538E13	2625.0	83.0
5.449155E13	2622.0	83.0
5.449156E13	2622.0	83.0
5.449157E13	2622.0	83.0
5.449158E13	2622.0	83.0
5.449159E13	2626.0	83.0
5.44916E13	2626.0	83.0
5.449161E13	2626.0	83.0
5.449162E13	2625.0	83.0
5.449163E13	2625.0	83.0
5.449164E13	2625.0	83.0
5.449165E13	2625.0	83.0
5.449166E13	2624.0	83.0
5.449167E13	2624.0	83.0
5.449168E13	2624.0	83.0
5.44917E13	2617.0	83.0
5.449171E13	2617.0	83.0
5.449172E13	2617.0	83.0
5.449173E13	2617.0	83.0
5.449174E13	2614.0	83.0
5.449175E13	2614.0	83.0
5.4491764E13	2614.0	83.0
5.449177E13	2610.0	83.0
5.449178E13	2610.0	83.0
5.449179E13	2610.0	83.0
5.44918E13	2610.0	83.0
5.449181E13	2609.0	83.0
5.449182E13	2609.0	83.0
5.449183E13	2609.0	83.0
5.449184E13	2609.0	83.0
5.449185E13	2607.0	83.0
5.449186E13	2607.0	84.0
5.449187E13	2607.0	83.0
5.449188E13	2607.0	83.0
5.449189E13	2602.0	83.0
5.44919E13	2602.0	83.0
5.449191E13	2602.0	83.0
5.449192E13	2602.0	83.0
5.449193E13	2602.0	83.0
5.449194E13	2602.0	83.0
5.449195E13	2602.0	83.0
5.449196E13	2601.0	83.0
5.449197E13	2601.0	83.0
5.4491982E13	2601.0	83.0
5.449199E13	2601.0	84.0
5.4492E13	2602.0	83.0
5.449201E13	2602.0	83.0
5.449202E13	2602.0	83.0
5.4492037E13	2605.0	83.0
5.449204E13	2605.0	83.0
5.449205E13	2605.0	83.0
5.449206E13	2605.0	83.0
5.449207E13	2608.0	83.0
5.449208E13	2608.0	83.0
5.449209E13	2608.0	83.0
5.44921E13	2608.0	83.0
5.4492112E13	2611.0	83.0
5.449212E13	2611.0	83.0
5.449213E13	2611.0	83.0
5.449214E13	2611.0	83.0
5.449215E13	2612.0	84.0
5.449216E13	2612.0	84.0
5.449217E13	2612.0	83.0
5.449218E13	2612.0	83.0
5.449219E13	2615.0	83.0
5.44922E13	2615.0	83.0
5.449221E13	2615.0	83.0
5.449222E13	2612.0	83.0
5.449223E13	2612.0	83.0
5.4492242E13	2612.0	83.0
5.449225E13	2612.0	83.0
5.449226E13	2607.0	83.0
5.449227E13	2607.0	83.0
5.449228E13	2607.0	83.0
5.449229E13	2607.0	83.0
5.44923E13	2604.0	83.0
5.449231E13	2604.0	83.0
5.449232E13	2604.0	83.0
5.449233E13	2603.0	83.0
5.449234E13	2603.0	83.0
5.449235E13	2603.0	83.0
5.449236E13	2603.0	83.0
5.4492372E13	2603.0	83.0
5.449238E13	2603.0	83.0
5.449239E13	2603.0	83.0
5.44924E13	2603.0	83.0
5.449241E13	2602.0	83.0
5.4492423E13	2602.0	83.0
5.449243E13	2602.0	83.0
5.449244E13	2602.0	83.0
5.449245E13	2603.0	83.0
5.449246E13	2603.0	83.0
5.449247E13	2603.0	83.0
5.449248E13	2603.0	83.0
5.449249E13	2606.0	83.0
5.4492502E13	2606.0	83.0
5.449251E13	2606.0	83.0
5.449252E13	2611.0	83.0
5.449253E13	2611.0	83.0
5.449254E13	2611.0	83.0
5.4492553E13	2611.0	83.0
5.449256E13	2613.0	83.0
5.449257E13	2613.0	83.0
5.4492582E13	2613.0	83.0
5.449259E13	2613.0	83.0
5.4492603E13	2614.0	83.0
5.449261E13	2614.0	83.0
5.449262E13	2614.0	83.0
5.4492632E13	2614.0	83.0
5.449264E13	2619.0	83.0
5.449265E13	2619.0	83.0
5.449266E13	2619.0	83.0
5.449267E13	2617.0	83.0
5.4492683E13	2617.0	83.0
5.449269E13	2617.0	83.0
5.44927E13	2617.0	83.0
5.4492712E13	2618.0	83.0
5.449272E13	2618.0	83.0
5.4492733E13	2618.0	83.0
5.449274E13	2618.0	83.0
5.449275E13	2616.0	83.0
5.4492762E13	2616.0	83.0
5.449277E13	2616.0	83.0
5.449278E13	2616.0	83.0
5.449279E13	2619.0	83.0
5.44928E13	2619.0	83.0
5.4492813E13	2619.0	83.0
5.449282E13	2619.0	83.0
5.449283E13	2619.0	83.0
5.4492842E13	2619.0	83.0
5.449285E13	2621.0	83.0
5.4492863E13	2621.0	83.0
5.449287E13	2621.0	83.0
5.449288E13	2621.0	83.0
5.4492892E13	2621.0	83.0
5.44929E13	2623.0	83.0
5.449291E13	2623.0	83.0
5.449292E13	2623.0	83.0
5.449293E13	2623.0	83.0
5.4492943E13	2624.0	83.0
5.449295E13	2624.0	83.0
5.449296E13	2624.0	83.0
5.4492972E13	2627.0	82.0
5.449298E13	2627.0	83.0
5.4492993E13	2627.0	83.0
5.4493E13	2627.0	83.0
5.449301E13	2627.0	83.0
5.4493023E13	2627.0	83.0
5.449303E13	2627.0	83.0
5.4493043E13	2627.0	83.0
5.449305E13	2626.0	83.0
5.449306E13	2626.0	83.0
5.4493073E13	2626.0	83.0
5.449308E13	2626.0	83.0
5.449309E13	2630.0	83.0
5.4493102E13	2630.0	83.0
5.449311E13	2630.0	83.0
5.4493123E13	2631.0	83.0
5.449313E13	2631.0	83.0
5.449314E13	2631.0	83.0
5.4493153E13	2631.0	83.0
5.449316E13	2636.0	83.0
5.4493174E13	2636.0	82.0
5.449318E13	2636.0	83.0
5.449319E13	2636.0	83.0
5.4493203E13	2636.0	83.0
5.449321E13	2636.0	83.0
5.449322E13	2636.0	83.0
5.4493232E13	2635.0	83.0
5.449324E13	2635.0	83.0
5.4493253E13	2635.0	83.0
5.449326E13	2635.0	83.0
5.449327E13	2634.0	83.0
5.4493283E13	2634.0	83.0
5.449329E13	2634.0	83.0
5.4493304E13	2634.0	83.0
5.449331E13	2634.0	83.0
5.449332E13	2634.0	83.0
5.4493333E13	2634.0	83.0
5.449334E13	2637.0	83.0
5.4493354E13	2637.0	83.0
5.4493362E13	2637.0	83.0
5.449337E13	2637.0	83.0
5.4493383E13	2637.0	83.0
5.449339E13	2637.0	83.0
5.44934E13	2637.0	83.0
5.4493413E13	2637.0	83.0
5.449342E13	2639.0	83.0
5.4493434E13	2639.0	83.0
5.449344E13	2639.0	83.0
5.449345E13	2639.0	83.0
5.4493463E13	2642.0	83.0
5.449347E13	2642.0	83.0
5.4493484E13	2642.0	82.0
5.4493492E13	2642.0	82.0
5.44935E13	2644.0	82.0
5.4493513E13	2644.0	82.0
5.449352E13	2644.0	83.0
5.449353E13	2644.0	83.0
5.4493543E13	2643.0	83.0
5.449355E13	2643.0	83.0
5.4493564E13	2643.0	83.0
5.449357E13	2644.0	83.0
5.449358E13	2644.0	83.0
5.4493593E13	2644.0	83.0
5.44936E13	2644.0	83.0
5.4493614E13	2644.0	83.0
5.4493622E13	2644.0	83.0
5.449363E13	2644.0	82.0
5.4493643E13	2644.0	82.0
5.449365E13	2645.0	82.0
5.449366E13	2645.0	82.0
5.4493673E13	2645.0	82.0
5.449368E13	2645.0	83.0
5.4493694E13	2644.0	83.0
5.44937E13	2644.0	83.0
5.449371E13	2644.0	83.0
5.4493723E13	2644.0	83.0
5.449373E13	2644.0	82.0
5.4493744E13	2644.0	82.0
5.4493752E13	2644.0	82.0
5.4493765E13	2644.0	82.0
5.4493773E13	2644.0	82.0
5.4493786E13	2644.0	83.0
5.4493794E13	2644.0	83.0
5.4493803E13	2642.0	83.0
5.449381E13	2642.0	83.0
5.4493824E13	2642.0	83.0
5.449383E13	2642.0	83.0
5.449384E13	2642.0	82.0
5.4493853E13	2642.0	82.0
5.449386E13	2642.0	82.0
5.4493874E13	2643.0	83.0
5.4493882E13	2643.0	83.0
5.449389E13	2643.0	83.0
5.4493903E13	2643.0	82.0
5.449391E13	2645.0	82.0
5.4493924E13	2645.0	82.0
5.4493933E13	2645.0	83.0
5.449394E13	2645.0	83.0
5.4493954E13	2647.0	83.0
5.449396E13	2647.0	83.0
5.449397E13	2647.0	83.0
5.4493983E13	2647.0	83.0
5.449399E13	2648.0	83.0
5.4494004E13	2648.0	83.0
5.4494012E13	2648.0	83.0
5.449402E13	2650.0	83.0
5.4494033E13	2650.0	83.0
5.449404E13	2650.0	83.0
5.4494054E13	2650.0	82.0
5.4494063E13	2651.0	82.0
5.449407E13	2651.0	82.0
5.4494084E13	2651.0	82.0
5.449409E13	2651.0	82.0
5.44941E13	2654.0	82.0
5.4494113E13	2654.0	82.0
5.449412E13	2654.0	82.0
5.4494134E13	2656.0	82.0
5.4494142E13	2656.0	82.0
5.449415E13	2656.0	82.0
5.4494163E13	2656.0	83.0
5.449417E13	2659.0	83.0
5.4494184E13	2659.0	82.0
5.4494193E13	2659.0	82.0
5.44942E13	2659.0	82.0
5.4494214E13	2658.0	82.0
5.449422E13	2658.0	82.0
5.4494235E13	2658.0	83.0
5.4494243E13	2658.0	83.0
5.449425E13	2657.0	83.0
5.4494264E13	2657.0	83.0
5.4494272E13	2660.0	83.0
5.449428E13	2660.0	83.0
5.4494293E13	2660.0	82.0
5.44943E13	2660.0	82.0
5.4494314E13	2657.0	82.0
5.4494323E13	2657.0	82.0
5.449433E13	2657.0	83.0
5.4494344E13	2657.0	83.0
5.4494352E13	2662.0	83.0
5.4494365E13	2662.0	83.0
5.4494373E13	2662.0	57.0
5.449438E13	2662.0	83.0
5.4494394E13	2661.0	83.0
5.4494402E13	2661.0	83.0
5.449441E13	2661.0	83.0
5.4494423E13	2661.0	83.0
5.449443E13	2663.0	83.0
5.4494444E13	2663.0	83.0
5.4494453E13	2663.0	83.0
5.449446E13	2663.0	83.0
5.4494474E13	2665.0	83.0
5.4494482E13	2665.0	83.0
5.4494495E13	2665.0	83.0
5.4494503E13	2665.0	83.0
5.449451E13	2664.0	83.0
5.4494524E13	2664.0	83.0
5.4494532E13	2664.0	83.0
5.449454E13	2664.0	83.0
5.4494553E13	2664.0	83.0
5.449456E13	2664.0	83.0
5.4494574E13	2664.0	83.0
5.4494583E13	2664.0	83.0
5.449459E13	2664.0	83.0
5.4494604E13	2664.0	83.0
5.4494612E13	2664.0	83.0
5.4494625E13	2663.0	83.0
5.4494633E13	2663.0	83.0
5.449464E13	2663.0	83.0
5.4494654E13	2663.0	83.0
5.4494662E13	2662.0	83.0
5.449467E13	2662.0	83.0
5.4494683E13	2662.0	83.0
5.449469E13	2662.0	82.0
5.4494704E13	2660.0	82.0
5.4494713E13	2660.0	82.0
5.449472E13	2660.0	82.0
5.4494734E13	2661.0	83.0
5.4494742E13	2661.0	83.0
5.4494755E13	2661.0	83.0
5.4494763E13	2661.0	83.0
5.449477E13	2659.0	83.0
5.4494784E13	2659.0	83.0
5.4494793E13	2659.0	83.0
5.4494805E13	2659.0	83.0
5.4494813E13	2660.0	83.0
5.449482E13	2660.0	83.0
5.4494834E13	2660.0	83.0
5.4494843E13	2660.0	83.0
5.449485E13	2660.0	83.0
5.4494864E13	2660.0	83.0
5.4494872E13	2660.0	83.0
5.4494885E13	2660.0	83.0
5.4494893E13	2660.0	83.0
5.44949E13	2660.0	83.0
5.4494914E13	2660.0	83.0
5.4494923E13	2660.0	83.0
5.4494935E13	2660.0	83.0
5.4494944E13	2660.0	83.0
5.449495E13	2660.0	83.0
5.4494964E13	2662.0	83.0
5.4494973E13	2662.0	83.0
5.4494985E13	2662.0	83.0
5.4494994E13	2662.0	83.0
5.4495002E13	2662.0	83.0
5.4495015E13	2662.0	83.0
5.4495023E13	2662.0	83.0
5.449503E13	2661.0	83.0
5.4495044E13	2661.0	83.0
5.4495065E13	2661.0	83.0
5.4495074E13	2662.0	83.0
5.4495086E13	2662.0	83.0
5.4495095E13	2662.0	83.0
5.4495103E13	2662.0	83.0
5.4495115E13	2660.0	83.0
5.4495124E13	2660.0	83.0
5.4495132E13	2660.0	83.0
5.4495145E13	2660.0	83.0
5.4495153E13	2661.0	83.0
5.4495166E13	2661.0	83.0
5.4495174E13	2661.0	83.0
5.4495183E13	2664.0	83.0
5.4495195E13	2664.0	83.0
5.4495204E13	2664.0	83.0
5.449521E13	2664.0	83.0
5.4495225E13	2665.0	83.0
5.4495233E13	2665.0	83.0
5.4495246E13	2665.0	83.0
5.4495254E13	2665.0	83.0
5.4495262E13	2662.0	83.0
5.4495275E13	2662.0	83.0
5.4495283E13	2662.0	83.0
5.449529E13	2663.0	83.0
5.4495304E13	2663.0	83.0
5.4495313E13	2663.0	83.0
5.4495325E13	2663.0	83.0
5.4495334E13	2664.0	83.0
5.449534E13	2664.0	83.0
5.4495355E13	2664.0	83.0
5.4495363E13	2664.0	83.0
5.4495376E13	2662.0	83.0
5.4495384E13	2662.0	83.0
5.4495392E13	2662.0	83.0
5.4495405E13	2665.0	83.0
5.4495413E13	2665.0	83.0
5.4495426E13	2665.0	83.0
5.4495434E13	2665.0	83.0
5.4495443E13	2665.0	83.0
5.4495455E13	2666.0	83.0
5.4495464E13	2666.0	83.0
5.449547E13	2666.0	83.0
5.4495485E13	2669.0	83.0
5.4495493E13	2669.0	83.0
5.4495506E13	2669.0	83.0
5.4495514E13	2669.0	83.0
5.4495522E13	2665.0	83.0
5.4495535E13	2665.0	83.0
5.4495543E13	2665.0	83.0
5.4495556E13	2665.0	83.0
5.4495564E13	2664.0	83.0
5.4495573E13	2664.0	83.0
5.4495585E13	2664.0	83.0
5.4495594E13	2664.0	83.0
5.44956E13	2663.0	83.0
5.4495615E13	2663.0	83.0
5.4495623E13	2663.0	83.0
5.4495636E13	2663.0	83.0
5.4495644E13	2663.0	83.0
5.4495652E13	2663.0	83.0
5.4495665E13	2663.0	83.0
5.4495673E13	2661.0	83.0
5.4495686E13	2661.0	83.0
5.4495694E13	2661.0	83.0
5.449573E13	2662.0	83.0
5.4495745E13	2662.0	83.0
5.4495753E13	2661.0	83.0
5.4495766E13	2661.0	83.0
5.4495774E13	2661.0	83.0
5.4495782E13	2662.0	83.0
5.4495795E13	2662.0	83.0
5.4495803E13	2662.0	83.0
5.4495816E13	2662.0	83.0
5.4495824E13	2663.0	83.0
5.4495833E13	2663.0	83.0
5.4495845E13	2663.0	83.0
5.4495854E13	2661.0	83.0
5.4495866E13	2661.0	83.0
5.4495875E13	2661.0	83.0
5.4495883E13	2661.0	83.0
5.4495896E13	2661.0	83.0
5.4495904E13	2661.0	83.0
5.4495912E13	2661.0	83.0
5.4495925E13	2662.0	83.0
5.4495933E13	2662.0	83.0
5.4495946E13	2662.0	83.0
5.4495954E13	2662.0	83.0
5.4495963E13	2662.0	83.0
5.4495975E13	2662.0	83.0
5.4495984E13	2662.0	82.0
5.4495996E13	2662.0	83.0
5.4496005E13	2664.0	83.0
5.4496013E13	2664.0	83.0
5.4496026E13	2664.0	83.0
5.4496034E13	2664.0	83.0
5.4496042E13	2661.0	83.0
5.4496055E13	2661.0	83.0
5.4496063E13	2661.0	83.0
5.4496076E13	2663.0	83.0
5.4496084E13	2663.0	83.0
5.4496093E13	2663.0	83.0
5.4496105E13	2663.0	83.0
5.4496114E13	2662.0	83.0
5.4496126E13	2662.0	83.0
5.4496135E13	2662.0	83.0
5.4496143E13	2662.0	83.0
5.4496156E13	2666.0	83.0
5.4496164E13	2666.0	83.0
5.4496172E13	2666.0	83.0
5.4496185E13	2666.0	83.0
5.4496193E13	2664.0	83.0
5.4496206E13	2664.0	83.0
5.4496214E13	2664.0	83.0
5.4496223E13	2667.0	83.0
5.4496235E13	2667.0	57.0
5.4496244E13	2667.0	83.0
5.4496256E13	2667.0	83.0
5.4496265E13	2664.0	83.0
5.4496273E13	2664.0	83.0
5.4496286E13	2664.0	83.0
5.4496294E13	2664.0	83.0
5.4496307E13	2667.0	83.0
5.4496315E13	2667.0	83.0
5.4496323E13	2667.0	83.0
5.4496336E13	2667.0	83.0
5.4496344E13	2665.0	82.0
5.4496353E13	2665.0	82.0
5.4496365E13	2665.0	83.0
5.4496374E13	2666.0	83.0
5.4496386E13	2666.0	83.0
5.4496395E13	2666.0	83.0
5.4496403E13	2666.0	57.0
5.4496416E13	2667.0	83.0
5.4496424E13	2667.0	83.0
5.4496437E13	2667.0	82.0
5.4496445E13	2667.0	83.0
5.4496453E13	2668.0	82.0
5.4496466E13	2668.0	82.0
5.4496474E13	2668.0	83.0
5.4496483E13	2668.0	83.0
5.4496495E13	2666.0	83.0
5.4496504E13	2666.0	83.0
5.4496516E13	2666.0	83.0
5.4496525E13	2667.0	83.0
5.4496533E13	2667.0	83.0
5.4496546E13	2667.0	83.0
5.4496554E13	2667.0	83.0
5.4496567E13	2665.0	83.0
5.4496575E13	2665.0	83.0
5.4496583E13	2665.0	83.0
5.4496596E13	2665.0	83.0
5.4496604E13	2665.0	83.0
5.4496613E13	2665.0	83.0
5.4496625E13	2665.0	83.0
5.4496634E13	2665.0	83.0
5.4496646E13	2665.0	83.0
5.4496655E13	2668.0	83.0
5.4496663E13	2668.0	83.0
5.4496676E13	2668.0	83.0
5.4496684E13	2667.0	83.0
5.4496697E13	2667.0	83.0
5.4496705E13	2667.0	83.0
5.4496714E13	2667.0	83.0
5.4496726E13	2664.0	83.0
5.4496734E13	2664.0	83.0
5.4496743E13	2664.0	83.0
5.4496755E13	2664.0	83.0
5.4496764E13	2667.0	83.0
5.4496776E13	2667.0	83.0
5.4496785E13	2667.0	83.0
5.4496793E13	2667.0	83.0
5.4496806E13	2665.0	83.0
5.4496814E13	2665.0	83.0
5.4496827E13	2665.0	83.0
5.4496835E13	2666.0	83.0
5.4496844E13	2666.0	83.0
5.4496856E13	2666.0	83.0
5.4496865E13	2666.0	83.0
5.4496873E13	2667.0	83.0
5.4496885E13	2667.0	83.0
5.4496894E13	2667.0	83.0
5.4496906E13	2667.0	83.0
5.4496915E13	2668.0	83.0
5.4496923E13	2668.0	83.0
5.4496936E13	2668.0	83.0
5.4496944E13	2668.0	83.0
5.4496957E13	2669.0	83.0
5.4496965E13	2669.0	83.0
5.4496974E13	2669.0	83.0
5.4496986E13	2669.0	83.0
5.4496995E13	2669.0	83.0
5.4497007E13	2669.0	83.0
5.4497015E13	2669.0	83.0
5.4497024E13	2668.0	83.0
5.4497036E13	2668.0	83.0
5.4497053E13	2668.0	83.0
5.4497066E13	2670.0	83.0
5.4497074E13	2670.0	83.0
5.4497087E13	2670.0	83.0
5.4497095E13	2670.0	83.0
5.4497104E13	2669.0	83.0
5.4497116E13	2669.0	83.0
5.4497125E13	2669.0	83.0
5.4497137E13	2668.0	83.0
5.4497146E13	2668.0	83.0
5.4497154E13	2668.0	83.0
5.4497166E13	2668.0	83.0
5.4497175E13	2669.0	83.0
5.4497183E13	2669.0	83.0
5.4497196E13	2669.0	83.0
5.4497204E13	2669.0	83.0
5.4497217E13	2672.0	83.0
5.4497225E13	2672.0	83.0
5.4497234E13	2672.0	83.0
5.4497246E13	2672.0	83.0
5.4497255E13	2672.0	83.0
5.4497267E13	2672.0	83.0
5.4497276E13	2672.0	83.0
5.4497284E13	2670.0	83.0
5.4497297E13	2670.0	83.0
5.4497305E13	2670.0	83.0
5.4497317E13	2671.0	83.0
5.4497326E13	2671.0	83.0
5.4497334E13	2671.0	83.0
5.4497347E13	2671.0	83.0
5.4497355E13	2670.0	83.0
5.4497364E13	2670.0	83.0
5.4497376E13	2670.0	83.0
5.4497385E13	2670.0	83.0
5.4497397E13	2670.0	83.0
5.4497406E13	2672.0	83.0
5.4497414E13	2672.0	83.0
5.4497427E13	2672.0	84.0
5.4497435E13	2670.0	84.0
5.4497448E13	2670.0	83.0
5.4497456E13	2670.0	83.0
5.4497464E13	2670.0	83.0
5.4497477E13	2669.0	83.0
5.4497485E13	2669.0	83.0
5.4497494E13	2669.0	83.0
5.4497506E13	2669.0	83.0
5.4497515E13	2671.0	83.0
5.4497527E13	2671.0	83.0
5.4497536E13	2671.0	83.0
5.4497544E13	2669.0	83.0
5.4497557E13	2669.0	83.0
5.4497565E13	2669.0	83.0
5.4497578E13	2669.0	84.0
5.4497586E13	2670.0	84.0
5.4497594E13	2670.0	84.0
5.4497607E13	2670.0	83.0
5.4497615E13	2670.0	83.0
5.4497628E13	2669.0	83.0
5.4497636E13	2669.0	83.0
5.4497645E13	2669.0	83.0
5.4497657E13	2669.0	83.0
5.4497666E13	2669.0	83.0
5.4497674E13	2669.0	83.0
5.4497687E13	2669.0	83.0
5.4497695E13	2671.0	83.0
5.4497708E13	2671.0	83.0
5.4497716E13	2671.0	83.0
5.4497724E13	2671.0	83.0
5.4497737E13	2671.0	83.0
5.4497745E13	2671.0	83.0
5.4497758E13	2671.0	83.0
5.449777E13	2672.0	83.0
5.4497775E13	2672.0	83.0
5.4497787E13	2672.0	83.0
5.4497796E13	2672.0	83.0
5.4497804E13	2672.0	83.0
5.4497817E13	2672.0	83.0
5.4497825E13	2672.0	84.0
5.4497838E13	2672.0	83.0
5.4497846E13	2672.0	83.0
5.4497854E13	2672.0	83.0
5.4497867E13	2672.0	83.0
5.4497875E13	2672.0	83.0
5.449789E13	2672.0	83.0
5.4497896E13	2672.0	83.0
5.4497905E13	2672.0	83.0
5.4497917E13	2672.0	83.0
5.4497926E13	2674.0	83.0
5.449794E13	2674.0	83.0
5.4497947E13	2674.0	83.0
5.4497955E13	2674.0	83.0
5.4497968E13	2672.0	83.0
5.4497976E13	2672.0	83.0
5.4497984E13	2672.0	83.0
5.4497997E13	2672.0	83.0
5.4498005E13	2672.0	83.0
5.449802E13	2672.0	83.0
5.4498026E13	2672.0	83.0
5.4498035E13	2673.0	83.0
5.4498047E13	2673.0	83.0
5.4498056E13	2673.0	83.0
5.449807E13	2673.0	83.0
5.4498077E13	2676.0	83.0
5.4498085E13	2676.0	83.0
5.4498098E13	2676.0	83.0
5.449811E13	2676.0	83.0
5.4498114E13	2675.0	83.0
5.4498127E13	2675.0	83.0
5.449814E13	2674.0	83.0
5.449815E13	2674.0	83.0
5.4498156E13	2674.0	84.0
5.4498165E13	2674.0	84.0
5.4498177E13	2674.0	83.0
5.4498186E13	2674.0	83.0
5.44982E13	2674.0	83.0
5.4498207E13	2674.0	83.0
5.4498215E13	2674.0	83.0
5.4498228E13	2674.0	83.0
5.4498236E13	2674.0	83.0
5.4498244E13	2674.0	83.0
5.4498257E13	2674.0	83.0
5.4498265E13	2676.0	83.0
5.449828E13	2676.0	84.0
5.4498286E13	2674.0	84.0
5.4498295E13	2674.0	84.0
5.4498307E13	2674.0	84.0
5.4498316E13	2674.0	84.0
5.449833E13	2673.0	84.0
5.4498337E13	2673.0	84.0
5.4498345E13	2673.0	83.0
5.4498358E13	2673.0	83.0
5.4498366E13	2673.0	83.0
5.449838E13	2673.0	83.0
5.4498387E13	2673.0	83.0
5.4498395E13	2673.0	83.0
5.449841E13	2673.0	83.0
5.4498416E13	2673.0	83.0
5.4498425E13	2673.0	83.0
5.4498437E13	2673.0	83.0
5.4498446E13	2673.0	83.0
5.449846E13	2673.0	83.0
5.4498467E13	2673.0	83.0
5.4498475E13	2673.0	83.0
5.4498488E13	2674.0	83.0
5.4498496E13	2674.0	83.0
5.4498504E13	2674.0	83.0
5.4498517E13	2674.0	83.0
5.4498525E13	2674.0	83.0
5.449854E13	2674.0	83.0
5.4498546E13	2674.0	83.0
5.4498555E13	2674.0	83.0
5.4498567E13	2675.0	83.0
5.4498576E13	2675.0	83.0
5.449859E13	2675.0	83.0
5.4498597E13	2672.0	83.0
5.4498605E13	2672.0	83.0
5.4498618E13	2672.0	83.0
5.4498626E13	2672.0	83.0
5.449864E13	2675.0	83.0
5.4498647E13	2675.0	83.0
5.4498655E13	2675.0	83.0
5.449867E13	2675.0	83.0
5.4498676E13	2673.0	83.0
5.4498685E13	2673.0	83.0
5.4498697E13	2673.0	83.0
5.4498706E13	2673.0	83.0
5.449872E13	2672.0	83.0
5.4498727E13	2672.0	83.0
5.4498735E13	2672.0	83.0
5.4498748E13	2673.0	83.0
5.4498756E13	2673.0	83.0
5.449877E13	2673.0	83.0
5.4498777E13	2673.0	84.0
5.4498785E13	2671.0	84.0
5.44988E13	2671.0	84.0
5.4498806E13	2671.0	84.0
5.4498815E13	2671.0	84.0
5.4498827E13	2670.0	83.0
5.4498836E13	2670.0	83.0
5.449885E13	2670.0	83.0
5.4498857E13	2670.0	83.0
5.4498865E13	2670.0	83.0
5.4498878E13	2670.0	82.0
5.4498886E13	2670.0	82.0
5.44989E13	2672.0	83.0
5.4498907E13	2672.0	83.0
5.4498916E13	2672.0	83.0
5.449893E13	2672.0	83.0
5.4498936E13	2672.0	83.0
5.449895E13	2672.0	83.0
5.4498957E13	2672.0	83.0
5.4498966E13	2672.0	83.0
5.449898E13	2673.0	83.0
5.4498987E13	2673.0	83.0
5.4498995E13	2673.0	83.0
5.4499008E13	2673.0	83.0
5.4499016E13	2670.0	83.0
5.449903E13	2670.0	83.0
5.4499037E13	2670.0	83.0
5.4499046E13	2674.0	83.0
5.449906E13	2674.0	83.0
5.4499067E13	2674.0	83.0
5.449908E13	2674.0	82.0
5.4499087E13	2671.0	82.0
5.4499096E13	2671.0	82.0
5.449911E13	2671.0	82.0
5.4499117E13	2671.0	82.0
5.449913E13	2671.0	83.0
5.4499138E13	2671.0	83.0
5.4499146E13	2671.0	83.0
5.449916E13	2671.0	83.0
5.4499167E13	2673.0	83.0
5.4499176E13	2673.0	83.0
5.449919E13	2673.0	83.0
5.4499197E13	2675.0	83.0
5.449921E13	2675.0	83.0
5.4499218E13	2675.0	83.0
5.4499226E13	2675.0	83.0
5.449924E13	2675.0	83.0
5.4499247E13	2675.0	83.0
5.449926E13	2675.0	83.0
5.4499268E13	2675.0	83.0
5.4499276E13	2673.0	83.0
5.449929E13	2673.0	83.0
5.4499297E13	2673.0	83.0
5.449931E13	2675.0	83.0
5.449932E13	2675.0	83.0
5.4499327E13	2675.0	83.0
5.449934E13	2675.0	83.0
5.4499348E13	2671.0	83.0
5.4499356E13	2671.0	83.0
5.449937E13	2671.0	83.0
5.4499377E13	2671.0	83.0
5.449939E13	2671.0	83.0
5.4499398E13	2671.0	83.0
5.4499406E13	2671.0	83.0
5.449942E13	2672.0	83.0
5.4499427E13	2672.0	83.0
5.449944E13	2672.0	83.0
5.449945E13	2672.0	83.0
5.4499457E13	2672.0	83.0
5.449947E13	2672.0	83.0
5.4499478E13	2672.0	83.0
5.4499486E13	2672.0	83.0
5.44995E13	2672.0	83.0
5.4499507E13	2672.0	83.0
5.449952E13	2672.0	83.0
5.4499528E13	2672.0	83.0
5.4499536E13	2671.0	83.0
5.449955E13	2671.0	83.0
5.4499557E13	2671.0	83.0
5.449957E13	2671.0	83.0
5.449958E13	2672.0	83.0
5.4499587E13	2672.0	83.0
5.44996E13	2672.0	83.0
5.4499608E13	2672.0	83.0
5.4499616E13	2669.0	83.0
5.449963E13	2669.0	83.0
5.4499637E13	2669.0	83.0
5.449965E13	2670.0	83.0
5.449966E13	2670.0	83.0
5.4499666E13	2670.0	83.0
5.449968E13	2670.0	83.0
5.4499687E13	2671.0	83.0
5.44997E13	2671.0	83.0
5.449971E13	2671.0	83.0
5.4499717E13	2671.0	83.0
5.449973E13	2671.0	83.0
5.4499738E13	2671.0	83.0
5.4499746E13	2671.0	83.0
5.449976E13	2671.0	83.0
5.4499767E13	2673.0	83.0
5.449978E13	2673.0	83.0
5.449979E13	2673.0	84.0
5.4499796E13	2672.0	84.0
5.449981E13	2672.0	84.0
5.4499817E13	2672.0	84.0
5.449983E13	2672.0	84.0
5.449984E13	2673.0	84.0
5.4499847E13	2673.0	84.0
5.449986E13	2673.0	84.0
5.4499868E13	2673.0	84.0
5.4499876E13	2675.0	83.0
5.449989E13	2675.0	83.0
5.4499897E13	2675.0	83.0
5.449991E13	2675.0	83.0
5.449992E13	2673.0	84.0
5.4499926E13	2673.0	83.0
5.449994E13	2673.0	83.0
5.4499947E13	2673.0	83.0
5.449996E13	2673.0	83.0
5.449997E13	2673.0	83.0
5.4499977E13	2673.0	83.0
5.449999E13	2673.0	83.0
5.4499998E13	2673.0	83.0
5.450001E13	2673.0	83.0
5.450002E13	2673.0	83.0
5.4500027E13	2671.0	83.0
5.450004E13	2671.0	83.0
5.450005E13	2671.0	83.0
5.4500056E13	2671.0	83.0
5.450007E13	2672.0	83.0
5.4500077E13	2672.0	83.0
5.450009E13	2672.0	83.0
5.45001E13	2673.0	83.0
5.4500107E13	2673.0	83.0
5.450012E13	2673.0	83.0
5.4500128E13	2673.0	83.0
5.450014E13	2670.0	83.0
5.450015E13	2670.0	83.0
5.4500157E13	2670.0	83.0
5.450017E13	2670.0	83.0
5.450018E13	2674.0	84.0
5.4500186E13	2674.0	84.0
5.45002E13	2674.0	83.0
5.4500207E13	2674.0	83.0
5.450022E13	2672.0	83.0
5.450023E13	2672.0	83.0
5.4500237E13	2672.0	83.0
5.450025E13	2670.0	83.0
5.4500258E13	2670.0	83.0
5.450027E13	2670.0	83.0
5.450028E13	2670.0	83.0
5.4500287E13	2671.0	83.0
5.45003E13	2671.0	84.0
5.450031E13	2671.0	84.0
5.450032E13	2671.0	84.0
5.450033E13	2670.0	83.0
5.4500337E13	2670.0	83.0
5.450035E13	2670.0	84.0
5.450036E13	2670.0	84.0
5.4500367E13	2670.0	83.0
5.450038E13	2670.0	83.0
5.45004E13	2671.0	83.0
5.450041E13	2671.0	83.0
5.4500417E13	2671.0	83.0
5.450043E13	2670.0	83.0
5.450044E13	2670.0	83.0
5.450045E13	2670.0	83.0
5.450046E13	2670.0	83.0
5.4500467E13	2670.0	83.0
5.450048E13	2670.0	83.0
5.450049E13	2670.0	83.0
5.4500497E13	2670.0	83.0
5.450051E13	2670.0	83.0
5.4500518E13	2668.0	83.0
5.450053E13	2668.0	83.0
5.450054E13	2668.0	83.0
5.4500547E13	2669.0	83.0
5.450056E13	2669.0	83.0
5.450058E13	2669.0	83.0
5.450059E13	2669.0	83.0
5.4500597E13	2669.0	83.0
5.450061E13	2669.0	83.0
5.450062E13	2670.0	83.0
5.4500627E13	2670.0	83.0
5.450064E13	2670.0	83.0
5.4500648E13	2670.0	83.0
5.450066E13	2668.0	83.0
5.450067E13	2668.0	83.0
5.4500677E13	2668.0	83.0
5.450069E13	2668.0	83.0
5.45007E13	2668.0	83.0
5.450071E13	2668.0	83.0
5.450072E13	2668.0	83.0
5.4500727E13	2668.0	83.0
5.450074E13	2668.0	83.0
5.450075E13	2668.0	83.0
5.4500757E13	2668.0	83.0
5.450077E13	2668.0	83.0
5.4500778E13	2669.0	83.0
5.450079E13	2669.0	83.0
5.45008E13	2669.0	83.0
5.4500807E13	2669.0	83.0
5.450082E13	2668.0	83.0
5.450083E13	2668.0	83.0
5.450084E13	2668.0	83.0
5.450085E13	2667.0	83.0
5.4500857E13	2667.0	83.0
5.450087E13	2667.0	83.0
5.450088E13	2667.0	83.0
5.45009E13	2668.0	83.0
5.4500908E13	2668.0	83.0
5.450092E13	2668.0	83.0
5.450093E13	2668.0	83.0
5.4500954E13	2668.0	83.0
5.450096E13	2668.0	83.0
5.450097E13	2668.0	83.0
5.450098E13	2668.0	83.0
5.4500988E13	2668.0	83.0
5.4501E13	2669.0	83.0
5.450101E13	2669.0	84.0
5.450102E13	2669.0	84.0
5.450103E13	2669.0	84.0
5.4501038E13	2668.0	83.0
5.450105E13	2668.0	83.0
5.450106E13	2668.0	83.0
5.4501067E13	2668.0	83.0
5.450108E13	2670.0	83.0
5.450109E13	2670.0	83.0
5.45011E13	2670.0	83.0
5.450111E13	2670.0	83.0
5.4501118E13	2670.0	83.0
5.450113E13	2670.0	83.0
5.450114E13	2670.0	83.0
5.450115E13	2669.0	83.0
5.450116E13	2669.0	83.0
5.4501168E13	2669.0	83.0
5.450118E13	2668.0	83.0
5.450119E13	2668.0	83.0
5.45012E13	2668.0	83.0
5.450121E13	2668.0	83.0
5.450122E13	2669.0	83.0
5.450123E13	2669.0	84.0
5.450124E13	2669.0	84.0
5.4501248E13	2669.0	84.0
5.450126E13	2670.0	84.0
5.450127E13	2670.0	84.0
5.450128E13	2670.0	84.0
5.450129E13	2670.0	84.0
5.4501298E13	2668.0	83.0
5.450131E13	2668.0	83.0
5.450132E13	2668.0	83.0
5.450133E13	2668.0	83.0
5.450134E13	2670.0	83.0
5.450135E13	2670.0	83.0
5.450136E13	2670.0	83.0
5.450137E13	2671.0	83.0
5.4501378E13	2671.0	83.0
5.450139E13	2671.0	83.0
5.45014E13	2668.0	83.0
5.450141E13	2668.0	83.0
5.450142E13	2668.0	83.0
5.450143E13	2668.0	83.0
5.450144E13	2670.0	83.0
5.450145E13	2670.0	83.0
5.450146E13	2670.0	83.0
5.450147E13	2670.0	83.0
5.450148E13	2670.0	83.0
5.450149E13	2670.0	83.0
5.45015E13	2670.0	84.0
5.4501508E13	2670.0	84.0
5.450152E13	2670.0	83.0
5.450153E13	2669.0	83.0
5.450155E13	2669.0	83.0
5.450156E13	2668.0	83.0
5.450157E13	2668.0	83.0
5.450158E13	2668.0	83.0
5.45016E13	2669.0	83.0
5.450161E13	2669.0	83.0
5.450162E13	2669.0	83.0
5.450163E13	2667.0	83.0
5.450164E13	2667.0	83.0
5.450165E13	2667.0	83.0
5.450166E13	2667.0	83.0
5.450167E13	2670.0	83.0
5.450168E13	2670.0	83.0
5.450169E13	2670.0	83.0
5.45017E13	2668.0	83.0
5.450171E13	2668.0	83.0
5.450172E13	2668.0	83.0
5.450173E13	2668.0	83.0
5.450174E13	2667.0	84.0
5.450175E13	2667.0	84.0
5.450176E13	2667.0	84.0
5.450177E13	2667.0	84.0
5.450178E13	2667.0	84.0
5.450179E13	2667.0	83.0
5.45018E13	2667.0	83.0
5.450181E13	2667.0	83.0
5.450182E13	2667.0	83.0
5.450183E13	2668.0	83.0
5.450184E13	2668.0	83.0
5.450185E13	2668.0	83.0
5.450186E13	2670.0	83.0
5.450187E13	2670.0	83.0
5.450188E13	2670.0	83.0
5.450189E13	2670.0	83.0
5.45019E13	2671.0	83.0
5.450191E13	2671.0	83.0
5.450192E13	2671.0	83.0
5.450193E13	2671.0	83.0
5.450194E13	2670.0	83.0
5.4501952E13	2670.0	83.0
5.450196E13	2670.0	83.0
5.450197E13	2670.0	83.0
5.450198E13	2668.0	83.0
5.450199E13	2668.0	83.0
5.4502E13	2668.0	84.0
5.450201E13	2669.0	83.0
5.450202E13	2669.0	83.0
5.450203E13	2669.0	84.0
5.450204E13	2669.0	84.0
5.450205E13	2669.0	84.0
5.450207E13	2669.0	84.0
5.4502082E13	2669.0	83.0
5.450209E13	2668.0	83.0
5.45021E13	2668.0	83.0
5.450211E13	2668.0	83.0
5.450212E13	2668.0	83.0
5.450213E13	2666.0	83.0
5.450214E13	2666.0	83.0
5.450215E13	2666.0	83.0
5.450216E13	2666.0	83.0
5.450217E13	2666.0	83.0
5.450218E13	2666.0	83.0
5.450219E13	2666.0	83.0
5.45022E13	2665.0	83.0
5.4502212E13	2665.0	83.0
5.450222E13	2665.0	83.0
5.450223E13	2665.0	83.0
5.450224E13	2666.0	83.0
5.450225E13	2666.0	83.0
5.450226E13	2666.0	83.0
5.450227E13	2666.0	51.0
5.450228E13	2665.0	83.0
5.450229E13	2665.0	83.0
5.45023E13	2665.0	83.0
5.450231E13	2665.0	84.0
5.450232E13	2665.0	84.0
5.450233E13	2665.0	84.0
5.4502342E13	2665.0	83.0
5.450235E13	2666.0	84.0
5.450236E13	2666.0	84.0
5.450237E13	2666.0	83.0
5.450238E13	2666.0	83.0
5.450239E13	2668.0	83.0
5.45024E13	2668.0	83.0
5.450241E13	2668.0	84.0
5.450242E13	2665.0	84.0
5.450243E13	2665.0	84.0
5.450244E13	2665.0	84.0
5.450245E13	2665.0	84.0
5.450246E13	2664.0	84.0
5.4502472E13	2664.0	84.0
5.450248E13	2664.0	84.0
5.450249E13	2666.0	83.0
5.45025E13	2666.0	84.0
5.450251E13	2666.0	84.0
5.4502523E13	2666.0	83.0
5.450253E13	2663.0	83.0
5.450254E13	2663.0	83.0
5.450255E13	2663.0	83.0
5.450256E13	2663.0	83.0
5.450257E13	2663.0	83.0
5.450258E13	2663.0	83.0
5.450259E13	2663.0	83.0
5.4502602E13	2663.0	83.0
5.450261E13	2665.0	83.0
5.450262E13	2665.0	84.0
5.450263E13	2665.0	84.0
5.450264E13	2665.0	83.0
5.4502653E13	2665.0	83.0
5.450266E13	2665.0	83.0
5.450267E13	2665.0	84.0
5.450268E13	2665.0	84.0
5.450269E13	2665.0	84.0
5.45027E13	2665.0	84.0
5.450271E13	2665.0	84.0
5.450272E13	2665.0	83.0
5.4502732E13	2662.0	83.0
5.450274E13	2662.0	83.0
5.450275E13	2662.0	83.0
5.450276E13	2665.0	83.0
5.450277E13	2665.0	83.0
5.4502783E13	2665.0	83.0
5.450279E13	2665.0	83.0
5.45028E13	2660.0	83.0
5.450281E13	2660.0	83.0
5.450282E13	2660.0	84.0
5.4502833E13	2660.0	84.0
5.450284E13	2664.0	84.0
5.450285E13	2664.0	84.0
5.4502862E13	2664.0	83.0
5.450287E13	2666.0	84.0
5.450288E13	2666.0	83.0
5.450289E13	2666.0	83.0
5.45029E13	2666.0	84.0
5.4502913E13	2663.0	83.0
5.450292E13	2663.0	83.0
5.450293E13	2663.0	83.0
5.450294E13	2663.0	83.0
5.450295E13	2665.0	83.0
5.4502963E13	2665.0	83.0
5.450297E13	2665.0	83.0
5.450298E13	2665.0	83.0
5.4502992E13	2666.0	83.0
5.4503E13	2666.0	83.0
5.450301E13	2666.0	83.0
5.450302E13	2666.0	83.0
5.450303E13	2664.0	83.0
5.4503043E13	2664.0	83.0
5.450305E13	2664.0	83.0
5.450306E13	2661.0	83.0
5.450307E13	2661.0	83.0
5.450308E13	2661.0	52.0
5.4503093E13	2661.0	83.0
5.45031E13	2661.0	83.0
5.450311E13	2661.0	83.0
5.4503122E13	2661.0	83.0
5.450313E13	2661.0	83.0
5.450314E13	2662.0	83.0
5.450315E13	2662.0	83.0
5.450316E13	2662.0	83.0
5.4503173E13	2662.0	83.0
5.450318E13	2662.0	83.0
5.450319E13	2662.0	83.0
5.45032E13	2662.0	83.0
5.450321E13	2661.0	83.0
5.4503223E13	2661.0	83.0
5.450323E13	2661.0	83.0
5.450324E13	2661.0	83.0
5.4503252E13	2662.0	83.0
5.450326E13	2662.0	83.0
5.4503273E13	2662.0	83.0
5.450328E13	2662.0	83.0
5.450329E13	2659.0	83.0
5.4503303E13	2659.0	83.0
5.450331E13	2659.0	83.0
5.450332E13	2659.0	83.0
5.4503332E13	2661.0	83.0
5.450334E13	2661.0	83.0
5.4503353E13	2661.0	83.0
5.450336E13	2662.0	83.0
5.450337E13	2662.0	83.0
5.4503382E13	2662.0	83.0
5.450339E13	2662.0	83.0
5.4503403E13	2662.0	83.0
5.450341E13	2662.0	83.0
5.450342E13	2662.0	83.0
5.4503433E13	2662.0	83.0
5.450344E13	2662.0	83.0
5.4503454E13	2662.0	83.0
5.4503462E13	2662.0	83.0
5.450347E13	2662.0	83.0
5.4503483E13	2662.0	83.0
5.450349E13	2662.0	83.0
5.45035E13	2662.0	83.0
5.4503512E13	2664.0	83.0
5.450352E13	2664.0	83.0
5.4503533E13	2664.0	83.0
5.450354E13	2660.0	83.0
5.450355E13	2660.0	83.0
5.4503563E13	2660.0	83.0
5.450357E13	2660.0	83.0
5.450358E13	2660.0	83.0
5.4503592E13	2659.0	83.0
5.45036E13	2659.0	83.0
5.4503613E13	2659.0	83.0
5.450362E13	2659.0	83.0
5.450363E13	2660.0	83.0
5.4503642E13	2660.0	83.0
5.450365E13	2660.0	83.0
5.4503663E13	2660.0	83.0
5.450367E13	2660.0	83.0
5.450368E13	2660.0	83.0
5.4503693E13	2660.0	83.0
5.45037E13	2660.0	83.0
5.4503714E13	2660.0	83.0
5.4503722E13	2660.0	83.0
5.450373E13	2660.0	83.0
5.4503743E13	2662.0	83.0
5.450375E13	2662.0	83.0
5.450376E13	2662.0	83.0
5.4503773E13	2662.0	83.0
5.450378E13	2660.0	83.0
5.4503793E13	2660.0	83.0
5.45038E13	2660.0	83.0
5.450381E13	2662.0	83.0
5.4503823E13	2662.0	83.0
5.4503844E13	2662.0	83.0
5.4503852E13	2662.0	83.0
5.450386E13	2662.0	83.0
5.4503873E13	2662.0	83.0
5.450388E13	2661.0	83.0
5.450389E13	2661.0	83.0
5.4503903E13	2661.0	84.0
5.450391E13	2661.0	83.0
5.4503924E13	2663.0	83.0
5.450393E13	2663.0	83.0
5.450394E13	2663.0	83.0
5.4503953E13	2663.0	83.0
5.450396E13	2663.0	83.0
5.4503974E13	2663.0	83.0
5.4503982E13	2663.0	83.0
5.450399E13	2664.0	83.0
5.4504003E13	2664.0	83.0
5.450401E13	2664.0	83.0
5.450402E13	2664.0	83.0
5.4504033E13	2662.0	83.0
5.450404E13	2662.0	83.0
5.4504054E13	2662.0	83.0
5.450406E13	2662.0	83.0
5.450407E13	2662.0	83.0
5.4504083E13	2662.0	83.0
5.450409E13	2662.0	83.0
5.4504104E13	2660.0	83.0
5.4504112E13	2660.0	83.0
5.450412E13	2660.0	83.0
5.4504133E13	2660.0	83.0
5.450414E13	2660.0	83.0
5.4504154E13	2660.0	83.0
5.4504163E13	2660.0	83.0
5.450417E13	2660.0	84.0
5.4504184E13	2660.0	83.0
5.450419E13	2661.0	83.0
5.45042E13	2661.0	83.0
5.4504217E13	2661.0	83.0
5.450422E13	2660.0	83.0
5.450424E13	2660.0	83.0
5.4504242E13	2660.0	83.0
5.450425E13	2660.0	83.0
5.4504263E13	2660.0	83.0
5.450427E13	2660.0	83.0
5.4504284E13	2660.0	83.0
5.4504293E13	2660.0	83.0
5.45043E13	2659.0	83.0
5.4504314E13	2659.0	84.0
5.450432E13	2659.0	83.0
5.450433E13	2659.0	83.0
5.4504343E13	2659.0	83.0
5.450435E13	2659.0	83.0
5.4504364E13	2659.0	83.0
5.4504372E13	2659.0	83.0
5.450438E13	2659.0	84.0
5.4504393E13	2659.0	84.0
5.45044E13	2659.0	83.0
5.4504414E13	2660.0	83.0
5.4504423E13	2660.0	83.0
5.450443E13	2660.0	83.0
5.4504444E13	2660.0	83.0
5.450445E13	2660.0	83.0
5.450446E13	2660.0	83.0
5.4504473E13	2660.0	83.0
5.450448E13	2660.0	83.0
5.4504494E13	2660.0	84.0
5.4504502E13	2660.0	84.0
5.450451E13	2663.0	84.0
5.4504523E13	2663.0	84.0
5.450453E13	2663.0	84.0
5.4504544E13	2663.0	84.0
5.4504553E13	2663.0	84.0
5.450456E13	2660.0	84.0
5.4504574E13	2660.0	83.0
5.450458E13	2660.0	83.0
5.450459E13	2660.0	83.0
5.4504603E13	2661.0	83.0
5.450461E13	2661.0	83.0
5.4504624E13	2661.0	83.0
5.4504632E13	2661.0	83.0
5.450464E13	2662.0	83.0
5.4504653E13	2662.0	83.0
5.450466E13	2662.0	83.0
5.4504674E13	2658.0	84.0
5.4504683E13	2658.0	84.0
5.450469E13	2658.0	84.0
5.4504704E13	2658.0	84.0
5.450471E13	2660.0	84.0
5.4504725E13	2660.0	83.0
5.4504733E13	2660.0	84.0
5.450474E13	2660.0	84.0
5.4504754E13	2658.0	84.0
5.4504762E13	2658.0	84.0
5.450477E13	2658.0	84.0
5.4504783E13	2658.0	83.0
5.450479E13	2660.0	83.0
5.4504804E13	2660.0	83.0
5.4504813E13	2660.0	83.0
5.450482E13	2662.0	83.0
5.4504834E13	2662.0	83.0
5.450484E13	2662.0	84.0
5.4504855E13	2662.0	83.0
5.4504863E13	2663.0	84.0
5.450487E13	2663.0	83.0
5.4504884E13	2663.0	83.0
5.4504892E13	2663.0	84.0
5.45049E13	2662.0	84.0
5.4504913E13	2662.0	84.0
5.450492E13	2662.0	83.0
5.4504934E13	2662.0	83.0
5.4504943E13	2662.0	83.0
5.450495E13	2662.0	84.0
5.4504964E13	2662.0	84.0
5.450497E13	2661.0	83.0
5.4504985E13	2661.0	83.0
5.4504993E13	2661.0	84.0
5.4505E13	2661.0	84.0
5.4505014E13	2665.0	84.0
5.4505022E13	2665.0	83.0
5.4505035E13	2665.0	83.0
5.4505043E13	2665.0	83.0
5.450505E13	2663.0	84.0
5.4505064E13	2663.0	83.0
5.4505073E13	2663.0	83.0
5.450508E13	2663.0	84.0
5.4505094E13	2665.0	84.0
5.4505102E13	2665.0	84.0
5.4505115E13	2665.0	84.0
5.4505123E13	2661.0	83.0
5.450513E13	2661.0	84.0
5.4505144E13	2661.0	84.0
5.4505152E13	2661.0	84.0
5.4505165E13	2662.0	83.0
5.4505173E13	2662.0	83.0
5.450518E13	2662.0	83.0
5.4505194E13	2662.0	83.0
5.4505203E13	2663.0	84.0
5.450521E13	2663.0	84.0
5.4505224E13	2663.0	84.0
5.4505232E13	2663.0	84.0
5.4505245E13	2664.0	84.0
5.4505253E13	2664.0	84.0
5.450526E13	2664.0	83.0
5.4505274E13	2665.0	83.0
5.4505282E13	2665.0	83.0
5.4505295E13	2665.0	83.0
5.4505303E13	2665.0	83.0
5.450531E13	2665.0	83.0
5.4505324E13	2665.0	83.0
5.4505333E13	2665.0	83.0
5.4505345E13	2665.0	84.0
5.4505354E13	2662.0	84.0
5.4505362E13	2662.0	84.0
5.4505375E13	2662.0	84.0
5.4505383E13	2662.0	84.0
5.450539E13	2663.0	84.0
5.4505404E13	2663.0	83.0
5.4505412E13	2663.0	83.0
5.4505425E13	2665.0	83.0
5.4505433E13	2665.0	83.0
5.450544E13	2665.0	83.0
5.4505454E13	2662.0	83.0
5.4505463E13	2662.0	83.0
5.4505475E13	2662.0	84.0
5.4505484E13	2662.0	84.0
5.4505492E13	2662.0	84.0
5.4505505E13	2664.0	84.0
5.4505513E13	2664.0	84.0
5.450552E13	2664.0	84.0
5.4505534E13	2661.0	83.0
5.4505543E13	2661.0	83.0
5.4505555E13	2661.0	83.0
5.4505563E13	2662.0	84.0
5.450557E13	2662.0	84.0
5.4505584E13	2662.0	83.0
5.4505593E13	2662.0	84.0
5.4505605E13	2662.0	84.0
5.4505614E13	2662.0	84.0
5.4505622E13	2662.0	84.0
5.450564E13	2662.0	84.0
5.4505643E13	2662.0	84.0
5.450565E13	2664.0	84.0
5.4505664E13	2664.0	84.0
5.4505673E13	2664.0	84.0
5.4505685E13	2664.0	83.0
5.4505694E13	2664.0	83.0
5.45057E13	2664.0	51.0
5.4505714E13	2663.0	83.0
5.4505723E13	2663.0	83.0
5.4505735E13	2663.0	83.0
5.4505744E13	2663.0	83.0
5.4505752E13	2662.0	84.0
5.4505765E13	2662.0	84.0
5.4505773E13	2662.0	84.0
5.4505786E13	2662.0	84.0
5.4505794E13	2662.0	84.0
5.4505803E13	2663.0	84.0
5.4505815E13	2663.0	84.0
5.4505824E13	2663.0	84.0
5.450583E13	2663.0	84.0
5.4505845E13	2668.0	84.0
5.4505853E13	2668.0	83.0
5.4505865E13	2668.0	83.0
5.4505874E13	2664.0	84.0
5.4505882E13	2664.0	84.0
5.4505895E13	2664.0	84.0
5.4505903E13	2664.0	84.0
5.4505916E13	2667.0	84.0
5.4505924E13	2667.0	84.0
5.4505933E13	2667.0	83.0
5.4505945E13	2667.0	83.0
5.4505954E13	2668.0	83.0
5.450596E13	2668.0	83.0
5.4505975E13	2668.0	83.0
5.4505983E13	2668.0	83.0
5.4505996E13	2669.0	83.0
5.4506004E13	2669.0	83.0
5.4506012E13	2669.0	84.0
5.4506025E13	2669.0	84.0
5.4506033E13	2669.0	84.0
5.4506046E13	2669.0	84.0
5.4506054E13	2669.0	83.0
5.4506063E13	2669.0	84.0
5.4506075E13	2669.0	83.0
5.4506084E13	2669.0	83.0
5.450609E13	2669.0	83.0
5.4506105E13	2669.0	83.0
5.4506113E13	2669.0	83.0
5.4506126E13	2669.0	83.0
5.4506134E13	2669.0	83.0
5.4506142E13	2669.0	83.0
5.4506155E13	2669.0	84.0
5.4506163E13	2669.0	84.0
5.4506176E13	2668.0	84.0
5.4506184E13	2668.0	84.0
5.4506193E13	2668.0	84.0
5.4506205E13	2668.0	84.0
5.4506214E13	2668.0	84.0
5.4506226E13	2668.0	84.0
5.4506235E13	2668.0	84.0
5.4506243E13	2668.0	83.0
5.4506256E13	2669.0	83.0
5.4506264E13	2669.0	84.0
5.4506272E13	2669.0	83.0
5.4506285E13	2669.0	83.0
5.4506293E13	2666.0	83.0
5.4506306E13	2666.0	83.0
5.4506314E13	2666.0	83.0
5.4506323E13	2669.0	83.0
5.4506335E13	2669.0	83.0
5.4506344E13	2669.0	83.0
5.4506356E13	2669.0	83.0
5.4506365E13	2666.0	84.0
5.4506373E13	2666.0	84.0
5.4506386E13	2666.0	84.0
5.4506394E13	2666.0	84.0
5.4506402E13	2666.0	84.0
5.4506415E13	2666.0	84.0
5.4506423E13	2666.0	84.0
5.4506436E13	2666.0	84.0
5.4506444E13	2668.0	83.0
5.4506453E13	2668.0	83.0
5.4506465E13	2668.0	83.0
5.4506474E13	2668.0	83.0
5.4506486E13	2668.0	84.0
5.4506495E13	2668.0	84.0
5.4506503E13	2668.0	84.0
5.4506516E13	2665.0	83.0
5.4506524E13	2665.0	83.0
5.4506537E13	2665.0	83.0
5.4506545E13	2665.0	84.0
5.4506553E13	2665.0	84.0
5.4506566E13	2665.0	84.0
5.4506574E13	2665.0	84.0
5.4506583E13	2665.0	84.0
5.4506595E13	2665.0	84.0
5.4506604E13	2665.0	84.0
5.4506616E13	2665.0	84.0
5.4506625E13	2665.0	84.0
5.4506633E13	2665.0	84.0
5.4506646E13	2665.0	83.0
5.4506654E13	2665.0	83.0
5.4506667E13	2666.0	83.0
5.4506675E13	2666.0	83.0
5.4506683E13	2666.0	83.0
5.4506696E13	2666.0	83.0
5.4506704E13	2667.0	83.0
5.4506713E13	2667.0	83.0
5.4506725E13	2667.0	83.0
5.4506734E13	2667.0	83.0
5.4506746E13	2664.0	83.0
5.4506755E13	2664.0	83.0
5.4506763E13	2664.0	83.0
5.4506776E13	2664.0	83.0
5.4506784E13	2664.0	83.0
5.4506797E13	2664.0	83.0
5.4506805E13	2664.0	83.0
5.4506813E13	2666.0	83.0
5.4506826E13	2666.0	84.0
5.4506834E13	2666.0	83.0
5.4506843E13	2666.0	83.0
5.4506855E13	2665.0	83.0
5.4506864E13	2665.0	83.0
5.4506876E13	2665.0	83.0
5.4506885E13	2665.0	83.0
5.4506893E13	2665.0	83.0
5.4506906E13	2665.0	83.0
5.4506914E13	2665.0	83.0
5.4506927E13	2666.0	83.0
5.4506935E13	2666.0	83.0
5.4506943E13	2666.0	83.0
5.4506956E13	2666.0	83.0
5.4506964E13	2666.0	83.0
5.4506977E13	2666.0	83.0
5.4506985E13	2666.0	83.0
5.4506994E13	2666.0	83.0
5.4507006E13	2665.0	83.0
5.4507015E13	2665.0	83.0
5.4507023E13	2665.0	83.0
5.4507036E13	2665.0	83.0
5.4507044E13	2666.0	84.0
5.4507057E13	2666.0	83.0
5.4507065E13	2666.0	83.0
5.4507073E13	2664.0	83.0
5.4507086E13	2664.0	83.0
5.4507094E13	2664.0	83.0
5.4507107E13	2664.0	83.0
5.4507115E13	2664.0	83.0
5.4507124E13	2664.0	83.0
5.4507136E13	2664.0	83.0
5.4507145E13	2664.0	83.0
5.4507153E13	2664.0	83.0
5.4507166E13	2664.0	83.0
5.4507174E13	2664.0	83.0
5.4507187E13	2664.0	83.0
5.4507195E13	2662.0	83.0
5.4507203E13	2662.0	83.0
5.4507216E13	2662.0	83.0
5.4507224E13	2664.0	83.0
5.4507237E13	2664.0	83.0
5.4507245E13	2664.0	84.0
5.450726E13	2664.0	84.0
5.4507266E13	2663.0	84.0
5.450728E13	2663.0	84.0
5.4507283E13	2663.0	84.0
5.4507296E13	2663.0	84.0
5.4507304E13	2662.0	84.0
5.4507317E13	2662.0	84.0
5.4507325E13	2662.0	83.0
5.4507333E13	2662.0	83.0
5.4507346E13	2662.0	83.0
5.4507354E13	2662.0	83.0
5.4507367E13	2662.0	83.0
5.4507375E13	2662.0	83.0
5.4507384E13	2662.0	83.0
5.4507396E13	2662.0	83.0
5.4507405E13	2662.0	83.0
5.4507417E13	2662.0	83.0
5.4507426E13	2662.0	83.0
5.4507434E13	2662.0	84.0
5.4507447E13	2662.0	84.0
5.4507455E13	2663.0	84.0
5.4507464E13	2663.0	84.0
5.4507476E13	2662.0	84.0
5.4507484E13	2662.0	84.0
5.4507497E13	2662.0	83.0
5.4507505E13	2662.0	83.0
5.4507514E13	2663.0	83.0
5.4507526E13	2663.0	83.0
5.4507535E13	2663.0	83.0
5.4507547E13	2663.0	83.0
5.4507556E13	2663.0	83.0
5.4507564E13	2664.0	83.0
5.4507577E13	2664.0	84.0
5.4507585E13	2664.0	84.0
5.4507598E13	2664.0	84.0
5.4507606E13	2664.0	84.0
5.4507615E13	2664.0	84.0
5.4507627E13	2664.0	84.0
5.4507635E13	2663.0	84.0
5.4507644E13	2663.0	84.0
5.4507656E13	2663.0	84.0
5.4507665E13	2663.0	84.0
5.4507677E13	2664.0	84.0
5.4507686E13	2664.0	84.0
5.4507694E13	2664.0	83.0
5.4507707E13	2664.0	83.0
5.4507715E13	2665.0	83.0
5.4507724E13	2665.0	84.0
5.4507736E13	2665.0	84.0
5.4507745E13	2665.0	84.0
5.4507757E13	2665.0	84.0
5.4507765E13	2665.0	84.0
5.4507774E13	2665.0	83.0
5.4507786E13	2664.0	84.0
5.4507795E13	2664.0	84.0
5.4507807E13	2664.0	83.0
5.4507816E13	2664.0	83.0
5.4507824E13	2664.0	83.0
5.4507837E13	2664.0	83.0
5.4507845E13	2664.0	84.0
5.4507858E13	2664.0	84.0
5.4507866E13	2665.0	84.0
5.4507875E13	2665.0	84.0
5.4507887E13	2665.0	84.0
5.4507896E13	2665.0	84.0
5.4507904E13	2666.0	84.0
5.4507916E13	2666.0	84.0
5.4507925E13	2665.0	83.0
5.4507937E13	2665.0	83.0
5.4507946E13	2665.0	83.0
5.4507954E13	2665.0	83.0
5.4507967E13	2665.0	84.0
5.4507975E13	2665.0	84.0
5.4507988E13	2665.0	84.0
5.4507996E13	2665.0	83.0
5.4508005E13	2665.0	84.0
5.4508017E13	2665.0	84.0
5.4508026E13	2665.0	84.0
5.4508034E13	2665.0	84.0
5.4508047E13	2666.0	84.0
5.4508055E13	2666.0	84.0
5.4508067E13	2666.0	84.0
5.4508076E13	2666.0	84.0
5.4508084E13	2665.0	84.0
5.4508097E13	2665.0	84.0
5.4508105E13	2665.0	84.0
5.4508118E13	2665.0	84.0
5.4508126E13	2665.0	84.0
5.4508135E13	2665.0	84.0
5.4508147E13	2665.0	84.0
5.4508156E13	2665.0	84.0
5.4508164E13	2666.0	84.0
5.4508177E13	2666.0	84.0
5.4508185E13	2666.0	84.0
5.4508198E13	2666.0	84.0
5.4508206E13	2665.0	84.0
5.4508214E13	2665.0	84.0
5.4508227E13	2665.0	84.0
5.4508235E13	2666.0	84.0
5.4508248E13	2666.0	84.0
5.4508256E13	2666.0	84.0
5.4508265E13	2666.0	84.0
5.4508277E13	2666.0	84.0
5.4508286E13	2666.0	84.0
5.45083E13	2666.0	84.0
5.4508307E13	2666.0	84.0
5.4508315E13	2667.0	84.0
5.4508328E13	2667.0	84.0
5.4508336E13	2667.0	84.0
5.4508344E13	2667.0	84.0
5.4508357E13	2667.0	84.0
5.4508365E13	2667.0	84.0
5.4508378E13	2667.0	84.0
5.4508386E13	2667.0	84.0
5.4508395E13	2667.0	84.0
5.4508407E13	2667.0	84.0
5.4508416E13	2667.0	84.0
5.450843E13	2666.0	84.0
5.4508437E13	2666.0	84.0
5.4508445E13	2666.0	84.0
5.4508458E13	2666.0	84.0
5.4508466E13	2666.0	84.0
5.4508474E13	2666.0	84.0
5.4508487E13	2666.0	84.0
5.4508495E13	2667.0	84.0
5.4508508E13	2667.0	84.0
5.4508516E13	2667.0	84.0
5.4508525E13	2667.0	84.0
5.4508537E13	2667.0	84.0
5.4508546E13	2667.0	84.0
5.450856E13	2667.0	84.0
5.4508567E13	2667.0	84.0
5.4508575E13	2667.0	84.0
5.4508588E13	2667.0	56.0
5.4508596E13	2667.0	83.0
5.450861E13	2668.0	83.0
5.4508617E13	2668.0	84.0
5.4508625E13	2668.0	84.0
5.450864E13	2668.0	84.0
5.4508646E13	2668.0	84.0
5.4508655E13	2667.0	84.0
5.4508667E13	2667.0	84.0
5.4508676E13	2667.0	84.0
5.450869E13	2667.0	84.0
5.4508697E13	2667.0	83.0
5.4508705E13	2667.0	83.0
5.4508718E13	2667.0	83.0
5.4508726E13	2665.0	83.0
5.450874E13	2665.0	83.0
5.4508747E13	2665.0	83.0
5.4508755E13	2665.0	83.0
5.450877E13	2667.0	83.0
5.4508776E13	2667.0	84.0
5.4508785E13	2667.0	84.0
5.4508797E13	2667.0	84.0
5.4508806E13	2668.0	84.0
5.450882E13	2668.0	84.0
5.4508827E13	2668.0	84.0
5.4508835E13	2669.0	84.0
5.4508848E13	2669.0	84.0
5.4508856E13	2669.0	84.0
5.450887E13	2666.0	83.0
5.4508877E13	2666.0	83.0
5.4508885E13	2666.0	83.0
5.45089E13	2666.0	83.0
5.4508906E13	2665.0	83.0
5.4508915E13	2665.0	84.0
5.4508927E13	2665.0	84.0
5.4508936E13	2665.0	84.0
5.450895E13	2666.0	84.0
5.4508957E13	2666.0	84.0
5.4508965E13	2666.0	84.0
5.4508978E13	2665.0	84.0
5.4508994E13	2665.0	84.0
5.4509E13	2665.0	84.0
5.4509007E13	2665.0	84.0
5.4509015E13	2666.0	84.0
5.450903E13	2666.0	83.0
5.4509036E13	2666.0	83.0
5.4509045E13	2666.0	83.0
5.4509057E13	2665.0	83.0
5.4509066E13	2665.0	83.0
5.450908E13	2665.0	83.0
5.4509087E13	2665.0	83.0
5.4509095E13	2668.0	83.0
5.4509108E13	2668.0	83.0
5.4509116E13	2668.0	83.0
5.450913E13	2664.0	83.0
5.4509137E13	2664.0	83.0
5.4509145E13	2664.0	83.0
5.450916E13	2664.0	83.0
5.4509166E13	2665.0	83.0
5.450918E13	2665.0	83.0
5.4509187E13	2665.0	83.0
5.4509196E13	2665.0	83.0
5.450921E13	2665.0	83.0
5.4509217E13	2665.0	83.0
5.4509225E13	2665.0	83.0
5.4509238E13	2665.0	51.0
5.4509246E13	2665.0	51.0
5.450926E13	2666.0	83.0
5.4509267E13	2666.0	51.0
5.4509275E13	2666.0	83.0
5.450929E13	2666.0	51.0
5.4509296E13	2666.0	83.0
5.450931E13	2666.0	83.0
5.4509317E13	2666.0	51.0
5.4509326E13	2667.0	51.0
5.450934E13	2667.0	83.0
5.4509347E13	2667.0	83.0
5.4509355E13	2667.0	83.0
5.4509368E13	2667.0	83.0
5.4509376E13	2667.0	83.0
5.450939E13	2667.0	83.0
5.4509397E13	2667.0	83.0
5.4509405E13	2667.0	83.0
5.450942E13	2667.0	83.0
5.4509426E13	2667.0	83.0
5.450944E13	2668.0	83.0
5.4509447E13	2668.0	83.0
5.4509456E13	2668.0	83.0
5.450947E13	2668.0	83.0
5.4509477E13	2666.0	83.0
5.450949E13	2666.0	83.0
5.4509498E13	2666.0	83.0
5.4509506E13	2666.0	83.0
5.450952E13	2669.0	83.0
5.4509527E13	2669.0	83.0
5.4509535E13	2669.0	83.0
5.450955E13	2669.0	83.0
5.4509556E13	2671.0	84.0
5.450957E13	2671.0	84.0
5.4509577E13	2671.0	84.0
5.4509586E13	2669.0	84.0
5.45096E13	2669.0	84.0
5.4509607E13	2669.0	83.0
5.4509615E13	2669.0	83.0
5.4509628E13	2666.0	83.0
5.4509636E13	2666.0	83.0
5.450965E13	2666.0	83.0
5.4509657E13	2666.0	83.0
5.4509666E13	2667.0	83.0
5.450968E13	2667.0	83.0
5.4509686E13	2667.0	51.0
5.45097E13	2667.0	51.0
5.4509707E13	2667.0	51.0
5.4509716E13	2667.0	84.0
5.450973E13	2667.0	84.0
5.4509737E13	2669.0	84.0
5.4509745E13	2669.0	51.0
5.4509758E13	2669.0	83.0
5.4509766E13	2669.0	83.0
5.450978E13	2668.0	83.0
5.4509787E13	2668.0	83.0
5.4509796E13	2668.0	83.0
5.450981E13	2668.0	83.0
5.4509817E13	2666.0	51.0
5.450983E13	2666.0	51.0
5.4509837E13	2666.0	83.0
5.4509846E13	2666.0	83.0
5.450986E13	2665.0	83.0
5.4509867E13	2665.0	83.0
5.450988E13	2665.0	51.0
5.4509888E13	2667.0	51.0
5.4509896E13	2667.0	51.0
5.450991E13	2667.0	51.0
5.4509917E13	2667.0	51.0
5.450993E13	2667.0	84.0
5.450994E13	2667.0	84.0
5.4509947E13	2667.0	84.0
5.450996E13	2667.0	84.0
5.4509968E13	2666.0	84.0
5.4509976E13	2666.0	84.0
5.450999E13	2666.0	84.0
5.4509997E13	2666.0	84.0
5.451001E13	2668.0	84.0
5.4510018E13	2668.0	84.0
5.4510026E13	2668.0	83.0
5.451004E13	2666.0	83.0
5.4510047E13	2666.0	83.0
5.4510056E13	2666.0	83.0
5.451007E13	2666.0	83.0
5.4510077E13	2669.0	83.0
5.451009E13	2669.0	51.0
5.4510098E13	2669.0	51.0
5.4510106E13	2669.0	83.0
5.451012E13	2669.0	83.0
5.4510127E13	2669.0	51.0
5.451014E13	2669.0	51.0
5.4510148E13	2669.0	83.0
5.4510156E13	2669.0	51.0
5.451017E13	2669.0	51.0
5.4510177E13	2669.0	51.0
5.451019E13	2669.0	51.0
5.45102E13	2669.0	51.0
5.4510207E13	2669.0	51.0
5.451022E13	2669.0	51.0
5.4510228E13	2672.0	51.0
5.4510244E13	2672.0	51.0
5.451025E13	2672.0	83.0
5.4510257E13	2672.0	83.0
5.451027E13	2667.0	83.0
5.4510278E13	2667.0	51.0
5.4510286E13	2667.0	51.0
5.45103E13	2667.0	84.0
5.4510307E13	2669.0	84.0
5.4510316E13	2669.0	51.0
5.451033E13	2669.0	51.0
5.4510337E13	2668.0	51.0
5.451035E13	2668.0	51.0
5.4510358E13	2668.0	51.0
5.4510366E13	2668.0	51.0
5.451038E13	2667.0	51.0
5.4510387E13	2667.0	51.0
5.45104E13	2667.0	83.0
5.451041E13	2667.0	83.0
5.4510416E13	2667.0	83.0
5.451043E13	2667.0	84.0
5.4510437E13	2667.0	84.0
5.451045E13	2667.0	84.0
5.451046E13	2668.0	84.0
5.4510467E13	2668.0	84.0
5.451048E13	2668.0	84.0
5.4510488E13	2668.0	84.0
5.4510496E13	2668.0	84.0
5.451051E13	2668.0	83.0
5.4510517E13	2668.0	83.0
5.451053E13	2669.0	83.0
5.451054E13	2669.0	83.0
5.4510546E13	2669.0	83.0
5.451056E13	2669.0	84.0
5.4510567E13	2669.0	84.0
5.451058E13	2669.0	84.0
5.451059E13	2669.0	84.0
5.4510597E13	2667.0	51.0
5.451061E13	2667.0	51.0
5.4510618E13	2667.0	51.0
5.4510626E13	2667.0	51.0
5.451064E13	2667.0	51.0
5.4510647E13	2667.0	51.0
5.451066E13	2667.0	51.0
5.451067E13	2667.0	51.0
5.4510676E13	2669.0	51.0
5.451069E13	2669.0	51.0
5.4510697E13	2669.0	51.0
5.451071E13	2669.0	51.0
5.451072E13	2670.0	51.0
5.4510727E13	2670.0	84.0
5.451074E13	2670.0	84.0
5.4510748E13	2669.0	51.0
5.451076E13	2669.0	51.0
5.451077E13	2669.0	51.0
5.4510777E13	2669.0	51.0
5.451079E13	2666.0	51.0
5.45108E13	2666.0	51.0
5.4510806E13	2666.0	51.0
5.451082E13	2666.0	51.0
5.4510827E13	2669.0	51.0
5.451084E13	2669.0	51.0
5.451085E13	2669.0	51.0
5.4510857E13	2669.0	84.0
5.451087E13	2669.0	51.0
5.4510878E13	2669.0	51.0
5.451089E13	2669.0	51.0
5.45109E13	2670.0	51.0
5.4510907E13	2670.0	83.0
5.451092E13	2670.0	83.0
5.451093E13	2670.0	51.0
5.4510936E13	2669.0	51.0
5.451095E13	2669.0	51.0
5.4510957E13	2669.0	51.0
5.451097E13	2669.0	51.0
5.451098E13	2668.0	51.0
5.4510987E13	2668.0	51.0
5.4511E13	2668.0	51.0
5.4511008E13	2668.0	51.0
5.451102E13	2670.0	51.0
5.451103E13	2670.0	51.0
5.4511037E13	2670.0	51.0
5.451105E13	2670.0	84.0
5.451106E13	2670.0	84.0
5.4511066E13	2670.0	83.0
5.451108E13	2670.0	84.0
5.4511087E13	2670.0	84.0
5.45111E13	2670.0	84.0
5.451111E13	2670.0	84.0
5.4511117E13	2670.0	51.0
5.451113E13	2667.0	51.0
5.4511138E13	2667.0	51.0
5.451115E13	2667.0	84.0
5.451116E13	2667.0	84.0
5.4511167E13	2669.0	84.0
5.451118E13	2669.0	51.0
5.451119E13	2669.0	51.0
5.45112E13	2670.0	51.0
5.451121E13	2670.0	51.0
5.4511217E13	2670.0	51.0
5.451123E13	2670.0	51.0
5.451124E13	2671.0	51.0
5.4511247E13	2671.0	51.0
5.451126E13	2671.0	51.0
5.4511268E13	2671.0	51.0
5.451128E13	2671.0	51.0
5.451129E13	2671.0	51.0
5.4511297E13	2671.0	51.0
5.451131E13	2671.0	51.0
5.451132E13	2670.0	51.0
5.451133E13	2670.0	51.0
5.451134E13	2670.0	51.0
5.451136E13	2668.0	51.0
5.4511347E13	2668.0	51.0
5.451137E13	2668.0	51.0
5.4511377E13	2668.0	51.0
5.451139E13	2671.0	51.0
5.4511398E13	2671.0	51.0
5.451141E13	2671.0	51.0
5.451142E13	2671.0	83.0
5.4511427E13	2668.0	83.0
5.451144E13	2668.0	51.0
5.451145E13	2668.0	84.0
5.451146E13	2668.0	84.0
5.451147E13	2668.0	84.0
5.4511477E13	2668.0	51.0
5.451149E13	2668.0	51.0
5.45115E13	2669.0	51.0
5.451151E13	2669.0	84.0
5.451152E13	2669.0	84.0
5.4511528E13	2669.0	84.0
5.451154E13	2670.0	84.0
5.451155E13	2670.0	84.0
5.4511557E13	2670.0	84.0
5.451157E13	2670.0	51.0
5.451158E13	2668.0	83.0
5.451159E13	2668.0	83.0
5.45116E13	2668.0	83.0
5.4511607E13	2668.0	83.0
5.451162E13	2667.0	84.0
