5.3981397E13	2866.0	78.0
5.3981406E13	2866.0	78.0
5.398142E13	2869.0	78.0
5.3981426E13	2869.0	78.0
5.398144E13	2869.0	78.0
5.3981447E13	2869.0	77.0
5.3981456E13	2867.0	77.0
5.398147E13	2867.0	77.0
5.3981477E13	2869.0	77.0
5.3981485E13	2869.0	77.0
5.3981498E13	2869.0	78.0
5.3981506E13	2869.0	78.0
5.398152E13	2869.0	78.0
5.3981527E13	2871.0	78.0
5.3981536E13	2871.0	78.0
5.398155E13	2871.0	78.0
5.3981557E13	2871.0	77.0
5.398157E13	2871.0	77.0
5.3981577E13	2871.0	77.0
5.3981586E13	2871.0	77.0
5.39816E13	2873.0	77.0
5.3981607E13	2873.0	77.0
5.3981615E13	2873.0	77.0
5.3981628E13	2873.0	77.0
5.398165E13	2872.0	77.0
5.3981657E13	2872.0	77.0
5.3981666E13	2872.0	77.0
5.398168E13	2873.0	77.0
5.3981687E13	2873.0	47.0
5.39817E13	2873.0	47.0
5.3981708E13	2873.0	47.0
5.3981716E13	2872.0	47.0
5.398173E13	2872.0	47.0
5.3981737E13	2872.0	47.0
5.3981745E13	2872.0	47.0
5.3981758E13	2872.0	47.0
5.3981766E13	2872.0	47.0
5.398178E13	2872.0	47.0
5.3981787E13	2870.0	47.0
5.3981796E13	2870.0	47.0
5.398181E13	2870.0	47.0
5.3981817E13	2870.0	47.0
5.398183E13	2872.0	47.0
5.3981838E13	2872.0	47.0
5.3981846E13	2872.0	47.0
5.398186E13	2872.0	47.0
5.3981867E13	2871.0	47.0
5.3981875E13	2871.0	47.0
5.3981888E13	2871.0	47.0
5.3981896E13	2871.0	47.0
5.398191E13	2872.0	47.0
5.3981917E13	2872.0	47.0
5.3981926E13	2872.0	47.0
5.398194E13	2871.0	78.0
5.3981947E13	2871.0	77.0
5.398196E13	2871.0	77.0
5.3981968E13	2871.0	77.0
5.3981976E13	2873.0	77.0
5.398199E13	2873.0	77.0
5.3981997E13	2873.0	77.0
5.3982014E13	2873.0	77.0
5.3982018E13	2874.0	77.0
5.3982026E13	2874.0	77.0
5.398204E13	2874.0	78.0
5.3982047E13	2874.0	78.0
5.3982056E13	2874.0	78.0
5.398207E13	2874.0	78.0
5.3982077E13	2874.0	78.0
5.398209E13	2873.0	78.0
5.3982098E13	2873.0	77.0
5.3982106E13	2873.0	77.0
5.398212E13	2873.0	77.0
5.3982127E13	2873.0	77.0
5.398214E13	2873.0	77.0
5.398215E13	2873.0	77.0
5.3982156E13	2873.0	77.0
5.398217E13	2874.0	77.0
5.3982177E13	2874.0	78.0
5.398219E13	2874.0	78.0
5.39822E13	2874.0	78.0
5.3982207E13	2873.0	78.0
5.398222E13	2873.0	78.0
5.3982228E13	2873.0	78.0
5.3982236E13	2871.0	78.0
5.398225E13	2871.0	78.0
5.3982257E13	2871.0	78.0
5.398227E13	2871.0	78.0
5.398228E13	2872.0	77.0
5.3982286E13	2872.0	77.0
5.39823E13	2872.0	77.0
5.3982307E13	2872.0	77.0
5.3982316E13	2870.0	77.0
5.398233E13	2870.0	77.0
5.3982337E13	2870.0	77.0
5.398235E13	2870.0	76.0
5.3982358E13	2869.0	76.0
5.3982366E13	2869.0	76.0
5.398238E13	2869.0	76.0
5.3982387E13	2870.0	76.0
5.39824E13	2870.0	77.0
5.398241E13	2870.0	77.0
5.3982416E13	2870.0	77.0
5.398243E13	2871.0	77.0
5.3982437E13	2871.0	77.0
5.398245E13	2871.0	77.0
5.398246E13	2871.0	77.0
5.3982467E13	2870.0	77.0
5.398248E13	2870.0	77.0
5.3982488E13	2870.0	77.0
5.3982496E13	2870.0	78.0
5.398251E13	2873.0	78.0
5.3982517E13	2873.0	78.0
5.398253E13	2873.0	78.0
5.398254E13	2872.0	78.0
5.3982546E13	2872.0	78.0
5.398256E13	2872.0	77.0
5.3982567E13	2872.0	77.0
5.398258E13	2871.0	77.0
5.398259E13	2871.0	77.0
5.3982597E13	2871.0	77.0
5.398261E13	2871.0	77.0
5.3982618E13	2872.0	77.0
5.398263E13	2872.0	77.0
5.398264E13	2872.0	77.0
5.3982647E13	2872.0	77.0
5.398266E13	2873.0	77.0
5.398267E13	2873.0	77.0
5.3982676E13	2873.0	77.0
5.398269E13	2875.0	77.0
5.3982697E13	2875.0	77.0
5.398271E13	2875.0	77.0
5.398272E13	2875.0	77.0
5.3982727E13	2873.0	77.0
5.398274E13	2873.0	77.0
5.3982748E13	2873.0	78.0
5.398276E13	2873.0	78.0
5.398277E13	2876.0	78.0
5.3982777E13	2876.0	78.0
5.398279E13	2876.0	78.0
5.39828E13	2876.0	78.0
5.3982806E13	2876.0	77.0
5.398282E13	2876.0	77.0
5.3982827E13	2876.0	77.0
5.398284E13	2875.0	77.0
5.398285E13	2875.0	77.0
5.3982857E13	2875.0	77.0
5.398287E13	2875.0	78.0
5.3982878E13	2879.0	78.0
5.398289E13	2879.0	78.0
5.39829E13	2879.0	78.0
5.3982907E13	2879.0	78.0
5.398292E13	2879.0	78.0
5.3982932E13	2879.0	78.0
5.3982936E13	2879.0	78.0
5.398295E13	2878.0	78.0
5.3982957E13	2878.0	78.0
5.398297E13	2878.0	78.0
5.398298E13	2878.0	78.0
5.3982987E13	2880.0	78.0
5.3983E13	2880.0	78.0
5.3983008E13	2880.0	78.0
5.398302E13	2880.0	78.0
5.398303E13	2879.0	77.0
5.3983037E13	2879.0	77.0
5.398305E13	2879.0	77.0
5.398306E13	2879.0	77.0
5.398307E13	2880.0	77.0
5.398308E13	2880.0	77.0
5.3983087E13	2880.0	77.0
5.39831E13	2880.0	78.0
5.398311E13	2879.0	78.0
5.3983117E13	2879.0	78.0
5.398313E13	2879.0	78.0
5.3983138E13	2884.0	77.0
5.398315E13	2884.0	77.0
5.398316E13	2884.0	77.0
5.3983167E13	2884.0	77.0
5.398318E13	2885.0	77.0
5.398319E13	2885.0	78.0
5.39832E13	2885.0	78.0
5.398321E13	2885.0	78.0
5.3983217E13	2886.0	78.0
5.398323E13	2886.0	78.0
5.398324E13	2886.0	78.0
5.3983247E13	2886.0	77.0
5.398326E13	2885.0	77.0
5.3983268E13	2885.0	77.0
5.398328E13	2885.0	77.0
5.398329E13	2886.0	77.0
5.3983297E13	2886.0	77.0
5.398331E13	2886.0	77.0
5.398332E13	2886.0	77.0
5.398333E13	2884.0	77.0
5.398334E13	2884.0	78.0
5.3983347E13	2884.0	78.0
5.398336E13	2884.0	78.0
5.398337E13	2884.0	78.0
5.398338E13	2884.0	78.0
5.398339E13	2884.0	78.0
5.3983398E13	2886.0	78.0
5.398341E13	2886.0	78.0
5.398342E13	2886.0	77.0
5.3983427E13	2886.0	78.0
5.398344E13	2887.0	78.0
5.398345E13	2887.0	78.0
5.398346E13	2887.0	78.0
5.398347E13	2887.0	78.0
5.3983477E13	2890.0	78.0
5.398349E13	2890.0	78.0
5.39835E13	2890.0	78.0
5.398351E13	2890.0	78.0
5.398352E13	2890.0	78.0
5.3983528E13	2890.0	78.0
5.398354E13	2887.0	78.0
5.398355E13	2887.0	78.0
5.3983557E13	2887.0	78.0
5.398357E13	2887.0	78.0
5.398358E13	2887.0	78.0
5.398359E13	2888.0	78.0
5.39836E13	2888.0	78.0
5.3983608E13	2888.0	78.0
5.398362E13	2888.0	78.0
5.398363E13	2889.0	78.0
5.398364E13	2889.0	78.0
5.398365E13	2889.0	78.0
5.3983658E13	2889.0	78.0
5.398367E13	2887.0	78.0
5.398368E13	2887.0	78.0
5.3983687E13	2887.0	78.0
5.39837E13	2890.0	78.0
5.398371E13	2890.0	78.0
5.398372E13	2890.0	78.0
5.398373E13	2890.0	78.0
5.3983738E13	2890.0	78.0
5.398375E13	2890.0	78.0
5.398376E13	2890.0	77.0
5.398377E13	2890.0	77.0
5.3983788E13	2890.0	77.0
5.39838E13	2890.0	77.0
5.398381E13	2888.0	78.0
5.398382E13	2888.0	78.0
5.398383E13	2888.0	78.0
5.398384E13	2889.0	78.0
5.398385E13	2889.0	78.0
5.398386E13	2889.0	77.0
5.3983868E13	2889.0	77.0
5.398388E13	2887.0	77.0
5.398389E13	2887.0	77.0
5.39839E13	2887.0	78.0
5.398391E13	2887.0	78.0
5.3983918E13	2887.0	78.0
5.398393E13	2889.0	78.0
5.398394E13	2889.0	78.0
5.398395E13	2889.0	78.0
5.398396E13	2889.0	78.0
5.398397E13	2887.0	78.0
5.398398E13	2887.0	78.0
5.398399E13	2889.0	78.0
5.3983998E13	2889.0	78.0
5.398401E13	2889.0	78.0
5.398402E13	2889.0	78.0
5.398403E13	2890.0	78.0
5.398404E13	2890.0	78.0
5.398405E13	2890.0	77.0
5.398406E13	2890.0	77.0
5.398407E13	2889.0	77.0
5.398408E13	2889.0	78.0
5.398409E13	2889.0	78.0
5.39841E13	2889.0	78.0
5.398411E13	2888.0	78.0
5.398412E13	2888.0	78.0
5.3984136E13	2888.0	78.0
5.398414E13	2888.0	78.0
5.398415E13	2888.0	78.0
5.398416E13	2888.0	78.0
5.398418E13	2888.0	78.0
5.398419E13	2891.0	78.0
5.39842E13	2891.0	78.0
5.398421E13	2891.0	77.0
5.398422E13	2891.0	77.0
5.398423E13	2890.0	77.0
5.398424E13	2890.0	78.0
5.398425E13	2890.0	78.0
5.3984258E13	2890.0	78.0
5.398427E13	2892.0	78.0
5.398428E13	2892.0	78.0
5.398429E13	2892.0	78.0
5.39843E13	2893.0	78.0
5.398431E13	2893.0	78.0
5.398432E13	2893.0	78.0
5.398433E13	2893.0	78.0
5.398434E13	2894.0	78.0
5.398435E13	2894.0	78.0
5.398436E13	2894.0	78.0
5.398437E13	2894.0	78.0
5.398438E13	2895.0	78.0
5.3984388E13	2895.0	78.0
5.39844E13	2895.0	78.0
5.398441E13	2895.0	78.0
5.398442E13	2896.0	78.0
5.398443E13	2896.0	78.0
5.398444E13	2896.0	78.0
5.398445E13	2894.0	78.0
5.398446E13	2894.0	78.0
5.398447E13	2894.0	78.0
5.398448E13	2894.0	78.0
5.398449E13	2894.0	78.0
5.39845E13	2894.0	78.0
5.3984518E13	2894.0	78.0
5.398453E13	2894.0	78.0
5.398454E13	2894.0	78.0
5.398455E13	2894.0	77.0
5.398456E13	2894.0	77.0
5.398457E13	2890.0	77.0
5.398459E13	2890.0	78.0
5.39846E13	2887.0	78.0
5.398461E13	2887.0	78.0
5.398462E13	2887.0	78.0
5.398463E13	2887.0	78.0
5.398464E13	2888.0	78.0
5.398465E13	2888.0	78.0
5.398466E13	2888.0	78.0
5.398467E13	2888.0	78.0
5.398468E13	2885.0	78.0
5.398469E13	2885.0	78.0
5.39847E13	2885.0	78.0
5.398471E13	2885.0	78.0
5.398472E13	2884.0	77.0
5.398473E13	2884.0	77.0
5.398474E13	2884.0	77.0
5.398475E13	2883.0	77.0
5.398476E13	2883.0	77.0
5.398477E13	2883.0	77.0
5.398478E13	2883.0	77.0
5.398479E13	2881.0	77.0
5.39848E13	2881.0	77.0
5.398481E13	2881.0	77.0
5.398482E13	2881.0	77.0
5.3984832E13	2880.0	77.0
5.398484E13	2880.0	77.0
5.398485E13	2880.0	77.0
5.398486E13	2880.0	78.0
5.398487E13	2878.0	78.0
5.398488E13	2878.0	78.0
5.398489E13	2878.0	78.0
5.39849E13	2880.0	78.0
5.398493E13	2880.0	78.0
5.398494E13	2879.0	78.0
5.398495E13	2879.0	78.0
5.3984962E13	2879.0	78.0
5.398497E13	2879.0	77.0
5.398498E13	2882.0	77.0
5.398499E13	2882.0	77.0
5.3985E13	2882.0	77.0
5.398501E13	2882.0	77.0
5.398502E13	2881.0	77.0
5.398503E13	2881.0	77.0
5.398504E13	2881.0	77.0
5.398505E13	2878.0	77.0
5.398506E13	2878.0	77.0
5.398507E13	2878.0	77.0
5.398508E13	2878.0	77.0
5.3985092E13	2882.0	77.0
5.39851E13	2882.0	77.0
5.398511E13	2882.0	77.0
5.398512E13	2882.0	77.0
5.398513E13	2878.0	77.0
5.3985143E13	2878.0	77.0
5.398515E13	2878.0	77.0
5.398516E13	2878.0	77.0
5.398517E13	2878.0	77.0
5.398518E13	2878.0	77.0
5.398519E13	2878.0	77.0
5.39852E13	2877.0	77.0
5.398521E13	2877.0	77.0
5.3985222E13	2877.0	77.0
5.398523E13	2877.0	77.0
5.398524E13	2878.0	77.0
5.398525E13	2878.0	77.0
5.398526E13	2878.0	77.0
5.3985273E13	2878.0	77.0
5.398528E13	2878.0	77.0
5.398529E13	2878.0	77.0
5.39853E13	2878.0	77.0
5.398531E13	2878.0	77.0
5.398532E13	2878.0	77.0
5.398533E13	2878.0	78.0
5.398534E13	2878.0	78.0
5.3985352E13	2874.0	78.0
5.398536E13	2874.0	78.0
5.398537E13	2874.0	78.0
5.398538E13	2874.0	77.0
5.398539E13	2878.0	77.0
5.3985403E13	2878.0	77.0
5.398541E13	2878.0	77.0
5.398542E13	2878.0	78.0
5.398543E13	2881.0	78.0
5.398544E13	2881.0	78.0
5.3985453E13	2880.0	78.0
5.398546E13	2880.0	78.0
5.398547E13	2880.0	78.0
5.3985482E13	2880.0	78.0
5.398549E13	2881.0	78.0
5.39855E13	2881.0	78.0
5.398551E13	2881.0	78.0
5.398552E13	2881.0	78.0
5.3985533E13	2881.0	78.0
5.398554E13	2881.0	78.0
5.398555E13	2881.0	78.0
5.398556E13	2881.0	56.0
5.398557E13	2883.0	78.0
5.3985583E13	2883.0	77.0
5.398559E13	2883.0	78.0
5.39856E13	2885.0	78.0
5.3985612E13	2885.0	78.0
5.398562E13	2885.0	78.0
5.398563E13	2885.0	78.0
5.398564E13	2886.0	78.0
5.398565E13	2886.0	78.0
5.3985663E13	2886.0	78.0
5.398567E13	2886.0	78.0
5.398568E13	2888.0	78.0
5.398569E13	2888.0	78.0
5.39857E13	2888.0	78.0
5.3985713E13	2888.0	78.0
5.398572E13	2887.0	79.0
5.398573E13	2887.0	79.0
5.3985742E13	2887.0	79.0
5.398575E13	2889.0	79.0
5.398576E13	2889.0	78.0
5.398577E13	2889.0	78.0
5.398578E13	2889.0	78.0
5.3985793E13	2889.0	78.0
5.39858E13	2889.0	78.0
5.398581E13	2889.0	78.0
5.3985822E13	2889.0	78.0
5.398583E13	2889.0	78.0
5.3985843E13	2888.0	77.0
5.398585E13	2888.0	77.0
5.398586E13	2888.0	77.0
5.3985872E13	2888.0	77.0
5.398588E13	2891.0	77.0
5.3985893E13	2891.0	77.0
5.39859E13	2891.0	77.0
5.398591E13	2889.0	77.0
5.3985923E13	2889.0	77.0
5.398593E13	2889.0	77.0
5.398594E13	2889.0	77.0
5.3985952E13	2891.0	77.0
5.398596E13	2891.0	77.0
5.3985973E13	2891.0	77.0
5.398598E13	2891.0	77.0
5.398599E13	2890.0	77.0
5.3986002E13	2890.0	78.0
5.398601E13	2890.0	78.0
5.3986023E13	2890.0	78.0
5.398603E13	2894.0	78.0
5.398604E13	2894.0	78.0
5.3986053E13	2894.0	78.0
5.398606E13	2894.0	78.0
5.398607E13	2894.0	78.0
5.3986082E13	2894.0	78.0
5.398609E13	2894.0	78.0
5.3986103E13	2892.0	78.0
5.398611E13	2892.0	79.0
5.398612E13	2892.0	79.0
5.3986132E13	2892.0	78.0
5.398614E13	2893.0	78.0
5.3986153E13	2893.0	78.0
5.398616E13	2893.0	78.0
5.398617E13	2893.0	78.0
5.3986183E13	2895.0	78.0
5.398619E13	2895.0	78.0
5.39862E13	2895.0	78.0
5.3986212E13	2893.0	78.0
5.398622E13	2893.0	78.0
5.3986233E13	2893.0	78.0
5.398624E13	2893.0	79.0
5.398625E13	2895.0	79.0
5.3986263E13	2895.0	79.0
5.398627E13	2895.0	78.0
5.3986283E13	2895.0	79.0
5.398629E13	2896.0	79.0
5.39863E13	2896.0	79.0
5.3986313E13	2896.0	79.0
5.398632E13	2896.0	79.0
5.3986334E13	2897.0	78.0
5.3986342E13	2897.0	78.0
5.398635E13	2897.0	78.0
5.3986363E13	2897.0	78.0
5.398637E13	2897.0	78.0
5.398638E13	2897.0	78.0
5.3986393E13	2897.0	78.0
5.39864E13	2898.0	79.0
5.3986414E13	2898.0	79.0
5.398642E13	2898.0	79.0
5.398643E13	2898.0	79.0
5.3986443E13	2899.0	79.0
5.398645E13	2899.0	79.0
5.3986464E13	2899.0	79.0
5.3986472E13	2899.0	79.0
5.398648E13	2897.0	78.0
5.3986493E13	2897.0	78.0
5.39865E13	2897.0	78.0
5.3986514E13	2895.0	78.0
5.3986523E13	2895.0	78.0
5.398653E13	2895.0	78.0
5.3986544E13	2897.0	78.0
5.398655E13	2897.0	78.0
5.398656E13	2897.0	78.0
5.3986573E13	2897.0	78.0
5.398658E13	2897.0	78.0
5.3986594E13	2899.0	78.0
5.3986602E13	2899.0	78.0
5.398661E13	2899.0	78.0
5.3986623E13	2899.0	79.0
5.398663E13	2899.0	79.0
5.3986644E13	2899.0	80.0
5.3986653E13	2899.0	80.0
5.398666E13	2899.0	80.0
5.3986674E13	2899.0	79.0
5.398668E13	2899.0	79.0
5.398669E13	2899.0	79.0
5.3986703E13	2898.0	79.0
5.398671E13	2898.0	79.0
5.3986724E13	2898.0	79.0
5.3986732E13	2898.0	79.0
5.398674E13	2898.0	78.0
5.3986753E13	2898.0	78.0
5.398676E13	2898.0	78.0
5.3986774E13	2898.0	78.0
5.3986783E13	2898.0	78.0
5.398679E13	2898.0	78.0
5.3986804E13	2898.0	78.0
5.398681E13	2902.0	78.0
5.398682E13	2902.0	78.0
5.3986833E13	2902.0	78.0
5.398684E13	2902.0	79.0
5.3986854E13	2900.0	79.0
5.3986862E13	2900.0	79.0
5.398687E13	2900.0	79.0
5.3986883E13	2900.0	79.0
5.398689E13	2900.0	79.0
5.3986904E13	2900.0	79.0
5.3986913E13	2900.0	79.0
5.398692E13	2900.0	79.0
5.3986934E13	2898.0	79.0
5.398694E13	2898.0	79.0
5.398695E13	2898.0	79.0
5.3986963E13	2898.0	78.0
5.398697E13	2898.0	78.0
5.3986984E13	2898.0	78.0
5.3986992E13	2898.0	78.0
5.3987E13	2898.0	78.0
5.3987013E13	2898.0	78.0
5.398702E13	2898.0	78.0
5.3987034E13	2898.0	78.0
5.3987043E13	2896.0	78.0
5.398705E13	2896.0	78.0
5.3987064E13	2896.0	78.0
5.398707E13	2896.0	78.0
5.398708E13	2892.0	78.0
5.3987093E13	2892.0	78.0
5.39871E13	2892.0	78.0
5.3987114E13	2888.0	78.0
5.3987122E13	2888.0	78.0
5.398713E13	2888.0	78.0
5.3987143E13	2888.0	78.0
5.398715E13	2885.0	78.0
5.3987164E13	2885.0	78.0
5.3987177E13	2885.0	78.0
5.398718E13	2885.0	78.0
5.3987198E13	2885.0	78.0
5.39872E13	2885.0	78.0
5.3987215E13	2885.0	78.0
5.3987223E13	2885.0	78.0
5.398723E13	2882.0	78.0
5.3987244E13	2882.0	78.0
5.3987252E13	2882.0	78.0
5.398726E13	2880.0	78.0
5.3987273E13	2880.0	78.0
5.398728E13	2880.0	78.0
5.3987294E13	2880.0	77.0
5.3987303E13	2880.0	77.0
5.398731E13	2880.0	77.0
5.3987324E13	2880.0	77.0
5.398733E13	2880.0	77.0
5.3987345E13	2879.0	77.0
5.3987353E13	2879.0	77.0
5.398736E13	2879.0	77.0
5.3987374E13	2882.0	77.0
5.3987382E13	2882.0	77.0
5.398739E13	2882.0	78.0
5.3987403E13	2882.0	77.0
5.398741E13	2881.0	78.0
5.3987424E13	2881.0	78.0
5.3987433E13	2881.0	78.0
5.398744E13	2881.0	78.0
5.3987454E13	2882.0	78.0
5.398746E13	2882.0	78.0
5.3987475E13	2882.0	78.0
5.3987483E13	2882.0	78.0
5.398749E13	2882.0	78.0
5.3987504E13	2882.0	78.0
5.3987512E13	2882.0	78.0
5.3987525E13	2880.0	78.0
5.3987533E13	2880.0	78.0
5.398754E13	2880.0	78.0
5.3987554E13	2881.0	78.0
5.3987563E13	2881.0	78.0
5.398757E13	2881.0	78.0
5.3987584E13	2881.0	78.0
5.3987592E13	2881.0	78.0
5.3987605E13	2880.0	78.0
5.3987613E13	2880.0	78.0
5.398762E13	2880.0	78.0
5.3987634E13	2880.0	78.0
5.3987642E13	2880.0	78.0
5.3987655E13	2880.0	78.0
5.3987663E13	2881.0	78.0
5.398767E13	2881.0	78.0
5.3987684E13	2881.0	78.0
5.3987693E13	2881.0	78.0
5.39877E13	2881.0	78.0
5.3987714E13	2882.0	78.0
5.3987722E13	2882.0	78.0
5.3987735E13	2882.0	78.0
5.3987743E13	2882.0	78.0
5.398775E13	2882.0	78.0
5.3987764E13	2882.0	77.0
5.3987772E13	2882.0	77.0
5.3987785E13	2882.0	78.0
5.3987793E13	2882.0	78.0
5.39878E13	2882.0	78.0
5.3987814E13	2882.0	79.0
5.3987823E13	2882.0	79.0
5.398783E13	2882.0	78.0
5.3987844E13	2882.0	78.0
5.3987852E13	2882.0	78.0
5.3987865E13	2882.0	78.0
5.3987873E13	2882.0	78.0
5.398788E13	2882.0	78.0
5.3987894E13	2882.0	78.0
5.3987902E13	2882.0	78.0
5.3987915E13	2882.0	78.0
5.3987923E13	2882.0	78.0
5.398793E13	2882.0	78.0
5.3987944E13	2884.0	78.0
5.3987953E13	2884.0	78.0
5.3987965E13	2884.0	78.0
5.3987982E13	2882.0	78.0
5.3987995E13	2882.0	78.0
5.3988003E13	2882.0	78.0
5.398801E13	2882.0	78.0
5.3988024E13	2882.0	78.0
5.3988033E13	2882.0	78.0
5.3988045E13	2882.0	78.0
5.3988053E13	2886.0	78.0
5.398806E13	2886.0	78.0
5.3988074E13	2886.0	78.0
5.3988083E13	2886.0	78.0
5.3988095E13	2886.0	78.0
5.3988104E13	2886.0	78.0
5.3988112E13	2886.0	78.0
5.3988125E13	2886.0	78.0
5.3988133E13	2886.0	78.0
5.3988146E13	2886.0	78.0
5.3988154E13	2886.0	78.0
5.3988163E13	2886.0	78.0
5.3988175E13	2886.0	78.0
5.3988184E13	2886.0	78.0
5.398819E13	2889.0	78.0
5.3988204E13	2889.0	78.0
5.3988213E13	2889.0	78.0
5.3988225E13	2889.0	78.0
5.3988234E13	2889.0	78.0
5.3988242E13	2887.0	78.0
5.3988255E13	2887.0	78.0
5.3988263E13	2887.0	78.0
5.398827E13	2889.0	78.0
5.3988284E13	2889.0	78.0
5.3988293E13	2889.0	78.0
5.3988305E13	2889.0	78.0
5.3988314E13	2889.0	78.0
5.398832E13	2889.0	78.0
5.3988335E13	2889.0	78.0
5.3988343E13	2889.0	78.0
5.3988355E13	2889.0	78.0
5.3988364E13	2889.0	78.0
5.3988372E13	2889.0	78.0
5.398839E13	2891.0	78.0
5.3988393E13	2891.0	78.0
5.3988406E13	2891.0	78.0
5.3988414E13	2891.0	78.0
5.3988423E13	2890.0	78.0
5.3988435E13	2890.0	78.0
5.3988444E13	2890.0	78.0
5.398845E13	2890.0	78.0
5.3988465E13	2892.0	78.0
5.3988473E13	2892.0	78.0
5.3988485E13	2892.0	78.0
5.3988494E13	2892.0	78.0
5.3988502E13	2894.0	78.0
5.3988515E13	2894.0	78.0
5.3988523E13	2894.0	78.0
5.3988536E13	2894.0	78.0
5.3988544E13	2894.0	78.0
5.3988553E13	2894.0	78.0
5.3988565E13	2894.0	78.0
5.3988574E13	2892.0	78.0
5.3988586E13	2892.0	78.0
5.3988595E13	2892.0	79.0
5.3988603E13	2895.0	79.0
5.3988616E13	2895.0	79.0
5.3988624E13	2895.0	79.0
5.3988632E13	2895.0	79.0
5.3988645E13	2894.0	78.0
5.3988653E13	2894.0	78.0
5.3988666E13	2894.0	78.0
5.3988674E13	2894.0	78.0
5.3988683E13	2894.0	78.0
5.3988695E13	2893.0	78.0
5.3988704E13	2893.0	78.0
5.398871E13	2893.0	78.0
5.3988725E13	2893.0	78.0
5.3988733E13	2893.0	78.0
5.3988746E13	2893.0	78.0
5.3988754E13	2893.0	78.0
5.3988762E13	2892.0	78.0
5.3988775E13	2892.0	78.0
5.3988783E13	2892.0	78.0
5.3988796E13	2892.0	78.0
5.3988804E13	2891.0	78.0
5.3988813E13	2891.0	78.0
5.3988825E13	2891.0	78.0
5.3988834E13	2891.0	78.0
5.398884E13	2892.0	78.0
5.3988855E13	2892.0	78.0
5.3988863E13	2892.0	78.0
5.3988876E13	2890.0	79.0
5.3988884E13	2890.0	79.0
5.3988892E13	2890.0	79.0
5.3988905E13	2890.0	79.0
5.3988913E13	2888.0	79.0
5.3988926E13	2888.0	79.0
5.3988934E13	2888.0	78.0
5.3988943E13	2888.0	78.0
5.3988955E13	2888.0	79.0
5.3988964E13	2888.0	78.0
5.3988976E13	2888.0	78.0
5.3988985E13	2891.0	78.0
5.3988993E13	2891.0	78.0
5.3989006E13	2891.0	78.0
5.3989014E13	2889.0	78.0
5.3989022E13	2889.0	78.0
5.3989035E13	2889.0	78.0
5.3989043E13	2889.0	78.0
5.3989056E13	2889.0	78.0
5.3989064E13	2889.0	78.0
5.3989077E13	2889.0	78.0
5.3989085E13	2889.0	78.0
5.3989094E13	2889.0	78.0
5.3989106E13	2893.0	47.0
5.3989115E13	2893.0	47.0
5.3989123E13	2893.0	78.0
5.3989136E13	2893.0	78.0
5.3989144E13	2893.0	78.0
5.3989152E13	2893.0	78.0
5.3989165E13	2893.0	78.0
5.3989173E13	2894.0	78.0
5.3989186E13	2894.0	78.0
5.3989194E13	2894.0	78.0
5.3989203E13	2894.0	78.0
5.3989215E13	2894.0	78.0
5.3989224E13	2894.0	78.0
5.3989236E13	2894.0	79.0
5.3989245E13	2894.0	79.0
5.3989253E13	2894.0	79.0
5.3989266E13	2894.0	78.0
5.3989274E13	2894.0	78.0
5.3989287E13	2894.0	78.0
5.3989295E13	2894.0	78.0
5.3989303E13	2894.0	78.0
5.3989316E13	2894.0	78.0
5.3989324E13	2895.0	79.0
5.3989333E13	2895.0	79.0
5.3989345E13	2895.0	79.0
5.3989354E13	2895.0	79.0
5.3989366E13	2894.0	79.0
5.3989375E13	2894.0	78.0
5.3989383E13	2894.0	78.0
5.3989396E13	2894.0	78.0
5.3989404E13	2897.0	78.0
5.3989417E13	2897.0	78.0
5.3989425E13	2897.0	79.0
5.3989433E13	2894.0	79.0
5.3989446E13	2894.0	79.0
5.3989454E13	2894.0	79.0
5.3989463E13	2894.0	79.0
5.3989475E13	2896.0	79.0
5.3989484E13	2896.0	79.0
5.3989496E13	2896.0	79.0
5.3989505E13	2896.0	78.0
5.3989513E13	2896.0	78.0
5.3989526E13	2896.0	78.0
5.3989534E13	2896.0	78.0
5.3989547E13	2896.0	78.0
5.3989555E13	2896.0	78.0
5.3989563E13	2896.0	78.0
5.3989576E13	2894.0	78.0
5.3989584E13	2894.0	78.0
5.3989597E13	2894.0	78.0
5.3989605E13	2894.0	78.0
5.3989614E13	2894.0	78.0
5.3989626E13	2896.0	78.0
5.3989635E13	2896.0	78.0
5.3989647E13	2896.0	78.0
5.3989656E13	2896.0	79.0
5.3989664E13	2899.0	79.0
5.3989677E13	2899.0	79.0
5.3989685E13	2899.0	79.0
5.3989693E13	2897.0	79.0
5.3989706E13	2897.0	79.0
5.3989714E13	2897.0	79.0
5.3989727E13	2897.0	79.0
5.3989735E13	2894.0	79.0
5.3989744E13	2894.0	79.0
5.3989756E13	2894.0	78.0
5.3989765E13	2894.0	79.0
5.3989773E13	2898.0	79.0
5.3989786E13	2898.0	79.0
5.3989794E13	2898.0	79.0
5.3989807E13	2898.0	79.0
5.3989815E13	2897.0	79.0
5.3989823E13	2897.0	79.0
5.3989836E13	2897.0	79.0
5.3989844E13	2897.0	79.0
5.3989857E13	2897.0	79.0
5.3989865E13	2897.0	79.0
5.3989874E13	2897.0	79.0
5.3989886E13	2895.0	78.0
5.3989895E13	2895.0	78.0
5.3989903E13	2895.0	78.0
5.3989916E13	2895.0	78.0
5.3989924E13	2895.0	78.0
5.3989937E13	2895.0	78.0
5.3989945E13	2895.0	78.0
5.3989954E13	2895.0	78.0
5.3989966E13	2895.0	78.0
5.3989974E13	2895.0	78.0
5.3989987E13	2895.0	78.0
5.3989995E13	2895.0	78.0
5.3990004E13	2896.0	78.0
5.3990016E13	2896.0	78.0
5.3990025E13	2896.0	78.0
5.3990037E13	2894.0	78.0
5.3990046E13	2894.0	79.0
5.3990054E13	2894.0	79.0
5.3990067E13	2894.0	78.0
5.3990075E13	2895.0	78.0
5.3990084E13	2895.0	78.0
5.3990096E13	2895.0	78.0
5.3990104E13	2895.0	78.0
5.3990117E13	2893.0	78.0
5.3990125E13	2893.0	78.0
5.3990134E13	2893.0	78.0
5.3990146E13	2893.0	78.0
5.3990155E13	2894.0	78.0
5.3990167E13	2894.0	78.0
5.3990176E13	2894.0	78.0
5.3990184E13	2896.0	79.0
5.3990197E13	2896.0	79.0
5.3990205E13	2896.0	78.0
5.3990214E13	2896.0	78.0
5.3990226E13	2895.0	78.0
5.3990235E13	2895.0	78.0
5.3990247E13	2895.0	78.0
5.3990255E13	2895.0	78.0
5.3990264E13	2896.0	78.0
5.3990276E13	2896.0	78.0
5.3990285E13	2896.0	79.0
5.3990297E13	2896.0	79.0
5.3990306E13	2895.0	79.0
5.3990314E13	2895.0	79.0
5.3990327E13	2895.0	79.0
5.3990335E13	2894.0	79.0
5.3990344E13	2894.0	79.0
5.3990356E13	2894.0	79.0
5.3990365E13	2894.0	79.0
5.3990377E13	2894.0	79.0
5.3990386E13	2894.0	79.0
5.3990394E13	2894.0	79.0
5.3990406E13	2894.0	79.0
5.3990415E13	2893.0	79.0
5.3990427E13	2893.0	79.0
5.3990436E13	2893.0	78.0
5.3990444E13	2893.0	78.0
5.3990457E13	2893.0	78.0
5.3990465E13	2893.0	78.0
5.3990478E13	2893.0	78.0
5.3990486E13	2893.0	78.0
5.3990495E13	2893.0	78.0
5.3990507E13	2893.0	78.0
5.3990516E13	2893.0	79.0
5.3990524E13	2892.0	79.0
5.3990537E13	2892.0	79.0
5.3990545E13	2892.0	79.0
5.3990557E13	2892.0	79.0
5.3990566E13	2894.0	79.0
5.3990574E13	2894.0	79.0
5.3990587E13	2894.0	79.0
5.3990595E13	2894.0	79.0
5.3990608E13	2892.0	79.0
5.3990616E13	2892.0	79.0
5.3990625E13	2892.0	79.0
5.3990637E13	2894.0	79.0
5.3990646E13	2894.0	78.0
5.399066E13	2894.0	78.0
5.3990667E13	2894.0	78.0
5.3990675E13	2895.0	78.0
5.3990688E13	2895.0	78.0
5.3990696E13	2895.0	56.0
5.3990704E13	2895.0	78.0
5.3990717E13	2895.0	78.0
5.3990725E13	2895.0	78.0
5.3990738E13	2895.0	79.0
5.3990746E13	2895.0	79.0
5.3990755E13	2897.0	79.0
5.3990767E13	2897.0	79.0
5.3990776E13	2897.0	79.0
5.3990784E13	2897.0	79.0
5.3990797E13	2897.0	79.0
5.3990805E13	2897.0	79.0
5.3990818E13	2897.0	79.0
5.3990826E13	2899.0	78.0
5.3990834E13	2899.0	78.0
5.3990847E13	2899.0	79.0
5.3990855E13	2899.0	78.0
5.3990868E13	2901.0	78.0
5.3990876E13	2901.0	78.0
5.3990885E13	2901.0	78.0
5.3990897E13	2900.0	78.0
5.3990906E13	2900.0	78.0
5.399092E13	2900.0	78.0
5.3990927E13	2900.0	78.0
5.3990935E13	2899.0	78.0
5.3990948E13	2899.0	78.0
5.3990956E13	2899.0	78.0
5.3990964E13	2899.0	78.0
5.3990977E13	2899.0	78.0
5.3990985E13	2899.0	78.0
5.3990998E13	2899.0	79.0
5.3991006E13	2899.0	79.0
5.3991015E13	2901.0	79.0
5.3991027E13	2901.0	79.0
5.3991036E13	2901.0	79.0
5.399105E13	2899.0	78.0
5.3991057E13	2899.0	78.0
5.3991065E13	2899.0	78.0
5.3991078E13	2899.0	79.0
5.3991086E13	2899.0	79.0
5.3991094E13	2899.0	79.0
5.3991107E13	2899.0	79.0
5.3991115E13	2899.0	79.0
5.399113E13	2898.0	79.0
5.3991136E13	2898.0	79.0
5.3991145E13	2898.0	78.0
5.3991157E13	2898.0	78.0
5.3991166E13	2896.0	78.0
5.399118E13	2896.0	78.0
5.3991187E13	2896.0	78.0
5.3991195E13	2896.0	78.0
5.3991208E13	2896.0	78.0
5.3991216E13	2896.0	78.0
5.3991237E13	2895.0	78.0
5.3991245E13	2895.0	78.0
5.399126E13	2895.0	78.0
5.3991266E13	2895.0	78.0
5.3991275E13	2897.0	78.0
5.3991287E13	2897.0	78.0
5.3991296E13	2897.0	78.0
5.399131E13	2897.0	79.0
5.3991317E13	2898.0	79.0
5.3991325E13	2898.0	79.0
5.3991338E13	2898.0	79.0
5.3991346E13	2899.0	79.0
5.399136E13	2899.0	79.0
5.3991367E13	2899.0	79.0
5.3991375E13	2899.0	79.0
5.399139E13	2901.0	79.0
5.3991396E13	2901.0	79.0
5.3991405E13	2901.0	79.0
5.3991417E13	2901.0	79.0
5.3991426E13	2901.0	79.0
5.399144E13	2901.0	79.0
5.3991447E13	2901.0	78.0
5.3991455E13	2901.0	78.0
5.3991468E13	2902.0	78.0
5.3991476E13	2902.0	78.0
5.399149E13	2902.0	78.0
5.3991497E13	2903.0	78.0
5.3991505E13	2903.0	78.0
5.399152E13	2903.0	79.0
5.3991526E13	2903.0	79.0
5.3991535E13	2903.0	79.0
5.3991547E13	2903.0	79.0
5.3991556E13	2903.0	79.0
5.399157E13	2903.0	79.0
5.3991577E13	2902.0	79.0
5.3991585E13	2902.0	79.0
5.3991598E13	2902.0	79.0
5.3991606E13	2902.0	79.0
5.399162E13	2899.0	79.0
5.3991627E13	2899.0	79.0
5.3991635E13	2899.0	79.0
5.399165E13	2899.0	79.0
5.3991656E13	2899.0	79.0
5.399167E13	2899.0	79.0
5.3991677E13	2898.0	79.0
5.3991686E13	2898.0	79.0
5.39917E13	2898.0	78.0
5.3991707E13	2898.0	78.0
5.3991715E13	2898.0	78.0
5.3991728E13	2898.0	78.0
5.3991736E13	2898.0	78.0
5.399175E13	2898.0	56.0
5.3991757E13	2897.0	79.0
5.3991765E13	2897.0	79.0
5.399178E13	2897.0	79.0
5.3991786E13	2895.0	79.0
5.39918E13	2895.0	78.0
5.3991807E13	2895.0	78.0
5.3991816E13	2895.0	78.0
5.399183E13	2898.0	78.0
5.3991837E13	2898.0	78.0
5.3991845E13	2898.0	78.0
5.3991858E13	2898.0	79.0
5.3991866E13	2898.0	79.0
5.399188E13	2897.0	79.0
5.3991887E13	2897.0	79.0
5.3991895E13	2897.0	79.0
5.399191E13	2897.0	79.0
5.3991916E13	2899.0	78.0
5.399193E13	2899.0	78.0
5.3991937E13	2899.0	79.0
5.3991946E13	2901.0	79.0
5.3991967E13	2901.0	79.0
5.3991975E13	2901.0	79.0
5.3991988E13	2897.0	79.0
5.3991996E13	2897.0	79.0
5.399201E13	2897.0	79.0
5.3992017E13	2897.0	79.0
5.3992025E13	2899.0	79.0
5.399204E13	2899.0	79.0
5.3992046E13	2899.0	79.0
5.399206E13	2899.0	79.0
5.3992067E13	2898.0	79.0
5.3992076E13	2898.0	79.0
5.399209E13	2898.0	79.0
5.3992097E13	2900.0	79.0
5.3992105E13	2900.0	78.0
5.3992118E13	2900.0	78.0
5.3992126E13	2900.0	78.0
5.399214E13	2896.0	78.0
5.3992147E13	2896.0	78.0
5.3992156E13	2896.0	78.0
5.399217E13	2896.0	78.0
5.3992176E13	2899.0	78.0
5.399219E13	2899.0	79.0
5.3992197E13	2899.0	79.0
5.3992206E13	2899.0	79.0
5.399222E13	2900.0	79.0
5.3992227E13	2900.0	79.0
5.399224E13	2900.0	79.0
5.3992248E13	2899.0	79.0
5.3992256E13	2899.0	79.0
5.399227E13	2899.0	79.0
5.3992277E13	2899.0	79.0
5.3992286E13	2898.0	79.0
5.39923E13	2898.0	79.0
5.3992307E13	2898.0	79.0
5.399232E13	2898.0	79.0
5.3992327E13	2897.0	79.0
5.3992336E13	2897.0	79.0
5.399235E13	2897.0	79.0
5.3992357E13	2897.0	79.0
5.399237E13	2899.0	79.0
5.3992378E13	2899.0	79.0
5.3992386E13	2899.0	79.0
5.39924E13	2897.0	79.0
5.3992407E13	2897.0	79.0
5.3992416E13	2897.0	79.0
5.399243E13	2897.0	79.0
5.3992437E13	2897.0	79.0
5.399245E13	2897.0	79.0
5.3992458E13	2897.0	79.0
5.3992466E13	2897.0	79.0
5.399248E13	2896.0	79.0
5.3992487E13	2896.0	79.0
5.39925E13	2896.0	79.0
5.3992508E13	2893.0	79.0
5.3992516E13	2893.0	79.0
5.399253E13	2893.0	79.0
5.3992537E13	2893.0	79.0
5.399255E13	2894.0	79.0
5.399256E13	2894.0	79.0
5.3992567E13	2894.0	78.0
5.399258E13	2892.0	78.0
5.3992588E13	2892.0	78.0
5.3992596E13	2892.0	78.0
5.399261E13	2892.0	78.0
5.3992617E13	2892.0	77.0
5.399263E13	2894.0	77.0
5.3992638E13	2894.0	78.0
5.3992646E13	2894.0	78.0
5.399266E13	2891.0	79.0
5.3992667E13	2891.0	79.0
5.399268E13	2891.0	79.0
5.399269E13	2892.0	79.0
5.3992697E13	2892.0	79.0
5.399271E13	2892.0	79.0
5.3992718E13	2892.0	80.0
5.3992726E13	2892.0	80.0
5.399274E13	2892.0	79.0
5.3992747E13	2892.0	79.0
5.399276E13	2892.0	79.0
5.3992768E13	2891.0	79.0
5.3992776E13	2891.0	79.0
5.399279E13	2891.0	79.0
5.3992797E13	2893.0	79.0
5.399281E13	2893.0	79.0
5.399282E13	2893.0	79.0
5.3992827E13	2893.0	80.0
5.399284E13	2893.0	80.0
5.3992848E13	2894.0	80.0
5.399286E13	2894.0	79.0
5.399287E13	2894.0	79.0
5.3992877E13	2894.0	79.0
5.399289E13	2895.0	79.0
5.39929E13	2895.0	79.0
5.399291E13	2895.0	78.0
5.399292E13	2895.0	78.0
5.3992927E13	2895.0	78.0
5.399294E13	2895.0	78.0
5.399295E13	2895.0	78.0
5.3992957E13	2897.0	78.0
5.399297E13	2897.0	78.0
5.3992978E13	2897.0	78.0
5.399299E13	2897.0	78.0
5.3993E13	2899.0	78.0
5.3993007E13	2899.0	78.0
5.399302E13	2899.0	78.0
5.399303E13	2899.0	78.0
5.3993036E13	2899.0	79.0
5.399305E13	2899.0	79.0
5.3993057E13	2899.0	79.0
5.399307E13	2899.0	79.0
5.399308E13	2899.0	79.0
5.3993087E13	2899.0	79.0
5.39931E13	2899.0	79.0
5.3993108E13	2899.0	79.0
5.3993116E13	2899.0	79.0
5.399313E13	2899.0	79.0
5.3993137E13	2899.0	79.0
5.399315E13	2901.0	79.0
5.399316E13	2901.0	79.0
5.3993166E13	2901.0	80.0
5.399318E13	2901.0	80.0
5.3993187E13	2899.0	80.0
5.39932E13	2899.0	80.0
5.399321E13	2899.0	80.0
5.3993217E13	2901.0	79.0
5.399323E13	2901.0	79.0
5.3993238E13	2901.0	79.0
5.399325E13	2901.0	78.0
5.399326E13	2900.0	78.0
5.3993267E13	2900.0	78.0
5.399328E13	2900.0	78.0
5.399329E13	2900.0	78.0
5.3993296E13	2902.0	78.0
5.399331E13	2902.0	78.0
5.3993317E13	2902.0	78.0
5.399333E13	2902.0	78.0
5.399334E13	2903.0	78.0
5.3993347E13	2903.0	78.0
5.399336E13	2903.0	78.0
5.3993368E13	2903.0	78.0
5.399338E13	2900.0	78.0
5.399339E13	2900.0	79.0
5.3993397E13	2900.0	79.0
5.399341E13	2900.0	79.0
5.399342E13	2900.0	80.0
5.3993426E13	2900.0	80.0
5.399344E13	2900.0	80.0
5.3993447E13	2899.0	80.0
5.399346E13	2899.0	80.0
5.399347E13	2899.0	80.0
5.3993477E13	2900.0	80.0
5.399349E13	2900.0	80.0
5.3993498E13	2900.0	80.0
5.399351E13	2900.0	80.0
5.399352E13	2900.0	80.0
5.3993527E13	2900.0	79.0
5.399354E13	2900.0	79.0
5.399355E13	2901.0	79.0
5.399356E13	2901.0	79.0
5.399357E13	2901.0	79.0
5.3993577E13	2901.0	79.0
5.399359E13	2901.0	79.0
5.39936E13	2901.0	79.0
5.3993607E13	2901.0	78.0
5.399362E13	2901.0	78.0
5.3993628E13	2901.0	77.0
5.399364E13	2901.0	77.0
5.399365E13	2901.0	77.0
5.3993657E13	2901.0	78.0
5.399367E13	2902.0	78.0
5.399368E13	2902.0	78.0
5.399369E13	2902.0	78.0
5.39937E13	2900.0	79.0
5.3993707E13	2900.0	79.0
5.399372E13	2900.0	79.0
5.399373E13	2900.0	79.0
5.3993737E13	2900.0	79.0
5.399375E13	2899.0	80.0
5.3993758E13	2899.0	80.0
5.399377E13	2899.0	80.0
5.399378E13	2897.0	80.0
5.3993787E13	2897.0	80.0
5.39938E13	2897.0	80.0
5.399381E13	2897.0	79.0
5.399382E13	2897.0	79.0
5.399383E13	2897.0	79.0
5.3993837E13	2897.0	79.0
5.399385E13	2897.0	79.0
5.399386E13	2899.0	79.0
5.399387E13	2899.0	79.0
5.399388E13	2899.0	79.0
5.3993888E13	2899.0	79.0
5.39939E13	2895.0	79.0
5.399391E13	2895.0	78.0
5.3993917E13	2895.0	78.0
5.399393E13	2894.0	78.0
5.399394E13	2894.0	78.0
5.399395E13	2894.0	78.0
5.399396E13	2894.0	78.0
5.3993967E13	2894.0	78.0
5.399398E13	2895.0	78.0
5.399399E13	2895.0	78.0
5.3994E13	2893.0	78.0
5.399401E13	2893.0	78.0
5.3994018E13	2893.0	78.0
5.399403E13	2893.0	79.0
5.399404E13	2893.0	79.0
5.3994047E13	2894.0	80.0
5.399406E13	2894.0	80.0
5.399407E13	2894.0	80.0
5.399408E13	2894.0	80.0
5.399409E13	2891.0	81.0
5.3994097E13	2891.0	81.0
5.399411E13	2891.0	81.0
5.399412E13	2891.0	81.0
5.399413E13	2890.0	80.0
5.399414E13	2890.0	80.0
5.3994148E13	2890.0	79.0
5.399416E13	2888.0	79.0
5.399417E13	2888.0	79.0
5.3994177E13	2888.0	79.0
5.399419E13	2888.0	79.0
5.39942E13	2883.0	79.0
5.399421E13	2883.0	79.0
5.399422E13	2883.0	79.0
5.3994227E13	2883.0	78.0
5.399424E13	2881.0	78.0
5.399425E13	2881.0	78.0
5.399426E13	2881.0	77.0
5.399427E13	2881.0	77.0
5.3994278E13	2880.0	77.0
5.399429E13	2880.0	77.0
5.39943E13	2880.0	77.0
5.3994307E13	2875.0	77.0
5.399432E13	2875.0	77.0
5.399433E13	2875.0	78.0
5.399434E13	2875.0	78.0
5.399435E13	2872.0	78.0
5.3994358E13	2872.0	78.0
5.399437E13	2872.0	78.0
5.399438E13	2872.0	77.0
5.399439E13	2866.0	77.0
5.39944E13	2866.0	77.0
5.3994408E13	2866.0	77.0
5.399442E13	2866.0	77.0
5.399443E13	2865.0	76.0
5.399444E13	2865.0	76.0
5.399445E13	2865.0	76.0
5.399446E13	2863.0	76.0
5.3994475E13	2863.0	76.0
5.399448E13	2863.0	76.0
5.3994488E13	2863.0	76.0
5.39945E13	2862.0	77.0
5.399451E13	2862.0	78.0
5.399452E13	2862.0	78.0
5.399453E13	2862.0	78.0
5.3994538E13	2862.0	78.0
5.399455E13	2862.0	78.0
5.399456E13	2862.0	78.0
5.399457E13	2862.0	78.0
5.399458E13	2862.0	77.0
5.399459E13	2862.0	77.0
5.39946E13	2862.0	77.0
5.399461E13	2859.0	77.0
5.399462E13	2859.0	77.0
5.399463E13	2859.0	77.0
5.399464E13	2859.0	77.0
5.399465E13	2863.0	77.0
5.399466E13	2863.0	77.0
5.3994668E13	2863.0	77.0
5.399468E13	2863.0	77.0
5.399469E13	2863.0	77.0
5.39947E13	2863.0	77.0
5.399471E13	2864.0	77.0
5.399472E13	2864.0	77.0
5.399473E13	2864.0	78.0
5.399474E13	2864.0	78.0
5.399475E13	2864.0	78.0
5.399476E13	2863.0	79.0
5.399477E13	2863.0	57.0
5.399478E13	2863.0	57.0
5.399479E13	2863.0	79.0
5.3994802E13	2863.0	79.0
5.399481E13	2863.0	79.0
5.399482E13	2863.0	79.0
5.399483E13	2863.0	79.0
5.399484E13	2863.0	79.0
5.399485E13	2863.0	78.0
5.399486E13	2863.0	78.0
5.399487E13	2864.0	78.0
5.399488E13	2864.0	78.0
5.399489E13	2864.0	78.0
5.39949E13	2864.0	78.0
5.399491E13	2861.0	78.0
5.399495E13	2862.0	78.0
5.399496E13	2862.0	78.0
5.399497E13	2862.0	78.0
5.399498E13	2862.0	78.0
5.399499E13	2862.0	78.0
5.3995E13	2862.0	78.0
5.399501E13	2862.0	78.0
5.399502E13	2862.0	78.0
5.399503E13	2862.0	77.0
5.399504E13	2862.0	77.0
5.399505E13	2862.0	77.0
5.3995062E13	2864.0	77.0
5.399507E13	2864.0	77.0
5.399508E13	2864.0	78.0
5.399509E13	2862.0	78.0
5.39951E13	2862.0	79.0
5.399511E13	2862.0	79.0
5.399512E13	2862.0	79.0
5.399513E13	2862.0	79.0
5.399514E13	2862.0	79.0
5.399515E13	2862.0	80.0
5.399516E13	2862.0	80.0
5.399517E13	2863.0	80.0
5.399518E13	2863.0	79.0
5.3995192E13	2863.0	79.0
5.39952E13	2863.0	79.0
5.399521E13	2864.0	79.0
5.399522E13	2864.0	79.0
5.399523E13	2864.0	79.0
5.399524E13	2864.0	79.0
5.399525E13	2867.0	78.0
5.399526E13	2867.0	78.0
5.399527E13	2867.0	78.0
5.399528E13	2870.0	77.0
5.399529E13	2870.0	77.0
5.39953E13	2870.0	77.0
5.399531E13	2870.0	77.0
5.3995322E13	2870.0	77.0
5.399533E13	2870.0	77.0
5.399534E13	2870.0	78.0
5.399535E13	2871.0	78.0
5.399536E13	2871.0	78.0
5.3995373E13	2871.0	78.0
5.399538E13	2871.0	78.0
5.3995394E13	2870.0	77.0
5.39954E13	2870.0	77.0
5.3995414E13	2870.0	77.0
5.399542E13	2870.0	78.0
5.399543E13	2871.0	78.0
5.399544E13	2871.0	79.0
5.3995452E13	2871.0	79.0
5.399546E13	2871.0	79.0
5.399547E13	2870.0	79.0
5.399548E13	2870.0	79.0
5.399549E13	2870.0	79.0
5.3995503E13	2870.0	80.0
5.399551E13	2866.0	80.0
5.399552E13	2866.0	80.0
5.399553E13	2866.0	79.0
5.399554E13	2866.0	79.0
5.399555E13	2868.0	79.0
5.399556E13	2868.0	79.0
5.399557E13	2868.0	79.0
5.3995582E13	2868.0	79.0
5.399559E13	2866.0	79.0
5.39956E13	2866.0	79.0
5.399561E13	2866.0	79.0
5.399562E13	2869.0	78.0
5.399563E13	2869.0	78.0
5.399564E13	2869.0	78.0
5.399565E13	2869.0	78.0
5.399566E13	2867.0	78.0
5.399567E13	2867.0	77.0
5.399568E13	2867.0	77.0
5.399569E13	2867.0	77.0
5.39957E13	2868.0	77.0
5.3995712E13	2868.0	77.0
5.399572E13	2868.0	77.0
5.399573E13	2870.0	77.0
5.399574E13	2870.0	77.0
5.399575E13	2870.0	78.0
5.3995763E13	2870.0	78.0
5.399577E13	2869.0	78.0
5.399578E13	2869.0	78.0
5.399579E13	2869.0	79.0
5.39958E13	2869.0	79.0
5.399581E13	2867.0	79.0
5.399582E13	2867.0	79.0
5.3995834E13	2867.0	79.0
5.3995842E13	2867.0	79.0
5.3995855E13	2866.0	79.0
5.399586E13	2866.0	79.0
5.399587E13	2866.0	79.0
5.399588E13	2866.0	79.0
5.3995893E13	2865.0	79.0
5.39959E13	2865.0	79.0
5.399591E13	2865.0	79.0
5.399592E13	2867.0	79.0
5.399593E13	2867.0	79.0
5.399594E13	2867.0	79.0
5.399595E13	2867.0	79.0
5.399596E13	2868.0	79.0
5.3995972E13	2868.0	79.0
5.399598E13	2868.0	78.0
5.399599E13	2868.0	78.0
5.3996E13	2869.0	78.0
5.399601E13	2869.0	78.0
5.3996023E13	2869.0	77.0
5.399603E13	2869.0	77.0
5.399604E13	2868.0	77.0
5.399605E13	2868.0	77.0
5.399606E13	2868.0	77.0
5.3996073E13	2868.0	77.0
5.399608E13	2868.0	77.0
5.399609E13	2868.0	78.0
5.3996102E13	2868.0	78.0
5.399611E13	2869.0	79.0
5.399612E13	2869.0	79.0
5.399613E13	2869.0	79.0
5.399614E13	2869.0	79.0
5.3996153E13	2870.0	79.0
5.399616E13	2870.0	79.0
5.399617E13	2870.0	79.0
5.399618E13	2870.0	79.0
5.399619E13	2870.0	79.0
5.3996203E13	2870.0	80.0
5.399621E13	2870.0	80.0
5.399622E13	2869.0	80.0
5.3996237E13	2869.0	80.0
5.399624E13	2869.0	79.0
5.3996253E13	2869.0	79.0
5.399626E13	2869.0	79.0
5.399627E13	2869.0	78.0
5.3996283E13	2869.0	78.0
5.399629E13	2869.0	77.0
5.39963E13	2869.0	77.0
5.399631E13	2869.0	78.0
5.399632E13	2869.0	78.0
5.3996333E13	2870.0	78.0
5.399634E13	2870.0	77.0
5.399635E13	2870.0	77.0
5.3996362E13	2870.0	77.0
5.399637E13	2870.0	77.0
5.3996383E13	2870.0	77.0
5.399639E13	2870.0	77.0
5.39964E13	2870.0	77.0
5.3996413E13	2872.0	77.0
5.399642E13	2872.0	77.0
5.399643E13	2872.0	77.0
5.399644E13	2872.0	77.0
5.399645E13	2869.0	78.0
5.3996463E13	2869.0	78.0
5.399647E13	2869.0	79.0
5.399648E13	2867.0	79.0
5.3996492E13	2867.0	80.0
5.39965E13	2867.0	80.0
5.3996513E13	2867.0	80.0
5.399652E13	2868.0	80.0
5.399653E13	2868.0	80.0
5.3996543E13	2868.0	80.0
5.399655E13	2868.0	80.0
5.3996564E13	2865.0	80.0
5.3996572E13	2865.0	80.0
5.399658E13	2865.0	80.0
5.3996593E13	2865.0	80.0
5.39966E13	2868.0	79.0
5.399661E13	2868.0	79.0
5.3996622E13	2868.0	79.0
5.399663E13	2866.0	79.0
5.3996643E13	2866.0	78.0
5.399665E13	2866.0	78.0
5.399666E13	2864.0	59.0
5.3996673E13	2864.0	78.0
5.399668E13	2864.0	78.0
5.3996694E13	2864.0	78.0
5.3996702E13	2864.0	78.0
5.399671E13	2866.0	78.0
5.3996723E13	2866.0	78.0
5.399673E13	2866.0	78.0
5.399674E13	2867.0	78.0
5.3996752E13	2867.0	78.0
5.399676E13	2867.0	78.0
5.3996773E13	2863.0	78.0
5.399678E13	2863.0	78.0
5.399679E13	2863.0	78.0
5.3996803E13	2863.0	79.0
5.399681E13	2863.0	79.0
5.3996824E13	2861.0	79.0
5.3996832E13	2861.0	79.0
5.399684E13	2861.0	79.0
5.3996853E13	2861.0	79.0
5.399686E13	2859.0	79.0
5.399687E13	2859.0	79.0
5.3996882E13	2859.0	79.0
5.399689E13	2859.0	79.0
5.3996903E13	2857.0	79.0
5.399691E13	2857.0	79.0
5.399692E13	2857.0	78.0
5.3996933E13	2857.0	78.0
5.399694E13	2857.0	78.0
5.3996954E13	2857.0	78.0
5.3996962E13	2857.0	78.0
5.399697E13	2855.0	77.0
5.3996983E13	2855.0	77.0
5.399699E13	2855.0	77.0
5.3997004E13	2855.0	78.0
5.3997013E13	2855.0	78.0
5.399702E13	2855.0	78.0
5.3997033E13	2855.0	78.0
5.399704E13	2855.0	78.0
5.399705E13	2855.0	78.0
5.3997063E13	2855.0	78.0
5.399707E13	2855.0	77.0
5.3997084E13	2853.0	77.0
5.3997092E13	2853.0	78.0
5.39971E13	2853.0	78.0
5.3997113E13	2853.0	78.0
5.399712E13	2852.0	78.0
5.3997134E13	2852.0	79.0
5.3997143E13	2852.0	79.0
5.399715E13	2852.0	78.0
5.3997164E13	2854.0	78.0
5.399717E13	2854.0	78.0
5.399718E13	2854.0	79.0
5.3997193E13	2854.0	79.0
5.39972E13	2854.0	79.0
5.3997214E13	2854.0	79.0
5.3997222E13	2851.0	79.0
5.3997235E13	2851.0	79.0
5.3997243E13	2851.0	79.0
5.3997256E13	2851.0	79.0
5.3997264E13	2851.0	78.0
5.3997273E13	2850.0	78.0
5.399728E13	2850.0	78.0
5.3997294E13	2850.0	78.0
5.39973E13	2850.0	78.0
5.399731E13	2853.0	78.0
5.3997323E13	2853.0	78.0
5.399733E13	2853.0	78.0
5.3997344E13	2853.0	78.0
5.3997352E13	2851.0	78.0
5.399736E13	2851.0	78.0
5.3997373E13	2851.0	78.0
5.399738E13	2851.0	78.0
5.3997394E13	2851.0	78.0
5.3997403E13	2851.0	78.0
5.399741E13	2851.0	78.0
5.3997424E13	2854.0	78.0
5.399743E13	2854.0	78.0
5.3997445E13	2854.0	78.0
5.3997453E13	2854.0	78.0
5.399746E13	2854.0	78.0
5.3997474E13	2854.0	78.0
5.3997482E13	2854.0	78.0
5.399749E13	2854.0	78.0
5.3997503E13	2855.0	78.0
5.399751E13	2855.0	78.0
5.3997524E13	2855.0	78.0
5.3997533E13	2855.0	78.0
5.399754E13	2855.0	78.0
5.3997554E13	2855.0	78.0
5.399756E13	2855.0	78.0
5.3997575E13	2858.0	79.0
5.3997583E13	2858.0	79.0
5.399759E13	2858.0	79.0
5.3997604E13	2858.0	79.0
5.3997612E13	2856.0	79.0
5.399762E13	2856.0	78.0
5.3997633E13	2856.0	78.0
5.399764E13	2856.0	78.0
5.3997654E13	2859.0	78.0
5.3997663E13	2859.0	78.0
5.399767E13	2862.0	78.0
5.3997684E13	2862.0	78.0
5.399769E13	2862.0	78.0
5.3997705E13	2862.0	78.0
5.3997713E13	2862.0	78.0
5.399772E13	2861.0	78.0
5.3997734E13	2861.0	78.0
5.3997742E13	2861.0	78.0
5.3997755E13	2863.0	78.0
5.3997763E13	2863.0	78.0
5.399777E13	2863.0	78.0
5.3997784E13	2863.0	79.0
5.3997793E13	2862.0	79.0
5.39978E13	2862.0	79.0
5.3997814E13	2862.0	79.0
5.399782E13	2862.0	79.0
5.3997835E13	2861.0	79.0
5.3997843E13	2861.0	79.0
5.399785E13	2861.0	79.0
5.3997864E13	2861.0	79.0
5.3997872E13	2863.0	79.0
5.3997885E13	2863.0	78.0
5.3997893E13	2863.0	79.0
5.39979E13	2863.0	78.0
5.3997914E13	2864.0	79.0
5.3997923E13	2864.0	79.0
5.399793E13	2864.0	79.0
5.3997944E13	2864.0	79.0
5.399795E13	2864.0	79.0
5.3997965E13	2864.0	79.0
5.3997973E13	2864.0	79.0
5.399798E13	2863.0	79.0
5.3997994E13	2863.0	79.0
5.3998002E13	2863.0	78.0
5.3998015E13	2863.0	78.0
5.3998023E13	2866.0	78.0
5.399803E13	2866.0	79.0
5.3998044E13	2866.0	79.0
5.3998053E13	2866.0	79.0
5.399806E13	2865.0	79.0
5.3998074E13	2865.0	79.0
5.399808E13	2865.0	78.0
5.3998095E13	2866.0	78.0
5.3998103E13	2866.0	77.0
5.399811E13	2866.0	77.0
5.3998124E13	2866.0	77.0
5.3998132E13	2865.0	77.0
5.3998145E13	2865.0	78.0
5.3998153E13	2865.0	78.0
5.399816E13	2865.0	78.0
5.3998174E13	2868.0	79.0
5.3998183E13	2868.0	79.0
5.399819E13	2868.0	79.0
5.3998204E13	2868.0	80.0
5.399821E13	2869.0	80.0
5.3998225E13	2869.0	80.0
5.3998233E13	2869.0	80.0
5.399824E13	2869.0	80.0
5.3998254E13	2869.0	79.0
5.3998262E13	2869.0	79.0
5.3998275E13	2869.0	78.0
5.3998283E13	2871.0	78.0
5.399829E13	2871.0	78.0
5.3998304E13	2871.0	78.0
5.3998313E13	2871.0	78.0
5.3998325E13	2872.0	78.0
5.3998334E13	2872.0	79.0
5.3998342E13	2872.0	79.0
5.3998355E13	2872.0	78.0
5.3998363E13	2872.0	79.0
5.399837E13	2872.0	79.0
5.3998384E13	2872.0	79.0
5.3998392E13	2874.0	79.0
5.3998405E13	2874.0	79.0
5.3998413E13	2874.0	79.0
5.399842E13	2874.0	79.0
5.3998434E13	2874.0	79.0
5.3998443E13	2874.0	79.0
5.3998455E13	2874.0	79.0
5.3998464E13	2874.0	79.0
5.3998472E13	2871.0	80.0
5.3998485E13	2871.0	80.0
5.3998493E13	2871.0	79.0
5.3998506E13	2871.0	79.0
5.3998514E13	2873.0	79.0
5.3998522E13	2873.0	78.0
5.3998535E13	2873.0	78.0
5.3998543E13	2873.0	78.0
5.399855E13	2873.0	78.0
5.3998564E13	2873.0	78.0
5.3998573E13	2873.0	79.0
5.3998585E13	2869.0	79.0
5.3998594E13	2869.0	79.0
5.3998602E13	2869.0	79.0
5.3998615E13	2869.0	79.0
5.3998623E13	2868.0	79.0
5.3998636E13	2868.0	79.0
5.3998644E13	2868.0	79.0
5.3998652E13	2868.0	79.0
5.3998665E13	2869.0	78.0
5.3998673E13	2869.0	78.0
5.399868E13	2868.0	79.0
5.3998694E13	2868.0	79.0
5.3998703E13	2868.0	79.0
5.3998715E13	2868.0	79.0
5.3998724E13	2865.0	79.0
5.3998732E13	2865.0	79.0
5.3998745E13	2865.0	79.0
5.3998753E13	2865.0	79.0
5.3998766E13	2867.0	79.0
5.3998774E13	2867.0	79.0
5.3998783E13	2864.0	79.0
5.3998795E13	2864.0	79.0
5.3998803E13	2864.0	79.0
5.3998824E13	2864.0	79.0
5.399881E13	2864.0	58.0
5.3998833E13	2864.0	58.0
5.3998845E13	2864.0	78.0
5.3998854E13	2864.0	78.0
5.3998862E13	2864.0	78.0
5.3998875E13	2862.0	78.0
5.3998883E13	2862.0	79.0
5.3998896E13	2862.0	79.0
5.3998904E13	2862.0	79.0
5.3998913E13	2862.0	79.0
5.3998925E13	2862.0	78.0
5.3998934E13	2862.0	78.0
5.3998946E13	2862.0	78.0
5.3998954E13	2862.0	78.0
5.3998963E13	2862.0	78.0
5.3998975E13	2862.0	78.0
5.3998984E13	2860.0	78.0
5.3998992E13	2860.0	78.0
5.3999005E13	2860.0	78.0
5.3999013E13	2860.0	78.0
5.3999026E13	2860.0	78.0
5.3999034E13	2859.0	78.0
5.3999043E13	2859.0	79.0
5.3999055E13	2859.0	79.0
5.3999064E13	2859.0	79.0
5.399907E13	2857.0	79.0
5.3999085E13	2857.0	79.0
5.3999093E13	2857.0	79.0
5.3999105E13	2857.0	78.0
5.3999114E13	2861.0	78.0
5.3999122E13	2861.0	78.0
5.3999135E13	2861.0	78.0
5.3999143E13	2861.0	78.0
5.3999156E13	2861.0	78.0
5.3999164E13	2861.0	78.0
5.3999173E13	2861.0	78.0
5.3999185E13	2861.0	78.0
5.3999194E13	2861.0	78.0
5.39992E13	2861.0	78.0
5.3999215E13	2861.0	78.0
5.3999223E13	2861.0	78.0
5.3999235E13	2861.0	78.0
5.3999244E13	2861.0	77.0
5.3999252E13	2861.0	77.0
5.3999265E13	2863.0	77.0
5.3999277E13	2863.0	77.0
5.3999286E13	2863.0	78.0
5.3999294E13	2862.0	78.0
5.3999307E13	2862.0	78.0
5.3999315E13	2862.0	78.0
5.3999324E13	2862.0	78.0
5.3999336E13	2862.0	78.0
5.3999345E13	2862.0	78.0
5.3999353E13	2862.0	78.0
5.3999366E13	2862.0	78.0
5.3999374E13	2863.0	79.0
5.3999382E13	2863.0	79.0
5.3999395E13	2863.0	79.0
5.3999403E13	2863.0	79.0
5.3999416E13	2863.0	79.0
5.3999424E13	2863.0	79.0
5.3999433E13	2863.0	79.0
5.3999445E13	2865.0	79.0
5.3999454E13	2865.0	78.0
5.3999466E13	2865.0	78.0
5.3999475E13	2865.0	78.0
5.3999483E13	2863.0	78.0
5.3999496E13	2863.0	78.0
5.3999504E13	2863.0	78.0
5.3999512E13	2863.0	78.0
5.3999525E13	2863.0	78.0
5.3999533E13	2863.0	78.0
5.3999546E13	2863.0	78.0
5.3999554E13	2863.0	78.0
5.3999563E13	2865.0	78.0
5.3999575E13	2865.0	78.0
5.3999584E13	2865.0	78.0
5.3999596E13	2863.0	78.0
5.3999605E13	2863.0	78.0
5.3999613E13	2863.0	79.0
5.3999626E13	2863.0	79.0
5.3999634E13	2861.0	79.0
5.3999647E13	2861.0	79.0
5.3999655E13	2861.0	79.0
5.3999663E13	2861.0	79.0
5.3999676E13	2862.0	78.0
5.3999684E13	2862.0	78.0
5.3999693E13	2865.0	78.0
5.3999705E13	2865.0	78.0
5.3999714E13	2865.0	78.0
5.3999726E13	2865.0	79.0
5.3999735E13	2865.0	79.0
5.3999743E13	2863.0	79.0
5.3999756E13	2863.0	79.0
5.3999764E13	2863.0	79.0
5.3999777E13	2863.0	79.0
5.3999785E13	2863.0	79.0
5.3999793E13	2863.0	79.0
5.3999806E13	2863.0	78.0
5.3999814E13	2863.0	78.0
5.3999823E13	2865.0	78.0
5.3999835E13	2865.0	78.0
5.3999844E13	2865.0	78.0
5.3999856E13	2865.0	78.0
5.3999865E13	2865.0	78.0
5.3999873E13	2865.0	78.0
5.3999886E13	2865.0	78.0
5.3999894E13	2865.0	78.0
5.3999907E13	2865.0	78.0
5.3999915E13	2865.0	78.0
5.3999923E13	2865.0	79.0
5.3999936E13	2869.0	79.0
5.3999944E13	2869.0	79.0
5.3999953E13	2869.0	79.0
5.3999965E13	2869.0	79.0
5.3999974E13	2869.0	79.0
5.3999986E13	2869.0	79.0
5.3999995E13	2869.0	79.0
5.4000003E13	2869.0	79.0
5.4000016E13	2869.0	79.0
5.4000024E13	2869.0	79.0
5.4000037E13	2869.0	79.0
5.4000045E13	2870.0	79.0
5.4000053E13	2870.0	79.0
5.4000066E13	2870.0	79.0
5.4000074E13	2870.0	79.0
5.4000087E13	2873.0	79.0
5.4000095E13	2873.0	79.0
5.4000104E13	2873.0	79.0
5.4000116E13	2873.0	79.0
5.4000125E13	2869.0	79.0
5.4000133E13	2869.0	79.0
5.4000146E13	2869.0	79.0
5.4000154E13	2873.0	79.0
5.4000167E13	2873.0	79.0
5.4000175E13	2873.0	79.0
5.4000183E13	2873.0	79.0
5.4000196E13	2872.0	79.0
5.4000204E13	2872.0	79.0
5.4000217E13	2872.0	79.0
5.4000225E13	2872.0	79.0
5.4000234E13	2873.0	79.0
5.4000246E13	2873.0	79.0
5.4000255E13	2873.0	79.0
5.4000263E13	2873.0	79.0
5.4000276E13	2873.0	79.0
5.4000284E13	2873.0	78.0
5.4000297E13	2873.0	78.0
5.4000305E13	2873.0	78.0
5.4000313E13	2873.0	78.0
5.4000326E13	2873.0	78.0
5.4000334E13	2873.0	78.0
5.4000347E13	2870.0	79.0
5.4000355E13	2870.0	79.0
5.4000364E13	2870.0	78.0
5.4000376E13	2870.0	79.0
5.4000385E13	2870.0	79.0
5.4000397E13	2870.0	79.0
5.4000406E13	2870.0	79.0
5.4000414E13	2870.0	79.0
5.4000427E13	2868.0	79.0
5.4000435E13	2868.0	79.0
5.4000443E13	2868.0	79.0
5.4000456E13	2870.0	79.0
5.4000464E13	2870.0	78.0
5.4000477E13	2870.0	78.0
5.4000485E13	2870.0	78.0
5.4000494E13	2871.0	79.0
5.4000506E13	2871.0	79.0
5.4000515E13	2871.0	79.0
5.4000527E13	2871.0	79.0
5.4000536E13	2866.0	79.0
5.4000544E13	2866.0	79.0
5.4000557E13	2866.0	79.0
5.4000565E13	2866.0	79.0
5.4000573E13	2871.0	79.0
5.4000586E13	2871.0	79.0
5.4000594E13	2871.0	79.0
5.4000607E13	2867.0	79.0
5.4000615E13	2867.0	79.0
5.4000624E13	2867.0	79.0
5.4000636E13	2867.0	79.0
5.4000645E13	2867.0	79.0
5.4000657E13	2867.0	78.0
5.4000666E13	2867.0	78.0
5.4000674E13	2867.0	79.0
5.4000687E13	2867.0	79.0
5.4000695E13	2867.0	79.0
5.4000708E13	2867.0	79.0
5.4000716E13	2868.0	79.0
5.4000724E13	2868.0	79.0
5.4000737E13	2868.0	79.0
5.4000745E13	2867.0	79.0
5.4000754E13	2867.0	79.0
5.4000766E13	2867.0	79.0
5.4000775E13	2867.0	79.0
5.4000787E13	2868.0	59.0
5.4000796E13	2868.0	79.0
5.4000804E13	2868.0	79.0
5.4000817E13	2868.0	78.0
5.4000825E13	2866.0	78.0
5.4000838E13	2866.0	78.0
5.4000846E13	2866.0	79.0
5.4000854E13	2866.0	79.0
5.4000867E13	2868.0	79.0
5.4000875E13	2868.0	79.0
5.4000884E13	2868.0	79.0
5.4000896E13	2869.0	79.0
5.4000905E13	2869.0	79.0
5.4000917E13	2867.0	79.0
5.4000947E13	2867.0	79.0
5.4000955E13	2867.0	79.0
5.4000968E13	2867.0	79.0
5.4000976E13	2868.0	79.0
5.4000985E13	2868.0	79.0
5.4000997E13	2868.0	79.0
5.4001005E13	2868.0	79.0
5.4001014E13	2866.0	79.0
5.4001026E13	2866.0	79.0
5.4001035E13	2866.0	79.0
5.4001047E13	2869.0	79.0
5.4001064E13	2869.0	78.0
5.4001056E13	2869.0	78.0
5.4001077E13	2869.0	78.0
5.4001098E13	2871.0	79.0
5.4001085E13	2871.0	79.0
5.4001115E13	2871.0	79.0
5.4001127E13	2871.0	79.0
5.4001106E13	2871.0	79.0
5.4001136E13	2871.0	79.0
5.4001144E13	2871.0	78.0
5.4001156E13	2871.0	78.0
5.4001165E13	2871.0	78.0
5.4001177E13	2872.0	78.0
5.4001186E13	2872.0	78.0
5.4001194E13	2872.0	78.0
5.4001207E13	2873.0	78.0
5.4001215E13	2873.0	78.0
5.4001228E13	2873.0	78.0
5.4001236E13	2873.0	79.0
5.4001245E13	2874.0	79.0
5.4001257E13	2874.0	79.0
5.4001266E13	2874.0	79.0
5.400128E13	2874.0	79.0
5.4001287E13	2872.0	79.0
5.4001295E13	2872.0	79.0
5.4001307E13	2872.0	79.0
5.4001316E13	2873.0	79.0
5.4001324E13	2873.0	79.0
5.4001337E13	2873.0	79.0
5.4001345E13	2873.0	79.0
5.4001358E13	2873.0	79.0
5.4001366E13	2873.0	79.0
5.4001375E13	2873.0	79.0
5.4001387E13	2873.0	79.0
5.4001396E13	2874.0	79.0
5.400141E13	2874.0	79.0
5.4001417E13	2874.0	79.0
5.4001425E13	2874.0	79.0
5.4001438E13	2872.0	79.0
5.4001446E13	2872.0	79.0
5.4001454E13	2873.0	79.0
5.4001467E13	2873.0	79.0
5.4001475E13	2873.0	79.0
5.4001488E13	2873.0	79.0
5.4001496E13	2873.0	79.0
5.4001505E13	2871.0	78.0
5.4001517E13	2871.0	79.0
5.4001526E13	2871.0	79.0
5.400154E13	2871.0	79.0
5.4001547E13	2873.0	79.0
5.4001555E13	2873.0	79.0
5.4001568E13	2873.0	79.0
5.4001576E13	2873.0	79.0
5.4001584E13	2871.0	79.0
5.4001597E13	2871.0	79.0
5.4001605E13	2871.0	79.0
5.4001618E13	2871.0	79.0
5.4001626E13	2871.0	79.0
5.4001635E13	2871.0	79.0
5.4001647E13	2871.0	79.0
5.4001656E13	2869.0	79.0
5.400167E13	2869.0	79.0
5.400168E13	2869.0	79.0
5.4001685E13	2869.0	78.0
5.4001698E13	2871.0	78.0
5.4001706E13	2871.0	78.0
5.4001714E13	2871.0	78.0
5.4001727E13	2871.0	78.0
5.4001735E13	2870.0	47.0
5.4001748E13	2870.0	78.0
5.4001756E13	2870.0	78.0
5.4001765E13	2870.0	78.0
5.4001777E13	2870.0	78.0
5.4001786E13	2870.0	78.0
5.40018E13	2870.0	78.0
5.4001807E13	2870.0	78.0
5.4001815E13	2870.0	79.0
5.4001828E13	2870.0	79.0
5.4001836E13	2870.0	79.0
5.400185E13	2869.0	79.0
5.4001857E13	2869.0	79.0
5.4001865E13	2869.0	79.0
5.400188E13	2869.0	78.0
5.4001886E13	2870.0	78.0
5.4001895E13	2870.0	78.0
5.4001907E13	2870.0	78.0
5.4001916E13	2871.0	79.0
5.400193E13	2871.0	79.0
5.4001937E13	2871.0	78.0
5.4001945E13	2871.0	78.0
5.4001958E13	2870.0	78.0
5.4001966E13	2870.0	79.0
5.400198E13	2870.0	78.0
5.4001987E13	2870.0	78.0
5.4001995E13	2870.0	78.0
5.400201E13	2870.0	78.0
5.4002016E13	2870.0	78.0
5.4002025E13	2870.0	78.0
5.4002037E13	2870.0	78.0
5.4002046E13	2870.0	78.0
5.400206E13	2870.0	78.0
5.4002067E13	2871.0	78.0
5.4002075E13	2871.0	78.0
5.4002088E13	2871.0	78.0
5.4002096E13	2871.0	78.0
5.400211E13	2872.0	78.0
5.4002117E13	2872.0	79.0
5.4002125E13	2872.0	78.0
5.400214E13	2872.0	79.0
5.4002146E13	2870.0	79.0
5.4002155E13	2870.0	78.0
5.4002167E13	2870.0	78.0
5.4002176E13	2870.0	78.0
5.400219E13	2871.0	78.0
5.4002197E13	2871.0	78.0
5.4002205E13	2871.0	78.0
5.4002218E13	2869.0	78.0
5.4002226E13	2869.0	78.0
5.400224E13	2869.0	78.0
5.4002247E13	2869.0	78.0
5.4002255E13	2870.0	78.0
5.400227E13	2870.0	78.0
5.4002276E13	2870.0	78.0
5.400229E13	2870.0	78.0
5.4002297E13	2871.0	78.0
5.4002306E13	2871.0	79.0
5.4002327E13	2871.0	79.0
5.4002335E13	2870.0	79.0
5.4002348E13	2870.0	79.0
5.4002356E13	2870.0	79.0
5.400237E13	2870.0	79.0
5.4002377E13	2870.0	79.0
5.4002385E13	2870.0	79.0
5.40024E13	2870.0	78.0
5.4002406E13	2870.0	78.0
5.400242E13	2870.0	78.0
5.4002427E13	2870.0	78.0
5.4002436E13	2869.0	79.0
5.400245E13	2869.0	79.0
5.4002457E13	2869.0	79.0
5.4002465E13	2869.0	79.0
5.4002478E13	2869.0	78.0
5.4002486E13	2869.0	78.0
5.4002507E13	2867.0	78.0
5.40025E13	2867.0	78.0
5.4002515E13	2867.0	78.0
5.400253E13	2867.0	78.0
5.4002536E13	2867.0	78.0
5.400255E13	2870.0	78.0
5.4002557E13	2870.0	78.0
5.4002566E13	2870.0	78.0
5.400258E13	2870.0	78.0
5.40026E13	2870.0	78.0
5.4002587E13	2870.0	78.0
5.4002608E13	2870.0	78.0
5.400263E13	2870.0	79.0
5.4002616E13	2870.0	79.0
5.4002637E13	2870.0	79.0
5.4002645E13	2870.0	78.0
5.400266E13	2870.0	78.0
5.4002666E13	2872.0	78.0
5.400268E13	2872.0	78.0
5.4002687E13	2872.0	78.0
5.4002696E13	2872.0	78.0
5.400271E13	2873.0	78.0
5.4002717E13	2873.0	78.0
5.400273E13	2873.0	78.0
5.4002738E13	2873.0	78.0
5.4002746E13	2871.0	79.0
5.400276E13	2871.0	79.0
5.4002767E13	2871.0	79.0
5.4002775E13	2871.0	79.0
5.400279E13	2871.0	79.0
5.4002796E13	2871.0	78.0
5.400281E13	2871.0	78.0
5.4002817E13	2871.0	78.0
5.4002826E13	2871.0	78.0
5.400284E13	2871.0	78.0
5.4002847E13	2871.0	78.0
5.400286E13	2875.0	78.0
5.4002868E13	2875.0	78.0
5.4002876E13	2875.0	78.0
5.400289E13	2875.0	78.0
5.4002897E13	2874.0	79.0
5.400291E13	2874.0	79.0
5.400292E13	2874.0	47.0
5.4002926E13	2874.0	47.0
5.400294E13	2874.0	79.0
5.4002947E13	2874.0	47.0
5.4002956E13	2874.0	79.0
5.400297E13	2875.0	79.0
5.4002977E13	2875.0	79.0
5.400299E13	2875.0	79.0
5.4002998E13	2875.0	79.0
5.4003006E13	2874.0	79.0
5.400302E13	2874.0	79.0
5.4003027E13	2874.0	79.0
5.400304E13	2874.0	79.0
5.400305E13	2872.0	78.0
5.4003057E13	2872.0	79.0
5.400307E13	2872.0	78.0
5.4003077E13	2873.0	79.0
5.400309E13	2873.0	79.0
5.40031E13	2873.0	79.0
5.4003107E13	2873.0	79.0
5.400312E13	2875.0	78.0
5.4003128E13	2875.0	79.0
5.4003136E13	2875.0	78.0
5.400315E13	2875.0	79.0
5.4003157E13	2872.0	79.0
5.400317E13	2872.0	79.0
5.400318E13	2872.0	79.0
5.4003187E13	2872.0	79.0
5.40032E13	2874.0	79.0
5.4003208E13	2874.0	78.0
5.4003216E13	2874.0	78.0
5.400323E13	2872.0	78.0
5.4003237E13	2872.0	78.0
5.400325E13	2872.0	78.0
5.4003258E13	2872.0	78.0
5.4003266E13	2869.0	47.0
5.400328E13	2869.0	78.0
5.4003287E13	2869.0	78.0
5.40033E13	2869.0	78.0
5.400331E13	2874.0	78.0
5.4003317E13	2874.0	79.0
5.400333E13	2874.0	79.0
5.4003338E13	2874.0	79.0
5.4003346E13	2871.0	79.0
5.400336E13	2871.0	79.0
5.4003367E13	2871.0	78.0
5.400338E13	2870.0	78.0
5.4003388E13	2870.0	78.0
5.4003396E13	2870.0	78.0
5.400341E13	2870.0	78.0
5.4003417E13	2870.0	78.0
5.400343E13	2870.0	78.0
5.400344E13	2870.0	78.0
5.4003447E13	2870.0	78.0
5.400346E13	2868.0	78.0
5.4003468E13	2868.0	78.0
5.400348E13	2868.0	78.0
5.400349E13	2868.0	78.0
5.4003497E13	2868.0	78.0
5.400351E13	2868.0	78.0
5.4003518E13	2868.0	78.0
5.4003526E13	2868.0	78.0
5.400354E13	2868.0	78.0
5.4003547E13	2868.0	78.0
5.400356E13	2868.0	78.0
5.400357E13	2868.0	78.0
5.4003577E13	2868.0	78.0
5.400359E13	2868.0	78.0
5.4003598E13	2868.0	78.0
5.400361E13	2866.0	78.0
5.400362E13	2866.0	78.0
5.4003627E13	2866.0	78.0
5.400364E13	2866.0	78.0
5.400365E13	2869.0	78.0
5.4003656E13	2869.0	78.0
5.400367E13	2869.0	78.0
5.4003677E13	2866.0	78.0
5.400369E13	2866.0	78.0
5.40037E13	2866.0	78.0
5.4003707E13	2866.0	78.0
5.400372E13	2868.0	78.0
5.4003728E13	2868.0	78.0
5.400374E13	2868.0	47.0
5.400375E13	2868.0	47.0
5.4003757E13	2866.0	47.0
5.400377E13	2866.0	47.0
5.400378E13	2866.0	78.0
5.400379E13	2866.0	47.0
5.40038E13	2867.0	47.0
5.4003807E13	2867.0	47.0
5.400382E13	2867.0	47.0
5.400383E13	2866.0	47.0
5.4003837E13	2866.0	47.0
5.400385E13	2866.0	47.0
5.4003858E13	2866.0	47.0
5.400387E13	2866.0	47.0
5.400388E13	2866.0	47.0
5.4003887E13	2866.0	47.0
5.40039E13	2866.0	47.0
5.400391E13	2867.0	47.0
5.400392E13	2867.0	47.0
5.400393E13	2867.0	47.0
5.4003937E13	2867.0	47.0
5.400395E13	2868.0	47.0
5.400396E13	2868.0	47.0
5.4003967E13	2868.0	47.0
5.400398E13	2865.0	78.0
5.4003988E13	2865.0	78.0
5.4004E13	2865.0	78.0
5.400401E13	2865.0	78.0
5.4004017E13	2868.0	78.0
5.400403E13	2868.0	78.0
5.400404E13	2868.0	78.0
5.400405E13	2868.0	78.0
5.400406E13	2869.0	78.0
5.4004067E13	2869.0	78.0
5.400408E13	2869.0	78.0
5.400409E13	2869.0	78.0
5.4004097E13	2869.0	78.0
5.400411E13	2869.0	79.0
5.4004118E13	2869.0	79.0
5.400413E13	2870.0	79.0
5.400414E13	2870.0	78.0
5.4004147E13	2870.0	78.0
5.400416E13	2870.0	78.0
5.400417E13	2871.0	78.0
5.400418E13	2871.0	78.0
5.400419E13	2871.0	78.0
5.4004197E13	2871.0	79.0
5.400421E13	2873.0	79.0
5.400422E13	2873.0	79.0
5.400423E13	2873.0	79.0
5.400424E13	2873.0	79.0
5.4004248E13	2870.0	79.0
5.400426E13	2870.0	78.0
5.400427E13	2870.0	78.0
5.4004277E13	2872.0	78.0
5.400429E13	2872.0	78.0
5.40043E13	2872.0	78.0
5.400431E13	2872.0	78.0
5.400432E13	2871.0	78.0
5.4004327E13	2871.0	78.0
5.400434E13	2871.0	78.0
5.400435E13	2871.0	78.0
5.400436E13	2872.0	78.0
5.400437E13	2872.0	78.0
5.4004378E13	2872.0	78.0
5.400439E13	2872.0	78.0
5.40044E13	2871.0	78.0
5.4004407E13	2871.0	78.0
5.400442E13	2871.0	78.0
5.400443E13	2874.0	78.0
5.400444E13	2874.0	78.0
5.400445E13	2874.0	78.0
5.4004457E13	2874.0	78.0
5.400447E13	2872.0	78.0
5.400448E13	2872.0	78.0
5.400449E13	2872.0	78.0
5.40045E13	2872.0	78.0
5.4004508E13	2872.0	79.0
5.400452E13	2872.0	79.0
5.400453E13	2872.0	79.0
5.4004537E13	2873.0	79.0
5.400455E13	2873.0	79.0
5.400456E13	2873.0	79.0
5.400457E13	2873.0	78.0
5.400458E13	2873.0	78.0
5.4004587E13	2873.0	78.0
5.40046E13	2873.0	78.0
5.400461E13	2873.0	78.0
5.400462E13	2872.0	78.0
5.400463E13	2872.0	78.0
5.4004638E13	2872.0	79.0
5.400465E13	2872.0	79.0
5.400466E13	2873.0	79.0
5.4004667E13	2873.0	79.0
5.400468E13	2873.0	79.0
5.400469E13	2873.0	79.0
5.40047E13	2873.0	79.0
5.400471E13	2873.0	79.0
5.4004717E13	2873.0	79.0
5.400473E13	2874.0	79.0
5.400475E13	2874.0	79.0
5.400476E13	2874.0	79.0
5.4004768E13	2872.0	79.0
5.400478E13	2872.0	79.0
5.400479E13	2872.0	79.0
5.40048E13	2872.0	79.0
5.400481E13	2873.0	79.0
5.400482E13	2873.0	79.0
5.400483E13	2873.0	78.0
5.400484E13	2876.0	78.0
5.4004847E13	2876.0	79.0
5.400486E13	2876.0	79.0
5.400487E13	2876.0	79.0
5.400489E13	2872.0	79.0
5.4004898E13	2872.0	79.0
5.400491E13	2872.0	79.0
5.400492E13	2876.0	79.0
5.400496E13	2876.0	79.0
5.400497E13	2876.0	78.0
5.400498E13	2876.0	78.0
5.400499E13	2876.0	78.0
5.4005E13	2876.0	78.0
5.400501E13	2876.0	79.0
5.400502E13	2876.0	79.0
5.4005028E13	2875.0	79.0
5.400504E13	2875.0	79.0
5.400505E13	2875.0	79.0
5.400506E13	2875.0	78.0
5.400507E13	2876.0	78.0
5.400508E13	2876.0	78.0
5.400509E13	2876.0	78.0
5.40051E13	2876.0	79.0
5.400511E13	2877.0	79.0
5.400512E13	2877.0	79.0
5.400513E13	2877.0	79.0
5.400514E13	2874.0	79.0
5.400515E13	2874.0	79.0
5.4005158E13	2874.0	79.0
5.400517E13	2874.0	79.0
5.400518E13	2875.0	79.0
5.400519E13	2875.0	79.0
5.40052E13	2875.0	79.0
5.400521E13	2875.0	79.0
5.400522E13	2874.0	79.0
5.400523E13	2874.0	79.0
5.400524E13	2874.0	79.0
5.400525E13	2874.0	79.0
5.400526E13	2876.0	79.0
5.400527E13	2876.0	79.0
5.400528E13	2876.0	79.0
5.400529E13	2875.0	79.0
5.40053E13	2875.0	79.0
5.400531E13	2875.0	79.0
5.400532E13	2875.0	79.0
5.400533E13	2875.0	79.0
5.400534E13	2875.0	78.0
5.400535E13	2875.0	78.0
5.400536E13	2878.0	79.0
5.400537E13	2878.0	79.0
5.400538E13	2878.0	79.0
5.400539E13	2878.0	79.0
5.40054E13	2876.0	79.0
5.400541E13	2876.0	79.0
5.400542E13	2876.0	79.0
5.400543E13	2876.0	79.0
5.400544E13	2877.0	79.0
5.400545E13	2877.0	79.0
5.400546E13	2877.0	79.0
5.400547E13	2877.0	79.0
5.400548E13	2878.0	79.0
5.400549E13	2878.0	79.0
5.40055E13	2878.0	79.0
5.400551E13	2878.0	79.0
5.400552E13	2877.0	79.0
5.400553E13	2877.0	79.0
5.400554E13	2877.0	79.0
5.4005552E13	2877.0	79.0
5.400556E13	2878.0	79.0
5.400557E13	2878.0	79.0
5.400558E13	2878.0	79.0
5.400559E13	2878.0	79.0
5.4005602E13	2878.0	79.0
5.400561E13	2878.0	78.0
5.400562E13	2878.0	78.0
5.400563E13	2878.0	78.0
5.400564E13	2878.0	78.0
5.400565E13	2878.0	78.0
5.400566E13	2878.0	78.0
5.400567E13	2877.0	79.0
5.4005682E13	2877.0	79.0
5.400569E13	2877.0	79.0
5.40057E13	2877.0	79.0
5.400571E13	2873.0	79.0
5.400572E13	2873.0	79.0
5.4005732E13	2873.0	79.0
5.400574E13	2874.0	79.0
5.400575E13	2874.0	78.0
5.400576E13	2874.0	78.0
5.400577E13	2874.0	78.0
5.400578E13	2871.0	78.0
5.400579E13	2871.0	78.0
5.40058E13	2871.0	78.0
5.4005812E13	2871.0	78.0
5.400582E13	2871.0	79.0
5.400583E13	2871.0	79.0
5.400584E13	2871.0	79.0
5.400585E13	2871.0	79.0
5.4005862E13	2870.0	79.0
5.400587E13	2870.0	79.0
5.400588E13	2870.0	79.0
5.400589E13	2871.0	78.0
5.40059E13	2871.0	78.0
5.400591E13	2871.0	78.0
5.400592E13	2871.0	78.0
5.400593E13	2872.0	78.0
5.4005942E13	2872.0	78.0
5.400595E13	2872.0	78.0
5.400596E13	2872.0	79.0
5.400597E13	2872.0	79.0
5.400598E13	2872.0	79.0
5.4005993E13	2872.0	79.0
5.4006E13	2872.0	78.0
5.400601E13	2870.0	78.0
5.400602E13	2870.0	78.0
5.400603E13	2870.0	78.0
5.4006043E13	2870.0	78.0
5.400605E13	2870.0	79.0
5.400606E13	2870.0	79.0
5.4006072E13	2870.0	79.0
5.400608E13	2869.0	79.0
5.400609E13	2869.0	79.0
5.40061E13	2869.0	79.0
5.400611E13	2869.0	79.0
5.4006123E13	2867.0	79.0
5.400613E13	2867.0	78.0
5.400614E13	2867.0	78.0
5.400615E13	2866.0	78.0
5.400616E13	2866.0	78.0
5.4006173E13	2866.0	78.0
5.400618E13	2866.0	78.0
5.400619E13	2866.0	78.0
5.4006202E13	2866.0	79.0
5.400621E13	2866.0	79.0
5.400622E13	2866.0	79.0
5.400623E13	2867.0	79.0
5.400624E13	2867.0	79.0
5.4006253E13	2867.0	79.0
5.400626E13	2867.0	79.0
5.4006274E13	2868.0	78.0
5.400628E13	2868.0	78.0
5.400629E13	2868.0	78.0
5.4006303E13	2868.0	78.0
5.400631E13	2868.0	78.0
5.400632E13	2868.0	78.0
5.4006332E13	2868.0	78.0
5.400634E13	2867.0	78.0
5.400635E13	2867.0	78.0
5.400636E13	2867.0	78.0
5.400637E13	2867.0	79.0
5.4006383E13	2870.0	79.0
5.400639E13	2870.0	79.0
5.40064E13	2870.0	79.0
5.400641E13	2870.0	79.0
5.400642E13	2868.0	79.0
5.4006433E13	2868.0	79.0
5.400644E13	2868.0	78.0
5.400645E13	2871.0	79.0
5.4006462E13	2871.0	79.0
5.400647E13	2871.0	79.0
5.4006483E13	2871.0	79.0
5.400649E13	2872.0	79.0
5.40065E13	2872.0	78.0
5.4006513E13	2872.0	78.0
5.400652E13	2872.0	78.0
5.400653E13	2872.0	78.0
5.400654E13	2872.0	78.0
5.400655E13	2872.0	78.0
5.4006563E13	2872.0	78.0
5.400657E13	2871.0	79.0
5.400658E13	2871.0	79.0
5.4006592E13	2871.0	79.0
5.40066E13	2869.0	79.0
5.4006613E13	2869.0	79.0
5.400662E13	2869.0	79.0
5.400663E13	2871.0	79.0
5.4006643E13	2871.0	79.0
5.400665E13	2871.0	79.0
5.400666E13	2871.0	79.0
5.400667E13	2871.0	79.0
5.400668E13	2872.0	78.0
5.4006693E13	2872.0	78.0
5.40067E13	2872.0	78.0
5.400671E13	2872.0	78.0
5.4006722E13	2870.0	79.0
5.400673E13	2870.0	79.0
5.4006743E13	2870.0	78.0
5.400675E13	2872.0	78.0
5.400676E13	2872.0	78.0
5.4006773E13	2872.0	78.0
5.400678E13	2872.0	78.0
5.400679E13	2872.0	78.0
5.40068E13	2872.0	79.0
5.400681E13	2872.0	79.0
5.4006823E13	2872.0	79.0
5.400683E13	2873.0	79.0
5.400684E13	2873.0	79.0
5.4006852E13	2873.0	79.0
5.400686E13	2873.0	79.0
5.4006873E13	2870.0	79.0
5.400688E13	2870.0	79.0
5.400689E13	2870.0	79.0
5.4006903E13	2869.0	79.0
5.400691E13	2869.0	79.0
5.4006924E13	2869.0	78.0
5.400693E13	2869.0	78.0
5.400694E13	2869.0	78.0
5.4006953E13	2869.0	78.0
5.400696E13	2869.0	78.0
5.400697E13	2869.0	79.0
5.4006982E13	2869.0	79.0
5.400699E13	2869.0	80.0
5.4007003E13	2869.0	80.0
5.400701E13	2869.0	80.0
5.400702E13	2867.0	80.0
5.4007033E13	2867.0	80.0
5.400704E13	2867.0	79.0
5.4007054E13	2864.0	79.0
5.400706E13	2864.0	79.0
5.400707E13	2864.0	79.0
5.4007083E13	2864.0	79.0
5.400709E13	2860.0	78.0
5.40071E13	2860.0	78.0
5.4007112E13	2860.0	78.0
5.400712E13	2860.0	78.0
5.4007133E13	2862.0	78.0
5.400714E13	2862.0	78.0
5.400715E13	2862.0	78.0
5.4007163E13	2862.0	78.0
5.400717E13	2859.0	78.0
5.4007184E13	2859.0	78.0
5.400719E13	2859.0	78.0
5.40072E13	2859.0	78.0
5.4007213E13	2859.0	78.0
5.400722E13	2859.0	77.0
5.4007234E13	2859.0	77.0
5.4007242E13	2857.0	77.0
5.400725E13	2857.0	77.0
5.4007263E13	2857.0	77.0
5.400727E13	2857.0	77.0
5.4007284E13	2857.0	78.0
5.4007293E13	2857.0	78.0
5.40073E13	2857.0	78.0
5.4007314E13	2858.0	78.0
5.4007322E13	2858.0	78.0
5.400733E13	2858.0	78.0
5.4007343E13	2858.0	78.0
5.400735E13	2858.0	78.0
5.4007364E13	2858.0	78.0
5.4007372E13	2858.0	78.0
5.400738E13	2858.0	78.0
5.4007393E13	2860.0	78.0
5.40074E13	2860.0	78.0
5.4007414E13	2860.0	78.0
5.4007423E13	2860.0	78.0
5.400743E13	2860.0	78.0
5.4007444E13	2860.0	78.0
5.4007452E13	2860.0	77.0
5.400746E13	2860.0	77.0
5.4007473E13	2860.0	77.0
5.400748E13	2860.0	78.0
5.4007494E13	2860.0	78.0
5.4007502E13	2860.0	78.0
5.400751E13	2860.0	78.0
5.4007523E13	2860.0	79.0
5.400753E13	2860.0	78.0
5.4007544E13	2860.0	78.0
5.4007553E13	2860.0	78.0
5.400756E13	2860.0	78.0
5.4007574E13	2860.0	78.0
5.4007582E13	2860.0	78.0
5.400759E13	2860.0	78.0
5.4007603E13	2860.0	78.0
5.400761E13	2860.0	78.0
5.4007624E13	2859.0	78.0
5.4007632E13	2859.0	57.0
5.400764E13	2862.0	78.0
5.4007653E13	2862.0	78.0
5.400766E13	2862.0	78.0
5.4007674E13	2862.0	78.0
5.4007683E13	2860.0	78.0
5.400769E13	2860.0	78.0
5.4007704E13	2860.0	78.0
5.4007712E13	2860.0	78.0
5.400772E13	2859.0	78.0
5.4007733E13	2859.0	78.0
5.400774E13	2859.0	78.0
5.4007754E13	2859.0	78.0
5.4007763E13	2858.0	78.0
5.400777E13	2858.0	78.0
5.4007783E13	2858.0	78.0
5.400779E13	2858.0	78.0
5.4007804E13	2858.0	78.0
5.4007813E13	2858.0	78.0
5.400782E13	2858.0	78.0
5.4007834E13	2857.0	78.0
5.4007842E13	2857.0	79.0
5.400785E13	2857.0	79.0
5.4007863E13	2857.0	79.0
5.400787E13	2857.0	78.0
5.4007884E13	2857.0	78.0
5.4007893E13	2857.0	78.0
5.40079E13	2857.0	78.0
5.4007914E13	2856.0	77.0
5.400792E13	2856.0	77.0
5.4007934E13	2856.0	78.0
5.4007943E13	2856.0	78.0
5.400795E13	2853.0	78.0
5.4007964E13	2853.0	78.0
5.4007972E13	2853.0	78.0
5.400798E13	2854.0	78.0
5.4007993E13	2854.0	79.0
5.4008E13	2854.0	79.0
5.4008014E13	2854.0	79.0
5.4008023E13	2854.0	79.0
5.400803E13	2852.0	78.0
5.4008044E13	2852.0	78.0
5.400805E13	2852.0	78.0
5.4008065E13	2853.0	78.0
5.4008073E13	2853.0	78.0
5.400808E13	2853.0	78.0
5.4008094E13	2853.0	78.0
5.4008102E13	2854.0	78.0
5.400811E13	2854.0	78.0
5.4008123E13	2854.0	78.0
5.400813E13	2854.0	78.0
5.4008144E13	2851.0	78.0
5.4008153E13	2851.0	78.0
5.400816E13	2851.0	78.0
5.4008174E13	2851.0	78.0
5.400818E13	2851.0	78.0
5.4008195E13	2851.0	78.0
5.4008203E13	2851.0	78.0
5.400821E13	2852.0	78.0
5.4008224E13	2852.0	78.0
5.4008232E13	2852.0	78.0
5.400824E13	2852.0	78.0
5.4008253E13	2851.0	78.0
5.400826E13	2851.0	78.0
5.4008274E13	2851.0	78.0
5.4008283E13	2851.0	48.0
5.400829E13	2852.0	78.0
5.4008304E13	2852.0	78.0
5.4008316E13	2852.0	78.0
5.4008325E13	2852.0	78.0
5.4008333E13	2852.0	78.0
5.400834E13	2852.0	78.0
5.4008354E13	2852.0	78.0
5.4008362E13	2853.0	78.0
5.400837E13	2853.0	78.0
5.4008383E13	2853.0	78.0
5.400839E13	2853.0	78.0
5.4008404E13	2854.0	78.0
5.4008413E13	2854.0	78.0
5.400842E13	2854.0	78.0
5.4008434E13	2854.0	78.0
5.400844E13	2854.0	78.0
5.4008455E13	2854.0	78.0
5.4008463E13	2854.0	78.0
5.400847E13	2854.0	78.0
5.4008484E13	2856.0	78.0
5.4008492E13	2856.0	78.0
5.4008505E13	2856.0	78.0
5.4008513E13	2855.0	78.0
5.400852E13	2855.0	78.0
5.4008534E13	2855.0	78.0
5.4008543E13	2858.0	78.0
5.400855E13	2858.0	78.0
5.4008564E13	2858.0	78.0
5.400857E13	2858.0	78.0
5.4008585E13	2858.0	78.0
5.4008593E13	2858.0	78.0
5.40086E13	2858.0	78.0
5.4008614E13	2858.0	78.0
5.4008622E13	2858.0	78.0
5.4008635E13	2860.0	78.0
5.4008643E13	2860.0	78.0
5.400865E13	2860.0	78.0
5.4008664E13	2859.0	78.0
5.4008673E13	2859.0	78.0
5.400868E13	2859.0	78.0
5.4008694E13	2859.0	78.0
5.40087E13	2861.0	78.0
5.4008715E13	2861.0	78.0
5.4008723E13	2861.0	78.0
5.400873E13	2861.0	78.0
5.4008744E13	2863.0	78.0
5.4008752E13	2863.0	78.0
5.4008765E13	2863.0	78.0
5.4008773E13	2863.0	78.0
5.400878E13	2862.0	78.0
5.4008794E13	2862.0	78.0
5.4008803E13	2862.0	78.0
5.4008815E13	2863.0	78.0
5.4008824E13	2863.0	78.0
5.400883E13	2863.0	78.0
5.4008845E13	2863.0	78.0
5.4008853E13	2863.0	79.0
5.400886E13	2863.0	79.0
5.4008874E13	2863.0	78.0
5.4008882E13	2863.0	78.0
5.4008895E13	2864.0	78.0
5.4008903E13	2864.0	78.0
5.400891E13	2864.0	78.0
5.4008924E13	2864.0	78.0
5.4008933E13	2864.0	78.0
5.4008945E13	2864.0	79.0
5.4008954E13	2864.0	79.0
5.400896E13	2863.0	78.0
5.4008975E13	2863.0	78.0
5.4008983E13	2863.0	78.0
5.400899E13	2863.0	78.0
5.4009004E13	2863.0	78.0
5.4009012E13	2863.0	78.0
5.4009025E13	2863.0	78.0
5.4009033E13	2865.0	78.0
5.400904E13	2865.0	78.0
5.4009054E13	2865.0	78.0
5.4009063E13	2865.0	78.0
5.4009075E13	2864.0	78.0
5.4009084E13	2864.0	78.0
5.4009092E13	2864.0	78.0
5.4009105E13	2863.0	78.0
5.4009113E13	2863.0	78.0
5.4009126E13	2863.0	78.0
5.4009134E13	2863.0	78.0
5.4009142E13	2863.0	78.0
5.4009155E13	2863.0	78.0
5.4009163E13	2863.0	78.0
5.400917E13	2863.0	78.0
5.4009184E13	2864.0	78.0
5.4009193E13	2864.0	78.0
5.4009205E13	2864.0	78.0
5.4009214E13	2864.0	78.0
5.4009222E13	2863.0	78.0
5.4009235E13	2863.0	78.0
5.4009243E13	2863.0	78.0
5.4009256E13	2863.0	79.0
5.4009264E13	2863.0	79.0
5.4009272E13	2863.0	79.0
5.4009285E13	2863.0	79.0
5.4009293E13	2861.0	79.0
5.40093E13	2861.0	79.0
5.4009314E13	2861.0	79.0
5.4009323E13	2861.0	78.0
5.4009335E13	2861.0	78.0
5.4009344E13	2863.0	78.0
5.4009352E13	2863.0	78.0
5.4009365E13	2861.0	78.0
5.4009373E13	2861.0	78.0
5.4009386E13	2861.0	78.0
5.4009394E13	2861.0	78.0
5.4009402E13	2861.0	78.0
5.4009415E13	2861.0	78.0
5.4009423E13	2861.0	78.0
5.400943E13	2861.0	78.0
5.4009444E13	2861.0	78.0
5.4009453E13	2861.0	78.0
5.4009465E13	2861.0	78.0
5.4009474E13	2861.0	78.0
5.4009482E13	2862.0	78.0
5.4009495E13	2862.0	79.0
5.4009503E13	2862.0	78.0
5.4009516E13	2863.0	78.0
5.4009524E13	2863.0	78.0
5.4009533E13	2863.0	78.0
5.400955E13	2863.0	78.0
5.4009553E13	2865.0	78.0
5.400956E13	2865.0	78.0
5.4009574E13	2865.0	78.0
5.4009583E13	2865.0	78.0
5.4009595E13	2865.0	78.0
5.4009604E13	2864.0	78.0
5.4009612E13	2864.0	78.0
5.4009625E13	2864.0	78.0
5.4009633E13	2864.0	78.0
5.4009646E13	2865.0	47.0
5.4009654E13	2865.0	47.0
5.4009663E13	2865.0	47.0
5.4009675E13	2867.0	79.0
5.4009684E13	2867.0	79.0
5.400969E13	2867.0	78.0
5.4009704E13	2867.0	78.0
5.4009713E13	2867.0	78.0
5.4009725E13	2867.0	78.0
5.4009734E13	2867.0	78.0
5.4009755E13	2868.0	79.0
5.4009763E13	2868.0	79.0
5.4009776E13	2868.0	79.0
5.4009784E13	2868.0	79.0
5.4009793E13	2867.0	79.0
5.400981E13	2867.0	78.0
5.4009814E13	2866.0	78.0
5.4009835E13	2866.0	78.0
5.4009843E13	2866.0	48.0
5.400986E13	2867.0	78.0
5.4009864E13	2867.0	78.0
5.4009872E13	2867.0	78.0
5.4009885E13	2867.0	78.0
5.4009893E13	2867.0	78.0
5.4009906E13	2866.0	78.0
5.4009914E13	2866.0	78.0
5.4009923E13	2866.0	78.0
5.4009935E13	2866.0	78.0
5.4009944E13	2864.0	78.0
5.400995E13	2864.0	78.0
5.4009965E13	2864.0	78.0
5.4009973E13	2865.0	78.0
5.4009985E13	2865.0	78.0
5.4009994E13	2865.0	78.0
5.4010002E13	2865.0	78.0
5.4010015E13	2866.0	78.0
5.4010023E13	2866.0	78.0
5.4010036E13	2866.0	78.0
5.4010044E13	2866.0	78.0
5.4010053E13	2865.0	79.0
5.4010065E13	2865.0	78.0
5.4010074E13	2865.0	78.0
5.4010086E13	2865.0	79.0
5.4010095E13	2864.0	79.0
5.4010103E13	2864.0	79.0
5.4010116E13	2864.0	79.0
5.4010124E13	2866.0	79.0
5.4010132E13	2866.0	79.0
5.4010145E13	2866.0	79.0
5.4010153E13	2866.0	79.0
5.4010166E13	2865.0	78.0
5.4010174E13	2865.0	78.0
5.4010183E13	2865.0	78.0
5.4010195E13	2865.0	78.0
5.4010204E13	2863.0	78.0
5.4010216E13	2863.0	78.0
5.4010225E13	2863.0	78.0
5.4010233E13	2863.0	78.0
5.4010246E13	2863.0	78.0
5.4010254E13	2863.0	78.0
5.4010262E13	2863.0	78.0
5.4010275E13	2864.0	78.0
5.4010283E13	2864.0	78.0
5.4010296E13	2864.0	78.0
5.4010304E13	2864.0	78.0
5.4010313E13	2859.0	78.0
5.4010325E13	2859.0	78.0
5.4010334E13	2859.0	78.0
5.4010346E13	2859.0	78.0
5.4010355E13	2861.0	78.0
5.4010363E13	2861.0	78.0
5.4010376E13	2861.0	78.0
5.4010384E13	2861.0	78.0
5.4010397E13	2859.0	78.0
5.4010405E13	2859.0	78.0
5.4010413E13	2859.0	78.0
5.4010426E13	2859.0	78.0
5.4010434E13	2859.0	78.0
5.4010443E13	2859.0	78.0
5.4010455E13	2859.0	78.0
5.4010464E13	2860.0	78.0
5.4010476E13	2860.0	78.0
5.4010485E13	2860.0	78.0
5.4010493E13	2860.0	78.0
5.4010506E13	2859.0	78.0
5.4010514E13	2859.0	78.0
5.4010527E13	2859.0	78.0
5.4010535E13	2859.0	78.0
5.4010543E13	2859.0	78.0
5.4010556E13	2859.0	78.0
5.4010564E13	2858.0	78.0
5.4010577E13	2858.0	78.0
5.4010585E13	2858.0	78.0
5.4010598E13	2858.0	78.0
5.4010606E13	2858.0	78.0
5.4010615E13	2858.0	78.0
5.4010623E13	2858.0	79.0
5.4010636E13	2858.0	78.0
5.4010644E13	2858.0	78.0
5.4010657E13	2857.0	78.0
5.4010665E13	2857.0	78.0
5.4010673E13	2857.0	78.0
5.4010686E13	2857.0	79.0
5.4010694E13	2856.0	79.0
5.4010707E13	2856.0	79.0
5.4010715E13	2856.0	79.0
5.4010724E13	2855.0	79.0
5.4010736E13	2855.0	79.0
5.4010745E13	2855.0	79.0
5.4010753E13	2855.0	79.0
5.4010766E13	2858.0	79.0
5.4010774E13	2858.0	79.0
5.4010787E13	2858.0	78.0
5.4010795E13	2858.0	79.0
5.4010803E13	2859.0	78.0
5.4010816E13	2859.0	78.0
5.4010824E13	2859.0	78.0
5.4010837E13	2859.0	78.0
5.4010845E13	2857.0	78.0
5.4010854E13	2857.0	78.0
5.4010866E13	2857.0	78.0
5.4010875E13	2859.0	78.0
5.4010887E13	2859.0	78.0
5.4010896E13	2859.0	78.0
5.4010904E13	2859.0	78.0
5.4010917E13	2858.0	78.0
5.4010925E13	2858.0	79.0
5.4010933E13	2858.0	79.0
5.4010946E13	2858.0	79.0
5.4010954E13	2859.0	79.0
5.4010967E13	2859.0	79.0
5.4010975E13	2859.0	79.0
5.4010984E13	2859.0	79.0
5.4010996E13	2859.0	78.0
5.4011005E13	2859.0	78.0
5.4011017E13	2859.0	78.0
5.4011026E13	2862.0	78.0
5.4011034E13	2862.0	79.0
5.4011047E13	2862.0	79.0
5.4011055E13	2862.0	79.0
5.4011063E13	2859.0	79.0
5.4011076E13	2859.0	78.0
5.4011084E13	2859.0	78.0
5.4011097E13	2859.0	78.0
5.4011105E13	2860.0	78.0
5.4011114E13	2860.0	78.0
5.4011126E13	2860.0	78.0
5.4011135E13	2860.0	78.0
5.4011147E13	2860.0	78.0
5.4011156E13	2860.0	78.0
5.4011164E13	2860.0	78.0
5.4011177E13	2864.0	78.0
5.4011185E13	2864.0	78.0
5.4011193E13	2864.0	78.0
5.4011206E13	2864.0	78.0
5.4011214E13	2862.0	78.0
5.4011227E13	2862.0	78.0
5.4011235E13	2862.0	78.0
5.4011244E13	2862.0	78.0
5.4011256E13	2866.0	78.0
5.4011265E13	2866.0	78.0
5.4011277E13	2866.0	78.0
5.4011286E13	2866.0	78.0
5.4011294E13	2866.0	78.0
5.4011307E13	2866.0	79.0
5.4011315E13	2866.0	79.0
5.4011328E13	2865.0	79.0
5.4011336E13	2865.0	79.0
5.4011344E13	2865.0	79.0
5.4011357E13	2865.0	79.0
5.4011365E13	2869.0	79.0
5.4011374E13	2869.0	79.0
5.4011386E13	2869.0	79.0
