5.4874377E13	184.0	80.0
5.4874385E13	184.0	80.0
5.48744E13	184.0	79.0
5.4874406E13	184.0	79.0
5.487442E13	183.0	79.0
5.4874427E13	183.0	79.0
5.4874436E13	183.0	79.0
5.487445E13	183.0	80.0
5.4874457E13	183.0	80.0
5.487447E13	183.0	80.0
5.4874478E13	183.0	80.0
5.4874486E13	183.0	80.0
5.48745E13	183.0	80.0
5.4874507E13	183.0	80.0
5.4874515E13	183.0	79.0
5.487453E13	183.0	79.0
5.4874536E13	183.0	79.0
5.487455E13	183.0	79.0
5.4874557E13	184.0	79.0
5.4874566E13	184.0	79.0
5.487458E13	184.0	79.0
5.4874587E13	184.0	79.0
5.48746E13	183.0	79.0
5.4874608E13	183.0	79.0
5.4874616E13	183.0	79.0
5.487463E13	183.0	80.0
5.4874637E13	183.0	80.0
5.487465E13	183.0	80.0
5.487466E13	183.0	80.0
5.4874666E13	184.0	80.0
5.487468E13	184.0	80.0
5.487469E13	184.0	80.0
5.48747E13	184.0	80.0
5.487471E13	184.0	80.0
5.4874717E13	184.0	80.0
5.4874734E13	184.0	81.0
5.4874738E13	184.0	81.0
5.4874746E13	183.0	81.0
5.487476E13	183.0	80.0
5.4874767E13	183.0	80.0
5.487478E13	183.0	80.0
5.487479E13	183.0	80.0
5.4874796E13	183.0	80.0
5.487481E13	183.0	79.0
5.4874817E13	183.0	79.0
5.4874826E13	183.0	79.0
5.487484E13	183.0	79.0
5.4874847E13	183.0	78.0
5.487486E13	183.0	78.0
5.4874868E13	183.0	78.0
5.4874876E13	183.0	78.0
5.487489E13	183.0	78.0
5.4874897E13	183.0	78.0
5.487491E13	183.0	79.0
5.487492E13	183.0	79.0
5.4874926E13	183.0	79.0
5.487494E13	183.0	80.0
5.4874947E13	183.0	79.0
5.4874956E13	183.0	79.0
5.487497E13	183.0	80.0
5.4874977E13	183.0	80.0
5.487499E13	183.0	80.0
5.4874998E13	183.0	80.0
5.4875006E13	183.0	80.0
5.487502E13	183.0	79.0
5.4875027E13	183.0	80.0
5.487504E13	183.0	80.0
5.487505E13	183.0	80.0
5.4875057E13	183.0	80.0
5.487507E13	183.0	81.0
5.4875077E13	183.0	80.0
5.4875086E13	183.0	80.0
5.48751E13	183.0	80.0
5.4875107E13	183.0	80.0
5.487512E13	183.0	80.0
5.4875128E13	183.0	80.0
5.4875136E13	183.0	80.0
5.487515E13	183.0	79.0
5.4875157E13	183.0	79.0
5.487517E13	183.0	79.0
5.487518E13	183.0	80.0
5.4875187E13	183.0	80.0
5.48752E13	183.0	80.0
5.4875207E13	183.0	80.0
5.4875216E13	183.0	80.0
5.487523E13	183.0	80.0
5.4875237E13	183.0	80.0
5.487525E13	183.0	80.0
5.4875258E13	183.0	80.0
5.4875266E13	183.0	80.0
5.487528E13	183.0	80.0
5.4875287E13	183.0	79.0
5.48753E13	183.0	79.0
5.487531E13	183.0	79.0
5.4875317E13	183.0	79.0
5.487533E13	183.0	79.0
5.4875338E13	183.0	79.0
5.487535E13	183.0	79.0
5.487536E13	183.0	80.0
5.4875367E13	183.0	80.0
5.487538E13	183.0	80.0
5.4875388E13	183.0	80.0
5.4875396E13	183.0	80.0
5.487541E13	183.0	80.0
5.4875417E13	183.0	80.0
5.487543E13	184.0	80.0
5.487544E13	184.0	80.0
5.4875447E13	184.0	80.0
5.487546E13	184.0	80.0
5.4875468E13	184.0	80.0
5.487548E13	184.0	80.0
5.487549E13	184.0	80.0
5.4875497E13	184.0	80.0
5.487551E13	183.0	80.0
5.4875518E13	183.0	80.0
5.4875526E13	183.0	80.0
5.487554E13	183.0	79.0
5.4875547E13	183.0	80.0
5.487556E13	183.0	80.0
5.487557E13	183.0	80.0
5.4875577E13	183.0	80.0
5.487559E13	183.0	80.0
5.4875598E13	183.0	80.0
5.487561E13	183.0	80.0
5.487562E13	183.0	80.0
5.4875627E13	183.0	80.0
5.487564E13	183.0	80.0
5.4875648E13	183.0	80.0
5.4875656E13	183.0	80.0
5.487567E13	183.0	80.0
5.4875677E13	183.0	80.0
5.487569E13	183.0	80.0
5.48757E13	183.0	80.0
5.4875707E13	183.0	80.0
5.487572E13	183.0	79.0
5.4875728E13	183.0	80.0
5.487574E13	183.0	80.0
5.487575E13	183.0	80.0
5.4875757E13	183.0	80.0
5.487577E13	182.0	80.0
5.487578E13	182.0	80.0
5.487579E13	182.0	80.0
5.48758E13	182.0	81.0
5.4875807E13	183.0	82.0
5.487582E13	183.0	82.0
5.487583E13	183.0	82.0
5.4875837E13	183.0	82.0
5.487585E13	183.0	82.0
5.4875858E13	183.0	82.0
5.487587E13	183.0	81.0
5.487588E13	183.0	81.0
5.4875887E13	183.0	80.0
5.48759E13	183.0	80.0
5.487591E13	183.0	79.0
5.487592E13	183.0	79.0
5.487593E13	183.0	79.0
5.4875937E13	183.0	79.0
5.487595E13	183.0	79.0
5.487596E13	183.0	79.0
5.487597E13	183.0	80.0
5.487598E13	183.0	80.0
5.4875988E13	184.0	80.0
5.4876E13	184.0	80.0
5.487601E13	184.0	80.0
5.4876017E13	184.0	80.0
5.487603E13	184.0	80.0
5.487604E13	184.0	80.0
5.487605E13	184.0	80.0
5.487606E13	184.0	80.0
5.4876067E13	184.0	80.0
5.487608E13	184.0	80.0
5.487609E13	184.0	80.0
5.48761E13	184.0	80.0
5.487611E13	184.0	80.0
5.4876118E13	184.0	80.0
5.487613E13	184.0	88.0
5.487614E13	184.0	80.0
5.4876147E13	184.0	79.0
5.487616E13	184.0	80.0
5.487617E13	184.0	79.0
5.487619E13	184.0	79.0
5.4876197E13	184.0	80.0
5.487621E13	184.0	80.0
5.487622E13	184.0	80.0
5.487623E13	184.0	80.0
5.487624E13	184.0	80.0
5.4876248E13	184.0	80.0
5.487626E13	184.0	80.0
5.487627E13	184.0	80.0
5.487628E13	184.0	80.0
5.487629E13	184.0	80.0
5.4876327E13	184.0	79.0
5.487634E13	184.0	79.0
5.487635E13	184.0	79.0
5.487636E13	184.0	79.0
5.487637E13	184.0	79.0
5.4876378E13	184.0	80.0
5.487639E13	184.0	80.0
5.48764E13	184.0	80.0
5.487641E13	184.0	80.0
5.487642E13	184.0	80.0
5.487643E13	184.0	80.0
5.487644E13	184.0	80.0
5.487645E13	184.0	80.0
5.4876457E13	184.0	80.0
5.487647E13	184.0	80.0
5.487648E13	185.0	80.0
5.487649E13	185.0	79.0
5.48765E13	185.0	80.0
5.4876508E13	185.0	80.0
5.487652E13	185.0	80.0
5.487653E13	185.0	80.0
5.487654E13	185.0	80.0
5.487656E13	185.0	80.0
5.487657E13	185.0	80.0
5.487658E13	185.0	80.0
5.4876587E13	185.0	80.0
5.48766E13	185.0	80.0
5.487661E13	185.0	80.0
5.487663E13	185.0	80.0
5.4876638E13	185.0	79.0
5.487665E13	185.0	80.0
5.487666E13	185.0	80.0
5.487667E13	185.0	80.0
5.487668E13	185.0	80.0
5.487669E13	185.0	80.0
5.48767E13	185.0	80.0
5.487671E13	185.0	79.0
5.4876717E13	185.0	79.0
5.487673E13	185.0	80.0
5.487674E13	185.0	80.0
5.487676E13	185.0	79.0
5.4876768E13	185.0	80.0
5.487678E13	185.0	80.0
5.487679E13	185.0	80.0
5.48768E13	185.0	80.0
5.487681E13	185.0	80.0
5.487682E13	184.0	80.0
5.487683E13	184.0	80.0
5.487684E13	184.0	80.0
5.487685E13	184.0	80.0
5.487686E13	184.0	80.0
5.487687E13	184.0	79.0
5.487689E13	184.0	79.0
5.4876898E13	184.0	79.0
5.487691E13	184.0	79.0
5.487692E13	184.0	79.0
5.487693E13	184.0	79.0
5.487694E13	184.0	79.0
5.487695E13	184.0	79.0
5.487696E13	184.0	79.0
5.487697E13	184.0	79.0
5.487698E13	184.0	80.0
5.487699E13	184.0	80.0
5.4877E13	184.0	80.0
5.487701E13	184.0	80.0
5.487702E13	184.0	80.0
5.4877028E13	184.0	80.0
5.487704E13	184.0	80.0
5.487705E13	184.0	80.0
5.487707E13	184.0	80.0
5.487708E13	184.0	80.0
5.487709E13	184.0	80.0
5.48771E13	184.0	80.0
5.487711E13	184.0	80.0
5.487712E13	184.0	80.0
5.487713E13	184.0	80.0
5.487714E13	184.0	80.0
5.487715E13	185.0	80.0
5.487716E13	185.0	80.0
5.487717E13	185.0	80.0
5.487718E13	185.0	80.0
5.487719E13	185.0	80.0
5.48772E13	185.0	80.0
5.487721E13	185.0	79.0
5.487722E13	185.0	79.0
5.487723E13	185.0	79.0
5.487724E13	185.0	79.0
5.487725E13	185.0	79.0
5.487726E13	185.0	79.0
5.487727E13	185.0	79.0
5.487728E13	185.0	78.0
5.487729E13	185.0	79.0
5.48773E13	185.0	80.0
5.487731E13	185.0	80.0
5.487732E13	185.0	80.0
5.487733E13	185.0	80.0
5.4877342E13	185.0	80.0
5.487735E13	185.0	80.0
5.487736E13	185.0	80.0
5.487737E13	185.0	80.0
5.487738E13	185.0	81.0
5.487739E13	185.0	81.0
5.48774E13	185.0	80.0
5.487741E13	185.0	80.0
5.487742E13	186.0	80.0
5.487743E13	186.0	79.0
5.487744E13	186.0	79.0
5.487745E13	186.0	79.0
5.487746E13	186.0	79.0
5.487747E13	186.0	79.0
5.487748E13	186.0	79.0
5.487749E13	186.0	79.0
5.48775E13	186.0	79.0
5.487751E13	186.0	79.0
5.4877523E13	186.0	79.0
5.487753E13	186.0	80.0
5.487754E13	186.0	80.0
5.4877552E13	186.0	79.0
5.487756E13	186.0	80.0
5.487757E13	186.0	79.0
5.487758E13	186.0	79.0
5.487759E13	186.0	80.0
5.4877602E13	186.0	79.0
5.487761E13	186.0	79.0
5.487762E13	186.0	79.0
5.487763E13	186.0	79.0
5.487764E13	186.0	79.0
5.487765E13	186.0	79.0
5.487766E13	186.0	79.0
5.487767E13	186.0	79.0
5.4877682E13	186.0	79.0
5.487769E13	186.0	80.0
5.48777E13	186.0	80.0
5.487771E13	186.0	80.0
5.487772E13	186.0	80.0
5.4877732E13	186.0	80.0
5.487774E13	186.0	80.0
5.487775E13	186.0	80.0
5.487776E13	186.0	80.0
5.487777E13	186.0	80.0
5.487778E13	186.0	79.0
5.487779E13	186.0	79.0
5.48778E13	186.0	79.0
5.4877812E13	186.0	79.0
5.487782E13	186.0	79.0
5.487783E13	186.0	80.0
5.487784E13	186.0	80.0
5.487785E13	186.0	80.0
5.4877862E13	186.0	80.0
5.487787E13	185.0	80.0
5.487788E13	185.0	80.0
5.487789E13	185.0	80.0
5.48779E13	185.0	80.0
5.487791E13	185.0	80.0
5.487792E13	185.0	79.0
5.487793E13	185.0	79.0
5.4877942E13	185.0	80.0
5.487795E13	185.0	80.0
5.487796E13	185.0	80.0
5.487797E13	185.0	80.0
5.487798E13	185.0	80.0
5.4877993E13	185.0	80.0
5.4878E13	185.0	80.0
5.487801E13	185.0	80.0
5.487802E13	185.0	80.0
5.487803E13	185.0	79.0
5.4878043E13	185.0	79.0
5.487805E13	185.0	80.0
5.487806E13	185.0	80.0
5.4878072E13	185.0	79.0
5.487808E13	185.0	80.0
5.487809E13	185.0	79.0
5.48781E13	185.0	79.0
5.487811E13	185.0	80.0
5.4878123E13	185.0	80.0
5.487813E13	184.0	80.0
5.487814E13	184.0	80.0
5.487815E13	184.0	79.0
5.487816E13	184.0	79.0
5.4878173E13	184.0	79.0
5.487818E13	184.0	80.0
5.487819E13	184.0	80.0
5.4878202E13	184.0	80.0
5.487821E13	184.0	80.0
5.487822E13	184.0	80.0
5.487823E13	184.0	80.0
5.487824E13	184.0	80.0
5.4878253E13	184.0	80.0
5.487826E13	184.0	80.0
5.487827E13	184.0	80.0
5.487828E13	184.0	80.0
5.487829E13	184.0	79.0
5.4878303E13	184.0	79.0
5.487831E13	184.0	79.0
5.487832E13	184.0	79.0
5.4878332E13	184.0	79.0
5.487834E13	184.0	79.0
5.487835E13	184.0	79.0
5.487836E13	184.0	79.0
5.487837E13	184.0	80.0
5.4878383E13	184.0	80.0
5.487839E13	184.0	80.0
5.48784E13	184.0	80.0
5.487841E13	184.0	80.0
5.487842E13	184.0	80.0
5.4878433E13	184.0	80.0
5.487844E13	184.0	80.0
5.487845E13	184.0	80.0
5.4878462E13	184.0	80.0
5.487847E13	184.0	80.0
5.4878483E13	184.0	80.0
5.487849E13	184.0	80.0
5.48785E13	184.0	80.0
5.4878513E13	184.0	80.0
5.487852E13	184.0	80.0
5.487853E13	183.0	80.0
5.487854E13	183.0	80.0
5.487855E13	183.0	80.0
5.4878563E13	183.0	80.0
5.487857E13	183.0	80.0
5.487858E13	183.0	80.0
5.4878592E13	183.0	80.0
5.48786E13	183.0	80.0
5.4878613E13	183.0	80.0
5.487862E13	183.0	48.0
5.487863E13	183.0	80.0
5.4878643E13	183.0	80.0
5.487865E13	183.0	80.0
5.487866E13	183.0	80.0
5.487867E13	183.0	80.0
5.487868E13	182.0	80.0
5.4878693E13	182.0	80.0
5.48787E13	182.0	80.0
5.487871E13	182.0	80.0
5.4878722E13	182.0	80.0
5.487873E13	182.0	80.0
5.4878743E13	182.0	80.0
5.487875E13	182.0	80.0
5.487876E13	182.0	80.0
5.4878773E13	182.0	80.0
5.487878E13	182.0	80.0
5.487879E13	182.0	79.0
5.48788E13	182.0	79.0
5.487881E13	182.0	80.0
5.4878823E13	182.0	80.0
5.487883E13	182.0	80.0
5.487884E13	182.0	80.0
5.4878852E13	182.0	80.0
5.487886E13	182.0	80.0
5.4878873E13	182.0	80.0
5.487888E13	182.0	80.0
5.487889E13	182.0	80.0
5.4878903E13	182.0	80.0
5.487891E13	182.0	80.0
5.4878924E13	182.0	80.0
5.487893E13	182.0	80.0
5.487894E13	182.0	80.0
5.4878953E13	182.0	80.0
5.487896E13	182.0	80.0
5.487897E13	182.0	80.0
5.4878982E13	182.0	79.0
5.4878995E13	182.0	80.0
5.4879003E13	182.0	80.0
5.487901E13	182.0	80.0
5.487902E13	182.0	80.0
5.4879033E13	182.0	80.0
5.487904E13	182.0	80.0
5.4879054E13	182.0	80.0
5.487906E13	182.0	80.0
5.487907E13	182.0	80.0
5.4879083E13	182.0	80.0
5.487909E13	182.0	80.0
5.48791E13	182.0	80.0
5.4879112E13	182.0	80.0
5.487912E13	182.0	80.0
5.4879133E13	182.0	80.0
5.487914E13	182.0	80.0
5.487915E13	182.0	79.0
5.4879163E13	182.0	79.0
5.487917E13	182.0	79.0
5.4879184E13	182.0	79.0
5.487919E13	182.0	79.0
5.48792E13	182.0	79.0
5.4879213E13	182.0	79.0
5.487922E13	182.0	79.0
5.487923E13	182.0	79.0
5.4879242E13	182.0	80.0
5.487925E13	182.0	80.0
5.4879263E13	182.0	80.0
5.487927E13	182.0	80.0
5.487928E13	182.0	80.0
5.4879293E13	182.0	80.0
5.48793E13	182.0	80.0
5.4879314E13	182.0	80.0
5.4879322E13	182.0	80.0
5.487933E13	182.0	80.0
5.4879343E13	182.0	80.0
5.487935E13	182.0	80.0
5.487936E13	182.0	80.0
5.4879372E13	182.0	80.0
5.487938E13	182.0	80.0
5.4879393E13	182.0	80.0
5.48794E13	182.0	80.0
5.487941E13	182.0	80.0
5.4879423E13	182.0	80.0
5.487943E13	182.0	80.0
5.4879444E13	182.0	80.0
5.4879452E13	182.0	80.0
5.487946E13	182.0	80.0
5.4879473E13	182.0	80.0
5.487948E13	183.0	80.0
5.4879494E13	183.0	80.0
5.4879502E13	183.0	80.0
5.487951E13	182.0	80.0
5.4879523E13	182.0	80.0
5.487953E13	182.0	80.0
5.487954E13	182.0	80.0
5.4879553E13	182.0	80.0
5.487956E13	182.0	80.0
5.4879574E13	182.0	80.0
5.4879582E13	182.0	80.0
5.487959E13	182.0	80.0
5.4879603E13	182.0	79.0
5.487961E13	182.0	80.0
5.4879624E13	182.0	80.0
5.4879632E13	182.0	80.0
5.487964E13	182.0	80.0
5.4879653E13	182.0	80.0
5.487966E13	182.0	80.0
5.487967E13	182.0	80.0
5.4879683E13	182.0	80.0
5.487969E13	182.0	80.0
5.4879704E13	182.0	80.0
5.4879712E13	182.0	80.0
5.487972E13	182.0	80.0
5.4879733E13	182.0	80.0
5.487974E13	182.0	80.0
5.4879754E13	182.0	80.0
5.4879763E13	182.0	80.0
5.487977E13	182.0	80.0
5.4879783E13	182.0	80.0
5.487979E13	182.0	80.0
5.4879804E13	182.0	80.0
5.4879813E13	182.0	80.0
5.487982E13	182.0	80.0
5.4879834E13	182.0	80.0
5.4879842E13	182.0	80.0
5.487985E13	182.0	80.0
5.4879863E13	182.0	80.0
5.487987E13	182.0	80.0
5.4879884E13	182.0	80.0
5.4879893E13	182.0	80.0
5.48799E13	182.0	80.0
5.4879914E13	182.0	80.0
5.487992E13	182.0	80.0
5.4879934E13	182.0	80.0
5.4879943E13	182.0	80.0
5.487995E13	182.0	80.0
5.4879964E13	182.0	80.0
5.4879972E13	182.0	79.0
5.487998E13	182.0	80.0
5.4879993E13	182.0	80.0
5.488E13	182.0	80.0
5.4880014E13	182.0	80.0
5.4880023E13	182.0	80.0
5.488003E13	182.0	81.0
5.4880044E13	182.0	81.0
5.488005E13	182.0	81.0
5.4880065E13	182.0	81.0
5.4880073E13	182.0	80.0
5.488008E13	182.0	80.0
5.4880094E13	182.0	80.0
5.4880102E13	182.0	80.0
5.4880115E13	182.0	80.0
5.4880123E13	182.0	80.0
5.488013E13	182.0	79.0
5.4880144E13	182.0	79.0
5.4880153E13	182.0	80.0
5.488016E13	182.0	80.0
5.4880174E13	182.0	80.0
5.488018E13	182.0	80.0
5.4880195E13	182.0	80.0
5.4880203E13	182.0	80.0
5.4880215E13	182.0	80.0
5.4880224E13	182.0	80.0
5.4880236E13	182.0	80.0
5.488024E13	182.0	80.0
5.4880253E13	182.0	80.0
5.488026E13	182.0	80.0
5.4880274E13	182.0	80.0
5.4880283E13	182.0	80.0
5.488029E13	182.0	80.0
5.4880304E13	182.0	80.0
5.488031E13	182.0	80.0
5.4880325E13	182.0	80.0
5.4880333E13	182.0	80.0
5.488034E13	182.0	80.0
5.4880354E13	182.0	80.0
5.4880362E13	182.0	80.0
5.4880375E13	182.0	80.0
5.4880383E13	182.0	80.0
5.488039E13	182.0	80.0
5.4880404E13	182.0	80.0
5.4880413E13	182.0	80.0
5.488042E13	182.0	80.0
5.4880434E13	182.0	80.0
5.488044E13	182.0	80.0
5.4880455E13	182.0	80.0
5.4880463E13	182.0	80.0
5.488047E13	182.0	80.0
5.4880484E13	181.0	80.0
5.4880492E13	181.0	80.0
5.4880505E13	181.0	80.0
5.4880513E13	181.0	80.0
5.488052E13	181.0	80.0
5.4880534E13	181.0	80.0
5.4880543E13	181.0	80.0
5.488055E13	181.0	80.0
5.4880564E13	181.0	80.0
5.488057E13	181.0	80.0
5.4880585E13	181.0	80.0
5.4880593E13	181.0	80.0
5.48806E13	181.0	80.0
5.4880614E13	181.0	80.0
5.4880622E13	181.0	80.0
5.4880635E13	181.0	80.0
5.4880643E13	181.0	80.0
5.488065E13	181.0	80.0
5.4880664E13	181.0	80.0
5.4880673E13	181.0	80.0
5.4880685E13	181.0	80.0
5.4880694E13	181.0	80.0
5.48807E13	181.0	80.0
5.4880715E13	181.0	80.0
5.4880723E13	181.0	80.0
5.488073E13	181.0	80.0
5.4880744E13	181.0	80.0
5.4880752E13	181.0	80.0
5.4880765E13	181.0	80.0
5.4880773E13	181.0	80.0
5.488078E13	181.0	80.0
5.4880794E13	181.0	80.0
5.4880803E13	181.0	80.0
5.4880815E13	181.0	80.0
5.4880824E13	182.0	80.0
5.488083E13	182.0	80.0
5.4880845E13	182.0	80.0
5.4880853E13	182.0	80.0
5.488086E13	182.0	80.0
5.4880874E13	182.0	80.0
5.4880882E13	182.0	80.0
5.4880895E13	182.0	80.0
5.4880903E13	181.0	80.0
5.488091E13	181.0	80.0
5.4880924E13	181.0	80.0
5.4880933E13	181.0	80.0
5.4880945E13	181.0	81.0
5.4880954E13	181.0	81.0
5.488096E13	181.0	81.0
5.4880975E13	181.0	81.0
5.4880983E13	181.0	81.0
5.488099E13	181.0	81.0
5.4881004E13	181.0	81.0
5.4881012E13	181.0	80.0
5.4881025E13	181.0	80.0
5.4881033E13	181.0	80.0
5.488104E13	181.0	80.0
5.4881054E13	181.0	80.0
5.4881063E13	181.0	80.0
5.4881075E13	181.0	80.0
5.4881084E13	181.0	80.0
5.4881092E13	181.0	80.0
5.4881105E13	181.0	80.0
5.4881113E13	181.0	80.0
5.4881126E13	181.0	80.0
5.4881134E13	181.0	80.0
5.4881142E13	181.0	80.0
5.4881155E13	181.0	80.0
5.4881163E13	181.0	80.0
5.488117E13	181.0	80.0
5.4881184E13	181.0	80.0
5.4881193E13	181.0	80.0
5.4881205E13	181.0	80.0
5.4881222E13	181.0	80.0
5.4881235E13	181.0	80.0
5.4881243E13	181.0	80.0
5.4881256E13	181.0	80.0
5.4881264E13	181.0	81.0
5.4881272E13	181.0	81.0
5.4881285E13	181.0	81.0
5.4881293E13	181.0	81.0
5.4881306E13	181.0	81.0
5.4881314E13	181.0	81.0
5.4881323E13	181.0	80.0
5.4881335E13	181.0	80.0
5.4881344E13	181.0	80.0
5.4881352E13	182.0	80.0
5.4881365E13	182.0	80.0
5.4881373E13	182.0	80.0
5.4881386E13	182.0	80.0
5.4881394E13	182.0	80.0
5.4881402E13	182.0	80.0
5.4881415E13	182.0	80.0
5.4881423E13	182.0	80.0
5.4881436E13	182.0	80.0
5.4881444E13	182.0	80.0
5.4881453E13	182.0	80.0
5.4881465E13	182.0	80.0
5.4881474E13	182.0	80.0
5.4881486E13	182.0	80.0
5.4881495E13	182.0	80.0
5.4881503E13	183.0	80.0
5.4881516E13	183.0	80.0
5.4881524E13	183.0	80.0
5.4881533E13	183.0	80.0
5.4881545E13	183.0	80.0
5.4881553E13	183.0	80.0
5.4881566E13	183.0	80.0
5.4881574E13	183.0	80.0
5.4881583E13	183.0	80.0
5.4881595E13	183.0	80.0
5.4881604E13	183.0	80.0
5.4881612E13	183.0	79.0
5.4881625E13	183.0	80.0
5.4881633E13	183.0	80.0
5.4881646E13	183.0	80.0
5.4881654E13	183.0	80.0
5.4881663E13	183.0	80.0
5.4881675E13	183.0	80.0
5.4881684E13	183.0	80.0
5.4881696E13	183.0	81.0
5.4881704E13	183.0	81.0
5.4881713E13	183.0	81.0
5.4881725E13	183.0	81.0
5.4881734E13	183.0	80.0
5.4881746E13	183.0	80.0
5.4881763E13	183.0	80.0
5.4881776E13	183.0	80.0
5.4881784E13	183.0	80.0
5.4881793E13	183.0	80.0
5.4881805E13	183.0	80.0
5.4881814E13	183.0	80.0
5.4881826E13	183.0	80.0
5.4881835E13	183.0	80.0
5.4881843E13	183.0	81.0
5.4881855E13	183.0	81.0
5.4881864E13	183.0	80.0
5.4881876E13	182.0	80.0
5.4881885E13	182.0	80.0
5.4881893E13	182.0	80.0
5.4881906E13	182.0	80.0
5.4881914E13	182.0	80.0
5.4881923E13	182.0	80.0
5.4881935E13	182.0	80.0
5.4881944E13	182.0	80.0
5.4881956E13	182.0	80.0
5.4881965E13	182.0	81.0
5.4881973E13	182.0	81.0
5.4881985E13	182.0	80.0
5.4881994E13	182.0	80.0
5.4882006E13	182.0	80.0
5.4882015E13	182.0	80.0
5.4882023E13	182.0	80.0
5.4882036E13	182.0	80.0
5.4882044E13	182.0	80.0
5.4882053E13	182.0	80.0
5.4882065E13	182.0	80.0
5.4882074E13	182.0	80.0
5.4882086E13	182.0	80.0
5.4882095E13	182.0	80.0
5.4882103E13	181.0	80.0
5.4882116E13	181.0	80.0
5.4882124E13	181.0	80.0
5.4882136E13	181.0	80.0
5.4882145E13	181.0	80.0
5.4882157E13	181.0	80.0
5.4882166E13	181.0	80.0
5.4882174E13	181.0	80.0
5.4882187E13	181.0	80.0
5.4882195E13	181.0	80.0
5.4882204E13	181.0	81.0
5.4882216E13	181.0	81.0
5.4882225E13	181.0	81.0
5.4882233E13	181.0	81.0
5.4882246E13	181.0	81.0
5.4882254E13	180.0	81.0
5.4882267E13	180.0	80.0
5.4882275E13	180.0	80.0
5.4882283E13	180.0	80.0
5.4882296E13	180.0	80.0
5.4882304E13	180.0	80.0
5.4882317E13	180.0	80.0
5.4882325E13	180.0	80.0
5.4882334E13	180.0	80.0
5.4882346E13	180.0	80.0
5.4882355E13	180.0	80.0
5.4882363E13	180.0	81.0
5.4882376E13	180.0	81.0
5.4882384E13	180.0	80.0
5.4882397E13	180.0	80.0
5.4882405E13	180.0	80.0
5.4882418E13	180.0	80.0
5.4882426E13	180.0	80.0
5.4882434E13	180.0	80.0
5.4882447E13	180.0	80.0
5.4882455E13	180.0	80.0
5.4882464E13	180.0	80.0
5.4882476E13	180.0	81.0
5.4882485E13	180.0	80.0
5.4882493E13	180.0	80.0
5.4882506E13	180.0	81.0
5.4882514E13	180.0	80.0
5.4882527E13	180.0	80.0
5.4882535E13	180.0	80.0
5.4882543E13	180.0	80.0
5.4882556E13	180.0	80.0
5.4882564E13	180.0	80.0
5.4882577E13	180.0	80.0
5.4882585E13	180.0	80.0
5.4882594E13	180.0	80.0
5.4882606E13	180.0	48.0
5.4882615E13	180.0	81.0
5.4882627E13	180.0	81.0
5.4882636E13	180.0	81.0
5.4882644E13	180.0	81.0
5.4882657E13	180.0	81.0
5.4882665E13	180.0	81.0
5.4882673E13	180.0	81.0
5.4882686E13	180.0	81.0
5.4882694E13	180.0	80.0
5.4882707E13	180.0	80.0
5.4882715E13	180.0	80.0
5.4882724E13	180.0	80.0
5.4882736E13	180.0	80.0
5.4882745E13	180.0	80.0
5.4882757E13	180.0	80.0
5.4882766E13	180.0	80.0
5.4882774E13	180.0	80.0
5.4882787E13	180.0	80.0
5.4882795E13	180.0	81.0
5.4882803E13	180.0	81.0
5.4882816E13	180.0	81.0
5.4882824E13	180.0	81.0
5.4882837E13	180.0	81.0
5.4882845E13	180.0	80.0
5.4882854E13	180.0	81.0
5.4882866E13	180.0	81.0
5.4882875E13	180.0	81.0
5.4882887E13	180.0	81.0
5.4882896E13	180.0	81.0
5.4882904E13	180.0	81.0
5.4882917E13	180.0	81.0
5.4882925E13	180.0	81.0
5.4882938E13	180.0	80.0
5.4882946E13	180.0	80.0
5.4882954E13	180.0	80.0
5.4882967E13	180.0	80.0
5.4882975E13	180.0	80.0
5.4882984E13	180.0	80.0
5.4883E13	180.0	80.0
5.4883005E13	180.0	80.0
5.4883017E13	180.0	80.0
5.4883026E13	180.0	80.0
5.4883034E13	180.0	80.0
5.4883047E13	180.0	81.0
5.4883055E13	180.0	81.0
5.4883068E13	180.0	81.0
5.4883076E13	180.0	81.0
5.4883084E13	180.0	81.0
5.4883097E13	180.0	81.0
5.4883105E13	180.0	80.0
5.4883114E13	180.0	80.0
5.4883126E13	180.0	80.0
5.4883135E13	180.0	80.0
5.4883147E13	179.0	80.0
5.4883156E13	179.0	80.0
5.4883164E13	179.0	81.0
5.4883177E13	179.0	81.0
5.4883185E13	179.0	81.0
5.4883198E13	179.0	81.0
5.4883206E13	179.0	81.0
5.4883214E13	179.0	81.0
5.4883227E13	179.0	81.0
5.4883235E13	179.0	81.0
5.4883244E13	179.0	80.0
5.4883256E13	179.0	80.0
5.4883265E13	179.0	80.0
5.4883277E13	179.0	80.0
5.4883286E13	179.0	81.0
5.4883294E13	179.0	81.0
5.4883307E13	179.0	81.0
5.4883315E13	179.0	81.0
5.4883328E13	179.0	81.0
5.4883336E13	179.0	81.0
5.4883344E13	179.0	80.0
5.4883357E13	179.0	81.0
5.4883365E13	179.0	80.0
5.488338E13	179.0	80.0
5.4883386E13	179.0	80.0
5.4883395E13	179.0	81.0
5.4883407E13	179.0	81.0
5.4883416E13	179.0	81.0
5.4883424E13	179.0	81.0
5.4883437E13	179.0	81.0
5.4883445E13	179.0	81.0
5.4883458E13	179.0	81.0
5.4883466E13	179.0	80.0
5.4883474E13	179.0	80.0
5.4883487E13	179.0	80.0
5.4883495E13	179.0	80.0
5.488351E13	179.0	80.0
5.4883516E13	179.0	80.0
5.4883525E13	179.0	80.0
5.4883537E13	179.0	80.0
5.4883546E13	179.0	80.0
5.4883554E13	179.0	80.0
5.4883567E13	179.0	80.0
5.4883575E13	179.0	80.0
5.4883588E13	179.0	80.0
5.4883596E13	179.0	80.0
5.4883604E13	179.0	81.0
5.4883617E13	179.0	81.0
5.4883625E13	180.0	48.0
5.488364E13	180.0	81.0
5.4883646E13	180.0	81.0
5.4883655E13	180.0	81.0
5.4883667E13	180.0	81.0
5.4883676E13	180.0	81.0
5.4883684E13	180.0	81.0
5.4883697E13	180.0	81.0
5.4883705E13	180.0	80.0
5.4883718E13	180.0	80.0
5.4883726E13	180.0	80.0
5.4883735E13	180.0	80.0
5.4883747E13	180.0	80.0
5.4883755E13	180.0	80.0
5.488377E13	180.0	80.0
5.4883776E13	180.0	80.0
5.4883785E13	180.0	81.0
5.4883797E13	180.0	81.0
5.4883806E13	180.0	81.0
5.488382E13	180.0	80.0
5.4883827E13	180.0	80.0
5.4883835E13	180.0	80.0
5.4883848E13	180.0	80.0
5.4883856E13	180.0	80.0
5.4883865E13	180.0	80.0
5.4883877E13	180.0	80.0
5.4883886E13	180.0	81.0
5.48839E13	180.0	81.0
5.4883906E13	180.0	81.0
5.4883915E13	180.0	81.0
5.4883927E13	180.0	81.0
5.4883936E13	180.0	81.0
5.488395E13	180.0	80.0
5.4883957E13	180.0	80.0
5.4883965E13	180.0	80.0
5.4883978E13	180.0	80.0
5.4883986E13	180.0	80.0
5.4884003E13	180.0	80.0
5.4884007E13	180.0	80.0
5.4884016E13	180.0	80.0
5.488403E13	180.0	80.0
5.4884037E13	180.0	80.0
5.4884045E13	180.0	80.0
5.4884057E13	180.0	80.0
5.4884066E13	180.0	81.0
5.488408E13	180.0	81.0
5.4884087E13	180.0	81.0
5.4884095E13	180.0	80.0
5.4884108E13	180.0	80.0
5.4884116E13	180.0	80.0
5.4884125E13	180.0	80.0
5.4884137E13	180.0	80.0
5.4884146E13	180.0	81.0
5.488416E13	180.0	81.0
5.4884167E13	180.0	81.0
5.4884175E13	180.0	81.0
5.4884188E13	180.0	81.0
5.4884196E13	180.0	81.0
5.488421E13	180.0	81.0
5.4884217E13	180.0	81.0
5.4884225E13	180.0	81.0
5.4884238E13	180.0	81.0
5.4884246E13	180.0	81.0
5.488426E13	180.0	81.0
5.4884267E13	180.0	81.0
5.4884276E13	179.0	81.0
5.488429E13	179.0	81.0
5.4884297E13	179.0	81.0
5.4884305E13	179.0	81.0
5.4884318E13	179.0	81.0
5.4884326E13	179.0	81.0
5.488434E13	179.0	80.0
5.4884347E13	179.0	80.0
5.4884355E13	179.0	80.0
5.4884368E13	179.0	80.0
5.4884376E13	179.0	80.0
5.488439E13	179.0	80.0
5.4884397E13	179.0	80.0
5.4884406E13	179.0	81.0
5.488442E13	179.0	81.0
5.4884427E13	179.0	81.0
5.4884435E13	179.0	81.0
5.4884448E13	179.0	81.0
5.4884456E13	180.0	81.0
5.488447E13	180.0	81.0
5.4884477E13	180.0	81.0
5.4884485E13	180.0	81.0
5.4884498E13	179.0	81.0
5.4884506E13	179.0	80.0
5.488452E13	179.0	80.0
5.4884527E13	179.0	80.0
5.4884536E13	179.0	81.0
5.488455E13	179.0	81.0
5.4884557E13	179.0	81.0
5.488457E13	179.0	81.0
5.4884578E13	179.0	81.0
5.4884586E13	179.0	81.0
5.48846E13	179.0	81.0
5.4884607E13	179.0	81.0
5.4884615E13	179.0	81.0
5.488463E13	179.0	81.0
5.4884636E13	179.0	81.0
5.488465E13	179.0	81.0
5.4884657E13	179.0	81.0
5.4884666E13	179.0	81.0
5.488468E13	179.0	81.0
5.4884687E13	179.0	81.0
5.48847E13	179.0	81.0
5.4884708E13	179.0	80.0
5.4884716E13	179.0	80.0
5.488473E13	179.0	80.0
5.4884737E13	179.0	80.0
5.4884745E13	179.0	80.0
5.488476E13	178.0	81.0
5.4884766E13	178.0	81.0
5.488478E13	178.0	81.0
5.4884787E13	178.0	81.0
5.4884796E13	178.0	81.0
5.488481E13	178.0	80.0
5.4884817E13	178.0	80.0
5.488483E13	178.0	81.0
5.4884838E13	178.0	81.0
5.4884846E13	178.0	81.0
5.488486E13	178.0	81.0
5.4884867E13	178.0	81.0
5.4884875E13	178.0	81.0
5.488489E13	178.0	81.0
5.4884896E13	178.0	81.0
5.488491E13	178.0	81.0
5.4884917E13	178.0	81.0
5.4884926E13	178.0	81.0
5.488494E13	178.0	81.0
5.4884947E13	178.0	80.0
5.488496E13	178.0	80.0
5.4884968E13	178.0	80.0
5.4884976E13	178.0	80.0
5.488499E13	178.0	80.0
5.4885E13	178.0	81.0
5.4885005E13	178.0	81.0
5.488502E13	178.0	81.0
5.4885026E13	178.0	81.0
5.488504E13	178.0	81.0
5.4885047E13	178.0	81.0
5.4885056E13	178.0	81.0
5.488507E13	178.0	81.0
5.4885077E13	178.0	81.0
5.488509E13	178.0	81.0
5.4885098E13	178.0	81.0
5.4885106E13	178.0	81.0
5.488512E13	178.0	81.0
5.4885127E13	178.0	81.0
5.488514E13	178.0	81.0
5.488515E13	178.0	81.0
5.4885156E13	178.0	81.0
5.488517E13	178.0	81.0
5.4885177E13	178.0	81.0
5.4885186E13	178.0	81.0
5.48852E13	178.0	81.0
5.4885207E13	178.0	81.0
5.488522E13	178.0	81.0
5.4885228E13	178.0	81.0
5.4885236E13	178.0	81.0
5.488525E13	178.0	81.0
5.4885257E13	178.0	81.0
5.488527E13	178.0	81.0
5.488528E13	178.0	81.0
5.4885286E13	178.0	81.0
5.48853E13	178.0	81.0
5.4885307E13	178.0	81.0
5.4885316E13	178.0	81.0
5.488533E13	178.0	81.0
5.4885337E13	178.0	81.0
5.488535E13	178.0	81.0
5.4885358E13	178.0	81.0
5.4885366E13	178.0	81.0
5.488538E13	178.0	81.0
5.4885387E13	178.0	81.0
5.48854E13	178.0	81.0
5.488541E13	178.0	81.0
5.4885416E13	178.0	81.0
5.488543E13	178.0	81.0
5.4885437E13	178.0	81.0
5.488545E13	178.0	81.0
5.488546E13	178.0	81.0
5.4885467E13	178.0	81.0
5.4885488E13	178.0	81.0
5.4885496E13	178.0	81.0
5.488551E13	178.0	81.0
5.4885517E13	178.0	80.0
5.488553E13	178.0	81.0
5.488554E13	178.0	80.0
5.4885546E13	178.0	81.0
5.488556E13	178.0	81.0
5.4885567E13	178.0	87.0
5.488558E13	178.0	81.0
5.488559E13	178.0	81.0
5.4885597E13	178.0	81.0
5.488561E13	178.0	81.0
5.4885618E13	178.0	81.0
5.488563E13	178.0	81.0
5.488564E13	178.0	81.0
5.4885647E13	178.0	81.0
5.488566E13	178.0	81.0
5.488567E13	178.0	81.0
5.4885676E13	178.0	81.0
5.488569E13	178.0	80.0
5.4885697E13	178.0	80.0
5.488571E13	178.0	80.0
5.488572E13	178.0	80.0
5.4885727E13	178.0	80.0
5.488574E13	178.0	80.0
5.4885748E13	178.0	80.0
5.4885756E13	178.0	81.0
5.488577E13	178.0	81.0
5.4885777E13	178.0	81.0
5.488579E13	178.0	81.0
5.48858E13	178.0	81.0
5.4885807E13	178.0	81.0
5.488582E13	178.0	80.0
5.4885827E13	178.0	80.0
5.488584E13	178.0	80.0
5.488585E13	178.0	80.0
5.4885857E13	178.0	80.0
5.488587E13	178.0	80.0
5.4885878E13	178.0	80.0
5.488589E13	179.0	81.0
5.48859E13	179.0	81.0
5.4885907E13	179.0	81.0
5.488592E13	179.0	81.0
5.488593E13	179.0	81.0
5.4885937E13	179.0	81.0
5.488595E13	179.0	80.0
5.4885958E13	180.0	80.0
5.488597E13	180.0	80.0
5.488598E13	180.0	80.0
5.4885987E13	180.0	80.0
5.4886004E13	180.0	80.0
5.4886008E13	180.0	80.0
5.488602E13	180.0	80.0
5.488603E13	180.0	80.0
5.4886037E13	180.0	80.0
5.488605E13	180.0	80.0
5.488606E13	180.0	80.0
5.4886067E13	180.0	80.0
5.488608E13	180.0	80.0
5.4886088E13	180.0	80.0
5.48861E13	180.0	80.0
5.488611E13	180.0	80.0
5.4886117E13	180.0	80.0
5.488613E13	180.0	80.0
5.4886138E13	180.0	80.0
5.488615E13	179.0	80.0
5.488616E13	179.0	80.0
5.4886167E13	179.0	80.0
5.488618E13	179.0	80.0
5.488619E13	179.0	80.0
5.4886197E13	179.0	80.0
5.488621E13	179.0	80.0
5.4886218E13	179.0	80.0
5.488623E13	179.0	80.0
5.488624E13	179.0	80.0
5.4886247E13	179.0	80.0
5.488626E13	179.0	80.0
5.4886268E13	179.0	80.0
5.488628E13	179.0	80.0
5.488629E13	179.0	80.0
5.4886297E13	179.0	80.0
5.488633E13	179.0	80.0
5.488634E13	179.0	80.0
5.4886348E13	179.0	80.0
5.488636E13	179.0	80.0
5.488637E13	179.0	80.0
5.4886377E13	179.0	80.0
5.488639E13	179.0	80.0
5.4886398E13	179.0	80.0
5.488641E13	179.0	80.0
5.488642E13	179.0	80.0
5.4886427E13	179.0	80.0
5.488644E13	179.0	80.0
5.488645E13	179.0	80.0
5.488646E13	179.0	80.0
5.488647E13	179.0	81.0
5.4886478E13	179.0	81.0
5.488649E13	179.0	81.0
5.48865E13	179.0	80.0
5.4886507E13	179.0	80.0
5.488653E13	179.0	80.0
5.488654E13	179.0	81.0
5.488655E13	179.0	80.0
5.4886557E13	179.0	80.0
5.488657E13	179.0	80.0
5.488659E13	179.0	81.0
5.48866E13	179.0	81.0
5.4886608E13	179.0	81.0
5.488662E13	179.0	81.0
5.488663E13	179.0	81.0
5.488664E13	179.0	80.0
5.488665E13	179.0	80.0
5.488666E13	178.0	81.0
5.488667E13	178.0	81.0
5.488668E13	178.0	80.0
5.4886687E13	178.0	80.0
5.48867E13	178.0	80.0
5.488671E13	178.0	81.0
5.488672E13	178.0	80.0
5.488673E13	178.0	81.0
5.4886738E13	178.0	81.0
5.488675E13	178.0	81.0
5.488676E13	178.0	81.0
5.488677E13	178.0	81.0
5.488678E13	178.0	80.0
5.488679E13	178.0	80.0
5.48868E13	178.0	80.0
5.488681E13	178.0	80.0
5.4886817E13	178.0	81.0
5.488683E13	178.0	81.0
5.488684E13	178.0	81.0
5.488685E13	178.0	81.0
5.488686E13	178.0	81.0
5.4886868E13	178.0	81.0
5.488688E13	178.0	81.0
5.488689E13	178.0	81.0
5.48869E13	178.0	81.0
5.488691E13	178.0	81.0
5.488692E13	178.0	81.0
5.488693E13	178.0	80.0
5.488694E13	178.0	80.0
5.4886947E13	178.0	80.0
5.488696E13	178.0	80.0
5.488697E13	178.0	80.0
5.488698E13	178.0	80.0
5.488699E13	178.0	81.0
5.4886998E13	178.0	81.0
5.488701E13	178.0	81.0
5.488702E13	178.0	81.0
5.488703E13	178.0	81.0
5.488704E13	178.0	81.0
5.488705E13	178.0	80.0
5.488706E13	178.0	81.0
5.488707E13	178.0	81.0
5.4887077E13	178.0	81.0
5.488709E13	178.0	81.0
5.48871E13	178.0	81.0
5.488711E13	178.0	81.0
5.488712E13	178.0	81.0
5.4887128E13	178.0	81.0
5.488714E13	178.0	87.0
5.488715E13	178.0	81.0
5.488716E13	178.0	81.0
5.488717E13	178.0	81.0
5.488718E13	178.0	81.0
5.488719E13	178.0	81.0
5.48872E13	178.0	81.0
5.488721E13	178.0	81.0
5.488722E13	178.0	81.0
5.488724E13	177.0	81.0
5.488725E13	177.0	81.0
5.4887258E13	177.0	81.0
5.488727E13	177.0	81.0
5.488729E13	177.0	81.0
5.48873E13	177.0	81.0
5.488731E13	177.0	81.0
5.488732E13	177.0	81.0
5.488733E13	177.0	80.0
5.488734E13	177.0	81.0
5.488735E13	177.0	81.0
5.488736E13	177.0	81.0
5.488737E13	177.0	81.0
5.488738E13	177.0	81.0
5.4887388E13	177.0	81.0
5.48874E13	177.0	81.0
5.488741E13	177.0	81.0
5.488742E13	177.0	81.0
5.488743E13	177.0	81.0
5.488744E13	177.0	81.0
5.488745E13	177.0	81.0
5.488746E13	178.0	81.0
5.488747E13	178.0	81.0
5.488748E13	178.0	81.0
5.488749E13	178.0	81.0
5.48875E13	178.0	81.0
5.488751E13	178.0	81.0
5.488752E13	178.0	81.0
5.488753E13	177.0	81.0
5.488754E13	177.0	81.0
5.488755E13	177.0	81.0
5.488756E13	177.0	81.0
5.488757E13	177.0	81.0
5.488758E13	177.0	81.0
5.488759E13	177.0	81.0
5.48876E13	177.0	81.0
5.488761E13	177.0	81.0
5.488762E13	177.0	81.0
5.488763E13	177.0	81.0
5.488764E13	177.0	81.0
5.488765E13	177.0	81.0
5.488766E13	177.0	81.0
5.488767E13	177.0	81.0
5.488768E13	177.0	81.0
5.488769E13	177.0	81.0
5.4887702E13	177.0	80.0
5.488771E13	177.0	80.0
5.488772E13	177.0	80.0
5.488773E13	177.0	80.0
5.488774E13	177.0	81.0
5.488775E13	177.0	81.0
5.488776E13	177.0	81.0
5.488777E13	177.0	81.0
5.488778E13	177.0	81.0
5.488779E13	177.0	81.0
5.48878E13	177.0	81.0
5.488781E13	177.0	81.0
5.488782E13	177.0	81.0
5.4887832E13	177.0	81.0
5.488784E13	177.0	81.0
5.488785E13	177.0	81.0
5.488786E13	177.0	81.0
5.488787E13	177.0	80.0
5.488788E13	177.0	80.0
5.488789E13	177.0	80.0
5.48879E13	177.0	80.0
5.488791E13	177.0	80.0
5.488792E13	177.0	80.0
5.488793E13	177.0	81.0
5.488794E13	177.0	81.0
5.488795E13	177.0	81.0
5.4887962E13	177.0	81.0
5.488797E13	177.0	81.0
5.488798E13	177.0	81.0
5.488799E13	177.0	81.0
5.4888E13	177.0	81.0
5.488801E13	177.0	81.0
5.488802E13	177.0	81.0
5.488803E13	177.0	81.0
5.488804E13	177.0	81.0
5.488805E13	177.0	81.0
5.488806E13	177.0	81.0
5.488807E13	177.0	81.0
5.488808E13	177.0	81.0
5.4888092E13	177.0	81.0
5.48881E13	177.0	81.0
5.488811E13	177.0	81.0
5.488812E13	177.0	81.0
5.488813E13	177.0	81.0
5.488814E13	177.0	81.0
5.488815E13	177.0	81.0
5.488816E13	177.0	81.0
5.488817E13	177.0	81.0
5.488818E13	177.0	81.0
5.488819E13	177.0	81.0
5.48882E13	177.0	81.0
5.488821E13	177.0	81.0
5.4888222E13	177.0	81.0
5.488823E13	177.0	81.0
5.488824E13	177.0	81.0
5.488825E13	177.0	81.0
5.488826E13	177.0	81.0
5.488827E13	177.0	80.0
5.488828E13	177.0	80.0
5.488829E13	177.0	80.0
5.4888302E13	177.0	81.0
5.488831E13	177.0	80.0
5.488832E13	178.0	80.0
5.488833E13	178.0	80.0
5.488834E13	178.0	81.0
5.4888352E13	178.0	81.0
5.488836E13	178.0	81.0
5.488837E13	178.0	81.0
5.488838E13	178.0	81.0
5.488839E13	178.0	81.0
5.4888403E13	178.0	81.0
5.488841E13	178.0	81.0
5.488842E13	178.0	81.0
5.4888432E13	178.0	80.0
5.488844E13	178.0	80.0
5.488845E13	178.0	80.0
5.488846E13	178.0	80.0
5.488847E13	178.0	80.0
5.4888482E13	178.0	80.0
5.488849E13	178.0	81.0
5.4888503E13	178.0	81.0
5.488851E13	178.0	81.0
5.488852E13	178.0	81.0
5.4888533E13	178.0	81.0
5.488854E13	178.0	81.0
5.488855E13	178.0	81.0
5.4888562E13	178.0	80.0
5.488857E13	178.0	80.0
5.488858E13	178.0	80.0
5.488859E13	178.0	80.0
5.48886E13	178.0	80.0
5.4888612E13	178.0	80.0
5.488862E13	179.0	80.0
5.488863E13	179.0	87.0
5.488864E13	179.0	81.0
5.488865E13	179.0	80.0
5.4888663E13	179.0	80.0
5.488867E13	179.0	80.0
5.488868E13	179.0	80.0
5.4888692E13	179.0	81.0
5.48887E13	179.0	81.0
5.4888713E13	179.0	81.0
5.488872E13	179.0	81.0
5.488873E13	179.0	81.0
5.4888743E13	179.0	81.0
5.488875E13	179.0	81.0
5.488876E13	179.0	81.0
5.488877E13	179.0	80.0
5.488878E13	179.0	80.0
5.4888793E13	179.0	80.0
5.48888E13	179.0	80.0
5.488881E13	179.0	80.0
5.4888822E13	179.0	80.0
5.488883E13	179.0	80.0
5.4888843E13	179.0	80.0
5.488885E13	179.0	80.0
5.488886E13	179.0	81.0
5.4888873E13	179.0	81.0
5.488888E13	179.0	81.0
5.488889E13	179.0	81.0
5.48889E13	179.0	81.0
5.488891E13	179.0	81.0
5.4888923E13	179.0	81.0
5.488893E13	179.0	81.0
5.488894E13	179.0	80.0
5.4888952E13	179.0	80.0
5.488896E13	179.0	80.0
5.4888973E13	179.0	80.0
5.488898E13	179.0	80.0
5.488899E13	179.0	80.0
5.4889003E13	179.0	81.0
5.488901E13	179.0	81.0
5.488902E13	179.0	81.0
5.488903E13	178.0	81.0
5.488904E13	178.0	81.0
5.4889053E13	178.0	81.0
5.488906E13	178.0	81.0
5.488907E13	178.0	81.0
5.4889082E13	178.0	80.0
5.488909E13	178.0	80.0
5.4889103E13	178.0	80.0
5.488911E13	178.0	80.0
5.488912E13	178.0	80.0
5.4889133E13	178.0	80.0
5.488914E13	178.0	81.0
5.4889154E13	178.0	81.0
5.488916E13	178.0	81.0
5.488917E13	178.0	81.0
5.4889183E13	178.0	81.0
5.488919E13	178.0	81.0
5.48892E13	178.0	81.0
5.4889212E13	178.0	81.0
5.488922E13	178.0	81.0
5.4889233E13	178.0	81.0
5.488924E13	178.0	81.0
5.488925E13	178.0	81.0
5.4889263E13	178.0	81.0
5.488927E13	178.0	81.0
5.4889284E13	178.0	87.0
5.488929E13	178.0	81.0
5.48893E13	178.0	81.0
5.4889313E13	178.0	81.0
5.488932E13	178.0	81.0
5.488933E13	178.0	81.0
5.4889342E13	178.0	81.0
5.488935E13	178.0	81.0
5.4889363E13	178.0	81.0
5.488937E13	178.0	81.0
5.488938E13	178.0	81.0
5.4889393E13	178.0	81.0
5.48894E13	178.0	81.0
5.4889414E13	178.0	81.0
5.488942E13	178.0	81.0
5.488943E13	178.0	81.0
5.4889443E13	178.0	81.0
5.488945E13	178.0	81.0
5.4889464E13	178.0	81.0
5.4889472E13	178.0	81.0
5.488948E13	178.0	81.0
5.4889493E13	178.0	81.0
5.48895E13	178.0	81.0
5.488951E13	178.0	81.0
5.4889523E13	178.0	81.0
5.488953E13	178.0	81.0
5.4889544E13	178.0	81.0
5.488955E13	178.0	81.0
5.488956E13	178.0	81.0
5.4889573E13	178.0	81.0
5.488958E13	178.0	81.0
5.4889594E13	178.0	81.0
5.4889602E13	178.0	80.0
5.488961E13	178.0	80.0
5.4889623E13	178.0	80.0
5.488963E13	178.0	81.0
5.4889644E13	178.0	81.0
5.4889653E13	178.0	81.0
5.488966E13	178.0	81.0
5.4889674E13	178.0	81.0
5.488968E13	178.0	81.0
5.488969E13	178.0	81.0
5.4889703E13	178.0	81.0
5.488971E13	178.0	47.0
5.4889724E13	178.0	81.0
5.4889732E13	178.0	80.0
5.488974E13	178.0	80.0
5.4889753E13	178.0	80.0
5.488976E13	178.0	80.0
5.4889774E13	178.0	80.0
5.4889783E13	178.0	80.0
5.488979E13	178.0	80.0
5.4889804E13	178.0	81.0
5.488981E13	178.0	81.0
5.488982E13	178.0	81.0
5.4889833E13	178.0	81.0
5.488984E13	178.0	81.0
5.4889854E13	178.0	81.0
5.4889862E13	178.0	81.0
5.488987E13	178.0	81.0
5.4889883E13	178.0	81.0
5.4889896E13	178.0	81.0
5.4889904E13	178.0	81.0
5.4889913E13	178.0	81.0
5.488992E13	178.0	81.0
5.4889934E13	178.0	81.0
5.488994E13	178.0	81.0
5.4889955E13	178.0	81.0
5.4889963E13	178.0	81.0
5.488997E13	177.0	81.0
5.4889984E13	177.0	81.0
5.4889997E13	177.0	81.0
5.489E13	177.0	81.0
5.4890013E13	177.0	81.0
5.489002E13	177.0	81.0
5.489003E13	177.0	81.0
5.4890043E13	177.0	81.0
5.489005E13	177.0	81.0
5.4890064E13	177.0	81.0
5.4890072E13	177.0	81.0
5.489008E13	177.0	81.0
5.4890093E13	177.0	81.0
5.48901E13	177.0	81.0
5.4890114E13	177.0	81.0
5.4890122E13	177.0	81.0
5.489013E13	177.0	81.0
5.4890143E13	177.0	81.0
5.489015E13	177.0	81.0
5.489016E13	177.0	81.0
5.4890173E13	177.0	81.0
5.489018E13	177.0	81.0
5.4890194E13	177.0	81.0
5.4890202E13	177.0	81.0
5.489021E13	177.0	81.0
5.4890223E13	177.0	81.0
5.489023E13	177.0	81.0
5.4890244E13	177.0	81.0
5.4890252E13	177.0	81.0
5.489026E13	177.0	81.0
5.4890273E13	177.0	81.0
5.489028E13	177.0	81.0
5.4890294E13	177.0	81.0
5.4890303E13	177.0	81.0
5.489031E13	177.0	81.0
5.4890324E13	177.0	81.0
5.4890332E13	177.0	81.0
5.489034E13	177.0	81.0
5.4890353E13	177.0	81.0
5.489036E13	177.0	81.0
5.4890374E13	177.0	81.0
5.4890382E13	177.0	81.0
5.489039E13	177.0	81.0
5.4890403E13	177.0	81.0
5.489041E13	177.0	81.0
5.4890424E13	177.0	81.0
5.4890433E13	177.0	81.0
5.489044E13	177.0	81.0
5.4890454E13	177.0	81.0
5.4890462E13	177.0	81.0
5.489047E13	177.0	81.0
5.4890483E13	177.0	81.0
5.489049E13	177.0	81.0
5.4890504E13	177.0	81.0
5.4890513E13	177.0	81.0
5.4890525E13	177.0	81.0
5.4890533E13	177.0	81.0
5.489054E13	177.0	81.0
5.4890554E13	177.0	81.0
5.4890563E13	177.0	81.0
5.489057E13	177.0	81.0
5.4890584E13	177.0	81.0
5.4890592E13	177.0	81.0
5.4890605E13	177.0	81.0
5.4890613E13	177.0	80.0
5.489062E13	177.0	80.0
5.4890634E13	177.0	80.0
5.4890643E13	177.0	81.0
5.489065E13	177.0	81.0
5.4890664E13	177.0	81.0
5.489067E13	177.0	81.0
5.4890684E13	177.0	81.0
5.4890693E13	177.0	81.0
5.48907E13	177.0	81.0
5.4890714E13	178.0	81.0
5.4890722E13	178.0	81.0
5.4890735E13	178.0	81.0
5.4890743E13	178.0	81.0
5.489075E13	178.0	80.0
5.4890764E13	178.0	80.0
5.4890773E13	178.0	80.0
5.489078E13	178.0	80.0
5.4890794E13	178.0	80.0
5.48908E13	178.0	80.0
5.4890815E13	178.0	81.0
5.4890823E13	178.0	81.0
5.489083E13	178.0	81.0
5.4890844E13	178.0	81.0
5.4890852E13	178.0	81.0
5.4890865E13	178.0	81.0
5.4890873E13	178.0	81.0
5.489088E13	178.0	81.0
5.4890894E13	178.0	81.0
5.4890903E13	178.0	81.0
5.489091E13	178.0	80.0
5.4890924E13	178.0	80.0
5.489093E13	178.0	80.0
5.4890945E13	178.0	81.0
5.4890953E13	178.0	81.0
5.489096E13	178.0	81.0
5.4890974E13	178.0	81.0
5.4890982E13	178.0	81.0
5.4890995E13	178.0	81.0
5.4891003E13	178.0	81.0
5.489101E13	178.0	81.0
5.4891024E13	179.0	81.0
5.4891033E13	179.0	81.0
5.4891045E13	179.0	81.0
5.4891054E13	178.0	81.0
5.489106E13	178.0	81.0
5.4891075E13	178.0	81.0
5.4891083E13	178.0	81.0
5.489109E13	178.0	81.0
5.4891104E13	178.0	81.0
5.4891112E13	178.0	80.0
5.4891125E13	178.0	81.0
5.4891133E13	178.0	81.0
5.489114E13	178.0	81.0
5.4891154E13	178.0	81.0
5.4891163E13	178.0	81.0
5.4891175E13	178.0	81.0
5.4891184E13	178.0	81.0
5.489119E13	178.0	81.0
5.4891205E13	178.0	81.0
5.4891213E13	178.0	81.0
5.489122E13	178.0	81.0
5.4891234E13	178.0	81.0
5.4891242E13	178.0	80.0
5.4891255E13	178.0	80.0
5.4891263E13	178.0	80.0
5.489127E13	178.0	80.0
5.4891284E13	178.0	80.0
5.4891293E13	178.0	81.0
5.4891305E13	178.0	81.0
5.4891314E13	178.0	81.0
5.489132E13	178.0	81.0
5.4891343E13	178.0	81.0
5.4891356E13	178.0	81.0
5.4891364E13	178.0	81.0
5.4891372E13	178.0	81.0
5.4891385E13	178.0	81.0
5.4891393E13	178.0	81.0
5.48914E13	178.0	81.0
5.4891414E13	178.0	81.0
5.4891423E13	178.0	81.0
5.4891435E13	178.0	81.0
5.4891444E13	178.0	81.0
5.489145E13	178.0	81.0
5.4891465E13	178.0	81.0
5.4891473E13	178.0	81.0
5.4891486E13	178.0	81.0
5.4891494E13	178.0	81.0
5.4891502E13	178.0	80.0
5.4891515E13	178.0	80.0
5.4891523E13	178.0	81.0
5.489153E13	178.0	81.0
5.4891553E13	178.0	81.0
5.4891565E13	178.0	81.0
5.4891574E13	178.0	81.0
5.489158E13	178.0	81.0
5.4891595E13	178.0	80.0
5.4891603E13	178.0	81.0
5.4891616E13	177.0	81.0
5.4891624E13	177.0	81.0
5.4891632E13	177.0	82.0
5.4891645E13	177.0	82.0
5.4891653E13	177.0	82.0
5.4891666E13	177.0	82.0
5.4891674E13	177.0	82.0
5.4891683E13	177.0	81.0
5.4891695E13	177.0	81.0
5.4891704E13	177.0	81.0
5.489171E13	177.0	81.0
5.4891725E13	177.0	81.0
5.4891733E13	177.0	81.0
5.4891746E13	177.0	81.0
5.4891754E13	177.0	81.0
5.4891762E13	177.0	81.0
5.4891775E13	177.0	81.0
5.4891783E13	177.0	81.0
5.4891804E13	177.0	81.0
5.4891813E13	177.0	81.0
5.4891825E13	177.0	81.0
5.4891834E13	177.0	81.0
5.4891842E13	177.0	81.0
5.4891855E13	177.0	81.0
5.4891863E13	177.0	81.0
5.4891876E13	177.0	81.0
5.4891884E13	177.0	81.0
5.4891892E13	177.0	81.0
5.4891905E13	177.0	81.0
5.4891913E13	177.0	81.0
5.4891926E13	177.0	81.0
5.4891934E13	177.0	81.0
5.4891943E13	177.0	81.0
5.4891955E13	177.0	81.0
5.4891964E13	177.0	81.0
5.4891976E13	177.0	81.0
5.4891985E13	177.0	81.0
5.4891993E13	177.0	81.0
5.4892006E13	177.0	81.0
5.4892014E13	177.0	81.0
5.4892027E13	177.0	81.0
5.4892035E13	177.0	81.0
5.4892043E13	177.0	81.0
5.4892056E13	177.0	81.0
5.4892064E13	176.0	81.0
5.4892073E13	176.0	81.0
5.4892085E13	176.0	81.0
5.4892094E13	176.0	81.0
5.4892102E13	176.0	81.0
5.4892115E13	176.0	81.0
5.4892123E13	176.0	81.0
5.4892136E13	176.0	81.0
5.4892144E13	176.0	81.0
5.4892152E13	176.0	81.0
5.4892165E13	176.0	81.0
5.4892173E13	176.0	81.0
5.4892186E13	176.0	81.0
5.4892194E13	176.0	81.0
5.4892203E13	176.0	81.0
5.4892215E13	176.0	81.0
5.4892224E13	176.0	81.0
5.4892236E13	176.0	81.0
5.4892245E13	176.0	81.0
5.4892253E13	176.0	81.0
5.4892266E13	176.0	81.0
5.4892274E13	176.0	81.0
5.4892283E13	176.0	81.0
5.4892295E13	176.0	81.0
5.4892303E13	176.0	81.0
5.4892316E13	176.0	81.0
5.4892324E13	176.0	81.0
5.4892333E13	176.0	81.0
5.4892345E13	176.0	81.0
5.4892354E13	176.0	81.0
5.4892366E13	176.0	81.0
5.4892375E13	176.0	81.0
5.4892383E13	176.0	81.0
5.4892396E13	176.0	81.0
5.4892404E13	176.0	81.0
5.4892413E13	176.0	81.0
5.4892425E13	176.0	81.0
5.4892434E13	176.0	81.0
5.4892446E13	176.0	81.0
5.4892454E13	176.0	81.0
5.4892463E13	176.0	81.0
5.4892475E13	176.0	81.0
5.4892484E13	176.0	81.0
5.4892496E13	176.0	81.0
5.4892505E13	176.0	81.0
5.4892513E13	176.0	81.0
5.4892526E13	176.0	81.0
5.4892534E13	176.0	81.0
5.4892547E13	176.0	82.0
5.4892555E13	176.0	81.0
5.4892564E13	176.0	81.0
5.4892576E13	176.0	81.0
5.4892585E13	176.0	81.0
5.4892593E13	176.0	81.0
5.4892605E13	176.0	82.0
5.4892614E13	176.0	82.0
5.4892626E13	176.0	82.0
5.4892635E13	176.0	82.0
5.4892643E13	176.0	81.0
5.4892656E13	176.0	81.0
5.4892664E13	176.0	81.0
5.4892677E13	176.0	81.0
5.4892685E13	176.0	81.0
5.4892694E13	176.0	81.0
5.4892706E13	176.0	88.0
5.4892723E13	176.0	81.0
5.4892735E13	176.0	81.0
5.4892744E13	176.0	81.0
5.4892756E13	176.0	81.0
5.4892765E13	176.0	81.0
5.4892773E13	176.0	81.0
5.4892786E13	176.0	81.0
5.4892794E13	176.0	81.0
5.4892807E13	176.0	81.0
5.4892815E13	176.0	81.0
5.4892824E13	176.0	81.0
5.4892836E13	176.0	81.0
5.4892845E13	176.0	81.0
5.4892857E13	176.0	81.0
5.4892866E13	176.0	81.0
5.4892874E13	176.0	81.0
5.4892886E13	176.0	81.0
5.4892895E13	176.0	81.0
5.4892903E13	176.0	81.0
5.4892916E13	176.0	81.0
5.4892924E13	177.0	81.0
5.4892937E13	177.0	81.0
5.4892945E13	177.0	81.0
5.4892954E13	177.0	81.0
5.4892966E13	176.0	81.0
5.4892975E13	176.0	81.0
5.4892987E13	176.0	81.0
5.4892996E13	176.0	81.0
5.4893004E13	176.0	81.0
5.4893017E13	176.0	81.0
5.4893025E13	176.0	81.0
5.4893033E13	176.0	81.0
5.4893046E13	177.0	81.0
5.4893054E13	177.0	81.0
5.4893067E13	177.0	81.0
5.4893075E13	177.0	81.0
5.4893084E13	177.0	81.0
5.4893096E13	177.0	81.0
5.4893105E13	177.0	81.0
5.4893117E13	177.0	81.0
5.4893126E13	177.0	81.0
5.4893134E13	177.0	81.0
5.4893147E13	177.0	81.0
5.4893155E13	177.0	81.0
5.4893163E13	177.0	81.0
5.4893176E13	177.0	81.0
5.4893184E13	177.0	81.0
5.4893197E13	177.0	81.0
5.4893205E13	177.0	81.0
5.4893214E13	177.0	81.0
5.4893235E13	178.0	81.0
5.4893247E13	178.0	81.0
5.4893256E13	178.0	81.0
5.4893264E13	178.0	81.0
5.4893277E13	178.0	81.0
5.4893285E13	178.0	81.0
5.4893298E13	178.0	81.0
5.4893306E13	178.0	81.0
5.4893314E13	178.0	81.0
5.4893327E13	178.0	81.0
5.4893335E13	178.0	81.0
5.4893344E13	178.0	81.0
5.4893356E13	178.0	81.0
5.4893365E13	178.0	81.0
5.4893377E13	178.0	81.0
5.4893386E13	178.0	81.0
5.4893394E13	178.0	81.0
5.4893407E13	178.0	81.0
5.4893415E13	178.0	81.0
5.4893428E13	178.0	81.0
5.4893436E13	178.0	81.0
5.4893444E13	178.0	81.0
5.4893457E13	178.0	81.0
5.4893465E13	178.0	80.0
5.4893474E13	178.0	81.0
5.4893486E13	178.0	81.0
5.4893495E13	178.0	81.0
5.4893507E13	178.0	81.0
5.4893516E13	178.0	81.0
5.4893524E13	178.0	82.0
5.4893537E13	178.0	81.0
5.4893545E13	178.0	81.0
5.4893558E13	178.0	81.0
5.4893566E13	178.0	81.0
5.4893574E13	178.0	81.0
5.4893587E13	178.0	81.0
5.4893595E13	178.0	81.0
5.489361E13	178.0	81.0
5.4893616E13	178.0	80.0
5.4893625E13	178.0	81.0
5.4893637E13	178.0	81.0
5.4893646E13	178.0	80.0
5.4893654E13	178.0	80.0
5.4893667E13	178.0	80.0
5.4893675E13	178.0	80.0
5.4893688E13	178.0	80.0
5.4893696E13	178.0	80.0
5.4893704E13	178.0	80.0
5.4893717E13	179.0	80.0
5.4893725E13	179.0	80.0
5.489374E13	179.0	80.0
5.4893746E13	179.0	80.0
5.4893755E13	179.0	80.0
5.4893767E13	179.0	80.0
5.4893776E13	179.0	80.0
5.4893784E13	179.0	80.0
5.4893797E13	179.0	80.0
5.4893805E13	179.0	80.0
5.4893818E13	179.0	80.0
5.4893826E13	179.0	80.0
5.4893834E13	179.0	80.0
5.4893847E13	179.0	80.0
5.4893855E13	179.0	48.0
5.489387E13	179.0	80.0
5.4893876E13	179.0	80.0
5.4893885E13	179.0	81.0
5.4893897E13	179.0	81.0
5.4893906E13	179.0	81.0
5.489392E13	179.0	81.0
5.4893927E13	179.0	81.0
5.4893935E13	179.0	81.0
5.4893948E13	179.0	81.0
5.4893956E13	179.0	87.0
5.4893964E13	179.0	81.0
5.4893977E13	179.0	81.0
5.4893985E13	179.0	81.0
5.4894E13	179.0	81.0
5.4894006E13	179.0	81.0
5.4894015E13	178.0	81.0
5.4894027E13	178.0	81.0
5.4894036E13	178.0	81.0
5.4894044E13	178.0	81.0
5.4894057E13	179.0	80.0
5.4894065E13	179.0	80.0
5.4894078E13	179.0	80.0
5.4894086E13	179.0	81.0
5.4894094E13	178.0	81.0
5.4894107E13	178.0	81.0
5.4894115E13	178.0	81.0
5.489413E13	178.0	81.0
5.4894136E13	178.0	81.0
5.4894145E13	178.0	80.0
5.4894157E13	178.0	80.0
5.4894166E13	178.0	80.0
5.4894174E13	178.0	80.0
5.4894187E13	178.0	80.0
5.4894195E13	178.0	80.0
5.4894208E13	178.0	80.0
5.4894216E13	178.0	80.0
5.4894224E13	178.0	80.0
5.4894237E13	178.0	81.0
5.4894245E13	178.0	81.0
5.489426E13	178.0	87.0
5.4894266E13	178.0	81.0
5.4894275E13	178.0	87.0
5.4894287E13	178.0	87.0
5.4894296E13	178.0	81.0
5.489431E13	178.0	87.0
5.4894317E13	178.0	87.0
5.4894325E13	178.0	81.0
5.4894338E13	178.0	87.0
5.4894346E13	178.0	87.0
5.4894354E13	178.0	80.0
5.4894367E13	178.0	87.0
5.4894375E13	178.0	80.0
5.489439E13	178.0	80.0
5.4894396E13	178.0	80.0
5.4894405E13	178.0	80.0
5.4894417E13	178.0	80.0
5.4894426E13	178.0	80.0
5.489444E13	178.0	81.0
5.4894447E13	178.0	81.0
5.4894455E13	178.0	81.0
5.4894468E13	178.0	81.0
5.4894476E13	178.0	81.0
5.489449E13	178.0	80.0
5.4894497E13	178.0	81.0
5.4894505E13	177.0	81.0
5.489452E13	177.0	81.0
5.4894526E13	177.0	81.0
5.4894535E13	178.0	81.0
5.4894547E13	178.0	81.0
5.4894556E13	178.0	81.0
5.489457E13	178.0	81.0
5.4894577E13	177.0	81.0
5.4894585E13	177.0	81.0
5.4894598E13	177.0	81.0
5.4894606E13	177.0	81.0
5.4894615E13	177.0	80.0
5.4894627E13	177.0	80.0
5.4894636E13	177.0	80.0
5.489465E13	177.0	80.0
5.4894656E13	177.0	80.0
5.4894665E13	177.0	80.0
5.4894677E13	177.0	80.0
5.4894686E13	177.0	81.0
5.48947E13	177.0	81.0
5.4894707E13	177.0	81.0
5.4894715E13	177.0	81.0
5.4894728E13	177.0	81.0
5.4894736E13	177.0	81.0
5.489475E13	177.0	81.0
5.4894757E13	177.0	81.0
5.4894766E13	177.0	81.0
5.489478E13	177.0	81.0
5.4894787E13	177.0	81.0
5.4894795E13	177.0	81.0
5.4894807E13	177.0	81.0
5.4894816E13	177.0	81.0
5.489483E13	177.0	81.0
5.4894837E13	177.0	81.0
5.4894845E13	177.0	81.0
5.4894858E13	177.0	81.0
5.4894866E13	177.0	81.0
5.489488E13	177.0	81.0
5.4894887E13	177.0	81.0
5.4894896E13	177.0	81.0
5.489491E13	177.0	81.0
5.4894917E13	177.0	81.0
5.4894925E13	177.0	81.0
5.4894938E13	177.0	81.0
5.4894946E13	177.0	81.0
5.489496E13	177.0	81.0
5.4894967E13	177.0	81.0
5.4894975E13	177.0	81.0
5.4894988E13	176.0	81.0
5.4894996E13	176.0	81.0
5.4895013E13	176.0	81.0
5.4895017E13	176.0	81.0
5.4895026E13	176.0	81.0
5.489504E13	176.0	81.0
5.4895047E13	176.0	81.0
5.489506E13	176.0	81.0
5.4895068E13	176.0	81.0
5.4895076E13	176.0	81.0
5.489509E13	176.0	81.0
5.4895097E13	176.0	81.0
5.4895105E13	176.0	81.0
5.4895118E13	176.0	81.0
5.4895126E13	176.0	81.0
5.489514E13	176.0	81.0
5.4895147E13	176.0	81.0
5.4895156E13	176.0	81.0
5.489517E13	176.0	81.0
5.4895177E13	176.0	81.0
5.489519E13	176.0	81.0
5.4895198E13	176.0	81.0
5.4895206E13	176.0	81.0
5.489522E13	176.0	81.0
5.4895227E13	176.0	81.0
5.4895235E13	176.0	81.0
5.4895248E13	176.0	81.0
5.4895256E13	176.0	81.0
5.489527E13	176.0	80.0
5.4895277E13	176.0	81.0
5.4895286E13	176.0	81.0
5.48953E13	176.0	81.0
5.4895307E13	176.0	80.0
5.489532E13	176.0	81.0
5.4895328E13	176.0	81.0
5.4895336E13	176.0	81.0
5.489535E13	176.0	81.0
5.4895357E13	176.0	81.0
5.4895365E13	176.0	81.0
5.489538E13	176.0	81.0
5.4895386E13	176.0	81.0
5.48954E13	176.0	81.0
5.4895407E13	176.0	81.0
5.4895416E13	176.0	82.0
5.489543E13	176.0	82.0
5.4895437E13	176.0	81.0
5.489545E13	176.0	81.0
5.4895458E13	176.0	81.0
5.4895466E13	176.0	80.0
5.489548E13	176.0	80.0
5.4895487E13	176.0	80.0
5.48955E13	176.0	80.0
5.489551E13	176.0	79.0
5.4895516E13	177.0	80.0
5.489553E13	177.0	80.0
5.4895537E13	177.0	80.0
5.4895546E13	177.0	81.0
5.489556E13	177.0	81.0
5.4895567E13	177.0	81.0
5.489558E13	177.0	81.0
5.4895588E13	177.0	81.0
5.4895596E13	177.0	81.0
5.489561E13	177.0	81.0
5.4895617E13	177.0	81.0
5.489563E13	178.0	81.0
5.489564E13	178.0	80.0
5.4895646E13	178.0	80.0
5.489566E13	178.0	80.0
5.4895667E13	178.0	80.0
5.4895676E13	178.0	80.0
5.489569E13	178.0	81.0
5.4895697E13	178.0	81.0
5.489571E13	178.0	81.0
5.4895718E13	178.0	81.0
5.4895726E13	178.0	81.0
5.489574E13	178.0	81.0
5.4895747E13	178.0	81.0
5.489576E13	178.0	81.0
5.489577E13	178.0	81.0
5.4895776E13	178.0	81.0
5.489579E13	178.0	80.0
5.4895797E13	178.0	80.0
5.489581E13	178.0	80.0
5.489582E13	178.0	81.0
5.4895827E13	178.0	47.0
5.489584E13	178.0	81.0
5.4895848E13	178.0	81.0
5.4895856E13	178.0	81.0
5.489587E13	178.0	81.0
5.4895877E13	178.0	81.0
5.489589E13	179.0	81.0
5.48959E13	179.0	81.0
5.4895906E13	179.0	81.0
5.489592E13	179.0	80.0
5.4895927E13	179.0	80.0
5.489594E13	179.0	80.0
5.489595E13	179.0	80.0
5.4895957E13	179.0	80.0
5.489597E13	178.0	81.0
5.4895978E13	178.0	81.0
5.4895986E13	178.0	81.0
5.4896E13	178.0	81.0
5.489601E13	178.0	81.0
5.489602E13	178.0	81.0
5.489603E13	178.0	80.0
5.4896036E13	178.0	80.0
5.489605E13	178.0	81.0
5.4896057E13	178.0	81.0
5.489607E13	178.0	81.0
5.489608E13	178.0	81.0
5.4896087E13	178.0	80.0
5.48961E13	178.0	81.0
5.4896108E13	178.0	81.0
5.4896116E13	178.0	80.0
5.489613E13	178.0	80.0
5.4896137E13	178.0	80.0
5.489615E13	178.0	81.0
5.489616E13	178.0	80.0
5.4896166E13	178.0	81.0
5.489618E13	178.0	81.0
5.4896187E13	178.0	81.0
5.48962E13	178.0	81.0
5.489621E13	178.0	80.0
5.4896217E13	178.0	80.0
5.489623E13	178.0	80.0
5.4896238E13	178.0	81.0
5.489625E13	178.0	81.0
5.489626E13	178.0	81.0
5.4896267E13	178.0	81.0
5.489628E13	178.0	81.0
5.489629E13	178.0	82.0
5.4896296E13	178.0	81.0
5.489631E13	178.0	81.0
5.489634E13	178.0	81.0
5.4896347E13	178.0	80.0
5.489637E13	178.0	80.0
5.489638E13	178.0	80.0
5.489639E13	178.0	80.0
5.4896397E13	178.0	80.0
5.489641E13	178.0	81.0
5.489642E13	178.0	81.0
5.4896426E13	178.0	81.0
5.489644E13	178.0	81.0
5.4896447E13	178.0	81.0
5.489646E13	178.0	81.0
5.4896473E13	178.0	81.0
5.4896477E13	178.0	81.0
5.489649E13	178.0	81.0
5.4896498E13	178.0	81.0
5.489651E13	178.0	81.0
5.489652E13	178.0	81.0
5.4896527E13	177.0	81.0
5.489654E13	177.0	81.0
5.489655E13	177.0	81.0
5.489656E13	177.0	81.0
5.489657E13	177.0	81.0
5.4896577E13	177.0	81.0
5.48966E13	177.0	81.0
5.4896607E13	177.0	81.0
5.489662E13	177.0	81.0
5.4896628E13	177.0	81.0
5.489664E13	177.0	81.0
5.489665E13	177.0	81.0
5.4896657E13	177.0	81.0
5.489667E13	177.0	81.0
5.489668E13	177.0	81.0
5.489669E13	177.0	81.0
5.48967E13	177.0	81.0
5.4896708E13	177.0	81.0
5.489672E13	176.0	81.0
5.489673E13	176.0	81.0
5.4896737E13	176.0	81.0
5.489675E13	176.0	81.0
5.4896758E13	176.0	81.0
5.489677E13	176.0	81.0
5.489678E13	176.0	81.0
5.4896787E13	176.0	81.0
5.48968E13	176.0	81.0
5.489681E13	176.0	81.0
5.489683E13	176.0	88.0
5.4896838E13	176.0	88.0
5.489685E13	176.0	88.0
5.489686E13	176.0	88.0
5.489682E13	176.0	88.0
5.4896867E13	176.0	81.0
5.489688E13	176.0	81.0
5.4896888E13	176.0	81.0
5.48969E13	176.0	81.0
5.489691E13	176.0	81.0
5.4896917E13	176.0	81.0
5.489694E13	176.0	81.0
5.489695E13	176.0	81.0
5.489696E13	176.0	81.0
5.4896968E13	176.0	81.0
5.489698E13	176.0	81.0
5.489699E13	176.0	81.0
5.489701E13	176.0	81.0
5.4897018E13	176.0	81.0
5.489703E13	176.0	81.0
5.489704E13	176.0	81.0
5.4897047E13	176.0	81.0
5.489706E13	176.0	81.0
5.489707E13	176.0	81.0
5.489708E13	176.0	81.0
5.489709E13	176.0	81.0
5.4897098E13	176.0	81.0
5.489711E13	176.0	81.0
5.489712E13	176.0	81.0
5.489713E13	176.0	81.0
5.489714E13	176.0	81.0
5.489715E13	176.0	81.0
5.489716E13	176.0	81.0
5.489717E13	176.0	81.0
5.4897177E13	176.0	81.0
5.489719E13	176.0	81.0
5.48972E13	176.0	81.0
5.489721E13	176.0	81.0
5.489722E13	176.0	80.0
5.4897228E13	176.0	80.0
5.489724E13	176.0	80.0
5.489725E13	176.0	81.0
5.489726E13	176.0	81.0
5.489727E13	176.0	81.0
5.489728E13	176.0	80.0
5.489729E13	176.0	81.0
5.48973E13	176.0	81.0
5.4897307E13	176.0	81.0
5.489732E13	176.0	81.0
5.489733E13	176.0	81.0
5.489734E13	176.0	81.0
5.489735E13	176.0	81.0
5.4897358E13	176.0	81.0
5.489737E13	176.0	81.0
5.489738E13	176.0	81.0
5.489739E13	176.0	81.0
5.48974E13	176.0	81.0
5.489741E13	176.0	81.0
5.489742E13	176.0	81.0
5.489743E13	176.0	81.0
5.489744E13	176.0	81.0
5.489745E13	176.0	81.0
5.489746E13	176.0	81.0
5.489747E13	176.0	81.0
5.489748E13	176.0	81.0
5.4897488E13	176.0	81.0
5.48975E13	176.0	81.0
5.489751E13	176.0	81.0
5.489752E13	176.0	81.0
5.489753E13	176.0	81.0
5.489754E13	176.0	81.0
5.489755E13	176.0	81.0
5.489756E13	176.0	81.0
5.489757E13	176.0	81.0
5.489758E13	176.0	81.0
5.489759E13	176.0	81.0
5.48976E13	176.0	81.0
5.489761E13	176.0	81.0
5.4897618E13	176.0	81.0
5.489763E13	176.0	81.0
5.489764E13	176.0	81.0
5.489765E13	176.0	81.0
5.489766E13	176.0	81.0
5.489767E13	176.0	81.0
5.489769E13	176.0	81.0
5.48977E13	176.0	81.0
5.489771E13	176.0	81.0
5.4897723E13	176.0	81.0
5.489773E13	176.0	81.0
5.489774E13	176.0	81.0
5.4897748E13	176.0	81.0
5.489776E13	176.0	81.0
5.489777E13	176.0	81.0
5.489778E13	176.0	81.0
5.489779E13	176.0	81.0
5.4897802E13	176.0	81.0
5.489781E13	176.0	81.0
5.489782E13	176.0	81.0
5.489783E13	176.0	81.0
5.489784E13	176.0	80.0
5.489785E13	176.0	80.0
5.489786E13	176.0	80.0
5.489787E13	176.0	80.0
5.489788E13	176.0	81.0
5.489789E13	176.0	81.0
5.48979E13	176.0	81.0
5.489791E13	176.0	81.0
5.489792E13	176.0	81.0
5.489793E13	176.0	81.0
5.489794E13	176.0	81.0
5.489795E13	176.0	81.0
5.489796E13	176.0	80.0
5.489797E13	176.0	80.0
5.489798E13	176.0	80.0
5.489799E13	176.0	81.0
5.4898E13	176.0	81.0
5.489801E13	176.0	81.0
5.489802E13	176.0	81.0
5.489803E13	176.0	81.0
5.489804E13	176.0	81.0
5.489805E13	176.0	81.0
5.4898062E13	177.0	81.0
5.489807E13	177.0	81.0
5.489808E13	177.0	81.0
5.489809E13	177.0	81.0
5.48981E13	177.0	80.0
5.489811E13	177.0	80.0
5.489812E13	177.0	80.0
5.489813E13	177.0	80.0
5.489814E13	177.0	80.0
5.489815E13	177.0	80.0
5.489816E13	177.0	81.0
5.489817E13	177.0	81.0
5.489818E13	178.0	81.0
5.489819E13	178.0	81.0
5.48982E13	178.0	81.0
5.489821E13	178.0	81.0
5.489822E13	178.0	81.0
5.489823E13	178.0	81.0
5.489824E13	178.0	81.0
5.489825E13	178.0	81.0
5.489826E13	178.0	81.0
5.489827E13	178.0	81.0
5.489828E13	178.0	80.0
5.489829E13	178.0	80.0
5.48983E13	178.0	80.0
5.489831E13	178.0	80.0
5.489832E13	178.0	80.0
5.489833E13	178.0	80.0
5.489834E13	178.0	80.0
5.489835E13	178.0	81.0
5.489836E13	178.0	81.0
5.489837E13	178.0	81.0
5.489838E13	178.0	81.0
5.489839E13	178.0	81.0
5.48984E13	178.0	81.0
5.489841E13	178.0	81.0
5.489842E13	178.0	81.0
5.489843E13	178.0	81.0
5.489844E13	178.0	81.0
5.4898452E13	178.0	81.0
5.489846E13	178.0	81.0
5.489847E13	178.0	80.0
5.489848E13	178.0	80.0
5.489849E13	178.0	80.0
5.48985E13	178.0	80.0
5.489851E13	178.0	80.0
5.489853E13	178.0	80.0
5.489854E13	178.0	80.0
5.489855E13	178.0	80.0
5.489856E13	178.0	80.0
5.489857E13	178.0	80.0
5.4898582E13	178.0	81.0
5.489859E13	178.0	81.0
5.48986E13	178.0	81.0
5.489861E13	178.0	81.0
5.489862E13	178.0	81.0
5.4898633E13	178.0	81.0
5.489864E13	178.0	81.0
5.489865E13	178.0	81.0
5.489866E13	178.0	81.0
5.489867E13	178.0	81.0
5.489868E13	178.0	81.0
5.489869E13	178.0	81.0
5.48987E13	178.0	81.0
5.4898712E13	178.0	80.0
5.489872E13	178.0	81.0
5.489873E13	178.0	80.0
5.489874E13	178.0	80.0
5.489875E13	178.0	80.0
5.4898763E13	178.0	80.0
5.489877E13	178.0	80.0
5.489878E13	178.0	81.0
5.489879E13	178.0	81.0
5.48988E13	178.0	81.0
5.489881E13	178.0	81.0
5.489882E13	178.0	81.0
5.489883E13	178.0	81.0
5.4898842E13	178.0	80.0
5.489885E13	178.0	80.0
5.489886E13	178.0	81.0
5.489887E13	178.0	81.0
5.489888E13	178.0	81.0
5.4898893E13	178.0	81.0
5.48989E13	178.0	81.0
5.489891E13	178.0	81.0
5.489892E13	178.0	81.0
5.489893E13	178.0	81.0
5.489894E13	178.0	81.0
5.489895E13	178.0	81.0
5.489896E13	178.0	81.0
5.4898972E13	178.0	81.0
5.489898E13	178.0	81.0
5.489899E13	178.0	80.0
5.4899E13	178.0	80.0
5.4899023E13	178.0	80.0
5.489903E13	178.0	80.0
5.489904E13	178.0	80.0
5.4899052E13	178.0	80.0
5.489906E13	178.0	80.0
5.4899073E13	178.0	80.0
5.489908E13	178.0	80.0
5.489909E13	178.0	81.0
5.4899102E13	178.0	81.0
5.489911E13	178.0	81.0
5.489912E13	178.0	81.0
5.489913E13	178.0	81.0
5.489914E13	178.0	81.0
5.4899153E13	178.0	81.0
5.489916E13	178.0	81.0
5.489917E13	178.0	81.0
5.4899182E13	178.0	81.0
5.489919E13	178.0	81.0
5.4899203E13	178.0	81.0
5.489921E13	178.0	81.0
5.489922E13	178.0	81.0
5.4899232E13	178.0	81.0
5.489924E13	178.0	81.0
5.489925E13	177.0	81.0
5.489926E13	177.0	81.0
5.489927E13	177.0	81.0
5.4899283E13	177.0	81.0
5.489929E13	177.0	81.0
5.48993E13	177.0	81.0
5.4899312E13	177.0	81.0
5.489932E13	177.0	81.0
5.4899333E13	177.0	81.0
5.489934E13	177.0	81.0
5.489935E13	177.0	81.0
5.4899362E13	177.0	81.0
5.489937E13	177.0	81.0
5.489938E13	177.0	81.0
5.489939E13	177.0	81.0
5.48994E13	177.0	81.0
5.4899413E13	177.0	81.0
5.489942E13	177.0	81.0
5.489943E13	177.0	81.0
5.4899442E13	177.0	81.0
5.489945E13	177.0	81.0
5.4899463E13	177.0	81.0
5.489947E13	177.0	81.0
5.489948E13	177.0	81.0
5.4899493E13	177.0	81.0
5.48995E13	177.0	81.0
5.4899513E13	177.0	81.0
5.489952E13	177.0	81.0
5.489953E13	177.0	81.0
5.4899543E13	177.0	81.0
5.489955E13	177.0	81.0
5.489956E13	177.0	81.0
5.4899572E13	177.0	81.0
5.489958E13	177.0	81.0
5.4899593E13	177.0	81.0
5.48996E13	177.0	81.0
5.489961E13	177.0	81.0
5.4899623E13	177.0	81.0
5.489963E13	177.0	81.0
5.489964E13	177.0	81.0
5.489965E13	177.0	81.0
5.489966E13	177.0	81.0
5.4899673E13	177.0	81.0
5.489968E13	177.0	81.0
5.489969E13	177.0	81.0
5.4899702E13	177.0	81.0
5.489971E13	177.0	81.0
5.4899723E13	177.0	81.0
5.489973E13	177.0	81.0
5.489974E13	177.0	81.0
5.4899753E13	177.0	81.0
5.489976E13	177.0	81.0
5.4899774E13	177.0	82.0
5.489978E13	177.0	82.0
5.489979E13	177.0	82.0
5.4899803E13	177.0	81.0
5.489981E13	177.0	81.0
5.489982E13	177.0	81.0
5.4899832E13	177.0	81.0
5.489984E13	177.0	81.0
5.4899853E13	177.0	81.0
5.489986E13	177.0	81.0
5.489987E13	177.0	80.0
5.4899883E13	177.0	80.0
5.489989E13	177.0	80.0
5.4899904E13	177.0	81.0
5.489991E13	177.0	81.0
5.489992E13	177.0	81.0
5.4899933E13	177.0	87.0
5.489994E13	177.0	81.0
5.489995E13	177.0	87.0
5.4899962E13	177.0	81.0
5.489997E13	177.0	87.0
5.4899983E13	177.0	87.0
5.489999E13	177.0	87.0
5.49E13	177.0	81.0
5.4900013E13	177.0	81.0
5.490002E13	177.0	81.0
5.4900034E13	177.0	87.0
5.490004E13	177.0	87.0
5.490005E13	177.0	81.0
5.4900063E13	177.0	81.0
5.490007E13	177.0	87.0
5.490008E13	177.0	81.0
5.4900092E13	177.0	81.0
5.49001E13	177.0	81.0
5.4900113E13	177.0	81.0
5.490012E13	177.0	81.0
5.490013E13	177.0	81.0
5.4900143E13	177.0	81.0
5.490015E13	177.0	81.0
5.4900164E13	177.0	81.0
5.490017E13	177.0	81.0
5.490018E13	177.0	81.0
5.4900193E13	177.0	81.0
5.49002E13	177.0	87.0
5.4900214E13	177.0	87.0
5.4900222E13	177.0	87.0
5.490023E13	177.0	87.0
5.4900243E13	177.0	81.0
5.490025E13	177.0	87.0
5.490026E13	177.0	87.0
5.4900273E13	177.0	87.0
5.490028E13	177.0	87.0
5.4900294E13	177.0	87.0
5.49003E13	177.0	87.0
5.490031E13	177.0	87.0
5.4900323E13	177.0	87.0
5.490033E13	177.0	87.0
5.4900344E13	177.0	87.0
5.4900352E13	177.0	87.0
5.490036E13	177.0	87.0
5.4900373E13	177.0	87.0
5.490038E13	177.0	81.0
5.490039E13	177.0	81.0
5.4900403E13	177.0	81.0
5.490041E13	177.0	81.0
5.4900424E13	177.0	81.0
5.490043E13	177.0	81.0
5.490044E13	177.0	81.0
5.4900453E13	177.0	81.0
5.490046E13	177.0	81.0
5.4900474E13	177.0	81.0
5.4900482E13	177.0	81.0
5.490049E13	177.0	81.0
5.4900503E13	177.0	81.0
5.490051E13	177.0	81.0
5.4900524E13	177.0	81.0
5.4900533E13	177.0	81.0
5.490054E13	177.0	81.0
5.4900554E13	177.0	81.0
5.490056E13	177.0	81.0
5.490057E13	177.0	81.0
5.4900583E13	177.0	81.0
5.490059E13	177.0	81.0
5.4900604E13	177.0	81.0
5.4900612E13	177.0	81.0
5.490063E13	177.0	81.0
5.4900633E13	177.0	81.0
5.490064E13	177.0	81.0
5.4900654E13	177.0	81.0
5.4900663E13	177.0	80.0
5.490067E13	177.0	81.0
5.4900684E13	177.0	81.0
5.490069E13	177.0	81.0
5.49007E13	177.0	81.0
5.4900713E13	177.0	81.0
5.490072E13	178.0	82.0
5.4900734E13	178.0	82.0
5.4900742E13	178.0	82.0
5.490075E13	178.0	81.0
5.4900763E13	178.0	81.0
5.490077E13	178.0	81.0
5.4900784E13	178.0	81.0
5.4900793E13	178.0	80.0
5.49008E13	178.0	80.0
5.4900814E13	178.0	80.0
5.4900822E13	178.0	80.0
5.490083E13	178.0	80.0
5.4900843E13	178.0	80.0
5.490085E13	178.0	80.0
5.4900864E13	178.0	81.0
5.4900872E13	178.0	81.0
5.490088E13	178.0	81.0
5.4900893E13	178.0	81.0
5.49009E13	178.0	81.0
5.4900914E13	178.0	81.0
5.4900923E13	178.0	81.0
5.490093E13	178.0	81.0
5.4900944E13	178.0	81.0
5.4900952E13	178.0	81.0
5.4900965E13	178.0	81.0
5.4900973E13	178.0	81.0
5.490098E13	179.0	81.0
5.4900994E13	179.0	80.0
5.4901002E13	179.0	81.0
5.4901015E13	179.0	81.0
5.4901023E13	179.0	81.0
5.490103E13	179.0	81.0
5.490105E13	179.0	81.0
5.4901053E13	179.0	81.0
5.490106E13	179.0	81.0
5.4901074E13	179.0	81.0
5.4901082E13	179.0	81.0
5.4901095E13	179.0	81.0
5.4901103E13	178.0	81.0
5.490111E13	178.0	81.0
5.4901124E13	178.0	81.0
5.4901132E13	179.0	81.0
5.490114E13	179.0	80.0
5.4901153E13	179.0	80.0
5.490116E13	179.0	81.0
5.4901174E13	179.0	80.0
5.4901183E13	179.0	80.0
5.490119E13	179.0	80.0
5.4901204E13	179.0	80.0
5.4901212E13	179.0	80.0
5.4901225E13	179.0	80.0
5.4901233E13	179.0	80.0
5.490124E13	179.0	80.0
5.4901254E13	179.0	80.0
5.4901263E13	179.0	80.0
5.4901275E13	179.0	80.0
5.4901283E13	179.0	81.0
5.490129E13	179.0	81.0
5.4901304E13	179.0	81.0
5.4901313E13	179.0	81.0
5.490132E13	179.0	81.0
5.4901334E13	179.0	81.0
5.4901342E13	179.0	81.0
5.4901355E13	179.0	81.0
5.4901363E13	179.0	81.0
5.490137E13	179.0	81.0
5.4901384E13	179.0	81.0
5.4901393E13	179.0	81.0
5.4901405E13	179.0	81.0
5.4901414E13	179.0	81.0
5.490142E13	179.0	81.0
5.4901434E13	178.0	81.0
5.4901443E13	178.0	81.0
5.490145E13	178.0	81.0
5.4901464E13	178.0	81.0
5.4901472E13	178.0	81.0
5.4901485E13	178.0	81.0
5.4901493E13	178.0	81.0
5.4901506E13	178.0	80.0
5.4901514E13	178.0	81.0
5.4901523E13	178.0	81.0
5.4901535E13	178.0	81.0
5.4901544E13	178.0	81.0
5.490155E13	178.0	81.0
5.4901565E13	178.0	81.0
5.4901573E13	178.0	81.0
5.4901585E13	178.0	81.0
5.4901594E13	178.0	80.0
5.4901602E13	178.0	80.0
5.4901615E13	178.0	80.0
5.4901623E13	178.0	81.0
5.490163E13	178.0	81.0
5.4901644E13	178.0	81.0
5.4901653E13	178.0	81.0
5.4901665E13	178.0	81.0
5.4901674E13	178.0	81.0
5.490168E13	178.0	81.0
5.4901695E13	178.0	81.0
5.4901703E13	178.0	81.0
5.4901716E13	178.0	81.0
5.4901724E13	178.0	81.0
5.4901732E13	178.0	81.0
5.4901745E13	178.0	80.0
5.4901753E13	178.0	80.0
5.490176E13	178.0	80.0
5.4901774E13	178.0	80.0
5.4901783E13	178.0	81.0
5.4901795E13	178.0	81.0
5.4901804E13	178.0	81.0
5.490181E13	178.0	81.0
5.4901825E13	178.0	81.0
5.4901833E13	178.0	81.0
5.4901846E13	178.0	81.0
5.4901854E13	178.0	81.0
5.4901862E13	178.0	81.0
5.4901875E13	178.0	81.0
5.4901883E13	178.0	81.0
5.4901896E13	178.0	81.0
5.4901904E13	178.0	81.0
5.4901913E13	178.0	81.0
5.4901925E13	178.0	81.0
5.4901934E13	178.0	81.0
5.490194E13	178.0	81.0
5.4901955E13	178.0	81.0
5.4901963E13	178.0	81.0
5.4901976E13	178.0	81.0
5.4901984E13	178.0	81.0
5.4901992E13	178.0	81.0
5.4902005E13	178.0	81.0
5.4902013E13	178.0	81.0
5.4902026E13	178.0	81.0
5.4902034E13	178.0	81.0
5.4902047E13	178.0	81.0
5.4902055E13	178.0	81.0
5.4902064E13	178.0	81.0
5.490207E13	178.0	81.0
5.4902085E13	178.0	81.0
5.4902093E13	178.0	81.0
5.4902106E13	178.0	81.0
5.4902114E13	178.0	81.0
5.4902122E13	178.0	81.0
5.4902135E13	178.0	81.0
5.4902143E13	178.0	81.0
5.4902156E13	178.0	81.0
5.4902164E13	178.0	81.0
5.4902173E13	178.0	81.0
5.4902185E13	178.0	81.0
5.4902194E13	178.0	81.0
5.4902206E13	178.0	81.0
5.4902215E13	178.0	81.0
5.4902223E13	178.0	81.0
5.4902236E13	178.0	81.0
5.4902244E13	178.0	81.0
5.4902252E13	178.0	81.0
5.4902265E13	178.0	81.0
5.4902273E13	178.0	81.0
5.4902286E13	178.0	81.0
5.4902294E13	178.0	81.0
5.4902303E13	178.0	81.0
5.4902315E13	178.0	81.0
5.4902324E13	178.0	81.0
5.490233E13	178.0	81.0
5.4902345E13	178.0	81.0
5.4902353E13	178.0	81.0
5.4902366E13	178.0	81.0
5.4902374E13	178.0	81.0
5.4902382E13	178.0	81.0
5.4902395E13	178.0	81.0
5.4902403E13	178.0	81.0
5.4902416E13	178.0	81.0
5.4902424E13	178.0	81.0
5.4902445E13	178.0	81.0
5.4902433E13	178.0	81.0
5.490246E13	178.0	81.0
5.4902454E13	178.0	81.0
5.4902475E13	178.0	81.0
5.4902483E13	178.0	81.0
5.4902496E13	178.0	81.0
5.4902504E13	178.0	87.0
5.4902512E13	178.0	87.0
5.4902525E13	178.0	81.0
5.4902533E13	178.0	81.0
5.4902546E13	178.0	81.0
5.4902554E13	178.0	80.0
5.4902563E13	178.0	80.0
5.4902575E13	178.0	81.0
5.4902584E13	178.0	81.0
5.4902592E13	178.0	81.0
5.4902605E13	178.0	81.0
5.4902613E13	178.0	81.0
5.4902626E13	178.0	81.0
5.4902634E13	178.0	81.0
5.4902642E13	178.0	81.0
5.4902655E13	178.0	81.0
5.490267E13	178.0	81.0
5.4902676E13	178.0	81.0
5.4902684E13	178.0	81.0
5.4902693E13	178.0	87.0
5.4902705E13	178.0	87.0
5.4902714E13	178.0	87.0
5.4902722E13	178.0	87.0
5.4902735E13	178.0	87.0
5.4902743E13	178.0	81.0
5.4902756E13	178.0	87.0
5.4902764E13	178.0	81.0
5.4902772E13	178.0	81.0
5.4902785E13	178.0	87.0
5.4902793E13	178.0	87.0
5.4902806E13	178.0	87.0
5.4902814E13	178.0	81.0
5.4902823E13	178.0	87.0
5.4902835E13	178.0	81.0
5.4902844E13	178.0	87.0
5.4902852E13	178.0	81.0
5.4902865E13	178.0	81.0
5.4902873E13	178.0	81.0
5.4902886E13	178.0	81.0
5.4902894E13	178.0	81.0
5.4902902E13	178.0	87.0
5.4902915E13	178.0	87.0
5.4902923E13	178.0	87.0
5.4902936E13	177.0	81.0
5.4902944E13	177.0	81.0
5.4902953E13	177.0	81.0
5.4902965E13	177.0	81.0
5.4902974E13	177.0	81.0
5.4902986E13	177.0	87.0
5.4902995E13	177.0	81.0
5.4903003E13	177.0	81.0
5.4903016E13	177.0	81.0
5.4903024E13	177.0	81.0
5.4903033E13	177.0	87.0
5.490305E13	177.0	81.0
5.4903053E13	177.0	87.0
5.4903066E13	177.0	87.0
5.4903074E13	177.0	81.0
5.4903083E13	177.0	81.0
5.4903095E13	177.0	81.0
5.4903104E13	177.0	81.0
5.4903116E13	177.0	81.0
5.4903125E13	177.0	81.0
5.4903133E13	177.0	81.0
5.4903146E13	177.0	81.0
5.4903154E13	177.0	81.0
5.4903163E13	177.0	81.0
5.4903175E13	177.0	81.0
5.4903184E13	177.0	81.0
5.4903196E13	177.0	81.0
5.4903204E13	177.0	81.0
5.4903213E13	177.0	81.0
5.4903225E13	177.0	81.0
5.4903234E13	177.0	81.0
5.4903246E13	177.0	81.0
5.4903255E13	177.0	81.0
5.4903263E13	177.0	82.0
5.4903276E13	177.0	82.0
5.4903284E13	177.0	82.0
5.4903297E13	177.0	82.0
5.4903305E13	177.0	81.0
5.4903314E13	177.0	81.0
5.4903326E13	177.0	81.0
5.4903335E13	177.0	81.0
5.4903343E13	177.0	81.0
5.4903355E13	177.0	81.0
5.4903364E13	177.0	81.0
5.4903376E13	177.0	81.0
5.4903385E13	177.0	81.0
5.4903393E13	177.0	81.0
5.4903406E13	177.0	81.0
5.4903414E13	177.0	81.0
5.4903427E13	177.0	81.0
5.4903435E13	177.0	81.0
5.4903444E13	177.0	81.0
5.4903456E13	177.0	81.0
5.4903465E13	177.0	81.0
5.4903473E13	177.0	81.0
5.4903485E13	177.0	81.0
5.4903494E13	177.0	81.0
5.4903506E13	177.0	81.0
5.4903515E13	177.0	81.0
5.4903523E13	177.0	81.0
5.4903536E13	178.0	81.0
5.4903544E13	178.0	81.0
5.4903557E13	178.0	81.0
5.4903565E13	178.0	81.0
5.4903574E13	178.0	81.0
5.4903586E13	178.0	81.0
5.4903595E13	178.0	81.0
5.4903607E13	178.0	81.0
5.4903616E13	178.0	81.0
5.4903624E13	178.0	81.0
5.4903636E13	178.0	81.0
5.4903645E13	178.0	81.0
5.4903653E13	178.0	81.0
5.4903666E13	178.0	81.0
5.4903674E13	178.0	81.0
5.4903687E13	178.0	81.0
5.4903695E13	178.0	81.0
5.4903704E13	178.0	81.0
5.4903716E13	178.0	81.0
5.4903725E13	178.0	81.0
5.4903737E13	178.0	80.0
5.4903746E13	178.0	80.0
5.4903754E13	178.0	80.0
5.4903767E13	178.0	80.0
5.4903775E13	178.0	81.0
5.4903783E13	178.0	81.0
5.4903796E13	178.0	81.0
5.4903804E13	178.0	81.0
5.4903817E13	178.0	81.0
5.4903825E13	178.0	81.0
5.4903834E13	178.0	81.0
5.4903846E13	178.0	81.0
5.4903855E13	178.0	81.0
5.4903867E13	178.0	81.0
5.4903876E13	178.0	81.0
5.4903884E13	178.0	81.0
5.4903897E13	178.0	81.0
5.4903905E13	178.0	81.0
5.4903913E13	178.0	81.0
5.4903926E13	178.0	81.0
5.4903934E13	178.0	81.0
5.4903947E13	178.0	81.0
5.4903955E13	178.0	81.0
5.4903964E13	178.0	81.0
5.4903976E13	178.0	81.0
5.4903985E13	178.0	81.0
5.4903997E13	178.0	81.0
5.4904006E13	178.0	81.0
5.4904014E13	178.0	81.0
5.4904027E13	178.0	81.0
5.4904035E13	178.0	81.0
5.4904048E13	178.0	81.0
5.4904056E13	178.0	81.0
5.4904064E13	178.0	81.0
5.4904077E13	178.0	81.0
5.4904085E13	178.0	81.0
5.4904094E13	178.0	81.0
5.4904106E13	178.0	81.0
5.4904115E13	178.0	81.0
5.4904127E13	178.0	81.0
5.4904136E13	178.0	81.0
5.4904144E13	178.0	81.0
5.4904157E13	178.0	81.0
5.4904165E13	178.0	81.0
5.4904178E13	178.0	81.0
5.4904186E13	178.0	81.0
5.4904194E13	178.0	81.0
5.4904207E13	178.0	81.0
5.4904215E13	178.0	81.0
5.4904228E13	178.0	81.0
5.4904236E13	178.0	81.0
5.4904245E13	178.0	81.0
5.4904257E13	178.0	81.0
5.4904266E13	178.0	81.0
5.4904274E13	178.0	81.0
5.4904287E13	178.0	81.0
5.4904295E13	178.0	81.0
5.4904308E13	178.0	81.0
5.4904316E13	178.0	81.0
5.4904324E13	178.0	81.0
5.4904337E13	178.0	81.0
5.4904345E13	178.0	81.0
5.490436E13	178.0	81.0
5.4904366E13	178.0	81.0
