5.519659E13	189.0	81.0
5.51966E13	189.0	81.0
5.519661E13	189.0	81.0
5.519662E13	189.0	81.0
5.519663E13	189.0	81.0
5.519664E13	189.0	81.0
5.519665E13	189.0	81.0
5.519666E13	189.0	81.0
5.519667E13	189.0	81.0
5.519668E13	189.0	81.0
5.519669E13	189.0	81.0
5.51967E13	189.0	81.0
5.519671E13	189.0	81.0
5.519672E13	189.0	81.0
5.519673E13	189.0	81.0
5.519674E13	189.0	81.0
5.519675E13	189.0	81.0
5.519676E13	189.0	81.0
5.5196772E13	189.0	81.0
5.519678E13	189.0	81.0
5.519679E13	189.0	81.0
5.51968E13	189.0	81.0
5.519681E13	189.0	81.0
5.519682E13	189.0	81.0
5.519683E13	189.0	81.0
5.519684E13	189.0	81.0
5.519685E13	189.0	81.0
5.519686E13	189.0	81.0
5.519687E13	189.0	81.0
5.519688E13	189.0	81.0
5.519689E13	189.0	81.0
5.5196902E13	189.0	81.0
5.519691E13	189.0	81.0
5.519692E13	189.0	81.0
5.519693E13	189.0	81.0
5.519694E13	189.0	81.0
5.519695E13	188.0	81.0
5.519696E13	188.0	81.0
5.519697E13	188.0	81.0
5.519698E13	188.0	81.0
5.519699E13	189.0	81.0
5.5197E13	189.0	81.0
5.519701E13	189.0	81.0
5.519702E13	189.0	81.0
5.5197032E13	188.0	81.0
5.519704E13	188.0	81.0
5.519705E13	188.0	81.0
5.519706E13	188.0	81.0
5.519707E13	188.0	81.0
5.519708E13	188.0	81.0
5.519709E13	188.0	81.0
5.51971E13	188.0	81.0
5.519711E13	188.0	81.0
5.519712E13	188.0	81.0
5.519713E13	188.0	82.0
5.519714E13	188.0	81.0
5.519715E13	188.0	82.0
5.5197162E13	188.0	82.0
5.519717E13	188.0	82.0
5.519718E13	188.0	82.0
5.519719E13	188.0	82.0
5.51972E13	188.0	81.0
5.519721E13	188.0	81.0
5.519722E13	188.0	81.0
5.519723E13	188.0	81.0
5.519724E13	188.0	81.0
5.519725E13	188.0	81.0
5.519726E13	188.0	81.0
5.519727E13	188.0	81.0
5.519728E13	188.0	81.0
5.5197292E13	188.0	81.0
5.51973E13	188.0	81.0
5.519731E13	188.0	81.0
5.519732E13	188.0	81.0
5.519733E13	188.0	81.0
5.519734E13	188.0	81.0
5.519735E13	188.0	81.0
5.519736E13	188.0	81.0
5.519737E13	188.0	81.0
5.519738E13	188.0	81.0
5.519739E13	188.0	81.0
5.51974E13	188.0	81.0
5.519741E13	188.0	81.0
5.5197422E13	188.0	81.0
5.519743E13	188.0	81.0
5.519744E13	188.0	81.0
5.519745E13	188.0	81.0
5.519746E13	188.0	81.0
5.519747E13	188.0	81.0
5.519748E13	188.0	81.0
5.519749E13	188.0	81.0
5.51975E13	188.0	81.0
5.519751E13	188.0	81.0
5.519752E13	188.0	81.0
5.519753E13	188.0	82.0
5.519754E13	188.0	82.0
5.5197552E13	188.0	82.0
5.519756E13	188.0	82.0
5.519757E13	188.0	81.0
5.519758E13	188.0	82.0
5.519759E13	188.0	81.0
5.5197603E13	188.0	81.0
5.519761E13	188.0	82.0
5.519762E13	188.0	81.0
5.519763E13	187.0	81.0
5.519764E13	187.0	81.0
5.5197653E13	187.0	81.0
5.519766E13	187.0	81.0
5.519767E13	187.0	81.0
5.5197682E13	187.0	81.0
5.519769E13	187.0	82.0
5.51977E13	187.0	82.0
5.519771E13	187.0	81.0
5.519772E13	187.0	81.0
5.5197733E13	187.0	81.0
5.519774E13	188.0	81.0
5.519775E13	188.0	81.0
5.519776E13	188.0	81.0
5.519777E13	188.0	81.0
5.5197783E13	188.0	81.0
5.519779E13	188.0	81.0
5.51978E13	188.0	81.0
5.5197812E13	188.0	81.0
5.519782E13	188.0	81.0
5.519783E13	188.0	81.0
5.519784E13	188.0	81.0
5.519785E13	188.0	81.0
5.5197863E13	188.0	81.0
5.519787E13	188.0	81.0
5.519788E13	188.0	81.0
5.519789E13	188.0	81.0
5.51979E13	188.0	81.0
5.5197913E13	188.0	81.0
5.5197926E13	188.0	81.0
5.519793E13	188.0	81.0
5.5197942E13	188.0	81.0
5.519795E13	188.0	81.0
5.519796E13	188.0	81.0
5.519797E13	188.0	81.0
5.519798E13	188.0	81.0
5.5197993E13	188.0	81.0
5.5198E13	188.0	81.0
5.519801E13	188.0	81.0
5.5198022E13	188.0	81.0
5.519803E13	188.0	81.0
5.5198043E13	188.0	81.0
5.519805E13	188.0	81.0
5.519806E13	188.0	81.0
5.5198072E13	188.0	81.0
5.519808E13	188.0	81.0
5.5198093E13	188.0	81.0
5.51981E13	188.0	81.0
5.519811E13	188.0	81.0
5.5198123E13	188.0	81.0
5.519813E13	188.0	81.0
5.519814E13	188.0	81.0
5.5198152E13	188.0	81.0
5.519816E13	188.0	82.0
5.5198173E13	188.0	81.0
5.519818E13	188.0	81.0
5.519819E13	188.0	81.0
5.519821E13	188.0	81.0
5.5198223E13	188.0	82.0
5.519823E13	188.0	82.0
5.519824E13	188.0	82.0
5.5198253E13	188.0	81.0
5.519826E13	188.0	81.0
5.5198274E13	188.0	81.0
5.5198282E13	188.0	81.0
5.519829E13	188.0	81.0
5.5198303E13	188.0	81.0
5.519831E13	188.0	81.0
5.519832E13	188.0	81.0
5.5198332E13	188.0	81.0
5.519834E13	188.0	81.0
5.5198353E13	188.0	81.0
5.519836E13	188.0	81.0
5.519837E13	188.0	81.0
5.5198383E13	188.0	81.0
5.519839E13	188.0	81.0
5.5198404E13	188.0	81.0
5.5198412E13	188.0	81.0
5.519842E13	188.0	81.0
5.5198433E13	188.0	81.0
5.519844E13	188.0	81.0
5.519845E13	188.0	81.0
5.5198463E13	188.0	81.0
5.519847E13	188.0	81.0
5.5198483E13	188.0	81.0
5.519849E13	188.0	81.0
5.51985E13	188.0	81.0
5.5198513E13	188.0	81.0
5.519852E13	188.0	82.0
5.5198534E13	189.0	82.0
5.5198542E13	189.0	81.0
5.519855E13	189.0	81.0
5.5198563E13	189.0	81.0
5.519857E13	189.0	81.0
5.519858E13	189.0	81.0
5.5198593E13	189.0	81.0
5.51986E13	189.0	81.0
5.5198614E13	189.0	81.0
5.519862E13	189.0	81.0
5.519863E13	189.0	81.0
5.5198643E13	189.0	81.0
5.519865E13	189.0	81.0
5.5198664E13	189.0	81.0
5.5198672E13	190.0	81.0
5.519868E13	190.0	81.0
5.5198693E13	190.0	81.0
5.51987E13	190.0	81.0
5.519871E13	190.0	81.0
5.5198723E13	190.0	81.0
5.519873E13	190.0	81.0
5.5198744E13	190.0	81.0
5.519876E13	190.0	81.0
5.5198773E13	190.0	81.0
5.519878E13	190.0	81.0
5.5198794E13	190.0	81.0
5.5198802E13	190.0	81.0
5.5198815E13	190.0	81.0
5.5198823E13	190.0	81.0
5.519883E13	190.0	81.0
5.5198844E13	190.0	81.0
5.5198853E13	190.0	81.0
5.519886E13	190.0	81.0
5.5198874E13	190.0	81.0
5.519888E13	190.0	81.0
5.519889E13	190.0	81.0
5.5198903E13	190.0	81.0
5.519891E13	190.0	81.0
5.5198924E13	190.0	81.0
5.5198932E13	190.0	81.0
5.519894E13	189.0	81.0
5.5198953E13	189.0	81.0
5.519896E13	189.0	81.0
5.5198974E13	189.0	81.0
5.5198983E13	189.0	81.0
5.519899E13	189.0	81.0
5.5199004E13	189.0	81.0
5.519901E13	189.0	81.0
5.519902E13	189.0	81.0
5.5199033E13	189.0	81.0
5.519904E13	189.0	81.0
5.5199054E13	189.0	81.0
5.5199062E13	189.0	81.0
5.519907E13	189.0	81.0
5.5199083E13	189.0	81.0
5.519909E13	189.0	81.0
5.5199104E13	189.0	81.0
5.5199113E13	189.0	81.0
5.519912E13	189.0	81.0
5.5199134E13	189.0	81.0
5.519914E13	189.0	81.0
5.519915E13	189.0	81.0
5.5199163E13	189.0	81.0
5.519917E13	189.0	81.0
5.5199184E13	189.0	81.0
5.5199192E13	189.0	81.0
5.51992E13	189.0	81.0
5.5199213E13	189.0	81.0
5.519922E13	189.0	81.0
5.5199234E13	189.0	81.0
5.5199243E13	189.0	81.0
5.519925E13	189.0	81.0
5.5199264E13	189.0	81.0
5.519927E13	189.0	81.0
5.5199285E13	189.0	81.0
5.5199293E13	189.0	81.0
5.51993E13	189.0	81.0
5.5199314E13	189.0	81.0
5.5199322E13	189.0	81.0
5.519933E13	189.0	81.0
5.5199343E13	189.0	81.0
5.519935E13	189.0	81.0
5.5199364E13	189.0	81.0
5.5199373E13	189.0	81.0
5.519938E13	189.0	81.0
5.5199394E13	189.0	81.0
5.51994E13	189.0	81.0
5.5199415E13	189.0	81.0
5.5199423E13	189.0	81.0
5.519943E13	189.0	81.0
5.5199444E13	189.0	81.0
5.5199452E13	189.0	81.0
5.519946E13	189.0	81.0
5.5199473E13	189.0	81.0
5.519948E13	189.0	81.0
5.5199494E13	189.0	81.0
5.5199503E13	189.0	81.0
5.519951E13	189.0	81.0
5.5199524E13	189.0	81.0
5.519953E13	189.0	82.0
5.5199545E13	189.0	81.0
5.5199553E13	189.0	81.0
5.519956E13	189.0	81.0
5.5199574E13	188.0	81.0
5.5199582E13	188.0	81.0
5.5199595E13	188.0	81.0
5.5199603E13	188.0	81.0
5.5199616E13	188.0	81.0
5.5199624E13	188.0	81.0
5.5199633E13	188.0	81.0
5.519964E13	188.0	81.0
5.5199654E13	188.0	81.0
5.519966E13	188.0	81.0
5.5199675E13	188.0	81.0
5.5199683E13	188.0	81.0
5.519969E13	188.0	81.0
5.5199704E13	188.0	81.0
5.5199712E13	188.0	81.0
5.519972E13	189.0	81.0
5.5199733E13	189.0	81.0
5.519974E13	189.0	81.0
5.5199754E13	189.0	81.0
5.5199763E13	189.0	81.0
5.519977E13	189.0	81.0
5.5199784E13	189.0	81.0
5.5199792E13	189.0	81.0
5.5199805E13	189.0	81.0
5.5199813E13	189.0	81.0
5.519982E13	189.0	81.0
5.5199834E13	189.0	81.0
5.5199842E13	189.0	81.0
5.5199855E13	189.0	81.0
5.5199863E13	189.0	81.0
5.519987E13	189.0	81.0
5.5199884E13	189.0	81.0
5.5199893E13	189.0	81.0
5.51999E13	189.0	81.0
5.5199914E13	189.0	81.0
5.5199922E13	189.0	81.0
5.5199935E13	189.0	81.0
5.5199943E13	189.0	81.0
5.519995E13	189.0	81.0
5.5199964E13	189.0	81.0
5.5199972E13	189.0	81.0
5.5199985E13	188.0	81.0
5.5199993E13	188.0	82.0
5.52E13	188.0	81.0
5.5200014E13	188.0	81.0
5.5200023E13	188.0	81.0
5.520003E13	188.0	81.0
5.5200044E13	188.0	82.0
5.5200052E13	188.0	82.0
5.5200065E13	188.0	82.0
5.5200073E13	188.0	82.0
5.520008E13	188.0	82.0
5.5200094E13	188.0	81.0
5.5200102E13	188.0	81.0
5.5200115E13	188.0	81.0
5.5200123E13	188.0	81.0
5.520013E13	187.0	81.0
5.5200144E13	187.0	81.0
5.5200153E13	187.0	81.0
5.5200165E13	187.0	81.0
5.5200174E13	187.0	81.0
5.5200182E13	187.0	81.0
5.5200195E13	187.0	81.0
5.5200203E13	187.0	82.0
5.520021E13	187.0	82.0
5.5200224E13	187.0	82.0
5.5200233E13	187.0	81.0
5.5200245E13	187.0	81.0
5.5200253E13	187.0	81.0
5.520026E13	187.0	81.0
5.5200274E13	187.0	81.0
5.5200283E13	187.0	81.0
5.5200295E13	187.0	81.0
5.5200304E13	187.0	81.0
5.5200312E13	187.0	81.0
5.5200325E13	187.0	81.0
5.5200333E13	187.0	81.0
5.520034E13	187.0	81.0
5.5200354E13	187.0	81.0
5.5200363E13	187.0	81.0
5.5200375E13	187.0	81.0
5.5200384E13	187.0	81.0
5.520039E13	187.0	81.0
5.5200404E13	187.0	81.0
5.5200413E13	187.0	81.0
5.5200425E13	187.0	81.0
5.5200434E13	187.0	82.0
5.5200442E13	187.0	82.0
5.5200455E13	187.0	82.0
5.5200463E13	187.0	82.0
5.5200476E13	187.0	82.0
5.5200484E13	187.0	82.0
5.5200493E13	187.0	81.0
5.5200505E13	187.0	81.0
5.5200514E13	187.0	81.0
5.520052E13	187.0	81.0
5.5200534E13	187.0	81.0
5.5200543E13	187.0	81.0
5.5200555E13	187.0	81.0
5.5200564E13	187.0	81.0
5.5200572E13	187.0	81.0
5.5200585E13	187.0	82.0
5.5200593E13	187.0	82.0
5.5200606E13	187.0	81.0
5.5200614E13	187.0	82.0
5.5200623E13	187.0	82.0
5.5200635E13	187.0	81.0
5.5200644E13	187.0	81.0
5.520065E13	187.0	81.0
5.5200665E13	186.0	81.0
5.5200673E13	186.0	81.0
5.5200685E13	186.0	81.0
5.5200694E13	186.0	82.0
5.5200702E13	186.0	82.0
5.5200715E13	186.0	82.0
5.5200723E13	186.0	82.0
5.5200736E13	186.0	82.0
5.5200744E13	186.0	82.0
5.5200753E13	186.0	82.0
5.5200765E13	186.0	51.0
5.5200774E13	186.0	82.0
5.520078E13	186.0	82.0
5.5200795E13	186.0	51.0
5.5200803E13	186.0	81.0
5.5200816E13	186.0	81.0
5.5200824E13	186.0	82.0
5.5200832E13	186.0	82.0
5.5200845E13	186.0	82.0
5.5200853E13	186.0	82.0
5.5200866E13	186.0	81.0
5.5200874E13	186.0	82.0
5.5200883E13	186.0	82.0
5.5200895E13	186.0	82.0
5.5200904E13	186.0	81.0
5.5200916E13	186.0	81.0
5.5200925E13	186.0	81.0
5.5200933E13	186.0	81.0
5.5200946E13	186.0	82.0
5.5200954E13	186.0	82.0
5.5200962E13	186.0	82.0
5.5200975E13	186.0	82.0
5.5200983E13	186.0	82.0
5.5200996E13	186.0	82.0
5.5201004E13	186.0	82.0
5.5201013E13	186.0	82.0
5.5201025E13	186.0	82.0
5.5201034E13	186.0	82.0
5.5201046E13	186.0	82.0
5.5201055E13	186.0	82.0
5.5201063E13	186.0	82.0
5.5201076E13	186.0	82.0
5.5201084E13	186.0	82.0
5.5201092E13	186.0	82.0
5.5201105E13	186.0	81.0
5.5201113E13	186.0	81.0
5.520113E13	186.0	82.0
5.5201134E13	186.0	82.0
5.5201143E13	185.0	82.0
5.5201155E13	185.0	82.0
5.5201164E13	185.0	82.0
5.5201176E13	185.0	82.0
5.5201185E13	185.0	82.0
5.5201193E13	185.0	82.0
5.5201206E13	185.0	82.0
5.5201214E13	185.0	82.0
5.5201222E13	185.0	82.0
5.5201235E13	185.0	82.0
5.5201243E13	185.0	82.0
5.5201256E13	185.0	82.0
5.5201264E13	185.0	82.0
5.5201273E13	185.0	82.0
5.5201285E13	185.0	82.0
5.5201294E13	184.0	82.0
5.5201306E13	184.0	81.0
5.5201315E13	184.0	81.0
5.5201323E13	184.0	81.0
5.5201336E13	184.0	81.0
5.5201344E13	184.0	82.0
5.5201352E13	184.0	82.0
5.5201365E13	184.0	82.0
5.5201373E13	184.0	82.0
5.5201386E13	184.0	82.0
5.5201394E13	184.0	82.0
5.5201403E13	184.0	82.0
5.5201415E13	184.0	82.0
5.5201424E13	184.0	82.0
5.5201436E13	184.0	82.0
5.5201445E13	184.0	82.0
5.5201453E13	184.0	82.0
5.5201466E13	184.0	82.0
5.5201474E13	184.0	82.0
5.5201482E13	185.0	82.0
5.5201495E13	185.0	82.0
5.5201503E13	185.0	81.0
5.5201516E13	185.0	82.0
5.5201524E13	185.0	82.0
5.5201533E13	185.0	82.0
5.5201545E13	185.0	82.0
5.5201554E13	185.0	82.0
5.5201566E13	185.0	82.0
5.5201575E13	185.0	82.0
5.5201583E13	185.0	82.0
5.5201596E13	185.0	82.0
5.5201604E13	185.0	82.0
5.5201617E13	185.0	81.0
5.5201625E13	185.0	81.0
5.5201633E13	185.0	81.0
5.5201646E13	185.0	81.0
5.5201654E13	185.0	81.0
5.5201663E13	185.0	81.0
5.5201675E13	185.0	81.0
5.5201684E13	185.0	81.0
5.5201696E13	185.0	81.0
5.5201705E13	185.0	81.0
5.5201713E13	185.0	81.0
5.5201726E13	185.0	81.0
5.5201734E13	185.0	82.0
5.5201747E13	185.0	82.0
5.5201755E13	185.0	82.0
5.5201763E13	185.0	82.0
5.5201776E13	185.0	82.0
5.5201784E13	185.0	82.0
5.5201797E13	185.0	82.0
5.5201805E13	185.0	82.0
5.5201814E13	184.0	81.0
5.5201826E13	184.0	81.0
5.5201835E13	184.0	82.0
5.5201843E13	184.0	82.0
5.5201856E13	184.0	82.0
5.5201864E13	184.0	81.0
5.5201877E13	184.0	81.0
5.5201885E13	184.0	82.0
5.5201893E13	183.0	81.0
5.5201906E13	183.0	82.0
5.5201914E13	183.0	82.0
5.5201927E13	183.0	82.0
5.5201935E13	183.0	82.0
5.5201944E13	183.0	82.0
5.5201956E13	183.0	82.0
5.5201965E13	183.0	83.0
5.5201973E13	183.0	82.0
5.5201986E13	183.0	82.0
5.5201994E13	183.0	82.0
5.5202007E13	183.0	82.0
5.5202015E13	183.0	83.0
5.5202023E13	183.0	83.0
5.5202036E13	183.0	83.0
5.5202044E13	182.0	83.0
5.5202057E13	182.0	83.0
5.5202065E13	182.0	82.0
5.5202074E13	182.0	82.0
5.5202086E13	182.0	82.0
5.5202095E13	182.0	82.0
5.5202103E13	182.0	82.0
5.5202116E13	182.0	82.0
5.5202124E13	182.0	81.0
5.5202137E13	182.0	81.0
5.5202145E13	182.0	82.0
5.5202153E13	182.0	82.0
5.5202166E13	182.0	82.0
5.5202174E13	182.0	82.0
5.5202187E13	182.0	82.0
5.5202195E13	182.0	82.0
5.5202204E13	182.0	82.0
5.5202216E13	182.0	82.0
5.5202225E13	182.0	82.0
5.5202237E13	182.0	82.0
5.5202246E13	182.0	82.0
5.5202254E13	182.0	81.0
5.5202267E13	182.0	82.0
5.5202275E13	182.0	82.0
5.5202284E13	182.0	82.0
5.5202296E13	182.0	82.0
5.5202304E13	182.0	82.0
5.5202317E13	182.0	82.0
5.5202325E13	182.0	82.0
5.5202334E13	182.0	83.0
5.5202346E13	181.0	83.0
5.5202355E13	181.0	83.0
5.5202367E13	181.0	83.0
5.5202376E13	181.0	83.0
5.5202384E13	181.0	83.0
5.5202397E13	181.0	83.0
5.5202405E13	181.0	83.0
5.5202418E13	181.0	83.0
5.5202426E13	181.0	82.0
5.5202435E13	181.0	82.0
5.5202447E13	181.0	82.0
5.5202455E13	180.0	82.0
5.5202464E13	180.0	82.0
5.5202476E13	180.0	82.0
5.5202485E13	180.0	82.0
5.5202497E13	180.0	83.0
5.5202506E13	180.0	83.0
5.5202514E13	180.0	83.0
5.5202527E13	180.0	83.0
5.5202535E13	179.0	84.0
5.5202548E13	179.0	84.0
5.5202556E13	179.0	83.0
5.5202565E13	179.0	83.0
5.5202577E13	179.0	83.0
5.5202586E13	179.0	82.0
5.52026E13	179.0	82.0
5.5202606E13	179.0	82.0
5.5202615E13	179.0	82.0
5.5202627E13	179.0	82.0
5.5202636E13	179.0	82.0
5.5202644E13	179.0	83.0
5.5202657E13	179.0	83.0
5.5202665E13	179.0	83.0
5.5202678E13	179.0	83.0
5.5202686E13	179.0	83.0
5.5202695E13	179.0	83.0
5.5202707E13	179.0	83.0
5.5202716E13	179.0	83.0
5.5202724E13	179.0	83.0
5.5202737E13	179.0	83.0
5.5202745E13	179.0	83.0
5.5202757E13	179.0	82.0
5.5202766E13	179.0	82.0
5.5202774E13	179.0	82.0
5.5202787E13	179.0	82.0
5.5202795E13	179.0	82.0
5.5202808E13	179.0	82.0
5.5202816E13	179.0	82.0
5.5202825E13	180.0	82.0
5.5202854E13	179.0	83.0
5.5202846E13	179.0	83.0
5.5202837E13	179.0	83.0
5.5202867E13	179.0	83.0
5.5202875E13	179.0	83.0
5.5202887E13	179.0	83.0
5.5202896E13	179.0	83.0
5.5202904E13	180.0	83.0
5.5202917E13	180.0	83.0
5.5202925E13	180.0	82.0
5.5202938E13	180.0	82.0
5.5202946E13	179.0	82.0
5.5202955E13	179.0	82.0
5.5202967E13	179.0	82.0
5.5202976E13	179.0	82.0
5.520299E13	179.0	83.0
5.5202997E13	179.0	83.0
5.5203005E13	179.0	83.0
5.5203018E13	179.0	83.0
5.5203026E13	179.0	83.0
5.520304E13	179.0	83.0
5.5203047E13	179.0	83.0
5.5203055E13	179.0	83.0
5.5203068E13	179.0	83.0
5.5203076E13	179.0	83.0
5.5203085E13	179.0	83.0
5.5203097E13	179.0	83.0
5.5203106E13	179.0	83.0
5.5203114E13	179.0	83.0
5.5203127E13	179.0	83.0
5.5203135E13	179.0	83.0
5.5203148E13	179.0	83.0
5.5203156E13	179.0	83.0
5.5203164E13	180.0	83.0
5.5203177E13	180.0	83.0
5.5203185E13	180.0	83.0
5.5203198E13	180.0	82.0
5.5203206E13	180.0	82.0
5.5203215E13	180.0	82.0
5.5203227E13	180.0	82.0
5.5203236E13	180.0	82.0
5.520325E13	180.0	83.0
5.5203257E13	180.0	82.0
5.5203265E13	180.0	82.0
5.5203278E13	181.0	82.0
5.5203286E13	181.0	82.0
5.5203294E13	181.0	82.0
5.5203307E13	181.0	82.0
5.5203315E13	180.0	82.0
5.5203328E13	180.0	82.0
5.5203336E13	180.0	82.0
5.5203345E13	180.0	82.0
5.5203357E13	181.0	82.0
5.5203366E13	181.0	82.0
5.520338E13	181.0	82.0
5.5203387E13	181.0	82.0
5.5203395E13	181.0	82.0
5.5203408E13	181.0	82.0
5.5203416E13	181.0	82.0
5.5203424E13	181.0	83.0
5.5203437E13	181.0	83.0
5.5203445E13	181.0	83.0
5.520346E13	181.0	83.0
5.5203466E13	181.0	83.0
5.5203475E13	181.0	83.0
5.5203487E13	181.0	82.0
5.5203496E13	181.0	82.0
5.520351E13	181.0	82.0
5.5203517E13	181.0	82.0
5.5203525E13	181.0	82.0
5.5203538E13	181.0	82.0
5.5203546E13	181.0	82.0
5.520356E13	181.0	82.0
5.5203567E13	181.0	82.0
5.5203575E13	181.0	82.0
5.520359E13	181.0	83.0
5.5203596E13	181.0	83.0
5.5203605E13	181.0	83.0
5.5203617E13	181.0	83.0
5.5203626E13	181.0	83.0
5.520364E13	181.0	83.0
5.5203647E13	181.0	83.0
5.5203655E13	181.0	83.0
5.5203668E13	181.0	82.0
5.5203676E13	181.0	82.0
5.520369E13	181.0	82.0
5.5203697E13	181.0	82.0
5.5203705E13	181.0	82.0
5.520372E13	181.0	82.0
5.5203726E13	181.0	82.0
5.5203735E13	181.0	82.0
5.5203747E13	181.0	82.0
5.5203756E13	181.0	83.0
5.520377E13	181.0	83.0
5.5203777E13	181.0	83.0
5.5203785E13	181.0	83.0
5.5203798E13	181.0	83.0
5.5203806E13	181.0	83.0
5.520382E13	181.0	82.0
5.5203827E13	181.0	82.0
5.5203835E13	181.0	82.0
5.520385E13	181.0	82.0
5.5203856E13	181.0	82.0
5.520387E13	181.0	82.0
5.5203877E13	181.0	82.0
5.5203886E13	181.0	82.0
5.52039E13	181.0	82.0
5.5203907E13	181.0	82.0
5.5203915E13	181.0	82.0
5.5203928E13	181.0	82.0
5.5203936E13	181.0	82.0
5.520395E13	181.0	82.0
5.5203957E13	181.0	82.0
5.5203965E13	181.0	83.0
5.520398E13	181.0	83.0
5.5203986E13	180.0	83.0
5.5204E13	180.0	83.0
5.5204007E13	180.0	83.0
5.5204016E13	180.0	83.0
5.520403E13	180.0	83.0
5.5204037E13	180.0	82.0
5.5204045E13	180.0	82.0
5.5204058E13	180.0	82.0
5.5204066E13	180.0	82.0
5.520408E13	180.0	82.0
5.5204087E13	180.0	82.0
5.5204095E13	180.0	82.0
5.520411E13	180.0	83.0
5.5204116E13	180.0	83.0
5.520413E13	180.0	83.0
5.5204137E13	180.0	83.0
5.5204146E13	180.0	83.0
5.520416E13	180.0	83.0
5.5204167E13	180.0	83.0
5.5204175E13	181.0	83.0
5.5204188E13	181.0	82.0
5.5204196E13	181.0	82.0
5.520421E13	181.0	82.0
5.5204217E13	181.0	82.0
5.5204225E13	181.0	82.0
5.520424E13	181.0	82.0
5.5204246E13	181.0	83.0
5.520426E13	180.0	83.0
5.5204267E13	180.0	83.0
5.5204276E13	180.0	83.0
5.520429E13	180.0	83.0
5.5204297E13	180.0	83.0
5.520431E13	180.0	82.0
5.5204318E13	180.0	82.0
5.5204326E13	180.0	82.0
5.520434E13	180.0	82.0
5.5204347E13	180.0	82.0
5.5204356E13	180.0	82.0
5.520437E13	180.0	82.0
5.5204376E13	180.0	82.0
5.520439E13	180.0	82.0
5.5204397E13	180.0	82.0
5.5204406E13	180.0	82.0
5.520442E13	180.0	83.0
5.5204427E13	180.0	83.0
5.520444E13	180.0	83.0
5.5204448E13	180.0	83.0
5.5204456E13	180.0	83.0
5.520447E13	180.0	83.0
5.5204477E13	180.0	83.0
5.5204486E13	180.0	83.0
5.52045E13	180.0	83.0
5.5204507E13	180.0	83.0
5.520452E13	180.0	83.0
5.5204527E13	180.0	83.0
5.5204536E13	180.0	83.0
5.520455E13	180.0	83.0
5.5204557E13	180.0	83.0
5.520457E13	180.0	83.0
5.5204578E13	180.0	83.0
5.5204586E13	180.0	83.0
5.52046E13	180.0	83.0
5.5204607E13	180.0	83.0
5.520462E13	180.0	83.0
5.520463E13	179.0	83.0
5.5204637E13	179.0	82.0
5.520465E13	179.0	82.0
5.5204657E13	179.0	82.0
5.5204666E13	179.0	83.0
5.520468E13	179.0	83.0
5.5204687E13	179.0	83.0
5.52047E13	179.0	83.0
5.5204708E13	179.0	83.0
5.5204716E13	179.0	83.0
5.520473E13	179.0	82.0
5.5204737E13	179.0	82.0
5.520475E13	179.0	81.0
5.520476E13	179.0	81.0
5.5204767E13	179.0	82.0
5.520478E13	179.0	82.0
5.5204788E13	179.0	82.0
5.5204796E13	179.0	82.0
5.520481E13	179.0	82.0
5.5204817E13	179.0	82.0
5.520483E13	179.0	82.0
5.5204838E13	179.0	82.0
5.5204846E13	180.0	82.0
5.520486E13	180.0	82.0
5.5204867E13	180.0	82.0
5.520488E13	180.0	82.0
5.520489E13	181.0	83.0
5.5204897E13	181.0	83.0
5.520491E13	181.0	83.0
5.5204918E13	181.0	83.0
5.5204926E13	181.0	83.0
5.520494E13	181.0	83.0
5.5204947E13	181.0	83.0
5.520496E13	181.0	82.0
5.5204968E13	182.0	82.0
5.5204976E13	182.0	82.0
5.520499E13	182.0	82.0
5.5204997E13	182.0	82.0
5.520501E13	182.0	82.0
5.520502E13	182.0	83.0
5.5205027E13	182.0	83.0
5.520504E13	183.0	83.0
5.5205048E13	183.0	84.0
5.520506E13	183.0	84.0
5.520507E13	183.0	84.0
5.5205077E13	183.0	83.0
5.520509E13	183.0	83.0
5.5205098E13	183.0	83.0
5.5205106E13	183.0	83.0
5.520512E13	183.0	83.0
5.5205127E13	183.0	83.0
5.520514E13	183.0	82.0
5.520515E13	183.0	81.0
5.5205157E13	183.0	81.0
5.520517E13	183.0	80.0
5.5205178E13	183.0	80.0
5.520519E13	183.0	80.0
5.52052E13	183.0	79.0
5.5205207E13	183.0	79.0
5.520522E13	183.0	80.0
5.520523E13	183.0	80.0
5.5205236E13	183.0	80.0
5.520525E13	183.0	80.0
5.5205257E13	183.0	80.0
5.520527E13	184.0	81.0
5.520528E13	184.0	81.0
5.5205287E13	184.0	82.0
5.52053E13	184.0	82.0
5.5205308E13	184.0	82.0
5.520532E13	184.0	82.0
5.520533E13	184.0	83.0
5.5205337E13	185.0	84.0
5.520535E13	185.0	84.0
5.520536E13	185.0	84.0
5.5205366E13	185.0	84.0
5.520538E13	185.0	83.0
5.5205387E13	185.0	83.0
5.52054E13	185.0	83.0
5.520541E13	185.0	83.0
5.5205417E13	186.0	82.0
5.520543E13	186.0	82.0
5.5205438E13	186.0	81.0
5.520545E13	186.0	81.0
5.520546E13	186.0	80.0
5.5205467E13	186.0	80.0
5.520548E13	186.0	80.0
5.520549E13	186.0	80.0
5.52055E13	186.0	80.0
5.520551E13	186.0	80.0
5.5205517E13	186.0	80.0
5.520553E13	186.0	80.0
5.520554E13	186.0	81.0
5.5205547E13	186.0	81.0
5.520556E13	186.0	82.0
5.5205568E13	186.0	82.0
5.520558E13	186.0	83.0
5.520559E13	186.0	83.0
5.5205597E13	186.0	83.0
5.520561E13	186.0	83.0
5.520562E13	186.0	83.0
5.520563E13	186.0	83.0
5.520564E13	186.0	83.0
5.5205647E13	186.0	83.0
5.520566E13	186.0	83.0
5.520567E13	186.0	83.0
5.5205677E13	185.0	82.0
5.520569E13	185.0	82.0
5.5205698E13	185.0	81.0
5.520571E13	185.0	81.0
5.520572E13	185.0	81.0
5.5205727E13	185.0	81.0
5.520574E13	184.0	81.0
5.520575E13	184.0	81.0
5.520576E13	184.0	82.0
5.520577E13	184.0	82.0
5.5205777E13	184.0	82.0
5.520579E13	184.0	82.0
5.52058E13	184.0	82.0
5.5205807E13	183.0	81.0
5.5205828E13	183.0	81.0
5.520584E13	183.0	81.0
5.520585E13	183.0	81.0
5.5205857E13	183.0	81.0
5.520587E13	183.0	81.0
5.520588E13	183.0	81.0
5.520589E13	183.0	81.0
5.52059E13	183.0	81.0
5.5205907E13	183.0	82.0
5.520592E13	183.0	51.0
5.520593E13	182.0	83.0
5.520594E13	182.0	83.0
5.520595E13	182.0	83.0
5.5205958E13	182.0	83.0
5.520597E13	182.0	84.0
5.520598E13	181.0	84.0
5.5205987E13	181.0	84.0
5.5206E13	181.0	84.0
5.520601E13	181.0	83.0
5.520602E13	181.0	83.0
5.520603E13	181.0	83.0
5.5206037E13	181.0	82.0
5.520605E13	181.0	82.0
5.520606E13	181.0	82.0
5.5206067E13	181.0	82.0
5.520608E13	181.0	82.0
5.5206088E13	180.0	82.0
5.52061E13	180.0	82.0
5.520611E13	180.0	82.0
5.5206117E13	180.0	83.0
5.520613E13	180.0	83.0
5.520614E13	180.0	83.0
5.520615E13	180.0	83.0
5.520616E13	180.0	83.0
5.5206167E13	180.0	83.0
5.520618E13	180.0	83.0
5.520619E13	180.0	83.0
5.52062E13	181.0	83.0
5.520621E13	181.0	83.0
5.5206218E13	181.0	83.0
5.520623E13	181.0	83.0
5.520624E13	181.0	83.0
5.5206247E13	181.0	83.0
5.520626E13	181.0	83.0
5.520627E13	181.0	83.0
5.520628E13	181.0	83.0
5.520629E13	181.0	83.0
5.5206297E13	181.0	83.0
5.520631E13	181.0	83.0
5.520632E13	181.0	83.0
5.520633E13	181.0	83.0
5.520634E13	181.0	83.0
5.5206348E13	181.0	83.0
5.520636E13	181.0	83.0
5.520637E13	181.0	83.0
5.520638E13	181.0	83.0
5.520639E13	181.0	82.0
5.52064E13	181.0	82.0
5.520641E13	181.0	82.0
5.520642E13	181.0	82.0
5.5206427E13	181.0	82.0
5.520644E13	181.0	82.0
5.520645E13	181.0	82.0
5.520646E13	181.0	82.0
5.520647E13	181.0	82.0
5.5206478E13	181.0	82.0
5.520649E13	181.0	82.0
5.52065E13	181.0	82.0
5.520651E13	181.0	82.0
5.520652E13	181.0	82.0
5.520653E13	181.0	82.0
5.520654E13	181.0	82.0
5.520655E13	181.0	82.0
5.5206558E13	181.0	87.0
5.520657E13	181.0	82.0
5.520658E13	181.0	82.0
5.520659E13	181.0	82.0
5.52066E13	181.0	82.0
5.5206608E13	182.0	82.0
5.520662E13	182.0	83.0
5.520663E13	182.0	83.0
5.520664E13	182.0	83.0
5.520665E13	182.0	83.0
5.520666E13	182.0	83.0
5.520667E13	182.0	83.0
5.520668E13	182.0	83.0
5.520669E13	182.0	82.0
5.52067E13	182.0	82.0
5.520671E13	182.0	83.0
5.520672E13	182.0	83.0
5.520673E13	182.0	82.0
5.5206738E13	182.0	82.0
5.520675E13	182.0	82.0
5.520676E13	182.0	83.0
5.520677E13	182.0	82.0
5.520678E13	182.0	83.0
5.520679E13	182.0	82.0
5.52068E13	182.0	82.0
5.520681E13	182.0	82.0
5.520682E13	182.0	82.0
5.520683E13	181.0	82.0
5.520684E13	181.0	82.0
5.520685E13	181.0	82.0
5.520688E13	181.0	83.0
5.520689E13	181.0	83.0
5.52069E13	181.0	83.0
5.520691E13	181.0	83.0
5.520692E13	181.0	82.0
5.520693E13	181.0	82.0
5.520694E13	181.0	83.0
5.520695E13	181.0	83.0
5.520696E13	181.0	50.0
5.520697E13	181.0	83.0
5.520698E13	181.0	83.0
5.520699E13	181.0	83.0
5.5207E13	181.0	83.0
5.520701E13	181.0	82.0
5.520702E13	181.0	83.0
5.520703E13	181.0	82.0
5.520704E13	181.0	83.0
5.520706E13	181.0	83.0
5.520705E13	181.0	83.0
5.520707E13	181.0	83.0
5.520708E13	181.0	83.0
5.520709E13	180.0	83.0
5.52071E13	180.0	83.0
5.520711E13	180.0	83.0
5.520712E13	180.0	83.0
5.5207132E13	180.0	83.0
5.520714E13	180.0	83.0
5.520715E13	180.0	83.0
5.520716E13	181.0	83.0
5.520717E13	181.0	83.0
5.520718E13	181.0	83.0
5.520719E13	181.0	83.0
5.52072E13	181.0	83.0
5.520721E13	181.0	82.0
5.520722E13	181.0	83.0
5.520723E13	180.0	83.0
5.520724E13	180.0	83.0
5.520725E13	180.0	83.0
5.5207262E13	180.0	83.0
5.520727E13	180.0	83.0
5.520728E13	180.0	83.0
5.520729E13	180.0	83.0
5.52073E13	180.0	83.0
5.520731E13	180.0	83.0
5.520732E13	180.0	83.0
5.520733E13	180.0	83.0
5.520734E13	180.0	83.0
5.520735E13	180.0	83.0
5.520736E13	180.0	83.0
5.520737E13	180.0	83.0
5.520738E13	180.0	83.0
5.5207392E13	180.0	83.0
5.520741E13	180.0	83.0
5.52074E13	180.0	83.0
5.520742E13	180.0	83.0
5.520743E13	180.0	83.0
5.5207443E13	180.0	83.0
5.520745E13	180.0	83.0
5.520749E13	180.0	82.0
5.52075E13	180.0	83.0
5.520748E13	180.0	83.0
5.520751E13	180.0	83.0
5.5207522E13	180.0	83.0
5.520746E13	180.0	83.0
5.520747E13	180.0	83.0
5.520753E13	180.0	83.0
5.520754E13	180.0	83.0
5.520755E13	180.0	83.0
5.520757E13	181.0	83.0
5.520756E13	181.0	83.0
5.520759E13	181.0	83.0
5.520758E13	181.0	83.0
5.52076E13	181.0	82.0
5.520763E13	181.0	83.0
5.520762E13	181.0	83.0
5.520761E13	181.0	83.0
5.5207652E13	181.0	83.0
5.520766E13	181.0	83.0
5.520764E13	181.0	83.0
5.520768E13	181.0	83.0
5.520767E13	181.0	83.0
5.520769E13	181.0	83.0
5.520771E13	181.0	83.0
5.52077E13	181.0	83.0
5.520772E13	181.0	83.0
5.520773E13	181.0	83.0
5.520774E13	181.0	83.0
5.520775E13	181.0	83.0
5.520776E13	181.0	83.0
5.520777E13	181.0	83.0
5.5207782E13	181.0	87.0
5.520779E13	181.0	87.0
5.52078E13	181.0	87.0
5.520781E13	181.0	87.0
5.520782E13	181.0	87.0
5.5207833E13	181.0	87.0
5.520784E13	181.0	87.0
5.520785E13	181.0	87.0
5.520786E13	181.0	87.0
5.520787E13	181.0	87.0
5.520788E13	181.0	87.0
5.520789E13	181.0	87.0
5.52079E13	181.0	87.0
5.5207912E13	181.0	87.0
5.520792E13	181.0	87.0
5.520793E13	181.0	87.0
5.520794E13	181.0	87.0
5.520795E13	181.0	87.0
5.5207963E13	181.0	87.0
5.520797E13	181.0	87.0
5.520798E13	181.0	87.0
5.520799E13	181.0	87.0
5.5208E13	181.0	83.0
5.520801E13	181.0	87.0
5.520802E13	181.0	83.0
5.520803E13	181.0	83.0
5.5208042E13	181.0	87.0
5.520805E13	181.0	87.0
5.520806E13	181.0	83.0
5.520807E13	180.0	83.0
5.520808E13	180.0	83.0
5.5208093E13	180.0	83.0
5.52081E13	180.0	87.0
5.520811E13	180.0	87.0
5.520812E13	180.0	87.0
5.520813E13	180.0	83.0
5.520814E13	180.0	83.0
5.520815E13	180.0	83.0
5.520816E13	180.0	83.0
5.5208172E13	180.0	83.0
5.520818E13	181.0	83.0
5.520819E13	181.0	83.0
5.52082E13	181.0	83.0
5.520821E13	181.0	83.0
5.5208223E13	181.0	83.0
5.520823E13	181.0	83.0
5.520824E13	181.0	83.0
5.520825E13	181.0	83.0
5.520826E13	180.0	83.0
5.5208273E13	180.0	83.0
5.520828E13	180.0	83.0
5.520829E13	180.0	83.0
5.5208302E13	180.0	83.0
5.520831E13	180.0	83.0
5.520832E13	180.0	83.0
5.520833E13	181.0	83.0
5.520834E13	181.0	83.0
5.5208353E13	181.0	83.0
5.520836E13	181.0	83.0
5.520837E13	180.0	83.0
5.520838E13	180.0	83.0
5.520839E13	180.0	83.0
5.5208403E13	180.0	83.0
5.520841E13	180.0	83.0
5.520842E13	180.0	83.0
5.5208432E13	180.0	83.0
5.520844E13	181.0	83.0
5.520845E13	181.0	83.0
5.520846E13	181.0	83.0
5.520847E13	181.0	83.0
5.5208483E13	180.0	83.0
5.520849E13	180.0	83.0
5.52085E13	180.0	83.0
5.520851E13	180.0	87.0
5.520852E13	180.0	87.0
5.5208533E13	180.0	87.0
5.520854E13	180.0	87.0
5.520855E13	180.0	87.0
5.5208562E13	180.0	87.0
5.520857E13	180.0	87.0
5.5208583E13	180.0	87.0
5.520859E13	180.0	87.0
5.52086E13	180.0	87.0
5.5208613E13	180.0	87.0
5.520862E13	180.0	87.0
5.520863E13	180.0	87.0
5.520864E13	180.0	87.0
5.520865E13	180.0	87.0
5.5208663E13	180.0	87.0
5.520867E13	180.0	87.0
5.520868E13	180.0	87.0
5.5208692E13	180.0	83.0
5.52087E13	180.0	87.0
5.5208713E13	180.0	87.0
5.520872E13	180.0	87.0
5.520873E13	180.0	87.0
5.5208743E13	181.0	87.0
5.520875E13	181.0	87.0
5.520876E13	181.0	87.0
5.5208772E13	181.0	83.0
5.520878E13	181.0	83.0
5.5208797E13	181.0	82.0
5.52088E13	181.0	82.0
5.520881E13	181.0	82.0
5.5208822E13	180.0	82.0
5.520883E13	180.0	83.0
5.5208843E13	180.0	83.0
5.520885E13	180.0	83.0
5.520886E13	180.0	83.0
5.5208873E13	180.0	83.0
5.520888E13	180.0	83.0
5.520889E13	180.0	83.0
5.5208902E13	180.0	83.0
5.520891E13	180.0	83.0
5.5208923E13	180.0	83.0
5.520893E13	180.0	83.0
5.520894E13	180.0	83.0
5.5208952E13	180.0	83.0
5.520896E13	180.0	83.0
5.5208973E13	180.0	83.0
5.520898E13	180.0	83.0
5.520899E13	180.0	83.0
5.5209003E13	180.0	83.0
5.520901E13	180.0	83.0
5.5209024E13	180.0	83.0
5.5209032E13	180.0	83.0
5.5209045E13	180.0	83.0
5.5209053E13	180.0	83.0
5.520906E13	180.0	83.0
5.520907E13	180.0	87.0
5.5209082E13	180.0	83.0
5.520909E13	180.0	83.0
5.5209103E13	180.0	83.0
5.520911E13	180.0	87.0
5.520912E13	180.0	87.0
5.5209133E13	180.0	87.0
5.520914E13	180.0	87.0
5.5209154E13	180.0	87.0
5.5209162E13	180.0	83.0
5.520917E13	180.0	83.0
5.5209183E13	180.0	83.0
5.520919E13	180.0	83.0
5.52092E13	180.0	83.0
5.5209213E13	180.0	83.0
5.520922E13	180.0	83.0
5.5209233E13	180.0	83.0
5.520924E13	180.0	83.0
5.520925E13	180.0	83.0
5.5209263E13	180.0	87.0
5.520927E13	180.0	83.0
5.5209284E13	180.0	87.0
5.5209292E13	180.0	87.0
5.52093E13	180.0	87.0
5.5209313E13	180.0	87.0
5.520932E13	180.0	87.0
5.520933E13	180.0	87.0
5.5209343E13	180.0	87.0
5.520935E13	180.0	87.0
5.5209364E13	180.0	87.0
5.520937E13	180.0	87.0
5.520938E13	180.0	87.0
5.5209393E13	180.0	87.0
5.52094E13	180.0	87.0
5.520942E13	180.0	87.0
5.5209422E13	180.0	87.0
5.5209435E13	180.0	87.0
5.5209443E13	180.0	87.0
5.520945E13	180.0	87.0
5.520946E13	180.0	87.0
5.5209473E13	180.0	87.0
5.520948E13	180.0	87.0
5.5209494E13	180.0	87.0
5.52095E13	180.0	83.0
5.520951E13	180.0	87.0
5.5209523E13	180.0	83.0
5.520953E13	180.0	83.0
5.5209544E13	180.0	83.0
5.5209552E13	180.0	83.0
5.520956E13	180.0	83.0
5.5209573E13	180.0	83.0
5.520958E13	180.0	83.0
5.5209594E13	180.0	83.0
5.5209603E13	180.0	83.0
5.520961E13	180.0	83.0
5.5209624E13	180.0	83.0
5.520963E13	180.0	83.0
5.520964E13	180.0	83.0
5.5209653E13	180.0	83.0
5.520966E13	180.0	83.0
5.5209674E13	180.0	83.0
5.5209682E13	180.0	83.0
5.520969E13	180.0	83.0
5.5209703E13	180.0	83.0
5.520971E13	180.0	83.0
5.5209724E13	180.0	83.0
5.5209733E13	180.0	83.0
5.520974E13	180.0	83.0
5.5209754E13	180.0	83.0
5.520976E13	180.0	83.0
5.520977E13	180.0	82.0
5.5209783E13	180.0	82.0
5.520979E13	180.0	83.0
5.5209804E13	180.0	83.0
5.5209812E13	180.0	83.0
5.520982E13	180.0	83.0
5.5209833E13	180.0	83.0
5.520984E13	180.0	83.0
5.5209854E13	180.0	83.0
5.5209863E13	180.0	83.0
5.520987E13	180.0	83.0
5.5209884E13	180.0	83.0
5.520989E13	180.0	83.0
5.52099E13	180.0	83.0
5.5209913E13	180.0	83.0
5.520992E13	180.0	83.0
5.5209934E13	180.0	83.0
5.5209942E13	180.0	83.0
5.520995E13	180.0	83.0
5.5209963E13	180.0	83.0
5.520997E13	180.0	83.0
5.5209984E13	180.0	83.0
5.5209993E13	180.0	83.0
5.521E13	180.0	83.0
5.5210014E13	180.0	83.0
5.521002E13	180.0	83.0
5.5210035E13	180.0	83.0
5.5210043E13	180.0	83.0
5.521005E13	180.0	83.0
5.5210064E13	180.0	83.0
5.5210072E13	180.0	83.0
5.521008E13	180.0	83.0
5.5210093E13	180.0	83.0
5.52101E13	180.0	83.0
5.5210114E13	180.0	83.0
5.5210123E13	180.0	83.0
5.521013E13	179.0	83.0
5.5210144E13	179.0	83.0
5.521015E13	179.0	83.0
5.5210165E13	179.0	83.0
5.5210173E13	179.0	83.0
5.521018E13	179.0	83.0
5.5210194E13	179.0	87.0
5.5210202E13	179.0	87.0
5.521021E13	179.0	87.0
5.5210223E13	179.0	83.0
5.521023E13	179.0	87.0
5.5210244E13	179.0	87.0
5.5210253E13	179.0	87.0
5.521026E13	179.0	83.0
5.5210274E13	179.0	87.0
5.521028E13	179.0	83.0
5.5210295E13	179.0	87.0
5.5210303E13	179.0	87.0
5.521031E13	180.0	87.0
5.5210324E13	180.0	87.0
5.5210332E13	180.0	87.0
5.5210345E13	180.0	87.0
5.5210353E13	180.0	87.0
5.521036E13	180.0	87.0
5.5210374E13	180.0	87.0
5.5210383E13	180.0	87.0
5.521039E13	180.0	87.0
5.5210404E13	180.0	87.0
5.521041E13	180.0	87.0
5.5210425E13	180.0	87.0
5.5210433E13	180.0	87.0
5.521044E13	180.0	87.0
5.5210454E13	180.0	87.0
5.5210462E13	180.0	87.0
5.5210475E13	180.0	87.0
5.5210483E13	180.0	87.0
5.521049E13	180.0	87.0
5.5210504E13	180.0	83.0
5.5210513E13	180.0	83.0
5.5210525E13	180.0	83.0
5.5210534E13	180.0	83.0
5.5210542E13	180.0	83.0
5.5210555E13	180.0	83.0
5.5210563E13	180.0	83.0
5.5210576E13	180.0	83.0
5.5210584E13	181.0	83.0
5.5210592E13	181.0	83.0
5.5210605E13	181.0	83.0
5.5210613E13	181.0	83.0
5.521062E13	181.0	82.0
5.5210634E13	181.0	82.0
5.5210643E13	181.0	82.0
5.5210655E13	181.0	82.0
5.5210664E13	181.0	83.0
5.5210672E13	181.0	83.0
5.5210685E13	181.0	83.0
5.5210693E13	181.0	83.0
5.5210706E13	181.0	83.0
5.5210714E13	181.0	83.0
5.5210722E13	181.0	82.0
5.5210735E13	181.0	82.0
5.5210743E13	181.0	82.0
5.521075E13	181.0	82.0
5.5210764E13	181.0	82.0
5.5210773E13	181.0	83.0
5.5210785E13	181.0	83.0
5.5210794E13	181.0	83.0
5.5210802E13	181.0	83.0
5.5210815E13	181.0	83.0
5.5210823E13	181.0	83.0
5.521083E13	181.0	83.0
5.5210844E13	181.0	83.0
5.5210852E13	181.0	83.0
5.5210865E13	181.0	83.0
5.5210873E13	181.0	83.0
5.521088E13	181.0	83.0
5.5210894E13	181.0	83.0
5.5210903E13	181.0	83.0
5.5210915E13	181.0	83.0
5.5210924E13	181.0	83.0
5.5210932E13	181.0	83.0
5.5210945E13	181.0	83.0
5.5210953E13	181.0	83.0
5.521096E13	181.0	83.0
5.5210974E13	181.0	83.0
5.5210983E13	181.0	83.0
5.5210995E13	181.0	83.0
5.5211003E13	181.0	83.0
5.521101E13	181.0	83.0
5.5211024E13	180.0	83.0
5.5211033E13	180.0	83.0
5.5211045E13	180.0	83.0
5.5211054E13	180.0	83.0
5.5211062E13	180.0	83.0
5.5211075E13	180.0	83.0
5.5211083E13	180.0	83.0
5.521109E13	180.0	83.0
5.5211104E13	180.0	83.0
5.5211113E13	180.0	83.0
5.5211125E13	180.0	83.0
5.5211134E13	180.0	83.0
5.521114E13	180.0	83.0
5.5211154E13	180.0	83.0
5.5211163E13	180.0	83.0
5.5211175E13	180.0	83.0
5.5211184E13	180.0	83.0
5.5211192E13	180.0	83.0
5.5211205E13	180.0	83.0
5.5211213E13	180.0	83.0
5.5211226E13	180.0	83.0
5.5211234E13	180.0	83.0
5.5211243E13	180.0	83.0
5.5211255E13	180.0	83.0
5.5211264E13	180.0	83.0
5.521127E13	180.0	83.0
5.5211284E13	180.0	83.0
5.5211293E13	180.0	83.0
5.5211305E13	180.0	83.0
5.5211314E13	180.0	83.0
5.5211322E13	179.0	83.0
5.5211335E13	179.0	83.0
5.5211343E13	179.0	83.0
5.5211356E13	179.0	83.0
5.5211364E13	179.0	83.0
5.5211373E13	179.0	83.0
5.5211385E13	179.0	83.0
5.5211394E13	179.0	83.0
5.52114E13	179.0	83.0
5.5211415E13	179.0	83.0
5.5211423E13	179.0	83.0
5.5211435E13	179.0	83.0
5.5211444E13	179.0	83.0
5.5211452E13	179.0	83.0
5.5211465E13	179.0	83.0
5.5211473E13	179.0	83.0
5.5211486E13	179.0	83.0
5.5211494E13	179.0	83.0
5.5211503E13	179.0	83.0
5.5211515E13	179.0	83.0
5.5211524E13	179.0	83.0
5.5211536E13	179.0	83.0
5.5211545E13	179.0	83.0
5.5211553E13	179.0	83.0
5.5211566E13	179.0	83.0
5.5211574E13	179.0	83.0
5.5211582E13	179.0	83.0
5.5211595E13	179.0	83.0
5.5211603E13	179.0	83.0
5.5211616E13	179.0	83.0
5.5211624E13	179.0	83.0
5.5211633E13	179.0	83.0
5.5211645E13	179.0	83.0
5.5211654E13	179.0	83.0
5.5211666E13	179.0	87.0
5.5211675E13	179.0	83.0
5.5211683E13	179.0	83.0
5.5211696E13	178.0	83.0
5.5211704E13	178.0	83.0
5.5211712E13	178.0	83.0
5.5211725E13	179.0	83.0
5.5211733E13	179.0	83.0
5.5211746E13	179.0	83.0
5.5211754E13	179.0	83.0
5.5211763E13	179.0	83.0
5.5211775E13	179.0	83.0
5.5211784E13	179.0	83.0
5.5211796E13	179.0	83.0
5.5211805E13	178.0	83.0
5.5211813E13	178.0	83.0
5.5211834E13	178.0	83.0
5.5211847E13	179.0	83.0
5.5211855E13	179.0	83.0
5.5211863E13	179.0	83.0
5.5211876E13	179.0	83.0
5.5211884E13	179.0	83.0
5.5211893E13	179.0	83.0
5.5211905E13	179.0	83.0
5.5211914E13	179.0	83.0
5.5211926E13	179.0	83.0
5.5211935E13	179.0	83.0
5.5211943E13	179.0	83.0
5.5211956E13	178.0	83.0
5.5211964E13	178.0	83.0
5.5211977E13	178.0	83.0
5.5211985E13	178.0	83.0
5.5211993E13	178.0	83.0
5.5212006E13	178.0	83.0
5.5212014E13	178.0	83.0
5.5212035E13	178.0	83.0
5.5212044E13	178.0	83.0
5.5212056E13	178.0	83.0
5.5212073E13	178.0	83.0
5.5212086E13	178.0	83.0
5.5212065E13	178.0	83.0
5.5212094E13	178.0	83.0
5.5212115E13	178.0	83.0
5.5212123E13	178.0	87.0
5.5212136E13	178.0	83.0
5.5212144E13	178.0	83.0
5.5212157E13	178.0	83.0
5.5212165E13	178.0	83.0
5.5212174E13	178.0	83.0
5.5212195E13	178.0	83.0
5.5212186E13	178.0	83.0
5.5212203E13	178.0	83.0
5.5212216E13	178.0	83.0
5.5212224E13	178.0	83.0
5.5212237E13	178.0	83.0
5.5212245E13	178.0	83.0
5.5212253E13	178.0	83.0
5.5212266E13	178.0	87.0
5.5212274E13	178.0	83.0
5.5212283E13	178.0	87.0
5.5212295E13	178.0	83.0
5.5212304E13	178.0	83.0
5.5212316E13	178.0	83.0
5.5212325E13	178.0	83.0
5.5212333E13	178.0	83.0
5.5212346E13	178.0	83.0
5.5212354E13	178.0	83.0
5.5212367E13	178.0	83.0
5.5212375E13	178.0	87.0
5.5212383E13	178.0	87.0
5.5212396E13	178.0	87.0
5.5212404E13	178.0	87.0
5.5212413E13	178.0	87.0
5.5212425E13	178.0	87.0
5.5212434E13	178.0	87.0
5.5212446E13	178.0	87.0
5.5212455E13	178.0	87.0
5.5212463E13	178.0	87.0
5.5212476E13	178.0	87.0
5.5212484E13	178.0	87.0
5.5212497E13	178.0	87.0
5.5212505E13	178.0	83.0
5.5212513E13	178.0	83.0
5.5212526E13	178.0	83.0
5.5212534E13	178.0	83.0
5.5212543E13	178.0	83.0
5.5212555E13	178.0	83.0
5.5212564E13	178.0	83.0
5.5212576E13	178.0	83.0
5.5212585E13	178.0	83.0
5.5212593E13	178.0	83.0
5.5212606E13	178.0	83.0
5.5212614E13	178.0	83.0
5.5212627E13	178.0	87.0
5.5212635E13	178.0	87.0
5.5212656E13	178.0	87.0
5.5212643E13	178.0	87.0
5.5212664E13	178.0	87.0
5.5212677E13	178.0	87.0
5.5212694E13	178.0	83.0
5.5212685E13	178.0	83.0
5.5212706E13	178.0	87.0
5.5212715E13	178.0	83.0
5.5212723E13	178.0	84.0
5.5212736E13	178.0	84.0
5.5212744E13	178.0	83.0
5.5212757E13	178.0	83.0
5.5212765E13	178.0	83.0
5.5212773E13	178.0	83.0
5.5212786E13	178.0	83.0
5.5212794E13	178.0	83.0
5.5212807E13	178.0	83.0
5.5212815E13	178.0	83.0
5.5212824E13	178.0	83.0
5.5212836E13	178.0	83.0
5.5212845E13	178.0	87.0
5.5212853E13	178.0	83.0
5.5212866E13	178.0	83.0
5.5212874E13	178.0	83.0
5.5212887E13	178.0	83.0
5.5212895E13	178.0	83.0
5.5212903E13	178.0	83.0
5.5212916E13	178.0	87.0
5.5212924E13	178.0	83.0
5.5212937E13	178.0	83.0
5.5212945E13	178.0	83.0
5.5212954E13	178.0	83.0
5.5212966E13	178.0	83.0
5.5212975E13	178.0	83.0
5.5212983E13	178.0	87.0
5.5212996E13	178.0	87.0
5.5213004E13	178.0	87.0
5.5213017E13	178.0	87.0
5.5213025E13	178.0	83.0
5.5213034E13	178.0	87.0
5.5213046E13	178.0	87.0
5.5213054E13	178.0	83.0
5.5213067E13	178.0	83.0
5.5213075E13	178.0	83.0
5.5213084E13	178.0	87.0
5.5213096E13	178.0	87.0
5.5213105E13	178.0	87.0
5.5213113E13	178.0	83.0
5.5213126E13	178.0	83.0
5.5213134E13	178.0	83.0
5.5213147E13	178.0	83.0
5.5213155E13	178.0	83.0
5.5213164E13	178.0	83.0
5.5213176E13	178.0	83.0
5.5213185E13	178.0	83.0
5.5213197E13	178.0	83.0
5.5213205E13	178.0	83.0
5.5213214E13	178.0	83.0
5.5213226E13	178.0	83.0
5.5213235E13	178.0	83.0
5.5213243E13	178.0	83.0
5.5213256E13	178.0	83.0
5.5213264E13	178.0	83.0
5.5213277E13	178.0	83.0
5.5213285E13	178.0	83.0
5.5213294E13	178.0	83.0
5.5213306E13	178.0	83.0
5.5213315E13	178.0	83.0
5.5213327E13	178.0	83.0
5.5213336E13	178.0	83.0
5.5213344E13	178.0	83.0
5.5213356E13	178.0	83.0
5.5213365E13	178.0	83.0
5.5213377E13	178.0	83.0
5.5213386E13	178.0	83.0
5.5213394E13	178.0	83.0
5.5213415E13	178.0	83.0
5.5213407E13	178.0	83.0
5.5213424E13	178.0	83.0
5.5213436E13	178.0	83.0
5.5213445E13	178.0	83.0
5.5213457E13	178.0	83.0
5.5213466E13	178.0	83.0
5.5213474E13	178.0	83.0
5.5213487E13	178.0	83.0
5.5213495E13	178.0	83.0
5.5213507E13	178.0	83.0
5.5213516E13	178.0	83.0
5.5213524E13	178.0	83.0
5.5213537E13	178.0	83.0
5.5213545E13	178.0	83.0
5.5213554E13	178.0	83.0
5.5213566E13	178.0	83.0
5.5213575E13	178.0	83.0
5.5213587E13	178.0	83.0
5.5213596E13	178.0	83.0
5.5213604E13	178.0	83.0
5.5213617E13	178.0	83.0
5.5213625E13	178.0	87.0
5.5213638E13	178.0	84.0
5.5213646E13	178.0	84.0
5.5213654E13	178.0	83.0
5.5213667E13	178.0	83.0
5.5213675E13	178.0	83.0
5.5213684E13	178.0	83.0
5.5213696E13	178.0	83.0
5.5213705E13	178.0	83.0
5.5213717E13	178.0	83.0
5.5213726E13	178.0	83.0
5.5213734E13	178.0	83.0
5.5213747E13	178.0	87.0
5.5213755E13	178.0	87.0
5.5213768E13	178.0	83.0
5.5213776E13	178.0	87.0
5.5213784E13	178.0	87.0
5.5213797E13	178.0	87.0
5.5213805E13	178.0	87.0
5.5213818E13	178.0	87.0
5.5213826E13	178.0	87.0
5.5213835E13	178.0	87.0
5.5213847E13	178.0	87.0
5.5213856E13	178.0	83.0
5.5213864E13	178.0	83.0
5.5213877E13	178.0	83.0
5.5213885E13	178.0	83.0
5.5213898E13	178.0	83.0
5.5213906E13	178.0	83.0
5.5213914E13	178.0	83.0
5.5213927E13	178.0	83.0
5.5213935E13	178.0	48.0
5.5213948E13	178.0	83.0
5.5213965E13	178.0	83.0
5.5213956E13	178.0	87.0
5.5213977E13	178.0	87.0
5.5213986E13	178.0	87.0
5.5213994E13	178.0	83.0
5.5214007E13	178.0	83.0
5.5214015E13	178.0	87.0
5.5214028E13	178.0	87.0
5.5214036E13	178.0	87.0
5.5214044E13	178.0	83.0
5.5214057E13	178.0	87.0
5.5214065E13	178.0	87.0
5.5214078E13	178.0	87.0
5.5214086E13	178.0	87.0
5.5214095E13	178.0	87.0
5.5214107E13	178.0	87.0
5.5214116E13	178.0	87.0
5.521413E13	178.0	87.0
5.5214137E13	177.0	87.0
5.5214145E13	177.0	87.0
5.5214158E13	177.0	87.0
5.5214166E13	177.0	87.0
5.5214174E13	178.0	87.0
5.5214187E13	178.0	87.0
5.5214195E13	178.0	87.0
5.521421E13	178.0	87.0
5.5214216E13	178.0	87.0
5.5214225E13	178.0	87.0
5.5214237E13	178.0	87.0
5.5214246E13	178.0	87.0
5.5214254E13	178.0	87.0
5.5214267E13	178.0	87.0
5.5214275E13	178.0	87.0
5.5214288E13	178.0	87.0
5.5214296E13	178.0	87.0
5.521431E13	178.0	87.0
5.5214317E13	178.0	87.0
5.5214325E13	178.0	87.0
5.521434E13	178.0	87.0
5.5214346E13	178.0	87.0
5.521436E13	178.0	83.0
5.5214367E13	178.0	83.0
5.5214376E13	178.0	83.0
5.521439E13	178.0	83.0
5.5214397E13	178.0	83.0
5.5214405E13	178.0	83.0
5.5214418E13	178.0	83.0
5.5214426E13	178.0	83.0
5.5214434E13	178.0	83.0
5.5214447E13	178.0	83.0
5.5214455E13	178.0	83.0
5.521447E13	178.0	84.0
5.5214476E13	178.0	83.0
5.5214485E13	178.0	84.0
5.5214497E13	178.0	87.0
5.5214506E13	178.0	83.0
5.521452E13	178.0	83.0
5.5214527E13	178.0	83.0
5.5214535E13	178.0	83.0
5.5214548E13	178.0	83.0
5.5214556E13	178.0	83.0
5.5214564E13	178.0	83.0
5.5214577E13	178.0	83.0
5.5214585E13	178.0	83.0
5.52146E13	178.0	83.0
5.5214606E13	178.0	83.0
5.5214615E13	178.0	83.0
5.5214627E13	178.0	83.0
5.5214636E13	178.0	83.0
5.521465E13	178.0	83.0
5.5214657E13	178.0	83.0
5.5214665E13	178.0	83.0
5.5214678E13	178.0	83.0
5.5214686E13	178.0	83.0
5.52147E13	178.0	87.0
5.5214707E13	178.0	87.0
5.5214715E13	178.0	87.0
5.521473E13	178.0	87.0
5.5214736E13	178.0	87.0
5.5214745E13	178.0	87.0
5.5214757E13	178.0	87.0
5.5214766E13	178.0	87.0
5.521478E13	178.0	87.0
5.5214787E13	178.0	87.0
5.5214795E13	178.0	87.0
5.5214808E13	178.0	87.0
5.5214816E13	178.0	87.0
5.521483E13	178.0	87.0
5.5214837E13	178.0	87.0
5.5214845E13	177.0	87.0
5.521486E13	177.0	87.0
5.5214866E13	177.0	83.0
5.5214875E13	177.0	83.0
5.5214887E13	177.0	87.0
5.5214896E13	177.0	87.0
5.521491E13	177.0	83.0
5.5214917E13	177.0	83.0
5.5214925E13	177.0	83.0
5.5214938E13	177.0	83.0
5.5214946E13	177.0	83.0
5.521496E13	177.0	83.0
5.5214967E13	177.0	83.0
5.5214975E13	177.0	83.0
5.521499E13	177.0	83.0
5.5214996E13	177.0	83.0
5.5215005E13	177.0	83.0
5.5215017E13	177.0	83.0
5.5215026E13	177.0	83.0
5.521504E13	177.0	83.0
5.5215047E13	177.0	87.0
5.5215055E13	177.0	83.0
5.5215068E13	177.0	83.0
5.5215076E13	177.0	83.0
5.521509E13	177.0	83.0
5.5215097E13	177.0	83.0
5.5215106E13	177.0	83.0
5.521512E13	177.0	83.0
5.5215126E13	177.0	84.0
5.5215135E13	177.0	83.0
5.5215147E13	177.0	83.0
5.5215156E13	177.0	83.0
5.521517E13	177.0	83.0
5.5215177E13	178.0	83.0
5.5215185E13	178.0	83.0
5.5215198E13	178.0	83.0
5.5215206E13	178.0	83.0
5.521522E13	178.0	83.0
5.5215227E13	178.0	83.0
5.5215236E13	178.0	83.0
5.521525E13	178.0	83.0
5.5215257E13	178.0	83.0
5.521527E13	178.0	83.0
5.5215277E13	178.0	83.0
5.5215286E13	178.0	83.0
5.52153E13	177.0	83.0
5.5215307E13	177.0	83.0
5.5215315E13	177.0	83.0
5.5215328E13	178.0	83.0
5.5215336E13	178.0	84.0
5.521535E13	178.0	84.0
5.5215357E13	178.0	83.0
5.5215366E13	178.0	83.0
5.521538E13	178.0	83.0
5.5215387E13	178.0	83.0
5.52154E13	178.0	83.0
5.5215407E13	178.0	83.0
5.5215416E13	178.0	83.0
5.521543E13	178.0	83.0
5.5215437E13	178.0	83.0
5.5215445E13	178.0	83.0
5.5215458E13	178.0	83.0
5.5215466E13	178.0	83.0
5.521548E13	178.0	83.0
5.5215487E13	178.0	83.0
5.5215496E13	178.0	83.0
5.521551E13	178.0	83.0
5.5215517E13	178.0	83.0
5.521553E13	178.0	83.0
5.5215538E13	178.0	83.0
5.5215546E13	178.0	83.0
5.521556E13	178.0	83.0
5.5215567E13	178.0	83.0
5.521558E13	178.0	83.0
5.5215588E13	178.0	83.0
5.5215596E13	178.0	83.0
5.521561E13	178.0	83.0
5.5215617E13	178.0	83.0
5.5215626E13	178.0	83.0
5.521564E13	178.0	83.0
5.5215647E13	178.0	83.0
5.521566E13	178.0	83.0
5.5215668E13	178.0	83.0
5.5215676E13	178.0	83.0
5.521569E13	178.0	83.0
5.5215697E13	178.0	83.0
5.521571E13	178.0	83.0
5.5215718E13	178.0	83.0
5.5215726E13	178.0	83.0
5.521574E13	178.0	83.0
5.5215747E13	178.0	83.0
5.5215756E13	178.0	83.0
5.521577E13	178.0	83.0
5.5215777E13	178.0	83.0
5.521579E13	178.0	83.0
5.5215798E13	178.0	83.0
5.5215806E13	178.0	83.0
5.521582E13	178.0	83.0
5.5215827E13	178.0	83.0
5.521584E13	178.0	83.0
5.5215848E13	178.0	83.0
5.5215856E13	178.0	83.0
5.521587E13	178.0	83.0
5.5215877E13	178.0	83.0
5.5215886E13	178.0	83.0
5.52159E13	178.0	83.0
5.5215907E13	178.0	83.0
5.521592E13	178.0	83.0
5.5215928E13	178.0	83.0
5.5215936E13	178.0	83.0
5.521595E13	178.0	83.0
5.5215957E13	178.0	83.0
5.521597E13	178.0	83.0
5.521598E13	178.0	83.0
5.5215986E13	178.0	83.0
5.5216E13	178.0	83.0
5.5216007E13	178.0	83.0
5.521602E13	178.0	84.0
5.521603E13	178.0	83.0
5.5216037E13	178.0	83.0
5.521605E13	178.0	83.0
5.5216058E13	178.0	83.0
5.5216066E13	178.0	87.0
5.521608E13	178.0	87.0
5.5216087E13	178.0	87.0
5.521611E13	178.0	87.0
5.52161E13	178.0	87.0
5.5216116E13	178.0	87.0
5.521613E13	178.0	87.0
5.5216137E13	178.0	87.0
5.521615E13	178.0	87.0
5.521616E13	178.0	87.0
5.5216167E13	178.0	87.0
5.521618E13	178.0	87.0
5.5216188E13	178.0	87.0
5.5216196E13	178.0	87.0
5.521621E13	178.0	87.0
5.5216217E13	178.0	87.0
5.521623E13	178.0	87.0
5.521624E13	178.0	87.0
5.5216246E13	178.0	87.0
5.521626E13	178.0	87.0
5.5216267E13	178.0	87.0
5.521628E13	178.0	87.0
5.521629E13	178.0	87.0
5.5216297E13	178.0	87.0
5.521631E13	178.0	87.0
5.5216318E13	178.0	87.0
5.521633E13	178.0	87.0
5.521634E13	178.0	87.0
5.5216347E13	178.0	87.0
5.521636E13	178.0	87.0
5.521637E13	178.0	87.0
5.5216376E13	178.0	87.0
5.521639E13	178.0	87.0
5.5216397E13	178.0	87.0
5.521641E13	178.0	87.0
5.521642E13	178.0	87.0
5.5216427E13	178.0	87.0
5.521644E13	178.0	87.0
5.5216448E13	178.0	87.0
5.521646E13	178.0	87.0
5.521647E13	178.0	87.0
5.5216477E13	178.0	87.0
5.521649E13	178.0	87.0
5.52165E13	178.0	87.0
5.5216506E13	178.0	87.0
5.521652E13	178.0	87.0
5.5216527E13	178.0	87.0
5.521654E13	178.0	87.0
5.521655E13	178.0	87.0
5.5216557E13	178.0	87.0
5.521657E13	178.0	87.0
5.5216578E13	178.0	87.0
5.521659E13	178.0	87.0
5.52166E13	178.0	87.0
5.5216607E13	178.0	87.0
5.521662E13	178.0	87.0
5.521663E13	178.0	87.0
5.5216636E13	178.0	87.0
5.521665E13	178.0	87.0
5.5216657E13	178.0	83.0
5.521667E13	178.0	83.0
5.521668E13	178.0	83.0
5.5216687E13	178.0	83.0
5.52167E13	178.0	83.0
5.5216708E13	178.0	83.0
5.521672E13	178.0	83.0
5.521673E13	178.0	83.0
5.5216737E13	178.0	83.0
5.521675E13	178.0	83.0
5.521676E13	178.0	83.0
5.521677E13	178.0	83.0
5.521678E13	178.0	83.0
5.5216787E13	178.0	83.0
5.52168E13	178.0	83.0
5.521681E13	178.0	83.0
5.5216817E13	178.0	83.0
5.521683E13	178.0	83.0
5.5216838E13	178.0	83.0
5.521685E13	178.0	83.0
5.521686E13	178.0	83.0
5.52169E13	178.0	83.0
5.521691E13	178.0	83.0
5.5216917E13	178.0	83.0
5.521693E13	178.0	83.0
5.521694E13	178.0	83.0
5.5216947E13	178.0	83.0
5.521696E13	178.0	83.0
5.5216968E13	178.0	83.0
5.521698E13	178.0	83.0
5.521699E13	178.0	83.0
5.5216997E13	178.0	83.0
5.521701E13	178.0	83.0
5.521702E13	178.0	84.0
5.521703E13	178.0	84.0
5.521704E13	178.0	84.0
5.5217047E13	178.0	83.0
5.521706E13	178.0	83.0
5.521707E13	178.0	83.0
5.521708E13	178.0	83.0
5.521709E13	178.0	83.0
5.5217098E13	178.0	83.0
5.521711E13	178.0	83.0
5.521712E13	178.0	83.0
5.5217127E13	178.0	83.0
5.521714E13	178.0	83.0
5.521715E13	178.0	83.0
5.521716E13	178.0	83.0
5.521717E13	178.0	83.0
5.5217177E13	178.0	83.0
5.521719E13	178.0	83.0
5.52172E13	178.0	83.0
5.521721E13	178.0	83.0
5.521722E13	178.0	83.0
5.5217228E13	178.0	83.0
5.521724E13	178.0	83.0
5.521725E13	178.0	83.0
5.5217257E13	178.0	83.0
5.521727E13	178.0	83.0
5.521728E13	178.0	83.0
5.521729E13	178.0	83.0
5.52173E13	178.0	83.0
5.5217308E13	178.0	83.0
5.521732E13	178.0	83.0
5.521733E13	178.0	83.0
5.521734E13	178.0	83.0
5.521735E13	178.0	83.0
5.5217358E13	178.0	83.0
5.521737E13	178.0	83.0
5.521738E13	178.0	83.0
5.521739E13	178.0	83.0
5.52174E13	178.0	83.0
5.521741E13	178.0	83.0
5.521742E13	178.0	84.0
5.521743E13	178.0	83.0
5.5217438E13	178.0	83.0
5.521745E13	178.0	51.0
5.521746E13	178.0	84.0
5.521747E13	178.0	84.0
5.521748E13	178.0	84.0
5.5217488E13	178.0	84.0
5.52175E13	178.0	83.0
5.521751E13	178.0	84.0
5.5217517E13	178.0	83.0
5.521753E13	178.0	83.0
5.521754E13	178.0	83.0
5.521755E13	178.0	83.0
5.521756E13	178.0	83.0
5.5217568E13	178.0	83.0
5.521758E13	178.0	83.0
5.521759E13	178.0	83.0
5.52176E13	178.0	83.0
5.521761E13	178.0	83.0
5.5217618E13	178.0	82.0
5.521763E13	178.0	82.0
5.521764E13	178.0	83.0
5.521765E13	178.0	83.0
5.521766E13	178.0	87.0
5.521767E13	178.0	87.0
5.521768E13	178.0	87.0
5.521769E13	178.0	87.0
5.5217698E13	178.0	87.0
5.521771E13	178.0	87.0
5.521772E13	178.0	87.0
5.521773E13	177.0	87.0
5.521774E13	177.0	87.0
5.521775E13	177.0	87.0
5.521776E13	177.0	87.0
5.521777E13	177.0	87.0
5.521778E13	177.0	87.0
5.521779E13	177.0	87.0
5.52178E13	177.0	84.0
5.521781E13	177.0	87.0
5.521782E13	177.0	87.0
5.5217828E13	177.0	87.0
5.521784E13	176.0	88.0
5.521785E13	176.0	88.0
5.521786E13	176.0	88.0
5.521787E13	176.0	88.0
5.521788E13	176.0	87.0
5.521789E13	176.0	84.0
5.52179E13	176.0	87.0
5.521791E13	176.0	84.0
5.521792E13	176.0	84.0
5.521793E13	176.0	84.0
5.521794E13	176.0	84.0
5.521795E13	176.0	84.0
5.521796E13	176.0	84.0
5.521797E13	176.0	84.0
5.521798E13	176.0	84.0
5.521799E13	176.0	84.0
5.5218E13	176.0	84.0
5.521801E13	176.0	84.0
5.521802E13	176.0	84.0
5.521803E13	176.0	84.0
5.521804E13	176.0	84.0
5.521805E13	176.0	84.0
5.521806E13	176.0	84.0
5.521807E13	176.0	84.0
5.521808E13	176.0	84.0
5.521809E13	176.0	84.0
5.52181E13	176.0	83.0
5.521811E13	176.0	83.0
5.521812E13	176.0	83.0
5.521813E13	176.0	84.0
5.521815E13	176.0	84.0
5.521816E13	176.0	84.0
5.521817E13	176.0	84.0
5.521818E13	176.0	84.0
5.521819E13	176.0	84.0
5.52182E13	176.0	84.0
5.521821E13	177.0	84.0
5.521822E13	177.0	84.0
5.521823E13	177.0	84.0
5.521824E13	177.0	84.0
5.521825E13	177.0	84.0
5.521826E13	177.0	84.0
5.5218272E13	177.0	83.0
5.521828E13	177.0	84.0
5.521829E13	177.0	83.0
5.52183E13	177.0	83.0
5.521831E13	177.0	83.0
5.521832E13	177.0	83.0
5.521833E13	178.0	83.0
5.521834E13	178.0	84.0
5.521835E13	178.0	84.0
5.521836E13	178.0	84.0
5.521837E13	178.0	83.0
5.521838E13	178.0	83.0
5.521839E13	178.0	83.0
5.5218402E13	178.0	83.0
5.521841E13	178.0	83.0
5.521842E13	178.0	83.0
5.521843E13	178.0	83.0
5.521844E13	178.0	83.0
5.521846E13	178.0	83.0
5.521847E13	178.0	83.0
5.521848E13	178.0	83.0
5.521849E13	178.0	83.0
5.52185E13	178.0	83.0
5.521851E13	178.0	83.0
5.521852E13	178.0	87.0
5.5218532E13	178.0	87.0
5.521854E13	178.0	87.0
5.521855E13	178.0	87.0
5.521856E13	178.0	87.0
5.521857E13	178.0	87.0
5.521858E13	178.0	87.0
5.521859E13	177.0	87.0
5.52186E13	177.0	87.0
5.521861E13	177.0	87.0
5.521862E13	177.0	87.0
5.521863E13	177.0	87.0
5.521864E13	177.0	87.0
5.521865E13	177.0	87.0
5.5218662E13	177.0	87.0
5.521867E13	177.0	87.0
5.521868E13	177.0	87.0
5.521869E13	177.0	87.0
5.52187E13	177.0	87.0
5.521871E13	177.0	87.0
5.521872E13	177.0	83.0
5.521873E13	177.0	83.0
5.521874E13	177.0	83.0
5.521875E13	177.0	82.0
5.521876E13	177.0	82.0
5.521877E13	178.0	83.0
5.521878E13	178.0	83.0
5.5218792E13	178.0	83.0
5.52188E13	178.0	84.0
5.521881E13	178.0	84.0
5.521882E13	178.0	84.0
5.521883E13	178.0	84.0
5.5218843E13	178.0	83.0
5.521885E13	178.0	83.0
5.521886E13	178.0	83.0
5.521887E13	178.0	83.0
5.521888E13	178.0	83.0
5.521889E13	178.0	83.0
5.52189E13	178.0	83.0
5.521891E13	178.0	83.0
5.5218922E13	178.0	83.0
5.521893E13	178.0	83.0
5.521894E13	178.0	83.0
5.521895E13	178.0	83.0
5.521896E13	178.0	83.0
5.5218973E13	178.0	83.0
5.521898E13	178.0	82.0
5.521899E13	178.0	82.0
5.5219E13	178.0	83.0
5.521901E13	178.0	83.0
5.5219023E13	178.0	83.0
5.521903E13	178.0	83.0
5.521904E13	178.0	83.0
5.5219052E13	178.0	83.0
5.521906E13	178.0	83.0
5.521907E13	178.0	83.0
5.521908E13	178.0	83.0
5.521909E13	178.0	83.0
5.5219103E13	178.0	83.0
5.521911E13	178.0	83.0
5.521912E13	178.0	84.0
5.521913E13	178.0	84.0
5.521914E13	178.0	83.0
5.5219153E13	178.0	83.0
5.521916E13	178.0	83.0
5.521917E13	178.0	83.0
5.5219182E13	178.0	83.0
5.521919E13	178.0	83.0
5.52192E13	178.0	83.0
5.521921E13	178.0	84.0
5.521922E13	178.0	83.0
5.5219233E13	178.0	83.0
5.521924E13	178.0	83.0
5.521925E13	178.0	83.0
5.521926E13	178.0	83.0
5.521927E13	178.0	83.0
5.5219283E13	178.0	83.0
5.521929E13	178.0	83.0
5.52193E13	178.0	83.0
5.5219312E13	178.0	83.0
5.521932E13	178.0	83.0
5.5219333E13	178.0	83.0
5.521934E13	178.0	83.0
5.521935E13	178.0	83.0
5.5219363E13	178.0	83.0
5.521938E13	178.0	83.0
5.521939E13	178.0	83.0
5.52194E13	178.0	83.0
5.5219413E13	178.0	83.0
5.521942E13	178.0	83.0
5.521943E13	178.0	83.0
5.5219442E13	178.0	83.0
5.521945E13	178.0	83.0
5.5219463E13	178.0	83.0
5.521947E13	178.0	83.0
5.521948E13	178.0	83.0
5.5219493E13	178.0	83.0
5.52195E13	178.0	83.0
5.521951E13	178.0	83.0
5.5219522E13	178.0	83.0
5.521953E13	178.0	83.0
5.5219543E13	178.0	83.0
5.521955E13	178.0	83.0
5.521956E13	178.0	83.0
5.5219572E13	178.0	83.0
5.521958E13	178.0	83.0
5.5219593E13	178.0	83.0
5.52196E13	178.0	83.0
5.521961E13	178.0	83.0
5.5219623E13	178.0	84.0
5.521963E13	178.0	83.0
5.521964E13	178.0	83.0
5.5219652E13	178.0	83.0
5.521966E13	178.0	83.0
5.5219673E13	178.0	83.0
5.521968E13	178.0	83.0
5.521969E13	178.0	83.0
5.5219702E13	178.0	83.0
5.521971E13	178.0	83.0
5.5219723E13	178.0	83.0
5.521973E13	178.0	83.0
5.521974E13	178.0	83.0
5.5219753E13	179.0	83.0
5.521976E13	179.0	83.0
5.521977E13	179.0	83.0
5.5219782E13	179.0	83.0
5.521979E13	179.0	83.0
5.5219803E13	179.0	83.0
5.521981E13	179.0	83.0
5.521982E13	179.0	83.0
5.5219832E13	179.0	83.0
5.521984E13	179.0	83.0
5.5219853E13	179.0	83.0
5.521986E13	179.0	83.0
5.521987E13	179.0	83.0
5.5219883E13	179.0	83.0
5.521989E13	179.0	83.0
5.5219904E13	179.0	83.0
5.5219912E13	179.0	83.0
5.521992E13	179.0	83.0
5.5219933E13	179.0	83.0
5.521994E13	179.0	83.0
5.521995E13	179.0	83.0
5.5219963E13	179.0	83.0
5.521997E13	179.0	83.0
5.5219983E13	179.0	83.0
5.521999E13	179.0	83.0
5.522E13	179.0	83.0
5.5220013E13	179.0	83.0
5.522002E13	179.0	83.0
5.5220034E13	179.0	83.0
5.5220042E13	179.0	83.0
5.522005E13	178.0	83.0
5.5220063E13	178.0	83.0
5.522007E13	178.0	83.0
5.522008E13	178.0	83.0
5.5220093E13	178.0	83.0
5.52201E13	178.0	83.0
5.5220114E13	178.0	83.0
5.522012E13	178.0	83.0
5.522013E13	178.0	83.0
5.5220143E13	178.0	83.0
5.522015E13	178.0	83.0
5.5220164E13	178.0	83.0
5.5220172E13	178.0	83.0
5.522018E13	178.0	83.0
5.5220193E13	178.0	83.0
5.52202E13	178.0	83.0
5.5220214E13	178.0	83.0
5.5220223E13	178.0	83.0
5.522023E13	178.0	83.0
5.5220244E13	178.0	83.0
5.522025E13	178.0	83.0
5.522026E13	178.0	83.0
5.5220273E13	178.0	83.0
5.522028E13	178.0	83.0
5.5220294E13	178.0	83.0
5.5220302E13	178.0	83.0
5.522031E13	178.0	83.0
5.5220323E13	178.0	83.0
5.522033E13	178.0	83.0
5.5220344E13	178.0	83.0
5.5220353E13	178.0	83.0
5.522036E13	178.0	83.0
5.5220374E13	178.0	83.0
5.522038E13	178.0	83.0
5.522039E13	178.0	83.0
5.5220403E13	178.0	83.0
5.522041E13	178.0	83.0
5.5220424E13	178.0	83.0
5.5220432E13	178.0	84.0
5.522044E13	178.0	84.0
5.5220453E13	178.0	84.0
5.522046E13	178.0	84.0
5.5220474E13	178.0	84.0
5.5220483E13	178.0	83.0
5.522049E13	178.0	83.0
5.5220504E13	178.0	83.0
5.522051E13	178.0	83.0
5.522052E13	178.0	83.0
5.5220533E13	178.0	83.0
5.522054E13	178.0	83.0
5.5220554E13	178.0	83.0
5.5220562E13	178.0	83.0
5.522057E13	179.0	83.0
5.5220583E13	179.0	83.0
5.522059E13	179.0	83.0
5.5220604E13	179.0	83.0
5.5220613E13	179.0	83.0
5.522062E13	179.0	83.0
5.5220634E13	179.0	83.0
5.522064E13	179.0	83.0
5.5220655E13	179.0	83.0
5.5220663E13	179.0	83.0
5.522067E13	179.0	83.0
5.5220684E13	179.0	83.0
5.5220692E13	179.0	83.0
5.52207E13	179.0	83.0
5.5220713E13	179.0	83.0
5.522072E13	179.0	83.0
5.5220734E13	179.0	83.0
5.5220743E13	179.0	83.0
5.522075E13	179.0	83.0
5.5220764E13	179.0	83.0
5.522077E13	179.0	83.0
5.5220785E13	179.0	83.0
5.5220793E13	179.0	83.0
5.52208E13	179.0	83.0
5.5220814E13	179.0	83.0
5.5220822E13	179.0	83.0
5.522083E13	179.0	83.0
5.5220843E13	179.0	83.0
5.522085E13	179.0	83.0
5.5220864E13	179.0	83.0
5.5220873E13	179.0	83.0
5.522088E13	179.0	83.0
5.5220898E13	179.0	83.0
5.52209E13	179.0	83.0
5.5220915E13	179.0	83.0
5.5220927E13	179.0	83.0
5.522093E13	179.0	83.0
5.5220944E13	179.0	83.0
5.5220952E13	179.0	83.0
5.522096E13	179.0	83.0
5.5220973E13	179.0	83.0
5.522098E13	179.0	83.0
5.5220994E13	179.0	83.0
5.5221003E13	179.0	83.0
5.522101E13	179.0	83.0
5.5221024E13	179.0	83.0
5.522103E13	179.0	83.0
5.5221045E13	179.0	83.0
5.5221053E13	179.0	83.0
5.522106E13	179.0	83.0
5.5221074E13	179.0	83.0
5.5221082E13	179.0	83.0
5.5221095E13	179.0	83.0
5.5221103E13	179.0	83.0
5.522111E13	179.0	83.0
5.5221124E13	179.0	83.0
5.5221133E13	179.0	83.0
5.522114E13	179.0	83.0
5.5221154E13	179.0	83.0
5.522116E13	179.0	83.0
5.5221175E13	178.0	83.0
5.5221183E13	178.0	83.0
5.522119E13	178.0	83.0
5.5221204E13	178.0	83.0
5.5221212E13	178.0	83.0
5.5221225E13	178.0	83.0
5.5221233E13	178.0	83.0
5.522124E13	178.0	83.0
5.5221254E13	178.0	84.0
5.5221263E13	178.0	84.0
5.522127E13	178.0	84.0
5.5221284E13	178.0	83.0
5.5221292E13	178.0	83.0
5.5221305E13	178.0	83.0
5.5221317E13	178.0	83.0
5.522132E13	178.0	83.0
5.5221334E13	178.0	83.0
5.5221342E13	178.0	83.0
5.5221355E13	178.0	83.0
5.5221363E13	178.0	83.0
5.522137E13	178.0	83.0
5.5221384E13	178.0	83.0
5.5221393E13	178.0	83.0
5.52214E13	178.0	83.0
5.5221414E13	178.0	83.0
5.5221422E13	178.0	83.0
5.5221435E13	178.0	83.0
5.5221443E13	178.0	83.0
5.522145E13	178.0	83.0
5.5221464E13	178.0	83.0
5.5221472E13	178.0	83.0
5.5221485E13	178.0	83.0
5.5221493E13	178.0	83.0
5.52215E13	178.0	83.0
5.5221514E13	178.0	83.0
5.5221523E13	178.0	83.0
5.522153E13	178.0	83.0
5.5221544E13	178.0	83.0
5.5221552E13	178.0	83.0
5.5221565E13	178.0	83.0
5.5221573E13	178.0	83.0
5.522158E13	178.0	83.0
5.5221594E13	178.0	83.0
5.5221602E13	178.0	83.0
5.5221615E13	178.0	83.0
5.5221623E13	178.0	83.0
5.522163E13	178.0	83.0
5.5221644E13	178.0	83.0
5.5221653E13	178.0	83.0
5.5221665E13	178.0	83.0
5.5221674E13	178.0	83.0
5.5221682E13	178.0	83.0
5.5221695E13	178.0	83.0
5.5221703E13	178.0	83.0
5.522171E13	178.0	83.0
5.5221724E13	178.0	83.0
5.5221733E13	177.0	83.0
5.5221745E13	177.0	83.0
5.5221753E13	177.0	83.0
5.522176E13	177.0	83.0
5.5221774E13	177.0	83.0
5.5221783E13	177.0	83.0
5.5221795E13	177.0	83.0
5.5221804E13	177.0	83.0
5.5221812E13	177.0	83.0
5.5221825E13	177.0	83.0
5.5221833E13	177.0	83.0
5.522184E13	177.0	84.0
5.5221854E13	177.0	83.0
5.5221863E13	177.0	83.0
5.5221875E13	177.0	83.0
5.5221884E13	177.0	83.0
5.522189E13	177.0	83.0
5.5221904E13	177.0	83.0
5.5221913E13	177.0	83.0
5.5221925E13	177.0	83.0
5.5221934E13	177.0	83.0
5.5221942E13	177.0	83.0
5.5221955E13	177.0	83.0
5.5221963E13	177.0	83.0
5.522197E13	177.0	83.0
5.5221984E13	177.0	83.0
5.5221993E13	177.0	83.0
5.5222005E13	177.0	83.0
5.5222014E13	177.0	83.0
5.522202E13	177.0	83.0
5.5222034E13	177.0	83.0
5.5222043E13	177.0	84.0
5.5222055E13	177.0	84.0
5.5222064E13	177.0	84.0
5.5222072E13	177.0	83.0
5.5222085E13	177.0	83.0
5.5222093E13	177.0	83.0
5.5222106E13	177.0	83.0
5.5222114E13	177.0	83.0
5.5222123E13	177.0	83.0
5.5222135E13	177.0	83.0
5.5222144E13	178.0	83.0
5.522215E13	178.0	83.0
5.5222165E13	178.0	83.0
5.5222173E13	178.0	83.0
5.5222185E13	177.0	83.0
5.5222194E13	177.0	83.0
5.5222202E13	177.0	83.0
5.5222215E13	178.0	83.0
5.5222223E13	178.0	83.0
5.5222236E13	178.0	83.0
5.5222244E13	178.0	83.0
5.5222253E13	178.0	83.0
5.5222265E13	178.0	83.0
5.5222274E13	178.0	83.0
5.5222286E13	178.0	83.0
5.5222295E13	178.0	83.0
5.5222303E13	178.0	83.0
5.5222316E13	178.0	83.0
5.5222324E13	178.0	83.0
5.5222332E13	178.0	83.0
5.5222345E13	178.0	83.0
5.5222353E13	178.0	83.0
5.5222366E13	178.0	83.0
5.5222374E13	178.0	83.0
5.5222383E13	178.0	83.0
5.5222395E13	178.0	83.0
5.5222404E13	178.0	83.0
5.5222416E13	178.0	83.0
5.5222425E13	178.0	83.0
5.5222433E13	178.0	83.0
5.5222446E13	178.0	83.0
5.5222454E13	178.0	83.0
5.5222462E13	178.0	83.0
5.5222475E13	178.0	83.0
5.5222483E13	178.0	83.0
5.5222496E13	178.0	83.0
5.5222504E13	178.0	83.0
5.5222513E13	178.0	83.0
5.5222525E13	178.0	83.0
5.5222534E13	178.0	83.0
5.5222546E13	178.0	83.0
5.5222555E13	178.0	83.0
5.5222563E13	178.0	83.0
5.5222576E13	178.0	83.0
5.5222584E13	177.0	83.0
5.5222597E13	177.0	83.0
5.5222605E13	177.0	83.0
5.5222613E13	177.0	83.0
5.5222626E13	178.0	83.0
5.5222634E13	178.0	83.0
5.5222643E13	178.0	83.0
5.5222655E13	177.0	83.0
5.5222664E13	177.0	83.0
5.5222676E13	177.0	83.0
5.5222685E13	177.0	83.0
5.5222693E13	177.0	83.0
5.5222706E13	177.0	83.0
5.5222714E13	177.0	83.0
5.5222727E13	177.0	83.0
5.5222735E13	177.0	83.0
5.5222743E13	177.0	84.0
5.5222756E13	177.0	83.0
5.5222764E13	177.0	83.0
5.5222777E13	177.0	83.0
5.5222785E13	177.0	83.0
5.5222794E13	177.0	83.0
5.5222806E13	177.0	83.0
5.5222815E13	177.0	83.0
5.5222823E13	177.0	83.0
5.5222836E13	177.0	83.0
5.5222844E13	177.0	83.0
5.5222857E13	177.0	83.0
5.5222865E13	177.0	83.0
5.5222873E13	177.0	83.0
5.5222886E13	177.0	83.0
5.5222894E13	178.0	83.0
5.5222903E13	178.0	83.0
5.5222915E13	178.0	83.0
5.5222924E13	178.0	83.0
5.5222936E13	178.0	83.0
5.5222945E13	178.0	83.0
5.5222953E13	178.0	83.0
5.5222966E13	178.0	83.0
5.5222974E13	178.0	83.0
5.5222987E13	178.0	83.0
5.5222995E13	178.0	83.0
5.5223003E13	178.0	83.0
5.5223016E13	178.0	83.0
5.5223024E13	178.0	83.0
5.5223033E13	178.0	83.0
5.5223045E13	178.0	83.0
5.5223054E13	178.0	83.0
5.5223066E13	178.0	83.0
5.5223075E13	178.0	83.0
5.5223083E13	178.0	83.0
5.5223096E13	178.0	83.0
5.5223104E13	178.0	83.0
5.5223117E13	178.0	83.0
5.5223125E13	178.0	83.0
5.5223133E13	178.0	83.0
5.5223146E13	178.0	83.0
5.5223154E13	178.0	83.0
5.5223167E13	178.0	83.0
5.5223175E13	178.0	83.0
5.5223184E13	178.0	83.0
5.5223196E13	179.0	83.0
5.5223205E13	179.0	83.0
5.5223213E13	179.0	83.0
5.5223226E13	179.0	83.0
5.5223234E13	179.0	83.0
5.5223247E13	179.0	83.0
5.5223255E13	179.0	83.0
5.5223263E13	179.0	83.0
5.5223276E13	179.0	83.0
5.5223284E13	179.0	83.0
5.5223297E13	179.0	83.0
5.5223305E13	179.0	83.0
5.5223314E13	179.0	83.0
5.5223326E13	179.0	83.0
5.5223335E13	179.0	83.0
5.5223343E13	179.0	83.0
5.5223356E13	179.0	83.0
5.5223364E13	179.0	83.0
5.5223377E13	179.0	83.0
5.5223385E13	179.0	83.0
5.5223393E13	179.0	83.0
5.5223406E13	179.0	83.0
5.5223414E13	179.0	83.0
5.5223427E13	179.0	83.0
5.5223435E13	179.0	83.0
5.5223444E13	179.0	83.0
5.5223456E13	179.0	83.0
5.5223465E13	179.0	83.0
5.5223473E13	179.0	83.0
5.5223486E13	179.0	83.0
5.5223507E13	178.0	83.0
5.5223515E13	178.0	83.0
5.5223523E13	178.0	83.0
5.5223536E13	178.0	83.0
5.5223544E13	178.0	83.0
5.5223557E13	178.0	83.0
5.5223565E13	179.0	83.0
5.5223574E13	179.0	83.0
5.5223586E13	179.0	83.0
5.5223595E13	179.0	83.0
5.5223607E13	178.0	83.0
5.5223616E13	178.0	83.0
5.5223624E13	178.0	83.0
5.5223637E13	178.0	83.0
5.5223645E13	178.0	83.0
5.5223653E13	178.0	83.0
5.5223666E13	178.0	83.0
5.5223674E13	178.0	83.0
5.5223687E13	178.0	83.0
5.5223695E13	178.0	83.0
5.5223704E13	178.0	84.0
5.5223716E13	178.0	84.0
5.5223725E13	178.0	84.0
5.5223737E13	178.0	83.0
5.5223746E13	178.0	83.0
5.5223754E13	178.0	83.0
5.5223767E13	178.0	83.0
5.5223775E13	178.0	83.0
5.5223784E13	178.0	83.0
5.5223796E13	178.0	83.0
5.5223804E13	178.0	83.0
5.5223817E13	178.0	83.0
5.5223825E13	178.0	83.0
5.5223834E13	178.0	83.0
5.5223846E13	178.0	83.0
5.5223855E13	178.0	83.0
5.5223867E13	178.0	83.0
5.5223876E13	178.0	83.0
5.5223884E13	178.0	83.0
5.5223897E13	178.0	83.0
5.5223905E13	178.0	83.0
5.5223914E13	178.0	83.0
5.5223926E13	178.0	83.0
5.5223935E13	178.0	83.0
5.5223947E13	178.0	83.0
5.522396E13	178.0	83.0
5.5223964E13	178.0	83.0
5.5223976E13	178.0	83.0
5.522399E13	178.0	83.0
5.5223997E13	178.0	83.0
5.5224006E13	178.0	83.0
5.5224014E13	178.0	83.0
5.5224027E13	178.0	83.0
5.5224035E13	178.0	83.0
5.5224048E13	178.0	83.0
5.5224056E13	178.0	83.0
5.5224065E13	178.0	83.0
5.5224077E13	178.0	83.0
5.5224086E13	178.0	83.0
5.5224094E13	178.0	83.0
5.5224106E13	178.0	83.0
5.5224115E13	178.0	83.0
5.5224127E13	178.0	83.0
5.5224136E13	178.0	83.0
5.5224144E13	178.0	83.0
5.5224157E13	178.0	83.0
5.5224165E13	178.0	83.0
5.5224178E13	178.0	83.0
5.5224186E13	178.0	83.0
5.5224195E13	178.0	83.0
5.5224207E13	178.0	83.0
5.5224216E13	178.0	83.0
5.5224224E13	178.0	83.0
5.5224237E13	178.0	83.0
5.5224245E13	178.0	83.0
5.5224257E13	178.0	83.0
5.5224266E13	178.0	83.0
5.5224274E13	178.0	83.0
5.5224287E13	178.0	83.0
5.5224295E13	178.0	83.0
5.5224308E13	178.0	83.0
5.5224316E13	178.0	83.0
5.5224325E13	178.0	83.0
5.5224337E13	178.0	83.0
5.5224346E13	178.0	83.0
5.522436E13	178.0	83.0
5.5224367E13	178.0	83.0
5.5224375E13	178.0	83.0
5.5224388E13	178.0	83.0
5.5224396E13	178.0	83.0
5.5224404E13	178.0	83.0
5.5224417E13	178.0	83.0
5.5224425E13	178.0	83.0
5.5224438E13	178.0	83.0
5.5224446E13	178.0	49.0
5.5224455E13	178.0	83.0
5.5224467E13	178.0	83.0
5.5224476E13	178.0	83.0
5.522449E13	178.0	83.0
5.5224497E13	177.0	83.0
5.5224505E13	177.0	84.0
5.5224518E13	177.0	84.0
5.5224526E13	177.0	84.0
5.5224534E13	177.0	84.0
5.5224547E13	177.0	84.0
5.5224555E13	177.0	84.0
5.5224568E13	177.0	83.0
5.5224576E13	177.0	83.0
5.5224585E13	177.0	83.0
5.5224597E13	177.0	83.0
5.5224606E13	177.0	83.0
5.5224614E13	177.0	83.0
5.5224627E13	177.0	83.0
5.5224635E13	177.0	83.0
5.5224648E13	177.0	83.0
5.522466E13	177.0	83.0
5.5224664E13	177.0	83.0
5.5224677E13	177.0	83.0
5.5224685E13	177.0	83.0
5.5224698E13	177.0	83.0
5.5224706E13	177.0	83.0
5.5224715E13	177.0	83.0
5.5224727E13	177.0	83.0
5.5224736E13	177.0	83.0
5.5224744E13	177.0	83.0
5.5224757E13	177.0	83.0
5.5224765E13	177.0	83.0
5.5224778E13	177.0	83.0
5.5224786E13	177.0	83.0
5.5224794E13	177.0	83.0
5.5224807E13	177.0	83.0
5.5224815E13	177.0	83.0
5.522483E13	177.0	83.0
5.5224836E13	177.0	83.0
5.5224845E13	177.0	83.0
5.5224857E13	177.0	83.0
5.5224866E13	177.0	83.0
5.5224874E13	177.0	83.0
5.5224887E13	177.0	83.0
5.5224895E13	177.0	83.0
5.5224908E13	177.0	83.0
5.5224916E13	177.0	84.0
5.5224924E13	177.0	83.0
5.5224937E13	177.0	83.0
5.5224945E13	177.0	87.0
5.522496E13	177.0	87.0
5.5224966E13	177.0	87.0
5.5224975E13	177.0	87.0
5.5224987E13	177.0	83.0
5.5224996E13	177.0	83.0
5.522501E13	177.0	83.0
5.5225017E13	177.0	83.0
5.5225025E13	177.0	83.0
5.5225038E13	177.0	83.0
5.5225046E13	177.0	83.0
5.5225054E13	177.0	83.0
5.5225067E13	177.0	83.0
5.5225075E13	177.0	83.0
5.522509E13	177.0	83.0
5.5225096E13	177.0	83.0
5.5225105E13	177.0	83.0
5.5225117E13	177.0	83.0
5.5225126E13	177.0	83.0
5.522514E13	177.0	83.0
5.5225147E13	177.0	83.0
5.5225155E13	177.0	83.0
5.5225168E13	177.0	83.0
5.5225176E13	177.0	83.0
5.5225184E13	177.0	83.0
5.5225197E13	177.0	83.0
5.5225205E13	177.0	83.0
5.522522E13	177.0	83.0
5.5225226E13	177.0	83.0
5.5225235E13	177.0	83.0
5.5225247E13	177.0	83.0
5.5225256E13	177.0	84.0
5.522527E13	177.0	84.0
5.5225277E13	177.0	83.0
5.5225285E13	177.0	83.0
5.5225298E13	177.0	83.0
5.5225306E13	177.0	83.0
5.522532E13	177.0	83.0
5.5225327E13	177.0	83.0
5.5225335E13	177.0	83.0
5.522535E13	177.0	83.0
5.5225356E13	177.0	83.0
5.5225365E13	177.0	83.0
5.5225377E13	177.0	83.0
5.5225386E13	177.0	83.0
5.52254E13	177.0	83.0
5.5225407E13	177.0	83.0
5.5225415E13	177.0	83.0
5.5225428E13	177.0	83.0
5.5225436E13	177.0	83.0
5.522545E13	177.0	83.0
5.5225457E13	177.0	83.0
5.5225465E13	177.0	83.0
5.522548E13	177.0	84.0
5.5225486E13	177.0	84.0
5.5225495E13	177.0	84.0
5.5225507E13	177.0	84.0
5.5225516E13	177.0	84.0
5.522553E13	177.0	83.0
5.5225537E13	177.0	83.0
5.5225545E13	177.0	83.0
5.5225558E13	177.0	83.0
5.5225566E13	177.0	83.0
5.522558E13	177.0	83.0
5.5225587E13	178.0	83.0
5.5225595E13	178.0	83.0
5.522561E13	178.0	83.0
5.5225616E13	178.0	83.0
5.522563E13	178.0	83.0
5.5225637E13	178.0	83.0
5.5225646E13	178.0	83.0
5.522566E13	178.0	83.0
5.5225667E13	178.0	83.0
5.5225675E13	178.0	83.0
5.5225688E13	178.0	83.0
5.5225696E13	178.0	83.0
5.522571E13	178.0	83.0
5.5225717E13	178.0	83.0
5.5225725E13	178.0	83.0
5.522574E13	178.0	83.0
5.5225746E13	178.0	83.0
5.522576E13	178.0	83.0
5.5225767E13	178.0	83.0
5.5225776E13	178.0	83.0
5.522579E13	178.0	83.0
5.5225797E13	178.0	83.0
5.5225805E13	178.0	83.0
5.5225818E13	178.0	83.0
5.5225826E13	178.0	83.0
5.522584E13	178.0	83.0
5.5225847E13	178.0	83.0
5.5225856E13	178.0	83.0
5.522587E13	178.0	83.0
5.5225876E13	178.0	83.0
5.522589E13	178.0	83.0
5.5225897E13	178.0	83.0
5.5225906E13	178.0	83.0
5.522592E13	178.0	83.0
5.5225927E13	178.0	83.0
5.522594E13	178.0	83.0
5.5225948E13	178.0	83.0
5.5225956E13	178.0	83.0
5.522597E13	178.0	83.0
5.5225977E13	178.0	83.0
5.5225986E13	178.0	83.0
5.5226E13	178.0	83.0
5.522602E13	178.0	83.0
5.5226027E13	178.0	83.0
5.5226036E13	178.0	83.0
5.522605E13	178.0	83.0
5.5226057E13	178.0	83.0
5.522607E13	178.0	83.0
5.5226078E13	178.0	83.0
5.5226086E13	178.0	83.0
5.52261E13	178.0	83.0
5.5226107E13	178.0	83.0
5.5226116E13	178.0	83.0
5.522613E13	178.0	83.0
5.5226137E13	178.0	83.0
5.522615E13	178.0	83.0
5.5226157E13	178.0	83.0
5.5226166E13	178.0	83.0
5.522618E13	178.0	83.0
5.5226187E13	178.0	83.0
5.52262E13	178.0	83.0
5.5226208E13	178.0	83.0
5.5226216E13	178.0	83.0
5.522623E13	178.0	83.0
5.5226237E13	178.0	83.0
5.522625E13	178.0	83.0
5.522626E13	178.0	83.0
5.5226267E13	178.0	83.0
5.522628E13	178.0	83.0
5.5226288E13	178.0	84.0
5.5226296E13	178.0	83.0
5.522631E13	178.0	83.0
5.5226317E13	178.0	83.0
5.522633E13	178.0	83.0
5.5226338E13	178.0	83.0
5.5226346E13	178.0	83.0
5.522636E13	178.0	83.0
5.5226367E13	178.0	83.0
5.522638E13	178.0	83.0
