5.409916E13	2889.0	76.0
5.409917E13	2889.0	76.0
5.409918E13	2889.0	76.0
5.409919E13	2889.0	76.0
5.4099203E13	2889.0	76.0
5.409921E13	2889.0	76.0
5.409922E13	2889.0	76.0
5.409923E13	2889.0	76.0
5.409924E13	2889.0	76.0
5.4099253E13	2889.0	76.0
5.409926E13	2889.0	76.0
5.409927E13	2889.0	76.0
5.4099282E13	2889.0	76.0
5.409929E13	2891.0	76.0
5.40993E13	2891.0	76.0
5.409931E13	2891.0	76.0
5.409932E13	2891.0	77.0
5.4099333E13	2895.0	76.0
5.409934E13	2895.0	77.0
5.409935E13	2895.0	77.0
5.409936E13	2895.0	77.0
5.409937E13	2896.0	77.0
5.4099383E13	2896.0	77.0
5.409939E13	2896.0	77.0
5.40994E13	2896.0	77.0
5.4099412E13	2895.0	77.0
5.409942E13	2895.0	77.0
5.4099433E13	2895.0	77.0
5.409944E13	2894.0	77.0
5.409945E13	2894.0	77.0
5.4099463E13	2894.0	76.0
5.409947E13	2894.0	76.0
5.409948E13	2894.0	76.0
5.409949E13	2896.0	76.0
5.40995E13	2896.0	76.0
5.4099513E13	2896.0	76.0
5.409952E13	2896.0	76.0
5.409953E13	2892.0	76.0
5.4099542E13	2892.0	76.0
5.409955E13	2892.0	76.0
5.4099563E13	2892.0	76.0
5.409957E13	2892.0	76.0
5.409958E13	2892.0	76.0
5.4099593E13	2892.0	76.0
5.40996E13	2891.0	77.0
5.409961E13	2891.0	77.0
5.409962E13	2891.0	77.0
5.409963E13	2891.0	77.0
5.4099643E13	2890.0	77.0
5.409965E13	2890.0	76.0
5.409966E13	2890.0	76.0
5.4099672E13	2890.0	76.0
5.409968E13	2890.0	76.0
5.4099693E13	2890.0	77.0
5.40997E13	2890.0	77.0
5.409971E13	2890.0	77.0
5.4099723E13	2890.0	77.0
5.409973E13	2890.0	77.0
5.409974E13	2890.0	76.0
5.409975E13	2890.0	77.0
5.409976E13	2890.0	77.0
5.4099773E13	2890.0	76.0
5.409978E13	2890.0	76.0
5.409979E13	2892.0	76.0
5.4099802E13	2892.0	76.0
5.409981E13	2892.0	76.0
5.4099823E13	2892.0	76.0
5.409983E13	2893.0	76.0
5.409984E13	2893.0	76.0
5.4099853E13	2893.0	76.0
5.409986E13	2893.0	76.0
5.409987E13	2894.0	76.0
5.409988E13	2894.0	76.0
5.409989E13	2894.0	77.0
5.4099903E13	2893.0	77.0
5.409991E13	2893.0	77.0
5.409992E13	2893.0	77.0
5.4099932E13	2893.0	77.0
5.409994E13	2893.0	77.0
5.4099953E13	2893.0	77.0
5.409996E13	2893.0	77.0
5.409997E13	2893.0	76.0
5.4099983E13	2899.0	76.0
5.409999E13	2899.0	77.0
5.4100004E13	2899.0	77.0
5.410001E13	2899.0	77.0
5.410002E13	2899.0	77.0
5.4100033E13	2899.0	77.0
5.410004E13	2899.0	77.0
5.410005E13	2896.0	77.0
5.4100062E13	2896.0	77.0
5.410007E13	2896.0	77.0
5.4100083E13	2896.0	77.0
5.410009E13	2896.0	77.0
5.41001E13	2896.0	77.0
5.4100113E13	2896.0	77.0
5.410012E13	2896.0	77.0
5.4100134E13	2898.0	77.0
5.410014E13	2898.0	77.0
5.410015E13	2898.0	77.0
5.4100163E13	2896.0	77.0
5.410017E13	2896.0	77.0
5.4100184E13	2896.0	77.0
5.4100192E13	2896.0	77.0
5.41002E13	2898.0	77.0
5.4100213E13	2898.0	77.0
5.410022E13	2898.0	77.0
5.410023E13	2898.0	77.0
5.4100243E13	2897.0	77.0
5.410025E13	2897.0	77.0
5.4100264E13	2897.0	77.0
5.410027E13	2897.0	77.0
5.410028E13	2897.0	77.0
5.4100293E13	2897.0	77.0
5.41003E13	2897.0	77.0
5.4100314E13	2894.0	77.0
5.4100322E13	2894.0	77.0
5.410033E13	2894.0	76.0
5.4100343E13	2894.0	76.0
5.410035E13	2898.0	76.0
5.410036E13	2898.0	76.0
5.4100373E13	2898.0	76.0
5.410038E13	2898.0	76.0
5.4100394E13	2896.0	77.0
5.4100402E13	2896.0	77.0
5.410041E13	2896.0	77.0
5.4100423E13	2896.0	77.0
5.410043E13	2894.0	77.0
5.4100444E13	2894.0	77.0
5.4100452E13	2894.0	77.0
5.410046E13	2894.0	77.0
5.4100473E13	2894.0	77.0
5.410048E13	2894.0	77.0
5.4100494E13	2894.0	77.0
5.4100503E13	2894.0	77.0
5.410051E13	2894.0	77.0
5.4100524E13	2894.0	76.0
5.4100532E13	2894.0	76.0
5.410054E13	2896.0	76.0
5.4100553E13	2896.0	76.0
5.410056E13	2896.0	76.0
5.4100574E13	2896.0	76.0
5.4100582E13	2897.0	76.0
5.410059E13	2897.0	77.0
5.4100603E13	2897.0	77.0
5.410061E13	2898.0	77.0
5.4100624E13	2898.0	77.0
5.4100633E13	2898.0	76.0
5.410064E13	2898.0	76.0
5.4100654E13	2897.0	76.0
5.4100662E13	2897.0	76.0
5.410067E13	2897.0	76.0
5.4100683E13	2897.0	76.0
5.410069E13	2896.0	77.0
5.4100704E13	2896.0	77.0
5.4100712E13	2896.0	77.0
5.410072E13	2896.0	77.0
5.4100733E13	2898.0	77.0
5.410074E13	2898.0	77.0
5.4100754E13	2898.0	77.0
5.4100763E13	2898.0	77.0
5.410077E13	2898.0	77.0
5.4100784E13	2898.0	77.0
5.4100792E13	2898.0	77.0
5.41008E13	2899.0	77.0
5.4100813E13	2899.0	77.0
5.410082E13	2899.0	77.0
5.4100834E13	2899.0	77.0
5.4100843E13	2899.0	77.0
5.410085E13	2899.0	76.0
5.4100863E13	2899.0	76.0
5.410087E13	2899.0	76.0
5.4100884E13	2901.0	76.0
5.4100893E13	2901.0	76.0
5.41009E13	2901.0	76.0
5.4100914E13	2901.0	76.0
5.4100922E13	2901.0	76.0
5.4100935E13	2901.0	77.0
5.4100943E13	2901.0	77.0
5.410095E13	2902.0	77.0
5.4100964E13	2902.0	77.0
5.4100973E13	2902.0	76.0
5.4100985E13	2904.0	76.0
5.4100994E13	2904.0	76.0
5.4101E13	2904.0	76.0
5.410102E13	2904.0	77.0
5.4101023E13	2904.0	77.0
5.410103E13	2904.0	77.0
5.4101044E13	2904.0	77.0
5.4101052E13	2904.0	77.0
5.4101065E13	2900.0	76.0
5.4101073E13	2900.0	76.0
5.410108E13	2900.0	76.0
5.4101094E13	2900.0	76.0
5.4101103E13	2901.0	76.0
5.4101115E13	2901.0	77.0
5.4101124E13	2901.0	77.0
5.410113E13	2901.0	77.0
5.4101145E13	2903.0	77.0
5.4101153E13	2903.0	77.0
5.410116E13	2903.0	77.0
5.4101174E13	2903.0	77.0
5.4101182E13	2900.0	77.0
5.4101195E13	2900.0	77.0
5.4101203E13	2900.0	77.0
5.410121E13	2902.0	77.0
5.4101224E13	2902.0	77.0
5.4101233E13	2902.0	76.0
5.410124E13	2902.0	76.0
5.4101254E13	2902.0	76.0
5.410126E13	2902.0	76.0
5.4101275E13	2902.0	77.0
5.4101283E13	2902.0	77.0
5.410129E13	2904.0	77.0
5.4101304E13	2904.0	77.0
5.4101312E13	2904.0	77.0
5.4101325E13	2904.0	77.0
5.4101333E13	2904.0	77.0
5.410134E13	2904.0	77.0
5.4101354E13	2904.0	76.0
5.4101363E13	2904.0	76.0
5.410137E13	2904.0	76.0
5.4101384E13	2904.0	76.0
5.410139E13	2904.0	76.0
5.4101405E13	2903.0	76.0
5.4101413E13	2903.0	76.0
5.410142E13	2903.0	76.0
5.4101434E13	2903.0	76.0
5.4101442E13	2904.0	77.0
5.4101455E13	2904.0	76.0
5.4101463E13	2904.0	77.0
5.410147E13	2904.0	77.0
5.4101484E13	2902.0	77.0
5.4101493E13	2902.0	76.0
5.41015E13	2902.0	76.0
5.4101514E13	2899.0	76.0
5.410152E13	2899.0	76.0
5.4101535E13	2899.0	76.0
5.4101543E13	2899.0	76.0
5.410155E13	2901.0	76.0
5.4101564E13	2901.0	77.0
5.4101572E13	2901.0	77.0
5.4101585E13	2901.0	77.0
5.4101593E13	2899.0	77.0
5.41016E13	2899.0	77.0
5.4101614E13	2899.0	78.0
5.4101623E13	2899.0	78.0
5.4101635E13	2898.0	78.0
5.4101644E13	2898.0	78.0
5.410165E13	2898.0	78.0
5.4101665E13	2897.0	78.0
5.4101673E13	2897.0	77.0
5.410168E13	2897.0	77.0
5.4101694E13	2897.0	77.0
5.4101702E13	2898.0	77.0
5.4101715E13	2898.0	77.0
5.4101723E13	2898.0	77.0
5.410173E13	2898.0	77.0
5.4101744E13	2898.0	77.0
5.4101753E13	2898.0	76.0
5.4101765E13	2898.0	76.0
5.4101774E13	2898.0	76.0
5.410178E13	2898.0	76.0
5.4101795E13	2898.0	76.0
5.4101803E13	2898.0	77.0
5.410181E13	2900.0	77.0
5.4101824E13	2900.0	77.0
5.4101832E13	2900.0	77.0
5.4101845E13	2900.0	77.0
5.4101853E13	2899.0	77.0
5.410186E13	2899.0	77.0
5.4101874E13	2899.0	77.0
5.4101883E13	2899.0	77.0
5.4101895E13	2898.0	76.0
5.4101904E13	2898.0	76.0
5.410191E13	2898.0	77.0
5.4101925E13	2898.0	77.0
5.4101933E13	2899.0	77.0
5.410194E13	2899.0	76.0
5.4101954E13	2899.0	76.0
5.4101962E13	2898.0	76.0
5.4101975E13	2898.0	76.0
5.4101983E13	2898.0	76.0
5.410199E13	2898.0	76.0
5.4102004E13	2895.0	76.0
5.4102013E13	2895.0	77.0
5.4102025E13	2895.0	77.0
5.4102038E13	2895.0	77.0
5.410204E13	2895.0	77.0
5.4102055E13	2895.0	77.0
5.4102063E13	2895.0	77.0
5.4102076E13	2895.0	77.0
5.4102084E13	2895.0	77.0
5.4102092E13	2895.0	77.0
5.4102105E13	2895.0	77.0
5.4102113E13	2897.0	77.0
5.4102126E13	2897.0	77.0
5.4102134E13	2897.0	77.0
5.4102143E13	2897.0	77.0
5.4102155E13	2896.0	77.0
5.4102164E13	2896.0	77.0
5.4102172E13	2896.0	77.0
5.4102185E13	2896.0	77.0
5.4102193E13	2897.0	77.0
5.4102206E13	2897.0	77.0
5.4102214E13	2897.0	77.0
5.4102222E13	2898.0	77.0
5.4102235E13	2898.0	77.0
5.4102243E13	2898.0	77.0
5.4102256E13	2898.0	77.0
5.4102264E13	2898.0	77.0
5.4102273E13	2898.0	77.0
5.4102285E13	2898.0	77.0
5.4102294E13	2898.0	77.0
5.4102302E13	2902.0	77.0
5.4102315E13	2902.0	77.0
5.4102323E13	2902.0	77.0
5.4102336E13	2902.0	77.0
5.4102344E13	2902.0	77.0
5.4102352E13	2902.0	77.0
5.4102365E13	2902.0	77.0
5.4102373E13	2902.0	77.0
5.4102386E13	2902.0	77.0
5.4102394E13	2902.0	77.0
5.4102403E13	2902.0	76.0
5.4102415E13	2904.0	76.0
5.4102424E13	2904.0	76.0
5.4102432E13	2904.0	76.0
5.4102445E13	2904.0	77.0
5.4102453E13	2906.0	77.0
5.4102466E13	2906.0	78.0
5.4102474E13	2906.0	78.0
5.4102482E13	2906.0	77.0
5.4102495E13	2904.0	77.0
5.4102503E13	2904.0	77.0
5.4102516E13	2904.0	76.0
5.4102524E13	2904.0	77.0
5.4102533E13	2904.0	77.0
5.4102545E13	2904.0	77.0
5.4102554E13	2904.0	77.0
5.4102562E13	2906.0	77.0
5.4102575E13	2906.0	77.0
5.4102583E13	2906.0	77.0
5.4102596E13	2906.0	77.0
5.4102604E13	2907.0	77.0
5.4102613E13	2907.0	77.0
5.4102625E13	2907.0	77.0
5.4102633E13	2907.0	76.0
5.4102646E13	2906.0	77.0
5.4102654E13	2906.0	77.0
5.4102663E13	2906.0	77.0
5.4102675E13	2906.0	77.0
5.4102684E13	2906.0	77.0
5.4102696E13	2906.0	77.0
5.4102705E13	2906.0	77.0
5.4102713E13	2907.0	77.0
5.4102726E13	2907.0	77.0
5.4102734E13	2907.0	77.0
5.4102743E13	2907.0	77.0
5.4102755E13	2911.0	77.0
5.4102764E13	2911.0	77.0
5.4102776E13	2911.0	77.0
5.4102784E13	2911.0	77.0
5.4102793E13	2910.0	77.0
5.4102805E13	2910.0	77.0
5.4102814E13	2910.0	76.0
5.4102826E13	2912.0	76.0
5.4102835E13	2912.0	76.0
5.4102843E13	2912.0	76.0
5.4102856E13	2912.0	76.0
5.4102864E13	2913.0	76.0
5.4102873E13	2913.0	77.0
5.4102885E13	2913.0	77.0
5.4102894E13	2913.0	77.0
5.4102906E13	2915.0	78.0
5.4102914E13	2915.0	78.0
5.4102923E13	2915.0	78.0
5.4102935E13	2915.0	78.0
5.4102944E13	2916.0	78.0
5.4102956E13	2916.0	78.0
5.4102965E13	2916.0	78.0
5.4102973E13	2914.0	78.0
5.4102986E13	2914.0	77.0
5.4102994E13	2914.0	77.0
5.4103003E13	2914.0	77.0
5.4103015E13	2916.0	77.0
5.4103024E13	2916.0	77.0
5.4103036E13	2916.0	77.0
5.4103045E13	2916.0	77.0
5.4103053E13	2916.0	77.0
5.4103065E13	2916.0	77.0
5.4103074E13	2916.0	77.0
5.4103086E13	2916.0	77.0
5.4103095E13	2916.0	77.0
5.4103103E13	2916.0	78.0
5.4103116E13	2916.0	78.0
5.4103124E13	2918.0	78.0
5.4103137E13	2918.0	78.0
5.4103145E13	2918.0	78.0
5.4103154E13	2918.0	78.0
5.4103166E13	2919.0	78.0
5.4103175E13	2919.0	77.0
5.4103183E13	2919.0	77.0
5.4103196E13	2919.0	77.0
5.4103204E13	2917.0	77.0
5.4103216E13	2917.0	77.0
5.4103225E13	2917.0	77.0
5.4103233E13	2917.0	77.0
5.4103246E13	2917.0	77.0
5.4103254E13	2917.0	77.0
5.4103267E13	2917.0	77.0
5.4103275E13	2917.0	76.0
5.4103284E13	2917.0	76.0
5.4103296E13	2917.0	76.0
5.4103305E13	2917.0	77.0
5.4103313E13	2914.0	77.0
5.4103326E13	2914.0	78.0
5.4103334E13	2914.0	78.0
5.4103347E13	2914.0	78.0
5.4103355E13	2914.0	78.0
5.4103363E13	2914.0	78.0
5.4103376E13	2914.0	78.0
5.4103384E13	2914.0	77.0
5.4103397E13	2914.0	77.0
5.4103405E13	2914.0	77.0
5.4103414E13	2912.0	77.0
5.4103426E13	2912.0	77.0
5.4103435E13	2912.0	77.0
5.4103447E13	2912.0	77.0
5.4103456E13	2912.0	77.0
5.4103464E13	2912.0	77.0
5.4103477E13	2912.0	77.0
5.4103485E13	2912.0	77.0
5.4103493E13	2915.0	77.0
5.4103506E13	2915.0	77.0
5.4103514E13	2915.0	58.0
5.4103527E13	2915.0	77.0
5.4103535E13	2916.0	77.0
5.4103544E13	2916.0	77.0
5.4103556E13	2916.0	77.0
5.4103565E13	2914.0	77.0
5.4103577E13	2914.0	77.0
5.4103586E13	2914.0	77.0
5.4103594E13	2914.0	77.0
5.4103607E13	2916.0	77.0
5.4103615E13	2916.0	77.0
5.4103623E13	2916.0	77.0
5.4103636E13	2916.0	77.0
5.4103644E13	2916.0	77.0
5.4103657E13	2915.0	77.0
5.4103665E13	2915.0	77.0
5.4103674E13	2915.0	77.0
5.4103686E13	2915.0	77.0
5.4103695E13	2913.0	77.0
5.4103707E13	2913.0	77.0
5.4103716E13	2913.0	77.0
5.4103724E13	2913.0	77.0
5.4103737E13	2913.0	77.0
5.4103745E13	2913.0	77.0
5.4103753E13	2913.0	77.0
5.4103766E13	2915.0	77.0
5.4103774E13	2915.0	77.0
5.4103787E13	2915.0	78.0
5.4103795E13	2915.0	78.0
5.4103804E13	2918.0	78.0
5.4103816E13	2918.0	78.0
5.4103825E13	2918.0	77.0
5.4103837E13	2918.0	77.0
5.4103846E13	2916.0	77.0
5.4103854E13	2916.0	77.0
5.4103867E13	2916.0	77.0
5.4103875E13	2918.0	77.0
5.4103883E13	2918.0	77.0
5.4103896E13	2918.0	77.0
5.4103904E13	2918.0	77.0
5.4103917E13	2918.0	77.0
5.4103925E13	2918.0	77.0
5.4103934E13	2918.0	77.0
5.4103946E13	2918.0	77.0
5.4103955E13	2920.0	78.0
5.4103967E13	2920.0	78.0
5.4103976E13	2920.0	78.0
5.4103984E13	2920.0	78.0
5.4103997E13	2916.0	78.0
5.4104005E13	2916.0	77.0
5.4104013E13	2916.0	77.0
5.4104026E13	2916.0	77.0
5.4104047E13	2916.0	78.0
5.4104055E13	2916.0	78.0
5.410407E13	2916.0	78.0
5.4104076E13	2916.0	78.0
5.4104085E13	2916.0	78.0
5.4104097E13	2916.0	78.0
5.4104106E13	2916.0	78.0
5.4104114E13	2916.0	78.0
5.4104127E13	2916.0	78.0
5.4104135E13	2915.0	77.0
5.4104148E13	2915.0	77.0
5.4104156E13	2915.0	77.0
5.4104164E13	2915.0	78.0
5.4104177E13	2915.0	78.0
5.4104185E13	2915.0	78.0
5.4104194E13	2915.0	78.0
5.4104206E13	2915.0	78.0
5.4104215E13	2913.0	78.0
5.4104227E13	2913.0	77.0
5.4104236E13	2913.0	77.0
5.4104244E13	2913.0	77.0
5.4104257E13	2911.0	76.0
5.4104265E13	2911.0	76.0
5.4104278E13	2911.0	76.0
5.4104286E13	2909.0	76.0
5.4104294E13	2909.0	77.0
5.4104307E13	2909.0	77.0
5.4104315E13	2909.0	77.0
5.410433E13	2912.0	77.0
5.4104336E13	2912.0	77.0
5.4104345E13	2912.0	77.0
5.4104357E13	2912.0	77.0
5.4104366E13	2909.0	77.0
5.4104374E13	2909.0	77.0
5.4104387E13	2909.0	77.0
5.4104395E13	2909.0	77.0
5.4104408E13	2912.0	77.0
5.4104416E13	2912.0	76.0
5.4104424E13	2914.0	77.0
5.4104437E13	2914.0	77.0
5.4104445E13	2914.0	77.0
5.410446E13	2914.0	77.0
5.4104466E13	2914.0	77.0
5.4104475E13	2917.0	77.0
5.4104487E13	2917.0	77.0
5.4104496E13	2917.0	77.0
5.4104504E13	2917.0	77.0
5.4104517E13	2917.0	77.0
5.4104525E13	2917.0	58.0
5.4104538E13	2917.0	78.0
5.4104546E13	2918.0	78.0
5.4104554E13	2918.0	78.0
5.4104567E13	2918.0	78.0
5.4104575E13	2918.0	78.0
5.410459E13	2918.0	78.0
5.4104596E13	2918.0	78.0
5.4104605E13	2918.0	78.0
5.4104617E13	2918.0	78.0
5.4104626E13	2918.0	78.0
5.4104634E13	2918.0	78.0
5.4104647E13	2918.0	78.0
5.4104655E13	2918.0	78.0
5.4104668E13	2919.0	77.0
5.4104676E13	2919.0	77.0
5.4104684E13	2919.0	76.0
5.4104697E13	2919.0	76.0
5.4104705E13	2919.0	76.0
5.410472E13	2919.0	76.0
5.4104726E13	2919.0	76.0
5.4104735E13	2916.0	76.0
5.4104747E13	2916.0	77.0
5.4104756E13	2916.0	77.0
5.410477E13	2916.0	77.0
5.4104777E13	2914.0	77.0
5.4104785E13	2914.0	78.0
5.4104798E13	2914.0	78.0
5.4104806E13	2914.0	78.0
5.4104815E13	2913.0	78.0
5.4104827E13	2913.0	78.0
5.4104835E13	2913.0	78.0
5.410485E13	2913.0	78.0
5.4104856E13	2912.0	77.0
5.4104865E13	2912.0	77.0
5.4104877E13	2912.0	77.0
5.4104886E13	2913.0	77.0
5.41049E13	2913.0	77.0
5.4104907E13	2913.0	76.0
5.4104915E13	2913.0	76.0
5.4104928E13	2914.0	76.0
5.4104936E13	2914.0	76.0
5.4104945E13	2914.0	76.0
5.4104957E13	2914.0	77.0
5.4104966E13	2914.0	77.0
5.410498E13	2914.0	77.0
5.4104986E13	2914.0	77.0
5.4104995E13	2914.0	78.0
5.4105007E13	2913.0	78.0
5.4105016E13	2913.0	78.0
5.410503E13	2913.0	78.0
5.4105037E13	2912.0	78.0
5.4105045E13	2912.0	78.0
5.4105058E13	2912.0	79.0
5.4105066E13	2912.0	79.0
5.410511E13	2910.0	77.0
5.4105117E13	2909.0	77.0
5.4105125E13	2909.0	77.0
5.4105137E13	2909.0	77.0
5.4105146E13	2909.0	77.0
5.410516E13	2910.0	77.0
5.4105167E13	2910.0	77.0
5.4105175E13	2910.0	77.0
5.4105188E13	2911.0	77.0
5.4105196E13	2911.0	77.0
5.410521E13	2911.0	78.0
5.4105217E13	2911.0	78.0
5.4105226E13	2909.0	78.0
5.410524E13	2909.0	78.0
5.4105247E13	2909.0	78.0
5.410526E13	2909.0	77.0
5.4105268E13	2909.0	77.0
5.4105276E13	2909.0	77.0
5.410529E13	2909.0	77.0
5.4105297E13	2909.0	77.0
5.4105305E13	2909.0	77.0
5.4105318E13	2909.0	77.0
5.4105326E13	2909.0	77.0
5.410534E13	2911.0	77.0
5.4105347E13	2911.0	77.0
5.4105356E13	2911.0	77.0
5.410537E13	2911.0	77.0
5.4105377E13	2907.0	77.0
5.4105385E13	2907.0	77.0
5.4105398E13	2907.0	77.0
5.4105406E13	2907.0	78.0
5.410542E13	2907.0	78.0
5.4105427E13	2907.0	78.0
5.4105435E13	2907.0	78.0
5.4105448E13	2907.0	78.0
5.4105456E13	2907.0	78.0
5.410547E13	2907.0	77.0
5.4105477E13	2907.0	77.0
5.4105486E13	2907.0	77.0
5.41055E13	2907.0	77.0
5.4105507E13	2907.0	77.0
5.410552E13	2907.0	77.0
5.4105528E13	2909.0	76.0
5.4105536E13	2909.0	76.0
5.410555E13	2909.0	76.0
5.4105557E13	2909.0	76.0
5.4105565E13	2907.0	76.0
5.4105578E13	2907.0	76.0
5.4105586E13	2907.0	76.0
5.41056E13	2907.0	76.0
5.4105607E13	2907.0	77.0
5.4105616E13	2907.0	77.0
5.410563E13	2907.0	77.0
5.4105637E13	2910.0	77.0
5.410565E13	2910.0	77.0
5.4105658E13	2910.0	77.0
5.4105666E13	2910.0	77.0
5.410568E13	2911.0	77.0
5.4105687E13	2911.0	77.0
5.41057E13	2911.0	78.0
5.410571E13	2911.0	78.0
5.4105716E13	2911.0	78.0
5.410573E13	2911.0	78.0
5.4105737E13	2911.0	78.0
5.4105746E13	2911.0	78.0
5.410576E13	2912.0	77.0
5.4105767E13	2912.0	77.0
5.410578E13	2912.0	77.0
5.4105788E13	2914.0	77.0
5.4105796E13	2914.0	77.0
5.410581E13	2914.0	77.0
5.4105817E13	2914.0	77.0
5.4105825E13	2914.0	77.0
5.410584E13	2914.0	77.0
5.4105846E13	2914.0	77.0
5.410586E13	2914.0	77.0
5.4105867E13	2918.0	77.0
5.4105876E13	2918.0	77.0
5.410589E13	2918.0	77.0
5.4105897E13	2918.0	77.0
5.410591E13	2917.0	77.0
5.4105918E13	2917.0	78.0
5.4105926E13	2917.0	78.0
5.410594E13	2917.0	78.0
5.4105947E13	2917.0	78.0
5.410596E13	2917.0	78.0
5.410597E13	2921.0	78.0
5.4105976E13	2921.0	78.0
5.410599E13	2921.0	78.0
5.4105997E13	2921.0	77.0
5.4106006E13	2921.0	77.0
5.410602E13	2919.0	77.0
5.4106027E13	2919.0	77.0
5.410604E13	2919.0	77.0
5.4106048E13	2919.0	77.0
5.4106056E13	2919.0	77.0
5.410607E13	2919.0	77.0
5.4106077E13	2919.0	77.0
5.410609E13	2920.0	77.0
5.41061E13	2920.0	77.0
5.4106106E13	2920.0	77.0
5.410612E13	2917.0	77.0
5.4106127E13	2917.0	77.0
5.4106136E13	2917.0	78.0
5.410615E13	2917.0	78.0
5.4106157E13	2917.0	78.0
5.410617E13	2919.0	78.0
5.4106178E13	2919.0	78.0
5.4106186E13	2919.0	78.0
5.41062E13	2919.0	77.0
5.4106207E13	2919.0	77.0
5.4106215E13	2919.0	77.0
5.410623E13	2919.0	47.0
5.4106236E13	2920.0	47.0
5.410625E13	2920.0	77.0
5.4106257E13	2920.0	77.0
5.4106266E13	2920.0	77.0
5.410628E13	2919.0	77.0
5.4106287E13	2919.0	77.0
5.4106303E13	2919.0	47.0
5.4106308E13	2919.0	78.0
5.4106316E13	2920.0	77.0
5.410633E13	2920.0	77.0
5.4106337E13	2920.0	77.0
5.410635E13	2922.0	47.0
5.410636E13	2922.0	47.0
5.4106366E13	2922.0	47.0
5.410638E13	2922.0	47.0
5.4106387E13	2922.0	47.0
5.4106396E13	2922.0	78.0
5.410641E13	2922.0	47.0
5.4106417E13	2922.0	78.0
5.410643E13	2922.0	47.0
5.4106438E13	2922.0	77.0
5.4106446E13	2922.0	77.0
5.410646E13	2922.0	77.0
5.4106467E13	2922.0	77.0
5.410648E13	2922.0	77.0
5.410649E13	2922.0	77.0
5.4106496E13	2920.0	77.0
5.410651E13	2920.0	77.0
5.4106517E13	2920.0	77.0
5.4106526E13	2920.0	77.0
5.410654E13	2923.0	47.0
5.4106547E13	2923.0	47.0
5.410656E13	2923.0	47.0
5.4106568E13	2923.0	47.0
5.4106576E13	2922.0	47.0
5.410659E13	2922.0	77.0
5.4106597E13	2922.0	47.0
5.410661E13	2922.0	47.0
5.410662E13	2924.0	77.0
5.4106626E13	2924.0	77.0
5.410664E13	2924.0	77.0
5.4106647E13	2923.0	77.0
5.4106656E13	2923.0	77.0
5.410667E13	2923.0	77.0
5.4106677E13	2923.0	77.0
5.410669E13	2921.0	77.0
5.4106698E13	2921.0	77.0
5.4106706E13	2921.0	77.0
5.410672E13	2921.0	77.0
5.4106727E13	2924.0	77.0
5.410674E13	2924.0	78.0
5.410675E13	2924.0	78.0
5.4106756E13	2924.0	78.0
5.410677E13	2921.0	77.0
5.4106777E13	2921.0	77.0
5.410679E13	2921.0	77.0
5.41068E13	2923.0	77.0
5.4106807E13	2923.0	77.0
5.410682E13	2923.0	77.0
5.4106828E13	2923.0	78.0
5.4106836E13	2923.0	78.0
5.410685E13	2923.0	78.0
5.4106857E13	2923.0	78.0
5.410687E13	2923.0	77.0
5.410688E13	2926.0	77.0
5.4106887E13	2926.0	77.0
5.41069E13	2926.0	77.0
5.4106907E13	2926.0	77.0
5.410692E13	2925.0	77.0
5.410693E13	2925.0	77.0
5.4106937E13	2925.0	77.0
5.410695E13	2928.0	78.0
5.4106958E13	2928.0	78.0
5.4106966E13	2928.0	78.0
5.410698E13	2928.0	78.0
5.4106987E13	2925.0	78.0
5.4107E13	2925.0	78.0
5.410701E13	2925.0	78.0
5.4107017E13	2925.0	78.0
5.410703E13	2925.0	78.0
5.4107037E13	2925.0	78.0
5.410705E13	2925.0	78.0
5.410706E13	2925.0	78.0
5.4107067E13	2925.0	78.0
5.410708E13	2925.0	77.0
5.4107088E13	2925.0	77.0
5.41071E13	2927.0	77.0
5.410711E13	2927.0	77.0
5.4107117E13	2927.0	77.0
5.410713E13	2927.0	77.0
5.410714E13	2926.0	77.0
5.4107147E13	2926.0	77.0
5.410716E13	2926.0	77.0
5.4107168E13	2926.0	77.0
5.410718E13	2926.0	76.0
5.410719E13	2926.0	77.0
5.4107197E13	2926.0	77.0
5.410721E13	2926.0	78.0
5.4107218E13	2927.0	78.0
5.410723E13	2927.0	78.0
5.410724E13	2927.0	78.0
5.4107247E13	2927.0	78.0
5.410726E13	2927.0	78.0
5.410727E13	2927.0	78.0
5.410728E13	2927.0	77.0
5.410729E13	2927.0	77.0
5.4107298E13	2927.0	77.0
5.410731E13	2927.0	77.0
5.410732E13	2927.0	77.0
5.4107327E13	2928.0	77.0
5.410734E13	2928.0	77.0
5.4107348E13	2928.0	77.0
5.410736E13	2928.0	77.0
5.410737E13	2925.0	77.0
5.4107377E13	2925.0	77.0
5.410739E13	2925.0	77.0
5.41074E13	2927.0	77.0
5.410741E13	2927.0	77.0
5.410742E13	2927.0	78.0
5.4107428E13	2928.0	78.0
5.410744E13	2928.0	78.0
5.410745E13	2928.0	78.0
5.4107457E13	2928.0	78.0
5.4107478E13	2928.0	78.0
5.410749E13	2928.0	78.0
5.41075E13	2928.0	78.0
5.4107507E13	2930.0	78.0
5.410752E13	2930.0	78.0
5.410753E13	2930.0	78.0
5.410754E13	2928.0	78.0
5.410755E13	2928.0	78.0
5.4107558E13	2928.0	78.0
5.410758E13	2928.0	78.0
5.410759E13	2932.0	78.0
5.41076E13	2932.0	78.0
5.410761E13	2932.0	78.0
5.410763E13	2932.0	78.0
5.4107637E13	2932.0	78.0
5.410765E13	2932.0	78.0
5.410766E13	2932.0	78.0
5.410767E13	2931.0	78.0
5.410768E13	2931.0	78.0
5.4107688E13	2931.0	78.0
5.41077E13	2930.0	77.0
5.410771E13	2930.0	77.0
5.410772E13	2930.0	77.0
5.410773E13	2930.0	77.0
5.410774E13	2931.0	77.0
5.410775E13	2931.0	77.0
5.410776E13	2931.0	77.0
5.4107767E13	2931.0	77.0
5.410778E13	2929.0	77.0
5.410779E13	2929.0	78.0
5.41078E13	2929.0	78.0
5.410781E13	2929.0	78.0
5.4107818E13	2928.0	78.0
5.410783E13	2928.0	78.0
5.410784E13	2928.0	78.0
5.410785E13	2927.0	78.0
5.410786E13	2927.0	78.0
5.410787E13	2927.0	78.0
5.410788E13	2927.0	78.0
5.410789E13	2927.0	78.0
5.4107897E13	2927.0	78.0
5.410791E13	2927.0	78.0
5.410792E13	2927.0	78.0
5.410793E13	2928.0	77.0
5.410794E13	2928.0	77.0
5.4107948E13	2928.0	77.0
5.410796E13	2928.0	77.0
5.410797E13	2927.0	76.0
5.410798E13	2927.0	77.0
5.410799E13	2927.0	77.0
5.4108E13	2929.0	78.0
5.410801E13	2929.0	78.0
5.410802E13	2929.0	78.0
5.410803E13	2929.0	77.0
5.410804E13	2926.0	77.0
5.410805E13	2926.0	77.0
5.410806E13	2926.0	77.0
5.410807E13	2926.0	77.0
5.4108078E13	2928.0	77.0
5.410809E13	2928.0	78.0
5.41081E13	2928.0	78.0
5.410811E13	2928.0	78.0
5.410812E13	2928.0	78.0
5.410813E13	2928.0	78.0
5.410814E13	2928.0	77.0
5.410815E13	2926.0	77.0
5.410816E13	2926.0	77.0
5.410817E13	2926.0	77.0
5.410818E13	2926.0	77.0
5.410819E13	2927.0	77.0
5.41082E13	2927.0	77.0
5.4108208E13	2927.0	77.0
5.410823E13	2927.0	77.0
5.410824E13	2927.0	77.0
5.410825E13	2927.0	77.0
5.410826E13	2927.0	77.0
5.410827E13	2927.0	77.0
5.410828E13	2927.0	77.0
5.410829E13	2927.0	78.0
5.41083E13	2926.0	78.0
5.410831E13	2926.0	78.0
5.410832E13	2926.0	78.0
5.410833E13	2926.0	78.0
5.4108338E13	2928.0	78.0
5.410835E13	2928.0	78.0
5.410836E13	2928.0	77.0
5.410837E13	2928.0	77.0
5.410838E13	2927.0	77.0
5.410839E13	2927.0	77.0
5.41084E13	2927.0	77.0
5.410841E13	2925.0	77.0
5.410842E13	2925.0	77.0
5.410843E13	2925.0	77.0
5.410844E13	2925.0	77.0
5.410845E13	2927.0	78.0
5.410846E13	2927.0	78.0
5.410847E13	2927.0	78.0
5.410848E13	2927.0	78.0
5.410849E13	2926.0	78.0
5.41085E13	2926.0	78.0
5.410851E13	2926.0	78.0
5.410852E13	2926.0	78.0
5.410853E13	2928.0	78.0
5.410854E13	2928.0	78.0
5.410855E13	2929.0	77.0
5.410856E13	2929.0	78.0
5.410857E13	2929.0	78.0
5.410858E13	2929.0	77.0
5.410859E13	2929.0	77.0
5.41086E13	2932.0	77.0
5.410861E13	2932.0	77.0
5.410862E13	2932.0	78.0
5.410863E13	2932.0	78.0
5.410864E13	2932.0	78.0
5.410865E13	2932.0	78.0
5.410866E13	2932.0	78.0
5.410867E13	2932.0	78.0
5.410868E13	2932.0	78.0
5.410869E13	2932.0	78.0
5.41087E13	2932.0	78.0
5.410871E13	2933.0	78.0
5.410872E13	2933.0	78.0
5.410873E13	2933.0	78.0
5.410874E13	2933.0	78.0
5.410875E13	2933.0	78.0
5.410876E13	2933.0	78.0
5.410877E13	2933.0	78.0
5.4108782E13	2933.0	78.0
5.410879E13	2932.0	78.0
5.41088E13	2932.0	77.0
5.410881E13	2932.0	78.0
5.410882E13	2933.0	78.0
5.410883E13	2933.0	78.0
5.410884E13	2933.0	78.0
5.410885E13	2933.0	78.0
5.410886E13	2933.0	78.0
5.410887E13	2933.0	78.0
5.410888E13	2933.0	78.0
5.410889E13	2930.0	78.0
5.41089E13	2930.0	78.0
5.4108912E13	2930.0	78.0
5.410892E13	2930.0	78.0
5.410893E13	2930.0	78.0
5.410894E13	2929.0	78.0
5.410895E13	2929.0	78.0
5.410896E13	2929.0	78.0
5.410897E13	2928.0	78.0
5.410898E13	2928.0	78.0
5.410899E13	2928.0	78.0
5.4109E13	2928.0	78.0
5.410901E13	2928.0	78.0
5.410902E13	2928.0	78.0
5.410903E13	2928.0	78.0
5.410905E13	2928.0	78.0
5.4109055E13	2928.0	78.0
5.410906E13	2928.0	78.0
5.410907E13	2928.0	78.0
5.4109084E13	2926.0	78.0
5.410909E13	2926.0	78.0
5.41091E13	2926.0	78.0
5.410911E13	2926.0	78.0
5.410912E13	2926.0	78.0
5.410913E13	2925.0	78.0
5.410914E13	2925.0	78.0
5.410915E13	2925.0	78.0
5.410916E13	2928.0	78.0
5.4109172E13	2928.0	78.0
5.410918E13	2928.0	78.0
5.410919E13	2928.0	78.0
5.41092E13	2927.0	78.0
5.410921E13	2927.0	78.0
5.4109223E13	2927.0	78.0
5.410923E13	2927.0	78.0
5.410924E13	2925.0	78.0
5.410925E13	2925.0	78.0
5.410926E13	2925.0	78.0
5.410927E13	2925.0	78.0
5.410928E13	2926.0	78.0
5.410929E13	2926.0	78.0
5.4109302E13	2926.0	78.0
5.410931E13	2928.0	78.0
5.410932E13	2928.0	78.0
5.410933E13	2928.0	78.0
5.410934E13	2928.0	78.0
5.410935E13	2928.0	78.0
5.410936E13	2928.0	78.0
5.410937E13	2928.0	78.0
5.4109382E13	2928.0	78.0
5.410939E13	2927.0	78.0
5.41094E13	2927.0	79.0
5.410941E13	2927.0	78.0
5.410942E13	2927.0	78.0
5.4109432E13	2927.0	78.0
5.410944E13	2927.0	78.0
5.410945E13	2927.0	78.0
5.410946E13	2928.0	78.0
5.410947E13	2928.0	78.0
5.410948E13	2928.0	78.0
5.410949E13	2928.0	78.0
5.41095E13	2927.0	78.0
5.4109512E13	2927.0	78.0
5.410952E13	2927.0	78.0
5.410953E13	2927.0	78.0
5.410954E13	2927.0	78.0
5.410955E13	2927.0	78.0
5.4109562E13	2927.0	78.0
5.410957E13	2927.0	78.0
5.410958E13	2926.0	78.0
5.410959E13	2926.0	78.0
5.41096E13	2926.0	78.0
5.4109613E13	2930.0	78.0
5.410962E13	2930.0	78.0
5.410963E13	2930.0	78.0
5.4109642E13	2930.0	78.0
5.410965E13	2929.0	78.0
5.410966E13	2929.0	78.0
5.410967E13	2929.0	78.0
5.410968E13	2929.0	78.0
5.4109692E13	2930.0	78.0
5.41097E13	2930.0	77.0
5.410971E13	2930.0	77.0
5.410972E13	2930.0	78.0
5.410973E13	2931.0	78.0
5.4109743E13	2931.0	78.0
5.410975E13	2931.0	79.0
5.410976E13	2928.0	79.0
5.4109772E13	2928.0	79.0
5.410978E13	2928.0	79.0
5.410979E13	2928.0	79.0
5.41098E13	2927.0	79.0
5.410981E13	2927.0	78.0
5.4109823E13	2927.0	78.0
5.410983E13	2927.0	78.0
5.410984E13	2926.0	78.0
5.410985E13	2926.0	78.0
5.410986E13	2926.0	78.0
5.4109873E13	2926.0	78.0
5.410988E13	2929.0	78.0
5.410989E13	2929.0	78.0
5.4109902E13	2929.0	78.0
5.410991E13	2928.0	78.0
5.4109923E13	2928.0	78.0
5.410993E13	2928.0	78.0
5.410994E13	2928.0	78.0
5.4109953E13	2926.0	78.0
5.410996E13	2926.0	78.0
5.410997E13	2926.0	78.0
5.410998E13	2926.0	78.0
5.410999E13	2929.0	78.0
5.4110003E13	2929.0	79.0
5.411001E13	2929.0	79.0
5.411002E13	2929.0	79.0
5.4110032E13	2927.0	78.0
5.411004E13	2927.0	78.0
5.4110053E13	2927.0	78.0
5.411006E13	2927.0	78.0
5.411007E13	2927.0	78.0
5.4110083E13	2927.0	78.0
5.411009E13	2927.0	78.0
5.4110104E13	2927.0	78.0
5.411011E13	2927.0	78.0
5.411012E13	2927.0	78.0
5.4110133E13	2928.0	78.0
5.411014E13	2928.0	78.0
5.411015E13	2928.0	78.0
5.4110162E13	2930.0	78.0
5.411017E13	2930.0	78.0
5.4110183E13	2930.0	78.0
5.411019E13	2930.0	78.0
5.41102E13	2930.0	78.0
5.4110213E13	2930.0	78.0
5.411022E13	2930.0	78.0
5.411024E13	2930.0	78.0
5.411025E13	2932.0	78.0
5.4110263E13	2932.0	78.0
5.411027E13	2932.0	78.0
5.411028E13	2932.0	78.0
5.4110292E13	2932.0	78.0
5.41103E13	2932.0	78.0
5.4110313E13	2932.0	78.0
5.411032E13	2930.0	78.0
5.411033E13	2930.0	78.0
5.4110343E13	2930.0	78.0
5.411035E13	2930.0	78.0
5.4110364E13	2927.0	78.0
5.411037E13	2927.0	78.0
5.411038E13	2927.0	78.0
5.4110393E13	2927.0	78.0
5.41104E13	2928.0	78.0
5.4110414E13	2928.0	78.0
5.4110422E13	2928.0	78.0
5.411043E13	2928.0	78.0
5.4110443E13	2928.0	78.0
5.411045E13	2928.0	78.0
5.411046E13	2928.0	78.0
5.4110473E13	2928.0	78.0
5.411048E13	2928.0	78.0
5.4110494E13	2928.0	78.0
5.41105E13	2928.0	57.0
5.411051E13	2928.0	78.0
5.4110523E13	2928.0	78.0
5.411053E13	2928.0	78.0
5.4110544E13	2928.0	78.0
5.4110552E13	2927.0	77.0
5.411056E13	2927.0	77.0
5.4110573E13	2927.0	78.0
5.411058E13	2927.0	78.0
5.411059E13	2924.0	78.0
5.4110603E13	2924.0	78.0
5.411061E13	2924.0	78.0
5.4110624E13	2924.0	78.0
5.411063E13	2924.0	78.0
5.411064E13	2924.0	78.0
5.4110653E13	2922.0	78.0
5.411066E13	2922.0	78.0
5.4110674E13	2922.0	78.0
5.4110682E13	2922.0	78.0
5.411069E13	2920.0	77.0
5.4110703E13	2920.0	77.0
5.411071E13	2920.0	77.0
5.4110724E13	2920.0	77.0
5.4110733E13	2919.0	77.0
5.411074E13	2919.0	77.0
5.4110754E13	2919.0	77.0
5.411076E13	2922.0	78.0
5.411077E13	2922.0	78.0
5.4110783E13	2922.0	78.0
5.411079E13	2922.0	78.0
5.4110804E13	2919.0	78.0
5.4110812E13	2919.0	77.0
5.411082E13	2919.0	78.0
5.4110833E13	2919.0	78.0
5.411084E13	2919.0	78.0
5.4110854E13	2920.0	78.0
5.4110863E13	2920.0	78.0
5.411087E13	2920.0	77.0
5.4110884E13	2920.0	77.0
5.411089E13	2921.0	77.0
5.41109E13	2921.0	77.0
5.4110913E13	2921.0	77.0
5.411092E13	2921.0	77.0
5.4110934E13	2921.0	77.0
5.4110942E13	2921.0	77.0
5.411095E13	2921.0	77.0
5.4110963E13	2919.0	77.0
5.411097E13	2919.0	78.0
5.4110984E13	2919.0	78.0
5.4110993E13	2919.0	78.0
5.4111E13	2921.0	78.0
5.4111014E13	2921.0	78.0
5.411102E13	2921.0	78.0
5.411103E13	2921.0	78.0
5.4111043E13	2921.0	78.0
5.411105E13	2921.0	78.0
5.4111064E13	2921.0	78.0
5.4111072E13	2922.0	78.0
5.411108E13	2922.0	78.0
5.4111093E13	2922.0	78.0
5.41111E13	2922.0	78.0
5.4111114E13	2925.0	78.0
5.4111123E13	2925.0	78.0
5.411113E13	2925.0	77.0
5.4111144E13	2925.0	77.0
5.4111152E13	2923.0	77.0
5.411116E13	2923.0	77.0
5.4111173E13	2923.0	77.0
5.411118E13	2923.0	77.0
5.4111194E13	2923.0	77.0
5.4111202E13	2923.0	77.0
5.411121E13	2923.0	78.0
5.4111223E13	2924.0	78.0
5.411123E13	2924.0	78.0
5.4111244E13	2924.0	78.0
5.4111253E13	2924.0	78.0
5.411126E13	2925.0	78.0
5.4111274E13	2925.0	78.0
5.4111282E13	2925.0	77.0
5.4111295E13	2925.0	77.0
5.4111303E13	2926.0	77.0
5.411131E13	2926.0	77.0
5.4111324E13	2926.0	78.0
5.4111332E13	2926.0	78.0
5.411134E13	2926.0	78.0
5.4111353E13	2926.0	78.0
5.411136E13	2926.0	77.0
5.4111374E13	2926.0	77.0
5.4111383E13	2926.0	77.0
5.411139E13	2926.0	77.0
5.4111404E13	2926.0	77.0
5.4111412E13	2927.0	78.0
5.411142E13	2927.0	78.0
5.4111433E13	2927.0	78.0
5.411144E13	2928.0	78.0
5.4111454E13	2928.0	78.0
5.4111462E13	2928.0	78.0
5.411147E13	2928.0	78.0
5.4111483E13	2927.0	78.0
5.411149E13	2927.0	78.0
5.4111504E13	2927.0	78.0
5.4111513E13	2927.0	78.0
5.411152E13	2927.0	78.0
5.4111534E13	2927.0	78.0
5.4111542E13	2927.0	77.0
5.4111555E13	2927.0	77.0
5.4111563E13	2925.0	77.0
5.411157E13	2925.0	77.0
5.4111584E13	2925.0	77.0
5.4111593E13	2925.0	77.0
5.41116E13	2925.0	77.0
5.4111613E13	2925.0	77.0
5.411162E13	2925.0	77.0
5.4111634E13	2925.0	78.0
5.4111643E13	2927.0	78.0
5.411165E13	2927.0	78.0
5.4111664E13	2927.0	78.0
5.4111672E13	2926.0	78.0
5.4111685E13	2926.0	78.0
5.4111693E13	2926.0	78.0
5.41117E13	2926.0	78.0
5.4111714E13	2927.0	78.0
5.4111723E13	2927.0	77.0
5.411173E13	2927.0	77.0
5.4111744E13	2927.0	77.0
5.411175E13	2927.0	77.0
5.4111764E13	2927.0	77.0
5.4111773E13	2927.0	77.0
5.411178E13	2927.0	77.0
5.4111794E13	2926.0	77.0
5.4111802E13	2926.0	77.0
5.4111815E13	2926.0	77.0
5.4111823E13	2929.0	78.0
5.411183E13	2929.0	78.0
5.4111844E13	2929.0	78.0
5.4111853E13	2929.0	78.0
5.411186E13	2928.0	78.0
5.4111874E13	2928.0	78.0
5.411188E13	2928.0	78.0
5.4111895E13	2928.0	78.0
5.4111903E13	2928.0	78.0
5.411191E13	2928.0	78.0
5.4111924E13	2928.0	78.0
5.4111932E13	2931.0	78.0
5.4111945E13	2931.0	78.0
5.4111953E13	2931.0	78.0
5.411196E13	2931.0	78.0
5.4111974E13	2931.0	78.0
5.4111983E13	2931.0	78.0
5.4111995E13	2931.0	78.0
5.4112004E13	2931.0	78.0
5.411201E13	2930.0	77.0
5.4112025E13	2930.0	78.0
5.4112033E13	2930.0	78.0
5.411204E13	2930.0	78.0
5.4112054E13	2931.0	78.0
5.4112062E13	2931.0	78.0
5.4112075E13	2931.0	78.0
5.4112083E13	2935.0	78.0
5.411209E13	2935.0	78.0
5.4112104E13	2935.0	78.0
5.4112113E13	2935.0	78.0
5.4112125E13	2933.0	78.0
5.4112134E13	2933.0	78.0
5.411214E13	2933.0	77.0
5.4112155E13	2933.0	77.0
5.4112163E13	2931.0	78.0
5.4112176E13	2931.0	78.0
5.4112184E13	2931.0	78.0
5.4112192E13	2932.0	78.0
5.4112205E13	2932.0	77.0
5.4112213E13	2932.0	77.0
5.411222E13	2932.0	77.0
5.4112234E13	2932.0	77.0
5.4112243E13	2932.0	77.0
5.4112255E13	2932.0	78.0
5.4112264E13	2932.0	78.0
5.411227E13	2933.0	78.0
5.4112285E13	2933.0	78.0
5.4112293E13	2933.0	78.0
5.4112306E13	2933.0	78.0
5.4112314E13	2929.0	78.0
5.4112322E13	2929.0	78.0
5.4112335E13	2929.0	78.0
5.4112343E13	2929.0	78.0
5.411235E13	2929.0	78.0
5.4112364E13	2929.0	78.0
5.4112373E13	2928.0	78.0
5.4112385E13	2928.0	78.0
5.4112394E13	2928.0	77.0
5.41124E13	2928.0	77.0
5.4112415E13	2929.0	78.0
5.4112423E13	2929.0	78.0
5.4112436E13	2929.0	78.0
5.4112444E13	2929.0	78.0
5.4112452E13	2929.0	78.0
5.4112465E13	2929.0	78.0
5.4112473E13	2929.0	78.0
5.4112486E13	2929.0	78.0
5.4112494E13	2930.0	78.0
5.4112503E13	2930.0	78.0
5.4112515E13	2930.0	78.0
5.4112524E13	2930.0	78.0
5.411253E13	2928.0	78.0
5.4112545E13	2928.0	78.0
5.4112553E13	2928.0	78.0
5.4112566E13	2928.0	78.0
5.4112574E13	2930.0	78.0
5.4112582E13	2930.0	78.0
5.4112595E13	2930.0	78.0
5.4112603E13	2930.0	78.0
5.411261E13	2928.0	78.0
5.4112624E13	2928.0	78.0
5.4112633E13	2928.0	78.0
5.4112645E13	2928.0	78.0
5.4112654E13	2929.0	78.0
5.411266E13	2929.0	78.0
5.4112675E13	2929.0	78.0
5.4112683E13	2929.0	78.0
5.4112696E13	2929.0	78.0
5.4112704E13	2929.0	78.0
5.4112712E13	2929.0	78.0
5.4112725E13	2929.0	78.0
5.4112733E13	2929.0	78.0
5.411274E13	2929.0	78.0
5.4112754E13	2929.0	78.0
5.4112763E13	2929.0	78.0
5.4112775E13	2929.0	78.0
5.4112784E13	2929.0	78.0
5.411279E13	2929.0	77.0
5.4112805E13	2928.0	77.0
5.4112813E13	2928.0	77.0
5.4112826E13	2928.0	78.0
5.4112834E13	2929.0	78.0
5.4112842E13	2929.0	78.0
5.4112855E13	2929.0	78.0
5.4112863E13	2929.0	78.0
5.4112876E13	2929.0	78.0
5.4112884E13	2929.0	78.0
5.4112893E13	2929.0	78.0
5.4112905E13	2929.0	78.0
5.4112914E13	2927.0	78.0
5.4112922E13	2927.0	78.0
5.4112935E13	2927.0	78.0
5.4112943E13	2927.0	78.0
5.4112956E13	2930.0	78.0
5.4112964E13	2930.0	78.0
5.4112972E13	2930.0	78.0
5.4112985E13	2931.0	78.0
5.4112993E13	2931.0	78.0
5.4113006E13	2931.0	78.0
5.4113014E13	2931.0	78.0
5.4113023E13	2928.0	78.0
5.4113035E13	2928.0	77.0
5.4113044E13	2928.0	77.0
5.4113052E13	2928.0	77.0
5.4113065E13	2929.0	78.0
5.4113073E13	2929.0	78.0
5.4113086E13	2929.0	78.0
5.4113094E13	2929.0	78.0
5.4113102E13	2928.0	78.0
5.4113115E13	2928.0	77.0
5.4113123E13	2928.0	77.0
5.4113136E13	2925.0	77.0
5.4113144E13	2925.0	77.0
5.4113153E13	2925.0	77.0
5.4113165E13	2925.0	78.0
5.4113174E13	2926.0	78.0
5.4113186E13	2926.0	78.0
5.4113195E13	2926.0	78.0
5.4113203E13	2926.0	78.0
5.4113216E13	2926.0	78.0
5.4113224E13	2926.0	78.0
5.4113232E13	2926.0	78.0
5.4113245E13	2926.0	78.0
5.4113253E13	2926.0	77.0
5.4113266E13	2926.0	77.0
5.4113274E13	2926.0	77.0
5.4113283E13	2927.0	77.0
5.4113295E13	2927.0	77.0
5.4113304E13	2927.0	77.0
5.4113316E13	2927.0	77.0
5.4113325E13	2926.0	77.0
5.4113333E13	2926.0	78.0
5.4113346E13	2926.0	78.0
5.4113354E13	2926.0	78.0
5.4113367E13	2926.0	78.0
5.4113375E13	2926.0	78.0
5.4113383E13	2926.0	78.0
5.4113396E13	2926.0	78.0
5.4113404E13	2925.0	78.0
5.4113413E13	2925.0	78.0
5.4113425E13	2924.0	78.0
5.4113434E13	2924.0	78.0
5.4113446E13	2924.0	78.0
5.4113455E13	2924.0	78.0
5.4113463E13	2924.0	78.0
5.4113476E13	2925.0	78.0
5.4113484E13	2925.0	78.0
5.4113493E13	2925.0	78.0
5.4113505E13	2925.0	78.0
5.4113514E13	2924.0	78.0
5.4113526E13	2924.0	78.0
5.4113534E13	2924.0	78.0
5.4113547E13	2924.0	78.0
5.4113555E13	2926.0	78.0
5.4113564E13	2926.0	78.0
5.4113576E13	2926.0	78.0
5.4113585E13	2925.0	78.0
5.4113593E13	2925.0	78.0
5.4113606E13	2925.0	78.0
5.4113614E13	2925.0	78.0
5.4113627E13	2924.0	78.0
5.4113635E13	2924.0	78.0
5.4113644E13	2924.0	78.0
5.4113656E13	2924.0	78.0
5.4113664E13	2924.0	78.0
5.4113673E13	2924.0	78.0
5.4113685E13	2925.0	78.0
5.4113694E13	2925.0	78.0
5.4113706E13	2925.0	78.0
5.4113715E13	2925.0	78.0
5.4113723E13	2923.0	78.0
5.4113736E13	2923.0	78.0
5.4113744E13	2923.0	78.0
5.4113757E13	2923.0	78.0
5.4113765E13	2924.0	78.0
5.4113774E13	2924.0	78.0
5.4113786E13	2924.0	78.0
5.4113795E13	2924.0	78.0
5.4113807E13	2924.0	78.0
5.4113815E13	2924.0	78.0
5.4113824E13	2924.0	78.0
5.4113836E13	2926.0	78.0
5.4113845E13	2926.0	78.0
5.4113853E13	2926.0	78.0
5.4113866E13	2926.0	78.0
5.4113874E13	2926.0	78.0
5.4113887E13	2926.0	78.0
5.4113895E13	2926.0	78.0
5.4113904E13	2926.0	78.0
5.4113916E13	2926.0	78.0
5.4113925E13	2925.0	78.0
5.4113937E13	2925.0	78.0
5.4113946E13	2925.0	78.0
5.4113954E13	2925.0	78.0
5.4113975E13	2926.0	78.0
5.4113983E13	2926.0	77.0
5.4113996E13	2926.0	77.0
5.4114004E13	2926.0	77.0
5.4114017E13	2926.0	78.0
5.4114025E13	2926.0	78.0
5.4114034E13	2925.0	79.0
5.4114046E13	2925.0	79.0
5.4114055E13	2925.0	79.0
5.4114067E13	2924.0	78.0
5.4114076E13	2924.0	78.0
5.4114084E13	2924.0	78.0
5.4114097E13	2924.0	78.0
5.4114105E13	2924.0	78.0
5.4114113E13	2924.0	78.0
5.4114126E13	2924.0	78.0
5.4114134E13	2924.0	78.0
5.4114147E13	2927.0	78.0
5.4114155E13	2927.0	78.0
5.4114164E13	2927.0	78.0
5.4114176E13	2927.0	78.0
5.4114185E13	2926.0	78.0
5.4114197E13	2926.0	78.0
5.4114206E13	2926.0	78.0
5.4114214E13	2926.0	78.0
5.4114227E13	2928.0	78.0
5.4114235E13	2928.0	78.0
5.4114243E13	2928.0	78.0
5.4114256E13	2927.0	78.0
5.4114264E13	2927.0	78.0
5.4114277E13	2927.0	78.0
5.4114285E13	2927.0	78.0
5.4114294E13	2927.0	78.0
5.4114306E13	2927.0	78.0
5.4114315E13	2927.0	78.0
5.4114327E13	2927.0	78.0
5.4114336E13	2926.0	78.0
5.4114344E13	2926.0	78.0
5.4114357E13	2926.0	78.0
5.4114365E13	2926.0	79.0
5.4114378E13	2929.0	79.0
5.4114386E13	2929.0	78.0
5.4114394E13	2929.0	78.0
5.4114407E13	2929.0	78.0
5.4114415E13	2930.0	78.0
5.4114424E13	2930.0	78.0
5.4114436E13	2930.0	78.0
5.4114445E13	2930.0	78.0
5.4114457E13	2930.0	78.0
5.4114466E13	2930.0	78.0
5.4114474E13	2930.0	78.0
5.4114487E13	2932.0	78.0
5.4114495E13	2932.0	78.0
5.4114508E13	2932.0	78.0
5.4114516E13	2932.0	78.0
5.4114524E13	2932.0	78.0
5.4114537E13	2932.0	78.0
5.4114545E13	2932.0	78.0
5.4114554E13	2932.0	78.0
5.4114566E13	2930.0	78.0
5.4114575E13	2930.0	78.0
5.4114587E13	2930.0	78.0
5.4114596E13	2930.0	78.0
5.4114604E13	2930.0	78.0
5.4114617E13	2930.0	78.0
5.4114625E13	2930.0	78.0
5.4114638E13	2929.0	78.0
5.4114646E13	2929.0	78.0
5.4114654E13	2929.0	78.0
5.4114667E13	2929.0	78.0
5.4114675E13	2931.0	78.0
5.4114684E13	2931.0	78.0
5.4114696E13	2931.0	78.0
5.4114705E13	2931.0	78.0
5.4114717E13	2931.0	78.0
5.4114726E13	2931.0	78.0
5.4114734E13	2931.0	78.0
5.4114747E13	2932.0	78.0
5.4114755E13	2932.0	78.0
5.4114768E13	2932.0	78.0
5.4114776E13	2932.0	78.0
5.4114784E13	2932.0	78.0
5.4114797E13	2932.0	78.0
5.4114805E13	2932.0	78.0
5.411482E13	2932.0	78.0
5.4114826E13	2932.0	78.0
5.4114835E13	2932.0	78.0
5.4114847E13	2932.0	78.0
5.4114856E13	2932.0	78.0
5.4114864E13	2932.0	77.0
5.4114877E13	2932.0	77.0
5.4114885E13	2932.0	78.0
5.4114898E13	2932.0	78.0
5.4114906E13	2932.0	78.0
5.4114914E13	2932.0	79.0
5.4114927E13	2932.0	79.0
5.4114935E13	2930.0	79.0
5.411495E13	2930.0	78.0
5.4114956E13	2930.0	78.0
5.4114965E13	2930.0	78.0
5.4114977E13	2930.0	78.0
5.4114986E13	2930.0	78.0
5.4114994E13	2930.0	78.0
5.4115007E13	2930.0	78.0
5.4115015E13	2931.0	78.0
5.4115028E13	2931.0	78.0
5.4115036E13	2931.0	78.0
5.4115044E13	2932.0	78.0
5.4115057E13	2932.0	78.0
5.4115065E13	2932.0	78.0
5.411508E13	2932.0	78.0
5.411513E13	2931.0	78.0
5.4115137E13	2931.0	78.0
5.4115145E13	2931.0	78.0
5.4115158E13	2931.0	78.0
5.4115166E13	2932.0	78.0
5.4115174E13	2932.0	78.0
5.4115187E13	2932.0	78.0
5.4115195E13	2929.0	78.0
5.411521E13	2929.0	78.0
5.4115216E13	2929.0	78.0
5.4115225E13	2929.0	78.0
5.4115237E13	2931.0	78.0
5.4115246E13	2931.0	78.0
5.411526E13	2931.0	78.0
5.4115267E13	2931.0	78.0
5.4115275E13	2929.0	78.0
5.4115288E13	2929.0	78.0
5.4115296E13	2929.0	78.0
5.4115304E13	2929.0	78.0
5.4115317E13	2930.0	78.0
5.4115325E13	2930.0	78.0
5.411534E13	2930.0	78.0
5.4115346E13	2930.0	78.0
5.4115355E13	2930.0	78.0
5.4115367E13	2930.0	78.0
5.4115376E13	2929.0	78.0
5.411539E13	2929.0	78.0
5.4115397E13	2929.0	78.0
5.4115405E13	2929.0	78.0
5.4115418E13	2929.0	78.0
5.4115426E13	2929.0	78.0
5.411544E13	2929.0	78.0
5.4115447E13	2928.0	78.0
5.4115455E13	2928.0	78.0
5.411547E13	2928.0	78.0
5.4115476E13	2928.0	78.0
5.4115485E13	2928.0	78.0
5.4115497E13	2929.0	78.0
5.4115506E13	2929.0	78.0
5.411552E13	2929.0	78.0
5.4115527E13	2929.0	78.0
5.4115535E13	2925.0	78.0
5.4115548E13	2925.0	78.0
5.4115556E13	2925.0	78.0
5.411557E13	2925.0	78.0
5.4115577E13	2926.0	78.0
5.4115585E13	2926.0	78.0
5.41156E13	2926.0	78.0
5.4115606E13	2926.0	78.0
5.4115615E13	2926.0	78.0
5.4115627E13	2926.0	78.0
5.4115636E13	2926.0	78.0
5.411565E13	2926.0	78.0
5.4115657E13	2926.0	78.0
5.4115665E13	2926.0	78.0
5.4115678E13	2926.0	78.0
5.4115686E13	2926.0	78.0
5.41157E13	2926.0	77.0
5.4115707E13	2926.0	77.0
5.4115716E13	2926.0	78.0
5.411573E13	2925.0	78.0
5.4115736E13	2925.0	78.0
5.4115745E13	2925.0	78.0
5.4115757E13	2924.0	78.0
5.4115766E13	2924.0	78.0
5.411578E13	2924.0	77.0
5.4115787E13	2924.0	77.0
5.4115795E13	2926.0	77.0
5.4115808E13	2926.0	78.0
5.4115816E13	2926.0	78.0
5.411583E13	2926.0	78.0
5.4115837E13	2927.0	78.0
5.4115846E13	2927.0	78.0
5.411586E13	2927.0	78.0
5.4115867E13	2927.0	78.0
5.411588E13	2925.0	78.0
5.4115887E13	2925.0	78.0
5.4115896E13	2925.0	78.0
5.411591E13	2925.0	78.0
5.4115917E13	2925.0	77.0
5.4115925E13	2925.0	78.0
5.4115938E13	2925.0	78.0
5.4115946E13	2927.0	78.0
5.411596E13	2927.0	78.0
5.4115967E13	2927.0	78.0
5.4115976E13	2927.0	78.0
5.411599E13	2926.0	78.0
5.4115997E13	2926.0	78.0
5.411601E13	2926.0	78.0
5.4116018E13	2926.0	78.0
5.4116026E13	2924.0	78.0
5.411604E13	2924.0	78.0
5.4116047E13	2924.0	78.0
5.4116055E13	2924.0	78.0
5.4116068E13	2924.0	78.0
5.4116076E13	2924.0	78.0
5.411609E13	2924.0	78.0
5.4116097E13	2926.0	78.0
5.4116106E13	2926.0	78.0
5.411612E13	2926.0	78.0
5.4116127E13	2926.0	78.0
5.411614E13	2929.0	78.0
5.4116148E13	2929.0	78.0
5.4116156E13	2929.0	78.0
5.411617E13	2928.0	78.0
5.411618E13	2928.0	78.0
5.4116185E13	2928.0	78.0
5.4116198E13	2928.0	78.0
5.4116206E13	2928.0	78.0
5.411622E13	2928.0	78.0
5.4116227E13	2928.0	78.0
5.4116236E13	2930.0	78.0
5.411625E13	2930.0	78.0
5.4116257E13	2930.0	78.0
5.411627E13	2930.0	78.0
5.4116278E13	2930.0	78.0
5.4116286E13	2927.0	78.0
5.41163E13	2927.0	78.0
5.4116307E13	2927.0	78.0
5.411632E13	2927.0	78.0
5.4116328E13	2928.0	78.0
5.4116336E13	2928.0	78.0
5.411635E13	2928.0	78.0
5.4116357E13	2926.0	78.0
5.4116366E13	2926.0	78.0
5.411638E13	2926.0	78.0
5.4116387E13	2926.0	78.0
5.41164E13	2926.0	78.0
5.4116408E13	2926.0	78.0
5.4116416E13	2926.0	78.0
5.411643E13	2927.0	78.0
5.4116437E13	2927.0	78.0
5.411645E13	2927.0	78.0
5.411646E13	2927.0	78.0
5.4116466E13	2927.0	78.0
5.411648E13	2927.0	78.0
5.4116487E13	2927.0	78.0
5.4116496E13	2927.0	78.0
5.411651E13	2928.0	78.0
5.4116517E13	2928.0	78.0
5.411653E13	2928.0	78.0
5.4116538E13	2928.0	78.0
5.4116546E13	2929.0	78.0
5.411656E13	2929.0	78.0
5.4116567E13	2929.0	78.0
5.411658E13	2929.0	78.0
5.411659E13	2926.0	78.0
5.4116596E13	2926.0	78.0
5.411661E13	2926.0	77.0
5.4116617E13	2926.0	77.0
5.4116626E13	2927.0	77.0
5.411664E13	2927.0	78.0
5.4116647E13	2927.0	78.0
5.411666E13	2926.0	78.0
5.4116668E13	2926.0	78.0
5.4116676E13	2926.0	78.0
5.411669E13	2926.0	78.0
5.4116697E13	2928.0	78.0
5.411671E13	2928.0	78.0
5.411672E13	2928.0	78.0
5.4116726E13	2928.0	78.0
5.411674E13	2928.0	78.0
5.4116747E13	2928.0	79.0
5.4116756E13	2928.0	79.0
5.411677E13	2928.0	78.0
5.4116777E13	2927.0	78.0
5.411679E13	2927.0	78.0
5.4116798E13	2927.0	78.0
5.411681E13	2926.0	78.0
5.411682E13	2926.0	78.0
5.4116827E13	2926.0	78.0
5.411684E13	2926.0	78.0
5.411685E13	2928.0	78.0
5.4116856E13	2928.0	78.0
5.411687E13	2928.0	78.0
5.4116877E13	2928.0	78.0
5.411689E13	2930.0	78.0
5.41169E13	2930.0	78.0
5.4116907E13	2930.0	78.0
5.411692E13	2930.0	78.0
5.4116928E13	2930.0	78.0
5.411695E13	2930.0	78.0
5.4116957E13	2930.0	78.0
5.411697E13	2930.0	78.0
5.411698E13	2930.0	78.0
5.4116986E13	2930.0	78.0
5.4117E13	2932.0	78.0
5.4117007E13	2932.0	78.0
5.411702E13	2932.0	78.0
5.411703E13	2932.0	78.0
5.4117037E13	2932.0	78.0
5.411705E13	2932.0	78.0
5.4117058E13	2932.0	78.0
5.4117066E13	2932.0	78.0
5.411708E13	2931.0	78.0
5.4117087E13	2931.0	78.0
5.41171E13	2931.0	78.0
5.411711E13	2933.0	78.0
5.4117116E13	2933.0	78.0
5.411713E13	2933.0	78.0
5.4117137E13	2933.0	78.0
5.411715E13	2932.0	78.0
5.411716E13	2932.0	78.0
5.4117167E13	2932.0	78.0
5.411718E13	2932.0	78.0
5.4117188E13	2933.0	78.0
5.4117196E13	2933.0	78.0
5.411721E13	2933.0	78.0
5.4117217E13	2933.0	78.0
5.411723E13	2932.0	78.0
5.411724E13	2932.0	78.0
5.4117246E13	2932.0	78.0
5.411726E13	2933.0	78.0
5.4117267E13	2933.0	78.0
5.411728E13	2933.0	78.0
5.411729E13	2933.0	78.0
5.4117297E13	2934.0	78.0
5.411731E13	2934.0	78.0
5.4117318E13	2934.0	78.0
5.411733E13	2934.0	78.0
5.411734E13	2934.0	78.0
5.4117347E13	2934.0	78.0
5.411736E13	2931.0	78.0
5.411737E13	2931.0	78.0
5.4117376E13	2931.0	78.0
5.411739E13	2931.0	78.0
5.4117397E13	2931.0	78.0
5.411741E13	2931.0	78.0
5.411742E13	2931.0	78.0
5.4117427E13	2931.0	78.0
5.411744E13	2931.0	78.0
5.4117448E13	2932.0	78.0
5.411746E13	2932.0	78.0
5.411747E13	2932.0	78.0
5.4117477E13	2932.0	78.0
5.411749E13	2933.0	79.0
5.41175E13	2933.0	78.0
5.411751E13	2933.0	78.0
5.411752E13	2929.0	78.0
5.4117527E13	2929.0	78.0
5.411754E13	2929.0	78.0
5.411755E13	2929.0	78.0
5.4117557E13	2930.0	78.0
5.411757E13	2930.0	78.0
5.4117578E13	2930.0	78.0
5.411759E13	2930.0	78.0
5.41176E13	2929.0	78.0
5.4117607E13	2929.0	78.0
5.411762E13	2929.0	78.0
5.411763E13	2929.0	78.0
5.411764E13	2930.0	78.0
5.411765E13	2930.0	78.0
5.4117657E13	2930.0	77.0
5.411767E13	2934.0	77.0
5.411768E13	2934.0	78.0
5.411769E13	2934.0	78.0
5.41177E13	2931.0	78.0
5.4117708E13	2931.0	78.0
5.411772E13	2931.0	78.0
5.411773E13	2931.0	78.0
5.4117737E13	2931.0	78.0
5.411775E13	2931.0	78.0
5.411776E13	2931.0	78.0
5.411777E13	2931.0	78.0
5.411778E13	2930.0	78.0
5.4117788E13	2930.0	78.0
5.41178E13	2930.0	78.0
5.411781E13	2930.0	78.0
5.411782E13	2930.0	78.0
5.411783E13	2930.0	78.0
5.4117838E13	2930.0	78.0
5.411785E13	2930.0	78.0
5.411786E13	2928.0	78.0
5.4117867E13	2928.0	78.0
5.411788E13	2928.0	78.0
5.411789E13	2928.0	78.0
5.41179E13	2930.0	78.0
5.411791E13	2930.0	78.0
5.411793E13	2930.0	78.0
5.411794E13	2929.0	78.0
5.411795E13	2929.0	78.0
5.411796E13	2929.0	78.0
5.4117968E13	2930.0	78.0
5.411798E13	2930.0	78.0
5.411799E13	2930.0	78.0
5.4117997E13	2930.0	78.0
5.411801E13	2931.0	78.0
5.411802E13	2931.0	78.0
5.411803E13	2931.0	78.0
5.411804E13	2931.0	78.0
5.4118048E13	2934.0	78.0
5.411806E13	2934.0	78.0
5.411807E13	2934.0	78.0
5.411808E13	2934.0	78.0
5.411809E13	2934.0	78.0
5.4118098E13	2934.0	78.0
5.411811E13	2934.0	78.0
5.411812E13	2932.0	78.0
5.4118127E13	2932.0	78.0
5.411814E13	2932.0	78.0
5.411815E13	2932.0	78.0
5.411816E13	2934.0	78.0
5.411817E13	2934.0	78.0
5.4118178E13	2934.0	78.0
5.411819E13	2934.0	78.0
5.41182E13	2931.0	78.0
5.411821E13	2931.0	78.0
5.411822E13	2931.0	78.0
5.4118228E13	2931.0	78.0
5.411824E13	2934.0	78.0
5.411825E13	2934.0	78.0
5.411826E13	2934.0	78.0
5.411827E13	2933.0	78.0
5.411828E13	2933.0	78.0
5.411829E13	2933.0	78.0
5.41183E13	2933.0	78.0
5.4118308E13	2936.0	78.0
5.411832E13	2936.0	78.0
5.411833E13	2936.0	78.0
5.411834E13	2937.0	78.0
5.411835E13	2937.0	78.0
5.411836E13	2937.0	78.0
5.411837E13	2937.0	78.0
5.411838E13	2937.0	78.0
5.411839E13	2937.0	78.0
5.41184E13	2937.0	78.0
5.411841E13	2937.0	78.0
5.411842E13	2937.0	78.0
5.411843E13	2937.0	78.0
5.4118438E13	2937.0	78.0
5.411845E13	2937.0	78.0
5.411846E13	2938.0	78.0
5.411847E13	2938.0	78.0
5.411848E13	2938.0	78.0
5.411849E13	2938.0	78.0
5.41185E13	2937.0	78.0
5.411851E13	2937.0	78.0
5.411852E13	2937.0	78.0
5.411853E13	2937.0	78.0
5.411854E13	2937.0	78.0
5.411855E13	2937.0	78.0
5.411856E13	2937.0	78.0
5.411858E13	2939.0	78.0
5.411859E13	2939.0	79.0
5.41186E13	2939.0	79.0
5.411861E13	2936.0	79.0
5.411862E13	2936.0	78.0
5.411863E13	2936.0	78.0
5.411864E13	2936.0	78.0
5.411865E13	2937.0	78.0
5.411866E13	2937.0	78.0
5.411867E13	2937.0	78.0
5.411868E13	2937.0	79.0
5.411869E13	2937.0	79.0
5.41187E13	2937.0	79.0
5.411871E13	2937.0	79.0
5.411872E13	2938.0	79.0
5.411873E13	2938.0	79.0
5.411874E13	2938.0	78.0
5.411875E13	2938.0	78.0
5.411876E13	2937.0	78.0
5.411877E13	2937.0	78.0
5.411878E13	2937.0	78.0
5.411879E13	2937.0	78.0
5.41188E13	2939.0	78.0
5.411881E13	2939.0	78.0
5.411882E13	2939.0	78.0
5.411883E13	2939.0	78.0
5.411884E13	2937.0	78.0
5.411885E13	2937.0	78.0
5.411886E13	2937.0	78.0
5.411887E13	2938.0	78.0
5.411888E13	2938.0	78.0
5.411889E13	2938.0	78.0
5.41189E13	2938.0	78.0
5.411891E13	2937.0	78.0
5.411892E13	2937.0	78.0
5.411893E13	2937.0	78.0
5.411894E13	2937.0	78.0
5.411895E13	2937.0	78.0
5.411896E13	2937.0	78.0
5.411897E13	2937.0	78.0
5.411898E13	2937.0	78.0
5.411899E13	2937.0	78.0
5.4119E13	2937.0	78.0
5.4119012E13	2937.0	78.0
5.411902E13	2941.0	78.0
5.411903E13	2941.0	78.0
5.411904E13	2941.0	78.0
5.411905E13	2941.0	78.0
5.411906E13	2940.0	78.0
5.411907E13	2940.0	78.0
5.411908E13	2940.0	78.0
5.411909E13	2940.0	78.0
5.41191E13	2940.0	78.0
5.411911E13	2940.0	78.0
5.411912E13	2940.0	78.0
5.411913E13	2941.0	78.0
5.4119142E13	2941.0	78.0
5.411915E13	2941.0	78.0
5.411916E13	2941.0	78.0
5.411917E13	2941.0	78.0
5.411918E13	2941.0	78.0
5.411919E13	2941.0	78.0
5.41192E13	2941.0	78.0
5.411921E13	2941.0	78.0
5.411922E13	2941.0	78.0
5.4119243E13	2941.0	78.0
5.411925E13	2940.0	78.0
5.411926E13	2940.0	78.0
5.4119272E13	2938.0	78.0
5.411928E13	2938.0	78.0
5.411929E13	2938.0	78.0
5.41193E13	2938.0	78.0
5.411931E13	2938.0	78.0
5.411932E13	2940.0	78.0
5.411933E13	2940.0	46.0
5.411934E13	2940.0	78.0
5.411935E13	2939.0	78.0
5.411936E13	2939.0	78.0
5.411937E13	2939.0	78.0
5.411938E13	2939.0	78.0
5.411939E13	2939.0	78.0
5.4119402E13	2939.0	78.0
5.411941E13	2939.0	78.0
5.411942E13	2939.0	78.0
5.411943E13	2937.0	78.0
5.411944E13	2937.0	78.0
5.411945E13	2937.0	78.0
5.411946E13	2939.0	57.0
5.411947E13	2939.0	78.0
5.411948E13	2939.0	78.0
5.411949E13	2939.0	78.0
5.41195E13	2939.0	78.0
5.411951E13	2939.0	78.0
5.411952E13	2939.0	78.0
5.411954E13	2939.0	78.0
5.411955E13	2940.0	78.0
5.411956E13	2940.0	78.0
5.411957E13	2940.0	78.0
5.4119583E13	2938.0	78.0
5.411959E13	2938.0	78.0
5.41196E13	2938.0	78.0
5.411961E13	2938.0	78.0
5.411962E13	2941.0	78.0
5.411963E13	2941.0	78.0
5.411964E13	2941.0	78.0
5.411965E13	2941.0	78.0
5.4119662E13	2939.0	78.0
5.411967E13	2939.0	78.0
5.411968E13	2939.0	78.0
5.411969E13	2939.0	78.0
5.41197E13	2938.0	78.0
5.4119713E13	2938.0	78.0
5.411972E13	2938.0	78.0
5.411973E13	2939.0	78.0
5.411974E13	2939.0	78.0
5.411975E13	2939.0	78.0
5.411976E13	2939.0	78.0
5.411977E13	2938.0	78.0
5.411978E13	2938.0	78.0
5.4119792E13	2938.0	78.0
5.41198E13	2938.0	78.0
5.411981E13	2936.0	78.0
5.411982E13	2936.0	78.0
5.411983E13	2936.0	78.0
5.4119843E13	2936.0	78.0
5.411985E13	2938.0	78.0
5.411986E13	2938.0	78.0
5.411987E13	2938.0	78.0
5.411988E13	2941.0	78.0
5.411989E13	2941.0	78.0
5.41199E13	2941.0	78.0
5.411991E13	2941.0	78.0
5.4119922E13	2939.0	78.0
5.411993E13	2939.0	78.0
5.411994E13	2939.0	78.0
5.411995E13	2939.0	78.0
5.411996E13	2939.0	78.0
5.4119973E13	2939.0	78.0
5.411998E13	2939.0	78.0
5.411999E13	2939.0	78.0
5.412E13	2940.0	78.0
5.412001E13	2940.0	78.0
5.4120023E13	2940.0	78.0
5.412003E13	2938.0	78.0
5.412004E13	2938.0	78.0
5.4120052E13	2938.0	78.0
5.412006E13	2938.0	78.0
5.412007E13	2941.0	78.0
5.412008E13	2941.0	78.0
5.412009E13	2941.0	78.0
5.4120103E13	2941.0	78.0
5.412011E13	2940.0	78.0
5.412012E13	2940.0	78.0
5.4120132E13	2940.0	78.0
5.412014E13	2940.0	78.0
5.4120153E13	2940.0	78.0
5.412016E13	2940.0	78.0
5.412017E13	2940.0	78.0
5.4120182E13	2940.0	78.0
5.412019E13	2940.0	78.0
5.41202E13	2940.0	78.0
5.412021E13	2940.0	78.0
5.412022E13	2941.0	78.0
5.4120233E13	2941.0	78.0
5.412024E13	2941.0	78.0
5.412025E13	2941.0	78.0
5.4120262E13	2940.0	78.0
5.412027E13	2940.0	78.0
5.4120283E13	2940.0	78.0
5.412029E13	2940.0	78.0
5.41203E13	2941.0	78.0
5.4120312E13	2941.0	78.0
5.412032E13	2941.0	78.0
5.4120333E13	2940.0	78.0
5.412034E13	2940.0	78.0
5.412035E13	2940.0	78.0
5.4120363E13	2939.0	78.0
5.412037E13	2939.0	78.0
5.412038E13	2939.0	78.0
5.4120392E13	2939.0	78.0
5.41204E13	2940.0	78.0
5.4120413E13	2940.0	78.0
5.412042E13	2940.0	78.0
5.412043E13	2940.0	78.0
5.4120442E13	2940.0	78.0
5.412045E13	2939.0	78.0
5.4120463E13	2939.0	78.0
5.412047E13	2939.0	78.0
5.412048E13	2939.0	78.0
5.4120493E13	2939.0	78.0
5.41205E13	2939.0	78.0
5.412051E13	2939.0	78.0
5.4120522E13	2939.0	78.0
5.412053E13	2939.0	78.0
5.4120543E13	2939.0	78.0
5.412055E13	2939.0	78.0
5.412056E13	2940.0	78.0
5.4120573E13	2940.0	78.0
5.412058E13	2940.0	78.0
5.4120593E13	2940.0	78.0
5.41206E13	2941.0	78.0
5.412061E13	2941.0	77.0
5.4120623E13	2941.0	78.0
5.412063E13	2939.0	78.0
5.412064E13	2939.0	78.0
5.4120652E13	2939.0	79.0
5.412066E13	2939.0	79.0
5.4120673E13	2938.0	79.0
5.412068E13	2938.0	78.0
5.412069E13	2938.0	78.0
5.4120703E13	2938.0	78.0
5.412071E13	2939.0	78.0
5.4120724E13	2939.0	78.0
5.412073E13	2939.0	78.0
5.412074E13	2939.0	78.0
5.4120753E13	2941.0	78.0
5.412076E13	2941.0	78.0
5.4120774E13	2941.0	78.0
5.4120782E13	2939.0	78.0
5.412079E13	2939.0	78.0
5.4120803E13	2939.0	78.0
5.412081E13	2939.0	78.0
5.412082E13	2938.0	78.0
5.4120833E13	2938.0	78.0
5.412084E13	2938.0	78.0
5.4120854E13	2938.0	78.0
5.412086E13	2937.0	78.0
5.412087E13	2937.0	78.0
5.4120883E13	2937.0	78.0
5.412089E13	2940.0	78.0
5.4120904E13	2940.0	78.0
5.4120912E13	2940.0	78.0
5.412092E13	2940.0	78.0
5.4120933E13	2941.0	78.0
5.412094E13	2941.0	78.0
5.412095E13	2941.0	78.0
5.4120963E13	2941.0	78.0
5.412097E13	2942.0	78.0
5.4120984E13	2942.0	78.0
5.412099E13	2942.0	78.0
5.4121E13	2942.0	78.0
5.4121013E13	2942.0	78.0
5.412102E13	2942.0	78.0
5.4121034E13	2942.0	78.0
5.4121042E13	2942.0	78.0
5.412105E13	2942.0	78.0
5.4121063E13	2942.0	78.0
5.412107E13	2942.0	78.0
5.4121084E13	2944.0	78.0
5.4121093E13	2944.0	78.0
5.41211E13	2944.0	78.0
5.4121114E13	2941.0	78.0
5.412112E13	2941.0	78.0
5.412113E13	2941.0	78.0
5.4121143E13	2941.0	78.0
5.412115E13	2941.0	78.0
5.4121164E13	2943.0	78.0
5.4121172E13	2943.0	78.0
5.412118E13	2943.0	78.0
5.4121197E13	2942.0	78.0
5.41212E13	2942.0	78.0
5.4121214E13	2942.0	78.0
5.4121223E13	2942.0	78.0
5.412123E13	2943.0	78.0
5.4121244E13	2943.0	78.0
5.412125E13	2943.0	78.0
5.412126E13	2943.0	78.0
5.4121273E13	2940.0	78.0
5.412128E13	2940.0	78.0
5.4121294E13	2940.0	78.0
5.4121302E13	2940.0	78.0
5.412131E13	2942.0	78.0
5.4121323E13	2942.0	78.0
5.412133E13	2942.0	78.0
5.4121344E13	2944.0	78.0
5.4121353E13	2944.0	78.0
5.412136E13	2944.0	78.0
5.4121374E13	2944.0	78.0
5.412138E13	2944.0	78.0
5.412139E13	2944.0	78.0
5.4121403E13	2944.0	78.0
5.412141E13	2942.0	78.0
5.4121424E13	2942.0	78.0
5.4121432E13	2942.0	78.0
5.412144E13	2942.0	78.0
5.4121453E13	2942.0	78.0
5.412146E13	2944.0	78.0
5.4121474E13	2944.0	78.0
5.4121483E13	2946.0	78.0
5.412149E13	2946.0	78.0
5.4121504E13	2946.0	78.0
5.412151E13	2946.0	78.0
5.412152E13	2946.0	78.0
5.4121533E13	2944.0	78.0
5.412154E13	2944.0	78.0
5.4121554E13	2944.0	79.0
5.4121562E13	2944.0	79.0
5.412157E13	2944.0	78.0
5.4121583E13	2944.0	78.0
5.412159E13	2944.0	78.0
5.4121604E13	2944.0	78.0
5.4121613E13	2944.0	78.0
5.412162E13	2944.0	78.0
5.4121634E13	2944.0	79.0
5.412164E13	2945.0	79.0
5.4121655E13	2945.0	78.0
5.4121663E13	2945.0	78.0
5.412167E13	2945.0	78.0
5.4121684E13	2942.0	78.0
5.4121692E13	2942.0	78.0
5.41217E13	2942.0	78.0
5.4121713E13	2942.0	78.0
5.412172E13	2943.0	78.0
5.4121734E13	2943.0	78.0
5.4121743E13	2943.0	78.0
5.412175E13	2943.0	78.0
5.4121764E13	2943.0	78.0
5.412177E13	2943.0	78.0
5.412178E13	2943.0	78.0
5.4121793E13	2943.0	78.0
5.41218E13	2943.0	78.0
5.4121814E13	2943.0	78.0
5.4121822E13	2943.0	78.0
5.412183E13	2943.0	78.0
5.4121843E13	2943.0	78.0
5.412185E13	2943.0	78.0
5.4121864E13	2943.0	78.0
5.4121873E13	2946.0	78.0
5.412188E13	2946.0	78.0
5.4121894E13	2946.0	78.0
5.4121902E13	2946.0	78.0
5.4121915E13	2941.0	78.0
5.4121923E13	2941.0	78.0
5.412193E13	2941.0	78.0
5.4121944E13	2945.0	78.0
5.4121952E13	2945.0	78.0
5.412196E13	2945.0	78.0
5.4121973E13	2945.0	78.0
5.412198E13	2944.0	78.0
5.4121994E13	2944.0	78.0
5.4122003E13	2944.0	78.0
5.412201E13	2944.0	78.0
5.4122024E13	2944.0	78.0
5.4122032E13	2944.0	78.0
5.4122045E13	2944.0	78.0
5.4122053E13	2944.0	78.0
5.412206E13	2944.0	78.0
5.4122074E13	2944.0	78.0
5.4122082E13	2944.0	78.0
5.4122095E13	2943.0	78.0
5.4122103E13	2943.0	78.0
5.412211E13	2943.0	78.0
5.4122124E13	2943.0	78.0
5.4122133E13	2943.0	78.0
5.412214E13	2943.0	78.0
5.4122154E13	2943.0	78.0
5.4122162E13	2943.0	78.0
5.4122175E13	2942.0	78.0
5.4122183E13	2942.0	78.0
5.412219E13	2942.0	78.0
5.4122204E13	2942.0	78.0
5.4122212E13	2941.0	78.0
5.4122225E13	2941.0	78.0
5.4122233E13	2941.0	78.0
5.412224E13	2940.0	78.0
5.4122254E13	2940.0	78.0
5.4122263E13	2940.0	78.0
5.412227E13	2939.0	78.0
5.4122284E13	2939.0	78.0
5.4122292E13	2939.0	78.0
5.4122305E13	2939.0	78.0
5.4122317E13	2941.0	78.0
5.412232E13	2941.0	78.0
5.4122334E13	2941.0	78.0
5.4122343E13	2941.0	78.0
5.4122355E13	2941.0	78.0
5.4122363E13	2940.0	78.0
5.412237E13	2940.0	78.0
5.4122384E13	2940.0	78.0
5.4122393E13	2941.0	78.0
5.4122405E13	2941.0	78.0
5.4122414E13	2941.0	78.0
5.4122422E13	2941.0	78.0
5.4122435E13	2940.0	78.0
5.4122443E13	2940.0	78.0
5.412245E13	2940.0	78.0
5.4122464E13	2942.0	78.0
5.4122473E13	2942.0	78.0
5.4122485E13	2942.0	78.0
5.4122494E13	2942.0	78.0
5.41225E13	2942.0	78.0
5.4122514E13	2940.0	78.0
5.4122523E13	2940.0	78.0
5.412253E13	2940.0	78.0
5.4122544E13	2938.0	78.0
5.4122552E13	2938.0	78.0
5.4122565E13	2938.0	78.0
5.4122573E13	2938.0	78.0
5.412258E13	2939.0	78.0
5.4122594E13	2939.0	78.0
5.4122603E13	2939.0	78.0
5.4122615E13	2939.0	78.0
5.4122624E13	2940.0	78.0
5.412263E13	2940.0	78.0
5.4122645E13	2940.0	78.0
5.4122653E13	2938.0	79.0
5.4122665E13	2938.0	79.0
5.4122674E13	2938.0	78.0
5.4122682E13	2938.0	78.0
5.4122695E13	2939.0	78.0
5.4122703E13	2939.0	47.0
5.4122716E13	2939.0	47.0
5.4122724E13	2939.0	78.0
5.4122737E13	2937.0	78.0
5.4122745E13	2937.0	78.0
5.4122754E13	2937.0	78.0
5.412276E13	2937.0	78.0
5.4122775E13	2940.0	78.0
5.4122783E13	2940.0	78.0
5.4122795E13	2940.0	78.0
5.4122804E13	2939.0	78.0
5.4122812E13	2939.0	78.0
5.4122825E13	2939.0	78.0
5.4122833E13	2939.0	78.0
5.412284E13	2939.0	78.0
5.4122854E13	2939.0	78.0
5.4122863E13	2939.0	78.0
5.4122875E13	2939.0	78.0
5.4122884E13	2941.0	78.0
5.412289E13	2941.0	78.0
5.4122905E13	2941.0	78.0
5.4122913E13	2941.0	78.0
5.4122926E13	2940.0	78.0
5.4122934E13	2940.0	78.0
5.4122942E13	2940.0	78.0
5.4122955E13	2938.0	78.0
5.4122963E13	2938.0	78.0
5.412297E13	2938.0	78.0
5.4122984E13	2938.0	78.0
5.4122993E13	2941.0	78.0
5.4123005E13	2941.0	78.0
5.4123014E13	2941.0	78.0
5.412302E13	2941.0	78.0
5.4123035E13	2942.0	78.0
5.4123043E13	2942.0	78.0
5.4123056E13	2942.0	78.0
5.4123064E13	2942.0	78.0
5.4123072E13	2942.0	78.0
5.4123085E13	2942.0	78.0
5.4123093E13	2942.0	78.0
5.4123106E13	2942.0	78.0
5.4123114E13	2942.0	78.0
5.4123127E13	2942.0	78.0
5.4123135E13	2942.0	78.0
5.4123144E13	2944.0	78.0
5.412315E13	2944.0	78.0
5.4123165E13	2944.0	78.0
5.4123173E13	2944.0	78.0
5.4123186E13	2944.0	78.0
5.4123194E13	2944.0	78.0
5.4123202E13	2944.0	78.0
5.4123215E13	2944.0	78.0
5.4123223E13	2944.0	78.0
5.4123236E13	2944.0	78.0
5.4123244E13	2944.0	78.0
5.4123253E13	2943.0	78.0
5.4123265E13	2943.0	78.0
5.4123274E13	2943.0	78.0
5.412328E13	2943.0	78.0
5.4123295E13	2942.0	78.0
5.4123303E13	2942.0	78.0
5.4123316E13	2942.0	78.0
5.4123324E13	2942.0	78.0
5.4123332E13	2942.0	78.0
5.4123345E13	2942.0	78.0
5.4123353E13	2942.0	78.0
5.4123366E13	2942.0	78.0
5.4123374E13	2943.0	78.0
5.4123383E13	2943.0	78.0
5.4123395E13	2943.0	78.0
5.4123404E13	2942.0	78.0
5.412341E13	2942.0	78.0
5.4123425E13	2942.0	78.0
5.4123433E13	2942.0	78.0
5.4123446E13	2943.0	78.0
5.4123454E13	2943.0	78.0
5.4123462E13	2943.0	78.0
5.4123475E13	2943.0	78.0
5.4123483E13	2941.0	78.0
5.4123496E13	2941.0	79.0
5.4123504E13	2941.0	79.0
5.4123513E13	2941.0	78.0
5.4123525E13	2942.0	78.0
5.4123534E13	2942.0	78.0
5.4123546E13	2942.0	78.0
5.4123555E13	2943.0	78.0
5.4123563E13	2943.0	78.0
5.4123576E13	2943.0	78.0
5.4123584E13	2943.0	78.0
5.4123592E13	2943.0	79.0
5.4123605E13	2943.0	79.0
5.4123613E13	2943.0	79.0
5.4123626E13	2943.0	78.0
5.4123634E13	2943.0	78.0
5.4123643E13	2943.0	78.0
5.4123655E13	2943.0	78.0
5.4123664E13	2943.0	78.0
5.4123676E13	2944.0	78.0
5.4123685E13	2944.0	78.0
5.4123693E13	2944.0	78.0
5.4123706E13	2943.0	78.0
5.4123714E13	2943.0	78.0
5.4123722E13	2943.0	78.0
5.4123735E13	2943.0	78.0
5.4123743E13	2946.0	78.0
5.4123756E13	2946.0	78.0
5.4123764E13	2946.0	78.0
5.4123773E13	2946.0	78.0
5.4123785E13	2944.0	78.0
5.4123794E13	2944.0	78.0
5.4123806E13	2944.0	78.0
5.4123815E13	2944.0	78.0
5.4123823E13	2944.0	78.0
5.4123836E13	2944.0	78.0
5.4123844E13	2944.0	78.0
5.4123857E13	2944.0	78.0
5.4123865E13	2944.0	78.0
5.4123873E13	2944.0	78.0
5.4123886E13	2944.0	78.0
5.4123894E13	2946.0	78.0
5.4123903E13	2946.0	78.0
5.4123915E13	2946.0	78.0
5.4123924E13	2946.0	78.0
5.4123936E13	2944.0	78.0
5.4123945E13	2944.0	78.0
5.4123953E13	2944.0	78.0
5.4123966E13	2944.0	78.0
5.4123974E13	2947.0	78.0
5.4123987E13	2947.0	78.0
5.4123995E13	2947.0	78.0
5.4124003E13	2946.0	78.0
5.4124016E13	2946.0	78.0
5.4124024E13	2946.0	78.0
5.4124033E13	2946.0	78.0
5.4124045E13	2948.0	78.0
5.4124054E13	2948.0	78.0
5.4124066E13	2948.0	78.0
5.4124075E13	2948.0	78.0
5.4124083E13	2946.0	78.0
5.4124096E13	2946.0	78.0
5.4124104E13	2946.0	78.0
5.4124117E13	2946.0	78.0
5.4124125E13	2950.0	78.0
5.4124133E13	2950.0	78.0
5.4124146E13	2950.0	78.0
5.4124154E13	2949.0	78.0
5.4124167E13	2949.0	78.0
5.4124175E13	2949.0	78.0
5.4124184E13	2949.0	78.0
5.4124196E13	2948.0	78.0
5.4124205E13	2948.0	78.0
5.4124213E13	2948.0	78.0
5.4124226E13	2948.0	78.0
5.4124234E13	2947.0	78.0
5.4124247E13	2947.0	78.0
5.4124255E13	2947.0	78.0
5.4124264E13	2947.0	78.0
5.4124276E13	2948.0	78.0
5.4124284E13	2948.0	78.0
5.4124297E13	2949.0	78.0
5.4124305E13	2949.0	78.0
5.4124314E13	2949.0	78.0
5.4124326E13	2949.0	78.0
5.4124335E13	2948.0	78.0
5.4124343E13	2948.0	78.0
5.4124356E13	2948.0	78.0
5.4124364E13	2948.0	78.0
5.4124377E13	2949.0	78.0
5.4124385E13	2949.0	78.0
5.4124394E13	2949.0	78.0
5.4124406E13	2947.0	78.0
5.4124415E13	2947.0	57.0
5.4124427E13	2947.0	78.0
5.4124435E13	2947.0	78.0
5.4124444E13	2947.0	78.0
5.4124456E13	2948.0	78.0
5.4124465E13	2948.0	78.0
5.4124477E13	2948.0	79.0
5.4124486E13	2948.0	78.0
5.4124494E13	2947.0	78.0
5.4124507E13	2947.0	78.0
5.4124515E13	2947.0	78.0
5.4124524E13	2947.0	78.0
5.4124536E13	2948.0	78.0
5.4124545E13	2948.0	78.0
5.4124557E13	2948.0	78.0
5.4124565E13	2948.0	78.0
5.4124574E13	2948.0	78.0
5.4124586E13	2948.0	78.0
5.4124595E13	2948.0	78.0
5.4124607E13	2945.0	78.0
5.4124616E13	2945.0	78.0
5.4124624E13	2945.0	78.0
5.4124637E13	2945.0	78.0
5.4124645E13	2946.0	78.0
5.4124654E13	2946.0	78.0
5.4124666E13	2946.0	78.0
5.4124675E13	2946.0	78.0
5.4124687E13	2946.0	78.0
5.4124696E13	2946.0	78.0
5.4124704E13	2946.0	78.0
5.4124716E13	2946.0	78.0
5.4124725E13	2946.0	78.0
5.4124737E13	2946.0	78.0
5.4124746E13	2946.0	78.0
5.4124754E13	2945.0	78.0
5.4124767E13	2945.0	78.0
5.4124775E13	2945.0	78.0
5.4124788E13	2945.0	78.0
5.4124796E13	2945.0	78.0
5.4124805E13	2945.0	78.0
5.4124817E13	2945.0	78.0
5.4124826E13	2945.0	78.0
5.4124834E13	2946.0	78.0
5.4124847E13	2946.0	78.0
5.4124855E13	2946.0	78.0
5.4124867E13	2945.0	78.0
5.4124876E13	2945.0	78.0
5.4124884E13	2945.0	78.0
5.4124897E13	2945.0	78.0
5.4124905E13	2945.0	78.0
5.4124918E13	2945.0	78.0
5.4124926E13	2945.0	78.0
5.4124935E13	2945.0	78.0
5.4124947E13	2944.0	78.0
5.4124956E13	2944.0	78.0
5.4124964E13	2944.0	78.0
5.4124977E13	2944.0	78.0
5.4124985E13	2945.0	78.0
5.4124998E13	2945.0	78.0
5.4125006E13	2945.0	78.0
5.4125014E13	2944.0	78.0
5.4125027E13	2944.0	78.0
5.4125035E13	2944.0	78.0
5.4125048E13	2944.0	78.0
5.4125056E13	2945.0	78.0
5.4125065E13	2945.0	78.0
5.4125077E13	2945.0	78.0
5.4125086E13	2945.0	78.0
5.4125115E13	2947.0	78.0
5.4125128E13	2947.0	78.0
5.4125136E13	2943.0	78.0
5.4125144E13	2943.0	78.0
5.4125157E13	2943.0	78.0
5.4125165E13	2944.0	78.0
5.4125178E13	2944.0	78.0
5.4125186E13	2944.0	78.0
5.4125195E13	2944.0	78.0
5.4125207E13	2946.0	78.0
5.4125216E13	2946.0	78.0
5.4125224E13	2946.0	78.0
5.4125237E13	2946.0	78.0
5.4125245E13	2945.0	78.0
5.4125258E13	2945.0	78.0
5.4125266E13	2945.0	78.0
5.4125274E13	2945.0	78.0
5.4125287E13	2947.0	78.0
5.4125295E13	2947.0	78.0
5.4125308E13	2947.0	78.0
5.4125316E13	2946.0	78.0
5.4125325E13	2946.0	78.0
5.412534E13	2946.0	78.0
5.4125346E13	2947.0	78.0
5.412536E13	2947.0	78.0
5.4125367E13	2947.0	78.0
5.412538E13	2947.0	78.0
5.4125388E13	2946.0	78.0
5.4125396E13	2946.0	78.0
5.4125404E13	2946.0	78.0
5.4125417E13	2946.0	78.0
5.4125425E13	2946.0	79.0
5.412544E13	2946.0	79.0
5.4125446E13	2946.0	78.0
5.412549E13	2947.0	57.0
5.4125455E13	2947.0	57.0
5.4125467E13	2947.0	57.0
5.4125476E13	2947.0	57.0
5.4125497E13	2946.0	79.0
5.4125505E13	2946.0	79.0
5.4125518E13	2946.0	79.0
5.4125526E13	2946.0	79.0
5.4125534E13	2948.0	79.0
5.4125547E13	2948.0	79.0
5.4125555E13	2948.0	79.0
5.412557E13	2948.0	79.0
5.4125576E13	2948.0	79.0
5.4125585E13	2947.0	79.0
5.4125597E13	2947.0	78.0
5.4125606E13	2947.0	78.0
5.412562E13	2948.0	78.0
5.4125627E13	2948.0	78.0
5.4125635E13	2948.0	78.0
5.4125648E13	2948.0	78.0
5.4125656E13	2947.0	78.0
5.412567E13	2947.0	78.0
5.4125677E13	2947.0	78.0
5.4125685E13	2947.0	78.0
5.41257E13	2948.0	78.0
5.4125706E13	2948.0	78.0
5.4125715E13	2948.0	78.0
5.4125727E13	2948.0	78.0
5.4125736E13	2946.0	78.0
5.412575E13	2946.0	78.0
5.4125757E13	2946.0	78.0
5.4125765E13	2948.0	78.0
5.4125778E13	2948.0	78.0
5.4125786E13	2948.0	78.0
5.41258E13	2948.0	79.0
5.4125807E13	2949.0	79.0
5.4125815E13	2949.0	79.0
5.412583E13	2949.0	79.0
5.4125836E13	2949.0	79.0
5.4125845E13	2950.0	78.0
5.4125857E13	2950.0	78.0
5.4125866E13	2950.0	78.0
5.412588E13	2950.0	78.0
5.4125887E13	2949.0	78.0
5.4125895E13	2949.0	78.0
5.4125908E13	2949.0	78.0
5.4125916E13	2953.0	78.0
5.412593E13	2953.0	79.0
5.4125937E13	2953.0	79.0
5.4125945E13	2953.0	79.0
5.412596E13	2952.0	79.0
5.4125966E13	2952.0	79.0
5.412598E13	2952.0	79.0
5.4125987E13	2952.0	78.0
5.4125996E13	2952.0	78.0
5.412601E13	2952.0	78.0
5.4126017E13	2952.0	78.0
5.4126025E13	2952.0	78.0
5.4126038E13	2952.0	78.0
5.4126046E13	2952.0	79.0
5.412606E13	2954.0	79.0
5.4126067E13	2954.0	79.0
5.4126075E13	2954.0	79.0
5.412609E13	2954.0	79.0
5.4126096E13	2952.0	79.0
5.412611E13	2952.0	79.0
5.4126117E13	2952.0	79.0
5.4126126E13	2952.0	79.0
5.412614E13	2952.0	78.0
5.4126147E13	2952.0	78.0
5.4126155E13	2952.0	78.0
5.4126168E13	2954.0	78.0
5.4126176E13	2954.0	78.0
5.412619E13	2954.0	79.0
5.4126197E13	2954.0	79.0
5.4126205E13	2954.0	79.0
5.412622E13	2954.0	79.0
5.4126226E13	2954.0	79.0
5.412624E13	2954.0	79.0
5.4126247E13	2954.0	79.0
5.4126256E13	2953.0	79.0
5.412627E13	2953.0	79.0
5.4126277E13	2953.0	79.0
5.4126285E13	2953.0	79.0
5.4126298E13	2952.0	79.0
5.4126306E13	2952.0	79.0
5.412632E13	2952.0	79.0
5.4126327E13	2955.0	79.0
5.4126335E13	2955.0	79.0
5.412635E13	2955.0	79.0
5.4126356E13	2955.0	78.0
5.412637E13	2953.0	78.0
5.4126377E13	2953.0	79.0
5.4126386E13	2953.0	79.0
5.41264E13	2953.0	79.0
5.4126407E13	2954.0	78.0
5.4126415E13	2954.0	78.0
5.4126428E13	2954.0	77.0
5.4126436E13	2954.0	77.0
5.412645E13	2954.0	77.0
5.4126457E13	2954.0	77.0
5.4126466E13	2954.0	77.0
5.412648E13	2954.0	78.0
5.4126486E13	2954.0	78.0
5.41265E13	2954.0	78.0
5.4126507E13	2954.0	78.0
5.4126516E13	2954.0	78.0
5.412653E13	2954.0	79.0
5.4126537E13	2954.0	78.0
5.4126545E13	2954.0	79.0
5.4126558E13	2949.0	78.0
5.4126566E13	2949.0	78.0
5.412658E13	2949.0	78.0
5.4126587E13	2949.0	78.0
5.4126596E13	2951.0	78.0
5.412661E13	2951.0	78.0
5.4126617E13	2951.0	78.0
5.412663E13	2949.0	78.0
5.4126637E13	2949.0	78.0
5.4126646E13	2949.0	78.0
5.412666E13	2949.0	78.0
5.4126667E13	2948.0	78.0
5.412668E13	2948.0	78.0
5.4126688E13	2948.0	78.0
5.4126696E13	2948.0	78.0
5.412671E13	2946.0	78.0
5.4126717E13	2946.0	78.0
5.4126726E13	2946.0	78.0
5.412674E13	2946.0	78.0
5.4126747E13	2949.0	78.0
5.412676E13	2949.0	78.0
5.4126768E13	2949.0	78.0
5.4126776E13	2949.0	78.0
5.412679E13	2949.0	78.0
5.4126797E13	2949.0	78.0
5.412681E13	2950.0	78.0
5.4126818E13	2950.0	78.0
5.4126826E13	2950.0	78.0
5.412684E13	2950.0	78.0
5.4126847E13	2950.0	78.0
5.4126856E13	2950.0	78.0
5.412687E13	2950.0	78.0
5.4126877E13	2950.0	78.0
5.412689E13	2950.0	78.0
5.4126898E13	2950.0	79.0
5.4126906E13	2950.0	78.0
5.412692E13	2953.0	78.0
5.4126927E13	2953.0	78.0
5.412694E13	2953.0	78.0
5.4126948E13	2953.0	78.0
5.4126956E13	2953.0	78.0
5.412697E13	2953.0	78.0
5.4126977E13	2953.0	78.0
5.4126986E13	2953.0	78.0
5.4127E13	2953.0	78.0
5.4127007E13	2953.0	78.0
5.412702E13	2953.0	78.0
5.4127028E13	2953.0	78.0
5.4127036E13	2953.0	78.0
5.412705E13	2955.0	78.0
5.412706E13	2955.0	78.0
5.412707E13	2954.0	78.0
5.4127078E13	2954.0	78.0
5.4127086E13	2954.0	78.0
5.41271E13	2954.0	78.0
5.412711E13	2954.0	78.0
5.412712E13	2954.0	78.0
5.412713E13	2954.0	78.0
5.4127137E13	2954.0	79.0
5.412715E13	2953.0	79.0
5.4127158E13	2953.0	79.0
5.4127166E13	2953.0	79.0
5.412718E13	2953.0	79.0
5.4127187E13	2955.0	79.0
5.41272E13	2955.0	78.0
5.412721E13	2955.0	78.0
5.4127216E13	2954.0	78.0
5.412723E13	2954.0	78.0
5.4127237E13	2954.0	78.0
5.412725E13	2954.0	78.0
5.412726E13	2955.0	78.0
5.4127267E13	2955.0	78.0
5.412728E13	2955.0	78.0
5.4127288E13	2955.0	78.0
5.4127296E13	2953.0	78.0
5.412731E13	2953.0	78.0
5.4127317E13	2953.0	78.0
5.412733E13	2953.0	79.0
5.412734E13	2954.0	79.0
5.4127346E13	2954.0	78.0
5.412736E13	2954.0	78.0
5.4127367E13	2952.0	78.0
5.412738E13	2952.0	78.0
5.412739E13	2952.0	78.0
5.4127397E13	2952.0	78.0
5.412741E13	2952.0	78.0
5.4127418E13	2952.0	79.0
5.4127426E13	2952.0	79.0
5.412744E13	2952.0	79.0
5.4127447E13	2951.0	79.0
5.412746E13	2951.0	79.0
5.412747E13	2951.0	78.0
5.4127476E13	2951.0	78.0
5.412749E13	2949.0	78.0
5.4127497E13	2949.0	78.0
5.412751E13	2949.0	78.0
5.412752E13	2952.0	78.0
5.4127527E13	2952.0	78.0
5.412754E13	2952.0	78.0
5.4127548E13	2952.0	78.0
5.4127556E13	2952.0	78.0
5.412757E13	2952.0	78.0
5.4127577E13	2952.0	78.0
5.412759E13	2952.0	78.0
5.41276E13	2952.0	78.0
5.4127606E13	2948.0	78.0
5.412762E13	2948.0	78.0
5.4127627E13	2948.0	78.0
5.412764E13	2948.0	78.0
5.412765E13	2951.0	78.0
5.4127657E13	2951.0	78.0
5.412767E13	2951.0	78.0
5.4127678E13	2953.0	78.0
5.412769E13	2953.0	78.0
5.41277E13	2953.0	78.0
5.4127707E13	2949.0	78.0
5.412772E13	2949.0	78.0
5.412773E13	2949.0	79.0
5.4127736E13	2949.0	46.0
5.412775E13	2949.0	46.0
5.4127757E13	2952.0	46.0
5.412777E13	2952.0	79.0
5.412778E13	2952.0	79.0
5.4127787E13	2952.0	46.0
5.41278E13	2952.0	46.0
5.4127808E13	2952.0	79.0
5.412782E13	2952.0	46.0
5.412783E13	2952.0	46.0
5.4127837E13	2952.0	46.0
5.412785E13	2952.0	46.0
5.4127866E13	2953.0	46.0
5.412788E13	2953.0	46.0
5.4127887E13	2953.0	46.0
5.41279E13	2953.0	46.0
5.412791E13	2951.0	46.0
5.4127917E13	2951.0	46.0
5.412793E13	2951.0	78.0
5.4127938E13	2955.0	46.0
5.412795E13	2955.0	78.0
5.412796E13	2955.0	78.0
5.4127967E13	2955.0	78.0
5.412798E13	2954.0	78.0
5.412799E13	2954.0	78.0
5.4127996E13	2954.0	79.0
5.412801E13	2954.0	79.0
5.4128017E13	2953.0	79.0
5.412803E13	2953.0	79.0
5.412804E13	2953.0	79.0
5.4128047E13	2953.0	79.0
5.412806E13	2952.0	78.0
5.4128068E13	2952.0	78.0
5.412808E13	2952.0	78.0
5.412809E13	2955.0	46.0
5.4128097E13	2955.0	46.0
5.412811E13	2955.0	46.0
5.412812E13	2955.0	46.0
5.4128126E13	2954.0	46.0
5.412814E13	2954.0	46.0
5.4128147E13	2954.0	78.0
5.412816E13	2954.0	46.0
5.412817E13	2954.0	46.0
5.4128177E13	2954.0	46.0
5.412819E13	2954.0	78.0
5.4128198E13	2954.0	78.0
5.412821E13	2952.0	78.0
5.412822E13	2952.0	78.0
5.4128227E13	2952.0	78.0
5.412824E13	2954.0	79.0
5.412825E13	2954.0	79.0
5.412826E13	2954.0	79.0
5.412827E13	2954.0	79.0
5.4128277E13	2956.0	78.0
5.412829E13	2956.0	78.0
5.41283E13	2956.0	78.0
5.4128307E13	2956.0	78.0
5.412832E13	2955.0	78.0
5.4128328E13	2955.0	79.0
5.412834E13	2955.0	79.0
5.412835E13	2955.0	79.0
5.4128357E13	2954.0	79.0
5.412837E13	2954.0	79.0
5.412838E13	2954.0	79.0
5.412839E13	2954.0	79.0
5.41284E13	2954.0	78.0
5.4128407E13	2954.0	78.0
5.412842E13	2954.0	78.0
5.412843E13	2951.0	78.0
5.4128437E13	2951.0	78.0
5.412845E13	2951.0	78.0
5.4128458E13	2951.0	78.0
5.412847E13	2950.0	78.0
5.412848E13	2950.0	78.0
5.4128487E13	2950.0	78.0
5.41285E13	2950.0	78.0
5.412851E13	2948.0	78.0
5.412852E13	2948.0	78.0
5.412853E13	2948.0	78.0
5.4128538E13	2949.0	78.0
5.412855E13	2949.0	78.0
5.412856E13	2949.0	78.0
5.4128567E13	2949.0	78.0
5.412858E13	2949.0	78.0
5.4128588E13	2949.0	78.0
5.41286E13	2949.0	78.0
5.412861E13	2949.0	78.0
5.4128617E13	2947.0	78.0
5.412863E13	2947.0	78.0
5.412864E13	2947.0	78.0
5.412865E13	2947.0	78.0
5.412866E13	2947.0	78.0
5.4128668E13	2947.0	78.0
5.412868E13	2947.0	78.0
5.412869E13	2949.0	78.0
5.41287E13	2949.0	78.0
5.412871E13	2949.0	78.0
5.4128718E13	2949.0	78.0
5.412873E13	2949.0	78.0
5.412874E13	2949.0	78.0
5.4128747E13	2949.0	78.0
5.412876E13	2949.0	78.0
5.412877E13	2948.0	78.0
5.412878E13	2948.0	78.0
5.412879E13	2948.0	78.0
5.4128798E13	2948.0	78.0
5.412881E13	2949.0	78.0
5.412882E13	2949.0	78.0
5.412883E13	2949.0	78.0
5.412884E13	2947.0	78.0
5.4128848E13	2947.0	78.0
5.412886E13	2947.0	78.0
5.412887E13	2947.0	78.0
5.4128877E13	2946.0	78.0
5.412889E13	2946.0	78.0
5.41289E13	2946.0	78.0
5.412891E13	2946.0	78.0
5.412892E13	2949.0	78.0
5.4128928E13	2949.0	78.0
5.412894E13	2949.0	78.0
5.412895E13	2949.0	79.0
5.412896E13	2948.0	79.0
5.412897E13	2948.0	79.0
5.412898E13	2948.0	79.0
5.412899E13	2946.0	79.0
5.4129E13	2946.0	78.0
5.412901E13	2946.0	78.0
5.412902E13	2946.0	78.0
5.412903E13	2947.0	78.0
5.412904E13	2947.0	78.0
5.412905E13	2947.0	78.0
5.4129058E13	2947.0	78.0
5.412907E13	2946.0	78.0
5.412908E13	2946.0	78.0
5.412909E13	2946.0	78.0
5.41291E13	2946.0	78.0
5.412911E13	2946.0	78.0
5.412912E13	2946.0	78.0
5.412913E13	2946.0	79.0
5.412914E13	2946.0	79.0
5.412915E13	2946.0	78.0
