5.361039E13	2752.0	78.0
5.3610403E13	2752.0	78.0
5.361041E13	2752.0	78.0
5.361042E13	2752.0	78.0
5.361043E13	2752.0	78.0
5.361044E13	2752.0	78.0
5.361045E13	2752.0	78.0
5.361046E13	2752.0	78.0
5.361047E13	2752.0	77.0
5.3610482E13	2755.0	77.0
5.361049E13	2755.0	77.0
5.36105E13	2755.0	77.0
5.361051E13	2753.0	77.0
5.361052E13	2753.0	77.0
5.3610533E13	2753.0	77.0
5.361054E13	2753.0	28.0
5.361055E13	2754.0	77.0
5.361056E13	2754.0	77.0
5.361057E13	2754.0	77.0
5.361058E13	2754.0	77.0
5.361059E13	2751.0	77.0
5.36106E13	2751.0	77.0
5.3610612E13	2751.0	77.0
5.361062E13	2751.0	77.0
5.361063E13	2751.0	77.0
5.361064E13	2751.0	77.0
5.361065E13	2751.0	78.0
5.3610663E13	2752.0	78.0
5.361067E13	2752.0	78.0
5.361068E13	2752.0	78.0
5.361069E13	2752.0	28.0
5.36107E13	2755.0	77.0
5.361071E13	2755.0	77.0
5.361072E13	2755.0	77.0
5.361073E13	2755.0	77.0
5.3610742E13	2755.0	77.0
5.361075E13	2753.0	77.0
5.361076E13	2753.0	77.0
5.361077E13	2753.0	77.0
5.361078E13	2753.0	77.0
5.3610793E13	2753.0	77.0
5.36108E13	2753.0	77.0
5.361081E13	2753.0	77.0
5.361082E13	2754.0	77.0
5.361083E13	2754.0	77.0
5.361085E13	2754.0	77.0
5.361086E13	2753.0	77.0
5.3610872E13	2753.0	77.0
5.361088E13	2753.0	77.0
5.361089E13	2753.0	77.0
5.36109E13	2752.0	78.0
5.361091E13	2752.0	78.0
5.3610923E13	2752.0	77.0
5.361094E13	2753.0	78.0
5.3610956E13	2753.0	77.0
5.361096E13	2753.0	77.0
5.361097E13	2754.0	77.0
5.361098E13	2754.0	76.0
5.361099E13	2754.0	76.0
5.3611002E13	2754.0	76.0
5.361101E13	2754.0	77.0
5.361102E13	2754.0	77.0
5.361103E13	2754.0	77.0
5.361104E13	2754.0	77.0
5.3611053E13	2753.0	77.0
5.361106E13	2753.0	77.0
5.361107E13	2753.0	77.0
5.361108E13	2753.0	77.0
5.361109E13	2753.0	77.0
5.3611103E13	2753.0	77.0
5.361111E13	2753.0	78.0
5.361112E13	2753.0	78.0
5.3611132E13	2753.0	78.0
5.361114E13	2753.0	78.0
5.361115E13	2753.0	78.0
5.361116E13	2753.0	78.0
5.361117E13	2753.0	78.0
5.3611183E13	2753.0	78.0
5.361119E13	2753.0	77.0
5.36112E13	2753.0	77.0
5.361121E13	2753.0	77.0
5.361122E13	2753.0	77.0
5.361124E13	2752.0	77.0
5.361125E13	2752.0	77.0
5.3611262E13	2752.0	77.0
5.361127E13	2753.0	77.0
5.361128E13	2753.0	77.0
5.361129E13	2753.0	77.0
5.36113E13	2753.0	77.0
5.3611313E13	2755.0	77.0
5.361132E13	2755.0	77.0
5.361133E13	2755.0	77.0
5.361134E13	2755.0	77.0
5.361135E13	2755.0	77.0
5.3611363E13	2755.0	77.0
5.361137E13	2755.0	77.0
5.361138E13	2755.0	78.0
5.3611392E13	2755.0	78.0
5.36114E13	2755.0	78.0
5.3611413E13	2753.0	78.0
5.361142E13	2753.0	78.0
5.361143E13	2753.0	78.0
5.3611443E13	2753.0	78.0
5.361145E13	2753.0	78.0
5.361146E13	2753.0	78.0
5.361147E13	2753.0	78.0
5.361148E13	2753.0	79.0
5.3611493E13	2753.0	79.0
5.36115E13	2750.0	78.0
5.361151E13	2750.0	78.0
5.3611522E13	2750.0	78.0
5.361153E13	2747.0	78.0
5.3611543E13	2747.0	78.0
5.361155E13	2747.0	78.0
5.361156E13	2747.0	77.0
5.3611573E13	2745.0	77.0
5.361158E13	2745.0	77.0
5.361159E13	2745.0	77.0
5.3611602E13	2745.0	77.0
5.361161E13	2741.0	77.0
5.3611623E13	2741.0	76.0
5.361163E13	2741.0	76.0
5.361164E13	2741.0	76.0
5.3611652E13	2741.0	76.0
5.361166E13	2741.0	76.0
5.3611673E13	2741.0	77.0
5.361168E13	2740.0	76.0
5.361169E13	2740.0	77.0
5.3611703E13	2740.0	77.0
5.361171E13	2740.0	77.0
5.361172E13	2736.0	77.0
5.3611732E13	2736.0	77.0
5.361174E13	2736.0	77.0
5.3611753E13	2736.0	77.0
5.361176E13	2735.0	78.0
5.361177E13	2735.0	78.0
5.3611782E13	2735.0	78.0
5.361179E13	2735.0	78.0
5.3611803E13	2734.0	78.0
5.361181E13	2734.0	78.0
5.361182E13	2734.0	77.0
5.3611833E13	2735.0	77.0
5.361184E13	2735.0	77.0
5.3611854E13	2735.0	77.0
5.3611862E13	2735.0	76.0
5.361187E13	2735.0	76.0
5.3611883E13	2735.0	76.0
5.361189E13	2735.0	76.0
5.36119E13	2734.0	76.0
5.3611912E13	2734.0	76.0
5.361192E13	2734.0	76.0
5.3611933E13	2734.0	77.0
5.361194E13	2734.0	77.0
5.361195E13	2734.0	78.0
5.3611963E13	2734.0	28.0
5.361197E13	2733.0	78.0
5.3611984E13	2733.0	77.0
5.3611992E13	2733.0	78.0
5.3612E13	2733.0	78.0
5.3612013E13	2730.0	77.0
5.361202E13	2730.0	77.0
5.361203E13	2730.0	77.0
5.3612043E13	2730.0	77.0
5.361205E13	2729.0	77.0
5.3612063E13	2729.0	77.0
5.361207E13	2729.0	77.0
5.361209E13	2728.0	77.0
5.3612093E13	2728.0	77.0
5.36121E13	2728.0	77.0
5.3612114E13	2728.0	77.0
5.3612122E13	2728.0	77.0
5.361213E13	2728.0	77.0
5.3612143E13	2728.0	77.0
5.361215E13	2728.0	77.0
5.3612164E13	2727.0	77.0
5.3612173E13	2727.0	77.0
5.361218E13	2727.0	77.0
5.3612194E13	2727.0	76.0
5.3612206E13	2726.0	76.0
5.361221E13	2726.0	76.0
5.3612227E13	2726.0	76.0
5.361223E13	2724.0	76.0
5.3612244E13	2724.0	77.0
5.3612252E13	2724.0	77.0
5.361226E13	2724.0	77.0
5.3612273E13	2724.0	77.0
5.361228E13	2723.0	77.0
5.3612294E13	2723.0	77.0
5.3612303E13	2723.0	77.0
5.361231E13	2723.0	77.0
5.3612324E13	2722.0	76.0
5.361233E13	2722.0	76.0
5.3612353E13	2722.0	76.0
5.361236E13	2723.0	76.0
5.3612374E13	2723.0	76.0
5.3612382E13	2723.0	77.0
5.361239E13	2722.0	77.0
5.3612403E13	2722.0	77.0
5.361241E13	2722.0	77.0
5.3612424E13	2722.0	77.0
5.3612433E13	2724.0	77.0
5.361244E13	2724.0	78.0
5.3612454E13	2724.0	78.0
5.361246E13	2724.0	78.0
5.361247E13	2724.0	78.0
5.3612483E13	2724.0	78.0
5.361249E13	2724.0	78.0
5.3612504E13	2724.0	78.0
5.3612512E13	2723.0	77.0
5.361252E13	2723.0	77.0
5.3612533E13	2723.0	77.0
5.361254E13	2723.0	77.0
5.3612554E13	2723.0	76.0
5.3612563E13	2723.0	76.0
5.361257E13	2723.0	76.0
5.3612584E13	2725.0	76.0
5.361259E13	2725.0	76.0
5.36126E13	2725.0	76.0
5.3612613E13	2725.0	76.0
5.361262E13	2725.0	76.0
5.3612634E13	2725.0	76.0
5.3612642E13	2725.0	76.0
5.361265E13	2725.0	76.0
5.3612663E13	2726.0	76.0
5.361267E13	2726.0	76.0
5.3612684E13	2726.0	76.0
5.3612693E13	2726.0	76.0
5.36127E13	2726.0	77.0
5.3612714E13	2726.0	77.0
5.361272E13	2726.0	77.0
5.361273E13	2723.0	77.0
5.3612743E13	2723.0	77.0
5.361275E13	2723.0	77.0
5.3612764E13	2723.0	77.0
5.3612772E13	2726.0	77.0
5.361278E13	2726.0	77.0
5.3612793E13	2726.0	77.0
5.36128E13	2726.0	77.0
5.3612814E13	2725.0	77.0
5.3612823E13	2725.0	78.0
5.361283E13	2725.0	78.0
5.3612844E13	2726.0	78.0
5.361285E13	2726.0	78.0
5.3612865E13	2726.0	78.0
5.3612873E13	2727.0	77.0
5.361288E13	2727.0	77.0
5.3612894E13	2727.0	77.0
5.3612902E13	2727.0	76.0
5.3612915E13	2725.0	76.0
5.3612923E13	2725.0	76.0
5.361293E13	2725.0	77.0
5.3612944E13	2731.0	77.0
5.3612953E13	2731.0	77.0
5.361296E13	2731.0	77.0
5.3612974E13	2731.0	77.0
5.361298E13	2730.0	76.0
5.3612995E13	2730.0	76.0
5.3613003E13	2730.0	76.0
5.3613024E13	2728.0	76.0
5.361301E13	2728.0	76.0
5.3613032E13	2728.0	76.0
5.3613045E13	2728.0	76.0
5.3613053E13	2728.0	77.0
5.361306E13	2732.0	77.0
5.3613074E13	2732.0	78.0
5.3613083E13	2732.0	78.0
5.361309E13	2733.0	78.0
5.3613104E13	2733.0	78.0
5.361311E13	2733.0	78.0
5.3613125E13	2733.0	78.0
5.3613133E13	2733.0	78.0
5.361314E13	2734.0	78.0
5.3613154E13	2734.0	78.0
5.3613162E13	2734.0	78.0
5.3613175E13	2734.0	78.0
5.3613183E13	2735.0	78.0
5.361319E13	2735.0	78.0
5.3613204E13	2735.0	78.0
5.3613213E13	2735.0	78.0
5.361322E13	2737.0	78.0
5.3613234E13	2737.0	78.0
5.361324E13	2737.0	77.0
5.3613255E13	2740.0	77.0
5.3613263E13	2740.0	77.0
5.361327E13	2740.0	77.0
5.3613284E13	2740.0	77.0
5.3613292E13	2740.0	77.0
5.3613305E13	2740.0	77.0
5.3613313E13	2740.0	76.0
5.361332E13	2740.0	76.0
5.3613334E13	2741.0	76.0
5.3613343E13	2741.0	76.0
5.361335E13	2741.0	76.0
5.3613364E13	2741.0	76.0
5.3613372E13	2746.0	76.0
5.3613385E13	2746.0	76.0
5.3613393E13	2746.0	77.0
5.36134E13	2744.0	77.0
5.3613414E13	2744.0	77.0
5.3613422E13	2744.0	78.0
5.3613435E13	2744.0	78.0
5.3613443E13	2744.0	78.0
5.361345E13	2744.0	78.0
5.3613464E13	2744.0	78.0
5.3613473E13	2744.0	79.0
5.3613485E13	2743.0	79.0
5.3613494E13	2743.0	79.0
5.3613502E13	2743.0	78.0
5.3613515E13	2743.0	78.0
5.3613523E13	2744.0	78.0
5.361353E13	2744.0	78.0
5.3613544E13	2744.0	78.0
5.3613552E13	2743.0	79.0
5.3613565E13	2743.0	79.0
5.3613573E13	2743.0	78.0
5.361358E13	2743.0	78.0
5.3613594E13	2743.0	78.0
5.3613603E13	2743.0	78.0
5.3613615E13	2743.0	77.0
5.3613624E13	2743.0	77.0
5.3613632E13	2744.0	77.0
5.3613645E13	2744.0	77.0
5.3613653E13	2744.0	77.0
5.361366E13	2744.0	77.0
5.3613674E13	2743.0	77.0
5.3613682E13	2743.0	76.0
5.3613695E13	2743.0	77.0
5.3613703E13	2744.0	77.0
5.361371E13	2744.0	77.0
5.3613724E13	2744.0	77.0
5.3613733E13	2744.0	77.0
5.3613745E13	2738.0	78.0
5.3613754E13	2738.0	78.0
5.3613762E13	2738.0	78.0
5.3613775E13	2738.0	78.0
5.3613783E13	2737.0	78.0
5.361379E13	2737.0	78.0
5.3613804E13	2737.0	78.0
5.3613813E13	2737.0	78.0
5.3613825E13	2736.0	78.0
5.3613833E13	2736.0	79.0
5.3613846E13	2736.0	79.0
5.3613854E13	2735.0	79.0
5.3613863E13	2735.0	79.0
5.3613875E13	2735.0	79.0
5.3613884E13	2735.0	79.0
5.3613892E13	2732.0	78.0
5.3613905E13	2732.0	78.0
5.3613913E13	2732.0	78.0
5.3613926E13	2732.0	77.0
5.3613934E13	2733.0	77.0
5.3613943E13	2733.0	76.0
5.3613955E13	2733.0	76.0
5.3613964E13	2734.0	76.0
5.361397E13	2734.0	76.0
5.3613984E13	2734.0	76.0
5.3613993E13	2734.0	76.0
5.3614005E13	2736.0	76.0
5.3614014E13	2736.0	77.0
5.3614022E13	2736.0	77.0
5.3614035E13	2736.0	77.0
5.3614043E13	2736.0	78.0
5.3614056E13	2736.0	78.0
5.3614064E13	2736.0	78.0
5.3614073E13	2737.0	78.0
5.3614085E13	2737.0	79.0
5.3614094E13	2737.0	79.0
5.36141E13	2737.0	79.0
5.3614115E13	2737.0	79.0
5.3614123E13	2737.0	79.0
5.3614135E13	2737.0	79.0
5.3614144E13	2737.0	79.0
5.3614156E13	2738.0	78.0
5.3614165E13	2738.0	78.0
5.3614173E13	2738.0	78.0
5.3614186E13	2738.0	78.0
5.3614194E13	2739.0	78.0
5.3614203E13	2739.0	77.0
5.3614215E13	2739.0	77.0
5.3614224E13	2739.0	77.0
5.3614236E13	2741.0	77.0
5.3614245E13	2741.0	77.0
5.3614253E13	2741.0	76.0
5.3614265E13	2744.0	76.0
5.3614274E13	2744.0	76.0
5.3614286E13	2744.0	76.0
5.3614295E13	2749.0	76.0
5.3614303E13	2749.0	76.0
5.3614316E13	2749.0	76.0
5.3614324E13	2749.0	76.0
5.3614333E13	2749.0	76.0
5.3614345E13	2750.0	77.0
5.3614354E13	2750.0	78.0
5.3614366E13	2750.0	78.0
5.3614375E13	2750.0	78.0
5.3614383E13	2752.0	78.0
5.3614396E13	2752.0	78.0
5.3614404E13	2752.0	78.0
5.3614412E13	2753.0	78.0
5.361443E13	2753.0	78.0
5.3614433E13	2753.0	78.0
5.3614446E13	2753.0	78.0
5.3614454E13	2756.0	78.0
5.3614463E13	2756.0	79.0
5.3614475E13	2756.0	79.0
5.3614484E13	2756.0	80.0
5.3614496E13	2759.0	80.0
5.3614505E13	2759.0	80.0
5.3614513E13	2759.0	80.0
5.3614526E13	2759.0	80.0
5.3614534E13	2761.0	79.0
5.3614542E13	2761.0	79.0
5.3614555E13	2761.0	79.0
5.3614563E13	2763.0	78.0
5.3614576E13	2763.0	78.0
5.3614584E13	2763.0	78.0
5.3614593E13	2763.0	77.0
5.3614605E13	2765.0	77.0
5.3614614E13	2765.0	77.0
5.3614626E13	2765.0	77.0
5.3614635E13	2765.0	77.0
5.3614643E13	2765.0	77.0
5.3614656E13	2765.0	77.0
5.3614664E13	2765.0	77.0
5.3614672E13	2765.0	77.0
5.3614685E13	2768.0	77.0
5.3614693E13	2768.0	77.0
5.3614706E13	2768.0	77.0
5.3614714E13	2770.0	77.0
5.3614723E13	2770.0	78.0
5.3614735E13	2770.0	78.0
5.3614744E13	2770.0	79.0
5.3614756E13	2766.0	79.0
5.3614765E13	2766.0	79.0
5.3614773E13	2766.0	80.0
5.3614786E13	2766.0	80.0
5.3614794E13	2768.0	80.0
5.3614807E13	2768.0	80.0
5.3614815E13	2768.0	80.0
5.3614823E13	2768.0	80.0
5.3614836E13	2768.0	80.0
5.3614844E13	2768.0	80.0
5.3614853E13	2768.0	80.0
5.3614865E13	2768.0	80.0
5.3614874E13	2768.0	79.0
5.3614886E13	2768.0	79.0
5.3614895E13	2768.0	78.0
5.3614903E13	2767.0	78.0
5.3614916E13	2767.0	78.0
5.3614924E13	2767.0	77.0
5.3614937E13	2767.0	77.0
5.3614945E13	2768.0	77.0
5.3614953E13	2768.0	77.0
5.3614966E13	2768.0	77.0
5.3614974E13	2771.0	77.0
5.3614987E13	2771.0	77.0
5.3614995E13	2771.0	77.0
5.3615004E13	2771.0	77.0
5.3615016E13	2770.0	78.0
5.3615025E13	2770.0	78.0
5.3615033E13	2770.0	79.0
5.3615046E13	2770.0	79.0
5.3615054E13	2772.0	79.0
5.3615067E13	2772.0	79.0
5.3615075E13	2772.0	79.0
5.3615083E13	2772.0	79.0
5.3615096E13	2773.0	80.0
5.3615104E13	2773.0	80.0
5.361512E13	2773.0	80.0
5.3615125E13	2776.0	80.0
5.3615134E13	2776.0	80.0
5.3615146E13	2776.0	79.0
5.3615155E13	2776.0	79.0
5.3615163E13	2775.0	79.0
5.3615176E13	2775.0	78.0
5.3615184E13	2775.0	78.0
5.3615197E13	2775.0	78.0
5.3615205E13	2776.0	78.0
5.3615213E13	2776.0	77.0
5.3615226E13	2776.0	77.0
5.3615234E13	2776.0	77.0
5.3615247E13	2778.0	77.0
5.3615255E13	2778.0	76.0
5.3615264E13	2778.0	76.0
5.3615276E13	2779.0	76.0
5.3615285E13	2779.0	77.0
5.3615293E13	2779.0	77.0
5.3615306E13	2779.0	77.0
5.3615314E13	2781.0	78.0
5.3615327E13	2781.0	78.0
5.3615335E13	2781.0	78.0
5.3615343E13	2781.0	78.0
5.3615356E13	2779.0	78.0
5.3615364E13	2779.0	79.0
5.3615377E13	2779.0	79.0
5.3615385E13	2779.0	79.0
5.3615394E13	2778.0	79.0
5.3615406E13	2778.0	79.0
5.3615427E13	2777.0	79.0
5.3615436E13	2777.0	79.0
5.3615444E13	2777.0	79.0
5.3615457E13	2777.0	79.0
5.3615465E13	2776.0	79.0
5.3615473E13	2776.0	79.0
5.3615486E13	2776.0	79.0
5.3615494E13	2776.0	79.0
5.3615507E13	2776.0	78.0
5.3615515E13	2776.0	78.0
5.3615524E13	2776.0	78.0
5.3615536E13	2776.0	78.0
5.3615545E13	2775.0	78.0
5.3615557E13	2775.0	77.0
5.3615566E13	2775.0	77.0
5.3615574E13	2775.0	77.0
5.3615587E13	2775.0	77.0
5.36156E13	2775.0	77.0
5.3615603E13	2775.0	77.0
5.3615616E13	2774.0	77.0
5.3615624E13	2774.0	77.0
5.3615637E13	2774.0	77.0
5.3615645E13	2774.0	77.0
5.3615654E13	2777.0	77.0
5.3615666E13	2777.0	78.0
5.3615675E13	2777.0	78.0
5.3615687E13	2777.0	78.0
5.36157E13	2777.0	78.0
5.3615704E13	2777.0	79.0
5.3615717E13	2777.0	79.0
5.3615725E13	2776.0	79.0
5.3615734E13	2776.0	79.0
5.3615746E13	2776.0	79.0
5.3615754E13	2776.0	80.0
5.3615767E13	2778.0	80.0
5.3615775E13	2778.0	80.0
5.3615784E13	2778.0	79.0
5.3615796E13	2778.0	79.0
5.3615805E13	2779.0	79.0
5.3615817E13	2779.0	79.0
5.3615826E13	2779.0	78.0
5.3615834E13	2779.0	78.0
5.3615847E13	2779.0	77.0
5.3615855E13	2779.0	77.0
5.3615868E13	2779.0	77.0
5.3615876E13	2778.0	77.0
5.3615885E13	2778.0	77.0
5.3615897E13	2778.0	77.0
5.3615905E13	2778.0	78.0
5.3615914E13	2778.0	78.0
5.3615926E13	2778.0	78.0
5.3615935E13	2778.0	78.0
5.3615947E13	2777.0	78.0
5.3615956E13	2777.0	78.0
5.3615964E13	2777.0	78.0
5.3615977E13	2777.0	78.0
5.3615985E13	2777.0	79.0
5.3615998E13	2777.0	79.0
5.3616006E13	2777.0	79.0
5.3616015E13	2777.0	78.0
5.3616027E13	2776.0	78.0
5.3616035E13	2776.0	78.0
5.3616044E13	2776.0	78.0
5.3616056E13	2778.0	78.0
5.3616065E13	2778.0	78.0
5.3616077E13	2778.0	78.0
5.3616086E13	2778.0	78.0
5.3616094E13	2778.0	78.0
5.3616107E13	2780.0	77.0
5.3616115E13	2780.0	77.0
5.3616128E13	2780.0	77.0
5.3616136E13	2777.0	78.0
5.3616145E13	2777.0	77.0
5.3616157E13	2777.0	77.0
5.3616166E13	2777.0	77.0
5.361618E13	2779.0	77.0
5.3616186E13	2779.0	77.0
5.3616195E13	2779.0	77.0
5.3616207E13	2779.0	77.0
5.3616216E13	2780.0	77.0
5.3616224E13	2780.0	78.0
5.3616237E13	2780.0	78.0
5.3616245E13	2780.0	79.0
5.3616258E13	2779.0	78.0
5.3616266E13	2779.0	78.0
5.3616275E13	2779.0	79.0
5.3616287E13	2779.0	78.0
5.3616296E13	2779.0	78.0
5.361631E13	2779.0	78.0
5.3616317E13	2779.0	78.0
5.3616325E13	2780.0	78.0
5.3616337E13	2780.0	78.0
5.3616346E13	2780.0	78.0
5.3616354E13	2780.0	78.0
5.3616367E13	2781.0	78.0
5.3616375E13	2781.0	78.0
5.3616388E13	2781.0	78.0
5.3616396E13	2781.0	78.0
5.3616405E13	2778.0	78.0
5.3616417E13	2778.0	77.0
5.3616426E13	2778.0	77.0
5.361644E13	2779.0	77.0
5.3616447E13	2779.0	77.0
5.3616455E13	2779.0	77.0
5.3616468E13	2779.0	77.0
5.3616476E13	2780.0	78.0
5.3616484E13	2780.0	78.0
5.3616497E13	2780.0	78.0
5.3616505E13	2780.0	78.0
5.3616518E13	2782.0	78.0
5.3616526E13	2782.0	78.0
5.3616535E13	2782.0	78.0
5.3616547E13	2782.0	78.0
5.3616556E13	2783.0	78.0
5.361657E13	2783.0	78.0
5.3616577E13	2783.0	78.0
5.3616585E13	2784.0	78.0
5.3616598E13	2784.0	78.0
5.3616606E13	2784.0	78.0
5.3616614E13	2784.0	78.0
5.3616627E13	2785.0	78.0
5.3616635E13	2785.0	78.0
5.3616648E13	2785.0	78.0
5.3616656E13	2785.0	78.0
5.3616665E13	2784.0	78.0
5.3616677E13	2784.0	78.0
5.3616686E13	2784.0	78.0
5.36167E13	2784.0	78.0
5.3616707E13	2784.0	78.0
5.3616715E13	2784.0	78.0
5.3616728E13	2784.0	78.0
5.3616736E13	2787.0	78.0
5.361675E13	2787.0	78.0
5.3616757E13	2787.0	78.0
5.3616765E13	2787.0	78.0
5.3616778E13	2789.0	78.0
5.3616786E13	2789.0	78.0
5.3616795E13	2789.0	78.0
5.3616807E13	2787.0	78.0
5.3616816E13	2787.0	78.0
5.361683E13	2787.0	78.0
5.3616837E13	2787.0	78.0
5.3616845E13	2786.0	78.0
5.3616858E13	2786.0	78.0
5.3616866E13	2786.0	78.0
5.361688E13	2786.0	78.0
5.3616887E13	2786.0	78.0
5.3616895E13	2786.0	79.0
5.361691E13	2786.0	79.0
5.3616916E13	2786.0	79.0
5.3616925E13	2790.0	78.0
5.3616937E13	2790.0	78.0
5.3616946E13	2790.0	78.0
5.361696E13	2790.0	78.0
5.3616967E13	2790.0	78.0
5.3616975E13	2790.0	78.0
5.3616988E13	2790.0	78.0
5.3616996E13	2790.0	78.0
5.361701E13	2790.0	78.0
5.3617017E13	2790.0	79.0
5.3617025E13	2790.0	78.0
5.361704E13	2790.0	78.0
5.3617046E13	2790.0	78.0
5.361706E13	2790.0	77.0
5.3617067E13	2788.0	78.0
5.3617076E13	2788.0	28.0
5.361709E13	2788.0	79.0
5.3617097E13	2788.0	79.0
5.3617105E13	2789.0	79.0
5.3617118E13	2789.0	79.0
5.3617126E13	2789.0	79.0
5.361714E13	2788.0	79.0
5.3617147E13	2788.0	79.0
5.3617155E13	2788.0	79.0
5.361717E13	2788.0	78.0
5.3617176E13	2790.0	78.0
5.361719E13	2790.0	77.0
5.3617197E13	2790.0	77.0
5.3617206E13	2790.0	77.0
5.361722E13	2790.0	77.0
5.3617227E13	2788.0	77.0
5.361724E13	2788.0	77.0
5.3617248E13	2788.0	78.0
5.3617256E13	2788.0	78.0
5.361727E13	2789.0	78.0
5.3617277E13	2789.0	78.0
5.3617285E13	2789.0	78.0
5.36173E13	2789.0	78.0
5.3617306E13	2789.0	78.0
5.361732E13	2789.0	79.0
5.3617327E13	2789.0	79.0
5.3617336E13	2790.0	79.0
5.361735E13	2790.0	79.0
5.3617357E13	2790.0	79.0
5.3617365E13	2790.0	79.0
5.3617378E13	2791.0	78.0
5.3617386E13	2791.0	78.0
5.36174E13	2791.0	78.0
5.3617407E13	2791.0	78.0
5.3617415E13	2793.0	78.0
5.361743E13	2793.0	78.0
5.3617436E13	2793.0	78.0
5.361745E13	2794.0	78.0
5.3617457E13	2794.0	78.0
5.3617466E13	2794.0	78.0
5.361748E13	2794.0	78.0
5.3617487E13	2793.0	78.0
5.3617495E13	2793.0	78.0
5.3617508E13	2793.0	78.0
5.3617516E13	2793.0	78.0
5.361753E13	2796.0	78.0
5.3617537E13	2796.0	78.0
5.3617545E13	2796.0	78.0
5.361756E13	2796.0	78.0
5.3617566E13	2797.0	78.0
5.361758E13	2797.0	78.0
5.3617587E13	2797.0	78.0
5.3617596E13	2800.0	78.0
5.361761E13	2800.0	78.0
5.3617617E13	2800.0	78.0
5.3617625E13	2800.0	78.0
5.3617638E13	2800.0	78.0
5.3617646E13	2800.0	78.0
5.361766E13	2800.0	78.0
5.3617667E13	2800.0	78.0
5.3617675E13	2797.0	78.0
5.361769E13	2797.0	78.0
5.3617696E13	2797.0	79.0
5.361771E13	2797.0	79.0
5.3617717E13	2797.0	79.0
5.3617726E13	2797.0	79.0
5.361774E13	2797.0	78.0
5.3617747E13	2796.0	78.0
5.361776E13	2796.0	78.0
5.3617768E13	2796.0	78.0
5.3617776E13	2796.0	78.0
5.361779E13	2793.0	78.0
5.3617797E13	2793.0	78.0
5.3617805E13	2793.0	78.0
5.361782E13	2793.0	78.0
5.3617826E13	2792.0	78.0
5.361784E13	2792.0	78.0
5.3617847E13	2792.0	78.0
5.3617856E13	2792.0	78.0
5.361787E13	2791.0	78.0
5.3617877E13	2791.0	78.0
5.361789E13	2791.0	78.0
5.3617898E13	2791.0	78.0
5.3617906E13	2791.0	78.0
5.361792E13	2791.0	78.0
5.3617927E13	2790.0	78.0
5.361794E13	2790.0	78.0
5.361795E13	2790.0	78.0
5.3617956E13	2790.0	78.0
5.361797E13	2790.0	78.0
5.3617977E13	2787.0	79.0
5.361799E13	2787.0	79.0
5.3618E13	2789.0	79.0
5.3618007E13	2789.0	79.0
5.361802E13	2789.0	78.0
5.3618028E13	2789.0	78.0
5.3618036E13	2789.0	78.0
5.361805E13	2784.0	78.0
5.3618057E13	2784.0	78.0
5.361807E13	2784.0	78.0
5.361808E13	2783.0	78.0
5.3618087E13	2783.0	78.0
5.36181E13	2783.0	78.0
5.3618107E13	2783.0	78.0
5.3618116E13	2783.0	78.0
5.361813E13	2785.0	78.0
5.3618137E13	2785.0	78.0
5.361815E13	2785.0	78.0
5.3618158E13	2784.0	78.0
5.361817E13	2784.0	78.0
5.361818E13	2784.0	79.0
5.3618187E13	2784.0	79.0
5.36182E13	2784.0	79.0
5.361821E13	2784.0	79.0
5.3618217E13	2784.0	79.0
5.361823E13	2784.0	79.0
5.3618238E13	2785.0	79.0
5.3618246E13	2785.0	79.0
5.361826E13	2785.0	79.0
5.3618267E13	2785.0	79.0
5.361828E13	2783.0	79.0
5.3618288E13	2783.0	79.0
5.3618296E13	2783.0	79.0
5.361831E13	2786.0	79.0
5.3618317E13	2786.0	79.0
5.361833E13	2786.0	79.0
5.361834E13	2786.0	79.0
5.3618347E13	2786.0	79.0
5.361836E13	2786.0	79.0
5.3618368E13	2786.0	79.0
5.3618376E13	2786.0	79.0
5.361839E13	2787.0	79.0
5.3618397E13	2787.0	79.0
5.361841E13	2787.0	79.0
5.3618418E13	2787.0	79.0
5.3618426E13	2788.0	79.0
5.361844E13	2788.0	79.0
5.3618447E13	2788.0	79.0
5.361846E13	2788.0	79.0
5.361847E13	2788.0	79.0
5.3618477E13	2788.0	79.0
5.361849E13	2788.0	79.0
5.3618498E13	2790.0	79.0
5.361851E13	2790.0	79.0
5.361852E13	2790.0	78.0
5.3618527E13	2790.0	78.0
5.361854E13	2792.0	78.0
5.3618548E13	2792.0	78.0
5.3618556E13	2792.0	78.0
5.361857E13	2792.0	78.0
5.3618577E13	2793.0	78.0
5.361859E13	2793.0	78.0
5.36186E13	2793.0	78.0
5.3618607E13	2792.0	78.0
5.361862E13	2792.0	78.0
5.3618628E13	2792.0	78.0
5.361864E13	2792.0	78.0
5.361865E13	2794.0	78.0
5.3618657E13	2794.0	78.0
5.361867E13	2794.0	78.0
5.361868E13	2794.0	78.0
5.3618686E13	2793.0	78.0
5.36187E13	2793.0	78.0
5.3618707E13	2793.0	78.0
5.361872E13	2793.0	78.0
5.361873E13	2791.0	78.0
5.3618737E13	2791.0	78.0
5.361875E13	2791.0	78.0
5.3618758E13	2790.0	79.0
5.361877E13	2790.0	79.0
5.361878E13	2790.0	79.0
5.3618787E13	2790.0	79.0
5.36188E13	2786.0	79.0
5.361881E13	2786.0	79.0
5.3618816E13	2786.0	79.0
5.361883E13	2786.0	79.0
5.3618837E13	2785.0	79.0
5.361885E13	2785.0	79.0
5.361886E13	2785.0	79.0
5.3618867E13	2785.0	79.0
5.361888E13	2785.0	79.0
5.3618888E13	2785.0	79.0
5.36189E13	2785.0	79.0
5.361891E13	2784.0	78.0
5.3618917E13	2784.0	78.0
5.361893E13	2784.0	78.0
5.361894E13	2784.0	77.0
5.361895E13	2783.0	77.0
5.361896E13	2783.0	77.0
5.3618967E13	2783.0	77.0
5.361898E13	2783.0	77.0
5.361899E13	2780.0	78.0
5.3618997E13	2780.0	78.0
5.361901E13	2777.0	78.0
5.3619018E13	2777.0	78.0
5.361903E13	2777.0	78.0
5.361904E13	2777.0	78.0
5.3619047E13	2775.0	79.0
5.361906E13	2775.0	79.0
5.361907E13	2775.0	79.0
5.361908E13	2775.0	79.0
5.361909E13	2774.0	79.0
5.3619097E13	2774.0	79.0
5.361911E13	2774.0	79.0
5.361912E13	2774.0	79.0
5.361913E13	2774.0	78.0
5.361914E13	2774.0	78.0
5.3619148E13	2774.0	78.0
5.361916E13	2774.0	78.0
5.361917E13	2774.0	78.0
5.3619177E13	2774.0	78.0
5.361919E13	2774.0	78.0
5.36192E13	2774.0	78.0
5.361921E13	2774.0	78.0
5.361922E13	2774.0	78.0
5.3619227E13	2774.0	78.0
5.361924E13	2774.0	78.0
5.3619257E13	2773.0	77.0
5.361927E13	2773.0	77.0
5.3619278E13	2773.0	77.0
5.361929E13	2775.0	77.0
5.36193E13	2775.0	77.0
5.361931E13	2777.0	78.0
5.361932E13	2777.0	77.0
5.361933E13	2777.0	78.0
5.361934E13	2777.0	78.0
5.361935E13	2777.0	78.0
5.3619357E13	2777.0	78.0
5.361937E13	2777.0	78.0
5.361938E13	2777.0	78.0
5.361939E13	2777.0	78.0
5.36194E13	2776.0	78.0
5.3619408E13	2776.0	78.0
5.361942E13	2776.0	78.0
5.361943E13	2776.0	78.0
5.3619437E13	2775.0	78.0
5.361945E13	2775.0	79.0
5.361946E13	2775.0	79.0
5.361947E13	2777.0	79.0
5.361948E13	2777.0	79.0
5.3619487E13	2777.0	79.0
5.36195E13	2777.0	79.0
5.361951E13	2775.0	79.0
5.361952E13	2775.0	78.0
5.361953E13	2775.0	78.0
5.3619538E13	2775.0	78.0
5.361955E13	2774.0	78.0
5.361956E13	2774.0	78.0
5.3619567E13	2774.0	78.0
5.361958E13	2774.0	78.0
5.361959E13	2777.0	78.0
5.36196E13	2777.0	78.0
5.361961E13	2777.0	78.0
5.3619617E13	2776.0	78.0
5.361963E13	2776.0	78.0
5.361964E13	2776.0	78.0
5.361965E13	2776.0	78.0
5.361966E13	2774.0	78.0
5.361967E13	2774.0	78.0
5.361968E13	2774.0	77.0
5.361969E13	2774.0	77.0
5.36197E13	2776.0	78.0
5.361971E13	2776.0	78.0
5.361972E13	2776.0	78.0
5.361973E13	2776.0	78.0
5.361974E13	2777.0	78.0
5.3619747E13	2777.0	77.0
5.361976E13	2777.0	77.0
5.361977E13	2778.0	77.0
5.361978E13	2778.0	78.0
5.361979E13	2778.0	78.0
5.3619798E13	2778.0	79.0
5.361981E13	2780.0	79.0
5.361982E13	2780.0	79.0
5.361983E13	2780.0	79.0
5.361984E13	2780.0	79.0
5.361985E13	2781.0	79.0
5.361986E13	2781.0	79.0
5.361987E13	2781.0	79.0
5.3619877E13	2783.0	79.0
5.361989E13	2783.0	79.0
5.36199E13	2783.0	79.0
5.361991E13	2783.0	79.0
5.361992E13	2783.0	78.0
5.3619928E13	2783.0	78.0
5.361994E13	2783.0	78.0
5.361995E13	2784.0	78.0
5.361996E13	2784.0	77.0
5.361997E13	2784.0	77.0
5.361998E13	2784.0	77.0
5.361999E13	2786.0	77.0
5.362E13	2786.0	77.0
5.362001E13	2786.0	77.0
5.362002E13	2785.0	77.0
5.362003E13	2785.0	77.0
5.362004E13	2785.0	77.0
5.362005E13	2785.0	77.0
5.3620058E13	2785.0	78.0
5.362007E13	2785.0	78.0
5.362008E13	2785.0	78.0
5.362009E13	2785.0	78.0
5.36201E13	2787.0	78.0
5.362011E13	2787.0	78.0
5.362012E13	2787.0	78.0
5.362013E13	2787.0	78.0
5.362014E13	2785.0	78.0
5.362017E13	2787.0	79.0
5.362015E13	2787.0	79.0
5.362016E13	2787.0	79.0
5.362018E13	2787.0	79.0
5.3620188E13	2787.0	79.0
5.36202E13	2787.0	79.0
5.362021E13	2788.0	79.0
5.362022E13	2788.0	79.0
5.362023E13	2788.0	79.0
5.362024E13	2788.0	79.0
5.362025E13	2789.0	79.0
5.362026E13	2789.0	79.0
5.362027E13	2789.0	79.0
5.362028E13	2789.0	78.0
5.362029E13	2791.0	78.0
5.36203E13	2791.0	78.0
5.362031E13	2791.0	77.0
5.362032E13	2789.0	77.0
5.362033E13	2789.0	77.0
5.362034E13	2789.0	77.0
5.362036E13	2789.0	77.0
5.362038E13	2792.0	77.0
5.362039E13	2792.0	77.0
5.36204E13	2792.0	78.0
5.362041E13	2791.0	78.0
5.362042E13	2791.0	78.0
5.362043E13	2791.0	78.0
5.362044E13	2791.0	78.0
5.362045E13	2791.0	78.0
5.362046E13	2791.0	79.0
5.362047E13	2791.0	79.0
5.362048E13	2789.0	79.0
5.362049E13	2789.0	79.0
5.36205E13	2789.0	79.0
5.362051E13	2789.0	79.0
5.362052E13	2790.0	79.0
5.362053E13	2790.0	79.0
5.362054E13	2790.0	79.0
5.362055E13	2790.0	79.0
5.362056E13	2792.0	79.0
5.362057E13	2792.0	79.0
5.362058E13	2792.0	79.0
5.362059E13	2792.0	79.0
5.36206E13	2794.0	79.0
5.362061E13	2794.0	78.0
5.362062E13	2794.0	79.0
5.362063E13	2792.0	78.0
5.362064E13	2792.0	78.0
5.362065E13	2792.0	78.0
5.362066E13	2792.0	78.0
5.362067E13	2793.0	78.0
5.362068E13	2793.0	78.0
5.362069E13	2793.0	77.0
5.36207E13	2793.0	77.0
5.3620712E13	2792.0	77.0
5.362072E13	2792.0	77.0
5.362073E13	2792.0	77.0
5.362074E13	2792.0	77.0
5.362075E13	2793.0	78.0
5.362076E13	2793.0	78.0
5.362077E13	2793.0	78.0
5.362078E13	2791.0	78.0
5.362079E13	2791.0	78.0
5.36208E13	2791.0	78.0
5.362081E13	2791.0	78.0
5.362082E13	2790.0	78.0
5.362083E13	2790.0	78.0
5.3620842E13	2790.0	79.0
5.362085E13	2790.0	79.0
5.362086E13	2791.0	79.0
5.362087E13	2791.0	79.0
5.362088E13	2791.0	79.0
5.3620892E13	2791.0	80.0
5.36209E13	2790.0	79.0
5.362091E13	2790.0	79.0
5.362092E13	2790.0	79.0
5.362093E13	2792.0	79.0
5.362094E13	2792.0	79.0
5.362095E13	2792.0	79.0
5.362096E13	2792.0	79.0
5.3620972E13	2789.0	79.0
5.362098E13	2789.0	79.0
5.362099E13	2789.0	79.0
5.3621E13	2789.0	78.0
5.362101E13	2790.0	78.0
5.3621023E13	2790.0	78.0
5.362103E13	2790.0	78.0
5.362104E13	2792.0	78.0
5.362105E13	2792.0	78.0
5.362106E13	2792.0	78.0
5.362107E13	2792.0	77.0
5.362108E13	2792.0	77.0
5.362109E13	2792.0	77.0
5.3621102E13	2792.0	78.0
5.362111E13	2792.0	78.0
5.362112E13	2792.0	78.0
5.3621136E13	2792.0	78.0
5.362114E13	2792.0	79.0
5.3621153E13	2791.0	79.0
5.362116E13	2791.0	79.0
5.362117E13	2791.0	79.0
5.362118E13	2791.0	79.0
5.362119E13	2791.0	79.0
5.3621203E13	2791.0	79.0
5.362121E13	2790.0	79.0
5.362122E13	2790.0	28.0
5.3621232E13	2790.0	79.0
5.362124E13	2790.0	79.0
5.362125E13	2790.0	79.0
5.362126E13	2790.0	79.0
5.362127E13	2792.0	79.0
5.3621283E13	2792.0	79.0
5.362129E13	2792.0	79.0
5.36213E13	2792.0	79.0
5.362131E13	2792.0	79.0
5.362132E13	2792.0	79.0
5.3621333E13	2792.0	79.0
5.362134E13	2791.0	79.0
5.362135E13	2791.0	78.0
5.3621362E13	2791.0	78.0
5.362137E13	2791.0	78.0
5.362138E13	2792.0	78.0
5.362139E13	2792.0	77.0
5.36214E13	2792.0	77.0
5.3621413E13	2792.0	77.0
5.362142E13	2791.0	77.0
5.362143E13	2791.0	77.0
5.362144E13	2791.0	78.0
5.3621463E13	2790.0	78.0
5.362147E13	2790.0	78.0
5.362148E13	2790.0	79.0
5.3621492E13	2790.0	79.0
5.36215E13	2790.0	79.0
5.3621513E13	2790.0	79.0
5.362152E13	2790.0	79.0
5.362153E13	2790.0	79.0
5.3621543E13	2790.0	79.0
5.362155E13	2790.0	79.0
5.362156E13	2790.0	79.0
5.362157E13	2790.0	79.0
5.362158E13	2790.0	79.0
5.3621593E13	2790.0	79.0
5.36216E13	2790.0	79.0
5.362161E13	2791.0	79.0
5.3621622E13	2791.0	79.0
5.362163E13	2791.0	80.0
5.3621643E13	2790.0	80.0
5.362165E13	2790.0	79.0
5.362166E13	2790.0	79.0
5.3621673E13	2790.0	79.0
5.362168E13	2791.0	79.0
5.362169E13	2791.0	78.0
5.36217E13	2791.0	78.0
5.362171E13	2791.0	77.0
5.3621723E13	2793.0	77.0
5.362173E13	2793.0	78.0
5.362174E13	2793.0	78.0
5.3621752E13	2793.0	78.0
5.362176E13	2793.0	78.0
5.3621773E13	2793.0	78.0
5.362178E13	2793.0	78.0
5.362179E13	2795.0	78.0
5.3621803E13	2795.0	78.0
5.362181E13	2795.0	78.0
5.362182E13	2795.0	78.0
5.362183E13	2794.0	79.0
5.362184E13	2794.0	79.0
5.3621853E13	2794.0	79.0
5.362186E13	2794.0	79.0
5.362187E13	2798.0	79.0
5.3621882E13	2798.0	79.0
5.362189E13	2798.0	79.0
5.3621903E13	2798.0	79.0
5.362191E13	2796.0	79.0
5.362192E13	2796.0	79.0
5.3621933E13	2796.0	79.0
5.362194E13	2798.0	79.0
5.3621954E13	2798.0	79.0
5.362196E13	2798.0	79.0
5.362197E13	2798.0	79.0
5.3621983E13	2802.0	78.0
5.362199E13	2802.0	78.0
5.3622E13	2802.0	78.0
5.3622012E13	2802.0	78.0
5.362202E13	2803.0	78.0
5.3622033E13	2803.0	78.0
5.362204E13	2803.0	78.0
5.362205E13	2806.0	78.0
5.3622063E13	2806.0	78.0
5.362207E13	2806.0	78.0
5.3622084E13	2806.0	78.0
5.362209E13	2806.0	78.0
5.36221E13	2806.0	78.0
5.3622113E13	2806.0	78.0
5.362212E13	2806.0	78.0
5.362213E13	2805.0	79.0
5.3622142E13	2805.0	79.0
5.362215E13	2805.0	79.0
5.3622163E13	2805.0	79.0
5.362217E13	2805.0	79.0
5.362218E13	2805.0	79.0
5.3622193E13	2804.0	80.0
5.36222E13	2804.0	80.0
5.3622214E13	2804.0	80.0
5.362222E13	2804.0	80.0
5.362223E13	2804.0	80.0
5.3622243E13	2807.0	28.0
5.362225E13	2807.0	80.0
5.3622264E13	2807.0	80.0
5.3622272E13	2806.0	80.0
5.362228E13	2806.0	80.0
5.3622293E13	2806.0	80.0
5.36223E13	2806.0	79.0
5.362231E13	2806.0	79.0
5.3622323E13	2806.0	79.0
5.362233E13	2806.0	79.0
5.3622344E13	2806.0	79.0
5.3622352E13	2807.0	78.0
5.362236E13	2807.0	78.0
5.3622373E13	2807.0	78.0
5.362238E13	2807.0	78.0
5.3622394E13	2810.0	78.0
5.3622402E13	2810.0	78.0
5.362241E13	2810.0	78.0
5.3622423E13	2810.0	78.0
5.362243E13	2808.0	78.0
5.362244E13	2808.0	79.0
5.3622453E13	2808.0	79.0
5.362246E13	2808.0	79.0
5.3622474E13	2806.0	79.0
5.3622482E13	2806.0	80.0
5.3622495E13	2806.0	80.0
5.3622503E13	2812.0	80.0
5.3622516E13	2812.0	80.0
5.3622524E13	2812.0	80.0
5.3622532E13	2812.0	80.0
5.362254E13	2810.0	80.0
5.3622553E13	2810.0	80.0
5.362256E13	2810.0	80.0
5.362257E13	2810.0	80.0
5.3622583E13	2813.0	81.0
5.362259E13	2813.0	81.0
5.3622604E13	2813.0	81.0
5.3622612E13	2813.0	79.0
5.362262E13	2816.0	79.0
5.3622633E13	2816.0	79.0
5.362264E13	2816.0	79.0
5.3622654E13	2816.0	79.0
5.3622662E13	2816.0	78.0
5.362267E13	2816.0	78.0
5.3622683E13	2816.0	77.0
5.362269E13	2817.0	77.0
5.3622704E13	2817.0	77.0
5.3622713E13	2817.0	78.0
5.362272E13	2817.0	78.0
5.3622734E13	2814.0	79.0
5.3622742E13	2814.0	79.0
5.362275E13	2814.0	80.0
5.3622763E13	2814.0	80.0
5.362277E13	2813.0	80.0
5.3622784E13	2813.0	80.0
5.3622793E13	2813.0	80.0
5.36228E13	2812.0	80.0
5.3622813E13	2812.0	80.0
5.362282E13	2812.0	80.0
5.3622834E13	2812.0	80.0
5.3622843E13	2812.0	80.0
5.362285E13	2812.0	80.0
5.3622864E13	2812.0	80.0
5.3622872E13	2812.0	80.0
5.362288E13	2813.0	80.0
5.3622893E13	2813.0	79.0
5.36229E13	2813.0	79.0
5.3622914E13	2813.0	79.0
5.3622923E13	2809.0	79.0
5.362293E13	2809.0	79.0
5.3622944E13	2809.0	78.0
5.362295E13	2811.0	78.0
5.3622964E13	2811.0	78.0
5.3622973E13	2811.0	78.0
5.362298E13	2811.0	78.0
5.3622994E13	2814.0	78.0
5.3623002E13	2814.0	78.0
5.362301E13	2814.0	78.0
5.3623023E13	2814.0	78.0
5.362303E13	2816.0	78.0
5.3623044E13	2816.0	79.0
5.3623053E13	2816.0	79.0
5.362306E13	2817.0	79.0
5.3623074E13	2817.0	79.0
5.362308E13	2817.0	79.0
5.3623095E13	2817.0	79.0
5.3623103E13	2819.0	79.0
5.362311E13	2819.0	79.0
5.3623124E13	2819.0	80.0
5.3623132E13	2819.0	80.0
5.3623145E13	2818.0	80.0
5.3623153E13	2818.0	81.0
5.362316E13	2818.0	81.0
5.3623174E13	2817.0	81.0
5.3623183E13	2817.0	81.0
5.362319E13	2817.0	81.0
5.3623204E13	2822.0	81.0
5.362321E13	2822.0	80.0
5.3623225E13	2822.0	28.0
5.3623233E13	2822.0	79.0
5.362324E13	2821.0	79.0
5.3623254E13	2821.0	79.0
5.3623262E13	2821.0	79.0
5.3623283E13	2820.0	78.0
5.362329E13	2820.0	78.0
5.3623304E13	2820.0	79.0
5.3623313E13	2820.0	79.0
5.362332E13	2820.0	78.0
5.3623334E13	2820.0	78.0
5.362334E13	2820.0	78.0
5.3623355E13	2820.0	78.0
5.3623363E13	2819.0	78.0
5.362337E13	2819.0	78.0
5.3623384E13	2819.0	79.0
5.3623392E13	2819.0	79.0
5.36234E13	2816.0	80.0
5.3623413E13	2816.0	80.0
5.362342E13	2816.0	80.0
5.3623434E13	2816.0	80.0
5.3623443E13	2816.0	80.0
5.362345E13	2816.0	80.0
5.3623464E13	2816.0	80.0
5.362347E13	2816.0	80.0
5.3623485E13	2813.0	80.0
5.3623493E13	2813.0	80.0
5.36235E13	2813.0	80.0
5.3623514E13	2812.0	80.0
5.3623522E13	2812.0	80.0
5.3623535E13	2812.0	80.0
5.3623543E13	2812.0	79.0
5.362355E13	2812.0	79.0
5.3623564E13	2812.0	79.0
5.3623573E13	2812.0	78.0
5.362358E13	2812.0	78.0
5.3623594E13	2808.0	78.0
5.36236E13	2808.0	78.0
5.3623615E13	2808.0	78.0
5.3623623E13	2808.0	78.0
5.362363E13	2812.0	78.0
5.3623644E13	2812.0	78.0
5.3623652E13	2812.0	78.0
5.3623665E13	2810.0	78.0
5.3623673E13	2810.0	79.0
5.362368E13	2810.0	79.0
5.3623694E13	2810.0	79.0
5.3623703E13	2810.0	79.0
5.362371E13	2810.0	79.0
5.3623724E13	2810.0	79.0
5.362373E13	2810.0	79.0
5.3623745E13	2810.0	80.0
5.3623753E13	2810.0	80.0
5.362376E13	2810.0	80.0
5.3623774E13	2810.0	80.0
5.3623782E13	2813.0	80.0
5.3623795E13	2813.0	80.0
5.3623803E13	2813.0	80.0
5.362381E13	2812.0	80.0
5.3623824E13	2812.0	80.0
5.3623833E13	2812.0	80.0
5.3623845E13	2812.0	79.0
5.3623854E13	2812.0	79.0
5.362386E13	2812.0	79.0
5.3623875E13	2812.0	78.0
5.3623883E13	2812.0	78.0
5.362389E13	2810.0	78.0
5.3623904E13	2810.0	78.0
5.3623912E13	2810.0	78.0
5.3623925E13	2810.0	78.0
5.3623933E13	2815.0	78.0
5.362394E13	2815.0	78.0
5.3623954E13	2815.0	78.0
5.3623963E13	2810.0	78.0
5.3623975E13	2810.0	78.0
5.3623984E13	2810.0	78.0
5.362399E13	2810.0	78.0
5.3624005E13	2815.0	79.0
5.3624013E13	2815.0	79.0
5.362402E13	2815.0	79.0
5.3624034E13	2815.0	80.0
5.3624042E13	2814.0	80.0
5.3624055E13	2814.0	80.0
5.3624063E13	2814.0	80.0
5.362407E13	2812.0	80.0
5.3624084E13	2812.0	80.0
5.3624093E13	2812.0	80.0
5.3624105E13	2812.0	80.0
5.3624114E13	2816.0	80.0
5.3624122E13	2816.0	80.0
5.3624135E13	2816.0	80.0
5.3624143E13	2816.0	79.0
5.3624156E13	2815.0	79.0
5.3624164E13	2815.0	79.0
5.3624172E13	2815.0	79.0
5.3624185E13	2815.0	78.0
5.3624193E13	2817.0	78.0
5.36242E13	2817.0	78.0
5.3624214E13	2818.0	78.0
5.3624223E13	2818.0	78.0
5.3624235E13	2818.0	78.0
5.3624244E13	2818.0	78.0
5.3624252E13	2817.0	78.0
5.3624265E13	2817.0	78.0
5.3624273E13	2817.0	79.0
5.3624286E13	2817.0	79.0
5.3624315E13	2818.0	79.0
5.3624323E13	2818.0	79.0
5.362433E13	2818.0	80.0
5.3624344E13	2819.0	80.0
5.3624353E13	2819.0	80.0
5.3624365E13	2819.0	80.0
5.3624374E13	2819.0	80.0
5.3624382E13	2819.0	80.0
5.3624395E13	2819.0	80.0
5.3624403E13	2819.0	80.0
5.3624416E13	2820.0	80.0
5.3624424E13	2820.0	80.0
5.3624432E13	2820.0	80.0
5.3624445E13	2820.0	80.0
5.3624453E13	2819.0	80.0
5.3624466E13	2819.0	80.0
5.3624474E13	2819.0	79.0
5.3624483E13	2819.0	79.0
5.3624495E13	2818.0	79.0
5.3624504E13	2818.0	78.0
5.3624512E13	2818.0	78.0
5.3624525E13	2818.0	78.0
5.3624533E13	2818.0	78.0
5.3624546E13	2818.0	78.0
5.3624554E13	2818.0	78.0
5.3624563E13	2817.0	78.0
5.3624575E13	2817.0	78.0
5.3624583E13	2817.0	78.0
5.3624596E13	2817.0	78.0
5.3624604E13	2817.0	79.0
5.3624613E13	2817.0	79.0
5.3624625E13	2817.0	79.0
5.3624634E13	2817.0	79.0
5.3624642E13	2817.0	79.0
5.3624655E13	2817.0	79.0
5.3624663E13	2817.0	80.0
5.3624676E13	2821.0	80.0
5.3624684E13	2821.0	81.0
5.3624693E13	2821.0	81.0
5.3624705E13	2821.0	81.0
5.3624714E13	2818.0	80.0
5.3624726E13	2818.0	80.0
5.3624734E13	2818.0	80.0
5.3624743E13	2818.0	80.0
5.3624755E13	2820.0	80.0
5.3624764E13	2820.0	80.0
5.3624772E13	2820.0	80.0
5.3624785E13	2820.0	80.0
5.3624793E13	2820.0	80.0
5.3624806E13	2820.0	80.0
5.3624814E13	2820.0	79.0
5.3624823E13	2819.0	78.0
5.3624835E13	2819.0	78.0
5.3624844E13	2819.0	78.0
5.3624856E13	2819.0	77.0
5.3624865E13	2820.0	78.0
5.3624873E13	2820.0	78.0
5.3624885E13	2820.0	78.0
5.3624894E13	2820.0	78.0
5.3624906E13	2820.0	78.0
5.3624915E13	2820.0	79.0
5.3624923E13	2820.0	79.0
5.3624936E13	2821.0	79.0
5.3624944E13	2821.0	79.0
5.3624953E13	2821.0	80.0
5.3624965E13	2819.0	80.0
5.3624974E13	2819.0	80.0
5.3624986E13	2819.0	80.0
5.3624995E13	2819.0	80.0
5.3625003E13	2819.0	80.0
5.3625016E13	2819.0	80.0
5.3625024E13	2819.0	80.0
5.3625036E13	2819.0	80.0
5.3625045E13	2819.0	80.0
5.3625053E13	2821.0	80.0
5.3625066E13	2821.0	80.0
5.3625074E13	2821.0	80.0
5.3625083E13	2820.0	80.0
5.3625095E13	2820.0	79.0
5.3625104E13	2820.0	79.0
5.3625116E13	2820.0	79.0
5.3625125E13	2822.0	79.0
5.3625133E13	2822.0	78.0
5.3625146E13	2822.0	78.0
5.3625154E13	2822.0	78.0
5.3625166E13	2822.0	78.0
5.3625175E13	2822.0	78.0
5.3625183E13	2822.0	78.0
5.3625196E13	2822.0	78.0
5.3625204E13	2822.0	78.0
5.3625217E13	2822.0	78.0
5.3625225E13	2822.0	78.0
5.3625234E13	2822.0	78.0
5.3625246E13	2822.0	79.0
5.3625255E13	2822.0	79.0
5.3625263E13	2822.0	79.0
5.3625276E13	2822.0	80.0
5.3625284E13	2822.0	80.0
5.3625297E13	2822.0	80.0
5.3625305E13	2822.0	80.0
5.3625313E13	2822.0	80.0
5.3625326E13	2822.0	80.0
5.3625334E13	2822.0	80.0
5.3625343E13	2822.0	80.0
5.3625355E13	2820.0	80.0
5.3625364E13	2820.0	80.0
5.3625376E13	2820.0	80.0
5.3625385E13	2820.0	80.0
5.3625393E13	2820.0	80.0
5.3625406E13	2820.0	80.0
5.3625414E13	2820.0	80.0
5.3625427E13	2820.0	79.0
5.3625435E13	2820.0	79.0
5.3625443E13	2820.0	79.0
5.3625456E13	2820.0	78.0
5.3625464E13	2820.0	78.0
5.3625477E13	2820.0	78.0
5.3625485E13	2820.0	78.0
5.3625494E13	2820.0	78.0
5.3625506E13	2822.0	78.0
5.3625515E13	2822.0	78.0
5.3625523E13	2822.0	78.0
5.3625536E13	2821.0	78.0
5.3625544E13	2821.0	78.0
5.3625557E13	2821.0	78.0
5.3625565E13	2821.0	78.0
5.3625573E13	2823.0	79.0
5.3625586E13	2823.0	79.0
5.3625594E13	2823.0	79.0
5.3625607E13	2823.0	80.0
5.3625615E13	2820.0	80.0
5.3625624E13	2820.0	80.0
5.3625636E13	2820.0	80.0
5.3625645E13	2820.0	80.0
5.3625653E13	2822.0	80.0
5.3625666E13	2822.0	81.0
5.3625674E13	2822.0	81.0
5.3625687E13	2822.0	80.0
5.3625695E13	2822.0	80.0
5.3625703E13	2822.0	80.0
5.3625716E13	2822.0	80.0
5.3625724E13	2820.0	80.0
5.3625737E13	2820.0	79.0
5.3625745E13	2820.0	79.0
5.3625754E13	2820.0	79.0
5.3625766E13	2825.0	78.0
5.3625775E13	2825.0	78.0
5.3625783E13	2825.0	78.0
5.3625796E13	2825.0	78.0
5.3625804E13	2827.0	78.0
5.3625817E13	2827.0	78.0
5.3625825E13	2827.0	78.0
5.3625833E13	2826.0	78.0
5.3625846E13	2826.0	79.0
5.3625854E13	2826.0	79.0
5.3625867E13	2826.0	79.0
5.3625875E13	2827.0	79.0
5.3625884E13	2827.0	78.0
5.3625896E13	2827.0	78.0
5.3625905E13	2827.0	79.0
5.3625917E13	2823.0	79.0
5.3625926E13	2823.0	79.0
5.3625934E13	2823.0	79.0
5.3625947E13	2823.0	80.0
5.3625955E13	2824.0	80.0
5.3625963E13	2824.0	80.0
5.3625976E13	2824.0	80.0
5.3625984E13	2823.0	80.0
5.3625997E13	2823.0	80.0
5.3626005E13	2823.0	80.0
5.3626014E13	2823.0	80.0
5.3626026E13	2821.0	80.0
5.3626035E13	2821.0	80.0
5.3626047E13	2821.0	80.0
5.3626056E13	2821.0	80.0
5.3626064E13	2821.0	79.0
5.3626077E13	2821.0	79.0
5.3626085E13	2821.0	78.0
5.3626098E13	2820.0	78.0
5.3626106E13	2820.0	78.0
5.3626114E13	2820.0	78.0
5.3626127E13	2820.0	78.0
5.3626135E13	2818.0	78.0
5.3626144E13	2818.0	78.0
5.3626156E13	2818.0	78.0
5.3626165E13	2818.0	78.0
5.3626177E13	2818.0	78.0
5.3626186E13	2818.0	79.0
5.3626194E13	2818.0	79.0
5.3626207E13	2817.0	79.0
5.3626215E13	2817.0	79.0
5.3626228E13	2817.0	79.0
5.3626236E13	2816.0	79.0
5.3626244E13	2816.0	79.0
5.3626257E13	2816.0	79.0
5.3626265E13	2816.0	79.0
5.3626274E13	2816.0	80.0
5.3626286E13	2814.0	80.0
5.3626295E13	2814.0	80.0
5.3626307E13	2814.0	80.0
5.3626316E13	2815.0	80.0
5.3626324E13	2815.0	80.0
5.3626337E13	2815.0	80.0
5.3626345E13	2815.0	80.0
5.3626358E13	2815.0	80.0
5.3626366E13	2813.0	80.0
5.3626374E13	2813.0	79.0
5.3626387E13	2813.0	79.0
5.3626395E13	2816.0	79.0
5.3626404E13	2816.0	79.0
5.3626416E13	2816.0	78.0
5.3626425E13	2816.0	78.0
5.3626437E13	2815.0	78.0
5.3626446E13	2815.0	78.0
5.3626454E13	2815.0	78.0
5.3626467E13	2815.0	78.0
5.3626475E13	2813.0	78.0
5.3626488E13	2813.0	78.0
5.3626496E13	2813.0	78.0
5.3626504E13	2813.0	78.0
5.3626517E13	2813.0	78.0
5.3626525E13	2813.0	78.0
5.362654E13	2813.0	78.0
5.3626546E13	2811.0	79.0
5.3626555E13	2811.0	79.0
5.3626567E13	2811.0	79.0
5.3626576E13	2811.0	80.0
5.3626584E13	2812.0	80.0
5.3626597E13	2812.0	80.0
5.3626605E13	2812.0	80.0
5.3626618E13	2812.0	80.0
5.3626626E13	2813.0	80.0
5.3626635E13	2813.0	80.0
5.3626647E13	2813.0	80.0
5.3626655E13	2813.0	80.0
5.362667E13	2812.0	80.0
5.3626676E13	2812.0	80.0
5.3626685E13	2812.0	80.0
5.3626697E13	2813.0	80.0
5.3626706E13	2813.0	79.0
5.3626714E13	2813.0	79.0
5.3626727E13	2813.0	78.0
5.3626735E13	2814.0	78.0
5.3626748E13	2814.0	77.0
5.3626756E13	2814.0	77.0
5.3626765E13	2814.0	77.0
5.3626777E13	2815.0	77.0
5.3626785E13	2815.0	77.0
5.36268E13	2815.0	77.0
5.3626806E13	2815.0	77.0
5.3626815E13	2817.0	77.0
5.3626827E13	2817.0	77.0
5.3626836E13	2817.0	77.0
5.362685E13	2815.0	77.0
5.3626857E13	2815.0	77.0
5.3626865E13	2815.0	78.0
5.3626878E13	2815.0	78.0
5.3626886E13	2818.0	78.0
5.3626895E13	2818.0	79.0
5.3626907E13	2818.0	79.0
5.3626916E13	2818.0	80.0
5.362693E13	2815.0	80.0
5.3626936E13	2815.0	80.0
5.3626945E13	2815.0	80.0
5.3626957E13	2815.0	79.0
5.3626966E13	2815.0	80.0
5.362698E13	2815.0	80.0
5.3626987E13	2815.0	79.0
5.3626995E13	2817.0	79.0
5.3627008E13	2817.0	79.0
5.3627016E13	2817.0	79.0
5.3627025E13	2817.0	79.0
5.3627037E13	2818.0	79.0
5.3627046E13	2818.0	79.0
5.362706E13	2818.0	79.0
5.3627067E13	2818.0	79.0
5.3627075E13	2818.0	78.0
5.3627087E13	2818.0	78.0
5.3627096E13	2818.0	78.0
5.362711E13	2819.0	77.0
5.3627117E13	2819.0	77.0
5.3627125E13	2819.0	77.0
5.3627138E13	2819.0	77.0
5.3627146E13	2817.0	78.0
5.3627155E13	2817.0	78.0
5.3627167E13	2817.0	78.0
5.3627176E13	2817.0	78.0
5.362719E13	2814.0	78.0
5.3627197E13	2814.0	78.0
5.362721E13	2814.0	79.0
5.3627218E13	2814.0	79.0
5.3627226E13	2814.0	80.0
5.362724E13	2814.0	80.0
5.3627247E13	2813.0	80.0
5.3627255E13	2813.0	80.0
5.3627268E13	2813.0	80.0
5.3627276E13	2813.0	80.0
5.362729E13	2816.0	80.0
5.3627297E13	2816.0	80.0
5.3627306E13	2816.0	79.0
5.362732E13	2816.0	79.0
5.3627327E13	2816.0	79.0
5.3627335E13	2816.0	79.0
5.3627348E13	2816.0	79.0
5.3627356E13	2816.0	28.0
5.362737E13	2814.0	78.0
5.3627377E13	2814.0	78.0
5.3627385E13	2814.0	78.0
5.3627398E13	2817.0	78.0
5.3627406E13	2817.0	78.0
5.362742E13	2817.0	78.0
5.3627427E13	2817.0	78.0
5.3627436E13	2819.0	78.0
5.362745E13	2819.0	78.0
5.3627457E13	2819.0	78.0
5.3627465E13	2819.0	78.0
5.3627478E13	2819.0	79.0
5.3627486E13	2817.0	79.0
5.36275E13	2817.0	79.0
5.3627507E13	2817.0	79.0
5.3627515E13	2817.0	79.0
5.3627528E13	2819.0	79.0
5.3627536E13	2819.0	79.0
5.362755E13	2819.0	79.0
5.3627557E13	2819.0	79.0
5.3627566E13	2819.0	79.0
5.362758E13	2819.0	79.0
5.3627587E13	2819.0	80.0
5.36276E13	2822.0	80.0
5.3627608E13	2822.0	80.0
5.3627616E13	2822.0	80.0
5.362763E13	2822.0	81.0
5.3627637E13	2819.0	81.0
5.3627645E13	2819.0	81.0
5.362766E13	2819.0	81.0
5.3627666E13	2819.0	81.0
5.362768E13	2820.0	81.0
5.3627687E13	2820.0	80.0
5.3627696E13	2820.0	80.0
5.362771E13	2823.0	79.0
5.3627717E13	2823.0	79.0
5.362773E13	2823.0	78.0
5.3627738E13	2823.0	78.0
5.3627746E13	2822.0	77.0
5.362776E13	2822.0	77.0
5.3627767E13	2822.0	77.0
5.3627775E13	2822.0	77.0
5.362779E13	2823.0	78.0
5.3627796E13	2823.0	78.0
5.362781E13	2823.0	78.0
5.3627817E13	2823.0	78.0
5.3627826E13	2820.0	79.0
5.362784E13	2820.0	79.0
5.3627847E13	2820.0	79.0
5.362786E13	2821.0	80.0
5.3627868E13	2821.0	79.0
5.3627876E13	2821.0	79.0
5.362789E13	2821.0	79.0
5.3627897E13	2823.0	79.0
5.3627905E13	2823.0	79.0
5.362792E13	2823.0	79.0
5.3627926E13	2823.0	80.0
5.362794E13	2823.0	80.0
5.3627947E13	2823.0	80.0
5.3627956E13	2823.0	80.0
5.362797E13	2823.0	80.0
5.3627977E13	2820.0	80.0
5.362799E13	2820.0	79.0
5.3627998E13	2820.0	79.0
5.3628006E13	2822.0	79.0
5.362802E13	2822.0	79.0
5.3628027E13	2822.0	79.0
5.3628035E13	2822.0	78.0
5.362805E13	2823.0	78.0
5.3628056E13	2823.0	78.0
5.362807E13	2823.0	77.0
5.3628077E13	2823.0	77.0
5.3628086E13	2823.0	77.0
5.36281E13	2823.0	78.0
5.3628107E13	2823.0	78.0
5.362812E13	2822.0	78.0
5.3628128E13	2822.0	78.0
5.3628136E13	2822.0	78.0
5.362815E13	2822.0	78.0
5.3628157E13	2820.0	78.0
5.362817E13	2820.0	78.0
5.362818E13	2820.0	78.0
5.3628186E13	2820.0	79.0
5.36282E13	2820.0	79.0
5.3628207E13	2820.0	79.0
5.3628216E13	2820.0	79.0
5.362823E13	2820.0	79.0
5.3628237E13	2818.0	79.0
5.362825E13	2818.0	80.0
5.3628258E13	2820.0	80.0
5.3628266E13	2820.0	80.0
5.362828E13	2820.0	80.0
5.3628287E13	2820.0	80.0
5.36283E13	2818.0	80.0
5.362831E13	2818.0	80.0
5.3628316E13	2818.0	79.0
5.362833E13	2818.0	79.0
5.3628337E13	2820.0	79.0
5.3628346E13	2820.0	78.0
5.362836E13	2820.0	78.0
5.3628367E13	2819.0	78.0
5.362838E13	2819.0	28.0
5.3628388E13	2819.0	78.0
5.3628396E13	2819.0	78.0
5.362841E13	2816.0	78.0
5.3628417E13	2816.0	78.0
5.362843E13	2816.0	78.0
5.362844E13	2816.0	78.0
5.3628446E13	2816.0	78.0
5.362846E13	2817.0	78.0
5.3628467E13	2817.0	78.0
5.3628476E13	2817.0	78.0
5.362849E13	2817.0	78.0
5.3628497E13	2818.0	78.0
5.362851E13	2818.0	78.0
5.3628518E13	2818.0	79.0
5.3628526E13	2818.0	79.0
5.362854E13	2816.0	79.0
5.3628547E13	2816.0	79.0
5.362856E13	2816.0	80.0
5.362857E13	2816.0	80.0
5.3628576E13	2816.0	80.0
5.362859E13	2816.0	80.0
5.3628597E13	2816.0	80.0
5.362861E13	2818.0	80.0
5.362862E13	2818.0	80.0
5.3628627E13	2818.0	79.0
5.3628644E13	2819.0	79.0
5.3628648E13	2819.0	79.0
5.3628656E13	2819.0	79.0
5.362867E13	2819.0	79.0
5.3628677E13	2819.0	79.0
5.362869E13	2819.0	78.0
5.36287E13	2819.0	78.0
5.3628706E13	2819.0	78.0
5.362872E13	2822.0	78.0
5.3628727E13	2822.0	78.0
5.362874E13	2822.0	78.0
5.362875E13	2822.0	78.0
5.3628757E13	2820.0	79.0
5.362877E13	2820.0	79.0
5.3628778E13	2820.0	79.0
5.3628786E13	2820.0	79.0
5.36288E13	2821.0	79.0
5.3628807E13	2821.0	79.0
5.362882E13	2821.0	80.0
5.362883E13	2821.0	80.0
5.3628837E13	2821.0	80.0
5.362885E13	2821.0	80.0
5.3628857E13	2821.0	79.0
5.3628866E13	2825.0	79.0
5.362888E13	2825.0	79.0
5.3628887E13	2825.0	79.0
5.36289E13	2825.0	80.0
5.3628908E13	2824.0	80.0
5.3628916E13	2824.0	80.0
5.362893E13	2824.0	80.0
5.3628937E13	2824.0	80.0
5.362895E13	2825.0	80.0
5.362896E13	2825.0	79.0
5.3628967E13	2825.0	79.0
5.362898E13	2825.0	79.0
5.3628988E13	2824.0	79.0
5.3629E13	2824.0	78.0
5.362901E13	2824.0	78.0
5.3629017E13	2827.0	78.0
5.362903E13	2827.0	78.0
5.3629038E13	2827.0	78.0
5.3629046E13	2827.0	78.0
5.362906E13	2827.0	78.0
5.3629067E13	2827.0	79.0
5.362908E13	2827.0	79.0
5.362909E13	2827.0	79.0
5.3629097E13	2823.0	79.0
5.362911E13	2823.0	79.0
5.3629118E13	2823.0	79.0
5.362913E13	2825.0	79.0
5.362914E13	2825.0	79.0
5.3629147E13	2825.0	79.0
5.362916E13	2825.0	80.0
5.3629168E13	2825.0	80.0
5.3629176E13	2825.0	80.0
5.362919E13	2825.0	80.0
5.3629197E13	2825.0	80.0
5.362921E13	2827.0	80.0
5.362922E13	2827.0	80.0
5.3629227E13	2827.0	80.0
5.362924E13	2827.0	80.0
5.3629248E13	2827.0	79.0
5.362926E13	2827.0	79.0
5.362927E13	2827.0	79.0
5.3629277E13	2826.0	79.0
5.362929E13	2826.0	79.0
5.3629298E13	2826.0	79.0
5.362931E13	2826.0	79.0
5.362932E13	2828.0	79.0
5.3629327E13	2828.0	78.0
5.362934E13	2828.0	78.0
5.362935E13	2828.0	79.0
5.362936E13	2827.0	79.0
5.362937E13	2827.0	79.0
5.3629378E13	2827.0	78.0
5.362939E13	2827.0	79.0
5.36294E13	2827.0	79.0
5.3629407E13	2827.0	79.0
5.362942E13	2827.0	79.0
5.362943E13	2828.0	79.0
5.362944E13	2828.0	79.0
5.362945E13	2828.0	80.0
5.3629457E13	2828.0	80.0
5.362947E13	2826.0	80.0
5.362948E13	2826.0	80.0
5.362949E13	2826.0	80.0
5.36295E13	2826.0	80.0
5.3629508E13	2829.0	80.0
5.362952E13	2829.0	80.0
5.362953E13	2829.0	80.0
5.3629537E13	2829.0	80.0
5.362955E13	2828.0	79.0
5.362956E13	2828.0	79.0
5.362957E13	2828.0	79.0
5.362958E13	2827.0	79.0
5.362959E13	2827.0	78.0
5.36296E13	2827.0	78.0
5.362961E13	2827.0	78.0
5.362962E13	2827.0	78.0
5.362963E13	2827.0	78.0
5.3629638E13	2827.0	78.0
5.362965E13	2827.0	78.0
5.362966E13	2830.0	78.0
5.3629667E13	2830.0	79.0
5.362968E13	2830.0	79.0
5.3629692E13	2830.0	79.0
5.36297E13	2829.0	79.0
5.362971E13	2829.0	79.0
5.3629717E13	2829.0	79.0
5.362973E13	2829.0	80.0
5.362974E13	2829.0	80.0
5.362975E13	2829.0	80.0
5.3629768E13	2828.0	80.0
5.362978E13	2828.0	79.0
5.362979E13	2828.0	80.0
5.36298E13	2828.0	80.0
5.362981E13	2829.0	80.0
5.362982E13	2829.0	80.0
5.362983E13	2829.0	80.0
5.362984E13	2829.0	79.0
5.3629847E13	2830.0	79.0
5.362986E13	2830.0	79.0
5.362987E13	2830.0	79.0
5.362988E13	2830.0	79.0
5.362989E13	2830.0	79.0
5.36299E13	2830.0	79.0
5.362991E13	2830.0	79.0
5.362992E13	2829.0	79.0
5.362993E13	2829.0	48.0
5.362994E13	2829.0	79.0
5.362995E13	2829.0	79.0
5.362996E13	2830.0	79.0
5.362997E13	2830.0	79.0
5.3629977E13	2830.0	79.0
5.362999E13	2830.0	79.0
5.363E13	2827.0	79.0
5.363001E13	2827.0	79.0
5.3630028E13	2827.0	48.0
5.363005E13	2827.0	79.0
5.363007E13	2828.0	79.0
5.363009E13	2828.0	79.0
5.3630107E13	2826.0	79.0
5.363012E13	2826.0	79.0
5.363013E13	2826.0	79.0
5.363014E13	2828.0	79.0
5.363015E13	2828.0	79.0
5.3630158E13	2828.0	79.0
5.363017E13	2828.0	79.0
5.363018E13	2827.0	79.0
5.363019E13	2827.0	79.0
5.36302E13	2827.0	79.0
5.3630216E13	2827.0	79.0
5.363022E13	2827.0	79.0
5.363023E13	2827.0	79.0
5.363024E13	2827.0	79.0
5.363025E13	2828.0	79.0
5.363026E13	2828.0	79.0
5.363027E13	2828.0	79.0
5.363028E13	2829.0	79.0
5.363029E13	2829.0	79.0
5.36303E13	2829.0	79.0
5.363031E13	2829.0	79.0
5.363032E13	2830.0	79.0
5.363033E13	2830.0	79.0
5.363034E13	2830.0	79.0
5.363035E13	2830.0	79.0
5.363036E13	2828.0	79.0
5.363037E13	2828.0	79.0
5.363039E13	2828.0	79.0
5.363038E13	2828.0	79.0
5.36304E13	2828.0	79.0
5.363041E13	2828.0	79.0
5.3630418E13	2828.0	79.0
5.363043E13	2825.0	79.0
5.363044E13	2825.0	79.0
5.363045E13	2825.0	79.0
5.363046E13	2825.0	79.0
5.363047E13	2827.0	79.0
5.363048E13	2827.0	79.0
5.363049E13	2827.0	79.0
5.36305E13	2827.0	79.0
5.363051E13	2824.0	79.0
5.363052E13	2824.0	79.0
5.363053E13	2824.0	79.0
5.363054E13	2824.0	79.0
5.3630548E13	2825.0	79.0
5.363056E13	2825.0	79.0
5.363057E13	2825.0	79.0
5.363058E13	2825.0	79.0
5.363059E13	2825.0	79.0
5.36306E13	2825.0	78.0
5.363061E13	2825.0	78.0
5.363062E13	2825.0	78.0
5.3630636E13	2824.0	79.0
5.363064E13	2824.0	79.0
5.363065E13	2824.0	79.0
5.363066E13	2824.0	79.0
5.363067E13	2821.0	79.0
5.363068E13	2821.0	79.0
5.363069E13	2821.0	79.0
5.36307E13	2821.0	79.0
5.363071E13	2821.0	79.0
5.363072E13	2821.0	79.0
5.3630732E13	2821.0	79.0
5.363074E13	2819.0	79.0
5.363075E13	2819.0	79.0
5.363076E13	2819.0	79.0
5.363077E13	2819.0	79.0
5.363078E13	2818.0	79.0
5.363079E13	2818.0	78.0
5.36308E13	2818.0	79.0
5.363081E13	2818.0	79.0
5.363082E13	2819.0	79.0
5.363083E13	2819.0	79.0
5.363085E13	2819.0	79.0
5.363086E13	2818.0	79.0
5.363087E13	2818.0	79.0
5.363088E13	2818.0	78.0
5.363089E13	2816.0	78.0
5.36309E13	2816.0	78.0
5.363091E13	2816.0	79.0
5.363092E13	2816.0	79.0
5.363093E13	2816.0	79.0
5.363094E13	2816.0	79.0
5.363095E13	2816.0	79.0
5.363096E13	2816.0	79.0
5.363097E13	2815.0	79.0
5.363098E13	2815.0	79.0
5.363099E13	2815.0	78.0
5.3631E13	2815.0	78.0
5.363101E13	2815.0	78.0
5.363102E13	2815.0	78.0
5.363103E13	2815.0	78.0
5.363104E13	2814.0	78.0
5.363105E13	2814.0	78.0
5.363106E13	2814.0	78.0
5.363107E13	2814.0	79.0
5.363108E13	2813.0	79.0
5.363109E13	2813.0	79.0
5.36311E13	2813.0	78.0
5.363111E13	2813.0	79.0
5.3631122E13	2814.0	78.0
5.363113E13	2814.0	78.0
5.363114E13	2814.0	78.0
5.363115E13	2811.0	78.0
5.363116E13	2811.0	79.0
5.363117E13	2811.0	79.0
5.363118E13	2811.0	78.0
5.363119E13	2815.0	79.0
5.3631202E13	2815.0	79.0
5.363121E13	2815.0	79.0
5.363122E13	2815.0	79.0
5.363123E13	2814.0	79.0
5.363124E13	2814.0	79.0
5.3631252E13	2814.0	79.0
5.363126E13	2814.0	79.0
5.363127E13	2816.0	79.0
5.363128E13	2816.0	79.0
5.363129E13	2816.0	79.0
5.36313E13	2819.0	79.0
5.363131E13	2819.0	79.0
5.363132E13	2819.0	79.0
5.3631332E13	2819.0	79.0
5.363135E13	2819.0	79.0
5.363136E13	2819.0	79.0
5.363137E13	2819.0	79.0
5.3631382E13	2819.0	79.0
5.363139E13	2819.0	79.0
5.36314E13	2819.0	79.0
5.363141E13	2819.0	79.0
5.363142E13	2820.0	79.0
5.3631433E13	2820.0	79.0
5.363144E13	2820.0	79.0
5.363145E13	2819.0	79.0
5.3631462E13	2819.0	79.0
5.363147E13	2819.0	79.0
5.363148E13	2819.0	79.0
5.363149E13	2820.0	79.0
5.36315E13	2820.0	79.0
5.3631512E13	2820.0	79.0
5.363152E13	2820.0	79.0
5.363153E13	2820.0	79.0
5.363154E13	2820.0	79.0
5.363155E13	2820.0	79.0
5.3631563E13	2820.0	79.0
5.363157E13	2818.0	79.0
5.363158E13	2818.0	79.0
5.3631592E13	2818.0	79.0
5.36316E13	2820.0	79.0
5.363161E13	2820.0	79.0
5.363162E13	2820.0	79.0
5.363163E13	2820.0	79.0
5.3631643E13	2819.0	79.0
5.363165E13	2819.0	79.0
5.363166E13	2819.0	79.0
5.363167E13	2819.0	79.0
5.363168E13	2821.0	79.0
5.3631693E13	2821.0	79.0
5.36317E13	2821.0	79.0
5.363171E13	2821.0	79.0
5.3631722E13	2820.0	78.0
5.363173E13	2820.0	78.0
5.3631743E13	2820.0	78.0
5.363175E13	2823.0	78.0
5.363176E13	2823.0	78.0
5.3631773E13	2823.0	79.0
5.363178E13	2823.0	79.0
5.363179E13	2825.0	79.0
5.36318E13	2825.0	79.0
5.363181E13	2825.0	79.0
5.3631823E13	2825.0	78.0
5.363183E13	2827.0	79.0
5.363184E13	2827.0	79.0
5.3631852E13	2827.0	79.0
5.363186E13	2827.0	80.0
5.3631873E13	2830.0	80.0
5.363188E13	2830.0	80.0
5.3631894E13	2830.0	80.0
5.3631903E13	2828.0	80.0
5.363191E13	2828.0	80.0
5.363192E13	2828.0	79.0
5.363193E13	2828.0	79.0
5.363194E13	2829.0	79.0
5.3631953E13	2829.0	79.0
5.363196E13	2829.0	79.0
5.363197E13	2829.0	79.0
5.3631982E13	2830.0	79.0
5.363199E13	2830.0	79.0
5.3632003E13	2830.0	79.0
5.363201E13	2827.0	79.0
5.363202E13	2827.0	79.0
5.3632033E13	2827.0	79.0
5.363204E13	2827.0	79.0
5.363205E13	2825.0	79.0
5.363206E13	2825.0	79.0
5.363207E13	2825.0	79.0
5.3632083E13	2825.0	79.0
5.363209E13	2825.0	79.0
5.36321E13	2825.0	79.0
5.3632112E13	2825.0	79.0
5.363212E13	2825.0	79.0
5.3632133E13	2824.0	79.0
5.363214E13	2824.0	79.0
5.363215E13	2824.0	79.0
5.3632163E13	2824.0	79.0
5.363217E13	2824.0	48.0
5.363218E13	2824.0	79.0
5.363219E13	2824.0	80.0
5.36322E13	2825.0	80.0
5.3632213E13	2825.0	80.0
5.363222E13	2825.0	80.0
5.363223E13	2825.0	80.0
5.3632242E13	2825.0	79.0
5.363225E13	2825.0	79.0
5.3632263E13	2825.0	80.0
5.363227E13	2827.0	80.0
5.363228E13	2827.0	80.0
5.3632293E13	2827.0	80.0
5.36323E13	2827.0	80.0
5.3632314E13	2826.0	80.0
5.363232E13	2826.0	80.0
5.363233E13	2826.0	79.0
5.3632343E13	2828.0	79.0
5.363235E13	2828.0	79.0
5.363236E13	2828.0	79.0
5.3632372E13	2828.0	79.0
5.363238E13	2828.0	79.0
5.3632393E13	2828.0	79.0
5.36324E13	2828.0	79.0
5.3632414E13	2828.0	79.0
5.3632423E13	2830.0	79.0
5.363243E13	2830.0	79.0
5.3632444E13	2830.0	79.0
5.363245E13	2829.0	80.0
5.363246E13	2829.0	79.0
5.3632473E13	2829.0	80.0
5.363248E13	2829.0	79.0
5.363249E13	2832.0	80.0
5.3632502E13	2832.0	80.0
5.363251E13	2832.0	80.0
5.3632523E13	2832.0	80.0
5.363253E13	2829.0	80.0
5.363254E13	2829.0	80.0
5.3632553E13	2829.0	80.0
5.363256E13	2829.0	80.0
5.3632574E13	2829.0	79.0
5.363258E13	2828.0	79.0
5.363259E13	2828.0	79.0
5.3632603E13	2828.0	79.0
5.363261E13	2828.0	79.0
5.3632624E13	2828.0	79.0
5.3632632E13	2828.0	79.0
5.363264E13	2828.0	79.0
5.3632653E13	2831.0	79.0
5.363266E13	2831.0	80.0
5.363267E13	2831.0	80.0
5.3632683E13	2831.0	80.0
5.363269E13	2829.0	80.0
5.3632704E13	2829.0	80.0
5.363271E13	2829.0	80.0
5.363272E13	2829.0	79.0
5.3632733E13	2828.0	79.0
5.363274E13	2828.0	79.0
5.3632754E13	2828.0	80.0
5.3632762E13	2829.0	79.0
5.363277E13	2829.0	79.0
5.3632783E13	2829.0	79.0
5.363279E13	2829.0	79.0
5.36328E13	2829.0	79.0
5.3632813E13	2829.0	79.0
5.363282E13	2829.0	79.0
5.3632834E13	2829.0	79.0
5.363284E13	2829.0	80.0
5.363285E13	2829.0	80.0
5.3632863E13	2829.0	80.0
5.363287E13	2829.0	80.0
5.3632884E13	2828.0	80.0
5.3632892E13	2828.0	80.0
5.36329E13	2828.0	79.0
5.3632913E13	2831.0	79.0
5.363292E13	2831.0	79.0
5.363293E13	2831.0	79.0
5.3632943E13	2831.0	79.0
5.363295E13	2830.0	79.0
5.3632964E13	2830.0	79.0
5.363297E13	2830.0	79.0
5.363298E13	2830.0	79.0
5.3632993E13	2831.0	79.0
5.3633E13	2831.0	79.0
5.3633014E13	2831.0	79.0
5.3633022E13	2830.0	79.0
5.363303E13	2830.0	79.0
5.3633043E13	2830.0	79.0
5.363305E13	2830.0	79.0
5.363306E13	2830.0	79.0
5.3633073E13	2830.0	79.0
5.363308E13	2830.0	79.0
5.3633094E13	2830.0	80.0
5.3633102E13	2830.0	80.0
5.363311E13	2830.0	80.0
5.3633123E13	2830.0	80.0
5.363313E13	2830.0	80.0
5.3633144E13	2830.0	80.0
5.3633152E13	2830.0	80.0
5.363316E13	2830.0	80.0
5.3633173E13	2831.0	79.0
5.363318E13	2831.0	79.0
5.363319E13	2831.0	79.0
5.3633203E13	2831.0	79.0
5.363321E13	2831.0	79.0
5.3633224E13	2831.0	79.0
5.3633232E13	2831.0	79.0
5.3633245E13	2831.0	79.0
5.3633253E13	2832.0	79.0
5.363326E13	2832.0	79.0
5.3633274E13	2832.0	79.0
5.3633282E13	2832.0	79.0
5.363329E13	2831.0	79.0
5.3633303E13	2831.0	79.0
5.363331E13	2831.0	79.0
5.3633324E13	2830.0	79.0
5.3633333E13	2830.0	79.0
5.363334E13	2830.0	79.0
5.3633354E13	2831.0	79.0
5.3633362E13	2831.0	28.0
5.3633375E13	2831.0	79.0
5.3633383E13	2831.0	79.0
5.363339E13	2831.0	79.0
5.3633404E13	2830.0	79.0
5.3633412E13	2830.0	79.0
5.363342E13	2830.0	79.0
5.3633433E13	2830.0	79.0
5.363344E13	2833.0	79.0
5.3633454E13	2833.0	79.0
5.3633463E13	2833.0	79.0
5.363347E13	2829.0	79.0
5.3633484E13	2829.0	79.0
5.3633492E13	2829.0	79.0
5.3633505E13	2830.0	79.0
5.3633513E13	2830.0	79.0
5.363352E13	2830.0	79.0
5.3633534E13	2830.0	79.0
5.3633543E13	2831.0	79.0
5.363355E13	2831.0	79.0
5.3633563E13	2831.0	79.0
5.363357E13	2831.0	79.0
5.3633584E13	2831.0	79.0
5.3633593E13	2831.0	79.0
5.36336E13	2831.0	79.0
5.3633614E13	2833.0	79.0
5.3633622E13	2833.0	79.0
5.3633635E13	2833.0	79.0
5.3633643E13	2833.0	79.0
5.363365E13	2829.0	79.0
5.3633664E13	2829.0	79.0
5.3633673E13	2829.0	79.0
5.363368E13	2829.0	79.0
5.3633694E13	2829.0	79.0
5.36337E13	2832.0	79.0
5.3633714E13	2832.0	79.0
5.3633723E13	2832.0	79.0
5.363373E13	2832.0	79.0
5.3633744E13	2834.0	79.0
5.3633752E13	2834.0	78.0
5.3633765E13	2834.0	78.0
5.3633773E13	2831.0	79.0
5.363378E13	2831.0	79.0
5.3633794E13	2831.0	79.0
5.3633803E13	2831.0	79.0
5.363381E13	2832.0	79.0
5.3633824E13	2832.0	79.0
5.363383E13	2832.0	79.0
5.3633845E13	2832.0	79.0
5.3633853E13	2833.0	79.0
5.363386E13	2833.0	79.0
5.3633874E13	2833.0	80.0
5.3633882E13	2833.0	80.0
5.3633895E13	2831.0	80.0
5.3633903E13	2831.0	80.0
5.363391E13	2831.0	80.0
5.3633924E13	2833.0	79.0
5.3633933E13	2833.0	79.0
5.363394E13	2833.0	79.0
5.3633954E13	2833.0	79.0
5.363396E13	2834.0	79.0
5.3633975E13	2834.0	79.0
5.3633983E13	2834.0	79.0
5.363399E13	2834.0	79.0
5.3634004E13	2833.0	79.0
5.3634012E13	2833.0	79.0
5.3634025E13	2833.0	79.0
5.3634033E13	2836.0	79.0
5.363404E13	2836.0	79.0
5.3634054E13	2836.0	79.0
5.3634063E13	2836.0	79.0
5.3634075E13	2836.0	79.0
5.3634084E13	2836.0	80.0
5.363409E13	2836.0	80.0
5.3634105E13	2836.0	80.0
5.3634113E13	2839.0	79.0
5.363412E13	2839.0	79.0
5.3634134E13	2839.0	79.0
5.3634142E13	2839.0	80.0
5.3634155E13	2839.0	79.0
5.3634163E13	2839.0	80.0
5.363417E13	2839.0	80.0
5.3634184E13	2840.0	80.0
5.3634193E13	2840.0	80.0
5.3634205E13	2840.0	80.0
5.3634214E13	2840.0	80.0
5.363422E13	2838.0	80.0
5.3634235E13	2838.0	80.0
5.3634243E13	2838.0	80.0
5.363425E13	2840.0	79.0
5.3634264E13	2840.0	79.0
5.3634272E13	2840.0	79.0
5.3634285E13	2840.0	79.0
5.3634293E13	2840.0	79.0
5.3634323E13	2837.0	79.0
5.3634335E13	2837.0	79.0
5.3634344E13	2837.0	80.0
5.363435E13	2837.0	79.0
5.3634365E13	2837.0	79.0
5.3634373E13	2838.0	80.0
5.363438E13	2838.0	80.0
5.3634394E13	2838.0	80.0
5.3634402E13	2838.0	80.0
5.3634415E13	2840.0	80.0
5.3634423E13	2840.0	80.0
5.363443E13	2840.0	80.0
5.3634444E13	2840.0	80.0
5.3634453E13	2840.0	80.0
5.3634465E13	2840.0	79.0
5.3634474E13	2840.0	79.0
5.363448E13	2836.0	79.0
5.3634495E13	2836.0	79.0
5.3634503E13	2836.0	79.0
5.3634516E13	2836.0	79.0
5.3634524E13	2838.0	79.0
5.3634532E13	2838.0	80.0
5.3634545E13	2838.0	80.0
5.3634553E13	2838.0	80.0
5.363456E13	2837.0	80.0
5.3634574E13	2837.0	80.0
5.3634583E13	2837.0	80.0
5.3634595E13	2837.0	80.0
5.3634604E13	2836.0	80.0
5.363461E13	2836.0	79.0
5.3634625E13	2836.0	79.0
5.3634633E13	2837.0	79.0
5.3634646E13	2837.0	79.0
5.3634654E13	2837.0	79.0
5.3634662E13	2837.0	79.0
5.3634675E13	2837.0	80.0
5.3634683E13	2837.0	80.0
5.363469E13	2837.0	80.0
5.3634704E13	2837.0	80.0
5.3634713E13	2834.0	80.0
5.3634725E13	2834.0	80.0
5.3634734E13	2834.0	80.0
5.363474E13	2834.0	79.0
5.3634755E13	2835.0	79.0
5.3634763E13	2835.0	79.0
5.3634776E13	2835.0	79.0
5.3634784E13	2836.0	79.0
5.3634792E13	2836.0	79.0
5.3634805E13	2836.0	79.0
5.3634813E13	2836.0	79.0
5.363482E13	2836.0	80.0
5.363484E13	2836.0	79.0
5.3634843E13	2836.0	80.0
5.3634855E13	2836.0	79.0
5.3634864E13	2837.0	79.0
5.3634872E13	2837.0	79.0
5.3634885E13	2837.0	80.0
5.3634893E13	2834.0	80.0
5.3634906E13	2834.0	80.0
5.3634914E13	2834.0	80.0
5.3634922E13	2834.0	80.0
5.3634935E13	2835.0	80.0
5.3634943E13	2835.0	80.0
5.3634956E13	2835.0	79.0
5.3634964E13	2835.0	79.0
5.3634973E13	2837.0	79.0
5.3634985E13	2837.0	80.0
5.3634994E13	2837.0	80.0
5.3635002E13	2837.0	79.0
5.3635015E13	2836.0	79.0
5.3635023E13	2836.0	79.0
5.3635036E13	2836.0	79.0
5.3635044E13	2835.0	79.0
5.3635052E13	2835.0	79.0
5.3635065E13	2835.0	79.0
5.3635073E13	2835.0	79.0
5.3635086E13	2836.0	80.0
5.3635094E13	2836.0	80.0
5.3635103E13	2836.0	80.0
5.3635115E13	2836.0	80.0
5.3635124E13	2836.0	80.0
5.3635136E13	2836.0	80.0
5.3635145E13	2836.0	80.0
5.3635153E13	2836.0	80.0
5.3635166E13	2835.0	80.0
5.3635174E13	2835.0	80.0
5.3635182E13	2835.0	80.0
5.3635195E13	2837.0	80.0
5.3635203E13	2837.0	80.0
5.3635216E13	2837.0	80.0
5.3635224E13	2838.0	79.0
5.3635233E13	2838.0	79.0
5.3635245E13	2838.0	79.0
5.3635254E13	2838.0	79.0
5.3635266E13	2838.0	79.0
5.3635275E13	2837.0	80.0
5.3635283E13	2837.0	80.0
5.3635296E13	2837.0	80.0
5.3635304E13	2837.0	80.0
5.3635313E13	2838.0	80.0
5.3635325E13	2838.0	80.0
5.3635333E13	2835.0	80.0
5.3635346E13	2835.0	80.0
5.3635354E13	2835.0	80.0
5.3635363E13	2835.0	79.0
5.3635375E13	2835.0	79.0
5.3635384E13	2837.0	79.0
5.3635396E13	2837.0	79.0
5.3635405E13	2837.0	79.0
5.3635413E13	2837.0	79.0
5.3635426E13	2839.0	79.0
5.3635434E13	2839.0	80.0
5.3635443E13	2839.0	80.0
5.3635455E13	2839.0	80.0
5.3635464E13	2838.0	80.0
5.3635476E13	2838.0	80.0
5.3635484E13	2838.0	80.0
5.3635493E13	2837.0	80.0
5.3635505E13	2837.0	80.0
5.3635514E13	2837.0	80.0
5.3635526E13	2837.0	80.0
5.3635535E13	2837.0	80.0
5.3635543E13	2837.0	80.0
5.3635556E13	2837.0	80.0
5.3635564E13	2837.0	80.0
5.3635577E13	2839.0	80.0
5.3635585E13	2839.0	80.0
5.3635594E13	2839.0	80.0
5.3635606E13	2839.0	80.0
5.3635615E13	2840.0	80.0
5.3635623E13	2840.0	80.0
5.3635635E13	2840.0	80.0
5.3635644E13	2838.0	80.0
5.3635656E13	2838.0	80.0
5.3635665E13	2838.0	80.0
5.3635673E13	2838.0	80.0
5.3635686E13	2839.0	80.0
5.3635694E13	2839.0	80.0
5.3635707E13	2839.0	80.0
5.3635715E13	2839.0	80.0
5.3635724E13	2839.0	80.0
5.3635736E13	2839.0	80.0
5.3635745E13	2839.0	80.0
5.3635753E13	2839.0	80.0
5.3635766E13	2839.0	79.0
5.3635774E13	2839.0	79.0
5.3635786E13	2839.0	79.0
5.3635795E13	2839.0	79.0
5.3635803E13	2839.0	79.0
5.3635816E13	2839.0	79.0
5.3635824E13	2839.0	79.0
5.3635837E13	2841.0	79.0
5.3635845E13	2841.0	80.0
5.3635854E13	2841.0	80.0
5.3635866E13	2841.0	80.0
5.3635875E13	2840.0	80.0
5.3635887E13	2840.0	80.0
5.3635896E13	2840.0	80.0
5.3635904E13	2837.0	79.0
5.3635916E13	2837.0	79.0
5.3635925E13	2837.0	79.0
5.3635933E13	2837.0	79.0
5.3635946E13	2838.0	79.0
5.3635954E13	2838.0	80.0
5.3635967E13	2838.0	80.0
5.3635975E13	2838.0	80.0
5.3635984E13	2837.0	80.0
5.3635996E13	2837.0	80.0
5.3636005E13	2837.0	80.0
5.3636017E13	2837.0	80.0
5.3636026E13	2837.0	80.0
5.3636034E13	2837.0	80.0
5.3636047E13	2837.0	80.0
5.3636055E13	2836.0	79.0
5.3636067E13	2836.0	79.0
5.3636076E13	2836.0	79.0
5.3636084E13	2836.0	79.0
5.3636097E13	2837.0	79.0
5.3636105E13	2837.0	79.0
5.3636114E13	2837.0	79.0
5.3636126E13	2837.0	79.0
5.3636135E13	2837.0	79.0
5.3636147E13	2837.0	79.0
5.3636156E13	2837.0	80.0
5.3636164E13	2837.0	80.0
5.3636177E13	2837.0	80.0
5.3636185E13	2837.0	80.0
5.3636193E13	2837.0	80.0
5.3636206E13	2836.0	80.0
5.3636214E13	2836.0	79.0
5.3636227E13	2836.0	79.0
5.3636235E13	2837.0	79.0
5.3636244E13	2837.0	79.0
5.3636256E13	2837.0	79.0
5.3636265E13	2837.0	79.0
5.3636277E13	2837.0	79.0
5.363629E13	2837.0	79.0
5.3636294E13	2837.0	79.0
5.3636307E13	2837.0	80.0
5.3636315E13	2837.0	79.0
5.3636328E13	2837.0	79.0
5.3636336E13	2837.0	79.0
5.3636344E13	2836.0	79.0
5.3636357E13	2836.0	79.0
5.3636365E13	2836.0	79.0
5.3636378E13	2836.0	28.0
5.3636386E13	2836.0	79.0
5.3636395E13	2836.0	80.0
5.3636407E13	2836.0	80.0
5.3636416E13	2836.0	80.0
5.3636424E13	2836.0	79.0
5.3636437E13	2836.0	79.0
5.3636445E13	2836.0	79.0
5.3636458E13	2836.0	79.0
5.3636466E13	2835.0	79.0
5.3636474E13	2835.0	79.0
5.3636487E13	2835.0	79.0
5.3636495E13	2835.0	79.0
5.3636504E13	2836.0	79.0
5.3636516E13	2836.0	79.0
5.3636525E13	2836.0	79.0
5.3636537E13	2836.0	79.0
5.3636546E13	2835.0	79.0
5.3636554E13	2835.0	79.0
5.3636567E13	2835.0	79.0
5.3636575E13	2835.0	79.0
5.3636588E13	2835.0	79.0
5.3636596E13	2835.0	79.0
5.3636604E13	2835.0	79.0
5.3636617E13	2835.0	79.0
5.3636625E13	2835.0	79.0
5.3636634E13	2835.0	79.0
5.3636646E13	2835.0	79.0
5.3636655E13	2834.0	79.0
5.3636667E13	2834.0	79.0
5.3636676E13	2834.0	79.0
5.3636684E13	2834.0	79.0
5.3636697E13	2835.0	79.0
5.3636705E13	2835.0	79.0
5.3636718E13	2835.0	79.0
5.3636726E13	2835.0	79.0
5.3636734E13	2838.0	80.0
5.3636747E13	2838.0	79.0
5.3636755E13	2838.0	80.0
5.3636764E13	2838.0	80.0
5.3636776E13	2836.0	80.0
5.3636785E13	2836.0	80.0
5.3636797E13	2836.0	80.0
5.3636806E13	2836.0	80.0
5.3636814E13	2836.0	80.0
5.3636827E13	2836.0	80.0
5.3636835E13	2838.0	79.0
5.3636848E13	2838.0	79.0
5.3636856E13	2838.0	79.0
5.3636864E13	2838.0	79.0
5.3636877E13	2837.0	79.0
5.3636885E13	2837.0	80.0
5.3636894E13	2837.0	80.0
5.3636906E13	2835.0	80.0
5.3636915E13	2835.0	80.0
5.3636927E13	2835.0	80.0
5.3636936E13	2835.0	79.0
5.3636944E13	2835.0	79.0
5.3636957E13	2839.0	79.0
5.3636965E13	2839.0	79.0
5.3636978E13	2839.0	79.0
5.3636986E13	2839.0	80.0
5.3636994E13	2838.0	80.0
5.3637007E13	2838.0	80.0
5.3637015E13	2838.0	80.0
5.3637024E13	2838.0	80.0
5.3637036E13	2836.0	80.0
5.3637045E13	2836.0	80.0
5.3637057E13	2836.0	80.0
5.3637066E13	2835.0	79.0
5.3637074E13	2835.0	79.0
5.3637087E13	2835.0	79.0
5.3637095E13	2835.0	79.0
5.3637108E13	2836.0	79.0
5.3637116E13	2836.0	79.0
5.3637124E13	2836.0	79.0
5.3637137E13	2836.0	79.0
5.3637145E13	2836.0	79.0
5.363716E13	2836.0	79.0
5.3637166E13	2836.0	79.0
5.3637175E13	2836.0	79.0
5.3637187E13	2837.0	79.0
5.3637196E13	2837.0	80.0
5.3637204E13	2837.0	80.0
5.3637217E13	2836.0	80.0
5.3637225E13	2836.0	79.0
5.3637238E13	2836.0	80.0
5.3637246E13	2836.0	80.0
5.3637254E13	2838.0	80.0
5.3637267E13	2838.0	80.0
5.3637275E13	2838.0	79.0
5.363729E13	2838.0	48.0
5.3637296E13	2838.0	48.0
5.3637305E13	2838.0	48.0
5.3637317E13	2838.0	48.0
5.3637326E13	2838.0	48.0
5.3637334E13	2836.0	48.0
5.3637347E13	2836.0	48.0
5.3637355E13	2836.0	80.0
5.3637368E13	2838.0	80.0
5.3637376E13	2838.0	79.0
5.3637385E13	2838.0	80.0
5.3637397E13	2838.0	80.0
5.3637405E13	2837.0	80.0
5.363742E13	2837.0	80.0
5.3637426E13	2837.0	80.0
5.3637435E13	2837.0	80.0
5.3637447E13	2835.0	80.0
5.3637456E13	2835.0	80.0
5.363747E13	2835.0	79.0
5.3637477E13	2835.0	79.0
5.3637485E13	2839.0	79.0
5.3637498E13	2839.0	79.0
5.3637506E13	2839.0	79.0
5.3637515E13	2837.0	79.0
5.3637527E13	2837.0	79.0
5.3637535E13	2837.0	79.0
5.363755E13	2837.0	79.0
5.3637556E13	2836.0	79.0
5.3637565E13	2836.0	79.0
5.3637577E13	2836.0	80.0
5.3637586E13	2836.0	80.0
5.36376E13	2837.0	80.0
5.363761E13	2837.0	79.0
5.3637615E13	2837.0	79.0
5.3637628E13	2837.0	79.0
5.3637636E13	2837.0	79.0
5.363765E13	2837.0	79.0
5.3637657E13	2837.0	79.0
5.3637666E13	2840.0	79.0
5.363768E13	2840.0	79.0
5.3637686E13	2840.0	79.0
5.3637695E13	2840.0	79.0
5.3637707E13	2838.0	79.0
5.3637716E13	2838.0	79.0
5.363773E13	2838.0	79.0
5.3637737E13	2838.0	79.0
5.3637745E13	2839.0	79.0
5.3637758E13	2839.0	79.0
5.3637766E13	2839.0	79.0
5.363778E13	2838.0	79.0
5.3637787E13	2838.0	79.0
5.3637796E13	2838.0	79.0
5.363781E13	2838.0	79.0
5.3637817E13	2839.0	79.0
5.3637825E13	2839.0	79.0
5.3637837E13	2839.0	79.0
5.3637846E13	2839.0	79.0
5.363786E13	2838.0	80.0
5.3637867E13	2838.0	80.0
5.3637875E13	2838.0	79.0
5.3637888E13	2838.0	79.0
5.3637896E13	2839.0	79.0
5.363791E13	2839.0	79.0
5.3637917E13	2839.0	79.0
5.3637926E13	2838.0	79.0
5.363794E13	2838.0	79.0
5.3637947E13	2838.0	79.0
5.3637955E13	2838.0	79.0
5.3637968E13	2840.0	79.0
5.3637976E13	2840.0	79.0
5.363799E13	2840.0	79.0
5.3637997E13	2840.0	79.0
5.3638005E13	2839.0	80.0
5.3638018E13	2839.0	80.0
5.3638026E13	2839.0	80.0
5.363804E13	2839.0	80.0
5.3638047E13	2839.0	80.0
5.3638056E13	2839.0	80.0
5.363807E13	2840.0	79.0
5.3638077E13	2840.0	79.0
5.363809E13	2840.0	79.0
5.3638098E13	2840.0	79.0
5.3638106E13	2841.0	79.0
5.363812E13	2841.0	79.0
5.3638127E13	2841.0	79.0
5.3638135E13	2841.0	79.0
5.3638148E13	2842.0	79.0
5.3638156E13	2842.0	79.0
5.363817E13	2842.0	79.0
5.3638177E13	2842.0	79.0
5.3638186E13	2841.0	79.0
5.3638207E13	2841.0	79.0
5.36382E13	2841.0	79.0
5.363822E13	2841.0	79.0
5.3638228E13	2841.0	79.0
5.3638236E13	2841.0	79.0
5.363825E13	2841.0	79.0
5.3638257E13	2843.0	79.0
5.3638265E13	2843.0	79.0
5.3638278E13	2843.0	79.0
5.3638286E13	2843.0	79.0
5.36383E13	2840.0	79.0
5.3638307E13	2840.0	79.0
5.3638316E13	2839.0	80.0
5.363833E13	2839.0	28.0
5.3638337E13	2839.0	28.0
5.363835E13	2839.0	28.0
5.3638358E13	2839.0	28.0
5.3638366E13	2838.0	80.0
5.363838E13	2838.0	80.0
5.3638387E13	2838.0	79.0
5.36384E13	2838.0	79.0
5.363841E13	2840.0	79.0
5.3638416E13	2840.0	79.0
5.363843E13	2840.0	80.0
5.3638437E13	2840.0	80.0
5.3638446E13	2839.0	80.0
5.363846E13	2839.0	80.0
5.3638467E13	2839.0	80.0
5.363848E13	2839.0	80.0
5.3638488E13	2837.0	80.0
5.3638496E13	2837.0	28.0
5.363851E13	2837.0	80.0
5.3638517E13	2837.0	79.0
5.3638525E13	2837.0	79.0
5.363854E13	2837.0	79.0
5.3638546E13	2837.0	79.0
5.363856E13	2836.0	79.0
5.3638567E13	2836.0	79.0
5.3638576E13	2836.0	80.0
5.363859E13	2836.0	80.0
5.3638597E13	2836.0	80.0
5.363861E13	2836.0	80.0
5.3638618E13	2836.0	48.0
5.3638626E13	2836.0	48.0
5.363864E13	2836.0	48.0
5.3638647E13	2834.0	48.0
5.3638655E13	2834.0	48.0
5.363867E13	2834.0	48.0
5.3638676E13	2836.0	48.0
5.363869E13	2836.0	48.0
5.3638697E13	2836.0	48.0
5.3638706E13	2836.0	48.0
5.363872E13	2835.0	79.0
5.3638727E13	2835.0	79.0
5.363874E13	2835.0	79.0
5.3638748E13	2834.0	79.0
5.3638756E13	2834.0	79.0
5.3638777E13	2834.0	79.0
5.363877E13	2834.0	79.0
5.363879E13	2836.0	79.0
5.36388E13	2836.0	80.0
5.3638806E13	2836.0	80.0
5.363882E13	2836.0	79.0
5.3638827E13	2836.0	79.0
5.3638836E13	2836.0	79.0
5.363885E13	2836.0	79.0
5.3638857E13	2836.0	79.0
5.363887E13	2835.0	79.0
5.3638878E13	2835.0	79.0
5.3638886E13	2835.0	79.0
5.36389E13	2835.0	79.0
5.3638907E13	2836.0	79.0
5.363892E13	2836.0	79.0
5.363893E13	2836.0	78.0
5.3638936E13	2836.0	79.0
5.3638953E13	2836.0	79.0
5.3638957E13	2836.0	79.0
5.3638966E13	2836.0	79.0
5.363898E13	2835.0	80.0
5.3638987E13	2835.0	80.0
5.3639E13	2835.0	80.0
5.3639008E13	2835.0	79.0
5.3639016E13	2836.0	79.0
5.363903E13	2836.0	79.0
5.3639037E13	2836.0	79.0
5.3639054E13	2835.0	79.0
5.363906E13	2835.0	80.0
5.3639066E13	2835.0	80.0
5.363908E13	2835.0	79.0
5.3639087E13	2835.0	79.0
5.3639096E13	2835.0	79.0
5.363911E13	2835.0	79.0
5.3639117E13	2835.0	79.0
5.363913E13	2834.0	79.0
5.3639138E13	2834.0	79.0
5.3639146E13	2834.0	48.0
5.363916E13	2834.0	48.0
5.3639167E13	2835.0	48.0
5.363918E13	2835.0	48.0
5.363919E13	2835.0	48.0
5.3639196E13	2835.0	48.0
5.363921E13	2834.0	48.0
5.3639217E13	2834.0	48.0
5.3639226E13	2834.0	48.0
5.363924E13	2837.0	48.0
5.3639247E13	2837.0	48.0
5.363926E13	2837.0	48.0
5.3639268E13	2837.0	48.0
5.3639276E13	2838.0	48.0
5.363929E13	2838.0	48.0
5.3639297E13	2838.0	79.0
5.363931E13	2838.0	79.0
5.363932E13	2837.0	79.0
5.3639326E13	2837.0	79.0
5.363934E13	2837.0	79.0
5.3639347E13	2837.0	79.0
5.363936E13	2836.0	79.0
5.363937E13	2836.0	80.0
5.3639377E13	2836.0	80.0
5.363939E13	2838.0	80.0
5.3639398E13	2838.0	80.0
5.3639406E13	2838.0	80.0
5.363942E13	2838.0	48.0
5.3639427E13	2837.0	48.0
5.363944E13	2837.0	48.0
5.363945E13	2837.0	48.0
5.3639456E13	2837.0	79.0
5.363947E13	2838.0	79.0
5.3639477E13	2838.0	79.0
5.363949E13	2838.0	79.0
5.36395E13	2838.0	48.0
5.3639507E13	2837.0	79.0
5.363952E13	2837.0	79.0
5.3639528E13	2837.0	79.0
5.3639536E13	2841.0	79.0
5.363955E13	2841.0	79.0
5.3639557E13	2841.0	79.0
5.363957E13	2841.0	79.0
5.363958E13	2837.0	79.0
5.3639587E13	2837.0	79.0
5.36396E13	2837.0	79.0
5.3639607E13	2837.0	79.0
5.363962E13	2833.0	79.0
5.363963E13	2833.0	79.0
5.3639637E13	2833.0	79.0
5.363965E13	2836.0	79.0
5.3639658E13	2836.0	79.0
5.3639666E13	2836.0	79.0
5.363968E13	2836.0	79.0
5.3639687E13	2838.0	79.0
5.36397E13	2838.0	79.0
5.363971E13	2838.0	79.0
5.3639717E13	2838.0	48.0
5.363973E13	2836.0	48.0
5.3639738E13	2836.0	48.0
5.363975E13	2836.0	48.0
5.363976E13	2836.0	48.0
5.3639767E13	2836.0	48.0
5.363978E13	2836.0	48.0
5.3639788E13	2836.0	48.0
5.36398E13	2838.0	48.0
5.363981E13	2838.0	79.0
5.3639817E13	2838.0	79.0
5.363983E13	2838.0	79.0
5.363984E13	2840.0	79.0
5.3639847E13	2840.0	79.0
5.363986E13	2840.0	79.0
5.3639868E13	2840.0	79.0
5.363988E13	2841.0	79.0
5.363989E13	2841.0	79.0
5.3639897E13	2841.0	79.0
5.363991E13	2841.0	79.0
5.3639918E13	2840.0	79.0
5.363993E13	2840.0	79.0
5.363994E13	2840.0	79.0
5.3639947E13	2839.0	79.0
5.363996E13	2839.0	79.0
5.363997E13	2839.0	80.0
5.3639977E13	2839.0	79.0
5.363999E13	2841.0	79.0
5.3639998E13	2841.0	79.0
5.364001E13	2841.0	79.0
5.364002E13	2841.0	79.0
5.3640027E13	2838.0	79.0
5.364004E13	2838.0	80.0
5.3640048E13	2838.0	80.0
5.364006E13	2838.0	80.0
5.364007E13	2837.0	80.0
5.3640077E13	2837.0	80.0
5.364009E13	2837.0	80.0
5.36401E13	2838.0	80.0
5.364011E13	2838.0	79.0
5.364012E13	2838.0	79.0
5.3640128E13	2838.0	79.0
5.364014E13	2836.0	79.0
5.364015E13	2836.0	79.0
5.3640157E13	2836.0	79.0
5.364017E13	2839.0	79.0
5.364018E13	2839.0	79.0
5.364019E13	2839.0	79.0
5.36402E13	2839.0	79.0
5.3640207E13	2835.0	80.0
5.364022E13	2835.0	80.0
5.364023E13	2835.0	80.0
5.364024E13	2835.0	80.0
5.364025E13	2835.0	80.0
5.3640258E13	2835.0	80.0
5.364027E13	2835.0	80.0
5.364028E13	2837.0	80.0
5.364029E13	2837.0	80.0
5.36403E13	2837.0	80.0
5.364031E13	2837.0	79.0
5.364032E13	2837.0	79.0
5.364033E13	2839.0	79.0
5.3640337E13	2839.0	79.0
5.364035E13	2839.0	79.0
5.364036E13	2839.0	79.0
5.364037E13	2837.0	79.0
5.364038E13	2837.0	79.0
