5.4337967E13	2851.0	82.0
5.433798E13	2851.0	83.0
5.433799E13	2851.0	82.0
5.4337997E13	2851.0	81.0
5.433801E13	2837.0	79.0
5.4338018E13	2837.0	80.0
5.433803E13	2837.0	80.0
5.433804E13	2833.0	80.0
5.4338047E13	2833.0	80.0
5.433806E13	2833.0	80.0
5.433807E13	2839.0	80.0
5.433808E13	2839.0	80.0
5.433809E13	2839.0	80.0
5.4338098E13	2839.0	80.0
5.433811E13	2840.0	80.0
5.433812E13	2840.0	81.0
5.433813E13	2840.0	81.0
5.433814E13	2840.0	82.0
5.4338148E13	2840.0	81.0
5.433816E13	2840.0	80.0
5.433817E13	2840.0	79.0
5.4338177E13	2840.0	79.0
5.433819E13	2835.0	80.0
5.43382E13	2835.0	80.0
5.433821E13	2835.0	80.0
5.433822E13	2826.0	80.0
5.4338228E13	2826.0	81.0
5.433824E13	2826.0	81.0
5.433825E13	2826.0	81.0
5.433826E13	2826.0	82.0
5.433827E13	2825.0	82.0
5.4338278E13	2825.0	81.0
5.433829E13	2825.0	81.0
5.43383E13	2825.0	81.0
5.4338307E13	2824.0	82.0
5.433832E13	2824.0	83.0
5.433833E13	2824.0	83.0
5.433834E13	2824.0	82.0
5.433835E13	2825.0	81.0
5.4338358E13	2825.0	81.0
5.433837E13	2825.0	81.0
5.433838E13	2822.0	81.0
5.433839E13	2822.0	82.0
5.43384E13	2822.0	82.0
5.4338408E13	2822.0	82.0
5.433842E13	2814.0	82.0
5.433843E13	2814.0	82.0
5.433844E13	2814.0	81.0
5.433845E13	2814.0	80.0
5.433846E13	2807.0	80.0
5.433847E13	2807.0	80.0
5.433848E13	2807.0	80.0
5.4338488E13	2807.0	81.0
5.43385E13	2805.0	81.0
5.433851E13	2805.0	80.0
5.433852E13	2805.0	80.0
5.433853E13	2797.0	80.0
5.433854E13	2797.0	80.0
5.433855E13	2797.0	81.0
5.433856E13	2797.0	83.0
5.433857E13	2796.0	83.0
5.433858E13	2796.0	83.0
5.43386E13	2796.0	82.0
5.433861E13	2793.0	82.0
5.4338618E13	2793.0	81.0
5.433863E13	2793.0	82.0
5.433864E13	2793.0	82.0
5.433865E13	2796.0	81.0
5.433866E13	2796.0	81.0
5.433867E13	2796.0	81.0
5.433868E13	2799.0	80.0
5.433869E13	2799.0	80.0
5.43387E13	2799.0	80.0
5.433871E13	2799.0	81.0
5.433872E13	2800.0	81.0
5.433873E13	2800.0	82.0
5.433874E13	2800.0	82.0
5.4338748E13	2800.0	82.0
5.433876E13	2797.0	82.0
5.433877E13	2797.0	81.0
5.433878E13	2797.0	81.0
5.433879E13	2797.0	81.0
5.43388E13	2792.0	81.0
5.433881E13	2792.0	81.0
5.433882E13	2792.0	81.0
5.433883E13	2792.0	81.0
5.433884E13	2792.0	81.0
5.433885E13	2792.0	81.0
5.433886E13	2792.0	82.0
5.433887E13	2793.0	82.0
5.4338878E13	2793.0	81.0
5.43389E13	2793.0	82.0
5.433891E13	2792.0	82.0
5.433892E13	2792.0	81.0
5.433893E13	2792.0	81.0
5.433894E13	2792.0	81.0
5.433895E13	2794.0	80.0
5.433896E13	2794.0	80.0
5.433897E13	2794.0	80.0
5.433898E13	2799.0	80.0
5.433899E13	2799.0	80.0
5.4339E13	2799.0	80.0
5.433901E13	2799.0	80.0
5.433902E13	2800.0	81.0
5.433903E13	2800.0	82.0
5.433904E13	2800.0	82.0
5.433905E13	2800.0	82.0
5.433906E13	2797.0	82.0
5.433908E13	2797.0	82.0
5.433909E13	2797.0	83.0
5.43391E13	2796.0	83.0
5.433911E13	2796.0	83.0
5.433912E13	2796.0	82.0
5.433913E13	2801.0	82.0
5.433914E13	2801.0	82.0
5.433915E13	2801.0	81.0
5.433916E13	2809.0	81.0
5.433917E13	2809.0	81.0
5.433918E13	2809.0	82.0
5.4339192E13	2809.0	82.0
5.43392E13	2809.0	82.0
5.433921E13	2811.0	83.0
5.433922E13	2811.0	82.0
5.433923E13	2811.0	82.0
5.433924E13	2816.0	82.0
5.433925E13	2816.0	82.0
5.433926E13	2816.0	82.0
5.433927E13	2810.0	82.0
5.433928E13	2810.0	82.0
5.433929E13	2810.0	82.0
5.43393E13	2810.0	82.0
5.433931E13	2803.0	82.0
5.4339322E13	2803.0	82.0
5.433933E13	2803.0	82.0
5.433934E13	2803.0	82.0
5.433935E13	2793.0	81.0
5.433936E13	2793.0	81.0
5.433937E13	2793.0	81.0
5.433938E13	2793.0	81.0
5.433939E13	2785.0	82.0
5.43394E13	2785.0	82.0
5.433941E13	2785.0	82.0
5.433942E13	2785.0	82.0
5.433943E13	2781.0	81.0
5.433944E13	2781.0	81.0
5.4339452E13	2781.0	80.0
5.433946E13	2781.0	80.0
5.433947E13	2776.0	80.0
5.433948E13	2776.0	81.0
5.433949E13	2776.0	81.0
5.43395E13	2776.0	82.0
5.433951E13	2769.0	82.0
5.433952E13	2769.0	82.0
5.433953E13	2769.0	82.0
5.433954E13	2769.0	82.0
5.433955E13	2763.0	83.0
5.433956E13	2763.0	84.0
5.433958E13	2757.0	83.0
5.4339582E13	2757.0	83.0
5.433959E13	2757.0	83.0
5.43396E13	2757.0	83.0
5.4339616E13	2751.0	84.0
5.433962E13	2751.0	84.0
5.433963E13	2751.0	84.0
5.433964E13	2751.0	84.0
5.433965E13	2753.0	83.0
5.433966E13	2753.0	83.0
5.433967E13	2753.0	83.0
5.433968E13	2753.0	83.0
5.433969E13	2758.0	83.0
5.43397E13	2758.0	83.0
5.4339712E13	2758.0	83.0
5.433972E13	2758.0	83.0
5.433973E13	2762.0	83.0
5.433974E13	2762.0	82.0
5.433975E13	2762.0	82.0
5.433976E13	2762.0	81.0
5.433977E13	2765.0	81.0
5.433978E13	2765.0	82.0
5.433979E13	2765.0	83.0
5.43398E13	2765.0	83.0
5.4339813E13	2765.0	83.0
5.433982E13	2765.0	83.0
5.433983E13	2765.0	83.0
5.4339842E13	2765.0	83.0
5.4339855E13	2764.0	83.0
5.433986E13	2764.0	82.0
5.4339876E13	2764.0	82.0
5.433988E13	2769.0	83.0
5.433989E13	2769.0	82.0
5.43399E13	2769.0	82.0
5.433991E13	2769.0	82.0
5.433992E13	2776.0	81.0
5.433993E13	2776.0	81.0
5.433994E13	2776.0	81.0
5.433995E13	2776.0	82.0
5.433996E13	2779.0	82.0
5.4339972E13	2779.0	83.0
5.433998E13	2779.0	83.0
5.433999E13	2779.0	84.0
5.434E13	2781.0	84.0
5.434001E13	2781.0	83.0
5.434002E13	2781.0	83.0
5.434003E13	2780.0	83.0
5.434004E13	2780.0	82.0
5.434005E13	2780.0	83.0
5.434006E13	2780.0	82.0
5.434007E13	2791.0	82.0
5.434008E13	2791.0	83.0
5.434009E13	2791.0	83.0
5.4340102E13	2791.0	81.0
5.434011E13	2804.0	80.0
5.4340123E13	2804.0	79.0
5.434013E13	2804.0	78.0
5.434014E13	2804.0	78.0
5.4340153E13	2810.0	78.0
5.434016E13	2810.0	79.0
5.434017E13	2810.0	80.0
5.434018E13	2807.0	80.0
5.4340195E13	2807.0	81.0
5.43402E13	2807.0	50.0
5.434021E13	2807.0	83.0
5.434022E13	2805.0	50.0
5.4340232E13	2805.0	50.0
5.434024E13	2805.0	50.0
5.434025E13	2805.0	82.0
5.4340266E13	2804.0	50.0
5.434027E13	2804.0	50.0
5.4340287E13	2804.0	50.0
5.434029E13	2804.0	81.0
5.43403E13	2807.0	50.0
5.4340312E13	2807.0	50.0
5.434032E13	2807.0	50.0
5.434033E13	2811.0	51.0
5.434034E13	2811.0	51.0
5.434035E13	2811.0	51.0
5.4340362E13	2811.0	51.0
5.434037E13	2817.0	51.0
5.434038E13	2817.0	51.0
5.434039E13	2817.0	79.0
5.43404E13	2817.0	79.0
5.4340413E13	2815.0	79.0
5.434042E13	2815.0	79.0
5.434043E13	2815.0	80.0
5.4340442E13	2815.0	80.0
5.434045E13	2817.0	81.0
5.4340463E13	2817.0	83.0
5.434047E13	2817.0	83.0
5.434048E13	2813.0	83.0
5.4340492E13	2813.0	83.0
5.43405E13	2813.0	83.0
5.434051E13	2813.0	82.0
5.434052E13	2808.0	82.0
5.434053E13	2808.0	82.0
5.4340543E13	2808.0	82.0
5.434055E13	2808.0	81.0
5.434056E13	2803.0	81.0
5.4340572E13	2803.0	81.0
5.434058E13	2803.0	81.0
5.4340593E13	2803.0	81.0
5.43406E13	2806.0	82.0
5.434061E13	2806.0	82.0
5.4340622E13	2806.0	81.0
5.434063E13	2812.0	81.0
5.434064E13	2812.0	80.0
5.434065E13	2812.0	79.0
5.434066E13	2812.0	78.0
5.4340673E13	2817.0	78.0
5.434068E13	2817.0	79.0
5.434069E13	2817.0	80.0
5.4340702E13	2817.0	80.0
5.434071E13	2816.0	81.0
5.434073E13	2816.0	81.0
5.434074E13	2816.0	81.0
5.4340753E13	2817.0	81.0
5.434076E13	2817.0	81.0
5.4340773E13	2817.0	81.0
5.434078E13	2818.0	81.0
5.434079E13	2818.0	81.0
5.4340803E13	2818.0	81.0
5.434081E13	2818.0	81.0
5.434082E13	2815.0	81.0
5.4340832E13	2815.0	81.0
5.434084E13	2815.0	80.0
5.4340853E13	2815.0	80.0
5.434086E13	2811.0	81.0
5.434087E13	2811.0	81.0
5.4340883E13	2811.0	82.0
5.434089E13	2811.0	82.0
5.4340904E13	2811.0	82.0
5.434091E13	2811.0	82.0
5.434092E13	2811.0	81.0
5.4340933E13	2810.0	81.0
5.434094E13	2810.0	80.0
5.4340954E13	2810.0	81.0
5.4340962E13	2810.0	81.0
5.434097E13	2820.0	80.0
5.4340983E13	2820.0	80.0
5.434099E13	2820.0	80.0
5.4341E13	2820.0	80.0
5.4341013E13	2832.0	81.0
5.434102E13	2832.0	81.0
5.4341034E13	2832.0	81.0
5.434104E13	2832.0	82.0
5.434105E13	2837.0	82.0
5.4341063E13	2837.0	82.0
5.434107E13	2837.0	82.0
5.4341084E13	2841.0	82.0
5.4341092E13	2841.0	82.0
5.43411E13	2841.0	82.0
5.4341113E13	2841.0	81.0
5.434112E13	2844.0	81.0
5.434113E13	2844.0	81.0
5.4341143E13	2844.0	50.0
5.434115E13	2844.0	80.0
5.4341164E13	2848.0	80.0
5.434117E13	2848.0	80.0
5.434118E13	2848.0	80.0
5.4341193E13	2848.0	80.0
5.43412E13	2844.0	81.0
5.4341214E13	2844.0	81.0
5.4341222E13	2844.0	81.0
5.434123E13	2832.0	81.0
5.4341243E13	2832.0	80.0
5.434125E13	2832.0	80.0
5.434126E13	2832.0	80.0
5.4341273E13	2823.0	80.0
5.434128E13	2823.0	81.0
5.4341294E13	2823.0	81.0
5.43413E13	2823.0	81.0
5.434131E13	2818.0	80.0
5.4341323E13	2818.0	79.0
5.434133E13	2818.0	79.0
5.4341344E13	2818.0	80.0
5.4341352E13	2816.0	80.0
5.434136E13	2816.0	80.0
5.4341373E13	2816.0	80.0
5.434138E13	2816.0	80.0
5.4341394E13	2816.0	80.0
5.4341403E13	2816.0	79.0
5.434141E13	2816.0	79.0
5.4341424E13	2811.0	79.0
5.434143E13	2811.0	79.0
5.434144E13	2811.0	80.0
5.4341453E13	2811.0	79.0
5.434146E13	2806.0	79.0
5.4341474E13	2806.0	79.0
5.4341482E13	2806.0	80.0
5.434149E13	2806.0	80.0
5.4341503E13	2805.0	80.0
5.434151E13	2805.0	80.0
5.4341524E13	2805.0	80.0
5.4341533E13	2809.0	80.0
5.434154E13	2809.0	80.0
5.4341554E13	2809.0	80.0
5.434156E13	2809.0	80.0
5.4341583E13	2814.0	80.0
5.434159E13	2814.0	80.0
5.4341604E13	2814.0	79.0
5.4341612E13	2817.0	79.0
5.434162E13	2817.0	79.0
5.4341633E13	2817.0	79.0
5.434164E13	2817.0	79.0
5.4341654E13	2815.0	79.0
5.4341663E13	2815.0	80.0
5.434167E13	2815.0	80.0
5.4341684E13	2812.0	81.0
5.434169E13	2812.0	81.0
5.43417E13	2812.0	81.0
5.4341713E13	2812.0	80.0
5.434172E13	2809.0	80.0
5.4341734E13	2809.0	79.0
5.4341742E13	2809.0	79.0
5.434175E13	2809.0	78.0
5.4341763E13	2806.0	79.0
5.434177E13	2806.0	80.0
5.4341784E13	2806.0	83.0
5.4341793E13	2806.0	83.0
5.43418E13	2810.0	81.0
5.4341814E13	2810.0	80.0
5.434182E13	2810.0	78.0
5.4341835E13	2817.0	78.0
5.4341843E13	2817.0	78.0
5.434185E13	2817.0	80.0
5.4341864E13	2817.0	81.0
5.4341872E13	2819.0	82.0
5.434188E13	2819.0	82.0
5.4341893E13	2819.0	83.0
5.43419E13	2819.0	82.0
5.4341914E13	2817.0	81.0
5.4341923E13	2817.0	80.0
5.434193E13	2817.0	79.0
5.4341944E13	2817.0	78.0
5.434195E13	2817.0	77.0
5.4341965E13	2817.0	77.0
5.4341973E13	2817.0	78.0
5.434198E13	2818.0	80.0
5.4341994E13	2818.0	81.0
5.4342002E13	2818.0	81.0
5.4342015E13	2829.0	82.0
5.4342023E13	2829.0	82.0
5.434203E13	2829.0	83.0
5.4342044E13	2829.0	83.0
5.4342053E13	2829.0	83.0
5.434206E13	2844.0	81.0
5.4342074E13	2844.0	81.0
5.4342082E13	2844.0	79.0
5.4342095E13	2844.0	79.0
5.4342103E13	2856.0	81.0
5.434211E13	2856.0	81.0
5.4342124E13	2861.0	81.0
5.4342132E13	2861.0	81.0
5.434214E13	2861.0	81.0
5.4342153E13	2861.0	81.0
5.434216E13	2865.0	81.0
5.4342174E13	2865.0	81.0
5.4342183E13	2865.0	80.0
5.434219E13	2865.0	81.0
5.4342204E13	2864.0	81.0
5.4342212E13	2864.0	82.0
5.4342225E13	2864.0	82.0
5.4342233E13	2864.0	82.0
5.434224E13	2867.0	82.0
5.4342254E13	2867.0	81.0
5.4342262E13	2867.0	81.0
5.4342275E13	2867.0	80.0
5.4342283E13	2867.0	81.0
5.434229E13	2867.0	81.0
5.4342304E13	2867.0	81.0
5.4342313E13	2867.0	81.0
5.434232E13	2860.0	81.0
5.4342334E13	2860.0	81.0
5.4342342E13	2860.0	81.0
5.4342355E13	2860.0	81.0
5.4342363E13	2855.0	81.0
5.434237E13	2855.0	82.0
5.4342384E13	2855.0	81.0
5.4342392E13	2855.0	81.0
5.4342405E13	2852.0	81.0
5.4342413E13	2852.0	81.0
5.434242E13	2852.0	81.0
5.4342434E13	2847.0	82.0
5.4342443E13	2847.0	82.0
5.434245E13	2847.0	82.0
5.4342464E13	2847.0	81.0
5.4342472E13	2843.0	80.0
5.4342485E13	2843.0	80.0
5.4342493E13	2843.0	80.0
5.43425E13	2843.0	81.0
5.4342514E13	2837.0	82.0
5.4342523E13	2837.0	82.0
5.4342535E13	2837.0	82.0
5.4342543E13	2837.0	82.0
5.434255E13	2827.0	82.0
5.4342564E13	2827.0	82.0
5.4342573E13	2827.0	82.0
5.434258E13	2825.0	82.0
5.4342594E13	2825.0	82.0
5.4342602E13	2825.0	81.0
5.4342615E13	2825.0	81.0
5.4342623E13	2825.0	81.0
5.434263E13	2825.0	81.0
5.4342644E13	2825.0	81.0
5.4342653E13	2825.0	82.0
5.4342665E13	2832.0	82.0
5.434268E13	2832.0	83.0
5.4342694E13	2844.0	83.0
5.4342703E13	2844.0	82.0
5.434271E13	2844.0	82.0
5.4342724E13	2844.0	82.0
5.4342732E13	2855.0	82.0
5.4342745E13	2855.0	82.0
5.4342753E13	2855.0	81.0
5.434276E13	2855.0	80.0
5.4342774E13	2866.0	80.0
5.4342783E13	2866.0	80.0
5.4342795E13	2866.0	79.0
5.4342804E13	2866.0	78.0
5.434281E13	2878.0	78.0
5.4342824E13	2878.0	79.0
5.4342833E13	2875.0	81.0
5.434284E13	2875.0	81.0
5.4342854E13	2875.0	81.0
5.4342862E13	2875.0	82.0
5.4342875E13	2875.0	82.0
5.4342883E13	2873.0	82.0
5.434289E13	2873.0	81.0
5.4342904E13	2873.0	81.0
5.4342913E13	2873.0	81.0
5.4342925E13	2870.0	81.0
5.4342934E13	2870.0	82.0
5.434294E13	2870.0	82.0
5.4342955E13	2870.0	82.0
5.4342963E13	2867.0	82.0
5.434297E13	2867.0	82.0
5.4342984E13	2867.0	82.0
5.4342992E13	2864.0	82.0
5.4343005E13	2864.0	81.0
5.4343013E13	2864.0	80.0
5.434302E13	2864.0	80.0
5.4343034E13	2872.0	50.0
5.4343043E13	2872.0	50.0
5.4343055E13	2872.0	50.0
5.4343064E13	2872.0	50.0
5.434307E13	2880.0	50.0
5.4343085E13	2880.0	50.0
5.4343093E13	2880.0	50.0
5.4343106E13	2880.0	50.0
5.4343114E13	2886.0	50.0
5.4343122E13	2886.0	50.0
5.4343135E13	2886.0	50.0
5.4343143E13	2885.0	50.0
5.434315E13	2885.0	50.0
5.4343164E13	2885.0	50.0
5.4343173E13	2885.0	50.0
5.4343185E13	2881.0	50.0
5.4343194E13	2881.0	50.0
5.43432E13	2881.0	50.0
5.4343215E13	2881.0	50.0
5.4343223E13	2882.0	50.0
5.4343236E13	2882.0	50.0
5.4343244E13	2882.0	50.0
5.4343252E13	2882.0	79.0
5.4343265E13	2892.0	80.0
5.4343273E13	2892.0	80.0
5.434328E13	2892.0	81.0
5.4343294E13	2888.0	50.0
5.4343303E13	2888.0	81.0
5.4343315E13	2888.0	50.0
5.4343328E13	2888.0	50.0
5.434333E13	2880.0	82.0
5.4343345E13	2880.0	82.0
5.4343353E13	2880.0	83.0
5.4343366E13	2880.0	83.0
5.4343374E13	2877.0	50.0
5.4343382E13	2877.0	50.0
5.4343395E13	2877.0	82.0
5.4343403E13	2877.0	50.0
5.4343416E13	2878.0	50.0
5.4343424E13	2878.0	50.0
5.4343433E13	2878.0	50.0
5.4343445E13	2874.0	78.0
5.4343454E13	2874.0	79.0
5.4343466E13	2874.0	79.0
5.4343475E13	2874.0	79.0
5.4343483E13	2871.0	78.0
5.4343496E13	2871.0	51.0
5.4343504E13	2871.0	78.0
5.4343512E13	2871.0	79.0
5.4343525E13	2869.0	80.0
5.4343533E13	2869.0	81.0
5.4343546E13	2869.0	81.0
5.4343554E13	2869.0	81.0
5.4343563E13	2882.0	81.0
5.4343575E13	2882.0	81.0
5.4343584E13	2882.0	80.0
5.434359E13	2898.0	79.0
5.4343605E13	2898.0	79.0
5.4343613E13	2898.0	79.0
5.4343626E13	2898.0	79.0
5.4343634E13	2912.0	50.0
5.4343642E13	2912.0	78.0
5.4343655E13	2912.0	78.0
5.4343663E13	2912.0	79.0
5.4343676E13	2917.0	79.0
5.4343684E13	2917.0	80.0
5.4343693E13	2917.0	81.0
5.4343705E13	2917.0	80.0
5.4343714E13	2907.0	80.0
5.434372E13	2907.0	79.0
5.4343735E13	2907.0	79.0
5.4343743E13	2902.0	79.0
5.4343756E13	2902.0	80.0
5.4343764E13	2902.0	79.0
5.4343772E13	2902.0	79.0
5.4343785E13	2903.0	79.0
5.4343793E13	2903.0	79.0
5.4343806E13	2903.0	78.0
5.4343814E13	2903.0	78.0
5.4343823E13	2908.0	79.0
5.4343835E13	2908.0	79.0
5.4343844E13	2908.0	79.0
5.4343856E13	2908.0	78.0
5.4343865E13	2901.0	79.0
5.4343873E13	2901.0	79.0
5.4343886E13	2901.0	80.0
5.4343894E13	2895.0	80.0
5.4343902E13	2895.0	81.0
5.4343915E13	2895.0	80.0
5.4343923E13	2895.0	80.0
5.4343936E13	2893.0	79.0
5.4343944E13	2893.0	79.0
5.4343953E13	2893.0	79.0
5.4343965E13	2893.0	79.0
5.4343974E13	2892.0	79.0
5.4343986E13	2892.0	79.0
5.4343995E13	2892.0	79.0
5.4344003E13	2889.0	79.0
5.4344016E13	2889.0	79.0
5.4344024E13	2889.0	79.0
5.4344032E13	2889.0	79.0
5.4344045E13	2890.0	79.0
5.4344053E13	2890.0	80.0
5.4344066E13	2890.0	80.0
5.4344074E13	2878.0	81.0
5.4344083E13	2878.0	81.0
5.4344095E13	2878.0	82.0
5.4344104E13	2878.0	81.0
5.4344116E13	2878.0	81.0
5.4344125E13	2858.0	80.0
5.4344133E13	2858.0	80.0
5.4344146E13	2858.0	80.0
5.4344154E13	2858.0	79.0
5.4344167E13	2837.0	79.0
5.4344175E13	2837.0	79.0
5.4344183E13	2837.0	79.0
5.4344196E13	2826.0	79.0
5.4344204E13	2826.0	79.0
5.4344213E13	2826.0	79.0
5.4344225E13	2826.0	79.0
5.4344234E13	2816.0	79.0
5.4344246E13	2816.0	78.0
5.4344255E13	2816.0	78.0
5.4344263E13	2816.0	78.0
5.4344276E13	2814.0	77.0
5.4344284E13	2814.0	78.0
5.4344297E13	2814.0	78.0
5.4344305E13	2814.0	78.0
5.4344313E13	2812.0	78.0
5.4344326E13	2812.0	78.0
5.4344334E13	2812.0	79.0
5.4344343E13	2803.0	79.0
5.4344355E13	2803.0	78.0
5.4344364E13	2803.0	78.0
5.4344376E13	2803.0	77.0
5.4344385E13	2794.0	77.0
5.4344393E13	2794.0	76.0
5.4344406E13	2794.0	76.0
5.4344414E13	2794.0	76.0
5.4344427E13	2784.0	76.0
5.4344435E13	2784.0	76.0
5.4344443E13	2784.0	76.0
5.4344456E13	2784.0	76.0
5.4344464E13	2776.0	76.0
5.4344473E13	2776.0	76.0
5.4344485E13	2776.0	76.0
5.4344494E13	2780.0	76.0
5.4344506E13	2780.0	76.0
5.4344515E13	2780.0	76.0
5.4344523E13	2780.0	77.0
5.4344536E13	2784.0	77.0
5.4344544E13	2784.0	77.0
5.4344557E13	2784.0	76.0
5.4344565E13	2784.0	76.0
5.4344574E13	2790.0	76.0
5.4344586E13	2790.0	77.0
5.4344594E13	2790.0	77.0
5.4344607E13	2790.0	76.0
5.4344615E13	2791.0	75.0
5.4344624E13	2791.0	75.0
5.4344636E13	2791.0	74.0
5.4344645E13	2798.0	74.0
5.4344653E13	2798.0	74.0
5.4344666E13	2798.0	74.0
5.4344674E13	2798.0	75.0
5.4344687E13	2799.0	75.0
5.4344695E13	2799.0	76.0
5.4344704E13	2799.0	77.0
5.4344716E13	2799.0	78.0
5.4344725E13	2789.0	78.0
5.4344737E13	2789.0	78.0
5.4344745E13	2789.0	77.0
5.4344754E13	2789.0	76.0
5.4344766E13	2776.0	74.0
5.4344775E13	2776.0	73.0
5.4344783E13	2776.0	72.0
5.4344796E13	2764.0	73.0
5.4344804E13	2764.0	74.0
5.4344817E13	2764.0	76.0
5.4344825E13	2764.0	76.0
5.4344834E13	2765.0	76.0
5.4344846E13	2765.0	76.0
5.4344855E13	2765.0	76.0
5.4344867E13	2765.0	75.0
5.4344876E13	2769.0	76.0
5.4344884E13	2769.0	76.0
5.4344896E13	2769.0	75.0
5.4344905E13	2769.0	75.0
5.4344913E13	2767.0	75.0
5.4344926E13	2767.0	75.0
5.4344934E13	2767.0	76.0
5.4344947E13	2771.0	76.0
5.4344955E13	2771.0	78.0
5.4344964E13	2771.0	78.0
5.4344976E13	2771.0	78.0
5.4344985E13	2779.0	78.0
5.4344997E13	2779.0	78.0
5.4345006E13	2779.0	77.0
5.4345014E13	2779.0	77.0
5.4345027E13	2791.0	53.0
5.4345035E13	2791.0	76.0
5.4345047E13	2791.0	76.0
5.4345056E13	2796.0	75.0
5.4345064E13	2796.0	75.0
5.4345077E13	2796.0	75.0
5.4345085E13	2796.0	75.0
5.4345094E13	2783.0	76.0
5.4345106E13	2783.0	78.0
5.4345115E13	2783.0	78.0
5.4345127E13	2783.0	79.0
5.4345136E13	2769.0	79.0
5.4345144E13	2769.0	78.0
5.4345157E13	2769.0	77.0
5.4345165E13	2769.0	76.0
5.4345177E13	2761.0	76.0
5.4345186E13	2761.0	76.0
5.4345194E13	2761.0	77.0
5.4345207E13	2761.0	77.0
5.4345215E13	2760.0	77.0
5.4345228E13	2760.0	77.0
5.4345236E13	2760.0	78.0
5.4345245E13	2767.0	79.0
5.4345257E13	2767.0	80.0
5.4345266E13	2767.0	80.0
5.4345274E13	2767.0	79.0
5.4345287E13	2770.0	78.0
5.4345295E13	2770.0	77.0
5.4345308E13	2770.0	77.0
5.4345316E13	2770.0	77.0
5.4345324E13	2772.0	77.0
5.4345337E13	2772.0	78.0
5.4345345E13	2772.0	79.0
5.4345358E13	2772.0	79.0
5.4345366E13	2772.0	79.0
5.4345375E13	2772.0	79.0
5.4345387E13	2772.0	79.0
5.4345396E13	2771.0	78.0
5.4345404E13	2771.0	77.0
5.4345417E13	2771.0	76.0
5.4345425E13	2771.0	76.0
5.4345454E13	2769.0	77.0
5.4345467E13	2769.0	79.0
5.4345475E13	2763.0	79.0
5.4345488E13	2763.0	80.0
5.4345496E13	2763.0	80.0
5.4345505E13	2763.0	79.0
5.4345517E13	2762.0	78.0
5.4345526E13	2762.0	76.0
5.4345534E13	2762.0	76.0
5.4345547E13	2756.0	76.0
5.4345555E13	2756.0	76.0
5.4345568E13	2756.0	77.0
5.4345576E13	2756.0	77.0
5.4345584E13	2752.0	77.0
5.4345597E13	2752.0	77.0
5.4345605E13	2752.0	77.0
5.4345618E13	2752.0	77.0
5.4345626E13	2746.0	78.0
5.4345635E13	2746.0	78.0
5.4345647E13	2746.0	79.0
5.4345656E13	2744.0	79.0
5.434567E13	2744.0	79.0
5.4345677E13	2744.0	79.0
5.4345685E13	2744.0	79.0
5.4345698E13	2745.0	79.0
5.4345706E13	2745.0	79.0
5.4345714E13	2745.0	78.0
5.4345727E13	2745.0	78.0
5.4345735E13	2750.0	78.0
5.434575E13	2750.0	78.0
5.4345756E13	2750.0	79.0
5.4345765E13	2750.0	79.0
5.4345777E13	2752.0	79.0
5.4345786E13	2752.0	78.0
5.43458E13	2752.0	79.0
5.4345807E13	2752.0	79.0
5.4345815E13	2752.0	79.0
5.4345828E13	2752.0	79.0
5.4345836E13	2752.0	78.0
5.4345844E13	2753.0	77.0
5.4345857E13	2753.0	77.0
5.4345865E13	2753.0	76.0
5.434588E13	2759.0	76.0
5.4345886E13	2759.0	77.0
5.4345895E13	2759.0	78.0
5.4345907E13	2759.0	78.0
5.4345916E13	2759.0	78.0
5.434593E13	2761.0	78.0
5.4345937E13	2761.0	78.0
5.4345945E13	2761.0	78.0
5.4345958E13	2761.0	79.0
5.4345966E13	2761.0	79.0
5.434598E13	2761.0	79.0
5.4345987E13	2765.0	78.0
5.4345995E13	2765.0	78.0
5.434601E13	2765.0	78.0
5.4346016E13	2765.0	78.0
5.4346025E13	2765.0	78.0
5.4346037E13	2772.0	78.0
5.4346046E13	2772.0	78.0
5.434606E13	2772.0	79.0
5.4346067E13	2775.0	79.0
5.4346075E13	2775.0	79.0
5.4346088E13	2775.0	78.0
5.4346096E13	2775.0	78.0
5.4346104E13	2775.0	77.0
5.4346117E13	2775.0	77.0
5.4346125E13	2775.0	77.0
5.434614E13	2775.0	78.0
5.4346146E13	2778.0	78.0
5.4346155E13	2778.0	79.0
5.4346167E13	2778.0	79.0
5.4346176E13	2778.0	79.0
5.434619E13	2783.0	78.0
5.4346197E13	2783.0	78.0
5.4346205E13	2783.0	78.0
5.4346218E13	2783.0	78.0
5.4346226E13	2785.0	79.0
5.434624E13	2785.0	79.0
5.4346247E13	2785.0	78.0
5.4346255E13	2785.0	78.0
5.434627E13	2781.0	77.0
5.4346276E13	2781.0	77.0
5.4346285E13	2781.0	77.0
5.4346297E13	2782.0	78.0
5.4346306E13	2782.0	78.0
5.434632E13	2782.0	79.0
5.4346327E13	2782.0	80.0
5.4346335E13	2779.0	79.0
5.4346348E13	2779.0	79.0
5.4346356E13	2779.0	78.0
5.434637E13	2779.0	78.0
5.4346377E13	2779.0	78.0
5.4346385E13	2779.0	78.0
5.43464E13	2779.0	78.0
5.4346406E13	2779.0	79.0
5.4346415E13	2781.0	78.0
5.4346427E13	2781.0	78.0
5.4346436E13	2781.0	79.0
5.434645E13	2781.0	79.0
5.4346457E13	2781.0	78.0
5.4346465E13	2781.0	78.0
5.4346478E13	2781.0	78.0
5.4346486E13	2783.0	78.0
5.43465E13	2783.0	78.0
5.4346507E13	2783.0	79.0
5.4346515E13	2783.0	80.0
5.434653E13	2782.0	80.0
5.4346536E13	2782.0	81.0
5.4346545E13	2782.0	82.0
5.4346557E13	2782.0	81.0
5.4346566E13	2783.0	80.0
5.434658E13	2783.0	80.0
5.4346587E13	2783.0	79.0
5.4346595E13	2780.0	79.0
5.4346608E13	2780.0	79.0
5.4346616E13	2780.0	79.0
5.434663E13	2780.0	79.0
5.4346637E13	2781.0	79.0
5.4346646E13	2781.0	80.0
5.434666E13	2781.0	80.0
5.4346666E13	2781.0	80.0
5.434668E13	2779.0	80.0
5.4346687E13	2779.0	80.0
5.4346696E13	2779.0	80.0
5.434671E13	2779.0	81.0
5.4346717E13	2772.0	81.0
5.4346725E13	2772.0	81.0
5.4346738E13	2772.0	81.0
5.4346746E13	2768.0	81.0
5.434676E13	2768.0	82.0
5.4346767E13	2768.0	83.0
5.4346776E13	2768.0	82.0
5.434679E13	2771.0	82.0
5.4346796E13	2771.0	81.0
5.434681E13	2771.0	81.0
5.4346817E13	2771.0	81.0
5.4346826E13	2771.0	80.0
5.434684E13	2771.0	80.0
5.4346847E13	2771.0	81.0
5.4346855E13	2771.0	81.0
5.434687E13	2770.0	81.0
5.4346876E13	2770.0	81.0
5.434689E13	2770.0	81.0
5.4346897E13	2764.0	81.0
5.4346906E13	2764.0	81.0
5.434692E13	2764.0	81.0
5.4346927E13	2764.0	81.0
5.434694E13	2755.0	81.0
5.4346947E13	2755.0	81.0
5.4346956E13	2755.0	81.0
5.434697E13	2755.0	81.0
5.4346977E13	2750.0	81.0
5.4346985E13	2750.0	81.0
5.4346998E13	2750.0	81.0
5.4347006E13	2748.0	80.0
5.434702E13	2748.0	80.0
5.4347027E13	2748.0	80.0
5.4347036E13	2748.0	80.0
5.434705E13	2754.0	80.0
5.4347057E13	2754.0	81.0
5.434707E13	2754.0	81.0
5.4347078E13	2754.0	81.0
5.4347086E13	2758.0	81.0
5.43471E13	2758.0	80.0
5.4347107E13	2758.0	81.0
5.434712E13	2758.0	82.0
5.4347128E13	2758.0	82.0
5.4347136E13	2758.0	81.0
5.434715E13	2758.0	80.0
5.4347157E13	2758.0	79.0
5.4347166E13	2762.0	78.0
5.434718E13	2762.0	78.0
5.4347187E13	2762.0	78.0
5.43472E13	2767.0	79.0
5.4347208E13	2767.0	81.0
5.4347216E13	2767.0	82.0
5.434723E13	2767.0	82.0
5.4347237E13	2772.0	82.0
5.434725E13	2772.0	82.0
5.4347258E13	2772.0	81.0
5.4347266E13	2772.0	81.0
5.434728E13	2775.0	81.0
5.4347287E13	2775.0	81.0
5.43473E13	2775.0	81.0
5.4347312E13	2775.0	81.0
5.4347317E13	2779.0	81.0
5.434733E13	2779.0	81.0
5.4347338E13	2779.0	81.0
5.4347346E13	2781.0	81.0
5.434736E13	2781.0	81.0
5.4347367E13	2781.0	81.0
5.434738E13	2781.0	81.0
5.4347388E13	2778.0	81.0
5.4347396E13	2778.0	82.0
5.434741E13	2778.0	82.0
5.4347417E13	2778.0	82.0
5.434743E13	2774.0	82.0
5.434744E13	2774.0	82.0
5.4347447E13	2774.0	82.0
5.434746E13	2774.0	82.0
5.4347468E13	2772.0	82.0
5.4347476E13	2772.0	82.0
5.434749E13	2772.0	81.0
5.4347497E13	2771.0	80.0
5.434751E13	2771.0	80.0
5.434752E13	2771.0	80.0
5.4347526E13	2771.0	80.0
5.434754E13	2769.0	80.0
5.4347547E13	2769.0	80.0
5.434756E13	2769.0	79.0
5.434757E13	2769.0	79.0
5.4347577E13	2764.0	79.0
5.434759E13	2764.0	79.0
5.4347598E13	2764.0	79.0
5.434761E13	2762.0	79.0
5.434762E13	2762.0	80.0
5.4347627E13	2762.0	81.0
5.434764E13	2762.0	81.0
5.434765E13	2760.0	81.0
5.4347656E13	2760.0	80.0
5.434767E13	2760.0	80.0
5.4347677E13	2760.0	82.0
5.434769E13	2760.0	82.0
5.43477E13	2760.0	83.0
5.4347707E13	2760.0	82.0
5.434772E13	2760.0	82.0
5.4347728E13	2758.0	81.0
5.434774E13	2758.0	80.0
5.434775E13	2758.0	80.0
5.4347757E13	2756.0	81.0
5.434777E13	2756.0	82.0
5.434778E13	2756.0	83.0
5.4347786E13	2756.0	83.0
5.43478E13	2763.0	82.0
5.4347807E13	2763.0	82.0
5.434782E13	2763.0	80.0
5.434783E13	2763.0	79.0
5.4347837E13	2769.0	79.0
5.434785E13	2769.0	79.0
5.4347858E13	2769.0	80.0
5.434787E13	2769.0	81.0
5.434788E13	2777.0	83.0
5.4347887E13	2777.0	83.0
5.43479E13	2779.0	81.0
5.434791E13	2779.0	81.0
5.4347916E13	2779.0	80.0
5.434793E13	2779.0	80.0
5.4347937E13	2779.0	80.0
5.434795E13	2781.0	80.0
5.434796E13	2781.0	80.0
5.4347967E13	2781.0	81.0
5.434798E13	2781.0	82.0
5.4347988E13	2781.0	82.0
5.4348E13	2781.0	81.0
5.434801E13	2781.0	80.0
5.4348017E13	2778.0	79.0
5.434803E13	2778.0	79.0
5.434804E13	2778.0	79.0
5.434805E13	2778.0	79.0
5.434806E13	2781.0	80.0
5.4348067E13	2781.0	81.0
5.434808E13	2781.0	82.0
5.434809E13	2781.0	83.0
5.4348097E13	2778.0	83.0
5.434811E13	2778.0	82.0
5.4348118E13	2778.0	82.0
5.434813E13	2778.0	82.0
5.434814E13	2780.0	83.0
5.4348147E13	2780.0	83.0
5.434816E13	2780.0	83.0
5.434817E13	2780.0	82.0
5.434818E13	2780.0	82.0
5.434819E13	2780.0	82.0
5.4348197E13	2780.0	82.0
5.434821E13	2783.0	82.0
5.434822E13	2783.0	82.0
5.4348227E13	2783.0	83.0
5.434824E13	2783.0	83.0
5.4348248E13	2791.0	83.0
5.434826E13	2791.0	83.0
5.434827E13	2791.0	82.0
5.4348277E13	2791.0	82.0
5.434829E13	2797.0	82.0
5.43483E13	2797.0	82.0
5.434831E13	2797.0	82.0
5.434832E13	2797.0	82.0
5.4348327E13	2807.0	83.0
5.434834E13	2807.0	83.0
5.434835E13	2807.0	82.0
5.4348357E13	2815.0	80.0
5.434837E13	2815.0	80.0
5.4348378E13	2815.0	80.0
5.434839E13	2815.0	81.0
5.43484E13	2828.0	82.0
5.4348407E13	2828.0	82.0
5.434842E13	2828.0	82.0
5.434843E13	2828.0	83.0
5.434844E13	2837.0	83.0
5.434845E13	2837.0	84.0
5.4348457E13	2837.0	84.0
5.434847E13	2837.0	84.0
5.434848E13	2847.0	83.0
5.434849E13	2847.0	50.0
5.43485E13	2847.0	83.0
5.4348508E13	2863.0	83.0
5.434852E13	2863.0	82.0
5.434853E13	2863.0	81.0
5.434855E13	2883.0	82.0
5.434856E13	2883.0	82.0
5.434857E13	2883.0	81.0
5.434858E13	2883.0	80.0
5.4348587E13	2895.0	80.0
5.43486E13	2895.0	79.0
5.434861E13	2895.0	80.0
5.434862E13	2901.0	81.0
5.434863E13	2901.0	81.0
5.4348638E13	2901.0	81.0
5.434865E13	2901.0	81.0
5.434866E13	2903.0	81.0
5.4348667E13	2903.0	81.0
5.434868E13	2903.0	80.0
5.434869E13	2903.0	80.0
5.43487E13	2905.0	80.0
5.434871E13	2905.0	80.0
5.4348717E13	2905.0	80.0
5.434873E13	2905.0	80.0
5.434874E13	2911.0	81.0
5.434875E13	2911.0	80.0
5.434876E13	2911.0	80.0
5.4348768E13	2918.0	80.0
5.434878E13	2918.0	80.0
5.434879E13	2918.0	81.0
5.43488E13	2918.0	81.0
5.434881E13	2922.0	81.0
5.434882E13	2922.0	81.0
5.434883E13	2922.0	81.0
5.434884E13	2922.0	81.0
5.4348848E13	2917.0	81.0
5.434886E13	2917.0	81.0
5.434887E13	2917.0	80.0
5.434888E13	2917.0	80.0
5.434889E13	2903.0	80.0
5.4348898E13	2903.0	80.0
5.434891E13	2903.0	81.0
5.434892E13	2905.0	81.0
5.434893E13	2905.0	81.0
5.434894E13	2905.0	81.0
5.434895E13	2905.0	81.0
5.434896E13	2916.0	81.0
5.434897E13	2916.0	80.0
5.4348978E13	2916.0	80.0
5.434899E13	2916.0	80.0
5.4349E13	2924.0	80.0
5.434901E13	2924.0	80.0
5.434902E13	2924.0	80.0
5.4349028E13	2924.0	80.0
5.434904E13	2929.0	80.0
5.434905E13	2929.0	80.0
5.4349057E13	2929.0	80.0
5.434907E13	2929.0	79.0
5.434908E13	2932.0	79.0
5.434909E13	2932.0	80.0
5.43491E13	2932.0	80.0
5.4349108E13	2932.0	81.0
5.434912E13	2932.0	81.0
5.434913E13	2932.0	80.0
5.434914E13	2932.0	80.0
5.434915E13	2935.0	80.0
5.4349158E13	2935.0	80.0
5.434917E13	2935.0	79.0
5.434918E13	2935.0	79.0
5.43492E13	2937.0	79.0
5.434921E13	2937.0	80.0
5.434922E13	2937.0	80.0
5.434923E13	2935.0	81.0
5.434925E13	2935.0	80.0
5.434926E13	2944.0	80.0
5.434927E13	2944.0	80.0
5.434928E13	2944.0	80.0
5.434929E13	2944.0	80.0
5.43493E13	2954.0	80.0
5.434931E13	2954.0	80.0
5.434932E13	2954.0	80.0
5.434933E13	2954.0	79.0
5.434934E13	2970.0	79.0
5.434935E13	2970.0	79.0
5.434936E13	2970.0	79.0
5.4349368E13	2970.0	79.0
5.434938E13	2979.0	79.0
5.434939E13	2979.0	80.0
5.43494E13	2979.0	80.0
5.434941E13	3040.0	79.0
5.434942E13	3040.0	79.0
5.434943E13	3040.0	79.0
5.434944E13	3040.0	79.0
5.434945E13	3040.0	79.0
5.434946E13	3040.0	79.0
5.434947E13	3040.0	80.0
5.434948E13	3040.0	80.0
5.43495E13	3156.0	79.0
5.434951E13	3156.0	79.0
5.434952E13	3165.0	79.0
5.434953E13	3165.0	79.0
5.434954E13	3165.0	79.0
5.434955E13	3165.0	78.0
5.434956E13	3171.0	78.0
5.434957E13	3171.0	77.0
5.434958E13	3171.0	78.0
5.434959E13	3171.0	78.0
5.43496E13	3222.0	79.0
5.434961E13	3222.0	79.0
5.434962E13	3222.0	79.0
5.434963E13	3222.0	79.0
5.434964E13	3283.0	79.0
5.434965E13	3283.0	79.0
5.434966E13	3283.0	79.0
5.434967E13	3283.0	79.0
5.434968E13	3339.0	80.0
5.434969E13	3339.0	80.0
5.43497E13	3339.0	80.0
5.434971E13	3409.0	79.0
5.434972E13	3409.0	79.0
5.434973E13	3409.0	80.0
5.434974E13	3409.0	80.0
5.434975E13	3523.0	80.0
5.434976E13	3523.0	80.0
5.434977E13	3523.0	80.0
5.434978E13	3523.0	80.0
5.434979E13	3540.0	80.0
5.43498E13	3540.0	79.0
5.4349812E13	3540.0	79.0
5.434982E13	3540.0	79.0
5.434983E13	3534.0	79.0
5.434984E13	3534.0	78.0
5.434985E13	3534.0	79.0
5.434986E13	3537.0	79.0
5.434987E13	3537.0	79.0
5.434988E13	3537.0	80.0
5.434989E13	3537.0	80.0
5.43499E13	3347.0	80.0
5.434991E13	3347.0	80.0
5.434992E13	3347.0	81.0
5.434993E13	3347.0	81.0
5.4349942E13	3255.0	81.0
5.434995E13	3255.0	81.0
5.434996E13	3255.0	81.0
5.434997E13	3255.0	81.0
5.434998E13	3327.0	81.0
5.434999E13	3327.0	80.0
5.435E13	3327.0	80.0
5.435001E13	3381.0	80.0
5.435002E13	3381.0	80.0
5.435003E13	3381.0	80.0
5.435004E13	3405.0	81.0
5.435005E13	3405.0	81.0
5.435006E13	3405.0	81.0
5.4350072E13	3405.0	80.0
5.435008E13	3405.0	79.0
5.435009E13	3478.0	79.0
5.43501E13	3478.0	78.0
5.435011E13	3478.0	78.0
5.4350123E13	3478.0	78.0
5.435013E13	3492.0	78.0
5.435014E13	3492.0	79.0
5.435015E13	3492.0	79.0
5.435016E13	3376.0	79.0
5.435017E13	3376.0	79.0
5.435018E13	3376.0	79.0
5.435019E13	3376.0	80.0
5.4350202E13	3205.0	80.0
5.435021E13	3205.0	80.0
5.435022E13	3205.0	79.0
5.435023E13	3205.0	78.0
5.435024E13	3167.0	78.0
5.4350253E13	3167.0	78.0
5.435026E13	3167.0	79.0
5.435027E13	3167.0	79.0
5.435028E13	3062.0	79.0
5.435029E13	3062.0	80.0
5.4350303E13	3062.0	79.0
5.435031E13	3017.0	79.0
5.435032E13	3017.0	79.0
5.4350332E13	3017.0	78.0
5.435034E13	3017.0	78.0
5.435035E13	2950.0	79.0
5.435036E13	2950.0	79.0
5.435037E13	2950.0	79.0
5.4350383E13	2950.0	79.0
5.435039E13	2913.0	79.0
5.43504E13	2913.0	79.0
5.435041E13	2913.0	79.0
5.435042E13	2913.0	79.0
5.435043E13	2899.0	79.0
5.435044E13	2899.0	79.0
5.435045E13	2899.0	79.0
5.4350462E13	2885.0	79.0
5.435047E13	2885.0	79.0
5.435048E13	2885.0	79.0
5.435049E13	2885.0	80.0
5.43505E13	2867.0	80.0
5.4350513E13	2867.0	80.0
5.435052E13	2867.0	80.0
5.435053E13	2867.0	79.0
5.435054E13	2855.0	79.0
5.435055E13	2855.0	79.0
5.4350563E13	2855.0	78.0
5.435057E13	2855.0	78.0
5.435058E13	2843.0	77.0
5.4350592E13	2843.0	77.0
5.43506E13	2843.0	51.0
5.435061E13	2827.0	77.0
5.435062E13	2827.0	78.0
5.435063E13	2827.0	78.0
5.4350643E13	2827.0	78.0
5.435065E13	2811.0	77.0
5.435066E13	2811.0	77.0
5.435067E13	2811.0	76.0
5.435068E13	2811.0	76.0
5.4350693E13	2802.0	75.0
5.43507E13	2802.0	75.0
5.435071E13	2802.0	75.0
5.4350722E13	2802.0	75.0
5.435073E13	2795.0	76.0
5.435074E13	2795.0	77.0
5.435075E13	2795.0	78.0
5.435076E13	2796.0	78.0
5.4350773E13	2796.0	78.0
5.435078E13	2796.0	76.0
5.435079E13	2796.0	76.0
5.43508E13	2801.0	75.0
5.435081E13	2801.0	75.0
5.4350823E13	2801.0	76.0
5.435083E13	2801.0	77.0
5.435084E13	2809.0	77.0
5.4350852E13	2809.0	77.0
5.435086E13	2809.0	77.0
5.435087E13	2809.0	77.0
5.435088E13	2818.0	76.0
5.435089E13	2818.0	77.0
5.4350903E13	2823.0	79.0
5.435091E13	2823.0	80.0
5.435092E13	2823.0	79.0
5.435093E13	2823.0	78.0
5.435094E13	2843.0	77.0
5.4350953E13	2843.0	77.0
5.435096E13	2843.0	76.0
5.435097E13	2843.0	76.0
5.4350982E13	2853.0	77.0
5.435099E13	2853.0	78.0
5.4351003E13	2853.0	78.0
5.435101E13	2853.0	79.0
5.435102E13	2853.0	79.0
5.4351033E13	2853.0	78.0
5.435104E13	2841.0	52.0
5.4351062E13	2829.0	74.0
5.435107E13	2829.0	74.0
5.4351083E13	2829.0	74.0
5.435105E13	2829.0	74.0
5.435109E13	2829.0	74.0
5.43511E13	2829.0	74.0
5.4351112E13	2829.0	75.0
5.435112E13	2829.0	76.0
5.4351133E13	2826.0	76.0
5.435114E13	2826.0	76.0
5.435115E13	2826.0	76.0
5.4351163E13	2826.0	76.0
5.435117E13	2832.0	76.0
5.4351184E13	2832.0	76.0
5.4351192E13	2832.0	75.0
5.43512E13	2838.0	74.0
5.4351213E13	2838.0	74.0
5.435122E13	2838.0	76.0
5.435123E13	2838.0	78.0
5.4351242E13	2841.0	79.0
5.435125E13	2841.0	78.0
5.4351263E13	2841.0	77.0
5.435127E13	2841.0	77.0
5.435128E13	2840.0	77.0
5.4351293E13	2840.0	77.0
5.43513E13	2840.0	78.0
5.435131E13	2840.0	78.0
5.4351322E13	2827.0	77.0
5.435133E13	2827.0	77.0
5.4351343E13	2827.0	78.0
5.435135E13	2814.0	79.0
5.435136E13	2814.0	80.0
5.4351372E13	2814.0	80.0
5.435138E13	2814.0	81.0
5.4351393E13	2813.0	82.0
5.43514E13	2813.0	82.0
5.435141E13	2813.0	82.0
5.4351423E13	2813.0	81.0
5.435143E13	2813.0	81.0
5.4351444E13	2820.0	81.0
5.4351452E13	2820.0	81.0
5.435146E13	2820.0	80.0
5.4351473E13	2820.0	81.0
5.435148E13	2822.0	81.0
5.435149E13	2822.0	81.0
5.4351503E13	2822.0	81.0
5.435151E13	2820.0	81.0
5.4351523E13	2820.0	81.0
5.435153E13	2820.0	81.0
5.435154E13	2820.0	81.0
5.4351553E13	2831.0	80.0
5.435156E13	2831.0	81.0
5.435157E13	2831.0	81.0
5.4351582E13	2831.0	81.0
5.435159E13	2851.0	80.0
5.4351603E13	2851.0	78.0
5.435161E13	2851.0	78.0
5.435162E13	2851.0	78.0
5.4351633E13	2865.0	51.0
5.435164E13	2865.0	78.0
5.4351654E13	2865.0	79.0
5.435166E13	2875.0	80.0
5.435167E13	2875.0	80.0
5.4351683E13	2875.0	80.0
5.435169E13	2875.0	81.0
5.4351704E13	2886.0	81.0
5.4351712E13	2886.0	80.0
5.435172E13	2886.0	79.0
5.4351733E13	2886.0	79.0
5.435174E13	2907.0	80.0
5.435175E13	2907.0	80.0
5.4351763E13	2907.0	80.0
5.435177E13	2907.0	80.0
5.4351784E13	2942.0	80.0
5.435179E13	2942.0	79.0
5.43518E13	2942.0	79.0
5.4351813E13	2981.0	79.0
5.435182E13	2981.0	78.0
5.4351834E13	2981.0	78.0
5.4351842E13	2981.0	79.0
5.435185E13	3228.0	79.0
5.4351863E13	3228.0	79.0
5.435187E13	3228.0	79.0
5.435188E13	3228.0	78.0
5.4351893E13	3400.0	77.0
5.43519E13	3400.0	77.0
5.4351914E13	3400.0	77.0
5.435192E13	3400.0	77.0
5.435193E13	3587.0	77.0
5.4351943E13	3587.0	77.0
5.435195E13	3587.0	78.0
5.4351964E13	3786.0	79.0
5.4351972E13	3786.0	79.0
5.435198E13	3786.0	79.0
5.4351993E13	3786.0	78.0
5.4352E13	3927.0	78.0
5.4352014E13	3927.0	79.0
5.4352023E13	3927.0	79.0
5.435203E13	3927.0	79.0
5.4352044E13	4299.0	78.0
5.435205E13	4299.0	77.0
5.435206E13	4299.0	77.0
5.4352073E13	4299.0	76.0
5.435208E13	4716.0	75.0
5.4352094E13	4716.0	75.0
5.4352102E13	4716.0	76.0
5.435211E13	5005.0	76.0
5.4352123E13	5005.0	76.0
5.435213E13	5005.0	77.0
5.4352144E13	5005.0	78.0
5.4352153E13	5082.0	78.0
5.435216E13	5082.0	78.0
5.4352174E13	5082.0	78.0
5.435218E13	5082.0	78.0
5.4352195E13	5234.0	78.0
5.4352203E13	5234.0	77.0
5.435221E13	5234.0	77.0
5.4352224E13	4159.0	77.0
5.4352232E13	5620.0	77.0
5.435224E13	5620.0	77.0
5.4352253E13	5620.0	77.0
5.435226E13	6018.0	76.0
5.4352274E13	6018.0	76.0
5.4352283E13	6018.0	75.0
5.435229E13	6018.0	76.0
5.4352304E13	6097.0	76.0
5.435231E13	6097.0	76.0
5.4352325E13	6097.0	76.0
5.4352333E13	6097.0	76.0
5.435234E13	6033.0	76.0
5.4352354E13	6033.0	76.0
5.4352362E13	6033.0	75.0
5.435237E13	5841.0	74.0
5.4352383E13	5994.0	73.0
5.435239E13	5994.0	73.0
5.4352404E13	5994.0	73.0
5.4352413E13	5992.0	74.0
5.435242E13	5992.0	75.0
5.4352434E13	5992.0	75.0
5.435244E13	5992.0	76.0
5.4352455E13	6122.0	76.0
5.4352463E13	6122.0	77.0
5.435247E13	6122.0	77.0
5.4352484E13	6122.0	77.0
5.4352492E13	5963.0	77.0
5.4352505E13	5963.0	78.0
5.4352513E13	5963.0	78.0
5.435252E13	6589.0	78.0
5.4352534E13	5823.0	78.0
5.4352543E13	5823.0	78.0
5.4352555E13	5823.0	78.0
5.4352564E13	5333.0	78.0
5.435257E13	5333.0	78.0
5.4352585E13	5333.0	78.0
5.4352593E13	5333.0	78.0
5.43526E13	5204.0	77.0
5.4352614E13	5204.0	76.0
5.4352622E13	5204.0	75.0
5.4352635E13	5204.0	75.0
5.4352643E13	4879.0	76.0
5.435265E13	4879.0	76.0
5.4352664E13	4879.0	77.0
5.4352673E13	5484.0	78.0
5.435268E13	4254.0	79.0
5.4352694E13	4254.0	80.0
5.43527E13	4254.0	80.0
5.4352715E13	3668.0	80.0
5.4352723E13	3668.0	80.0
5.435273E13	3668.0	80.0
5.4352744E13	3668.0	80.0
5.4352752E13	3324.0	80.0
5.4352765E13	3324.0	80.0
5.4352773E13	3324.0	80.0
5.435278E13	3324.0	80.0
5.4352794E13	3213.0	81.0
5.4352803E13	3213.0	81.0
5.435281E13	3213.0	81.0
5.4352824E13	3444.0	80.0
5.4352832E13	3099.0	80.0
5.4352845E13	3099.0	80.0
5.4352853E13	3099.0	79.0
5.435286E13	3004.0	80.0
5.4352874E13	3004.0	80.0
5.4352882E13	3004.0	80.0
5.4352895E13	2949.0	79.0
5.4352903E13	2949.0	79.0
5.435291E13	2949.0	79.0
5.4352924E13	2949.0	80.0
5.4352933E13	2934.0	79.0
5.4352945E13	2934.0	79.0
5.4352954E13	2934.0	79.0
5.4352962E13	2934.0	80.0
5.4352975E13	2925.0	80.0
5.4352983E13	2925.0	80.0
5.435299E13	2925.0	80.0
5.4353004E13	2908.0	80.0
5.4353012E13	2908.0	80.0
5.4353025E13	2908.0	80.0
5.4353033E13	2908.0	80.0
5.435304E13	2908.0	80.0
5.4353054E13	2892.0	80.0
5.4353063E13	2892.0	80.0
5.4353075E13	2892.0	80.0
5.4353084E13	2892.0	80.0
5.4353092E13	2880.0	80.0
5.4353105E13	2880.0	80.0
5.4353113E13	2880.0	80.0
5.435312E13	2867.0	80.0
5.4353134E13	2867.0	80.0
5.4353142E13	2867.0	80.0
5.4353155E13	2867.0	80.0
5.4353163E13	2862.0	79.0
5.435317E13	2862.0	79.0
5.4353184E13	2862.0	79.0
5.4353193E13	2862.0	80.0
5.4353205E13	2853.0	80.0
5.4353214E13	2853.0	80.0
5.4353222E13	2853.0	81.0
5.4353235E13	2853.0	81.0
5.4353243E13	2844.0	81.0
5.435325E13	2844.0	81.0
5.4353264E13	2844.0	81.0
5.4353273E13	2838.0	81.0
5.4353285E13	2838.0	81.0
5.4353293E13	2838.0	81.0
5.43533E13	2838.0	81.0
5.4353314E13	2832.0	81.0
5.4353323E13	2832.0	81.0
5.4353335E13	2832.0	82.0
5.4353344E13	2832.0	82.0
5.4353352E13	2825.0	82.0
5.4353365E13	2825.0	82.0
5.4353373E13	2825.0	82.0
5.4353386E13	2825.0	83.0
5.4353394E13	2822.0	83.0
5.4353403E13	2822.0	83.0
5.4353415E13	2822.0	83.0
5.4353423E13	2824.0	82.0
5.435343E13	2824.0	81.0
5.4353444E13	2824.0	81.0
5.4353453E13	2824.0	81.0
5.4353465E13	2829.0	81.0
5.4353474E13	2829.0	81.0
5.4353482E13	2829.0	81.0
5.4353495E13	2829.0	81.0
5.4353503E13	2828.0	81.0
5.4353516E13	2828.0	81.0
5.4353524E13	2828.0	81.0
5.4353533E13	2828.0	82.0
5.4353545E13	2825.0	82.0
5.4353554E13	2825.0	82.0
5.435356E13	2825.0	81.0
5.4353574E13	2824.0	81.0
5.4353583E13	2824.0	82.0
5.4353595E13	2824.0	82.0
5.4353604E13	2824.0	82.0
5.4353625E13	2818.0	83.0
5.4353633E13	2818.0	83.0
5.4353646E13	2818.0	84.0
5.4353654E13	2814.0	84.0
5.4353663E13	2814.0	84.0
5.4353675E13	2814.0	83.0
5.4353684E13	2814.0	82.0
5.435369E13	2815.0	82.0
5.4353705E13	2815.0	81.0
5.4353713E13	2815.0	81.0
5.4353725E13	2819.0	82.0
5.4353734E13	2819.0	82.0
5.4353742E13	2819.0	82.0
5.4353755E13	2819.0	82.0
5.4353763E13	2820.0	82.0
5.4353776E13	2820.0	82.0
5.4353784E13	2820.0	81.0
5.4353793E13	2820.0	81.0
5.4353805E13	2819.0	81.0
5.4353814E13	2819.0	81.0
5.4353826E13	2819.0	81.0
5.4353835E13	2819.0	81.0
5.4353843E13	2819.0	82.0
5.4353856E13	2819.0	82.0
5.4353864E13	2819.0	82.0
5.4353872E13	2810.0	81.0
5.4353885E13	2810.0	81.0
5.4353893E13	2810.0	81.0
5.4353906E13	2807.0	81.0
5.4353914E13	2807.0	81.0
5.4353923E13	2807.0	82.0
5.4353935E13	2807.0	82.0
5.4353944E13	2807.0	82.0
5.4353956E13	2802.0	82.0
5.4353965E13	2802.0	82.0
5.4353973E13	2802.0	82.0
5.4353986E13	2800.0	82.0
5.4353994E13	2800.0	82.0
5.4354002E13	2800.0	82.0
5.4354015E13	2800.0	82.0
5.4354023E13	2796.0	82.0
5.4354036E13	2796.0	82.0
5.4354044E13	2796.0	82.0
5.4354053E13	2796.0	82.0
5.4354065E13	2794.0	82.0
5.4354074E13	2794.0	83.0
5.4354086E13	2794.0	83.0
5.4354095E13	2794.0	83.0
5.4354116E13	2791.0	82.0
5.4354124E13	2791.0	82.0
5.4354132E13	2789.0	82.0
5.4354145E13	2789.0	82.0
5.4354153E13	2789.0	82.0
5.4354166E13	2792.0	82.0
5.4354174E13	2792.0	82.0
5.4354183E13	2792.0	82.0
5.4354195E13	2792.0	82.0
5.4354204E13	2792.0	82.0
5.4354216E13	2792.0	83.0
5.4354225E13	2792.0	83.0
5.4354233E13	2792.0	83.0
5.4354246E13	2793.0	82.0
5.4354254E13	2793.0	81.0
5.4354267E13	2793.0	82.0
5.4354275E13	2793.0	82.0
5.4354283E13	2796.0	82.0
5.4354296E13	2796.0	82.0
5.4354304E13	2796.0	82.0
5.4354313E13	2792.0	81.0
5.4354325E13	2792.0	81.0
5.4354334E13	2792.0	81.0
5.4354346E13	2792.0	81.0
5.4354355E13	2793.0	82.0
5.4354363E13	2793.0	82.0
5.4354376E13	2793.0	82.0
5.4354384E13	2793.0	82.0
5.4354397E13	2789.0	82.0
5.4354405E13	2789.0	82.0
5.4354413E13	2789.0	82.0
5.4354426E13	2789.0	82.0
5.4354434E13	2789.0	82.0
5.4354447E13	2785.0	82.0
5.4354455E13	2785.0	82.0
5.4354464E13	2782.0	82.0
5.4354476E13	2782.0	82.0
5.4354485E13	2782.0	83.0
5.4354493E13	2782.0	83.0
5.4354506E13	2780.0	83.0
5.4354514E13	2780.0	83.0
5.4354527E13	2780.0	82.0
5.4354535E13	2780.0	82.0
5.4354543E13	2780.0	83.0
5.4354556E13	2777.0	83.0
5.4354564E13	2777.0	82.0
5.4354573E13	2777.0	82.0
5.4354585E13	2777.0	82.0
5.4354594E13	2779.0	82.0
5.4354606E13	2779.0	82.0
5.4354615E13	2779.0	82.0
5.4354623E13	2781.0	82.0
5.4354636E13	2781.0	82.0
5.4354644E13	2781.0	82.0
5.4354657E13	2781.0	82.0
5.4354665E13	2783.0	82.0
5.4354673E13	2783.0	82.0
5.4354686E13	2783.0	82.0
5.4354694E13	2783.0	82.0
5.4354703E13	2780.0	82.0
5.4354715E13	2780.0	82.0
5.4354724E13	2780.0	82.0
5.4354736E13	2780.0	82.0
5.4354745E13	2780.0	82.0
5.4354753E13	2780.0	82.0
5.4354766E13	2780.0	82.0
5.4354774E13	2776.0	83.0
5.4354787E13	2776.0	83.0
5.4354795E13	2776.0	83.0
5.4354803E13	2776.0	82.0
5.4354816E13	2773.0	83.0
5.4354824E13	2773.0	83.0
5.4354833E13	2773.0	83.0
5.4354845E13	2773.0	82.0
5.4354854E13	2770.0	82.0
5.4354866E13	2770.0	82.0
5.4354875E13	2770.0	82.0
5.4354883E13	2770.0	83.0
5.4354896E13	2771.0	83.0
5.4354904E13	2771.0	83.0
5.4354917E13	2771.0	83.0
5.4354925E13	2771.0	83.0
5.4354933E13	2771.0	83.0
5.4354946E13	2771.0	83.0
5.4354954E13	2771.0	83.0
5.4354967E13	2772.0	83.0
5.4354975E13	2772.0	82.0
5.4354984E13	2772.0	82.0
5.4354996E13	2772.0	82.0
5.4355005E13	2776.0	82.0
5.4355013E13	2776.0	82.0
5.4355026E13	2776.0	82.0
5.4355034E13	2776.0	82.0
5.4355047E13	2777.0	82.0
5.4355055E13	2777.0	82.0
5.4355063E13	2777.0	83.0
5.4355076E13	2775.0	82.0
5.4355084E13	2775.0	82.0
5.4355097E13	2775.0	82.0
5.4355105E13	2775.0	82.0
5.4355114E13	2773.0	83.0
5.4355126E13	2773.0	83.0
5.4355135E13	2773.0	83.0
5.4355143E13	2773.0	82.0
5.4355156E13	2771.0	82.0
5.4355164E13	2771.0	82.0
5.4355177E13	2771.0	82.0
5.4355185E13	2771.0	82.0
5.4355193E13	2772.0	82.0
5.4355206E13	2772.0	82.0
5.4355214E13	2772.0	83.0
5.4355227E13	2773.0	83.0
5.4355235E13	2773.0	82.0
5.4355244E13	2773.0	82.0
5.4355256E13	2773.0	83.0
5.4355265E13	2771.0	83.0
5.4355277E13	2771.0	83.0
5.4355286E13	2771.0	83.0
5.4355294E13	2771.0	83.0
5.4355307E13	2769.0	83.0
5.4355315E13	2769.0	82.0
5.4355324E13	2769.0	82.0
5.4355336E13	2769.0	82.0
5.4355344E13	2770.0	82.0
5.4355357E13	2770.0	82.0
5.4355365E13	2770.0	82.0
5.4355374E13	2769.0	82.0
5.4355386E13	2769.0	82.0
5.4355395E13	2769.0	82.0
5.4355407E13	2769.0	82.0
5.4355416E13	2769.0	82.0
5.4355424E13	2769.0	82.0
5.4355437E13	2769.0	82.0
5.4355495E13	2767.0	83.0
5.4355504E13	2767.0	82.0
5.4355516E13	2767.0	82.0
5.4355525E13	2765.0	82.0
5.4355537E13	2765.0	82.0
5.4355546E13	2765.0	82.0
5.4355554E13	2765.0	82.0
5.4355567E13	2762.0	82.0
5.4355575E13	2762.0	83.0
5.4355588E13	2762.0	83.0
5.4355596E13	2762.0	83.0
5.4355605E13	2759.0	82.0
5.4355617E13	2759.0	82.0
5.4355626E13	2759.0	81.0
5.4355634E13	2759.0	81.0
5.4355646E13	2758.0	81.0
5.4355655E13	2758.0	82.0
5.4355667E13	2758.0	82.0
5.4355676E13	2755.0	82.0
5.4355684E13	2755.0	83.0
5.4355697E13	2755.0	83.0
5.4355705E13	2755.0	83.0
5.4355718E13	2754.0	83.0
5.4355726E13	2754.0	83.0
5.4355735E13	2754.0	82.0
5.4355747E13	2754.0	82.0
5.4355756E13	2751.0	82.0
5.4355764E13	2751.0	82.0
5.4355777E13	2751.0	82.0
5.4355785E13	2751.0	83.0
5.4355797E13	2751.0	83.0
5.4355806E13	2751.0	83.0
5.4355814E13	2751.0	83.0
5.4355827E13	2749.0	82.0
5.4355835E13	2749.0	83.0
5.4355848E13	2749.0	83.0
5.4355856E13	2749.0	83.0
5.4355865E13	2746.0	83.0
5.4355877E13	2746.0	83.0
5.4355886E13	2746.0	83.0
5.43559E13	2746.0	83.0
5.4355907E13	2744.0	83.0
5.4355915E13	2744.0	83.0
5.4355927E13	2744.0	82.0
5.4355936E13	2745.0	82.0
5.4355944E13	2745.0	82.0
5.4355957E13	2745.0	82.0
5.4355965E13	2745.0	82.0
5.4355978E13	2745.0	82.0
5.4355986E13	2745.0	82.0
5.4355995E13	2745.0	83.0
5.4356007E13	2745.0	83.0
5.4356016E13	2744.0	56.0
5.435603E13	2744.0	84.0
5.4356037E13	2744.0	84.0
5.4356045E13	2744.0	84.0
5.4356058E13	2744.0	84.0
5.4356066E13	2744.0	84.0
5.4356074E13	2744.0	85.0
5.4356087E13	2744.0	84.0
5.4356095E13	2744.0	82.0
5.4356108E13	2744.0	82.0
5.4356116E13	2744.0	82.0
5.4356125E13	2743.0	83.0
5.4356137E13	2743.0	83.0
5.4356146E13	2743.0	83.0
5.435616E13	2743.0	83.0
5.4356167E13	2742.0	83.0
5.4356175E13	2742.0	83.0
5.4356188E13	2742.0	83.0
5.4356196E13	2742.0	83.0
5.4356204E13	2742.0	83.0
5.4356217E13	2742.0	83.0
5.4356225E13	2742.0	83.0
5.4356238E13	2742.0	83.0
5.4356246E13	2742.0	83.0
5.4356255E13	2742.0	83.0
5.4356267E13	2742.0	83.0
5.4356276E13	2742.0	83.0
5.435629E13	2742.0	83.0
5.4356297E13	2742.0	83.0
5.4356305E13	2742.0	83.0
5.4356318E13	2743.0	83.0
5.4356326E13	2743.0	83.0
5.435634E13	2743.0	83.0
5.4356347E13	2743.0	83.0
5.4356355E13	2743.0	83.0
5.4356368E13	2743.0	83.0
5.4356376E13	2743.0	83.0
5.4356385E13	2743.0	83.0
5.4356397E13	2743.0	83.0
5.4356406E13	2743.0	82.0
5.435642E13	2743.0	82.0
5.4356427E13	2747.0	83.0
5.4356435E13	2747.0	83.0
5.4356448E13	2747.0	83.0
5.4356456E13	2747.0	83.0
5.435647E13	2749.0	82.0
5.4356477E13	2749.0	82.0
5.4356485E13	2749.0	82.0
5.43565E13	2749.0	82.0
5.4356506E13	2749.0	82.0
5.4356515E13	2749.0	82.0
5.4356527E13	2749.0	82.0
5.4356536E13	2749.0	82.0
5.435655E13	2751.0	82.0
5.4356557E13	2751.0	82.0
5.4356565E13	2751.0	82.0
5.4356578E13	2753.0	82.0
5.4356586E13	2753.0	82.0
5.43566E13	2753.0	82.0
5.4356607E13	2753.0	82.0
5.4356615E13	2750.0	82.0
5.435663E13	2750.0	82.0
5.4356636E13	2750.0	82.0
5.4356645E13	2750.0	82.0
5.4356657E13	2752.0	82.0
5.4356666E13	2752.0	82.0
5.435668E13	2752.0	82.0
5.4356687E13	2751.0	83.0
5.4356695E13	2751.0	83.0
5.4356708E13	2751.0	82.0
5.4356716E13	2751.0	82.0
5.435673E13	2751.0	81.0
5.4356737E13	2751.0	81.0
5.435675E13	2751.0	81.0
5.435676E13	2751.0	81.0
5.4356766E13	2754.0	81.0
5.435678E13	2754.0	82.0
5.4356787E13	2754.0	82.0
5.4356796E13	2754.0	82.0
5.435681E13	2755.0	81.0
5.4356817E13	2755.0	82.0
5.4356825E13	2755.0	82.0
5.4356838E13	2755.0	81.0
5.4356846E13	2755.0	81.0
5.435686E13	2755.0	82.0
5.4356867E13	2755.0	82.0
5.4356875E13	2754.0	82.0
5.435689E13	2754.0	82.0
5.4356896E13	2754.0	82.0
5.435691E13	2754.0	82.0
5.4356917E13	2754.0	82.0
5.4356926E13	2754.0	82.0
5.435694E13	2754.0	82.0
5.4356947E13	2752.0	82.0
5.4356955E13	2752.0	82.0
5.4356968E13	2752.0	82.0
5.4356976E13	2752.0	82.0
5.435699E13	2751.0	82.0
5.4356997E13	2751.0	82.0
5.4357005E13	2751.0	82.0
5.435702E13	2751.0	82.0
5.4357026E13	2749.0	82.0
5.435704E13	2749.0	82.0
5.4357047E13	2749.0	82.0
5.4357056E13	2750.0	82.0
5.435707E13	2750.0	82.0
5.4357077E13	2750.0	82.0
5.4357085E13	2750.0	82.0
5.4357098E13	2750.0	82.0
5.4357106E13	2745.0	82.0
5.435712E13	2745.0	82.0
5.4357127E13	2745.0	82.0
5.4357135E13	2748.0	82.0
5.435715E13	2748.0	82.0
5.4357156E13	2748.0	82.0
5.435717E13	2748.0	82.0
5.4357177E13	2746.0	82.0
5.4357186E13	2746.0	82.0
5.43572E13	2746.0	82.0
5.4357207E13	2746.0	82.0
5.435722E13	2748.0	82.0
5.4357228E13	2748.0	82.0
5.4357236E13	2748.0	82.0
5.435725E13	2748.0	82.0
5.4357257E13	2747.0	82.0
5.4357265E13	2747.0	82.0
5.435728E13	2747.0	82.0
5.4357286E13	2747.0	82.0
5.43573E13	2747.0	82.0
5.4357307E13	2747.0	82.0
5.4357316E13	2747.0	82.0
5.435733E13	2747.0	82.0
5.435734E13	2747.0	82.0
5.435735E13	2747.0	82.0
5.4357358E13	2751.0	82.0
5.4357366E13	2751.0	82.0
5.435738E13	2751.0	82.0
5.4357387E13	2751.0	82.0
5.4357396E13	2751.0	82.0
5.435741E13	2748.0	82.0
5.4357416E13	2748.0	82.0
5.435743E13	2748.0	82.0
5.4357437E13	2749.0	82.0
5.4357446E13	2749.0	82.0
5.435746E13	2749.0	82.0
5.4357467E13	2749.0	82.0
5.435748E13	2748.0	82.0
5.4357488E13	2748.0	82.0
5.4357496E13	2748.0	82.0
5.435751E13	2748.0	82.0
5.4357517E13	2747.0	82.0
5.435753E13	2747.0	82.0
5.435754E13	2747.0	82.0
5.4357547E13	2747.0	82.0
5.435756E13	2746.0	82.0
5.4357567E13	2746.0	82.0
5.4357576E13	2746.0	82.0
5.435759E13	2745.0	82.0
5.4357597E13	2745.0	82.0
5.435761E13	2745.0	82.0
5.4357618E13	2745.0	82.0
5.4357626E13	2746.0	82.0
5.435764E13	2746.0	82.0
5.4357647E13	2746.0	82.0
5.435766E13	2746.0	82.0
5.435767E13	2744.0	82.0
5.4357677E13	2744.0	82.0
5.435769E13	2744.0	82.0
5.4357697E13	2744.0	82.0
5.4357706E13	2742.0	82.0
5.435772E13	2742.0	82.0
5.4357727E13	2742.0	82.0
5.435774E13	2740.0	82.0
5.4357748E13	2740.0	82.0
5.4357756E13	2740.0	82.0
5.435777E13	2740.0	82.0
5.4357777E13	2741.0	82.0
5.435779E13	2741.0	82.0
5.43578E13	2741.0	82.0
5.4357807E13	2741.0	82.0
5.435782E13	2739.0	82.0
5.4357828E13	2739.0	82.0
5.4357836E13	2739.0	82.0
5.435785E13	2739.0	82.0
5.4357857E13	2737.0	82.0
5.435787E13	2737.0	82.0
5.4357878E13	2737.0	82.0
5.4357886E13	2734.0	82.0
5.43579E13	2734.0	82.0
5.4357907E13	2734.0	82.0
5.435792E13	2734.0	82.0
5.435793E13	2733.0	82.0
5.4357937E13	2733.0	82.0
5.435795E13	2733.0	82.0
5.4357958E13	2730.0	82.0
5.435797E13	2730.0	82.0
5.435798E13	2730.0	82.0
5.4357987E13	2730.0	82.0
5.4358E13	2730.0	82.0
5.4358008E13	2730.0	82.0
5.4358016E13	2730.0	82.0
5.435803E13	2730.0	82.0
5.4358037E13	2728.0	82.0
5.435805E13	2728.0	82.0
5.435806E13	2728.0	82.0
5.4358067E13	2726.0	82.0
5.435808E13	2726.0	82.0
5.4358088E13	2726.0	82.0
5.43581E13	2726.0	82.0
5.435811E13	2726.0	82.0
5.4358117E13	2723.0	82.0
5.435813E13	2723.0	82.0
5.4358138E13	2723.0	82.0
5.4358146E13	2723.0	82.0
5.435816E13	2720.0	82.0
5.4358167E13	2720.0	82.0
5.435818E13	2720.0	82.0
5.435819E13	2718.0	82.0
5.4358197E13	2718.0	82.0
5.435821E13	2718.0	82.0
5.4358218E13	2718.0	82.0
5.435823E13	2717.0	82.0
5.435824E13	2717.0	82.0
5.4358247E13	2717.0	82.0
5.435826E13	2717.0	82.0
5.435827E13	2713.0	82.0
5.4358276E13	2713.0	82.0
5.435829E13	2713.0	82.0
5.4358297E13	2713.0	82.0
5.435831E13	2713.0	83.0
5.435832E13	2713.0	83.0
5.4358327E13	2713.0	82.0
5.435834E13	2709.0	82.0
5.4358348E13	2709.0	82.0
5.435836E13	2709.0	82.0
5.435837E13	2709.0	82.0
5.4358377E13	2704.0	82.0
5.435839E13	2704.0	82.0
5.43584E13	2704.0	82.0
5.435841E13	2704.0	82.0
5.435842E13	2704.0	82.0
5.4358427E13	2704.0	82.0
5.435844E13	2704.0	83.0
5.435846E13	2701.0	83.0
5.435847E13	2701.0	82.0
5.4358478E13	2701.0	82.0
5.435849E13	2699.0	82.0
5.43585E13	2699.0	82.0
5.4358507E13	2699.0	82.0
5.435852E13	2699.0	82.0
5.435853E13	2698.0	82.0
5.435854E13	2698.0	82.0
5.435855E13	2698.0	82.0
5.4358557E13	2698.0	82.0
5.435857E13	2697.0	82.0
5.435858E13	2697.0	82.0
5.4358587E13	2697.0	82.0
5.43586E13	2697.0	82.0
5.4358608E13	2693.0	82.0
5.435862E13	2693.0	82.0
5.435863E13	2693.0	82.0
5.4358637E13	2693.0	82.0
5.435865E13	2693.0	82.0
5.435866E13	2693.0	82.0
5.435867E13	2693.0	82.0
5.435868E13	2692.0	83.0
5.4358687E13	2692.0	83.0
5.43587E13	2692.0	83.0
5.435871E13	2692.0	83.0
5.4358717E13	2688.0	82.0
5.435873E13	2688.0	82.0
5.4358738E13	2688.0	82.0
5.435875E13	2688.0	82.0
5.435876E13	2685.0	82.0
5.4358767E13	2685.0	82.0
5.435878E13	2685.0	82.0
5.435879E13	2685.0	82.0
5.43588E13	2685.0	82.0
5.435881E13	2685.0	83.0
5.4358817E13	2685.0	83.0
5.435883E13	2680.0	83.0
5.435884E13	2680.0	82.0
5.4358847E13	2680.0	82.0
5.435886E13	2680.0	82.0
5.4358868E13	2683.0	82.0
5.435888E13	2683.0	82.0
5.435889E13	2683.0	82.0
5.4358897E13	2683.0	83.0
5.435891E13	2682.0	83.0
5.435892E13	2682.0	82.0
5.435893E13	2682.0	82.0
5.435894E13	2682.0	82.0
5.4358947E13	2682.0	82.0
5.435896E13	2682.0	82.0
5.435897E13	2682.0	82.0
5.435898E13	2684.0	82.0
5.435899E13	2684.0	82.0
5.4358998E13	2684.0	82.0
5.435901E13	2683.0	83.0
5.435902E13	2683.0	83.0
5.435903E13	2683.0	83.0
5.435904E13	2683.0	82.0
5.435905E13	2683.0	82.0
5.435906E13	2687.0	82.0
5.435907E13	2687.0	82.0
5.4359077E13	2687.0	82.0
5.435909E13	2689.0	82.0
5.43591E13	2689.0	82.0
5.435911E13	2689.0	82.0
5.435912E13	2688.0	82.0
5.4359128E13	2688.0	83.0
5.435914E13	2688.0	83.0
5.435915E13	2688.0	83.0
5.435916E13	2689.0	83.0
5.435917E13	2689.0	83.0
5.435918E13	2689.0	82.0
5.435919E13	2689.0	82.0
5.43592E13	2689.0	82.0
5.4359207E13	2694.0	82.0
5.435922E13	2694.0	83.0
5.435923E13	2694.0	82.0
5.435924E13	2695.0	82.0
5.435925E13	2695.0	82.0
5.4359258E13	2695.0	82.0
5.435927E13	2695.0	82.0
5.435928E13	2699.0	83.0
5.435929E13	2699.0	83.0
5.43593E13	2699.0	83.0
5.435931E13	2704.0	83.0
5.435932E13	2704.0	83.0
5.435933E13	2704.0	82.0
5.4359337E13	2704.0	83.0
5.435935E13	2703.0	83.0
5.435936E13	2703.0	83.0
5.435937E13	2703.0	83.0
5.435938E13	2704.0	83.0
5.4359388E13	2704.0	83.0
5.43594E13	2704.0	83.0
5.435941E13	2704.0	83.0
5.435942E13	2708.0	83.0
5.435943E13	2708.0	83.0
5.435944E13	2708.0	83.0
5.435945E13	2708.0	83.0
5.435946E13	2706.0	83.0
5.4359467E13	2706.0	83.0
5.435948E13	2706.0	82.0
5.435949E13	2706.0	83.0
5.43595E13	2706.0	83.0
5.435951E13	2709.0	83.0
5.4359518E13	2709.0	83.0
5.435953E13	2709.0	83.0
5.435955E13	2710.0	83.0
5.435956E13	2710.0	83.0
5.435957E13	2710.0	83.0
5.435958E13	2711.0	83.0
5.4359598E13	2711.0	83.0
5.435961E13	2711.0	83.0
5.435962E13	2712.0	83.0
5.435963E13	2712.0	83.0
5.435964E13	2712.0	83.0
5.4359648E13	2712.0	83.0
5.435966E13	2713.0	83.0
5.435967E13	2713.0	83.0
5.435968E13	2713.0	83.0
5.435969E13	2714.0	83.0
5.43597E13	2714.0	83.0
5.435971E13	2714.0	83.0
5.435972E13	2714.0	83.0
5.435973E13	2714.0	83.0
5.435974E13	2714.0	83.0
5.435975E13	2714.0	83.0
5.435976E13	2714.0	83.0
5.435977E13	2715.0	83.0
5.4359778E13	2715.0	83.0
5.435979E13	2715.0	83.0
5.43598E13	2715.0	83.0
5.435981E13	2715.0	83.0
5.435982E13	2715.0	83.0
5.435983E13	2715.0	83.0
5.435985E13	2714.0	83.0
5.435986E13	2714.0	83.0
5.435987E13	2714.0	83.0
5.435988E13	2715.0	83.0
5.435989E13	2715.0	83.0
5.43599E13	2715.0	83.0
5.4359908E13	2715.0	83.0
5.435992E13	2714.0	83.0
5.435993E13	2714.0	83.0
5.435995E13	2714.0	83.0
5.435996E13	2717.0	83.0
5.435997E13	2717.0	83.0
5.435998E13	2717.0	83.0
5.435999E13	2718.0	83.0
5.436E13	2718.0	83.0
5.436001E13	2718.0	83.0
5.436002E13	2718.0	83.0
5.436003E13	2719.0	83.0
5.436004E13	2719.0	83.0
5.436005E13	2719.0	83.0
5.436006E13	2719.0	83.0
5.436007E13	2722.0	83.0
5.436008E13	2722.0	83.0
5.436009E13	2722.0	83.0
5.43601E13	2722.0	83.0
5.436011E13	2723.0	83.0
5.436012E13	2723.0	83.0
5.436013E13	2723.0	83.0
5.436014E13	2723.0	83.0
5.436015E13	2723.0	83.0
5.436016E13	2723.0	83.0
5.4360172E13	2723.0	83.0
5.436018E13	2723.0	83.0
5.436019E13	2723.0	83.0
5.43602E13	2723.0	83.0
5.436021E13	2723.0	83.0
5.436022E13	2725.0	83.0
5.436023E13	2725.0	83.0
5.436024E13	2725.0	83.0
5.436025E13	2725.0	83.0
5.436026E13	2726.0	83.0
5.436027E13	2726.0	83.0
5.436028E13	2726.0	83.0
5.436029E13	2727.0	83.0
5.4360302E13	2727.0	83.0
5.436031E13	2727.0	83.0
5.436032E13	2727.0	83.0
5.436033E13	2728.0	83.0
5.436034E13	2728.0	83.0
5.436035E13	2728.0	83.0
5.436036E13	2729.0	83.0
5.436037E13	2729.0	83.0
5.436038E13	2729.0	83.0
5.436039E13	2729.0	83.0
5.43604E13	2729.0	83.0
5.436041E13	2731.0	83.0
5.436042E13	2731.0	83.0
5.4360432E13	2731.0	83.0
5.436044E13	2733.0	83.0
5.436045E13	2733.0	83.0
5.436046E13	2733.0	83.0
5.436047E13	2733.0	83.0
5.436048E13	2734.0	83.0
5.436049E13	2734.0	83.0
5.43605E13	2734.0	83.0
5.436051E13	2734.0	83.0
5.436052E13	2737.0	83.0
5.436053E13	2737.0	83.0
5.436054E13	2737.0	83.0
5.436055E13	2737.0	83.0
5.4360562E13	2738.0	83.0
5.436057E13	2738.0	83.0
5.436058E13	2738.0	83.0
5.436059E13	2739.0	83.0
5.43606E13	2739.0	83.0
5.4360613E13	2739.0	83.0
5.436062E13	2739.0	83.0
5.436063E13	2742.0	83.0
5.436064E13	2742.0	83.0
5.436065E13	2742.0	83.0
5.436066E13	2742.0	83.0
5.436067E13	2741.0	83.0
5.436068E13	2741.0	83.0
5.4360692E13	2741.0	83.0
5.43607E13	2741.0	83.0
5.436071E13	2743.0	83.0
5.436072E13	2743.0	83.0
5.436073E13	2743.0	83.0
5.4360743E13	2745.0	83.0
5.436075E13	2745.0	83.0
5.436076E13	2745.0	83.0
5.436077E13	2745.0	83.0
5.436078E13	2744.0	83.0
5.4360793E13	2744.0	83.0
5.43608E13	2744.0	83.0
5.436081E13	2744.0	83.0
5.4360822E13	2745.0	83.0
5.436083E13	2745.0	83.0
5.436084E13	2745.0	83.0
5.436085E13	2745.0	83.0
5.436086E13	2748.0	83.0
5.4360873E13	2748.0	83.0
5.436088E13	2748.0	83.0
5.436089E13	2748.0	83.0
5.43609E13	2748.0	83.0
5.436091E13	2748.0	83.0
5.4360923E13	2748.0	83.0
5.436093E13	2749.0	83.0
5.436094E13	2749.0	83.0
5.4360952E13	2749.0	83.0
5.436096E13	2749.0	83.0
5.436097E13	2749.0	83.0
5.436098E13	2749.0	83.0
5.436099E13	2749.0	83.0
5.4361003E13	2749.0	83.0
5.436101E13	2750.0	83.0
5.436102E13	2750.0	83.0
5.436103E13	2746.0	83.0
5.436104E13	2746.0	83.0
5.4361053E13	2746.0	83.0
5.436106E13	2746.0	83.0
5.436107E13	2746.0	83.0
5.4361082E13	2747.0	83.0
5.436109E13	2747.0	83.0
5.43611E13	2747.0	83.0
5.436111E13	2747.0	83.0
5.436112E13	2747.0	83.0
5.4361133E13	2747.0	83.0
5.436114E13	2747.0	83.0
5.436115E13	2748.0	83.0
5.436116E13	2748.0	83.0
5.436117E13	2748.0	83.0
5.4361183E13	2748.0	83.0
5.436119E13	2750.0	83.0
5.43612E13	2750.0	83.0
5.4361212E13	2750.0	83.0
5.436122E13	2750.0	83.0
5.4361233E13	2748.0	83.0
5.436124E13	2748.0	83.0
5.436125E13	2748.0	83.0
5.4361263E13	2748.0	83.0
5.436127E13	2748.0	83.0
5.436128E13	2748.0	83.0
5.436129E13	2748.0	83.0
5.43613E13	2748.0	83.0
5.4361313E13	2748.0	83.0
5.436132E13	2748.0	83.0
5.436133E13	2748.0	83.0
5.4361342E13	2748.0	83.0
5.436135E13	2748.0	83.0
5.4361363E13	2748.0	83.0
5.436137E13	2748.0	83.0
5.436138E13	2748.0	83.0
5.4361393E13	2748.0	83.0
5.43614E13	2748.0	83.0
5.436141E13	2748.0	83.0
5.436142E13	2746.0	83.0
5.436143E13	2746.0	83.0
5.4361443E13	2746.0	83.0
5.436145E13	2747.0	83.0
5.436146E13	2747.0	83.0
5.4361472E13	2747.0	83.0
5.4361485E13	2746.0	83.0
5.4361493E13	2746.0	83.0
5.43615E13	2746.0	83.0
5.436151E13	2746.0	83.0
5.4361523E13	2746.0	83.0
5.436153E13	2745.0	83.0
5.436154E13	2745.0	83.0
5.436155E13	2745.0	83.0
5.436156E13	2745.0	83.0
5.4361573E13	2745.0	83.0
5.436158E13	2745.0	83.0
5.436159E13	2745.0	83.0
5.4361602E13	2745.0	83.0
5.436161E13	2746.0	83.0
5.4361623E13	2746.0	83.0
5.436163E13	2746.0	83.0
5.436164E13	2744.0	83.0
5.4361653E13	2744.0	83.0
5.436166E13	2744.0	83.0
5.4361674E13	2744.0	83.0
5.436168E13	2740.0	83.0
5.436169E13	2740.0	83.0
5.4361703E13	2740.0	83.0
5.436171E13	2740.0	83.0
5.436172E13	2737.0	83.0
5.4361732E13	2737.0	83.0
5.436174E13	2737.0	51.0
5.4361753E13	2733.0	83.0
5.436176E13	2733.0	83.0
5.436177E13	2733.0	83.0
5.4361783E13	2733.0	83.0
5.436179E13	2726.0	83.0
5.4361804E13	2726.0	83.0
5.4361812E13	2726.0	83.0
5.436182E13	2726.0	83.0
5.4361833E13	2717.0	83.0
5.436184E13	2717.0	83.0
5.436185E13	2717.0	83.0
5.4361862E13	2717.0	83.0
5.436187E13	2707.0	83.0
5.4361883E13	2707.0	83.0
5.436189E13	2707.0	83.0
5.43619E13	2700.0	83.0
5.4361913E13	2700.0	83.0
5.436192E13	2700.0	83.0
5.4361934E13	2700.0	83.0
5.4361942E13	2692.0	83.0
5.436195E13	2692.0	83.0
5.4361963E13	2692.0	83.0
5.436197E13	2692.0	83.0
5.436198E13	2685.0	83.0
5.4361992E13	2685.0	83.0
5.4362E13	2685.0	83.0
5.4362013E13	2685.0	83.0
5.436202E13	2678.0	83.0
5.436203E13	2678.0	83.0
5.4362043E13	2678.0	83.0
5.436205E13	2667.0	83.0
5.4362064E13	2667.0	83.0
5.4362072E13	2667.0	83.0
5.436208E13	2659.0	83.0
5.4362093E13	2659.0	83.0
5.43621E13	2659.0	83.0
5.4362114E13	2659.0	83.0
5.4362122E13	2659.0	83.0
5.436213E13	2649.0	83.0
5.4362143E13	2649.0	83.0
5.436215E13	2649.0	83.0
5.436216E13	2637.0	83.0
5.4362173E13	2637.0	83.0
5.436218E13	2637.0	83.0
5.4362194E13	2637.0	83.0
5.4362202E13	2629.0	83.0
5.436221E13	2629.0	83.0
5.4362223E13	2629.0	83.0
5.436223E13	2629.0	83.0
5.4362244E13	2621.0	83.0
5.4362253E13	2621.0	83.0
5.436226E13	2621.0	83.0
5.4362273E13	2621.0	83.0
5.436228E13	2617.0	83.0
5.436229E13	2617.0	83.0
5.4362303E13	2617.0	83.0
5.436231E13	2617.0	83.0
5.4362324E13	2613.0	83.0
5.4362332E13	2613.0	83.0
5.436234E13	2613.0	83.0
5.4362353E13	2611.0	83.0
5.436236E13	2611.0	83.0
5.4362374E13	2611.0	83.0
5.4362383E13	2611.0	83.0
5.436239E13	2611.0	83.0
5.4362404E13	2611.0	83.0
5.436241E13	2611.0	83.0
5.4362424E13	2611.0	83.0
5.4362433E13	2616.0	83.0
5.436244E13	2616.0	83.0
5.4362454E13	2616.0	83.0
5.4362462E13	2616.0	83.0
5.436247E13	2619.0	83.0
5.4362483E13	2619.0	83.0
5.436249E13	2619.0	83.0
5.4362504E13	2621.0	83.0
5.4362513E13	2621.0	83.0
5.436252E13	2621.0	83.0
5.4362534E13	2621.0	83.0
5.436254E13	2618.0	83.0
5.4362554E13	2618.0	83.0
5.4362563E13	2618.0	83.0
5.436257E13	2618.0	83.0
5.4362584E13	2614.0	83.0
5.4362592E13	2614.0	83.0
5.43626E13	2614.0	83.0
5.4362613E13	2614.0	83.0
5.436262E13	2607.0	83.0
5.4362634E13	2607.0	83.0
5.4362643E13	2607.0	83.0
5.436265E13	2610.0	83.0
5.4362664E13	2610.0	83.0
5.436267E13	2610.0	83.0
5.4362685E13	2610.0	83.0
5.4362693E13	2613.0	83.0
5.43627E13	2613.0	82.0
5.4362714E13	2613.0	82.0
5.4362722E13	2613.0	82.0
5.4362735E13	2617.0	82.0
5.4362743E13	2617.0	82.0
5.436275E13	2617.0	82.0
5.4362764E13	2617.0	83.0
5.4362773E13	2621.0	83.0
5.436278E13	2621.0	83.0
5.4362794E13	2621.0	83.0
5.43628E13	2627.0	83.0
5.4362815E13	2627.0	83.0
5.4362823E13	2627.0	83.0
5.4362836E13	2634.0	83.0
5.4362856E13	2634.0	82.0
5.436286E13	2634.0	82.0
5.4362873E13	2634.0	82.0
5.436288E13	2645.0	83.0
5.4362894E13	2645.0	83.0
5.4362903E13	2645.0	83.0
5.436291E13	2645.0	82.0
5.4362924E13	2645.0	82.0
5.436293E13	2645.0	82.0
5.4362945E13	2645.0	82.0
5.4362953E13	2649.0	82.0
5.436296E13	2649.0	82.0
5.4362974E13	2649.0	82.0
5.4362982E13	2659.0	82.0
5.4362995E13	2659.0	82.0
5.4363003E13	2659.0	82.0
5.436301E13	2659.0	82.0
5.4363024E13	2659.0	83.0
5.4363033E13	2664.0	83.0
5.436304E13	2664.0	83.0
5.4363054E13	2664.0	82.0
5.436306E13	2670.0	82.0
5.4363075E13	2670.0	82.0
5.4363083E13	2670.0	82.0
5.436309E13	2679.0	82.0
5.4363104E13	2679.0	82.0
5.4363112E13	2679.0	82.0
5.4363125E13	2679.0	82.0
5.4363133E13	2675.0	82.0
5.436314E13	2675.0	82.0
5.4363154E13	2675.0	83.0
5.4363163E13	2675.0	83.0
5.436317E13	2675.0	83.0
5.4363184E13	2673.0	83.0
5.436319E13	2673.0	83.0
5.4363205E13	2673.0	83.0
5.4363213E13	2673.0	83.0
5.436322E13	2673.0	83.0
5.4363234E13	2673.0	83.0
5.4363242E13	2673.0	83.0
5.4363255E13	2678.0	83.0
5.4363263E13	2678.0	83.0
5.436327E13	2678.0	83.0
5.4363284E13	2678.0	83.0
5.4363293E13	2682.0	83.0
5.4363305E13	2682.0	83.0
5.4363314E13	2682.0	83.0
5.436332E13	2682.0	83.0
5.4363335E13	2685.0	83.0
5.4363343E13	2685.0	83.0
5.436335E13	2685.0	83.0
5.4363364E13	2685.0	83.0
5.4363372E13	2690.0	83.0
5.4363385E13	2690.0	83.0
5.4363393E13	2690.0	83.0
5.43634E13	2697.0	83.0
5.4363414E13	2697.0	83.0
5.4363423E13	2697.0	83.0
5.4363435E13	2697.0	83.0
5.4363444E13	2701.0	83.0
5.436345E13	2701.0	83.0
5.4363465E13	2701.0	83.0
5.4363473E13	2701.0	83.0
5.436348E13	2702.0	83.0
5.43635E13	2702.0	83.0
5.4363502E13	2702.0	83.0
5.4363515E13	2702.0	83.0
5.4363523E13	2705.0	83.0
5.436353E13	2705.0	83.0
5.4363544E13	2705.0	83.0
5.4363553E13	2707.0	83.0
5.4363565E13	2707.0	83.0
5.4363574E13	2707.0	83.0
5.4363582E13	2707.0	82.0
5.4363595E13	2712.0	82.0
5.4363603E13	2712.0	83.0
5.436361E13	2712.0	83.0
5.4363624E13	2712.0	83.0
5.4363632E13	2713.0	83.0
5.4363645E13	2713.0	83.0
5.4363653E13	2713.0	83.0
5.436366E13	2713.0	83.0
5.4363674E13	2713.0	83.0
5.4363683E13	2713.0	83.0
5.4363695E13	2713.0	83.0
5.4363704E13	2716.0	83.0
5.4363712E13	2716.0	83.0
5.4363725E13	2716.0	83.0
5.4363733E13	2716.0	83.0
5.436374E13	2718.0	83.0
5.4363754E13	2718.0	83.0
5.4363762E13	2718.0	83.0
5.4363775E13	2718.0	83.0
5.4363783E13	2721.0	83.0
5.436379E13	2721.0	83.0
5.4363804E13	2721.0	83.0
5.4363813E13	2721.0	83.0
5.4363825E13	2724.0	83.0
5.4363834E13	2724.0	83.0
5.4363842E13	2724.0	83.0
5.4363855E13	2726.0	83.0
5.4363863E13	2726.0	83.0
5.436387E13	2726.0	83.0
5.4363884E13	2726.0	83.0
5.4363892E13	2727.0	83.0
5.4363905E13	2727.0	83.0
5.4363913E13	2727.0	83.0
5.436392E13	2727.0	83.0
5.4363934E13	2730.0	83.0
5.4363943E13	2730.0	83.0
5.4363955E13	2730.0	83.0
5.4363964E13	2730.0	83.0
5.4363972E13	2731.0	83.0
5.4363993E13	2731.0	83.0
5.4364006E13	2731.0	82.0
5.4364014E13	2731.0	82.0
5.4364023E13	2731.0	82.0
5.4364035E13	2732.0	82.0
5.4364043E13	2732.0	82.0
5.436405E13	2732.0	83.0
5.4364064E13	2732.0	82.0
5.4364073E13	2730.0	83.0
5.4364085E13	2730.0	83.0
5.4364094E13	2730.0	83.0
5.4364102E13	2730.0	51.0
5.4364115E13	2730.0	51.0
5.4364123E13	2733.0	51.0
5.4364136E13	2733.0	51.0
5.4364144E13	2733.0	51.0
5.4364153E13	2733.0	83.0
5.4364165E13	2733.0	83.0
5.4364174E13	2733.0	83.0
5.436418E13	2733.0	83.0
5.4364194E13	2735.0	83.0
5.4364203E13	2735.0	83.0
5.4364215E13	2735.0	83.0
5.4364224E13	2735.0	83.0
5.4364232E13	2732.0	83.0
5.4364245E13	2732.0	83.0
5.4364253E13	2732.0	51.0
5.4364266E13	2732.0	83.0
5.4364274E13	2734.0	83.0
5.4364283E13	2734.0	83.0
5.4364295E13	2734.0	83.0
5.4364304E13	2738.0	51.0
5.4364316E13	2738.0	83.0
5.4364324E13	2738.0	83.0
5.4364333E13	2738.0	51.0
5.4364345E13	2737.0	51.0
5.4364354E13	2737.0	51.0
5.4364362E13	2737.0	51.0
5.4364375E13	2737.0	51.0
5.4364383E13	2736.0	51.0
5.4364396E13	2736.0	51.0
5.4364404E13	2736.0	51.0
5.4364413E13	2736.0	51.0
5.4364425E13	2740.0	51.0
5.4364434E13	2740.0	51.0
5.4364446E13	2740.0	51.0
5.4364455E13	2737.0	51.0
5.4364463E13	2737.0	51.0
5.4364475E13	2737.0	51.0
5.4364484E13	2737.0	51.0
5.4364492E13	2734.0	51.0
5.4364505E13	2734.0	51.0
5.4364513E13	2734.0	51.0
5.4364526E13	2734.0	51.0
5.4364534E13	2734.0	51.0
5.4364547E13	2734.0	83.0
5.4364555E13	2734.0	83.0
5.4364564E13	2734.0	83.0
5.4364576E13	2732.0	83.0
5.4364585E13	2732.0	83.0
5.4364593E13	2732.0	83.0
5.4364606E13	2731.0	83.0
5.4364614E13	2731.0	83.0
5.4364622E13	2731.0	83.0
5.4364635E13	2731.0	83.0
5.4364643E13	2732.0	83.0
5.4364656E13	2732.0	83.0
5.4364664E13	2732.0	83.0
5.4364673E13	2732.0	83.0
5.4364685E13	2732.0	83.0
5.4364694E13	2732.0	83.0
5.4364706E13	2732.0	83.0
5.4364715E13	2732.0	83.0
5.4364723E13	2733.0	83.0
5.4364736E13	2733.0	83.0
5.4364744E13	2733.0	83.0
5.4364757E13	2732.0	83.0
5.4364765E13	2732.0	83.0
5.4364773E13	2732.0	83.0
5.4364786E13	2732.0	83.0
5.4364794E13	2733.0	83.0
5.4364803E13	2733.0	83.0
5.4364815E13	2733.0	83.0
5.4364824E13	2733.0	83.0
5.4364836E13	2733.0	83.0
5.4364845E13	2733.0	83.0
5.4364853E13	2733.0	83.0
5.4364866E13	2733.0	83.0
5.4364874E13	2733.0	83.0
5.4364887E13	2733.0	83.0
5.4364895E13	2733.0	83.0
5.4364903E13	2733.0	83.0
5.4364916E13	2733.0	83.0
5.4364924E13	2733.0	83.0
5.4364933E13	2733.0	83.0
5.4364945E13	2734.0	83.0
5.4364954E13	2734.0	83.0
5.4364966E13	2734.0	83.0
5.4364975E13	2734.0	83.0
5.4364983E13	2734.0	83.0
5.4364996E13	2734.0	83.0
5.4365004E13	2734.0	83.0
5.4365017E13	2734.0	83.0
5.4365025E13	2735.0	83.0
5.4365033E13	2735.0	83.0
5.4365046E13	2737.0	83.0
5.4365054E13	2737.0	83.0
5.4365067E13	2737.0	83.0
5.4365075E13	2737.0	83.0
5.4365084E13	2737.0	83.0
5.4365096E13	2737.0	83.0
5.4365105E13	2737.0	83.0
5.4365113E13	2737.0	83.0
5.4365126E13	2739.0	83.0
5.4365134E13	2739.0	83.0
5.4365147E13	2739.0	83.0
5.4365155E13	2739.0	83.0
5.4365163E13	2739.0	83.0
5.4365176E13	2739.0	83.0
5.4365184E13	2739.0	83.0
5.4365197E13	2739.0	83.0
5.4365205E13	2737.0	83.0
5.4365214E13	2737.0	83.0
5.4365226E13	2737.0	83.0
5.4365235E13	2737.0	83.0
5.4365243E13	2737.0	83.0
5.4365256E13	2737.0	83.0
5.4365264E13	2737.0	83.0
5.4365277E13	2737.0	83.0
5.4365285E13	2738.0	83.0
5.4365293E13	2738.0	83.0
5.4365306E13	2738.0	83.0
5.4365314E13	2738.0	83.0
5.4365327E13	2740.0	83.0
5.4365335E13	2740.0	83.0
5.4365344E13	2740.0	83.0
5.4365356E13	2740.0	83.0
5.4365365E13	2740.0	83.0
5.4365377E13	2740.0	83.0
5.4365386E13	2740.0	83.0
5.4365394E13	2740.0	83.0
5.4365407E13	2740.0	83.0
5.4365415E13	2740.0	83.0
5.4365423E13	2740.0	83.0
5.4365436E13	2740.0	83.0
5.4365444E13	2740.0	83.0
5.4365474E13	2740.0	83.0
5.4365486E13	2740.0	83.0
5.4365495E13	2740.0	83.0
5.4365507E13	2740.0	83.0
5.4365516E13	2740.0	83.0
5.4365524E13	2740.0	83.0
5.4365537E13	2740.0	83.0
5.4365545E13	2741.0	83.0
5.4365553E13	2741.0	83.0
5.4365566E13	2741.0	83.0
5.4365574E13	2741.0	83.0
5.4365587E13	2739.0	83.0
5.4365595E13	2739.0	83.0
5.4365604E13	2739.0	83.0
5.4365616E13	2740.0	83.0
5.4365625E13	2740.0	83.0
5.4365637E13	2740.0	83.0
5.4365646E13	2739.0	83.0
5.4365654E13	2739.0	83.0
5.4365667E13	2739.0	83.0
5.4365675E13	2739.0	83.0
5.4365683E13	2739.0	83.0
5.4365696E13	2739.0	83.0
5.4365704E13	2739.0	83.0
5.4365717E13	2739.0	83.0
5.4365725E13	2740.0	83.0
5.4365734E13	2740.0	83.0
5.4365746E13	2740.0	83.0
5.4365755E13	2740.0	83.0
5.4365767E13	2741.0	83.0
5.4365776E13	2741.0	83.0
5.4365784E13	2741.0	83.0
5.4365797E13	2741.0	51.0
5.4365805E13	2739.0	51.0
5.4365818E13	2739.0	51.0
5.4365826E13	2739.0	83.0
5.4365834E13	2739.0	83.0
5.4365847E13	2738.0	83.0
5.4365855E13	2738.0	83.0
5.4365864E13	2738.0	83.0
5.4365876E13	2738.0	83.0
5.4365885E13	2739.0	83.0
5.43659E13	2739.0	83.0
5.4365906E13	2739.0	83.0
5.4365914E13	2741.0	83.0
5.4365927E13	2741.0	83.0
5.4365935E13	2741.0	83.0
5.4365948E13	2741.0	83.0
5.4365956E13	2743.0	83.0
5.436597E13	2743.0	83.0
5.4365977E13	2743.0	83.0
5.436599E13	2743.0	83.0
5.436601E13	2743.0	51.0
5.4366015E13	2743.0	51.0
5.436602E13	2743.0	51.0
5.4366027E13	2743.0	51.0
5.436604E13	2742.0	51.0
5.436605E13	2742.0	83.0
5.4366057E13	2743.0	83.0
5.436607E13	2743.0	83.0
5.4366078E13	2743.0	83.0
5.4366086E13	2743.0	83.0
5.43661E13	2742.0	83.0
5.4366107E13	2742.0	83.0
5.4366115E13	2742.0	83.0
5.436613E13	2742.0	83.0
5.4366136E13	2742.0	83.0
5.436615E13	2744.0	83.0
5.4366157E13	2744.0	83.0
5.4366166E13	2744.0	83.0
5.4366174E13	2744.0	83.0
5.4366187E13	2742.0	83.0
5.4366195E13	2742.0	51.0
5.4366208E13	2742.0	51.0
5.4366216E13	2743.0	51.0
5.436623E13	2743.0	51.0
5.4366237E13	2743.0	51.0
5.436625E13	2743.0	51.0
5.4366254E13	2741.0	51.0
5.4366266E13	2741.0	51.0
5.4366275E13	2741.0	51.0
5.4366287E13	2741.0	51.0
5.4366296E13	2740.0	51.0
5.436631E13	2740.0	51.0
5.4366317E13	2740.0	51.0
5.436633E13	2740.0	83.0
5.4366338E13	2742.0	51.0
5.4366346E13	2742.0	51.0
5.4366355E13	2742.0	51.0
5.4366367E13	2741.0	51.0
5.4366376E13	2741.0	51.0
5.436639E13	2741.0	51.0
5.4366396E13	2741.0	51.0
5.436641E13	2743.0	51.0
5.4366417E13	2743.0	51.0
5.4366426E13	2743.0	51.0
5.4366434E13	2743.0	51.0
5.4366447E13	2744.0	51.0
5.4366455E13	2744.0	51.0
5.4366468E13	2744.0	51.0
5.4366476E13	2744.0	51.0
5.436649E13	2741.0	51.0
5.4366497E13	2741.0	51.0
5.436651E13	2741.0	51.0
5.4366527E13	2740.0	51.0
5.436653E13	2740.0	51.0
5.4366535E13	2740.0	51.0
5.4366547E13	2740.0	83.0
5.436656E13	2739.0	83.0
5.436657E13	2739.0	83.0
5.4366577E13	2739.0	83.0
5.436659E13	2739.0	83.0
5.4366598E13	2740.0	83.0
5.4366606E13	2740.0	83.0
5.4366615E13	2740.0	83.0
5.4366627E13	2740.0	83.0
5.4366636E13	2739.0	83.0
5.436665E13	2739.0	83.0
5.4366657E13	2739.0	83.0
5.436667E13	2740.0	83.0
5.4366677E13	2740.0	83.0
5.436669E13	2740.0	83.0
5.43667E13	2740.0	83.0
5.4366707E13	2738.0	83.0
5.4366715E13	2738.0	83.0
5.4366728E13	2738.0	83.0
5.4366736E13	2738.0	83.0
5.436675E13	2739.0	83.0
5.4366757E13	2739.0	83.0
5.436677E13	2739.0	83.0
5.436678E13	2739.0	83.0
5.4366795E13	2740.0	83.0
5.43668E13	2740.0	83.0
5.4366808E13	2740.0	83.0
5.4366824E13	2741.0	83.0
5.436683E13	2741.0	83.0
5.4366837E13	2741.0	83.0
5.436685E13	2741.0	83.0
5.4366858E13	2742.0	83.0
5.4366866E13	2742.0	83.0
5.4366875E13	2742.0	83.0
5.4366887E13	2742.0	83.0
5.4366896E13	2741.0	83.0
5.436691E13	2741.0	83.0
5.436692E13	2741.0	83.0
5.436693E13	2741.0	83.0
5.4366938E13	2739.0	83.0
5.4366946E13	2739.0	83.0
5.436696E13	2739.0	83.0
5.4366967E13	2740.0	83.0
5.4366975E13	2740.0	83.0
5.4366988E13	2740.0	83.0
5.4366996E13	2738.0	83.0
5.436701E13	2738.0	83.0
5.4367017E13	2738.0	83.0
5.436703E13	2738.0	83.0
5.436704E13	2738.0	83.0
5.4367047E13	2740.0	83.0
5.4367055E13	2740.0	83.0
5.4367068E13	2740.0	83.0
5.4367076E13	2740.0	83.0
5.436709E13	2740.0	83.0
5.4367097E13	2740.0	83.0
5.436711E13	2739.0	83.0
5.4367118E13	2739.0	83.0
5.4367126E13	2739.0	83.0
5.436714E13	2739.0	83.0
5.4367147E13	2739.0	83.0
5.4367156E13	2740.0	83.0
5.436717E13	2740.0	83.0
5.4367177E13	2740.0	83.0
5.436719E13	2740.0	83.0
5.4367198E13	2742.0	82.0
5.4367206E13	2742.0	83.0
5.436722E13	2742.0	83.0
5.4367227E13	2742.0	83.0
5.4367235E13	2741.0	83.0
5.436725E13	2741.0	83.0
5.4367256E13	2741.0	83.0
5.436727E13	2740.0	83.0
5.4367277E13	2740.0	83.0
5.436729E13	2740.0	83.0
5.43673E13	2740.0	83.0
5.4367307E13	2741.0	83.0
5.436732E13	2741.0	83.0
5.4367328E13	2741.0	83.0
5.4367336E13	2741.0	83.0
5.436735E13	2737.0	83.0
5.4367357E13	2737.0	83.0
5.436737E13	2737.0	83.0
5.436738E13	2737.0	83.0
5.4367386E13	2742.0	83.0
5.43674E13	2742.0	83.0
5.4367407E13	2742.0	83.0
5.4367416E13	2742.0	83.0
5.436743E13	2742.0	83.0
5.4367437E13	2742.0	83.0
5.436745E13	2742.0	83.0
5.4367458E13	2741.0	83.0
5.436747E13	2741.0	83.0
5.436748E13	2741.0	83.0
5.4367487E13	2741.0	83.0
5.4367495E13	2740.0	83.0
5.436751E13	2740.0	83.0
5.4367516E13	2740.0	83.0
5.436753E13	2740.0	83.0
5.4367537E13	2740.0	83.0
5.436755E13	2740.0	83.0
5.436756E13	2740.0	83.0
5.4367567E13	2741.0	84.0
5.436758E13	2741.0	84.0
5.4367588E13	2741.0	83.0
5.4367596E13	2741.0	83.0
5.436761E13	2739.0	83.0
5.4367617E13	2739.0	83.0
5.436763E13	2739.0	83.0
5.436764E13	2739.0	83.0
5.4367646E13	2738.0	83.0
5.436766E13	2738.0	83.0
5.4367667E13	2738.0	83.0
5.4367676E13	2738.0	83.0
5.436769E13	2743.0	83.0
5.4367697E13	2743.0	83.0
5.436771E13	2743.0	83.0
5.4367718E13	2739.0	83.0
5.436773E13	2739.0	83.0
5.436774E13	2739.0	83.0
5.4367747E13	2739.0	83.0
5.436776E13	2739.0	83.0
5.436777E13	2739.0	83.0
5.4367776E13	2739.0	83.0
5.436779E13	2739.0	83.0
5.4367797E13	2739.0	83.0
5.436781E13	2739.0	83.0
5.436782E13	2739.0	83.0
5.4367827E13	2739.0	83.0
5.436784E13	2738.0	83.0
5.4367848E13	2738.0	83.0
5.4367856E13	2738.0	84.0
5.436787E13	2740.0	83.0
5.4367877E13	2740.0	83.0
5.436789E13	2740.0	83.0
5.43679E13	2740.0	83.0
5.436791E13	2742.0	83.0
5.436792E13	2742.0	83.0
5.4367927E13	2742.0	83.0
5.4367936E13	2742.0	83.0
5.436795E13	2740.0	83.0
5.4367957E13	2740.0	83.0
