5.4647193E13	2699.0	78.0
5.4647205E13	2699.0	78.0
5.4647214E13	2699.0	77.0
5.4647226E13	2715.0	76.0
5.4647234E13	2715.0	75.0
5.4647243E13	2715.0	75.0
5.4647255E13	2715.0	75.0
5.4647264E13	2723.0	76.0
5.4647276E13	2723.0	76.0
5.4647285E13	2723.0	76.0
5.4647293E13	2723.0	76.0
5.4647306E13	2724.0	77.0
5.4647314E13	2724.0	77.0
5.4647323E13	2724.0	77.0
5.4647335E13	2724.0	77.0
5.4647344E13	2727.0	76.0
5.4647356E13	2727.0	77.0
5.4647365E13	2727.0	77.0
5.4647373E13	2727.0	77.0
5.4647385E13	2727.0	78.0
5.4647394E13	2727.0	79.0
5.4647406E13	2727.0	79.0
5.4647415E13	2733.0	79.0
5.4647423E13	2733.0	79.0
5.4647436E13	2733.0	79.0
5.4647444E13	2733.0	79.0
5.4647453E13	2740.0	78.0
5.4647465E13	2740.0	78.0
5.4647474E13	2740.0	77.0
5.4647486E13	2740.0	77.0
5.4647495E13	2747.0	77.0
5.4647503E13	2747.0	76.0
5.4647516E13	2747.0	76.0
5.4647524E13	2752.0	77.0
5.4647536E13	2752.0	77.0
5.4647545E13	2752.0	78.0
5.4647553E13	2752.0	78.0
5.4647566E13	2752.0	78.0
5.4647574E13	2752.0	78.0
5.4647587E13	2752.0	78.0
5.4647595E13	2752.0	78.0
5.4647604E13	2748.0	78.0
5.4647616E13	2748.0	78.0
5.4647625E13	2748.0	78.0
5.4647633E13	2748.0	78.0
5.4647646E13	2748.0	78.0
5.4647654E13	2748.0	78.0
5.4647667E13	2748.0	79.0
5.4647675E13	2745.0	78.0
5.4647683E13	2745.0	79.0
5.4647696E13	2745.0	79.0
5.4647704E13	2745.0	79.0
5.4647717E13	2743.0	80.0
5.4647725E13	2743.0	80.0
5.4647734E13	2743.0	79.0
5.4647746E13	2743.0	79.0
5.4647755E13	2740.0	80.0
5.4647763E13	2740.0	80.0
5.4647776E13	2740.0	80.0
5.4647784E13	2740.0	80.0
5.4647797E13	2737.0	79.0
5.4647805E13	2737.0	78.0
5.4647813E13	2737.0	78.0
5.4647826E13	2738.0	78.0
5.4647834E13	2738.0	78.0
5.4647847E13	2738.0	78.0
5.4647855E13	2738.0	78.0
5.4647864E13	2730.0	79.0
5.4647876E13	2730.0	79.0
5.4647885E13	2730.0	80.0
5.4647897E13	2730.0	80.0
5.4647906E13	2722.0	80.0
5.4647914E13	2722.0	80.0
5.4647927E13	2722.0	80.0
5.4647935E13	2722.0	80.0
5.4647948E13	2710.0	80.0
5.4647956E13	2710.0	80.0
5.4647964E13	2710.0	80.0
5.4647977E13	2704.0	80.0
5.4647985E13	2704.0	80.0
5.4647994E13	2704.0	79.0
5.4648006E13	2704.0	79.0
5.4648015E13	2695.0	79.0
5.4648027E13	2695.0	80.0
5.4648036E13	2695.0	81.0
5.4648044E13	2695.0	81.0
5.4648057E13	2691.0	81.0
5.4648065E13	2691.0	81.0
5.4648078E13	2691.0	81.0
5.4648086E13	2692.0	81.0
5.4648094E13	2692.0	81.0
5.4648107E13	2692.0	81.0
5.464812E13	2692.0	81.0
5.4648124E13	2692.0	80.0
5.4648136E13	2692.0	80.0
5.4648145E13	2692.0	80.0
5.4648157E13	2692.0	80.0
5.4648166E13	2692.0	80.0
5.4648174E13	2692.0	80.0
5.4648187E13	2692.0	79.0
5.4648195E13	2692.0	79.0
5.4648208E13	2690.0	79.0
5.4648216E13	2690.0	79.0
5.4648224E13	2690.0	79.0
5.4648237E13	2690.0	79.0
5.4648245E13	2688.0	79.0
5.4648254E13	2688.0	79.0
5.4648266E13	2688.0	79.0
5.4648275E13	2686.0	79.0
5.4648287E13	2686.0	79.0
5.4648296E13	2686.0	79.0
5.4648304E13	2686.0	80.0
5.4648317E13	2681.0	80.0
5.4648325E13	2681.0	80.0
5.4648338E13	2681.0	81.0
5.4648346E13	2681.0	81.0
5.4648354E13	2676.0	81.0
5.4648367E13	2676.0	81.0
5.4648375E13	2676.0	81.0
5.4648384E13	2676.0	81.0
5.4648396E13	2675.0	82.0
5.4648405E13	2675.0	82.0
5.4648417E13	2675.0	82.0
5.4648426E13	2676.0	81.0
5.4648434E13	2676.0	80.0
5.4648447E13	2676.0	80.0
5.4648455E13	2676.0	80.0
5.4648468E13	2674.0	80.0
5.4648476E13	2674.0	80.0
5.4648484E13	2674.0	80.0
5.4648497E13	2674.0	80.0
5.4648505E13	2674.0	81.0
5.464852E13	2674.0	81.0
5.4648526E13	2674.0	81.0
5.464854E13	2670.0	82.0
5.4648547E13	2670.0	82.0
5.4648556E13	2670.0	81.0
5.464857E13	2668.0	52.0
5.4648577E13	2668.0	82.0
5.4648585E13	2668.0	82.0
5.4648598E13	2668.0	82.0
5.4648606E13	2666.0	82.0
5.464862E13	2666.0	82.0
5.4648627E13	2666.0	82.0
5.4648635E13	2666.0	82.0
5.464865E13	2667.0	82.0
5.4648656E13	2667.0	82.0
5.4648665E13	2667.0	81.0
5.4648677E13	2667.0	81.0
5.4648686E13	2669.0	81.0
5.4648694E13	2669.0	81.0
5.4648707E13	2669.0	81.0
5.4648715E13	2670.0	81.0
5.4648728E13	2670.0	81.0
5.4648736E13	2670.0	82.0
5.4648744E13	2670.0	83.0
5.4648757E13	2673.0	82.0
5.4648765E13	2673.0	82.0
5.464878E13	2673.0	82.0
5.4648786E13	2673.0	81.0
5.4648795E13	2673.0	81.0
5.4648807E13	2673.0	82.0
5.4648816E13	2673.0	82.0
5.4648824E13	2673.0	82.0
5.4648837E13	2671.0	82.0
5.4648845E13	2671.0	82.0
5.4648858E13	2671.0	82.0
5.4648866E13	2671.0	82.0
5.4648874E13	2670.0	82.0
5.4648887E13	2670.0	82.0
5.4648895E13	2670.0	82.0
5.464891E13	2672.0	82.0
5.4648916E13	2672.0	82.0
5.4648925E13	2672.0	83.0
5.4648937E13	2672.0	83.0
5.4648946E13	2672.0	83.0
5.464896E13	2670.0	83.0
5.4648967E13	2670.0	82.0
5.4648975E13	2670.0	82.0
5.4648988E13	2670.0	82.0
5.4648996E13	2671.0	83.0
5.4649004E13	2671.0	83.0
5.4649017E13	2671.0	82.0
5.4649025E13	2671.0	82.0
5.464904E13	2671.0	82.0
5.4649046E13	2671.0	82.0
5.4649055E13	2671.0	82.0
5.4649067E13	2671.0	82.0
5.4649076E13	2671.0	82.0
5.4649084E13	2671.0	82.0
5.4649097E13	2670.0	82.0
5.4649105E13	2670.0	82.0
5.4649118E13	2670.0	82.0
5.4649126E13	2670.0	82.0
5.4649135E13	2670.0	82.0
5.4649147E13	2670.0	83.0
5.4649155E13	2670.0	83.0
5.464917E13	2670.0	82.0
5.4649176E13	2670.0	82.0
5.4649185E13	2670.0	82.0
5.4649197E13	2670.0	82.0
5.4649206E13	2670.0	82.0
5.464922E13	2672.0	82.0
5.4649227E13	2672.0	82.0
5.4649235E13	2672.0	82.0
5.4649248E13	2672.0	82.0
5.4649256E13	2672.0	82.0
5.4649265E13	2672.0	82.0
5.4649277E13	2672.0	81.0
5.4649286E13	2672.0	82.0
5.46493E13	2673.0	81.0
5.4649306E13	2673.0	81.0
5.4649315E13	2673.0	81.0
5.4649327E13	2672.0	82.0
5.4649336E13	2672.0	82.0
5.464935E13	2672.0	83.0
5.4649357E13	2672.0	83.0
5.4649365E13	2672.0	83.0
5.4649378E13	2672.0	83.0
5.4649386E13	2672.0	84.0
5.46494E13	2672.0	84.0
5.4649407E13	2670.0	84.0
5.4649416E13	2670.0	84.0
5.464943E13	2670.0	84.0
5.4649437E13	2670.0	84.0
5.4649445E13	2670.0	83.0
5.4649457E13	2670.0	83.0
5.4649466E13	2670.0	82.0
5.464948E13	2669.0	82.0
5.4649487E13	2669.0	82.0
5.4649495E13	2669.0	82.0
5.4649508E13	2669.0	83.0
5.4649516E13	2669.0	83.0
5.464953E13	2669.0	83.0
5.4649537E13	2669.0	83.0
5.4649546E13	2669.0	83.0
5.464956E13	2671.0	83.0
5.4649567E13	2671.0	83.0
5.464958E13	2671.0	83.0
5.4649587E13	2671.0	83.0
5.4649596E13	2670.0	82.0
5.464961E13	2670.0	82.0
5.4649617E13	2670.0	82.0
5.4649625E13	2672.0	82.0
5.4649638E13	2672.0	83.0
5.4649646E13	2672.0	83.0
5.464966E13	2672.0	83.0
5.464967E13	2671.0	83.0
5.4649676E13	2671.0	83.0
5.464969E13	2671.0	83.0
5.4649697E13	2671.0	83.0
5.4649705E13	2669.0	83.0
5.4649718E13	2669.0	83.0
5.4649726E13	2669.0	83.0
5.464974E13	2669.0	83.0
5.4649747E13	2672.0	83.0
5.4649755E13	2672.0	83.0
5.4649768E13	2673.0	83.0
5.4649776E13	2673.0	83.0
5.464979E13	2673.0	83.0
5.4649797E13	2673.0	83.0
5.4649806E13	2670.0	82.0
5.464982E13	2670.0	83.0
5.4649827E13	2670.0	83.0
5.4649835E13	2670.0	83.0
5.4649848E13	2673.0	83.0
5.4649856E13	2673.0	84.0
5.464987E13	2673.0	84.0
5.4649877E13	2673.0	84.0
5.4649885E13	2673.0	83.0
5.4649898E13	2670.0	82.0
5.464991E13	2670.0	83.0
5.464992E13	2670.0	83.0
5.4649927E13	2670.0	83.0
5.4649936E13	2670.0	83.0
5.464995E13	2670.0	83.0
5.4649957E13	2670.0	83.0
5.464997E13	2672.0	83.0
5.4649978E13	2672.0	83.0
5.4649986E13	2672.0	83.0
5.465E13	2672.0	83.0
5.4650007E13	2672.0	83.0
5.4650015E13	2672.0	83.0
5.4650028E13	2672.0	83.0
5.4650036E13	2671.0	82.0
5.465005E13	2671.0	82.0
5.4650057E13	2671.0	83.0
5.4650066E13	2671.0	83.0
5.465008E13	2671.0	83.0
5.4650087E13	2671.0	83.0
5.46501E13	2671.0	83.0
5.4650108E13	2671.0	83.0
5.4650116E13	2670.0	83.0
5.465013E13	2670.0	83.0
5.4650137E13	2670.0	83.0
5.4650145E13	2670.0	83.0
5.465016E13	2672.0	83.0
5.4650166E13	2672.0	83.0
5.465018E13	2672.0	83.0
5.4650187E13	2671.0	83.0
5.4650196E13	2671.0	83.0
5.465021E13	2671.0	83.0
5.4650217E13	2671.0	83.0
5.465023E13	2672.0	83.0
5.4650238E13	2672.0	83.0
5.4650246E13	2672.0	83.0
5.465026E13	2672.0	83.0
5.4650267E13	2671.0	83.0
5.4650275E13	2671.0	83.0
5.465029E13	2671.0	83.0
5.4650296E13	2671.0	83.0
5.465031E13	2670.0	83.0
5.4650317E13	2670.0	83.0
5.4650326E13	2670.0	83.0
5.465034E13	2671.0	83.0
5.4650347E13	2671.0	83.0
5.465036E13	2671.0	83.0
5.4650368E13	2671.0	83.0
5.4650376E13	2670.0	83.0
5.465039E13	2670.0	83.0
5.4650397E13	2670.0	83.0
5.465041E13	2670.0	83.0
5.465042E13	2671.0	83.0
5.4650426E13	2671.0	83.0
5.465044E13	2671.0	83.0
5.4650447E13	2671.0	83.0
5.4650456E13	2671.0	83.0
5.465047E13	2671.0	83.0
5.4650477E13	2671.0	83.0
5.465049E13	2672.0	83.0
5.4650498E13	2672.0	83.0
5.465052E13	2672.0	83.0
5.4650527E13	2673.0	83.0
5.465054E13	2673.0	83.0
5.465055E13	2673.0	83.0
5.4650556E13	2673.0	83.0
5.465057E13	2669.0	83.0
5.4650577E13	2669.0	83.0
5.465059E13	2669.0	83.0
5.46506E13	2669.0	84.0
5.4650607E13	2672.0	83.0
5.465062E13	2672.0	83.0
5.4650628E13	2672.0	83.0
5.4650636E13	2673.0	83.0
5.465065E13	2673.0	83.0
5.4650657E13	2673.0	83.0
5.465067E13	2673.0	83.0
5.465068E13	2673.0	83.0
5.4650686E13	2673.0	83.0
5.46507E13	2673.0	83.0
5.4650707E13	2673.0	83.0
5.465072E13	2673.0	83.0
5.465073E13	2673.0	83.0
5.4650737E13	2673.0	83.0
5.465075E13	2673.0	83.0
5.4650758E13	2674.0	83.0
5.4650766E13	2674.0	83.0
5.465078E13	2674.0	83.0
5.4650787E13	2674.0	83.0
5.46508E13	2674.0	83.0
5.465081E13	2674.0	83.0
5.4650816E13	2674.0	83.0
5.465083E13	2673.0	83.0
5.4650837E13	2673.0	84.0
5.465085E13	2673.0	84.0
5.465086E13	2673.0	84.0
5.4650867E13	2674.0	83.0
5.465088E13	2674.0	83.0
5.4650888E13	2674.0	83.0
5.4650896E13	2674.0	83.0
5.465091E13	2673.0	83.0
5.4650917E13	2673.0	84.0
5.465093E13	2673.0	84.0
5.465094E13	2674.0	83.0
5.4650946E13	2674.0	83.0
5.465096E13	2674.0	83.0
5.4650967E13	2674.0	83.0
5.465098E13	2674.0	83.0
5.465099E13	2674.0	84.0
5.4650997E13	2674.0	83.0
5.465101E13	2674.0	83.0
5.4651018E13	2675.0	83.0
5.465103E13	2675.0	83.0
5.465104E13	2675.0	84.0
5.4651047E13	2675.0	84.0
5.465106E13	2674.0	84.0
5.465107E13	2674.0	84.0
5.4651076E13	2674.0	83.0
5.465109E13	2672.0	83.0
5.4651097E13	2672.0	83.0
5.465111E13	2672.0	83.0
5.465112E13	2672.0	83.0
5.4651127E13	2673.0	83.0
5.465114E13	2673.0	83.0
5.4651148E13	2673.0	83.0
5.465116E13	2673.0	83.0
5.465117E13	2673.0	83.0
5.4651177E13	2673.0	83.0
5.465119E13	2673.0	83.0
5.46512E13	2673.0	83.0
5.4651207E13	2671.0	83.0
5.465122E13	2671.0	84.0
5.4651227E13	2671.0	83.0
5.465124E13	2672.0	83.0
5.465125E13	2672.0	83.0
5.4651257E13	2672.0	83.0
5.465127E13	2672.0	83.0
5.4651278E13	2671.0	83.0
5.465129E13	2671.0	83.0
5.46513E13	2671.0	83.0
5.4651307E13	2672.0	83.0
5.465132E13	2672.0	83.0
5.465133E13	2672.0	83.0
5.4651337E13	2672.0	83.0
5.465135E13	2673.0	83.0
5.4651357E13	2673.0	83.0
5.465137E13	2673.0	83.0
5.465138E13	2673.0	83.0
5.4651387E13	2672.0	83.0
5.46514E13	2672.0	83.0
5.465142E13	2671.0	83.0
5.465143E13	2671.0	83.0
5.4651408E13	2671.0	83.0
5.4651437E13	2671.0	83.0
5.465145E13	2671.0	83.0
5.465146E13	2674.0	83.0
5.465147E13	2674.0	83.0
5.465148E13	2674.0	83.0
5.4651488E13	2674.0	83.0
5.46515E13	2673.0	83.0
5.465151E13	2673.0	83.0
5.4651517E13	2673.0	83.0
5.465153E13	2671.0	83.0
5.4651538E13	2671.0	83.0
5.465155E13	2671.0	83.0
5.465156E13	2671.0	83.0
5.4651567E13	2671.0	83.0
5.465158E13	2672.0	83.0
5.465159E13	2672.0	83.0
5.46516E13	2672.0	83.0
5.465161E13	2671.0	84.0
5.4651618E13	2671.0	84.0
5.465163E13	2671.0	84.0
5.465164E13	2671.0	84.0
5.4651647E13	2671.0	83.0
5.465166E13	2673.0	83.0
5.4651668E13	2673.0	83.0
5.465168E13	2673.0	83.0
5.465169E13	2674.0	83.0
5.4651697E13	2674.0	83.0
5.465171E13	2674.0	83.0
5.465172E13	2674.0	83.0
5.465173E13	2672.0	83.0
5.465174E13	2672.0	83.0
5.4651748E13	2672.0	83.0
5.465176E13	2672.0	83.0
5.465177E13	2673.0	83.0
5.4651777E13	2673.0	83.0
5.465179E13	2673.0	83.0
5.4651798E13	2675.0	83.0
5.465181E13	2675.0	83.0
5.465182E13	2675.0	83.0
5.4651827E13	2674.0	83.0
5.465184E13	2674.0	83.0
5.465185E13	2674.0	84.0
5.465186E13	2674.0	84.0
5.465187E13	2672.0	83.0
5.4651878E13	2672.0	83.0
5.465189E13	2672.0	83.0
5.46519E13	2672.0	83.0
5.465191E13	2672.0	83.0
5.465192E13	2673.0	83.0
5.465193E13	2673.0	83.0
5.465194E13	2673.0	83.0
5.465195E13	2673.0	83.0
5.4651957E13	2670.0	51.0
5.465197E13	2670.0	83.0
5.465198E13	2670.0	83.0
5.465199E13	2671.0	83.0
5.4652E13	2671.0	83.0
5.4652008E13	2671.0	83.0
5.465202E13	2671.0	83.0
5.465203E13	2671.0	83.0
5.465204E13	2671.0	83.0
5.465205E13	2671.0	83.0
5.465206E13	2671.0	83.0
5.465207E13	2670.0	83.0
5.465208E13	2670.0	83.0
5.4652087E13	2670.0	83.0
5.46521E13	2670.0	83.0
5.465211E13	2672.0	83.0
5.465212E13	2672.0	83.0
5.465213E13	2672.0	83.0
5.4652138E13	2671.0	83.0
5.465215E13	2671.0	83.0
5.465216E13	2671.0	83.0
5.465217E13	2671.0	83.0
5.465218E13	2669.0	83.0
5.465219E13	2669.0	83.0
5.46522E13	2669.0	83.0
5.465221E13	2669.0	83.0
5.4652217E13	2671.0	83.0
5.465223E13	2671.0	83.0
5.465224E13	2671.0	84.0
5.465225E13	2671.0	83.0
5.465226E13	2671.0	83.0
5.4652268E13	2671.0	83.0
5.465228E13	2671.0	83.0
5.465229E13	2669.0	83.0
5.46523E13	2669.0	83.0
5.465231E13	2669.0	83.0
5.465232E13	2669.0	83.0
5.465233E13	2670.0	83.0
5.465234E13	2670.0	83.0
5.4652347E13	2670.0	83.0
5.465236E13	2670.0	83.0
5.465237E13	2670.0	83.0
5.465238E13	2670.0	83.0
5.465239E13	2670.0	83.0
5.4652398E13	2670.0	83.0
5.465241E13	2669.0	83.0
5.465242E13	2669.0	83.0
5.465243E13	2669.0	83.0
5.465244E13	2667.0	83.0
5.465245E13	2667.0	83.0
5.465246E13	2667.0	83.0
5.465247E13	2667.0	51.0
5.465248E13	2670.0	51.0
5.465249E13	2670.0	51.0
5.46525E13	2670.0	51.0
5.465251E13	2670.0	51.0
5.465252E13	2669.0	51.0
5.4652528E13	2669.0	51.0
5.465254E13	2669.0	51.0
5.465255E13	2669.0	51.0
5.465257E13	2670.0	83.0
5.465258E13	2670.0	83.0
5.465259E13	2669.0	83.0
5.46526E13	2669.0	83.0
5.465261E13	2669.0	83.0
5.465262E13	2669.0	83.0
5.465263E13	2670.0	83.0
5.465264E13	2670.0	83.0
5.465265E13	2670.0	83.0
5.4652658E13	2670.0	83.0
5.465267E13	2670.0	83.0
5.465268E13	2670.0	83.0
5.465269E13	2670.0	83.0
5.46527E13	2670.0	83.0
5.465271E13	2669.0	83.0
5.465272E13	2669.0	83.0
5.465273E13	2669.0	83.0
5.465274E13	2671.0	83.0
5.465275E13	2671.0	83.0
5.465276E13	2671.0	83.0
5.465277E13	2671.0	83.0
5.465278E13	2668.0	83.0
5.465279E13	2668.0	83.0
5.46528E13	2668.0	83.0
5.465281E13	2668.0	83.0
5.465282E13	2670.0	84.0
5.465283E13	2670.0	84.0
5.465284E13	2670.0	84.0
5.465285E13	2670.0	84.0
5.465286E13	2672.0	84.0
5.465287E13	2672.0	84.0
5.465288E13	2672.0	84.0
5.465289E13	2673.0	83.0
5.465291E13	2673.0	83.0
5.465292E13	2673.0	83.0
5.465293E13	2672.0	51.0
5.465294E13	2672.0	51.0
5.465295E13	2672.0	83.0
5.465296E13	2672.0	51.0
5.465297E13	2672.0	83.0
5.465298E13	2672.0	51.0
5.465299E13	2672.0	84.0
5.4653E13	2672.0	51.0
5.465301E13	2670.0	51.0
5.465302E13	2670.0	83.0
5.465303E13	2670.0	84.0
5.465304E13	2670.0	84.0
5.465305E13	2670.0	51.0
5.465306E13	2670.0	84.0
5.465307E13	2670.0	84.0
5.465308E13	2671.0	84.0
5.465309E13	2671.0	83.0
5.46531E13	2671.0	83.0
5.465311E13	2671.0	83.0
5.465312E13	2671.0	83.0
5.465313E13	2671.0	83.0
5.465314E13	2671.0	84.0
5.465315E13	2671.0	84.0
5.465316E13	2671.0	84.0
5.465317E13	2671.0	84.0
5.465318E13	2671.0	83.0
5.465319E13	2670.0	83.0
5.46532E13	2670.0	83.0
5.465321E13	2670.0	83.0
5.465322E13	2670.0	83.0
5.4653232E13	2670.0	83.0
5.465324E13	2670.0	83.0
5.465325E13	2670.0	83.0
5.465326E13	2670.0	83.0
5.465327E13	2673.0	84.0
5.465328E13	2673.0	84.0
5.465329E13	2673.0	84.0
5.46533E13	2673.0	84.0
5.465331E13	2670.0	83.0
5.465332E13	2670.0	83.0
5.465333E13	2670.0	83.0
5.465334E13	2673.0	83.0
5.465335E13	2673.0	83.0
5.4653362E13	2673.0	83.0
5.465337E13	2673.0	83.0
5.465338E13	2670.0	83.0
5.465339E13	2670.0	83.0
5.46534E13	2670.0	83.0
5.465341E13	2670.0	83.0
5.465342E13	2672.0	83.0
5.465343E13	2672.0	83.0
5.465344E13	2672.0	83.0
5.465345E13	2672.0	83.0
5.465346E13	2673.0	83.0
5.465347E13	2673.0	83.0
5.465348E13	2673.0	83.0
5.4653492E13	2671.0	83.0
5.465351E13	2671.0	83.0
5.465352E13	2671.0	83.0
5.465355E13	2671.0	84.0
5.465356E13	2671.0	84.0
5.465357E13	2673.0	83.0
5.465358E13	2673.0	83.0
5.4653593E13	2673.0	83.0
5.46536E13	2673.0	83.0
5.465361E13	2672.0	84.0
5.4653622E13	2672.0	83.0
5.465363E13	2672.0	83.0
5.465364E13	2675.0	83.0
5.465365E13	2675.0	83.0
5.465366E13	2675.0	83.0
5.465368E13	2672.0	83.0
5.465369E13	2672.0	83.0
5.4653702E13	2672.0	83.0
5.465371E13	2672.0	83.0
5.4653723E13	2670.0	83.0
5.465373E13	2670.0	83.0
5.465374E13	2670.0	84.0
5.4653752E13	2670.0	84.0
5.465376E13	2673.0	84.0
5.465377E13	2673.0	84.0
5.465378E13	2673.0	84.0
5.465379E13	2674.0	83.0
5.4653803E13	2674.0	83.0
5.465381E13	2674.0	83.0
5.465382E13	2674.0	83.0
5.4653832E13	2672.0	83.0
5.465384E13	2672.0	83.0
5.4653853E13	2672.0	83.0
5.465386E13	2672.0	83.0
5.465387E13	2670.0	84.0
5.4653882E13	2670.0	83.0
5.465389E13	2670.0	83.0
5.4653903E13	2671.0	83.0
5.465391E13	2671.0	84.0
5.465392E13	2671.0	84.0
5.4653933E13	2671.0	84.0
5.465394E13	2673.0	84.0
5.465395E13	2673.0	84.0
5.4653962E13	2673.0	83.0
5.465397E13	2673.0	83.0
5.4653983E13	2672.0	84.0
5.465399E13	2672.0	84.0
5.4654E13	2672.0	84.0
5.4654012E13	2672.0	84.0
5.465402E13	2674.0	84.0
5.465403E13	2674.0	84.0
5.465404E13	2674.0	84.0
5.465405E13	2670.0	84.0
5.4654063E13	2670.0	84.0
5.465407E13	2670.0	83.0
5.465408E13	2670.0	83.0
5.4654092E13	2671.0	83.0
5.46541E13	2671.0	83.0
5.4654113E13	2671.0	83.0
5.465412E13	2671.0	83.0
5.465413E13	2672.0	83.0
5.4654143E13	2672.0	83.0
5.465415E13	2672.0	83.0
5.465416E13	2672.0	83.0
5.465417E13	2671.0	84.0
5.465418E13	2671.0	84.0
5.4654193E13	2672.0	84.0
5.46542E13	2672.0	84.0
5.465421E13	2672.0	83.0
5.4654222E13	2672.0	83.0
5.465423E13	2672.0	83.0
5.4654243E13	2671.0	84.0
5.465425E13	2671.0	83.0
5.465426E13	2671.0	83.0
5.4654273E13	2671.0	83.0
5.465428E13	2674.0	83.0
5.4654294E13	2674.0	83.0
5.46543E13	2674.0	83.0
5.465431E13	2670.0	84.0
5.4654323E13	2670.0	84.0
5.465433E13	2670.0	84.0
5.465434E13	2670.0	83.0
5.4654352E13	2670.0	83.0
5.465436E13	2670.0	83.0
5.4654373E13	2670.0	83.0
5.465438E13	2672.0	84.0
5.465439E13	2672.0	84.0
5.4654403E13	2672.0	84.0
5.465441E13	2672.0	84.0
5.4654424E13	2672.0	84.0
5.465443E13	2672.0	84.0
5.465444E13	2672.0	84.0
5.4654453E13	2672.0	84.0
5.465446E13	2672.0	84.0
5.465447E13	2672.0	83.0
5.4654482E13	2672.0	83.0
5.465449E13	2671.0	83.0
5.4654503E13	2671.0	83.0
5.465451E13	2671.0	83.0
5.465452E13	2671.0	83.0
5.4654533E13	2670.0	84.0
5.465454E13	2670.0	84.0
5.4654554E13	2670.0	84.0
5.465456E13	2670.0	84.0
5.465457E13	2674.0	84.0
5.4654583E13	2674.0	84.0
5.465459E13	2674.0	84.0
5.46546E13	2674.0	84.0
5.4654612E13	2672.0	83.0
5.465462E13	2672.0	83.0
5.4654633E13	2672.0	83.0
5.465464E13	2672.0	84.0
5.4654654E13	2675.0	84.0
5.4654663E13	2675.0	84.0
5.465467E13	2675.0	83.0
5.4654684E13	2675.0	83.0
5.465469E13	2673.0	83.0
5.46547E13	2673.0	83.0
5.4654713E13	2673.0	83.0
5.465472E13	2673.0	83.0
5.465473E13	2674.0	83.0
5.4654742E13	2674.0	83.0
5.465475E13	2674.0	83.0
5.4654763E13	2674.0	83.0
5.465477E13	2674.0	83.0
5.465478E13	2674.0	84.0
5.4654793E13	2674.0	84.0
5.46548E13	2671.0	84.0
5.4654814E13	2671.0	84.0
5.465482E13	2671.0	84.0
5.465483E13	2671.0	84.0
5.4654843E13	2671.0	84.0
5.465485E13	2671.0	84.0
5.4654864E13	2671.0	84.0
5.4654872E13	2671.0	84.0
5.465488E13	2672.0	84.0
5.4654893E13	2672.0	84.0
5.46549E13	2672.0	84.0
5.465491E13	2672.0	84.0
5.4654923E13	2672.0	84.0
5.465493E13	2672.0	84.0
5.4654944E13	2670.0	83.0
5.465495E13	2670.0	83.0
5.465496E13	2670.0	83.0
5.4654973E13	2670.0	83.0
5.465498E13	2673.0	58.0
5.4654994E13	2673.0	83.0
5.4655002E13	2673.0	83.0
5.465501E13	2673.0	83.0
5.4655023E13	2672.0	83.0
5.465503E13	2672.0	83.0
5.4655044E13	2672.0	83.0
5.4655053E13	2672.0	83.0
5.465506E13	2672.0	83.0
5.4655074E13	2671.0	83.0
5.465508E13	2671.0	83.0
5.465509E13	2671.0	84.0
5.4655103E13	2670.0	84.0
5.465511E13	2670.0	84.0
5.4655124E13	2670.0	84.0
5.4655132E13	2670.0	84.0
5.465514E13	2672.0	84.0
5.4655153E13	2672.0	84.0
5.465516E13	2672.0	84.0
5.465517E13	2672.0	84.0
5.4655183E13	2672.0	83.0
5.465519E13	2672.0	83.0
5.4655204E13	2672.0	83.0
5.465521E13	2672.0	83.0
5.465522E13	2673.0	83.0
5.4655233E13	2673.0	83.0
5.465524E13	2673.0	83.0
5.4655254E13	2672.0	83.0
5.4655262E13	2672.0	83.0
5.465527E13	2672.0	84.0
5.4655283E13	2672.0	84.0
5.465529E13	2672.0	84.0
5.4655304E13	2672.0	84.0
5.4655313E13	2672.0	84.0
5.465532E13	2672.0	84.0
5.4655334E13	2671.0	84.0
5.465534E13	2671.0	84.0
5.465535E13	2671.0	84.0
5.4655363E13	2671.0	84.0
5.465537E13	2671.0	84.0
5.4655384E13	2671.0	84.0
5.4655392E13	2671.0	84.0
5.46554E13	2671.0	84.0
5.4655413E13	2671.0	84.0
5.465542E13	2671.0	84.0
5.4655434E13	2671.0	84.0
5.4655443E13	2670.0	84.0
5.465545E13	2670.0	84.0
5.4655464E13	2670.0	84.0
5.4655472E13	2670.0	84.0
5.465548E13	2670.0	84.0
5.4655493E13	2670.0	84.0
5.46555E13	2670.0	84.0
5.4655514E13	2670.0	84.0
5.4655522E13	2670.0	84.0
5.465553E13	2670.0	84.0
5.4655543E13	2670.0	84.0
5.465555E13	2671.0	84.0
5.4655564E13	2671.0	84.0
5.4655573E13	2671.0	84.0
5.465558E13	2671.0	84.0
5.4655602E13	2673.0	84.0
5.465561E13	2673.0	84.0
5.4655627E13	2673.0	84.0
5.465563E13	2674.0	84.0
5.4655644E13	2674.0	83.0
5.4655652E13	2674.0	83.0
5.465566E13	2674.0	83.0
5.4655673E13	2672.0	84.0
5.465568E13	2672.0	84.0
5.4655694E13	2672.0	84.0
5.4655703E13	2671.0	84.0
5.465571E13	2671.0	84.0
5.4655724E13	2671.0	84.0
5.4655732E13	2671.0	84.0
5.4655745E13	2670.0	84.0
5.4655753E13	2670.0	84.0
5.465576E13	2670.0	84.0
5.4655774E13	2670.0	84.0
5.4655782E13	2670.0	84.0
5.465579E13	2670.0	84.0
5.4655803E13	2670.0	84.0
5.465581E13	2670.0	84.0
5.4655824E13	2671.0	84.0
5.4655833E13	2671.0	84.0
5.465584E13	2671.0	84.0
5.4655854E13	2670.0	84.0
5.4655862E13	2670.0	83.0
5.4655875E13	2670.0	83.0
5.4655883E13	2670.0	84.0
5.465589E13	2672.0	83.0
5.4655904E13	2672.0	83.0
5.4655913E13	2672.0	83.0
5.465592E13	2672.0	83.0
5.4655933E13	2667.0	84.0
5.4655963E13	2667.0	84.0
5.465597E13	2670.0	84.0
5.4655984E13	2670.0	84.0
5.4655992E13	2670.0	83.0
5.4656005E13	2670.0	83.0
5.4656013E13	2670.0	83.0
5.465602E13	2670.0	83.0
5.4656034E13	2670.0	83.0
5.4656043E13	2670.0	83.0
5.4656055E13	2670.0	84.0
5.4656064E13	2670.0	84.0
5.465607E13	2670.0	84.0
5.4656084E13	2669.0	84.0
5.4656093E13	2669.0	84.0
5.46561E13	2669.0	84.0
5.4656114E13	2669.0	84.0
5.4656122E13	2671.0	84.0
5.4656135E13	2671.0	84.0
5.4656143E13	2671.0	83.0
5.465615E13	2669.0	83.0
5.4656164E13	2669.0	83.0
5.4656173E13	2669.0	83.0
5.4656185E13	2669.0	83.0
5.4656194E13	2670.0	83.0
5.46562E13	2670.0	83.0
5.4656214E13	2670.0	83.0
5.4656223E13	2670.0	83.0
5.465623E13	2670.0	84.0
5.4656244E13	2670.0	84.0
5.4656252E13	2670.0	84.0
5.4656265E13	2670.0	84.0
5.4656273E13	2669.0	84.0
5.465628E13	2669.0	84.0
5.4656294E13	2669.0	84.0
5.4656303E13	2670.0	84.0
5.4656315E13	2670.0	84.0
5.4656324E13	2670.0	84.0
5.465633E13	2670.0	84.0
5.4656345E13	2670.0	84.0
5.4656353E13	2670.0	84.0
5.4656365E13	2670.0	84.0
5.4656374E13	2670.0	84.0
5.4656382E13	2669.0	84.0
5.4656395E13	2669.0	84.0
5.4656403E13	2669.0	84.0
5.465641E13	2669.0	83.0
5.4656424E13	2669.0	84.0
5.4656433E13	2669.0	84.0
5.4656445E13	2670.0	57.0
5.4656454E13	2670.0	84.0
5.465646E13	2670.0	84.0
5.4656475E13	2670.0	84.0
5.4656483E13	2672.0	84.0
5.4656496E13	2672.0	84.0
5.4656504E13	2672.0	84.0
5.4656512E13	2672.0	84.0
5.4656525E13	2672.0	84.0
5.4656533E13	2669.0	84.0
5.465654E13	2669.0	84.0
5.4656554E13	2669.0	84.0
5.4656563E13	2669.0	84.0
5.4656575E13	2668.0	84.0
5.4656584E13	2668.0	84.0
5.465659E13	2668.0	83.0
5.4656605E13	2669.0	83.0
5.4656613E13	2669.0	83.0
5.4656626E13	2669.0	83.0
5.4656634E13	2669.0	83.0
5.4656642E13	2669.0	83.0
5.4656655E13	2669.0	84.0
5.4656663E13	2669.0	84.0
5.4656676E13	2669.0	84.0
5.4656684E13	2670.0	84.0
5.4656693E13	2670.0	84.0
5.4656705E13	2670.0	84.0
5.4656714E13	2670.0	84.0
5.465672E13	2668.0	84.0
5.4656735E13	2668.0	84.0
5.4656743E13	2668.0	84.0
5.4656756E13	2670.0	84.0
5.4656764E13	2670.0	84.0
5.4656772E13	2670.0	84.0
5.4656785E13	2670.0	84.0
5.4656793E13	2669.0	84.0
5.4656806E13	2669.0	84.0
5.4656814E13	2669.0	84.0
5.4656823E13	2669.0	84.0
5.4656835E13	2669.0	84.0
5.4656844E13	2669.0	83.0
5.465685E13	2669.0	83.0
5.4656865E13	2669.0	84.0
5.4656873E13	2671.0	84.0
5.4656886E13	2671.0	84.0
5.4656894E13	2671.0	84.0
5.4656902E13	2671.0	84.0
5.4656923E13	2671.0	84.0
5.4656915E13	2671.0	84.0
5.4656944E13	2671.0	84.0
5.4656936E13	2671.0	84.0
5.4656953E13	2671.0	84.0
5.4656965E13	2671.0	84.0
5.4656978E13	2669.0	84.0
5.4656986E13	2669.0	84.0
5.4656995E13	2669.0	83.0
5.4657007E13	2669.0	83.0
5.4657016E13	2672.0	83.0
5.4657024E13	2672.0	83.0
5.4657032E13	2672.0	84.0
5.4657045E13	2670.0	84.0
5.4657053E13	2670.0	84.0
5.4657066E13	2670.0	84.0
5.4657074E13	2670.0	84.0
5.4657083E13	2670.0	84.0
5.4657095E13	2672.0	84.0
5.4657104E13	2672.0	84.0
5.465711E13	2672.0	84.0
5.4657125E13	2672.0	84.0
5.4657133E13	2671.0	83.0
5.4657146E13	2671.0	83.0
5.4657154E13	2671.0	84.0
5.4657162E13	2671.0	84.0
5.4657175E13	2671.0	84.0
5.4657183E13	2671.0	84.0
5.4657196E13	2671.0	84.0
5.4657204E13	2671.0	84.0
5.4657213E13	2671.0	84.0
5.4657225E13	2671.0	84.0
5.4657234E13	2671.0	84.0
5.4657246E13	2672.0	84.0
5.4657255E13	2672.0	84.0
5.4657263E13	2672.0	83.0
5.4657276E13	2672.0	84.0
5.4657284E13	2671.0	84.0
5.4657292E13	2671.0	84.0
5.4657305E13	2671.0	84.0
5.4657313E13	2671.0	84.0
5.4657326E13	2672.0	84.0
5.4657334E13	2672.0	84.0
5.4657343E13	2672.0	84.0
5.4657355E13	2670.0	84.0
5.4657364E13	2670.0	84.0
5.4657376E13	2670.0	84.0
5.4657385E13	2672.0	84.0
5.4657393E13	2672.0	84.0
5.4657406E13	2672.0	84.0
5.4657414E13	2672.0	84.0
5.4657422E13	2672.0	84.0
5.4657435E13	2672.0	84.0
5.4657443E13	2672.0	84.0
5.4657456E13	2671.0	84.0
5.4657464E13	2671.0	84.0
5.4657473E13	2671.0	84.0
5.4657485E13	2671.0	84.0
5.4657494E13	2670.0	84.0
5.4657506E13	2670.0	84.0
5.4657515E13	2670.0	84.0
5.4657523E13	2670.0	84.0
5.4657536E13	2670.0	84.0
5.4657544E13	2671.0	84.0
5.4657552E13	2671.0	84.0
5.4657565E13	2671.0	84.0
5.4657573E13	2671.0	84.0
5.4657586E13	2672.0	84.0
5.46576E13	2672.0	84.0
5.4657603E13	2672.0	84.0
5.4657615E13	2672.0	84.0
5.465763E13	2672.0	84.0
5.4657636E13	2672.0	84.0
5.4657645E13	2672.0	84.0
5.4657653E13	2671.0	84.0
5.4657666E13	2671.0	84.0
5.4657674E13	2671.0	84.0
5.4657687E13	2671.0	84.0
5.4657695E13	2671.0	84.0
5.4657703E13	2671.0	84.0
5.4657716E13	2671.0	84.0
5.4657724E13	2671.0	84.0
5.4657733E13	2670.0	84.0
5.4657745E13	2670.0	83.0
5.4657754E13	2670.0	84.0
5.4657766E13	2669.0	84.0
5.4657775E13	2669.0	84.0
5.4657783E13	2669.0	84.0
5.4657796E13	2669.0	84.0
5.4657804E13	2670.0	84.0
5.4657817E13	2670.0	84.0
5.4657825E13	2670.0	84.0
5.4657834E13	2670.0	84.0
5.4657846E13	2670.0	84.0
5.4657854E13	2670.0	84.0
5.4657867E13	2670.0	84.0
5.4657875E13	2670.0	84.0
5.4657884E13	2672.0	84.0
5.4657896E13	2672.0	84.0
5.4657905E13	2672.0	84.0
5.4657913E13	2670.0	84.0
5.4657926E13	2670.0	84.0
5.4657934E13	2670.0	84.0
5.4657947E13	2670.0	84.0
5.4657955E13	2671.0	84.0
5.4657964E13	2671.0	84.0
5.4657976E13	2671.0	84.0
5.4657984E13	2671.0	83.0
5.4657993E13	2672.0	84.0
5.4658005E13	2672.0	83.0
5.4658014E13	2672.0	83.0
5.4658026E13	2672.0	83.0
5.4658035E13	2668.0	84.0
5.4658047E13	2668.0	83.0
5.4658056E13	2668.0	84.0
5.4658064E13	2670.0	84.0
5.4658077E13	2670.0	84.0
5.4658085E13	2670.0	84.0
5.4658094E13	2670.0	84.0
5.4658106E13	2672.0	84.0
5.4658115E13	2672.0	84.0
5.4658127E13	2672.0	84.0
5.4658135E13	2672.0	84.0
5.4658144E13	2670.0	84.0
5.4658156E13	2670.0	84.0
5.4658165E13	2670.0	84.0
5.4658173E13	2670.0	83.0
5.4658186E13	2669.0	83.0
5.4658194E13	2669.0	83.0
5.4658207E13	2669.0	84.0
5.4658215E13	2667.0	84.0
5.4658224E13	2667.0	84.0
5.4658236E13	2667.0	84.0
5.4658245E13	2667.0	83.0
5.4658257E13	2670.0	83.0
5.4658266E13	2670.0	83.0
5.4658274E13	2670.0	83.0
5.4658286E13	2670.0	84.0
5.4658295E13	2666.0	84.0
5.4658303E13	2666.0	84.0
5.4658316E13	2666.0	84.0
5.4658324E13	2666.0	84.0
5.4658337E13	2667.0	84.0
5.4658345E13	2667.0	84.0
5.4658354E13	2667.0	84.0
5.4658366E13	2667.0	83.0
5.4658375E13	2667.0	83.0
5.4658387E13	2667.0	83.0
5.4658396E13	2665.0	83.0
5.4658404E13	2665.0	83.0
5.4658417E13	2665.0	83.0
5.4658425E13	2665.0	83.0
5.4658437E13	2665.0	83.0
5.4658446E13	2667.0	83.0
5.4658454E13	2667.0	83.0
5.4658467E13	2667.0	83.0
5.4658475E13	2667.0	83.0
5.4658484E13	2665.0	83.0
5.4658496E13	2665.0	84.0
5.4658505E13	2669.0	84.0
5.4658517E13	2669.0	84.0
5.4658526E13	2669.0	84.0
5.4658534E13	2669.0	84.0
5.4658547E13	2669.0	84.0
5.4658555E13	2666.0	84.0
5.4658568E13	2666.0	84.0
5.4658576E13	2666.0	84.0
5.4658584E13	2666.0	84.0
5.4658597E13	2665.0	84.0
5.4658605E13	2665.0	83.0
5.4658614E13	2665.0	84.0
5.4658626E13	2665.0	84.0
5.4658635E13	2665.0	83.0
5.4658647E13	2665.0	83.0
5.4658656E13	2665.0	83.0
5.4658664E13	2665.0	83.0
5.4658677E13	2665.0	83.0
5.4658685E13	2665.0	83.0
5.4658698E13	2665.0	83.0
5.4658706E13	2667.0	83.0
5.4658714E13	2667.0	83.0
5.4658727E13	2667.0	83.0
5.4658735E13	2667.0	83.0
5.4658748E13	2665.0	83.0
5.4658756E13	2665.0	84.0
5.4658765E13	2665.0	84.0
5.4658777E13	2665.0	83.0
5.4658786E13	2666.0	84.0
5.4658794E13	2666.0	83.0
5.4658807E13	2666.0	84.0
5.4658815E13	2664.0	84.0
5.4658828E13	2664.0	84.0
5.4658836E13	2664.0	84.0
5.4658844E13	2664.0	84.0
5.4658857E13	2667.0	84.0
5.4658865E13	2667.0	84.0
5.4658878E13	2667.0	84.0
5.4658886E13	2667.0	84.0
5.4658895E13	2667.0	84.0
5.4658907E13	2667.0	83.0
5.4658916E13	2667.0	84.0
5.4658924E13	2667.0	84.0
5.4658937E13	2668.0	84.0
5.4658945E13	2668.0	84.0
5.4658958E13	2668.0	84.0
5.4658966E13	2669.0	84.0
5.4658974E13	2669.0	84.0
5.4658987E13	2669.0	84.0
5.4658995E13	2669.0	84.0
5.465901E13	2666.0	84.0
5.4659016E13	2666.0	84.0
5.4659025E13	2666.0	84.0
5.4659037E13	2666.0	84.0
5.4659046E13	2664.0	83.0
5.4659054E13	2664.0	83.0
5.4659067E13	2664.0	83.0
5.4659075E13	2664.0	84.0
5.4659088E13	2664.0	84.0
5.4659096E13	2664.0	84.0
5.4659104E13	2664.0	84.0
5.4659117E13	2665.0	84.0
5.4659125E13	2665.0	84.0
5.465914E13	2665.0	84.0
5.4659146E13	2665.0	84.0
5.4659155E13	2666.0	83.0
5.4659167E13	2666.0	51.0
5.4659176E13	2666.0	51.0
5.4659184E13	2666.0	51.0
5.4659197E13	2664.0	51.0
5.4659205E13	2664.0	51.0
5.4659218E13	2664.0	51.0
5.4659226E13	2664.0	51.0
5.4659234E13	2664.0	51.0
5.4659247E13	2664.0	51.0
5.4659255E13	2664.0	51.0
5.465927E13	2664.0	51.0
5.4659276E13	2664.0	51.0
5.4659285E13	2664.0	51.0
5.4659297E13	2664.0	51.0
5.4659306E13	2666.0	51.0
5.4659314E13	2666.0	51.0
5.4659327E13	2666.0	51.0
5.4659335E13	2666.0	51.0
5.4659348E13	2663.0	52.0
5.4659356E13	2663.0	83.0
5.4659364E13	2663.0	83.0
5.4659377E13	2663.0	83.0
5.4659385E13	2663.0	83.0
5.46594E13	2663.0	83.0
5.4659406E13	2665.0	83.0
5.4659415E13	2665.0	83.0
5.4659427E13	2665.0	83.0
5.4659436E13	2665.0	83.0
5.465945E13	2665.0	83.0
5.4659457E13	2665.0	83.0
5.4659465E13	2665.0	83.0
5.4659478E13	2665.0	83.0
5.465949E13	2665.0	83.0
5.4659494E13	2665.0	83.0
5.4659507E13	2665.0	83.0
5.4659515E13	2665.0	83.0
5.465953E13	2665.0	83.0
5.4659536E13	2664.0	83.0
5.4659545E13	2664.0	83.0
5.4659557E13	2667.0	83.0
5.4659566E13	2667.0	83.0
5.465958E13	2667.0	83.0
5.4659587E13	2667.0	83.0
5.4659595E13	2667.0	83.0
5.4659608E13	2666.0	83.0
5.4659616E13	2666.0	83.0
5.4659624E13	2666.0	83.0
5.4659637E13	2666.0	83.0
5.4659645E13	2664.0	83.0
5.465966E13	2664.0	83.0
5.4659666E13	2664.0	83.0
5.4659675E13	2664.0	83.0
5.4659687E13	2664.0	83.0
5.4659696E13	2664.0	83.0
5.465971E13	2664.0	83.0
5.4659717E13	2665.0	83.0
5.4659725E13	2665.0	83.0
5.4659738E13	2665.0	83.0
5.4659746E13	2665.0	83.0
5.465976E13	2667.0	83.0
5.4659767E13	2667.0	83.0
5.4659775E13	2667.0	83.0
5.465979E13	2667.0	83.0
5.4659796E13	2667.0	83.0
5.4659805E13	2667.0	84.0
5.4659817E13	2667.0	84.0
5.4659826E13	2667.0	84.0
5.465984E13	2666.0	83.0
5.4659847E13	2666.0	84.0
5.4659855E13	2666.0	84.0
5.4659868E13	2667.0	83.0
5.4659876E13	2667.0	83.0
5.465989E13	2667.0	83.0
5.4659897E13	2667.0	83.0
5.4659905E13	2666.0	83.0
5.465992E13	2666.0	83.0
5.4659926E13	2666.0	83.0
5.4659935E13	2666.0	83.0
5.4659947E13	2668.0	83.0
5.4659956E13	2668.0	83.0
5.465997E13	2668.0	83.0
5.4659977E13	2668.0	83.0
5.4659985E13	2669.0	83.0
5.4659998E13	2669.0	83.0
5.4660006E13	2669.0	83.0
5.466002E13	2666.0	83.0
5.4660027E13	2666.0	84.0
5.4660036E13	2666.0	83.0
5.466005E13	2665.0	84.0
5.4660056E13	2665.0	84.0
5.466007E13	2665.0	84.0
5.4660077E13	2665.0	84.0
5.4660086E13	2666.0	84.0
5.46601E13	2666.0	84.0
5.4660107E13	2666.0	84.0
5.4660115E13	2666.0	84.0
5.4660128E13	2664.0	84.0
5.4660136E13	2664.0	84.0
5.466015E13	2664.0	84.0
5.4660157E13	2667.0	83.0
5.4660166E13	2667.0	83.0
5.466018E13	2667.0	83.0
5.4660187E13	2667.0	83.0
5.46602E13	2665.0	83.0
5.4660207E13	2665.0	83.0
5.4660216E13	2665.0	83.0
5.466023E13	2665.0	83.0
5.4660237E13	2665.0	83.0
5.4660245E13	2666.0	83.0
5.4660258E13	2666.0	84.0
5.4660266E13	2666.0	84.0
5.466028E13	2666.0	84.0
5.4660287E13	2665.0	84.0
5.4660296E13	2665.0	84.0
5.466031E13	2665.0	84.0
5.4660317E13	2666.0	84.0
5.466033E13	2666.0	84.0
5.4660338E13	2666.0	84.0
5.4660346E13	2666.0	84.0
5.466036E13	2666.0	84.0
5.4660367E13	2666.0	83.0
5.466038E13	2666.0	84.0
5.4660388E13	2665.0	84.0
5.4660396E13	2665.0	84.0
5.466041E13	2665.0	84.0
5.4660417E13	2665.0	83.0
5.4660426E13	2664.0	83.0
5.466044E13	2664.0	83.0
5.4660447E13	2664.0	83.0
5.466046E13	2664.0	83.0
5.4660468E13	2666.0	83.0
5.4660476E13	2666.0	58.0
5.466049E13	2666.0	84.0
5.4660497E13	2664.0	84.0
5.4660505E13	2664.0	84.0
5.4660518E13	2664.0	84.0
5.4660526E13	2664.0	84.0
5.466054E13	2664.0	83.0
5.4660547E13	2666.0	83.0
5.4660556E13	2666.0	83.0
5.466057E13	2666.0	83.0
5.4660577E13	2666.0	83.0
5.466059E13	2664.0	83.0
5.4660598E13	2664.0	83.0
5.4660606E13	2664.0	83.0
5.466062E13	2665.0	83.0
5.4660627E13	2665.0	83.0
5.466064E13	2665.0	83.0
5.4660648E13	2665.0	83.0
5.4660656E13	2662.0	83.0
5.466067E13	2662.0	84.0
5.4660677E13	2662.0	84.0
5.4660686E13	2662.0	84.0
5.46607E13	2663.0	84.0
5.4660707E13	2663.0	84.0
5.466072E13	2663.0	84.0
5.4660728E13	2663.0	83.0
5.4660736E13	2663.0	83.0
5.466075E13	2663.0	83.0
5.4660757E13	2663.0	83.0
5.466077E13	2664.0	83.0
5.4660778E13	2664.0	83.0
5.4660786E13	2664.0	83.0
5.46608E13	2664.0	83.0
5.4660807E13	2661.0	83.0
5.4660816E13	2661.0	83.0
5.466083E13	2661.0	83.0
5.4660837E13	2661.0	83.0
5.466085E13	2663.0	83.0
5.4660858E13	2663.0	51.0
5.4660866E13	2663.0	51.0
5.466088E13	2663.0	51.0
5.4660887E13	2662.0	51.0
5.46609E13	2662.0	51.0
5.466091E13	2662.0	51.0
5.4660916E13	2662.0	51.0
5.466093E13	2662.0	51.0
5.4660937E13	2662.0	51.0
5.4660946E13	2662.0	51.0
5.466096E13	2663.0	51.0
5.4660967E13	2663.0	51.0
5.466098E13	2663.0	51.0
5.4660988E13	2663.0	51.0
5.4660996E13	2664.0	51.0
5.466101E13	2664.0	51.0
5.4661017E13	2664.0	51.0
5.466103E13	2664.0	51.0
5.466104E13	2663.0	52.0
5.4661046E13	2663.0	52.0
5.466106E13	2663.0	84.0
5.4661067E13	2662.0	84.0
5.466108E13	2662.0	83.0
5.466109E13	2662.0	83.0
5.4661097E13	2662.0	83.0
5.466111E13	2664.0	83.0
5.4661118E13	2664.0	83.0
5.4661126E13	2664.0	83.0
5.466114E13	2664.0	83.0
5.4661147E13	2661.0	83.0
5.466116E13	2661.0	83.0
5.466117E13	2661.0	83.0
5.4661176E13	2661.0	83.0
5.466119E13	2662.0	83.0
5.4661197E13	2662.0	83.0
5.466121E13	2662.0	83.0
5.466122E13	2663.0	83.0
5.4661227E13	2663.0	83.0
5.466124E13	2663.0	83.0
5.4661248E13	2663.0	83.0
5.4661256E13	2662.0	83.0
5.466127E13	2662.0	83.0
5.4661277E13	2662.0	83.0
5.466129E13	2662.0	83.0
5.46613E13	2663.0	83.0
5.4661306E13	2663.0	83.0
5.466132E13	2663.0	83.0
5.4661327E13	2663.0	83.0
5.466134E13	2665.0	83.0
5.466135E13	2665.0	83.0
5.4661357E13	2665.0	83.0
5.466137E13	2663.0	83.0
5.4661378E13	2663.0	83.0
5.4661386E13	2663.0	83.0
5.46614E13	2663.0	83.0
5.4661407E13	2663.0	83.0
5.466142E13	2663.0	83.0
5.466143E13	2663.0	83.0
5.4661436E13	2664.0	83.0
5.466145E13	2664.0	83.0
5.4661457E13	2664.0	83.0
5.466147E13	2664.0	83.0
5.466148E13	2664.0	83.0
5.4661487E13	2663.0	83.0
5.46615E13	2663.0	83.0
5.4661508E13	2663.0	83.0
5.466152E13	2666.0	83.0
5.466153E13	2666.0	83.0
5.4661537E13	2666.0	83.0
5.466155E13	2666.0	83.0
5.466156E13	2662.0	83.0
5.4661566E13	2662.0	83.0
5.466158E13	2662.0	83.0
5.4661587E13	2662.0	83.0
5.46616E13	2664.0	83.0
5.4661613E13	2664.0	83.0
5.4661617E13	2664.0	83.0
5.466163E13	2662.0	83.0
5.4661638E13	2662.0	83.0
5.466165E13	2662.0	83.0
5.466166E13	2662.0	83.0
5.4661667E13	2664.0	83.0
5.466168E13	2664.0	83.0
5.466169E13	2664.0	83.0
5.46617E13	2664.0	83.0
5.466171E13	2663.0	83.0
5.4661717E13	2663.0	83.0
5.466173E13	2663.0	83.0
5.466174E13	2663.0	83.0
5.4661747E13	2664.0	83.0
5.466176E13	2664.0	83.0
5.4661768E13	2664.0	83.0
5.466178E13	2663.0	83.0
5.466179E13	2663.0	83.0
5.4661797E13	2663.0	83.0
5.466181E13	2663.0	83.0
5.466182E13	2662.0	83.0
5.466183E13	2662.0	84.0
5.466184E13	2662.0	83.0
5.4661847E13	2662.0	84.0
5.466186E13	2665.0	83.0
5.466187E13	2665.0	83.0
5.4661877E13	2665.0	83.0
5.466189E13	2665.0	83.0
5.4661898E13	2664.0	83.0
5.466191E13	2664.0	83.0
5.466192E13	2664.0	83.0
5.4661927E13	2664.0	83.0
5.466194E13	2664.0	83.0
5.466195E13	2664.0	83.0
5.466196E13	2664.0	83.0
5.466197E13	2666.0	84.0
5.4661977E13	2666.0	84.0
5.466199E13	2666.0	84.0
5.4662E13	2666.0	84.0
5.466201E13	2666.0	83.0
5.466202E13	2666.0	83.0
5.4662028E13	2666.0	83.0
5.466204E13	2666.0	83.0
5.466205E13	2663.0	83.0
5.4662057E13	2663.0	83.0
5.466207E13	2663.0	83.0
5.466208E13	2664.0	83.0
5.466209E13	2664.0	83.0
5.46621E13	2664.0	83.0
5.4662107E13	2664.0	84.0
5.466212E13	2663.0	84.0
5.4662133E13	2663.0	84.0
5.4662137E13	2663.0	84.0
5.466215E13	2663.0	84.0
5.4662158E13	2663.0	84.0
5.466217E13	2663.0	83.0
5.466218E13	2663.0	84.0
5.4662187E13	2663.0	83.0
5.46622E13	2662.0	83.0
5.466221E13	2662.0	83.0
5.466222E13	2662.0	83.0
5.466223E13	2663.0	83.0
5.4662238E13	2663.0	83.0
5.466225E13	2663.0	84.0
5.466226E13	2663.0	84.0
5.466227E13	2661.0	83.0
5.466228E13	2661.0	83.0
5.4662288E13	2661.0	83.0
5.46623E13	2661.0	83.0
5.466231E13	2662.0	83.0
5.4662317E13	2662.0	83.0
5.466233E13	2662.0	83.0
5.466234E13	2662.0	83.0
5.466235E13	2661.0	83.0
5.466236E13	2661.0	84.0
5.4662368E13	2661.0	84.0
5.466238E13	2663.0	84.0
5.466239E13	2663.0	83.0
5.46624E13	2663.0	83.0
5.466241E13	2663.0	83.0
5.4662418E13	2662.0	84.0
5.466243E13	2662.0	83.0
5.466244E13	2662.0	84.0
5.4662447E13	2662.0	83.0
5.466246E13	2661.0	83.0
5.466247E13	2661.0	83.0
5.466248E13	2661.0	83.0
5.466249E13	2661.0	83.0
5.4662498E13	2662.0	84.0
5.466251E13	2662.0	84.0
5.466252E13	2662.0	84.0
5.466253E13	2664.0	84.0
5.466254E13	2664.0	83.0
5.4662548E13	2664.0	83.0
5.466256E13	2664.0	83.0
5.466257E13	2662.0	83.0
5.4662577E13	2662.0	83.0
5.466259E13	2662.0	83.0
5.466261E13	2660.0	83.0
5.466262E13	2660.0	83.0
5.4662628E13	2660.0	83.0
5.466264E13	2660.0	83.0
5.466265E13	2662.0	83.0
5.466266E13	2662.0	83.0
5.466267E13	2662.0	84.0
5.466268E13	2662.0	84.0
5.466269E13	2662.0	84.0
5.46627E13	2662.0	84.0
5.466271E13	2662.0	84.0
5.466272E13	2662.0	84.0
5.466273E13	2662.0	84.0
5.466274E13	2662.0	84.0
5.466275E13	2662.0	84.0
5.4662758E13	2661.0	84.0
5.466277E13	2661.0	84.0
5.466278E13	2661.0	84.0
5.466279E13	2661.0	84.0
5.46628E13	2663.0	84.0
5.466281E13	2663.0	83.0
5.466282E13	2663.0	83.0
5.466283E13	2662.0	83.0
5.466284E13	2662.0	84.0
5.466285E13	2662.0	83.0
5.466286E13	2662.0	83.0
5.466287E13	2662.0	83.0
5.466288E13	2662.0	83.0
5.4662888E13	2662.0	83.0
5.46629E13	2662.0	83.0
5.466291E13	2661.0	84.0
5.466292E13	2661.0	84.0
5.466293E13	2661.0	84.0
5.466294E13	2661.0	84.0
5.466295E13	2662.0	84.0
5.466296E13	2662.0	84.0
5.466297E13	2662.0	84.0
5.466298E13	2662.0	83.0
5.466299E13	2662.0	83.0
5.4663E13	2662.0	83.0
5.466301E13	2662.0	83.0
5.466302E13	2661.0	83.0
5.466303E13	2661.0	83.0
5.466304E13	2661.0	83.0
5.466305E13	2661.0	83.0
5.466306E13	2662.0	84.0
5.466307E13	2662.0	84.0
5.466308E13	2662.0	84.0
5.466309E13	2662.0	84.0
5.46631E13	2660.0	83.0
5.466311E13	2660.0	83.0
5.466312E13	2660.0	83.0
5.466313E13	2660.0	83.0
5.466314E13	2660.0	83.0
5.466315E13	2660.0	83.0
5.466316E13	2660.0	83.0
5.466317E13	2663.0	84.0
5.466318E13	2663.0	83.0
5.466319E13	2663.0	84.0
5.4663202E13	2663.0	83.0
5.466321E13	2660.0	84.0
5.466322E13	2660.0	84.0
5.466323E13	2660.0	84.0
5.466324E13	2660.0	84.0
5.466325E13	2662.0	84.0
5.466326E13	2662.0	84.0
5.466327E13	2662.0	84.0
5.466328E13	2663.0	83.0
5.466329E13	2663.0	84.0
5.46633E13	2663.0	83.0
5.466331E13	2663.0	84.0
5.466332E13	2663.0	84.0
5.4663332E13	2663.0	84.0
5.466334E13	2663.0	83.0
5.466335E13	2662.0	83.0
5.466336E13	2662.0	83.0
5.466337E13	2662.0	84.0
5.466338E13	2662.0	84.0
5.466339E13	2662.0	84.0
5.46634E13	2663.0	84.0
5.466341E13	2663.0	84.0
5.466342E13	2662.0	84.0
5.466343E13	2662.0	84.0
5.466344E13	2662.0	84.0
5.466345E13	2662.0	84.0
5.4663462E13	2662.0	84.0
5.466347E13	2662.0	84.0
5.466348E13	2662.0	84.0
5.466349E13	2662.0	84.0
5.46635E13	2662.0	84.0
5.466351E13	2664.0	84.0
5.466352E13	2664.0	84.0
5.466353E13	2664.0	84.0
5.466354E13	2664.0	84.0
5.466355E13	2664.0	83.0
5.466356E13	2664.0	84.0
5.466357E13	2664.0	84.0
5.466358E13	2666.0	84.0
5.4663592E13	2666.0	83.0
5.46636E13	2666.0	84.0
5.466361E13	2666.0	83.0
5.466362E13	2664.0	83.0
5.466363E13	2664.0	83.0
5.466364E13	2664.0	84.0
5.466365E13	2664.0	84.0
5.466366E13	2664.0	84.0
5.466367E13	2664.0	84.0
5.4663685E13	2664.0	84.0
5.466369E13	2664.0	84.0
5.4663706E13	2662.0	83.0
5.466371E13	2662.0	83.0
5.4663722E13	2662.0	83.0
5.466373E13	2664.0	83.0
5.466374E13	2664.0	84.0
5.466375E13	2664.0	84.0
5.466376E13	2664.0	84.0
5.4663773E13	2663.0	83.0
5.466378E13	2663.0	83.0
5.466379E13	2663.0	83.0
5.46638E13	2663.0	84.0
5.466381E13	2666.0	84.0
5.466382E13	2666.0	84.0
5.466383E13	2666.0	84.0
5.466384E13	2666.0	84.0
5.4663852E13	2663.0	84.0
5.466386E13	2663.0	84.0
5.466387E13	2663.0	84.0
5.466388E13	2664.0	84.0
5.466389E13	2664.0	84.0
5.4663903E13	2664.0	84.0
5.466391E13	2664.0	84.0
5.466392E13	2663.0	84.0
5.466393E13	2663.0	84.0
5.466394E13	2663.0	84.0
5.466395E13	2663.0	83.0
5.466396E13	2665.0	83.0
5.466397E13	2665.0	83.0
5.4663982E13	2665.0	84.0
5.466399E13	2665.0	84.0
5.4664E13	2664.0	84.0
5.466401E13	2664.0	84.0
5.466402E13	2664.0	84.0
5.4664033E13	2665.0	84.0
5.466404E13	2665.0	84.0
5.466405E13	2665.0	84.0
5.466406E13	2665.0	84.0
5.466407E13	2663.0	84.0
5.466408E13	2663.0	84.0
5.466409E13	2663.0	84.0
5.46641E13	2663.0	84.0
5.4664112E13	2665.0	84.0
5.466412E13	2665.0	84.0
5.466413E13	2665.0	84.0
5.466414E13	2665.0	84.0
5.466415E13	2664.0	84.0
5.4664163E13	2664.0	84.0
5.466417E13	2662.0	84.0
5.466418E13	2662.0	84.0
5.466419E13	2662.0	84.0
5.46642E13	2662.0	84.0
5.4664213E13	2664.0	84.0
5.466422E13	2664.0	84.0
5.466423E13	2664.0	84.0
5.4664242E13	2664.0	84.0
5.466425E13	2663.0	83.0
5.466426E13	2663.0	83.0
5.466427E13	2663.0	84.0
5.466428E13	2663.0	84.0
5.4664293E13	2663.0	84.0
5.46643E13	2663.0	84.0
5.466431E13	2663.0	84.0
5.466433E13	2662.0	84.0
5.466432E13	2662.0	84.0
5.4664343E13	2662.0	84.0
5.466435E13	2662.0	84.0
5.466436E13	2662.0	84.0
5.4664372E13	2662.0	84.0
5.466438E13	2662.0	56.0
5.466439E13	2662.0	84.0
5.46644E13	2663.0	84.0
5.466441E13	2663.0	84.0
5.4664423E13	2663.0	84.0
5.466443E13	2663.0	84.0
5.466444E13	2666.0	84.0
5.4664452E13	2666.0	84.0
5.466446E13	2666.0	84.0
5.4664473E13	2667.0	84.0
5.466448E13	2667.0	84.0
5.466449E13	2667.0	84.0
5.4664502E13	2667.0	84.0
5.466451E13	2667.0	84.0
5.466452E13	2663.0	84.0
5.466453E13	2663.0	84.0
5.466454E13	2663.0	84.0
5.4664553E13	2663.0	84.0
5.466456E13	2664.0	84.0
5.466457E13	2664.0	84.0
5.4664582E13	2664.0	84.0
5.466459E13	2664.0	84.0
5.4664603E13	2665.0	84.0
5.466461E13	2665.0	84.0
5.466462E13	2665.0	84.0
5.4664632E13	2665.0	84.0
5.466464E13	2665.0	84.0
5.466465E13	2665.0	84.0
5.466466E13	2665.0	84.0
5.466467E13	2665.0	84.0
5.4664683E13	2665.0	84.0
5.466469E13	2665.0	84.0
5.46647E13	2665.0	84.0
5.4664712E13	2665.0	84.0
5.466472E13	2665.0	84.0
5.4664733E13	2665.0	84.0
5.466474E13	2665.0	84.0
5.466475E13	2663.0	84.0
5.4664762E13	2663.0	84.0
5.466477E13	2663.0	84.0
5.4664783E13	2664.0	84.0
5.466479E13	2664.0	84.0
5.46648E13	2664.0	84.0
5.4664813E13	2664.0	84.0
5.466482E13	2665.0	84.0
5.466483E13	2665.0	84.0
5.4664842E13	2665.0	84.0
5.466485E13	2665.0	84.0
5.4664863E13	2662.0	84.0
5.466487E13	2662.0	84.0
5.466488E13	2662.0	84.0
5.4664893E13	2662.0	84.0
5.46649E13	2664.0	84.0
5.4664913E13	2664.0	84.0
5.466492E13	2664.0	84.0
5.466493E13	2663.0	84.0
5.4664943E13	2663.0	84.0
5.466495E13	2663.0	84.0
5.466496E13	2663.0	84.0
5.4664972E13	2662.0	84.0
5.466498E13	2662.0	84.0
5.4664993E13	2662.0	84.0
5.4665E13	2664.0	84.0
5.4665014E13	2664.0	84.0
5.4665023E13	2664.0	84.0
5.466503E13	2664.0	84.0
5.4665044E13	2664.0	84.0
5.466505E13	2665.0	84.0
5.466506E13	2665.0	84.0
5.4665073E13	2665.0	84.0
5.466508E13	2662.0	84.0
5.4665094E13	2662.0	84.0
5.4665102E13	2662.0	84.0
5.466511E13	2662.0	83.0
5.4665123E13	2664.0	84.0
5.466513E13	2664.0	84.0
5.466514E13	2664.0	84.0
5.4665153E13	2664.0	84.0
5.466516E13	2664.0	84.0
5.4665174E13	2664.0	84.0
5.466518E13	2664.0	84.0
5.466519E13	2664.0	84.0
5.4665203E13	2662.0	84.0
5.466521E13	2662.0	84.0
5.4665224E13	2662.0	84.0
5.4665232E13	2666.0	84.0
5.466524E13	2666.0	84.0
5.4665253E13	2666.0	84.0
5.466526E13	2666.0	84.0
5.466527E13	2664.0	84.0
5.4665283E13	2664.0	84.0
5.466529E13	2664.0	84.0
5.4665304E13	2664.0	84.0
5.466531E13	2666.0	84.0
5.466532E13	2666.0	84.0
5.4665333E13	2666.0	84.0
5.466534E13	2663.0	84.0
5.4665354E13	2663.0	84.0
5.4665362E13	2663.0	84.0
5.466537E13	2664.0	84.0
5.4665383E13	2664.0	84.0
5.466539E13	2664.0	84.0
5.4665404E13	2664.0	84.0
5.4665413E13	2664.0	84.0
5.466542E13	2665.0	84.0
5.4665434E13	2665.0	84.0
5.466544E13	2665.0	84.0
5.466545E13	2664.0	84.0
5.4665463E13	2664.0	84.0
5.466547E13	2664.0	83.0
5.4665484E13	2664.0	83.0
5.4665492E13	2665.0	84.0
5.46655E13	2665.0	84.0
5.4665513E13	2665.0	84.0
5.466552E13	2665.0	84.0
5.4665534E13	2663.0	84.0
5.4665543E13	2663.0	83.0
5.466555E13	2663.0	83.0
5.4665564E13	2663.0	83.0
5.466557E13	2664.0	83.0
5.466558E13	2664.0	84.0
5.4665593E13	2664.0	84.0
5.46656E13	2664.0	84.0
5.4665614E13	2664.0	84.0
5.4665622E13	2664.0	84.0
5.466563E13	2664.0	84.0
5.4665643E13	2665.0	84.0
5.466565E13	2665.0	84.0
5.4665664E13	2665.0	84.0
5.4665673E13	2665.0	84.0
5.466568E13	2661.0	84.0
5.4665694E13	2661.0	84.0
5.46657E13	2661.0	84.0
5.466571E13	2661.0	84.0
5.4665723E13	2663.0	84.0
5.466573E13	2663.0	84.0
5.4665744E13	2663.0	83.0
5.4665752E13	2663.0	83.0
5.466576E13	2662.0	83.0
5.4665773E13	2662.0	83.0
5.466578E13	2662.0	84.0
5.4665794E13	2662.0	84.0
5.4665803E13	2662.0	84.0
5.466581E13	2662.0	84.0
5.4665824E13	2662.0	84.0
5.466583E13	2665.0	84.0
5.4665845E13	2665.0	84.0
5.4665853E13	2665.0	84.0
5.466586E13	2665.0	84.0
5.4665874E13	2666.0	84.0
5.4665882E13	2666.0	84.0
5.466589E13	2666.0	84.0
5.4665903E13	2666.0	84.0
5.466591E13	2666.0	84.0
5.4665924E13	2666.0	84.0
5.4665933E13	2666.0	84.0
5.466594E13	2663.0	84.0
5.4665983E13	2666.0	84.0
5.466599E13	2666.0	84.0
5.4666004E13	2666.0	84.0
5.4666012E13	2666.0	84.0
5.466602E13	2665.0	84.0
5.4666033E13	2665.0	84.0
5.466604E13	2665.0	84.0
5.4666054E13	2665.0	84.0
5.4666063E13	2665.0	84.0
5.466607E13	2665.0	84.0
5.4666084E13	2665.0	84.0
5.466609E13	2666.0	84.0
5.4666105E13	2666.0	84.0
5.4666113E13	2666.0	84.0
5.466612E13	2666.0	84.0
5.4666134E13	2667.0	84.0
5.4666142E13	2667.0	84.0
5.4666155E13	2667.0	84.0
5.4666163E13	2667.0	84.0
5.466617E13	2668.0	84.0
5.4666184E13	2668.0	84.0
5.4666193E13	2668.0	84.0
5.46662E13	2668.0	84.0
5.4666214E13	2668.0	84.0
5.4666222E13	2668.0	84.0
5.4666235E13	2668.0	84.0
5.4666243E13	2666.0	84.0
5.466625E13	2666.0	84.0
5.4666264E13	2666.0	84.0
5.4666272E13	2666.0	84.0
5.4666285E13	2666.0	84.0
5.4666293E13	2666.0	84.0
5.46663E13	2666.0	84.0
5.4666314E13	2666.0	84.0
5.4666323E13	2667.0	84.0
5.4666335E13	2667.0	84.0
5.4666344E13	2667.0	84.0
5.4666352E13	2667.0	84.0
5.4666365E13	2668.0	84.0
5.4666373E13	2668.0	84.0
5.466638E13	2668.0	84.0
5.4666394E13	2668.0	84.0
5.4666402E13	2668.0	84.0
5.4666415E13	2668.0	84.0
5.4666423E13	2668.0	84.0
5.466643E13	2668.0	83.0
5.4666444E13	2668.0	84.0
5.4666453E13	2668.0	84.0
5.466646E13	2669.0	84.0
5.4666474E13	2669.0	84.0
5.4666482E13	2669.0	84.0
5.4666495E13	2669.0	84.0
5.4666503E13	2665.0	84.0
5.466651E13	2665.0	84.0
5.4666524E13	2665.0	84.0
5.4666532E13	2666.0	84.0
5.4666545E13	2666.0	84.0
5.4666553E13	2666.0	84.0
5.466656E13	2666.0	84.0
5.4666574E13	2666.0	84.0
5.4666583E13	2666.0	84.0
5.4666595E13	2666.0	84.0
5.4666604E13	2666.0	84.0
5.4666612E13	2666.0	84.0
5.4666625E13	2665.0	84.0
5.4666633E13	2665.0	84.0
5.466664E13	2665.0	84.0
5.4666654E13	2665.0	84.0
5.4666663E13	2666.0	84.0
5.4666675E13	2666.0	84.0
5.4666683E13	2666.0	51.0
5.466669E13	2664.0	84.0
5.4666704E13	2664.0	84.0
5.4666713E13	2664.0	84.0
5.4666734E13	2664.0	84.0
5.4666742E13	2664.0	84.0
5.466676E13	2664.0	84.0
5.4666763E13	2667.0	84.0
5.466677E13	2667.0	84.0
5.4666784E13	2667.0	84.0
5.4666793E13	2667.0	84.0
5.4666805E13	2663.0	84.0
5.4666814E13	2663.0	84.0
5.466682E13	2663.0	84.0
5.4666834E13	2665.0	84.0
5.4666843E13	2665.0	84.0
5.4666855E13	2665.0	84.0
5.4666864E13	2665.0	84.0
5.4666872E13	2665.0	84.0
5.4666885E13	2664.0	84.0
5.4666893E13	2664.0	84.0
5.46669E13	2664.0	84.0
5.4666914E13	2664.0	84.0
5.4666923E13	2663.0	84.0
5.4666935E13	2663.0	84.0
5.4666944E13	2663.0	84.0
5.466695E13	2663.0	84.0
5.4666965E13	2663.0	84.0
5.4666973E13	2663.0	84.0
5.4666985E13	2663.0	84.0
5.4666994E13	2662.0	84.0
5.4667002E13	2662.0	84.0
5.4667015E13	2662.0	84.0
5.4667023E13	2663.0	84.0
5.466703E13	2663.0	84.0
5.4667044E13	2663.0	84.0
5.4667053E13	2663.0	84.0
5.4667065E13	2663.0	84.0
5.4667074E13	2663.0	84.0
5.466708E13	2663.0	84.0
5.4667095E13	2663.0	84.0
5.4667103E13	2663.0	84.0
5.4667115E13	2661.0	84.0
5.4667124E13	2661.0	84.0
5.4667132E13	2661.0	84.0
5.4667145E13	2665.0	84.0
5.4667153E13	2665.0	84.0
5.466716E13	2665.0	84.0
5.466718E13	2665.0	84.0
5.4667183E13	2662.0	84.0
5.4667195E13	2662.0	84.0
5.4667204E13	2662.0	84.0
5.466721E13	2662.0	84.0
5.4667225E13	2665.0	84.0
5.4667233E13	2665.0	84.0
5.4667246E13	2665.0	84.0
5.4667254E13	2665.0	84.0
5.4667262E13	2665.0	84.0
5.4667275E13	2665.0	84.0
5.4667283E13	2665.0	83.0
5.4667296E13	2667.0	83.0
5.4667304E13	2667.0	83.0
5.4667313E13	2667.0	84.0
5.4667325E13	2667.0	84.0
5.4667334E13	2666.0	84.0
5.466734E13	2666.0	84.0
5.4667355E13	2666.0	84.0
5.4667363E13	2666.0	84.0
5.4667376E13	2668.0	84.0
5.4667384E13	2668.0	84.0
5.4667392E13	2668.0	84.0
5.4667405E13	2668.0	84.0
5.4667413E13	2666.0	84.0
5.4667426E13	2666.0	84.0
5.4667434E13	2666.0	84.0
5.4667443E13	2665.0	84.0
5.4667455E13	2665.0	84.0
5.4667464E13	2665.0	84.0
5.466747E13	2665.0	84.0
5.4667485E13	2665.0	84.0
5.4667493E13	2665.0	84.0
5.4667506E13	2665.0	84.0
5.4667514E13	2665.0	84.0
5.4667522E13	2667.0	84.0
5.4667535E13	2667.0	84.0
5.4667543E13	2667.0	84.0
5.4667556E13	2667.0	84.0
5.4667564E13	2670.0	84.0
5.4667573E13	2670.0	84.0
5.4667585E13	2670.0	84.0
5.4667594E13	2666.0	84.0
5.46676E13	2666.0	84.0
5.4667615E13	2666.0	84.0
5.4667623E13	2666.0	84.0
5.4667636E13	2668.0	84.0
5.4667644E13	2668.0	84.0
5.4667652E13	2668.0	84.0
5.4667665E13	2668.0	84.0
5.4667673E13	2669.0	84.0
5.4667686E13	2669.0	84.0
5.4667694E13	2669.0	84.0
5.4667703E13	2669.0	84.0
5.4667715E13	2665.0	84.0
5.4667724E13	2665.0	84.0
5.4667736E13	2665.0	84.0
5.4667745E13	2668.0	84.0
5.4667757E13	2668.0	84.0
5.4667766E13	2668.0	84.0
5.4667774E13	2668.0	84.0
5.4667782E13	2667.0	84.0
5.4667795E13	2667.0	84.0
5.4667803E13	2667.0	84.0
5.4667816E13	2667.0	84.0
5.4667824E13	2668.0	84.0
5.4667833E13	2668.0	84.0
5.4667845E13	2668.0	84.0
5.4667854E13	2668.0	84.0
5.4667866E13	2667.0	84.0
5.4667875E13	2667.0	84.0
5.4667883E13	2667.0	84.0
5.4667896E13	2668.0	84.0
5.4667904E13	2668.0	84.0
5.4667912E13	2668.0	84.0
5.4667925E13	2668.0	84.0
5.4667933E13	2668.0	84.0
5.4667946E13	2668.0	84.0
5.4667954E13	2668.0	84.0
5.4667963E13	2668.0	84.0
5.4667975E13	2670.0	84.0
5.4667984E13	2670.0	84.0
5.4667996E13	2670.0	84.0
5.4668005E13	2670.0	84.0
5.4668013E13	2669.0	84.0
5.4668026E13	2669.0	84.0
5.4668034E13	2669.0	84.0
5.4668047E13	2671.0	84.0
5.4668055E13	2671.0	84.0
5.4668063E13	2671.0	84.0
5.4668076E13	2671.0	84.0
5.4668084E13	2669.0	84.0
5.4668093E13	2669.0	84.0
5.4668105E13	2669.0	84.0
5.4668114E13	2669.0	84.0
5.4668126E13	2668.0	84.0
5.4668135E13	2668.0	84.0
5.4668143E13	2668.0	84.0
5.4668156E13	2668.0	84.0
5.4668164E13	2666.0	84.0
5.4668177E13	2666.0	84.0
5.4668185E13	2666.0	84.0
5.4668206E13	2666.0	84.0
5.4668214E13	2666.0	84.0
5.4668227E13	2666.0	84.0
5.4668235E13	2667.0	84.0
5.4668244E13	2667.0	84.0
5.4668256E13	2667.0	84.0
5.4668265E13	2667.0	84.0
5.4668273E13	2670.0	84.0
5.4668286E13	2670.0	84.0
5.4668294E13	2670.0	84.0
5.4668307E13	2670.0	84.0
5.4668315E13	2666.0	84.0
5.4668323E13	2666.0	84.0
5.4668336E13	2666.0	84.0
5.4668344E13	2667.0	84.0
5.4668357E13	2667.0	84.0
5.4668365E13	2667.0	84.0
5.4668374E13	2667.0	84.0
5.4668386E13	2667.0	84.0
5.4668395E13	2667.0	84.0
5.4668403E13	2667.0	84.0
5.4668416E13	2667.0	84.0
5.4668424E13	2666.0	84.0
5.4668437E13	2666.0	84.0
5.4668445E13	2666.0	84.0
5.4668453E13	2667.0	84.0
5.4668466E13	2667.0	84.0
5.4668474E13	2667.0	84.0
5.4668487E13	2667.0	84.0
5.4668495E13	2667.0	84.0
5.4668504E13	2667.0	84.0
5.4668516E13	2667.0	84.0
5.4668525E13	2668.0	84.0
5.4668533E13	2668.0	84.0
5.4668546E13	2668.0	84.0
5.4668554E13	2668.0	84.0
5.4668567E13	2668.0	84.0
5.4668575E13	2666.0	84.0
5.4668584E13	2666.0	84.0
5.4668596E13	2666.0	84.0
5.4668604E13	2667.0	84.0
5.4668617E13	2667.0	84.0
5.4668625E13	2667.0	84.0
5.4668634E13	2667.0	84.0
5.4668646E13	2667.0	84.0
5.4668655E13	2667.0	84.0
5.4668663E13	2667.0	84.0
5.4668676E13	2667.0	84.0
5.4668684E13	2665.0	84.0
5.4668697E13	2665.0	84.0
5.4668705E13	2665.0	84.0
5.4668714E13	2665.0	84.0
5.4668726E13	2665.0	84.0
5.4668734E13	2665.0	84.0
5.4668747E13	2665.0	84.0
5.4668755E13	2665.0	84.0
5.4668764E13	2666.0	84.0
5.4668776E13	2666.0	84.0
5.4668785E13	2666.0	84.0
5.4668793E13	2668.0	84.0
5.4668806E13	2668.0	84.0
5.4668814E13	2668.0	84.0
5.4668827E13	2668.0	84.0
5.4668835E13	2666.0	84.0
5.4668844E13	2666.0	51.0
5.4668856E13	2666.0	51.0
5.4668865E13	2666.0	51.0
5.4668877E13	2664.0	51.0
5.4668885E13	2664.0	51.0
5.4668894E13	2664.0	51.0
5.4668906E13	2664.0	51.0
5.4668915E13	2663.0	51.0
5.4668927E13	2663.0	51.0
5.4668936E13	2663.0	51.0
5.4668944E13	2663.0	51.0
5.4668957E13	2663.0	51.0
5.4668965E13	2663.0	51.0
5.4668974E13	2663.0	51.0
5.4668986E13	2664.0	51.0
5.4668995E13	2664.0	51.0
5.4669007E13	2664.0	84.0
5.4669016E13	2664.0	84.0
5.4669024E13	2665.0	84.0
5.4669036E13	2665.0	84.0
5.4669045E13	2665.0	84.0
5.4669057E13	2664.0	84.0
5.4669066E13	2664.0	84.0
5.4669074E13	2664.0	84.0
5.4669087E13	2664.0	84.0
5.4669095E13	2662.0	84.0
5.4669104E13	2662.0	84.0
5.4669116E13	2662.0	84.0
5.4669125E13	2662.0	84.0
5.4669137E13	2662.0	84.0
5.4669146E13	2662.0	83.0
5.4669154E13	2662.0	84.0
5.4669167E13	2662.0	84.0
5.4669175E13	2662.0	84.0
5.4669187E13	2662.0	84.0
5.4669196E13	2662.0	84.0
5.4669204E13	2662.0	84.0
5.4669217E13	2662.0	84.0
5.4669225E13	2662.0	84.0
5.4669238E13	2662.0	84.0
5.4669246E13	2661.0	84.0
5.4669255E13	2661.0	84.0
5.4669267E13	2661.0	84.0
5.4669276E13	2661.0	84.0
5.4669284E13	2659.0	84.0
5.4669297E13	2659.0	84.0
5.4669305E13	2659.0	84.0
5.4669318E13	2659.0	84.0
5.4669326E13	2662.0	84.0
5.4669334E13	2662.0	83.0
5.4669347E13	2662.0	84.0
5.4669355E13	2661.0	84.0
5.4669368E13	2661.0	84.0
5.4669376E13	2661.0	84.0
5.4669385E13	2661.0	84.0
5.4669397E13	2661.0	84.0
5.4669406E13	2661.0	84.0
5.4669414E13	2661.0	84.0
5.4669427E13	2661.0	84.0
5.4669435E13	2661.0	84.0
5.4669448E13	2661.0	84.0
5.4669456E13	2661.0	84.0
5.4669464E13	2661.0	84.0
5.4669477E13	2661.0	84.0
5.4669485E13	2661.0	84.0
5.4669498E13	2661.0	84.0
5.4669506E13	2660.0	83.0
5.4669515E13	2660.0	83.0
5.4669527E13	2660.0	84.0
5.4669536E13	2660.0	84.0
5.4669544E13	2659.0	83.0
5.4669557E13	2659.0	84.0
5.4669565E13	2659.0	83.0
5.4669578E13	2659.0	84.0
5.4669586E13	2660.0	84.0
5.4669594E13	2660.0	84.0
5.4669607E13	2660.0	83.0
5.4669615E13	2660.0	83.0
5.466963E13	2660.0	83.0
5.4669636E13	2660.0	83.0
5.4669645E13	2660.0	83.0
5.4669657E13	2660.0	83.0
5.4669666E13	2660.0	83.0
5.466968E13	2660.0	83.0
5.4669687E13	2660.0	83.0
5.4669695E13	2659.0	83.0
5.4669708E13	2659.0	83.0
5.4669716E13	2659.0	83.0
5.4669724E13	2659.0	84.0
5.4669737E13	2660.0	84.0
5.4669745E13	2660.0	84.0
5.466976E13	2660.0	84.0
5.4669766E13	2660.0	83.0
5.4669775E13	2662.0	83.0
5.4669787E13	2662.0	83.0
5.4669796E13	2662.0	83.0
5.466981E13	2660.0	83.0
5.4669817E13	2660.0	83.0
5.4669825E13	2660.0	84.0
5.4669838E13	2660.0	84.0
5.4669846E13	2663.0	84.0
5.4669854E13	2663.0	84.0
5.4669867E13	2663.0	84.0
5.4669875E13	2663.0	84.0
5.466989E13	2664.0	84.0
5.4669896E13	2664.0	84.0
5.4669905E13	2664.0	84.0
5.4669917E13	2664.0	84.0
5.4669926E13	2662.0	84.0
5.466994E13	2662.0	84.0
5.4669947E13	2662.0	84.0
5.4669955E13	2664.0	84.0
5.4669968E13	2664.0	84.0
5.4669976E13	2664.0	84.0
5.4669984E13	2664.0	84.0
5.4669997E13	2666.0	84.0
5.4670005E13	2666.0	84.0
5.467002E13	2666.0	84.0
5.4670026E13	2666.0	84.0
5.4670035E13	2663.0	84.0
5.4670047E13	2663.0	84.0
5.4670056E13	2663.0	84.0
5.467007E13	2663.0	83.0
5.4670077E13	2664.0	84.0
5.4670085E13	2664.0	84.0
5.4670098E13	2664.0	84.0
5.4670106E13	2664.0	84.0
5.467012E13	2664.0	84.0
5.4670127E13	2664.0	84.0
5.4670135E13	2664.0	84.0
5.467015E13	2666.0	84.0
5.4670156E13	2666.0	84.0
5.4670165E13	2666.0	84.0
5.4670177E13	2666.0	84.0
5.4670186E13	2665.0	84.0
5.4670207E13	2665.0	84.0
5.4670215E13	2663.0	84.0
5.4670228E13	2663.0	84.0
5.4670236E13	2663.0	84.0
5.467025E13	2663.0	84.0
5.4670257E13	2664.0	84.0
5.4670265E13	2664.0	84.0
5.467028E13	2664.0	84.0
5.4670286E13	2664.0	84.0
5.46703E13	2664.0	84.0
5.4670307E13	2664.0	84.0
5.4670316E13	2664.0	84.0
5.467033E13	2664.0	84.0
5.4670337E13	2664.0	84.0
5.4670345E13	2664.0	84.0
5.4670358E13	2664.0	84.0
5.4670366E13	2664.0	84.0
5.467038E13	2663.0	84.0
5.4670387E13	2663.0	84.0
5.4670395E13	2665.0	84.0
5.467041E13	2665.0	84.0
5.4670416E13	2665.0	84.0
5.467043E13	2665.0	84.0
5.4670437E13	2665.0	84.0
5.4670446E13	2664.0	84.0
5.467046E13	2664.0	84.0
5.4670467E13	2664.0	84.0
5.467048E13	2664.0	57.0
5.4670488E13	2664.0	84.0
5.4670496E13	2664.0	84.0
5.467051E13	2664.0	84.0
5.4670517E13	2664.0	84.0
5.4670525E13	2663.0	84.0
5.467054E13	2663.0	84.0
5.4670546E13	2663.0	84.0
5.467056E13	2665.0	84.0
5.4670567E13	2665.0	84.0
5.4670576E13	2665.0	84.0
5.467059E13	2665.0	84.0
5.4670597E13	2662.0	84.0
5.4670605E13	2662.0	83.0
5.4670618E13	2662.0	84.0
5.4670626E13	2662.0	84.0
5.467064E13	2665.0	84.0
5.4670647E13	2665.0	84.0
5.4670655E13	2665.0	84.0
5.467067E13	2665.0	84.0
5.4670676E13	2663.0	84.0
5.467069E13	2663.0	84.0
5.4670697E13	2663.0	84.0
5.4670706E13	2664.0	84.0
5.467072E13	2664.0	84.0
5.4670727E13	2664.0	84.0
5.467074E13	2664.0	84.0
5.4670748E13	2662.0	84.0
5.4670756E13	2662.0	84.0
5.467077E13	2662.0	84.0
5.4670777E13	2662.0	84.0
5.4670786E13	2663.0	84.0
5.46708E13	2663.0	84.0
5.4670806E13	2663.0	84.0
5.467082E13	2663.0	84.0
5.4670827E13	2662.0	84.0
5.4670836E13	2662.0	84.0
5.467085E13	2662.0	84.0
5.4670857E13	2663.0	84.0
5.467087E13	2663.0	84.0
5.4670878E13	2663.0	84.0
5.4670886E13	2663.0	84.0
5.46709E13	2661.0	84.0
5.4670907E13	2661.0	84.0
5.4670916E13	2661.0	84.0
5.467093E13	2661.0	84.0
5.4670937E13	2665.0	84.0
5.467095E13	2665.0	84.0
5.4670957E13	2665.0	84.0
5.4670966E13	2665.0	84.0
5.467098E13	2664.0	84.0
5.4670987E13	2664.0	84.0
5.4671E13	2664.0	84.0
5.4671008E13	2663.0	84.0
5.4671016E13	2663.0	84.0
5.467103E13	2663.0	84.0
5.4671037E13	2663.0	84.0
5.4671046E13	2665.0	84.0
5.467106E13	2665.0	84.0
5.4671067E13	2665.0	84.0
5.467108E13	2665.0	84.0
5.4671088E13	2662.0	84.0
5.4671096E13	2662.0	84.0
5.467111E13	2662.0	84.0
5.4671117E13	2662.0	84.0
5.467113E13	2663.0	84.0
5.4671138E13	2663.0	84.0
5.4671146E13	2663.0	84.0
5.467116E13	2662.0	84.0
5.4671167E13	2662.0	84.0
5.467118E13	2662.0	84.0
5.467119E13	2662.0	84.0
5.4671197E13	2660.0	84.0
5.467121E13	2660.0	84.0
5.4671218E13	2660.0	84.0
5.4671226E13	2660.0	83.0
5.467124E13	2659.0	83.0
5.4671247E13	2659.0	84.0
5.467126E13	2659.0	84.0
5.4671268E13	2659.0	84.0
5.4671276E13	2658.0	84.0
5.467129E13	2658.0	84.0
5.4671297E13	2658.0	84.0
5.467131E13	2660.0	84.0
5.467132E13	2660.0	84.0
5.4671327E13	2660.0	84.0
5.467134E13	2660.0	84.0
5.4671348E13	2660.0	84.0
5.4671356E13	2660.0	84.0
5.467137E13	2660.0	84.0
5.4671377E13	2660.0	83.0
5.467139E13	2660.0	83.0
5.4671398E13	2660.0	83.0
5.4671406E13	2660.0	83.0
5.467142E13	2658.0	83.0
5.4671427E13	2658.0	83.0
5.467144E13	2658.0	84.0
5.467145E13	2658.0	84.0
5.4671457E13	2656.0	84.0
5.467147E13	2656.0	84.0
5.4671478E13	2656.0	84.0
5.467149E13	2657.0	84.0
5.46715E13	2657.0	83.0
5.4671507E13	2657.0	83.0
5.467152E13	2657.0	83.0
5.467153E13	2656.0	83.0
5.4671536E13	2656.0	83.0
5.467155E13	2656.0	83.0
5.4671557E13	2656.0	83.0
5.467157E13	2656.0	83.0
5.467158E13	2658.0	83.0
5.4671587E13	2658.0	83.0
5.46716E13	2658.0	83.0
5.4671608E13	2656.0	84.0
5.467162E13	2656.0	84.0
5.467163E13	2656.0	83.0
5.4671637E13	2656.0	83.0
5.467165E13	2658.0	83.0
5.467166E13	2658.0	83.0
5.4671666E13	2658.0	83.0
5.467168E13	2658.0	84.0
5.4671687E13	2658.0	84.0
5.46717E13	2658.0	84.0
5.467171E13	2658.0	84.0
5.4671717E13	2658.0	84.0
5.467173E13	2655.0	84.0
5.4671738E13	2655.0	84.0
5.467175E13	2655.0	84.0
5.467176E13	2658.0	84.0
5.4671767E13	2658.0	83.0
5.467178E13	2658.0	84.0
5.467179E13	2658.0	84.0
5.4671796E13	2657.0	83.0
5.467181E13	2657.0	83.0
5.4671817E13	2657.0	83.0
5.467183E13	2657.0	83.0
5.467184E13	2658.0	84.0
5.4671847E13	2658.0	84.0
5.467186E13	2658.0	84.0
5.4671868E13	2658.0	84.0
5.467188E13	2656.0	84.0
5.467189E13	2656.0	83.0
5.4671897E13	2656.0	84.0
5.467191E13	2658.0	83.0
5.467192E13	2658.0	83.0
5.4671926E13	2658.0	83.0
5.467194E13	2658.0	83.0
5.4671947E13	2660.0	83.0
5.467196E13	2660.0	83.0
5.467197E13	2660.0	83.0
5.4671977E13	2660.0	83.0
5.467199E13	2659.0	83.0
5.4671998E13	2659.0	84.0
5.467201E13	2659.0	84.0
5.467202E13	2659.0	84.0
5.4672027E13	2659.0	84.0
5.467204E13	2659.0	84.0
5.467205E13	2659.0	83.0
5.467206E13	2661.0	84.0
5.467207E13	2661.0	83.0
5.4672077E13	2661.0	84.0
5.467209E13	2661.0	84.0
5.46721E13	2662.0	83.0
5.4672107E13	2662.0	83.0
5.467212E13	2662.0	84.0
5.4672128E13	2662.0	84.0
5.467214E13	2661.0	83.0
5.467215E13	2661.0	83.0
5.4672157E13	2661.0	83.0
5.467217E13	2662.0	83.0
5.467218E13	2662.0	84.0
5.467219E13	2662.0	84.0
5.46722E13	2662.0	84.0
5.4672207E13	2663.0	84.0
5.467222E13	2663.0	84.0
5.467223E13	2663.0	84.0
5.4672237E13	2663.0	84.0
5.467225E13	2660.0	84.0
5.4672258E13	2660.0	84.0
5.467227E13	2660.0	84.0
5.467228E13	2660.0	84.0
5.4672287E13	2662.0	83.0
5.46723E13	2662.0	83.0
5.467231E13	2662.0	83.0
5.467232E13	2661.0	83.0
5.467233E13	2661.0	83.0
5.4672337E13	2661.0	83.0
5.467235E13	2661.0	83.0
5.467236E13	2661.0	83.0
5.467237E13	2661.0	84.0
5.467238E13	2661.0	84.0
5.4672388E13	2661.0	84.0
5.46724E13	2661.0	84.0
5.467241E13	2661.0	84.0
5.4672417E13	2661.0	84.0
5.467243E13	2662.0	84.0
5.467244E13	2662.0	84.0
5.467245E13	2662.0	84.0
5.467246E13	2662.0	84.0
5.4672467E13	2662.0	84.0
5.467248E13	2662.0	84.0
5.467249E13	2662.0	84.0
5.46725E13	2662.0	84.0
5.467251E13	2663.0	84.0
5.4672518E13	2663.0	84.0
5.467253E13	2663.0	84.0
5.467254E13	2662.0	84.0
5.4672547E13	2662.0	84.0
5.467256E13	2662.0	84.0
5.467257E13	2662.0	84.0
5.467258E13	2662.0	84.0
5.467259E13	2662.0	84.0
5.467261E13	2662.0	84.0
5.467262E13	2662.0	84.0
5.467263E13	2662.0	84.0
5.467264E13	2662.0	84.0
5.4672648E13	2662.0	84.0
5.467266E13	2662.0	84.0
5.467267E13	2662.0	84.0
5.4672677E13	2662.0	84.0
5.467269E13	2662.0	84.0
5.46727E13	2663.0	84.0
5.467271E13	2663.0	84.0
5.467272E13	2663.0	84.0
5.4672727E13	2663.0	84.0
5.467274E13	2665.0	84.0
5.467275E13	2665.0	84.0
5.467276E13	2665.0	84.0
5.467277E13	2663.0	84.0
5.4672778E13	2663.0	84.0
5.467279E13	2663.0	84.0
5.46728E13	2663.0	84.0
5.467281E13	2666.0	84.0
5.4672824E13	2666.0	84.0
5.467283E13	2666.0	84.0
5.467284E13	2665.0	84.0
5.467285E13	2665.0	84.0
5.4672857E13	2665.0	84.0
5.467287E13	2665.0	84.0
5.467288E13	2665.0	84.0
5.467289E13	2665.0	84.0
5.46729E13	2665.0	84.0
5.4672908E13	2666.0	84.0
5.467292E13	2666.0	84.0
5.467293E13	2666.0	84.0
5.467294E13	2666.0	84.0
5.467295E13	2666.0	84.0
5.467296E13	2665.0	84.0
5.467297E13	2665.0	84.0
5.467298E13	2665.0	84.0
5.4672988E13	2665.0	84.0
5.467301E13	2666.0	84.0
5.467302E13	2666.0	84.0
5.467303E13	2666.0	84.0
5.4673038E13	2665.0	84.0
5.467305E13	2665.0	84.0
5.467306E13	2665.0	84.0
5.467307E13	2665.0	84.0
5.467308E13	2665.0	84.0
5.467309E13	2665.0	84.0
5.46731E13	2665.0	84.0
5.467311E13	2667.0	51.0
5.4673118E13	2667.0	84.0
5.467313E13	2667.0	84.0
5.467314E13	2667.0	84.0
5.467315E13	2666.0	84.0
5.467316E13	2666.0	84.0
5.4673168E13	2666.0	84.0
5.467318E13	2666.0	84.0
5.467319E13	2667.0	84.0
5.467321E13	2667.0	84.0
5.467322E13	2667.0	84.0
5.467323E13	2667.0	84.0
5.467324E13	2667.0	84.0
5.467325E13	2667.0	84.0
5.467326E13	2664.0	84.0
5.467327E13	2664.0	84.0
5.467328E13	2664.0	84.0
5.467329E13	2664.0	84.0
5.4673298E13	2667.0	84.0
5.467331E13	2667.0	84.0
5.467332E13	2667.0	84.0
5.467333E13	2667.0	84.0
5.467334E13	2666.0	84.0
5.467335E13	2666.0	84.0
5.467336E13	2666.0	84.0
5.467337E13	2667.0	84.0
5.467338E13	2667.0	84.0
5.467339E13	2667.0	84.0
5.46734E13	2667.0	84.0
5.467341E13	2668.0	84.0
5.467342E13	2668.0	84.0
5.467343E13	2668.0	84.0
5.467344E13	2668.0	84.0
5.467345E13	2667.0	84.0
5.467346E13	2667.0	84.0
5.467347E13	2667.0	84.0
5.467348E13	2666.0	84.0
5.467349E13	2666.0	84.0
5.46735E13	2666.0	84.0
5.467351E13	2667.0	84.0
5.467352E13	2667.0	84.0
5.467353E13	2667.0	84.0
5.467354E13	2667.0	84.0
5.467355E13	2665.0	84.0
5.4673562E13	2665.0	55.0
5.467357E13	2665.0	55.0
5.467358E13	2665.0	84.0
5.467359E13	2665.0	84.0
5.46736E13	2665.0	84.0
5.467361E13	2665.0	84.0
5.467362E13	2665.0	84.0
5.467363E13	2665.0	84.0
5.467364E13	2665.0	83.0
5.467365E13	2665.0	83.0
5.467366E13	2664.0	84.0
5.467367E13	2664.0	84.0
5.467368E13	2664.0	84.0
5.4673692E13	2664.0	84.0
5.46737E13	2663.0	84.0
5.467371E13	2663.0	84.0
5.467372E13	2663.0	84.0
5.467373E13	2663.0	84.0
5.467374E13	2663.0	84.0
5.467375E13	2663.0	84.0
5.467376E13	2663.0	84.0
5.467377E13	2663.0	84.0
5.467378E13	2663.0	84.0
5.467379E13	2665.0	84.0
5.46738E13	2665.0	84.0
5.467382E13	2665.0	83.0
5.4673822E13	2665.0	84.0
5.467383E13	2665.0	84.0
5.4673847E13	2665.0	84.0
5.467385E13	2662.0	84.0
5.467386E13	2662.0	84.0
5.467387E13	2662.0	84.0
5.467388E13	2662.0	84.0
5.467389E13	2662.0	84.0
5.46739E13	2663.0	84.0
5.467391E13	2663.0	84.0
5.467392E13	2663.0	84.0
5.467393E13	2663.0	84.0
5.467394E13	2663.0	84.0
5.4673952E13	2663.0	84.0
5.467396E13	2663.0	84.0
5.467397E13	2662.0	84.0
5.467398E13	2662.0	84.0
5.467399E13	2662.0	84.0
5.4674E13	2662.0	84.0
5.467401E13	2664.0	84.0
5.467402E13	2664.0	84.0
5.467403E13	2664.0	84.0
5.467404E13	2664.0	84.0
5.467405E13	2661.0	84.0
5.467406E13	2661.0	84.0
5.467407E13	2661.0	84.0
5.4674082E13	2661.0	84.0
5.467409E13	2663.0	84.0
5.46741E13	2663.0	84.0
5.467411E13	2661.0	84.0
5.467412E13	2661.0	84.0
5.467413E13	2661.0	84.0
5.467414E13	2661.0	84.0
5.467415E13	2660.0	84.0
5.467416E13	2660.0	84.0
5.467417E13	2660.0	84.0
5.467418E13	2660.0	84.0
5.467419E13	2660.0	84.0
5.46742E13	2658.0	83.0
5.4674212E13	2658.0	84.0
5.467422E13	2658.0	84.0
5.4674233E13	2658.0	84.0
5.467424E13	2661.0	84.0
5.467425E13	2661.0	84.0
5.4674263E13	2661.0	84.0
5.467427E13	2661.0	84.0
5.467428E13	2661.0	84.0
5.467429E13	2661.0	84.0
5.46743E13	2661.0	84.0
5.467431E13	2663.0	84.0
5.467432E13	2663.0	84.0
5.467433E13	2663.0	84.0
5.4674342E13	2663.0	84.0
5.467435E13	2662.0	84.0
5.467436E13	2662.0	84.0
5.467437E13	2662.0	84.0
5.467438E13	2662.0	84.0
5.4674393E13	2664.0	83.0
5.46744E13	2664.0	83.0
5.467441E13	2664.0	83.0
5.467442E13	2663.0	84.0
5.467443E13	2663.0	84.0
5.4674443E13	2663.0	84.0
5.467445E13	2663.0	84.0
5.467446E13	2661.0	84.0
5.4674472E13	2661.0	84.0
5.467448E13	2661.0	84.0
5.467449E13	2661.0	84.0
5.46745E13	2662.0	84.0
5.467451E13	2662.0	84.0
5.4674523E13	2662.0	84.0
5.467453E13	2662.0	84.0
5.467454E13	2663.0	83.0
5.467455E13	2663.0	83.0
5.467456E13	2663.0	83.0
5.4674573E13	2663.0	84.0
5.467458E13	2663.0	84.0
5.467459E13	2663.0	84.0
5.4674602E13	2663.0	84.0
5.467461E13	2663.0	84.0
5.467462E13	2663.0	84.0
5.467463E13	2663.0	84.0
5.467464E13	2663.0	84.0
5.4674653E13	2662.0	84.0
5.467466E13	2662.0	84.0
5.467467E13	2662.0	84.0
5.467468E13	2662.0	84.0
5.467469E13	2662.0	84.0
5.4674703E13	2662.0	84.0
5.467471E13	2662.0	84.0
5.467472E13	2661.0	84.0
5.4674732E13	2661.0	84.0
5.467474E13	2661.0	84.0
5.467475E13	2661.0	84.0
5.467476E13	2662.0	84.0
5.467477E13	2662.0	84.0
5.4674783E13	2662.0	84.0
5.467479E13	2662.0	84.0
5.46748E13	2664.0	84.0
5.467481E13	2664.0	84.0
5.467482E13	2664.0	55.0
5.4674833E13	2663.0	83.0
5.467484E13	2663.0	84.0
5.467485E13	2663.0	84.0
5.4674862E13	2662.0	84.0
5.467487E13	2662.0	84.0
5.467488E13	2662.0	84.0
5.467489E13	2662.0	84.0
5.46749E13	2665.0	84.0
5.4674917E13	2665.0	84.0
5.467492E13	2665.0	84.0
5.467493E13	2665.0	84.0
5.467494E13	2663.0	84.0
5.467495E13	2663.0	84.0
5.4674963E13	2663.0	83.0
5.467498E13	2663.0	84.0
5.467497E13	2663.0	84.0
5.4674992E13	2664.0	51.0
5.4675E13	2664.0	51.0
5.467501E13	2664.0	51.0
5.467502E13	2664.0	84.0
5.467503E13	2664.0	51.0
5.4675043E13	2664.0	51.0
5.467505E13	2664.0	51.0
5.467506E13	2667.0	51.0
5.467507E13	2667.0	51.0
5.467508E13	2667.0	51.0
5.4675093E13	2667.0	51.0
5.46751E13	2665.0	51.0
5.467511E13	2665.0	51.0
5.4675127E13	2665.0	51.0
5.467514E13	2665.0	51.0
5.467515E13	2665.0	51.0
5.467516E13	2665.0	51.0
5.4675173E13	2665.0	51.0
5.467518E13	2665.0	51.0
5.46752E13	2665.0	84.0
5.4675202E13	2665.0	84.0
5.467521E13	2664.0	85.0
5.4675223E13	2664.0	85.0
5.467523E13	2664.0	84.0
5.467524E13	2664.0	84.0
5.4675252E13	2664.0	84.0
5.467526E13	2664.0	84.0
5.467527E13	2664.0	84.0
5.467528E13	2662.0	84.0
5.467529E13	2662.0	84.0
5.4675303E13	2662.0	84.0
5.467531E13	2662.0	83.0
5.467532E13	2664.0	83.0
5.4675332E13	2664.0	83.0
5.467534E13	2664.0	83.0
5.4675353E13	2664.0	83.0
5.467536E13	2663.0	83.0
5.467537E13	2663.0	83.0
5.4675382E13	2663.0	83.0
5.467539E13	2663.0	83.0
5.4675403E13	2664.0	83.0
5.467541E13	2664.0	83.0
5.467542E13	2664.0	83.0
5.4675433E13	2661.0	83.0
5.467544E13	2661.0	83.0
5.4675454E13	2661.0	83.0
5.4675462E13	2661.0	83.0
5.467547E13	2662.0	83.0
5.4675483E13	2662.0	83.0
5.467549E13	2662.0	83.0
5.46755E13	2662.0	51.0
5.4675512E13	2663.0	51.0
5.467552E13	2663.0	51.0
5.4675533E13	2663.0	51.0
5.467554E13	2663.0	51.0
5.467555E13	2660.0	51.0
5.4675563E13	2660.0	51.0
5.467557E13	2660.0	51.0
5.467558E13	2660.0	51.0
5.4675592E13	2660.0	52.0
5.46756E13	2660.0	52.0
5.4675613E13	2660.0	52.0
5.467562E13	2660.0	51.0
5.467563E13	2660.0	51.0
5.4675643E13	2660.0	51.0
5.467565E13	2660.0	51.0
5.4675663E13	2660.0	51.0
5.467567E13	2660.0	51.0
5.467568E13	2660.0	51.0
5.4675693E13	2660.0	51.0
5.46757E13	2661.0	84.0
5.4675714E13	2661.0	51.0
5.4675722E13	2661.0	51.0
5.467573E13	2657.0	51.0
5.4675743E13	2657.0	51.0
5.467575E13	2657.0	83.0
5.467576E13	2657.0	83.0
5.4675773E13	2661.0	84.0
5.467578E13	2661.0	83.0
5.4675794E13	2661.0	83.0
5.46758E13	2661.0	83.0
5.467581E13	2657.0	84.0
5.4675823E13	2657.0	84.0
5.467583E13	2657.0	83.0
5.4675844E13	2657.0	83.0
5.4675852E13	2657.0	83.0
5.467586E13	2657.0	83.0
5.4675873E13	2657.0	83.0
5.467588E13	2657.0	83.0
5.467589E13	2657.0	83.0
5.4675903E13	2657.0	83.0
5.467591E13	2655.0	83.0
5.4675924E13	2655.0	83.0
5.467593E13	2655.0	83.0
5.467594E13	2655.0	83.0
5.4675953E13	2655.0	83.0
5.467596E13	2656.0	83.0
5.4675974E13	2656.0	83.0
5.4675982E13	2656.0	83.0
5.467599E13	2656.0	83.0
5.4676003E13	2655.0	52.0
5.467601E13	2655.0	52.0
5.4676024E13	2655.0	52.0
5.4676033E13	2657.0	51.0
5.467604E13	2657.0	51.0
5.4676054E13	2657.0	51.0
5.467606E13	2657.0	51.0
5.467607E13	2656.0	51.0
5.4676083E13	2656.0	51.0
5.467609E13	2656.0	51.0
5.4676104E13	2656.0	51.0
5.4676112E13	2659.0	51.0
5.467612E13	2659.0	51.0
5.4676133E13	2659.0	51.0
5.467614E13	2659.0	51.0
5.4676154E13	2657.0	52.0
5.4676163E13	2657.0	52.0
5.467617E13	2657.0	52.0
5.4676184E13	2657.0	51.0
5.467619E13	2657.0	51.0
5.4676205E13	2657.0	51.0
5.4676213E13	2657.0	51.0
5.467622E13	2656.0	51.0
5.4676234E13	2656.0	51.0
5.4676242E13	2656.0	51.0
5.467625E13	2656.0	51.0
5.4676263E13	2655.0	51.0
5.467627E13	2655.0	51.0
5.4676284E13	2655.0	51.0
5.4676293E13	2655.0	51.0
5.4676305E13	2656.0	83.0
5.4676314E13	2656.0	83.0
5.467632E13	2656.0	83.0
5.467633E13	2655.0	84.0
5.4676343E13	2655.0	83.0
5.467635E13	2655.0	83.0
5.4676364E13	2655.0	83.0
5.4676372E13	2656.0	83.0
5.467638E13	2656.0	83.0
5.4676393E13	2656.0	83.0
5.46764E13	2656.0	83.0
5.4676414E13	2655.0	83.0
5.4676423E13	2655.0	83.0
5.467643E13	2655.0	83.0
5.4676444E13	2655.0	83.0
5.467645E13	2653.0	84.0
5.467646E13	2653.0	84.0
5.4676473E13	2653.0	84.0
5.467648E13	2652.0	84.0
5.4676494E13	2652.0	84.0
5.4676502E13	2652.0	84.0
5.467651E13	2652.0	84.0
5.4676523E13	2652.0	84.0
5.467653E13	2652.0	83.0
5.4676544E13	2652.0	83.0
5.4676553E13	2652.0	83.0
5.467656E13	2652.0	83.0
5.4676574E13	2652.0	83.0
5.467658E13	2652.0	84.0
5.4676595E13	2652.0	83.0
5.4676603E13	2652.0	83.0
5.4676616E13	2652.0	83.0
5.4676624E13	2653.0	83.0
5.4676637E13	2653.0	83.0
5.4676645E13	2653.0	83.0
5.4676653E13	2653.0	83.0
5.467666E13	2652.0	83.0
5.4676674E13	2652.0	83.0
5.4676683E13	2652.0	83.0
5.467669E13	2652.0	83.0
5.4676704E13	2650.0	83.0
5.467671E13	2650.0	83.0
5.4676725E13	2650.0	84.0
5.4676733E13	2650.0	84.0
5.467674E13	2651.0	84.0
5.4676754E13	2651.0	84.0
5.4676762E13	2651.0	83.0
5.4676775E13	2651.0	83.0
5.4676783E13	2654.0	83.0
5.467679E13	2654.0	83.0
5.4676804E13	2654.0	84.0
5.4676813E13	2654.0	84.0
5.467682E13	2650.0	83.0
5.4676834E13	2650.0	83.0
5.467684E13	2650.0	83.0
5.4676855E13	2649.0	83.0
5.4676863E13	2649.0	84.0
5.467687E13	2649.0	84.0
5.4676884E13	2649.0	84.0
5.4676892E13	2652.0	83.0
5.4676905E13	2652.0	83.0
5.4676913E13	2652.0	83.0
5.467692E13	2651.0	83.0
5.4676934E13	2651.0	83.0
5.4676943E13	2651.0	83.0
5.467695E13	2651.0	84.0
5.4676964E13	2650.0	84.0
5.4676972E13	2650.0	84.0
5.4676985E13	2650.0	84.0
5.4676993E13	2650.0	84.0
5.4677E13	2647.0	83.0
5.4677014E13	2647.0	83.0
5.4677022E13	2647.0	83.0
5.4677035E13	2647.0	83.0
5.4677043E13	2647.0	83.0
5.467705E13	2644.0	83.0
5.4677064E13	2644.0	83.0
5.4677073E13	2644.0	83.0
5.467708E13	2645.0	83.0
5.4677094E13	2645.0	83.0
5.4677102E13	2645.0	83.0
5.4677115E13	2645.0	83.0
5.4677123E13	2644.0	82.0
5.467713E13	2644.0	82.0
5.4677144E13	2644.0	82.0
5.4677152E13	2644.0	82.0
5.4677165E13	2643.0	83.0
5.4677173E13	2643.0	83.0
5.467718E13	2643.0	82.0
