5.472737E13	2657.0	83.0
5.4727383E13	2657.0	83.0
5.472739E13	2653.0	83.0
5.4727404E13	2653.0	51.0
5.4727413E13	2653.0	83.0
5.472742E13	2655.0	82.0
5.4727434E13	2655.0	83.0
5.4727442E13	2655.0	83.0
5.4727455E13	2655.0	83.0
5.4727463E13	2655.0	83.0
5.472747E13	2656.0	83.0
5.4727484E13	2656.0	83.0
5.4727493E13	2656.0	83.0
5.47275E13	2656.0	83.0
5.4727513E13	2656.0	83.0
5.472752E13	2656.0	83.0
5.4727534E13	2656.0	83.0
5.4727543E13	2655.0	83.0
5.472755E13	2655.0	83.0
5.4727564E13	2655.0	83.0
5.4727572E13	2655.0	83.0
5.4727585E13	2656.0	83.0
5.4727593E13	2656.0	83.0
5.47276E13	2656.0	83.0
5.4727614E13	2654.0	83.0
5.4727623E13	2654.0	83.0
5.4727635E13	2654.0	83.0
5.4727643E13	2654.0	83.0
5.472765E13	2654.0	83.0
5.4727664E13	2654.0	83.0
5.4727673E13	2654.0	83.0
5.472768E13	2654.0	83.0
5.4727694E13	2656.0	83.0
5.4727702E13	2656.0	83.0
5.4727715E13	2656.0	83.0
5.4727723E13	2657.0	83.0
5.472773E13	2657.0	83.0
5.4727744E13	2657.0	83.0
5.4727753E13	2657.0	83.0
5.4727765E13	2657.0	83.0
5.4727774E13	2656.0	83.0
5.472778E13	2656.0	83.0
5.4727794E13	2656.0	83.0
5.4727803E13	2655.0	83.0
5.4727824E13	2655.0	83.0
5.4727832E13	2655.0	83.0
5.4727845E13	2655.0	83.0
5.4727853E13	2655.0	83.0
5.472786E13	2655.0	83.0
5.472788E13	2653.0	83.0
5.4727883E13	2653.0	83.0
5.4727904E13	2653.0	83.0
5.472791E13	2653.0	59.0
5.4727895E13	2653.0	59.0
5.4727925E13	2653.0	83.0
5.4727933E13	2654.0	83.0
5.472794E13	2654.0	83.0
5.4727954E13	2654.0	83.0
5.4727962E13	2655.0	83.0
5.4727983E13	2655.0	83.0
5.472799E13	2655.0	83.0
5.4728004E13	2655.0	83.0
5.4727975E13	2655.0	83.0
5.4728013E13	2655.0	83.0
5.4728025E13	2655.0	83.0
5.4728034E13	2655.0	83.0
5.472804E13	2655.0	83.0
5.4728055E13	2655.0	83.0
5.4728063E13	2653.0	83.0
5.4728076E13	2653.0	83.0
5.4728092E13	2653.0	83.0
5.4728105E13	2653.0	83.0
5.4728113E13	2653.0	83.0
5.4728084E13	2653.0	83.0
5.472812E13	2653.0	83.0
5.4728134E13	2653.0	83.0
5.4728206E13	2653.0	83.0
5.4728143E13	2653.0	83.0
5.4728155E13	2653.0	83.0
5.4728164E13	2653.0	83.0
5.472817E13	2653.0	83.0
5.4728185E13	2654.0	83.0
5.4728193E13	2655.0	83.0
5.4728214E13	2655.0	83.0
5.4728222E13	2655.0	83.0
5.4728235E13	2655.0	83.0
5.4728243E13	2655.0	83.0
5.472825E13	2655.0	83.0
5.4728264E13	2655.0	83.0
5.4728273E13	2655.0	52.0
5.4728285E13	2655.0	83.0
5.4728294E13	2655.0	83.0
5.47283E13	2655.0	82.0
5.4728315E13	2655.0	51.0
5.4728323E13	2655.0	51.0
5.4728336E13	2656.0	51.0
5.4728344E13	2656.0	51.0
5.4728352E13	2656.0	83.0
5.4728365E13	2656.0	83.0
5.4728373E13	2655.0	51.0
5.472838E13	2655.0	83.0
5.4728394E13	2655.0	51.0
5.4728403E13	2655.0	83.0
5.4728415E13	2655.0	51.0
5.4728424E13	2655.0	83.0
5.472843E13	2655.0	51.0
5.4728445E13	2654.0	83.0
5.4728453E13	2654.0	83.0
5.4728466E13	2654.0	83.0
5.4728474E13	2654.0	83.0
5.4728482E13	2654.0	83.0
5.4728495E13	2654.0	83.0
5.4728503E13	2654.0	83.0
5.472851E13	2654.0	83.0
5.4728524E13	2653.0	83.0
5.4728533E13	2653.0	83.0
5.4728545E13	2653.0	51.0
5.4728554E13	2652.0	52.0
5.472856E13	2652.0	52.0
5.4728575E13	2652.0	52.0
5.4728583E13	2652.0	52.0
5.4728596E13	2651.0	51.0
5.4728604E13	2651.0	51.0
5.4728612E13	2651.0	51.0
5.4728625E13	2651.0	51.0
5.4728633E13	2652.0	51.0
5.4728646E13	2652.0	83.0
5.4728654E13	2652.0	83.0
5.4728663E13	2652.0	83.0
5.4728675E13	2652.0	83.0
5.4728684E13	2652.0	83.0
5.472869E13	2652.0	83.0
5.4728705E13	2652.0	83.0
5.4728713E13	2652.0	83.0
5.4728726E13	2652.0	83.0
5.4728734E13	2652.0	83.0
5.4728742E13	2654.0	83.0
5.4728755E13	2654.0	83.0
5.4728763E13	2654.0	52.0
5.4728776E13	2654.0	52.0
5.4728784E13	2655.0	51.0
5.4728793E13	2655.0	51.0
5.4728805E13	2655.0	51.0
5.4728814E13	2655.0	51.0
5.472882E13	2653.0	51.0
5.4728835E13	2653.0	51.0
5.4728843E13	2653.0	51.0
5.4728856E13	2653.0	51.0
5.4728864E13	2653.0	51.0
5.4728872E13	2653.0	51.0
5.4728885E13	2653.0	51.0
5.4728893E13	2651.0	52.0
5.4728906E13	2651.0	52.0
5.4728914E13	2651.0	52.0
5.4728923E13	2651.0	52.0
5.4728935E13	2652.0	51.0
5.4728944E13	2652.0	51.0
5.4728952E13	2652.0	51.0
5.4728965E13	2652.0	51.0
5.4728973E13	2652.0	83.0
5.4728986E13	2652.0	83.0
5.4728994E13	2652.0	83.0
5.4729007E13	2652.0	83.0
5.4729015E13	2652.0	83.0
5.4729023E13	2652.0	83.0
5.4729036E13	2652.0	83.0
5.4729044E13	2652.0	83.0
5.4729053E13	2652.0	83.0
5.4729065E13	2652.0	83.0
5.4729074E13	2652.0	83.0
5.4729086E13	2651.0	83.0
5.4729095E13	2651.0	83.0
5.4729103E13	2651.0	83.0
5.4729116E13	2651.0	83.0
5.4729124E13	2651.0	83.0
5.4729132E13	2651.0	52.0
5.4729145E13	2651.0	83.0
5.4729153E13	2650.0	83.0
5.4729166E13	2650.0	51.0
5.4729174E13	2650.0	51.0
5.4729183E13	2650.0	51.0
5.4729195E13	2650.0	52.0
5.4729204E13	2650.0	52.0
5.4729216E13	2650.0	52.0
5.472923E13	2650.0	83.0
5.4729233E13	2652.0	51.0
5.4729246E13	2652.0	51.0
5.4729254E13	2652.0	51.0
5.4729262E13	2652.0	51.0
5.4729275E13	2653.0	51.0
5.4729283E13	2653.0	51.0
5.4729296E13	2653.0	51.0
5.4729304E13	2651.0	51.0
5.4729313E13	2651.0	51.0
5.4729325E13	2651.0	51.0
5.4729334E13	2651.0	51.0
5.4729346E13	2653.0	51.0
5.4729355E13	2653.0	51.0
5.4729363E13	2653.0	51.0
5.4729376E13	2653.0	51.0
5.4729384E13	2653.0	51.0
5.4729397E13	2653.0	51.0
5.4729405E13	2653.0	51.0
5.4729413E13	2653.0	51.0
5.4729426E13	2652.0	51.0
5.4729434E13	2652.0	51.0
5.4729443E13	2652.0	51.0
5.4729455E13	2652.0	52.0
5.4729464E13	2652.0	52.0
5.4729476E13	2652.0	52.0
5.4729485E13	2652.0	52.0
5.4729493E13	2651.0	52.0
5.4729506E13	2651.0	52.0
5.4729514E13	2651.0	52.0
5.4729527E13	2651.0	52.0
5.4729535E13	2653.0	52.0
5.4729548E13	2653.0	52.0
5.4729556E13	2653.0	83.0
5.4729564E13	2653.0	83.0
5.4729577E13	2653.0	83.0
5.4729585E13	2653.0	83.0
5.4729594E13	2653.0	83.0
5.4729606E13	2649.0	83.0
5.4729615E13	2649.0	83.0
5.4729623E13	2649.0	83.0
5.4729636E13	2649.0	83.0
5.4729644E13	2651.0	83.0
5.4729657E13	2651.0	83.0
5.4729665E13	2651.0	83.0
5.4729674E13	2651.0	83.0
5.4729686E13	2651.0	83.0
5.4729695E13	2651.0	82.0
5.4729703E13	2651.0	82.0
5.4729715E13	2652.0	83.0
5.4729724E13	2652.0	83.0
5.4729736E13	2652.0	83.0
5.4729745E13	2651.0	83.0
5.4729753E13	2651.0	83.0
5.4729766E13	2651.0	83.0
5.4729774E13	2651.0	83.0
5.4729787E13	2652.0	83.0
5.4729795E13	2652.0	83.0
5.4729804E13	2652.0	83.0
5.4729816E13	2652.0	83.0
5.4729825E13	2652.0	82.0
5.4729833E13	2652.0	82.0
5.4729846E13	2652.0	82.0
5.4729854E13	2652.0	82.0
5.4729866E13	2653.0	82.0
5.4729875E13	2653.0	83.0
5.4729883E13	2653.0	83.0
5.4729896E13	2653.0	83.0
5.4729904E13	2651.0	83.0
5.4729917E13	2651.0	83.0
5.4729925E13	2651.0	83.0
5.4729934E13	2651.0	83.0
5.4729946E13	2651.0	83.0
5.4729955E13	2651.0	83.0
5.4729967E13	2651.0	83.0
5.4729976E13	2651.0	83.0
5.4729984E13	2650.0	83.0
5.4729997E13	2650.0	83.0
5.4730005E13	2650.0	83.0
5.4730013E13	2650.0	83.0
5.4730026E13	2650.0	83.0
5.4730034E13	2650.0	83.0
5.4730047E13	2650.0	83.0
5.4730055E13	2650.0	83.0
5.4730064E13	2650.0	83.0
5.4730076E13	2650.0	83.0
5.4730085E13	2649.0	83.0
5.4730097E13	2649.0	83.0
5.4730106E13	2649.0	83.0
5.4730114E13	2649.0	83.0
5.4730127E13	2649.0	83.0
5.4730135E13	2649.0	83.0
5.4730143E13	2649.0	82.0
5.4730156E13	2646.0	82.0
5.4730164E13	2646.0	82.0
5.4730177E13	2646.0	82.0
5.473019E13	2646.0	82.0
5.4730194E13	2646.0	82.0
5.4730206E13	2646.0	82.0
5.4730215E13	2646.0	82.0
5.4730227E13	2646.0	82.0
5.4730236E13	2646.0	82.0
5.4730244E13	2649.0	82.0
5.4730257E13	2649.0	82.0
5.4730265E13	2649.0	83.0
5.4730278E13	2649.0	83.0
5.4730286E13	2647.0	83.0
5.4730294E13	2647.0	82.0
5.4730307E13	2647.0	83.0
5.4730315E13	2647.0	83.0
5.4730324E13	2647.0	83.0
5.4730336E13	2647.0	82.0
5.4730345E13	2647.0	82.0
5.4730357E13	2648.0	82.0
5.4730366E13	2648.0	82.0
5.4730374E13	2648.0	82.0
5.4730387E13	2648.0	82.0
5.4730395E13	2645.0	82.0
5.4730408E13	2645.0	82.0
5.4730416E13	2645.0	82.0
5.4730424E13	2645.0	82.0
5.4730437E13	2645.0	82.0
5.4730445E13	2645.0	82.0
5.4730454E13	2645.0	82.0
5.4730466E13	2645.0	82.0
5.4730475E13	2645.0	82.0
5.4730487E13	2645.0	82.0
5.4730496E13	2645.0	82.0
5.4730504E13	2644.0	83.0
5.4730517E13	2644.0	83.0
5.4730525E13	2644.0	83.0
5.4730538E13	2644.0	82.0
5.4730546E13	2646.0	83.0
5.4730554E13	2646.0	83.0
5.4730567E13	2646.0	83.0
5.4730575E13	2646.0	82.0
5.4730588E13	2645.0	82.0
5.4730596E13	2645.0	82.0
5.4730605E13	2645.0	83.0
5.4730617E13	2647.0	83.0
5.4730626E13	2647.0	83.0
5.4730634E13	2647.0	83.0
5.4730647E13	2647.0	83.0
5.4730655E13	2646.0	83.0
5.4730668E13	2646.0	83.0
5.4730676E13	2646.0	83.0
5.4730684E13	2646.0	83.0
5.4730697E13	2647.0	82.0
5.4730705E13	2647.0	82.0
5.473072E13	2647.0	82.0
5.4730726E13	2647.0	82.0
5.4730735E13	2645.0	82.0
5.4730747E13	2645.0	82.0
5.4730756E13	2645.0	82.0
5.4730764E13	2648.0	82.0
5.4730777E13	2648.0	82.0
5.4730785E13	2648.0	83.0
5.4730798E13	2648.0	83.0
5.4730806E13	2648.0	83.0
5.4730814E13	2648.0	83.0
5.4730827E13	2648.0	83.0
5.4730835E13	2645.0	83.0
5.473085E13	2645.0	83.0
5.4730856E13	2645.0	83.0
5.4730865E13	2645.0	83.0
5.4730877E13	2645.0	83.0
5.4730886E13	2643.0	83.0
5.47309E13	2643.0	83.0
5.4730907E13	2643.0	83.0
5.4730915E13	2645.0	83.0
5.4730928E13	2645.0	83.0
5.4730936E13	2645.0	83.0
5.4730944E13	2645.0	82.0
5.4730957E13	2643.0	82.0
5.4730965E13	2643.0	82.0
5.473098E13	2643.0	83.0
5.4730986E13	2643.0	83.0
5.4730995E13	2645.0	82.0
5.4731007E13	2645.0	82.0
5.4731016E13	2645.0	82.0
5.473103E13	2645.0	82.0
5.4731037E13	2645.0	83.0
5.4731045E13	2645.0	83.0
5.4731058E13	2645.0	83.0
5.4731066E13	2647.0	83.0
5.4731074E13	2647.0	83.0
5.4731087E13	2647.0	83.0
5.4731095E13	2647.0	83.0
5.473111E13	2645.0	83.0
5.4731116E13	2645.0	83.0
5.4731125E13	2645.0	83.0
5.4731137E13	2645.0	83.0
5.4731146E13	2644.0	83.0
5.473116E13	2644.0	83.0
5.4731167E13	2644.0	83.0
5.4731175E13	2644.0	83.0
5.4731188E13	2644.0	83.0
5.4731196E13	2644.0	83.0
5.4731204E13	2644.0	83.0
5.4731217E13	2646.0	82.0
5.4731234E13	2646.0	82.0
5.473124E13	2646.0	82.0
5.4731246E13	2648.0	82.0
5.473126E13	2648.0	82.0
5.4731267E13	2648.0	83.0
5.4731276E13	2648.0	83.0
5.473129E13	2648.0	83.0
5.4731297E13	2647.0	83.0
5.4731305E13	2647.0	83.0
5.4731318E13	2647.0	83.0
5.4731326E13	2647.0	83.0
5.473134E13	2646.0	83.0
5.4731347E13	2646.0	83.0
5.4731355E13	2646.0	83.0
5.473137E13	2644.0	83.0
5.4731376E13	2644.0	83.0
5.4731385E13	2644.0	83.0
5.4731397E13	2644.0	83.0
5.4731406E13	2646.0	83.0
5.473142E13	2646.0	83.0
5.4731427E13	2646.0	83.0
5.4731435E13	2646.0	83.0
5.4731448E13	2643.0	83.0
5.4731456E13	2643.0	82.0
5.473147E13	2643.0	82.0
5.4731477E13	2643.0	82.0
5.4731485E13	2644.0	83.0
5.47315E13	2644.0	83.0
5.4731506E13	2644.0	83.0
5.4731515E13	2645.0	83.0
5.4731527E13	2645.0	83.0
5.4731536E13	2645.0	83.0
5.473155E13	2645.0	83.0
5.4731557E13	2645.0	83.0
5.4731565E13	2645.0	83.0
5.4731578E13	2645.0	83.0
5.4731586E13	2645.0	83.0
5.47316E13	2645.0	83.0
5.4731607E13	2645.0	83.0
5.4731616E13	2645.0	83.0
5.473163E13	2645.0	83.0
5.4731636E13	2646.0	83.0
5.473165E13	2646.0	83.0
5.4731657E13	2646.0	82.0
5.4731666E13	2646.0	82.0
5.473168E13	2646.0	82.0
5.4731687E13	2646.0	82.0
5.4731695E13	2646.0	82.0
5.4731708E13	2646.0	83.0
5.4731716E13	2646.0	83.0
5.473173E13	2646.0	83.0
5.4731737E13	2646.0	83.0
5.4731746E13	2646.0	83.0
5.473176E13	2646.0	83.0
5.4731766E13	2646.0	83.0
5.473178E13	2645.0	83.0
5.4731787E13	2645.0	83.0
5.4731796E13	2645.0	82.0
5.473181E13	2645.0	83.0
5.4731817E13	2645.0	83.0
5.4731825E13	2645.0	83.0
5.4731838E13	2645.0	59.0
5.4731846E13	2646.0	83.0
5.473186E13	2646.0	83.0
5.4731867E13	2646.0	83.0
5.4731876E13	2646.0	83.0
5.473189E13	2646.0	83.0
5.4731897E13	2646.0	83.0
5.473191E13	2646.0	83.0
5.4731917E13	2646.0	82.0
5.4731926E13	2646.0	82.0
5.473194E13	2646.0	83.0
5.4731947E13	2646.0	82.0
5.4731955E13	2646.0	82.0
5.4731968E13	2647.0	83.0
5.4731976E13	2647.0	83.0
5.473199E13	2647.0	83.0
5.4731997E13	2647.0	83.0
5.4732006E13	2646.0	83.0
5.473202E13	2646.0	83.0
5.4732027E13	2646.0	83.0
5.473204E13	2646.0	83.0
5.4732048E13	2645.0	83.0
5.4732056E13	2645.0	83.0
5.473207E13	2645.0	83.0
5.4732077E13	2647.0	83.0
5.473209E13	2647.0	83.0
5.4732098E13	2647.0	83.0
5.4732106E13	2647.0	83.0
5.473212E13	2647.0	83.0
5.4732127E13	2647.0	83.0
5.4732136E13	2647.0	83.0
5.473215E13	2646.0	83.0
5.4732157E13	2646.0	83.0
5.473217E13	2646.0	83.0
5.4732178E13	2646.0	83.0
5.4732186E13	2646.0	83.0
5.47322E13	2645.0	83.0
5.4732207E13	2645.0	83.0
5.473222E13	2645.0	83.0
5.4732228E13	2646.0	83.0
5.4732236E13	2646.0	83.0
5.473225E13	2646.0	83.0
5.4732257E13	2646.0	83.0
5.4732266E13	2647.0	83.0
5.473228E13	2647.0	83.0
5.4732287E13	2647.0	83.0
5.47323E13	2647.0	83.0
5.4732308E13	2642.0	83.0
5.4732316E13	2642.0	83.0
5.473233E13	2642.0	83.0
5.4732337E13	2642.0	83.0
5.473235E13	2639.0	83.0
5.4732358E13	2639.0	83.0
5.4732366E13	2639.0	84.0
5.473238E13	2641.0	84.0
5.4732387E13	2641.0	83.0
5.4732396E13	2641.0	83.0
5.473241E13	2641.0	83.0
5.4732417E13	2637.0	82.0
5.473243E13	2637.0	82.0
5.4732438E13	2637.0	81.0
5.4732446E13	2637.0	81.0
5.473246E13	2637.0	81.0
5.4732467E13	2637.0	81.0
5.473248E13	2637.0	81.0
5.473249E13	2637.0	81.0
5.4732496E13	2637.0	81.0
5.473251E13	2637.0	81.0
5.4732517E13	2637.0	82.0
5.473253E13	2637.0	82.0
5.473254E13	2637.0	82.0
5.4732547E13	2637.0	83.0
5.473256E13	2637.0	83.0
5.4732568E13	2634.0	82.0
5.4732576E13	2634.0	82.0
5.473259E13	2634.0	82.0
5.4732597E13	2634.0	82.0
5.473261E13	2634.0	82.0
5.473262E13	2634.0	82.0
5.4732626E13	2634.0	82.0
5.473264E13	2634.0	82.0
5.4732647E13	2635.0	82.0
5.473266E13	2635.0	82.0
5.473267E13	2635.0	82.0
5.4732677E13	2633.0	82.0
5.473269E13	2633.0	82.0
5.4732698E13	2633.0	82.0
5.4732706E13	2633.0	82.0
5.473272E13	2634.0	82.0
5.4732727E13	2634.0	82.0
5.473274E13	2634.0	82.0
5.473275E13	2634.0	82.0
5.4732756E13	2634.0	82.0
5.4732773E13	2634.0	82.0
5.4732777E13	2634.0	82.0
5.473279E13	2637.0	82.0
5.47328E13	2637.0	82.0
5.4732807E13	2637.0	82.0
5.473282E13	2634.0	82.0
5.4732828E13	2634.0	82.0
5.4732836E13	2634.0	82.0
5.473285E13	2634.0	82.0
5.4732857E13	2636.0	82.0
5.473287E13	2636.0	82.0
5.473288E13	2636.0	82.0
5.4732886E13	2636.0	82.0
5.47329E13	2636.0	82.0
5.4732907E13	2636.0	82.0
5.473292E13	2636.0	82.0
5.473293E13	2636.0	83.0
5.4732937E13	2637.0	83.0
5.473295E13	2637.0	83.0
5.4732958E13	2637.0	83.0
5.473297E13	2637.0	83.0
5.473298E13	2637.0	83.0
5.4732987E13	2637.0	82.0
5.4733E13	2637.0	82.0
5.473301E13	2637.0	82.0
5.4733016E13	2637.0	82.0
5.473303E13	2637.0	82.0
5.4733037E13	2637.0	82.0
5.473305E13	2637.0	82.0
5.473306E13	2636.0	82.0
5.4733067E13	2636.0	83.0
5.473308E13	2636.0	83.0
5.4733088E13	2636.0	82.0
5.47331E13	2636.0	83.0
5.473311E13	2636.0	83.0
5.4733117E13	2636.0	83.0
5.473313E13	2634.0	83.0
5.473314E13	2634.0	83.0
5.4733146E13	2634.0	83.0
5.473316E13	2634.0	83.0
5.4733167E13	2634.0	83.0
5.473318E13	2634.0	83.0
5.473319E13	2634.0	83.0
5.47332E13	2631.0	83.0
5.473321E13	2631.0	83.0
5.4733218E13	2631.0	59.0
5.473323E13	2631.0	81.0
5.473324E13	2631.0	81.0
5.4733247E13	2631.0	80.0
5.473326E13	2631.0	80.0
5.473327E13	2631.0	81.0
5.4733276E13	2631.0	81.0
5.473329E13	2631.0	81.0
5.4733297E13	2631.0	81.0
5.473331E13	2631.0	81.0
5.473332E13	2631.0	81.0
5.4733327E13	2631.0	81.0
5.473334E13	2631.0	81.0
5.4733348E13	2627.0	81.0
5.473336E13	2627.0	80.0
5.473337E13	2627.0	80.0
5.4733377E13	2627.0	80.0
5.473339E13	2625.0	81.0
5.47334E13	2625.0	81.0
5.473341E13	2625.0	82.0
5.473342E13	2623.0	82.0
5.4733427E13	2623.0	82.0
5.473344E13	2623.0	83.0
5.473345E13	2623.0	82.0
5.4733457E13	2623.0	82.0
5.473347E13	2623.0	82.0
5.4733478E13	2623.0	82.0
5.473349E13	2623.0	82.0
5.47335E13	2624.0	82.0
5.4733507E13	2624.0	81.0
5.473352E13	2624.0	81.0
5.473353E13	2624.0	81.0
5.473354E13	2624.0	80.0
5.473355E13	2624.0	80.0
5.4733557E13	2624.0	80.0
5.473357E13	2624.0	81.0
5.473358E13	2624.0	81.0
5.4733587E13	2624.0	81.0
5.47336E13	2624.0	81.0
5.4733608E13	2624.0	82.0
5.473362E13	2624.0	82.0
5.473363E13	2624.0	82.0
5.4733637E13	2624.0	82.0
5.473365E13	2624.0	82.0
5.473366E13	2627.0	82.0
5.473367E13	2627.0	82.0
5.473368E13	2627.0	82.0
5.4733687E13	2627.0	82.0
5.47337E13	2625.0	82.0
5.473371E13	2625.0	82.0
5.473372E13	2625.0	82.0
5.473373E13	2627.0	52.0
5.4733738E13	2627.0	52.0
5.473375E13	2627.0	52.0
5.473376E13	2627.0	82.0
5.4733767E13	2628.0	52.0
5.473378E13	2628.0	83.0
5.473379E13	2628.0	82.0
5.47338E13	2628.0	82.0
5.473381E13	2630.0	52.0
5.4733818E13	2630.0	82.0
5.473383E13	2630.0	82.0
5.473384E13	2630.0	82.0
5.4733847E13	2628.0	82.0
5.473386E13	2628.0	82.0
5.4733868E13	2628.0	82.0
5.473388E13	2628.0	82.0
5.473389E13	2628.0	81.0
5.4733897E13	2628.0	81.0
5.473391E13	2628.0	81.0
5.473392E13	2631.0	81.0
5.473393E13	2631.0	82.0
5.473394E13	2631.0	82.0
5.4733948E13	2631.0	82.0
5.473396E13	2630.0	82.0
5.473397E13	2630.0	82.0
5.473398E13	2630.0	82.0
5.473399E13	2630.0	82.0
5.4733998E13	2630.0	82.0
5.473401E13	2630.0	82.0
5.473402E13	2630.0	82.0
5.4734027E13	2630.0	82.0
5.473404E13	2630.0	82.0
5.473405E13	2630.0	82.0
5.473406E13	2631.0	82.0
5.473407E13	2631.0	82.0
5.4734078E13	2631.0	52.0
5.473409E13	2631.0	52.0
5.47341E13	2631.0	52.0
5.473411E13	2632.0	52.0
5.473412E13	2632.0	52.0
5.4734128E13	2632.0	82.0
5.473414E13	2632.0	83.0
5.473415E13	2630.0	82.0
5.4734157E13	2630.0	82.0
5.473417E13	2630.0	82.0
5.473418E13	2630.0	82.0
5.473419E13	2630.0	82.0
5.47342E13	2630.0	82.0
5.4734208E13	2630.0	82.0
5.473422E13	2631.0	82.0
5.473423E13	2631.0	82.0
5.473424E13	2631.0	82.0
5.473425E13	2631.0	82.0
5.473426E13	2632.0	82.0
5.473427E13	2632.0	82.0
5.473428E13	2632.0	82.0
5.4734287E13	2632.0	82.0
5.47343E13	2633.0	82.0
5.473431E13	2633.0	82.0
5.473432E13	2633.0	82.0
5.473433E13	2633.0	82.0
5.4734338E13	2633.0	82.0
5.473435E13	2633.0	82.0
5.473436E13	2633.0	82.0
5.473437E13	2635.0	83.0
5.473438E13	2635.0	82.0
5.473439E13	2635.0	82.0
5.47344E13	2635.0	82.0
5.473441E13	2632.0	83.0
5.4734417E13	2632.0	82.0
5.473443E13	2632.0	52.0
5.473444E13	2634.0	52.0
5.473445E13	2634.0	52.0
5.473446E13	2634.0	82.0
5.4734468E13	2634.0	82.0
5.473448E13	2634.0	82.0
5.473449E13	2634.0	82.0
5.47345E13	2634.0	83.0
5.473451E13	2634.0	83.0
5.473452E13	2634.0	83.0
5.473453E13	2634.0	82.0
5.473454E13	2634.0	82.0
5.473455E13	2634.0	82.0
5.473456E13	2634.0	82.0
5.473457E13	2634.0	82.0
5.473458E13	2634.0	82.0
5.473459E13	2633.0	82.0
5.4734598E13	2633.0	82.0
5.473461E13	2633.0	82.0
5.473462E13	2633.0	82.0
5.473463E13	2633.0	82.0
5.473464E13	2633.0	82.0
5.473465E13	2633.0	83.0
5.473466E13	2633.0	83.0
5.473467E13	2633.0	83.0
5.473468E13	2633.0	83.0
5.473469E13	2633.0	83.0
5.47347E13	2633.0	83.0
5.473471E13	2634.0	83.0
5.473472E13	2634.0	83.0
5.473473E13	2634.0	83.0
5.473474E13	2634.0	83.0
5.473475E13	2634.0	83.0
5.473476E13	2634.0	83.0
5.473477E13	2634.0	83.0
5.473478E13	2634.0	83.0
5.473479E13	2634.0	82.0
5.47348E13	2634.0	82.0
5.473481E13	2634.0	82.0
5.473482E13	2634.0	82.0
5.473483E13	2634.0	82.0
5.473484E13	2634.0	82.0
5.473485E13	2634.0	82.0
5.473486E13	2637.0	82.0
5.473487E13	2637.0	83.0
5.473488E13	2637.0	82.0
5.473489E13	2635.0	83.0
5.47349E13	2635.0	83.0
5.473491E13	2635.0	83.0
5.473492E13	2635.0	82.0
5.473493E13	2638.0	83.0
5.473494E13	2638.0	82.0
5.473495E13	2638.0	82.0
5.473496E13	2638.0	82.0
5.473497E13	2636.0	82.0
5.473498E13	2636.0	82.0
5.473499E13	2636.0	82.0
5.4735E13	2636.0	82.0
5.473501E13	2635.0	82.0
5.473502E13	2635.0	83.0
5.473503E13	2635.0	83.0
5.4735042E13	2636.0	83.0
5.473505E13	2636.0	83.0
5.473506E13	2636.0	83.0
5.473507E13	2636.0	83.0
5.473508E13	2637.0	83.0
5.473509E13	2637.0	83.0
5.47351E13	2637.0	83.0
5.473511E13	2635.0	83.0
5.473512E13	2635.0	83.0
5.473513E13	2635.0	83.0
5.473514E13	2635.0	83.0
5.473515E13	2638.0	83.0
5.473516E13	2638.0	83.0
5.4735172E13	2638.0	82.0
5.473518E13	2639.0	82.0
5.473519E13	2639.0	82.0
5.47352E13	2639.0	82.0
5.473521E13	2639.0	82.0
5.473522E13	2640.0	82.0
5.473523E13	2640.0	82.0
5.4735244E13	2640.0	82.0
5.473525E13	2640.0	82.0
5.4735265E13	2641.0	82.0
5.473527E13	2641.0	82.0
5.473528E13	2641.0	82.0
5.473529E13	2641.0	82.0
5.4735302E13	2643.0	82.0
5.473531E13	2643.0	82.0
5.473532E13	2643.0	82.0
5.473533E13	2644.0	82.0
5.473534E13	2644.0	83.0
5.473535E13	2644.0	83.0
5.473536E13	2644.0	83.0
5.473537E13	2646.0	83.0
5.473538E13	2646.0	83.0
5.473539E13	2646.0	83.0
5.47354E13	2646.0	83.0
5.473541E13	2646.0	83.0
5.473542E13	2646.0	83.0
5.4735432E13	2646.0	83.0
5.473544E13	2646.0	83.0
5.473545E13	2646.0	83.0
5.473546E13	2648.0	83.0
5.473547E13	2648.0	83.0
5.4735483E13	2648.0	83.0
5.473549E13	2649.0	83.0
5.47355E13	2649.0	83.0
5.473551E13	2649.0	83.0
5.473552E13	2649.0	83.0
5.473553E13	2648.0	83.0
5.473554E13	2648.0	83.0
5.473555E13	2648.0	83.0
5.4735562E13	2648.0	83.0
5.473557E13	2651.0	83.0
5.473558E13	2651.0	84.0
5.473559E13	2651.0	84.0
5.47356E13	2651.0	84.0
5.4735613E13	2648.0	83.0
5.473562E13	2648.0	83.0
5.473563E13	2648.0	84.0
5.473564E13	2648.0	84.0
5.473565E13	2648.0	84.0
5.473566E13	2648.0	84.0
5.473567E13	2648.0	84.0
5.473568E13	2647.0	84.0
5.4735692E13	2647.0	83.0
5.47357E13	2647.0	83.0
5.473571E13	2647.0	83.0
5.473572E13	2644.0	83.0
5.473573E13	2644.0	83.0
5.4735743E13	2644.0	83.0
5.473575E13	2644.0	83.0
5.473576E13	2644.0	83.0
5.473577E13	2644.0	83.0
5.473578E13	2644.0	83.0
5.473579E13	2643.0	83.0
5.47358E13	2643.0	83.0
5.4735814E13	2643.0	83.0
5.4735822E13	2643.0	83.0
5.473583E13	2639.0	83.0
5.473584E13	2639.0	83.0
5.473585E13	2639.0	83.0
5.473586E13	2641.0	83.0
5.4735873E13	2641.0	83.0
5.473588E13	2641.0	83.0
5.473589E13	2641.0	83.0
5.47359E13	2639.0	83.0
5.473591E13	2639.0	83.0
5.473592E13	2639.0	82.0
5.473593E13	2638.0	82.0
5.473594E13	2638.0	82.0
5.4735952E13	2638.0	82.0
5.473596E13	2638.0	82.0
5.473597E13	2640.0	82.0
5.473598E13	2640.0	82.0
5.473599E13	2640.0	83.0
5.4736003E13	2640.0	83.0
5.473601E13	2640.0	83.0
5.473602E13	2639.0	52.0
5.4736032E13	2639.0	83.0
5.473604E13	2639.0	83.0
5.4736053E13	2639.0	83.0
5.473609E13	2638.0	82.0
5.47361E13	2638.0	82.0
5.473611E13	2638.0	82.0
5.473612E13	2638.0	82.0
5.4736133E13	2638.0	82.0
5.473614E13	2638.0	82.0
5.473615E13	2638.0	82.0
5.4736162E13	2638.0	82.0
5.473617E13	2637.0	83.0
5.4736183E13	2637.0	82.0
5.473619E13	2637.0	83.0
5.47362E13	2637.0	82.0
5.4736212E13	2640.0	82.0
5.473622E13	2640.0	83.0
5.473623E13	2640.0	83.0
5.473624E13	2638.0	83.0
5.473625E13	2638.0	52.0
5.4736263E13	2638.0	83.0
5.473627E13	2638.0	83.0
5.473628E13	2638.0	83.0
5.4736292E13	2638.0	83.0
5.47363E13	2638.0	83.0
5.4736313E13	2638.0	83.0
5.473632E13	2639.0	83.0
5.473633E13	2639.0	83.0
5.4736342E13	2639.0	83.0
5.473635E13	2639.0	83.0
5.473636E13	2640.0	83.0
5.473637E13	2640.0	83.0
5.473638E13	2640.0	83.0
5.4736393E13	2639.0	83.0
5.47364E13	2639.0	83.0
5.473641E13	2639.0	83.0
5.4736422E13	2639.0	82.0
5.473643E13	2639.0	83.0
5.4736443E13	2639.0	83.0
5.473645E13	2639.0	82.0
5.473646E13	2639.0	82.0
5.4736473E13	2637.0	82.0
5.473648E13	2637.0	82.0
5.4736493E13	2637.0	83.0
5.47365E13	2639.0	83.0
5.473651E13	2639.0	83.0
5.4736523E13	2639.0	83.0
5.473653E13	2639.0	83.0
5.4736544E13	2640.0	83.0
5.4736552E13	2640.0	83.0
5.473656E13	2640.0	83.0
5.4736573E13	2640.0	83.0
5.473658E13	2638.0	83.0
5.473659E13	2638.0	83.0
5.4736603E13	2638.0	83.0
5.473661E13	2638.0	83.0
5.4736624E13	2637.0	83.0
5.473663E13	2637.0	83.0
5.473664E13	2638.0	83.0
5.4736653E13	2638.0	83.0
5.473666E13	2638.0	83.0
5.4736674E13	2638.0	83.0
5.4736682E13	2638.0	83.0
5.473669E13	2638.0	83.0
5.4736703E13	2638.0	83.0
5.473671E13	2638.0	83.0
5.473672E13	2638.0	83.0
5.4736733E13	2639.0	83.0
5.473674E13	2639.0	83.0
5.4736754E13	2639.0	83.0
5.473676E13	2639.0	83.0
5.473677E13	2640.0	83.0
5.4736783E13	2640.0	83.0
5.473679E13	2640.0	83.0
5.4736804E13	2640.0	83.0
5.4736812E13	2640.0	83.0
5.473682E13	2640.0	83.0
5.4736833E13	2640.0	83.0
5.473684E13	2639.0	83.0
5.473685E13	2639.0	83.0
5.4736863E13	2639.0	83.0
5.473687E13	2639.0	83.0
5.4736884E13	2640.0	83.0
5.473689E13	2640.0	83.0
5.47369E13	2640.0	83.0
5.4736913E13	2640.0	83.0
5.473692E13	2643.0	83.0
5.4736934E13	2643.0	83.0
5.4736942E13	2643.0	83.0
5.473695E13	2641.0	83.0
5.4736963E13	2641.0	83.0
5.473697E13	2641.0	83.0
5.473698E13	2641.0	83.0
5.4736993E13	2639.0	83.0
5.4737E13	2639.0	83.0
5.4737014E13	2639.0	83.0
5.473702E13	2639.0	83.0
5.473703E13	2640.0	83.0
5.4737043E13	2640.0	83.0
5.473705E13	2640.0	82.0
5.4737064E13	2640.0	83.0
5.4737072E13	2641.0	83.0
5.4737093E13	2641.0	83.0
5.47371E13	2640.0	83.0
5.4737114E13	2640.0	83.0
5.4737123E13	2640.0	83.0
5.473713E13	2640.0	83.0
5.4737144E13	2640.0	83.0
5.473715E13	2640.0	83.0
5.4737165E13	2640.0	83.0
5.4737173E13	2639.0	83.0
5.473718E13	2639.0	83.0
5.4737194E13	2639.0	83.0
5.4737202E13	2639.0	83.0
5.473721E13	2639.0	83.0
5.4737223E13	2639.0	83.0
5.473723E13	2639.0	83.0
5.4737244E13	2639.0	83.0
5.4737253E13	2641.0	82.0
5.473726E13	2641.0	82.0
5.4737274E13	2641.0	83.0
5.473728E13	2637.0	58.0
5.473729E13	2637.0	82.0
5.4737303E13	2637.0	82.0
5.473731E13	2637.0	82.0
5.4737324E13	2637.0	82.0
5.4737332E13	2640.0	82.0
5.473734E13	2640.0	82.0
5.4737353E13	2640.0	83.0
5.473736E13	2640.0	83.0
5.4737383E13	2639.0	83.0
5.473739E13	2641.0	83.0
5.4737404E13	2641.0	83.0
5.473741E13	2641.0	83.0
5.4737425E13	2641.0	83.0
5.4737433E13	2639.0	82.0
5.473744E13	2639.0	82.0
5.4737454E13	2639.0	82.0
5.4737462E13	2639.0	82.0
5.473747E13	2643.0	82.0
5.4737483E13	2643.0	82.0
5.473749E13	2643.0	82.0
5.4737504E13	2643.0	82.0
5.4737513E13	2640.0	83.0
5.473752E13	2640.0	83.0
5.4737534E13	2640.0	83.0
5.473754E13	2640.0	83.0
5.473755E13	2640.0	83.0
5.4737563E13	2640.0	83.0
5.473757E13	2640.0	83.0
5.4737584E13	2640.0	83.0
5.4737592E13	2641.0	83.0
5.47376E13	2641.0	83.0
5.4737613E13	2641.0	83.0
5.473762E13	2641.0	83.0
5.4737634E13	2641.0	83.0
5.4737643E13	2641.0	83.0
5.473765E13	2641.0	83.0
5.4737664E13	2641.0	83.0
5.473767E13	2642.0	83.0
5.4737685E13	2642.0	83.0
5.4737693E13	2642.0	83.0
5.47377E13	2643.0	83.0
5.4737714E13	2643.0	83.0
5.4737722E13	2643.0	83.0
5.473773E13	2643.0	83.0
5.4737743E13	2642.0	83.0
5.473775E13	2642.0	83.0
5.4737764E13	2642.0	83.0
5.4737773E13	2642.0	83.0
5.473778E13	2640.0	83.0
5.4737794E13	2640.0	83.0
5.4737802E13	2640.0	83.0
5.4737815E13	2640.0	83.0
5.4737823E13	2641.0	83.0
5.473783E13	2641.0	83.0
5.4737844E13	2641.0	83.0
5.4737852E13	2642.0	83.0
5.473786E13	2642.0	83.0
5.4737873E13	2642.0	83.0
5.473788E13	2642.0	83.0
5.4737894E13	2644.0	83.0
5.4737903E13	2644.0	83.0
5.473791E13	2644.0	83.0
5.4737924E13	2644.0	83.0
5.4737932E13	2643.0	83.0
5.4737945E13	2643.0	83.0
5.4737953E13	2643.0	83.0
5.473796E13	2643.0	83.0
5.4737974E13	2645.0	83.0
5.4737982E13	2645.0	83.0
5.473799E13	2645.0	83.0
5.4738003E13	2644.0	83.0
5.473801E13	2644.0	83.0
5.4738024E13	2644.0	83.0
5.4738033E13	2644.0	83.0
5.473804E13	2643.0	83.0
5.4738054E13	2643.0	83.0
5.4738062E13	2643.0	83.0
5.4738075E13	2643.0	83.0
5.4738083E13	2641.0	83.0
5.473809E13	2641.0	83.0
5.4738104E13	2641.0	83.0
5.4738112E13	2641.0	83.0
5.4738125E13	2644.0	83.0
5.4738133E13	2644.0	83.0
5.473814E13	2644.0	83.0
5.4738154E13	2642.0	83.0
5.4738163E13	2642.0	83.0
5.473817E13	2642.0	83.0
5.4738184E13	2642.0	82.0
5.4738192E13	2644.0	82.0
5.4738205E13	2644.0	82.0
5.4738213E13	2644.0	82.0
5.473822E13	2644.0	82.0
5.4738234E13	2639.0	82.0
5.4738243E13	2639.0	83.0
5.4738255E13	2639.0	83.0
5.4738263E13	2639.0	83.0
5.473827E13	2641.0	83.0
5.4738284E13	2641.0	83.0
5.4738293E13	2641.0	83.0
5.47383E13	2641.0	83.0
5.4738314E13	2641.0	83.0
5.4738322E13	2641.0	83.0
5.4738335E13	2641.0	83.0
5.4738343E13	2641.0	83.0
5.4738356E13	2641.0	82.0
5.4738364E13	2641.0	82.0
5.4738373E13	2641.0	82.0
5.4738385E13	2640.0	82.0
5.4738393E13	2640.0	82.0
5.47384E13	2640.0	82.0
5.4738414E13	2640.0	82.0
5.4738423E13	2641.0	83.0
5.473843E13	2641.0	83.0
5.4738444E13	2641.0	83.0
5.4738452E13	2639.0	83.0
5.4738465E13	2639.0	83.0
5.4738473E13	2639.0	83.0
5.473848E13	2639.0	83.0
5.4738494E13	2640.0	83.0
5.4738503E13	2640.0	83.0
5.4738515E13	2640.0	83.0
5.4738524E13	2640.0	83.0
5.473853E13	2639.0	83.0
5.4738544E13	2639.0	83.0
5.4738553E13	2639.0	83.0
5.4738565E13	2639.0	83.0
5.4738574E13	2639.0	83.0
5.4738582E13	2639.0	83.0
5.4738595E13	2642.0	83.0
5.4738603E13	2642.0	83.0
5.473861E13	2642.0	83.0
5.4738624E13	2642.0	83.0
5.4738633E13	2641.0	83.0
5.4738645E13	2641.0	83.0
5.4738654E13	2641.0	83.0
5.473866E13	2641.0	83.0
5.4738675E13	2641.0	83.0
5.4738683E13	2641.0	83.0
5.4738695E13	2641.0	83.0
5.4738704E13	2641.0	83.0
5.4738712E13	2643.0	83.0
5.4738725E13	2643.0	83.0
5.4738733E13	2643.0	83.0
5.4738746E13	2643.0	83.0
5.4738754E13	2643.0	83.0
5.4738763E13	2643.0	83.0
5.4738775E13	2643.0	83.0
5.4738784E13	2643.0	83.0
5.473879E13	2642.0	83.0
5.4738805E13	2642.0	83.0
5.4738813E13	2642.0	83.0
5.4738826E13	2642.0	83.0
5.473884E13	2644.0	83.0
5.4738842E13	2644.0	83.0
5.4738855E13	2644.0	83.0
5.4738863E13	2642.0	83.0
5.4738876E13	2642.0	83.0
5.4738884E13	2642.0	83.0
5.4738893E13	2642.0	83.0
5.4738905E13	2642.0	83.0
5.4738914E13	2642.0	83.0
5.473892E13	2642.0	83.0
5.4738935E13	2642.0	83.0
5.4738943E13	2642.0	83.0
5.4738956E13	2642.0	83.0
5.4738964E13	2642.0	83.0
5.4738972E13	2642.0	83.0
5.4738985E13	2646.0	83.0
5.4738993E13	2646.0	83.0
5.4739006E13	2646.0	83.0
5.4739014E13	2645.0	83.0
5.4739023E13	2645.0	83.0
5.4739035E13	2645.0	83.0
5.4739044E13	2645.0	83.0
5.473905E13	2644.0	82.0
5.4739065E13	2644.0	82.0
5.4739073E13	2644.0	83.0
5.4739086E13	2644.0	83.0
5.4739094E13	2643.0	83.0
5.4739102E13	2643.0	83.0
5.4739115E13	2643.0	83.0
5.4739123E13	2642.0	83.0
5.4739136E13	2642.0	83.0
5.4739144E13	2642.0	83.0
5.4739153E13	2642.0	83.0
5.4739165E13	2643.0	83.0
5.4739174E13	2643.0	83.0
5.4739186E13	2643.0	83.0
5.4739195E13	2643.0	83.0
5.4739203E13	2644.0	83.0
5.4739216E13	2644.0	83.0
5.4739224E13	2644.0	82.0
5.4739232E13	2644.0	82.0
5.4739245E13	2643.0	83.0
5.4739253E13	2643.0	83.0
5.4739266E13	2643.0	83.0
5.4739274E13	2645.0	83.0
5.473929E13	2645.0	83.0
5.47393E13	2645.0	83.0
5.4739304E13	2641.0	83.0
5.4739316E13	2641.0	83.0
5.4739325E13	2641.0	83.0
5.4739333E13	2641.0	83.0
5.4739346E13	2643.0	83.0
5.4739354E13	2643.0	83.0
5.4739362E13	2643.0	83.0
5.4739375E13	2643.0	83.0
5.4739383E13	2641.0	83.0
5.4739396E13	2641.0	83.0
5.4739404E13	2641.0	83.0
5.4739413E13	2641.0	83.0
5.4739425E13	2646.0	83.0
5.4739434E13	2646.0	83.0
5.4739446E13	2646.0	83.0
5.4739455E13	2646.0	83.0
5.4739463E13	2643.0	83.0
5.4739476E13	2643.0	83.0
5.4739484E13	2643.0	83.0
5.4739492E13	2643.0	83.0
5.4739505E13	2644.0	83.0
5.4739513E13	2644.0	83.0
5.4739526E13	2644.0	83.0
5.4739534E13	2644.0	83.0
5.4739543E13	2646.0	83.0
5.4739555E13	2646.0	83.0
5.4739564E13	2646.0	83.0
5.4739576E13	2646.0	83.0
5.4739585E13	2646.0	83.0
5.4739593E13	2646.0	83.0
5.4739606E13	2646.0	83.0
5.4739614E13	2646.0	83.0
5.4739622E13	2646.0	83.0
5.4739635E13	2646.0	83.0
5.4739643E13	2646.0	83.0
5.4739656E13	2648.0	83.0
5.4739664E13	2648.0	83.0
5.4739673E13	2648.0	83.0
5.4739685E13	2648.0	83.0
5.4739694E13	2645.0	83.0
5.4739706E13	2645.0	83.0
5.4739715E13	2645.0	83.0
5.4739723E13	2645.0	83.0
5.4739736E13	2647.0	83.0
5.4739744E13	2647.0	83.0
5.4739752E13	2647.0	83.0
5.4739765E13	2647.0	83.0
5.4739773E13	2647.0	83.0
5.4739786E13	2647.0	83.0
5.4739794E13	2647.0	83.0
5.4739803E13	2646.0	83.0
5.4739815E13	2646.0	83.0
5.4739824E13	2646.0	83.0
5.4739836E13	2647.0	83.0
5.4739845E13	2647.0	83.0
5.4739853E13	2647.0	83.0
5.4739866E13	2647.0	83.0
5.4739874E13	2647.0	83.0
5.4739887E13	2646.0	83.0
5.4739895E13	2646.0	83.0
5.4739903E13	2646.0	83.0
5.4739916E13	2647.0	82.0
5.4739924E13	2647.0	82.0
5.4739933E13	2647.0	83.0
5.4739945E13	2647.0	83.0
5.4739954E13	2645.0	83.0
5.4739966E13	2645.0	83.0
5.4739975E13	2645.0	83.0
5.4739983E13	2645.0	83.0
5.4739996E13	2645.0	83.0
5.4740004E13	2645.0	83.0
5.4740017E13	2645.0	83.0
5.4740025E13	2645.0	83.0
5.4740033E13	2644.0	83.0
5.4740046E13	2644.0	83.0
5.4740054E13	2644.0	83.0
5.4740063E13	2644.0	83.0
5.4740075E13	2644.0	83.0
5.4740084E13	2644.0	83.0
5.4740096E13	2644.0	83.0
5.4740105E13	2645.0	83.0
5.4740113E13	2645.0	83.0
5.4740126E13	2645.0	83.0
5.4740134E13	2645.0	83.0
5.4740147E13	2643.0	83.0
5.4740155E13	2643.0	83.0
5.4740163E13	2643.0	83.0
5.4740176E13	2643.0	83.0
5.4740184E13	2645.0	83.0
5.4740197E13	2645.0	83.0
5.4740205E13	2645.0	83.0
5.4740214E13	2645.0	83.0
5.4740226E13	2645.0	83.0
5.4740235E13	2645.0	83.0
5.4740243E13	2645.0	83.0
5.4740256E13	2644.0	83.0
5.4740264E13	2644.0	83.0
5.4740277E13	2644.0	83.0
5.4740285E13	2644.0	83.0
5.4740294E13	2647.0	83.0
5.4740306E13	2647.0	83.0
5.4740314E13	2647.0	83.0
5.4740327E13	2647.0	83.0
5.4740335E13	2645.0	83.0
5.4740344E13	2645.0	83.0
5.4740356E13	2645.0	83.0
5.4740365E13	2648.0	83.0
5.4740373E13	2648.0	83.0
5.4740386E13	2648.0	83.0
5.4740394E13	2648.0	83.0
5.4740407E13	2646.0	83.0
5.4740415E13	2646.0	83.0
5.4740424E13	2646.0	84.0
5.4740436E13	2646.0	84.0
5.4740445E13	2647.0	83.0
5.4740457E13	2647.0	84.0
5.4740465E13	2647.0	83.0
5.4740474E13	2647.0	83.0
5.4740486E13	2647.0	83.0
5.4740495E13	2647.0	83.0
5.4740507E13	2647.0	83.0
5.4740516E13	2647.0	83.0
5.4740524E13	2647.0	83.0
5.4740537E13	2647.0	83.0
5.4740545E13	2647.0	83.0
5.4740554E13	2647.0	83.0
5.4740566E13	2647.0	83.0
5.4740575E13	2647.0	83.0
5.4740587E13	2647.0	83.0
5.4740596E13	2646.0	83.0
5.4740604E13	2646.0	83.0
5.4740616E13	2647.0	83.0
5.4740625E13	2647.0	83.0
5.4740637E13	2647.0	83.0
5.4740646E13	2647.0	83.0
5.4740654E13	2647.0	83.0
5.4740667E13	2646.0	84.0
5.4740675E13	2646.0	84.0
5.4740684E13	2646.0	84.0
5.4740696E13	2646.0	84.0
5.4740705E13	2645.0	84.0
5.4740717E13	2645.0	83.0
5.4740726E13	2645.0	83.0
5.4740734E13	2645.0	83.0
5.4740747E13	2644.0	83.0
5.4740755E13	2644.0	83.0
5.4740767E13	2644.0	83.0
5.4740776E13	2643.0	83.0
5.4740784E13	2643.0	83.0
5.4740797E13	2643.0	83.0
5.4740805E13	2643.0	83.0
5.4740818E13	2643.0	84.0
5.4740826E13	2643.0	84.0
5.4740835E13	2643.0	84.0
5.4740847E13	2643.0	84.0
5.4740856E13	2638.0	83.0
5.4740864E13	2638.0	83.0
5.4740877E13	2638.0	83.0
5.4740885E13	2637.0	83.0
5.4740897E13	2637.0	82.0
5.4740906E13	2637.0	82.0
5.4740914E13	2639.0	82.0
5.4740927E13	2639.0	82.0
5.4740935E13	2639.0	82.0
5.4740948E13	2639.0	82.0
5.4740956E13	2636.0	82.0
5.4740965E13	2636.0	82.0
5.4740977E13	2636.0	82.0
5.4740986E13	2636.0	82.0
5.4740994E13	2636.0	82.0
5.4741007E13	2636.0	82.0
5.4741015E13	2636.0	82.0
5.4741028E13	2636.0	82.0
5.4741036E13	2636.0	82.0
5.4741053E13	2635.0	81.0
5.4741057E13	2635.0	82.0
5.4741065E13	2635.0	82.0
5.4741078E13	2634.0	82.0
5.4741086E13	2634.0	81.0
5.4741095E13	2634.0	81.0
5.4741107E13	2634.0	81.0
5.4741116E13	2634.0	82.0
5.4741124E13	2634.0	82.0
5.4741137E13	2634.0	82.0
5.4741145E13	2634.0	82.0
5.4741158E13	2636.0	82.0
5.4741166E13	2636.0	82.0
5.4741174E13	2636.0	82.0
5.4741187E13	2636.0	82.0
5.4741195E13	2635.0	83.0
5.4741208E13	2635.0	83.0
5.4741216E13	2635.0	83.0
5.4741225E13	2637.0	82.0
5.4741237E13	2637.0	82.0
5.4741246E13	2637.0	82.0
5.4741254E13	2637.0	82.0
5.4741267E13	2637.0	82.0
5.4741275E13	2637.0	82.0
5.4741288E13	2637.0	82.0
5.4741296E13	2637.0	82.0
5.4741304E13	2639.0	83.0
5.4741317E13	2639.0	83.0
5.4741325E13	2639.0	83.0
5.4741338E13	2639.0	83.0
5.4741346E13	2638.0	83.0
5.4741355E13	2638.0	83.0
5.4741367E13	2638.0	84.0
5.4741376E13	2635.0	83.0
5.474139E13	2635.0	83.0
5.4741397E13	2635.0	83.0
5.4741405E13	2635.0	83.0
5.4741418E13	2637.0	83.0
5.4741426E13	2637.0	82.0
5.4741434E13	2637.0	82.0
5.4741447E13	2637.0	82.0
5.4741455E13	2637.0	82.0
5.474147E13	2637.0	81.0
5.4741476E13	2637.0	81.0
5.4741485E13	2637.0	82.0
5.4741497E13	2636.0	82.0
5.4741506E13	2636.0	83.0
5.474152E13	2636.0	83.0
5.4741527E13	2636.0	83.0
5.4741535E13	2636.0	84.0
5.4741548E13	2636.0	84.0
5.4741556E13	2636.0	84.0
5.474157E13	2637.0	84.0
5.4741577E13	2637.0	84.0
5.4741585E13	2637.0	83.0
5.47416E13	2637.0	83.0
5.4741606E13	2637.0	83.0
5.4741615E13	2637.0	83.0
5.4741627E13	2637.0	83.0
5.4741636E13	2639.0	83.0
5.474165E13	2639.0	83.0
5.4741657E13	2639.0	83.0
5.4741665E13	2639.0	83.0
5.4741678E13	2641.0	83.0
5.4741686E13	2641.0	83.0
5.47417E13	2641.0	83.0
5.4741707E13	2641.0	83.0
5.4741715E13	2640.0	82.0
5.474173E13	2640.0	82.0
5.4741736E13	2640.0	82.0
5.4741745E13	2640.0	82.0
5.4741757E13	2641.0	82.0
5.4741766E13	2641.0	83.0
5.474178E13	2641.0	83.0
5.4741787E13	2641.0	83.0
5.4741795E13	2640.0	83.0
5.4741808E13	2640.0	83.0
5.4741816E13	2640.0	82.0
5.474183E13	2641.0	82.0
5.4741837E13	2641.0	82.0
5.4741845E13	2641.0	82.0
5.474186E13	2641.0	82.0
5.4741866E13	2641.0	82.0
5.4741875E13	2641.0	82.0
5.4741887E13	2641.0	82.0
5.4741896E13	2641.0	82.0
5.474191E13	2640.0	82.0
5.4741917E13	2640.0	83.0
5.4741925E13	2640.0	83.0
5.4741938E13	2640.0	83.0
5.4741946E13	2640.0	83.0
5.474196E13	2640.0	83.0
5.4741967E13	2640.0	83.0
5.4741975E13	2639.0	84.0
5.474199E13	2639.0	84.0
5.4741996E13	2639.0	83.0
5.474201E13	2639.0	83.0
5.4742017E13	2638.0	83.0
5.4742026E13	2638.0	83.0
5.474204E13	2638.0	83.0
5.4742047E13	2638.0	82.0
5.4742055E13	2639.0	82.0
5.4742068E13	2639.0	82.0
5.4742076E13	2639.0	82.0
5.474209E13	2639.0	82.0
5.4742097E13	2641.0	83.0
5.4742105E13	2641.0	83.0
5.474212E13	2641.0	83.0
5.4742126E13	2643.0	83.0
5.474214E13	2643.0	83.0
5.4742147E13	2643.0	83.0
5.4742156E13	2643.0	83.0
5.474217E13	2643.0	83.0
5.4742177E13	2643.0	83.0
5.474219E13	2643.0	83.0
5.4742198E13	2643.0	83.0
5.4742206E13	2643.0	83.0
5.474222E13	2643.0	83.0
5.4742227E13	2643.0	83.0
5.4742235E13	2643.0	83.0
5.474225E13	2643.0	83.0
5.4742256E13	2643.0	83.0
5.474227E13	2643.0	83.0
5.4742277E13	2643.0	83.0
5.4742286E13	2643.0	83.0
5.47423E13	2643.0	83.0
5.4742307E13	2643.0	83.0
5.474232E13	2644.0	83.0
5.4742328E13	2644.0	83.0
5.4742336E13	2644.0	82.0
5.474235E13	2644.0	82.0
5.4742357E13	2645.0	82.0
5.4742366E13	2645.0	82.0
5.4742382E13	2645.0	82.0
5.4742386E13	2645.0	82.0
5.47424E13	2645.0	82.0
5.4742407E13	2645.0	82.0
5.4742416E13	2645.0	82.0
5.474243E13	2644.0	82.0
5.4742437E13	2644.0	83.0
5.474245E13	2644.0	83.0
5.4742458E13	2644.0	83.0
5.4742466E13	2643.0	83.0
5.474248E13	2643.0	83.0
5.4742487E13	2643.0	83.0
5.4742496E13	2643.0	83.0
5.474251E13	2642.0	83.0
5.4742516E13	2642.0	83.0
5.474253E13	2639.0	84.0
5.4742537E13	2639.0	83.0
5.4742546E13	2639.0	83.0
5.474256E13	2639.0	83.0
5.4742567E13	2639.0	83.0
5.474258E13	2639.0	83.0
5.4742588E13	2639.0	83.0
5.4742596E13	2639.0	83.0
5.474261E13	2638.0	83.0
5.4742617E13	2638.0	83.0
5.4742626E13	2638.0	83.0
5.474264E13	2638.0	83.0
5.4742647E13	2636.0	83.0
5.474266E13	2636.0	83.0
5.4742667E13	2636.0	82.0
5.4742676E13	2636.0	82.0
5.474269E13	2636.0	82.0
5.4742697E13	2636.0	83.0
5.474271E13	2636.0	83.0
5.4742718E13	2636.0	83.0
5.4742726E13	2637.0	83.0
5.474274E13	2637.0	83.0
5.4742747E13	2637.0	83.0
5.4742756E13	2637.0	83.0
5.474277E13	2637.0	83.0
5.4742777E13	2637.0	83.0
5.474279E13	2637.0	83.0
5.4742798E13	2637.0	83.0
5.4742806E13	2637.0	83.0
5.4742823E13	2637.0	83.0
5.4742827E13	2637.0	83.0
5.474284E13	2637.0	83.0
5.4742848E13	2637.0	83.0
5.4742856E13	2637.0	83.0
5.474287E13	2637.0	83.0
5.4742877E13	2636.0	83.0
5.474289E13	2636.0	83.0
5.47429E13	2636.0	83.0
5.4742907E13	2636.0	83.0
5.474292E13	2636.0	83.0
5.4742928E13	2636.0	83.0
5.4742936E13	2636.0	82.0
5.474295E13	2636.0	82.0
5.4742957E13	2637.0	82.0
5.474297E13	2637.0	82.0
5.4742978E13	2637.0	81.0
5.4742986E13	2637.0	81.0
5.4743E13	2637.0	81.0
5.4743007E13	2637.0	81.0
5.474302E13	2637.0	81.0
5.474303E13	2638.0	82.0
5.4743037E13	2638.0	82.0
5.474305E13	2638.0	82.0
5.4743058E13	2638.0	82.0
5.4743066E13	2635.0	82.0
5.474308E13	2635.0	82.0
5.4743087E13	2635.0	82.0
5.47431E13	2635.0	82.0
5.4743108E13	2636.0	83.0
5.4743116E13	2636.0	83.0
5.474313E13	2636.0	83.0
5.4743137E13	2633.0	83.0
5.474315E13	2633.0	83.0
5.474316E13	2633.0	83.0
5.4743167E13	2633.0	82.0
5.474318E13	2634.0	83.0
5.4743188E13	2634.0	82.0
5.4743196E13	2634.0	82.0
5.474321E13	2634.0	82.0
5.4743217E13	2632.0	82.0
5.474323E13	2632.0	82.0
5.474324E13	2632.0	82.0
5.4743255E13	2632.0	82.0
5.474326E13	2634.0	82.0
5.4743267E13	2634.0	82.0
5.474328E13	2634.0	82.0
5.474329E13	2633.0	82.0
5.4743297E13	2633.0	82.0
5.474331E13	2633.0	82.0
5.4743318E13	2633.0	82.0
5.4743326E13	2633.0	83.0
5.474334E13	2633.0	82.0
5.4743347E13	2633.0	82.0
5.474336E13	2633.0	82.0
5.474337E13	2632.0	82.0
5.4743376E13	2632.0	82.0
5.474339E13	2632.0	82.0
5.4743397E13	2632.0	83.0
5.474341E13	2633.0	83.0
5.474342E13	2633.0	52.0
5.4743427E13	2633.0	83.0
5.474344E13	2633.0	83.0
5.4743448E13	2633.0	83.0
5.474346E13	2633.0	83.0
5.474347E13	2633.0	83.0
5.4743477E13	2634.0	82.0
5.474349E13	2634.0	52.0
5.47435E13	2634.0	52.0
5.4743506E13	2634.0	81.0
5.474352E13	2635.0	81.0
5.4743527E13	2635.0	81.0
5.474354E13	2635.0	81.0
5.474355E13	2635.0	52.0
5.4743557E13	2632.0	52.0
5.474357E13	2632.0	52.0
5.4743578E13	2632.0	52.0
5.474359E13	2633.0	52.0
5.47436E13	2633.0	52.0
5.4743607E13	2633.0	52.0
5.474362E13	2633.0	52.0
5.474363E13	2632.0	52.0
5.4743636E13	2632.0	52.0
5.474365E13	2632.0	52.0
5.4743657E13	2632.0	52.0
5.474367E13	2633.0	52.0
5.474368E13	2633.0	52.0
5.4743687E13	2633.0	52.0
5.47437E13	2633.0	52.0
5.4743708E13	2637.0	52.0
5.474372E13	2637.0	52.0
5.474373E13	2637.0	52.0
5.4743737E13	2636.0	52.0
5.474375E13	2636.0	52.0
5.474376E13	2636.0	52.0
5.4743766E13	2636.0	52.0
5.474378E13	2638.0	52.0
5.4743787E13	2638.0	52.0
5.47438E13	2638.0	52.0
5.474381E13	2638.0	52.0
5.4743817E13	2638.0	52.0
5.474383E13	2638.0	52.0
5.4743838E13	2638.0	52.0
5.474385E13	2638.0	52.0
5.474386E13	2639.0	83.0
5.4743867E13	2639.0	83.0
5.474388E13	2639.0	83.0
5.474389E13	2640.0	82.0
5.47439E13	2640.0	83.0
5.474391E13	2640.0	83.0
5.4743917E13	2640.0	82.0
5.474393E13	2641.0	83.0
5.474394E13	2641.0	83.0
5.4743947E13	2641.0	83.0
5.474396E13	2641.0	83.0
5.4743968E13	2643.0	83.0
5.474398E13	2643.0	83.0
5.474399E13	2643.0	83.0
5.4743997E13	2643.0	84.0
5.474401E13	2642.0	83.0
5.474402E13	2642.0	83.0
5.474403E13	2642.0	83.0
5.474404E13	2644.0	83.0
5.4744047E13	2644.0	83.0
5.474406E13	2644.0	83.0
5.474407E13	2644.0	83.0
5.474408E13	2645.0	83.0
5.474409E13	2645.0	83.0
5.4744098E13	2645.0	83.0
5.474411E13	2645.0	83.0
5.474412E13	2645.0	83.0
5.4744127E13	2645.0	83.0
5.474414E13	2645.0	83.0
5.474415E13	2645.0	52.0
5.474416E13	2643.0	83.0
5.474417E13	2643.0	83.0
5.4744177E13	2643.0	83.0
5.474419E13	2640.0	83.0
5.474421E13	2640.0	84.0
5.474422E13	2640.0	83.0
5.4744228E13	2639.0	83.0
5.474424E13	2639.0	83.0
5.4744257E13	2639.0	83.0
5.474427E13	2640.0	83.0
5.474428E13	2640.0	83.0
5.474429E13	2640.0	83.0
5.47443E13	2640.0	82.0
5.4744307E13	2642.0	82.0
5.474432E13	2642.0	82.0
5.474433E13	2642.0	82.0
5.474434E13	2640.0	82.0
5.474435E13	2640.0	82.0
5.4744358E13	2640.0	83.0
5.474437E13	2640.0	83.0
5.474438E13	2639.0	83.0
5.4744387E13	2639.0	83.0
5.47444E13	2639.0	83.0
5.474441E13	2639.0	83.0
5.474442E13	2639.0	83.0
5.474443E13	2639.0	83.0
5.4744437E13	2639.0	83.0
5.474445E13	2641.0	83.0
5.474446E13	2641.0	83.0
5.474447E13	2641.0	83.0
5.474448E13	2641.0	83.0
5.4744488E13	2643.0	83.0
5.47445E13	2643.0	83.0
5.474451E13	2643.0	83.0
5.474452E13	2644.0	83.0
5.474453E13	2644.0	83.0
5.474454E13	2644.0	83.0
5.474455E13	2644.0	83.0
5.474456E13	2644.0	83.0
5.4744568E13	2643.0	83.0
5.474458E13	2643.0	83.0
5.474459E13	2643.0	83.0
5.47446E13	2643.0	83.0
5.474461E13	2643.0	83.0
5.4744618E13	2643.0	83.0
5.474463E13	2644.0	83.0
5.474464E13	2644.0	83.0
5.474465E13	2644.0	83.0
5.474466E13	2644.0	83.0
5.474467E13	2644.0	83.0
5.474468E13	2644.0	83.0
5.474469E13	2644.0	83.0
5.4744698E13	2644.0	83.0
5.474471E13	2644.0	82.0
5.474472E13	2644.0	82.0
5.474473E13	2644.0	82.0
5.474474E13	2644.0	82.0
5.4744748E13	2647.0	82.0
5.474476E13	2647.0	83.0
5.474477E13	2647.0	83.0
5.474478E13	2647.0	83.0
5.474479E13	2646.0	83.0
5.47448E13	2646.0	83.0
5.474481E13	2646.0	83.0
5.474482E13	2646.0	83.0
5.4744828E13	2645.0	83.0
5.474484E13	2645.0	83.0
5.474485E13	2645.0	83.0
5.474486E13	2645.0	83.0
5.474487E13	2648.0	83.0
5.4744878E13	2648.0	83.0
5.474489E13	2648.0	83.0
5.474491E13	2648.0	83.0
5.474492E13	2648.0	83.0
5.474493E13	2648.0	83.0
5.474494E13	2646.0	83.0
5.474495E13	2646.0	83.0
5.474496E13	2646.0	83.0
5.474497E13	2646.0	83.0
5.474498E13	2647.0	83.0
5.474499E13	2647.0	83.0
5.4745E13	2647.0	83.0
5.474501E13	2647.0	83.0
5.474502E13	2645.0	83.0
5.474503E13	2645.0	83.0
5.474504E13	2645.0	83.0
5.474505E13	2645.0	83.0
5.474506E13	2645.0	83.0
5.474507E13	2645.0	83.0
5.474508E13	2645.0	83.0
5.474509E13	2646.0	83.0
5.47451E13	2646.0	83.0
5.474511E13	2646.0	83.0
5.474512E13	2646.0	83.0
5.474513E13	2646.0	83.0
5.474514E13	2646.0	83.0
5.474515E13	2646.0	83.0
5.474516E13	2646.0	83.0
5.474517E13	2644.0	83.0
5.474518E13	2644.0	83.0
5.474519E13	2644.0	83.0
5.47452E13	2643.0	83.0
5.474521E13	2643.0	83.0
5.474522E13	2643.0	82.0
5.474523E13	2643.0	82.0
5.474524E13	2643.0	82.0
5.474525E13	2643.0	82.0
5.474526E13	2643.0	82.0
5.4745272E13	2643.0	82.0
5.474528E13	2642.0	82.0
5.474529E13	2642.0	83.0
5.47453E13	2642.0	83.0
5.474531E13	2642.0	83.0
5.474532E13	2640.0	83.0
5.474533E13	2640.0	83.0
5.474534E13	2640.0	83.0
5.474535E13	2640.0	83.0
5.474536E13	2640.0	82.0
5.474537E13	2640.0	83.0
5.474538E13	2640.0	82.0
5.474539E13	2641.0	82.0
5.4745402E13	2641.0	83.0
5.474541E13	2641.0	83.0
5.4745423E13	2641.0	83.0
5.474543E13	2642.0	83.0
5.474544E13	2642.0	83.0
5.474545E13	2642.0	83.0
5.474546E13	2642.0	83.0
5.474547E13	2641.0	83.0
5.474548E13	2641.0	83.0
5.474549E13	2641.0	83.0
5.47455E13	2641.0	82.0
5.474551E13	2641.0	82.0
5.474552E13	2641.0	82.0
5.4745532E13	2641.0	82.0
5.474554E13	2643.0	83.0
5.474555E13	2643.0	83.0
5.474556E13	2643.0	83.0
5.474557E13	2641.0	83.0
5.474558E13	2641.0	83.0
5.474559E13	2641.0	83.0
5.47456E13	2641.0	83.0
5.474561E13	2644.0	83.0
5.474562E13	2644.0	83.0
5.474563E13	2644.0	83.0
5.474564E13	2642.0	83.0
5.474565E13	2642.0	83.0
5.4745662E13	2642.0	83.0
5.474567E13	2642.0	83.0
5.474568E13	2645.0	83.0
5.474569E13	2645.0	83.0
5.4745704E13	2645.0	83.0
5.474571E13	2645.0	83.0
5.474572E13	2645.0	83.0
5.474573E13	2647.0	83.0
5.474574E13	2647.0	83.0
5.474575E13	2647.0	83.0
5.474576E13	2647.0	83.0
5.474577E13	2644.0	83.0
5.474578E13	2644.0	83.0
5.4745792E13	2644.0	83.0
5.47458E13	2647.0	83.0
5.474581E13	2647.0	83.0
5.474582E13	2647.0	83.0
5.474583E13	2647.0	83.0
5.4745843E13	2644.0	83.0
5.474585E13	2644.0	83.0
5.474586E13	2644.0	83.0
5.474587E13	2644.0	83.0
5.474588E13	2643.0	83.0
5.474589E13	2643.0	83.0
5.47459E13	2643.0	83.0
5.474591E13	2643.0	83.0
5.4745922E13	2645.0	83.0
5.474593E13	2645.0	83.0
5.474594E13	2645.0	83.0
5.474595E13	2645.0	83.0
5.474596E13	2645.0	83.0
5.4745973E13	2645.0	82.0
5.474598E13	2645.0	83.0
5.474599E13	2647.0	83.0
5.4746E13	2647.0	83.0
5.474601E13	2647.0	83.0
5.474602E13	2647.0	83.0
5.474603E13	2647.0	83.0
5.474604E13	2647.0	83.0
5.4746052E13	2647.0	83.0
5.474606E13	2647.0	83.0
5.4746103E13	2650.0	83.0
5.474611E13	2650.0	83.0
5.474612E13	2650.0	83.0
5.474613E13	2650.0	83.0
5.474614E13	2649.0	83.0
5.4746153E13	2649.0	83.0
5.474616E13	2649.0	83.0
5.474617E13	2649.0	83.0
5.4746182E13	2649.0	83.0
5.474619E13	2649.0	82.0
5.47462E13	2649.0	83.0
5.474621E13	2649.0	83.0
5.474622E13	2647.0	83.0
5.4746233E13	2647.0	83.0
5.474624E13	2647.0	83.0
5.474625E13	2648.0	83.0
5.474626E13	2648.0	83.0
5.474627E13	2648.0	83.0
5.4746283E13	2648.0	83.0
5.474629E13	2647.0	83.0
5.47463E13	2647.0	83.0
5.4746312E13	2647.0	83.0
5.474632E13	2647.0	83.0
5.4746333E13	2645.0	83.0
5.474634E13	2645.0	83.0
5.474635E13	2646.0	83.0
5.4746363E13	2646.0	83.0
5.474637E13	2646.0	83.0
5.474638E13	2646.0	83.0
5.474639E13	2646.0	83.0
5.47464E13	2649.0	83.0
5.4746413E13	2649.0	83.0
5.474642E13	2649.0	83.0
5.474643E13	2649.0	83.0
5.4746442E13	2646.0	83.0
5.474645E13	2646.0	83.0
5.474646E13	2646.0	83.0
5.474647E13	2646.0	83.0
5.474648E13	2649.0	83.0
5.4746493E13	2649.0	83.0
5.47465E13	2649.0	83.0
5.474651E13	2647.0	83.0
5.474652E13	2647.0	83.0
5.474653E13	2647.0	83.0
5.4746543E13	2647.0	83.0
5.474655E13	2644.0	83.0
5.474656E13	2644.0	83.0
5.4746572E13	2644.0	83.0
5.474658E13	2646.0	83.0
5.4746593E13	2646.0	83.0
5.47466E13	2646.0	83.0
5.474661E13	2646.0	83.0
5.4746623E13	2646.0	83.0
5.474663E13	2645.0	83.0
5.474664E13	2645.0	83.0
5.474665E13	2645.0	83.0
5.474666E13	2647.0	83.0
5.4746673E13	2647.0	57.0
5.474668E13	2647.0	83.0
5.474669E13	2647.0	83.0
5.4746702E13	2647.0	83.0
5.474671E13	2647.0	83.0
5.4746723E13	2647.0	83.0
5.474673E13	2647.0	83.0
5.474674E13	2646.0	83.0
5.4746753E13	2646.0	83.0
5.474676E13	2646.0	83.0
5.474677E13	2646.0	83.0
5.4746782E13	2645.0	83.0
5.474679E13	2645.0	83.0
5.4746803E13	2645.0	83.0
5.474681E13	2644.0	83.0
5.474682E13	2644.0	83.0
5.4746832E13	2644.0	83.0
5.474684E13	2644.0	83.0
5.474686E13	2645.0	83.0
5.4746874E13	2645.0	83.0
5.4746883E13	2645.0	83.0
5.474689E13	2644.0	83.0
5.47469E13	2644.0	83.0
5.4746912E13	2644.0	83.0
5.474692E13	2644.0	83.0
5.4746933E13	2644.0	83.0
5.474694E13	2644.0	83.0
5.474695E13	2644.0	83.0
5.4746962E13	2643.0	83.0
5.474697E13	2643.0	83.0
5.4746983E13	2643.0	83.0
5.474699E13	2643.0	83.0
5.4747E13	2646.0	83.0
5.4747013E13	2646.0	83.0
5.474702E13	2646.0	83.0
5.4747034E13	2646.0	83.0
5.4747042E13	2642.0	83.0
5.474705E13	2642.0	83.0
5.4747063E13	2642.0	83.0
5.474707E13	2642.0	83.0
5.474708E13	2642.0	83.0
5.4747092E13	2642.0	83.0
5.47471E13	2642.0	83.0
5.4747113E13	2641.0	83.0
5.474712E13	2641.0	83.0
5.474713E13	2641.0	83.0
5.4747143E13	2641.0	83.0
5.474715E13	2643.0	83.0
5.4747164E13	2643.0	83.0
5.4747172E13	2643.0	83.0
5.474718E13	2643.0	83.0
5.4747193E13	2642.0	52.0
5.47472E13	2642.0	83.0
5.474721E13	2642.0	83.0
5.4747223E13	2642.0	83.0
5.474723E13	2643.0	83.0
5.4747243E13	2643.0	83.0
5.474726E13	2645.0	83.0
5.4747273E13	2645.0	83.0
5.474728E13	2645.0	83.0
5.4747294E13	2645.0	83.0
5.4747302E13	2643.0	83.0
5.474731E13	2643.0	83.0
5.4747323E13	2643.0	83.0
5.474733E13	2643.0	83.0
5.474734E13	2643.0	83.0
5.4747353E13	2643.0	83.0
5.474736E13	2643.0	83.0
5.4747374E13	2643.0	83.0
5.474738E13	2643.0	83.0
5.4747403E13	2643.0	83.0
5.474741E13	2642.0	83.0
5.4747424E13	2642.0	83.0
5.4747432E13	2642.0	83.0
5.474744E13	2642.0	83.0
5.4747453E13	2642.0	83.0
5.474746E13	2642.0	83.0
5.4747474E13	2642.0	83.0
5.4747483E13	2642.0	83.0
5.474749E13	2640.0	83.0
5.4747504E13	2640.0	83.0
5.474751E13	2640.0	83.0
5.474752E13	2640.0	83.0
5.474754E13	2641.0	83.0
5.4747554E13	2641.0	83.0
5.4747562E13	2640.0	83.0
5.4747575E13	2640.0	83.0
5.4747583E13	2640.0	83.0
5.474759E13	2640.0	83.0
5.4747604E13	2638.0	83.0
5.4747613E13	2638.0	83.0
5.474762E13	2638.0	83.0
5.4747634E13	2640.0	83.0
5.474764E13	2640.0	83.0
5.4747655E13	2640.0	83.0
5.4747663E13	2640.0	83.0
5.474767E13	2640.0	83.0
5.4747684E13	2637.0	83.0
5.4747692E13	2637.0	83.0
5.47477E13	2637.0	83.0
5.4747713E13	2636.0	83.0
5.474772E13	2636.0	83.0
5.4747734E13	2636.0	83.0
5.4747743E13	2633.0	83.0
5.474775E13	2633.0	83.0
5.4747764E13	2633.0	83.0
5.474777E13	2633.0	83.0
5.474778E13	2633.0	83.0
5.4747793E13	2632.0	83.0
5.47478E13	2632.0	83.0
5.4747814E13	2632.0	83.0
5.4747822E13	2632.0	83.0
5.474783E13	2627.0	83.0
5.4747843E13	2627.0	83.0
5.474785E13	2627.0	83.0
5.4747864E13	2624.0	83.0
5.4747873E13	2624.0	83.0
5.474788E13	2624.0	83.0
5.4747894E13	2624.0	83.0
5.47479E13	2618.0	83.0
5.4747915E13	2618.0	83.0
5.4747923E13	2618.0	83.0
5.474793E13	2618.0	83.0
5.4747944E13	2612.0	83.0
5.4747952E13	2612.0	83.0
5.474796E13	2612.0	83.0
5.4747973E13	2612.0	83.0
5.474798E13	2606.0	83.0
5.4747994E13	2606.0	84.0
5.4748003E13	2606.0	84.0
5.474801E13	2602.0	84.0
5.4748024E13	2602.0	84.0
5.474803E13	2602.0	84.0
5.4748045E13	2602.0	84.0
5.4748053E13	2600.0	83.0
5.474806E13	2600.0	83.0
5.4748074E13	2600.0	83.0
5.4748082E13	2600.0	83.0
5.474809E13	2597.0	83.0
5.4748103E13	2597.0	83.0
5.474811E13	2597.0	83.0
5.4748124E13	2597.0	83.0
5.4748133E13	2594.0	83.0
5.474814E13	2594.0	83.0
5.4748154E13	2594.0	83.0
5.474816E13	2593.0	83.0
5.4748175E13	2593.0	83.0
5.4748183E13	2593.0	83.0
5.474819E13	2593.0	83.0
5.4748204E13	2592.0	83.0
5.4748212E13	2592.0	83.0
5.4748225E13	2592.0	83.0
5.4748233E13	2587.0	83.0
5.474824E13	2587.0	83.0
5.4748254E13	2587.0	84.0
5.4748263E13	2585.0	84.0
5.474827E13	2585.0	84.0
5.4748284E13	2585.0	83.0
5.474829E13	2585.0	83.0
5.4748305E13	2579.0	83.0
5.4748313E13	2579.0	83.0
5.474832E13	2579.0	83.0
5.4748334E13	2579.0	83.0
5.4748342E13	2577.0	83.0
5.4748355E13	2577.0	83.0
5.4748363E13	2577.0	83.0
5.474837E13	2577.0	83.0
5.4748384E13	2576.0	83.0
5.4748393E13	2576.0	83.0
5.47484E13	2576.0	83.0
5.4748414E13	2576.0	83.0
5.474842E13	2576.0	83.0
5.4748435E13	2576.0	84.0
5.4748443E13	2576.0	84.0
5.474845E13	2572.0	83.0
5.4748464E13	2572.0	83.0
5.4748472E13	2572.0	83.0
5.4748485E13	2572.0	83.0
5.4748498E13	2576.0	83.0
5.47485E13	2576.0	83.0
5.4748514E13	2576.0	83.0
5.4748523E13	2576.0	83.0
5.474853E13	2576.0	83.0
5.4748544E13	2577.0	83.0
5.4748552E13	2577.0	83.0
5.4748565E13	2577.0	83.0
5.4748573E13	2582.0	83.0
5.474858E13	2582.0	83.0
5.4748594E13	2582.0	83.0
5.4748602E13	2582.0	83.0
5.4748615E13	2583.0	83.0
5.4748623E13	2583.0	83.0
5.474863E13	2583.0	83.0
5.4748644E13	2581.0	83.0
5.4748653E13	2581.0	83.0
5.474866E13	2581.0	83.0
5.4748674E13	2581.0	83.0
5.4748682E13	2580.0	83.0
5.4748695E13	2580.0	83.0
5.4748703E13	2580.0	83.0
5.474871E13	2580.0	83.0
5.4748724E13	2577.0	83.0
5.4748732E13	2577.0	83.0
5.4748745E13	2577.0	83.0
5.4748753E13	2577.0	83.0
5.474876E13	2577.0	83.0
5.4748774E13	2577.0	83.0
5.4748783E13	2577.0	83.0
5.4748795E13	2577.0	83.0
5.4748804E13	2580.0	83.0
5.4748812E13	2580.0	83.0
5.4748825E13	2580.0	83.0
5.4748833E13	2580.0	83.0
5.474884E13	2581.0	83.0
5.4748854E13	2581.0	83.0
5.4748862E13	2581.0	83.0
5.4748875E13	2582.0	83.0
5.4748888E13	2582.0	83.0
5.474889E13	2582.0	83.0
5.4748904E13	2582.0	84.0
5.4748913E13	2582.0	84.0
5.4748925E13	2582.0	84.0
5.4748934E13	2582.0	83.0
5.4748942E13	2582.0	83.0
5.4748955E13	2584.0	83.0
5.4748963E13	2584.0	83.0
5.474897E13	2584.0	83.0
5.4748984E13	2584.0	83.0
5.4748993E13	2585.0	83.0
5.4749005E13	2585.0	83.0
5.4749013E13	2585.0	83.0
5.474902E13	2587.0	83.0
5.4749034E13	2587.0	83.0
5.4749043E13	2587.0	83.0
5.4749055E13	2587.0	83.0
5.4749064E13	2591.0	83.0
5.4749072E13	2591.0	83.0
5.4749085E13	2591.0	83.0
5.4749093E13	2591.0	83.0
5.47491E13	2594.0	83.0
5.4749114E13	2594.0	83.0
5.4749123E13	2594.0	83.0
5.4749135E13	2594.0	83.0
5.4749143E13	2601.0	83.0
5.474915E13	2601.0	82.0
5.4749164E13	2601.0	83.0
5.4749173E13	2604.0	83.0
5.4749185E13	2604.0	83.0
5.4749194E13	2604.0	83.0
5.4749202E13	2604.0	83.0
5.4749215E13	2610.0	83.0
5.4749223E13	2610.0	83.0
5.4749236E13	2610.0	83.0
5.4749244E13	2610.0	83.0
5.4749253E13	2617.0	83.0
5.4749265E13	2617.0	83.0
5.4749274E13	2617.0	83.0
5.474928E13	2617.0	83.0
5.4749294E13	2618.0	82.0
5.4749303E13	2618.0	82.0
5.4749315E13	2618.0	82.0
5.4749324E13	2619.0	83.0
5.4749332E13	2619.0	83.0
5.4749345E13	2619.0	83.0
5.4749353E13	2619.0	83.0
5.4749366E13	2620.0	83.0
5.4749374E13	2620.0	83.0
5.4749383E13	2620.0	83.0
5.4749395E13	2620.0	83.0
5.4749404E13	2623.0	82.0
5.474941E13	2623.0	82.0
5.4749425E13	2623.0	82.0
5.4749433E13	2623.0	82.0
5.4749445E13	2623.0	82.0
5.4749454E13	2623.0	82.0
5.4749462E13	2623.0	83.0
5.4749475E13	2628.0	83.0
5.4749483E13	2628.0	83.0
5.4749496E13	2628.0	83.0
5.4749504E13	2628.0	83.0
5.4749513E13	2630.0	83.0
5.4749525E13	2630.0	83.0
5.4749534E13	2630.0	83.0
5.4749546E13	2630.0	82.0
5.4749555E13	2630.0	82.0
5.4749563E13	2630.0	83.0
5.4749576E13	2630.0	83.0
5.4749584E13	2629.0	83.0
5.4749592E13	2629.0	83.0
5.4749605E13	2629.0	83.0
5.4749613E13	2630.0	83.0
5.4749626E13	2630.0	83.0
5.4749634E13	2630.0	83.0
5.4749643E13	2630.0	83.0
5.4749655E13	2627.0	83.0
5.4749664E13	2627.0	83.0
5.4749676E13	2627.0	83.0
5.4749685E13	2627.0	83.0
5.4749693E13	2627.0	83.0
5.4749714E13	2627.0	83.0
5.4749706E13	2627.0	83.0
5.4749722E13	2627.0	83.0
5.4749735E13	2630.0	83.0
5.4749743E13	2630.0	83.0
5.4749756E13	2630.0	83.0
5.4749764E13	2630.0	83.0
5.4749773E13	2627.0	83.0
5.4749785E13	2627.0	83.0
5.4749794E13	2627.0	83.0
5.4749806E13	2627.0	83.0
5.4749815E13	2628.0	83.0
5.4749823E13	2628.0	83.0
5.4749836E13	2628.0	83.0
5.4749844E13	2628.0	82.0
5.4749857E13	2630.0	82.0
5.4749865E13	2630.0	82.0
5.4749873E13	2630.0	82.0
5.4749886E13	2630.0	82.0
5.4749894E13	2633.0	82.0
5.4749903E13	2633.0	82.0
5.4749915E13	2633.0	82.0
5.4749924E13	2632.0	83.0
5.4749936E13	2632.0	83.0
5.4749945E13	2632.0	83.0
5.4749957E13	2632.0	83.0
5.4749966E13	2633.0	83.0
5.4749974E13	2633.0	83.0
5.4749987E13	2633.0	83.0
5.4749995E13	2633.0	83.0
5.4750003E13	2635.0	83.0
5.4750016E13	2635.0	83.0
5.4750024E13	2635.0	83.0
5.4750033E13	2635.0	83.0
5.4750045E13	2636.0	83.0
5.4750054E13	2636.0	83.0
5.4750066E13	2636.0	83.0
5.4750075E13	2636.0	83.0
5.4750083E13	2636.0	83.0
5.4750096E13	2636.0	83.0
5.4750104E13	2636.0	83.0
5.4750117E13	2636.0	83.0
5.4750125E13	2636.0	83.0
5.4750133E13	2636.0	83.0
5.4750146E13	2636.0	83.0
5.4750154E13	2636.0	83.0
5.4750163E13	2636.0	83.0
5.4750175E13	2636.0	83.0
5.4750184E13	2640.0	83.0
5.4750196E13	2640.0	83.0
5.4750205E13	2640.0	83.0
5.4750213E13	2640.0	83.0
5.4750226E13	2640.0	83.0
5.4750234E13	2640.0	83.0
5.4750247E13	2640.0	83.0
5.4750255E13	2640.0	83.0
5.4750263E13	2642.0	83.0
5.4750276E13	2642.0	83.0
5.4750284E13	2642.0	83.0
5.4750297E13	2642.0	83.0
5.4750305E13	2645.0	83.0
5.4750314E13	2645.0	83.0
5.4750326E13	2645.0	83.0
5.4750335E13	2648.0	83.0
5.4750343E13	2648.0	83.0
5.4750356E13	2648.0	83.0
5.4750364E13	2648.0	83.0
5.4750377E13	2648.0	83.0
5.4750385E13	2648.0	84.0
5.4750393E13	2648.0	84.0
5.4750406E13	2648.0	84.0
5.4750414E13	2648.0	84.0
5.4750423E13	2648.0	84.0
5.4750435E13	2648.0	83.0
5.4750444E13	2648.0	83.0
5.4750456E13	2648.0	83.0
5.4750465E13	2648.0	83.0
5.4750473E13	2648.0	83.0
5.4750486E13	2650.0	83.0
5.4750494E13	2650.0	83.0
5.4750507E13	2650.0	83.0
5.4750515E13	2650.0	83.0
5.4750523E13	2646.0	83.0
5.4750536E13	2646.0	83.0
5.4750544E13	2646.0	83.0
5.4750557E13	2646.0	83.0
5.4750565E13	2645.0	83.0
5.4750574E13	2645.0	83.0
5.4750586E13	2645.0	83.0
5.4750595E13	2645.0	83.0
5.4750607E13	2642.0	83.0
5.4750616E13	2642.0	82.0
5.4750624E13	2639.0	82.0
5.4750637E13	2639.0	83.0
5.4750645E13	2639.0	83.0
5.4750653E13	2639.0	83.0
5.4750666E13	2639.0	83.0
5.4750674E13	2639.0	83.0
5.4750687E13	2639.0	83.0
5.4750695E13	2639.0	83.0
5.4750704E13	2637.0	83.0
5.4750716E13	2637.0	83.0
5.4750725E13	2637.0	83.0
5.4750737E13	2637.0	57.0
5.4750746E13	2638.0	83.0
5.4750754E13	2638.0	82.0
5.4750767E13	2638.0	82.0
5.4750775E13	2638.0	82.0
5.4750783E13	2636.0	82.0
5.4750796E13	2636.0	83.0
5.4750804E13	2636.0	83.0
5.4750817E13	2636.0	83.0
5.4750825E13	2639.0	83.0
5.4750834E13	2639.0	83.0
5.4750846E13	2639.0	83.0
5.4750855E13	2639.0	83.0
5.4750867E13	2638.0	83.0
5.4750876E13	2638.0	83.0
5.4750884E13	2638.0	83.0
5.4750897E13	2638.0	83.0
5.4750905E13	2640.0	83.0
5.4750913E13	2640.0	83.0
5.4750926E13	2640.0	83.0
5.4750934E13	2640.0	83.0
5.4750947E13	2640.0	83.0
5.4750955E13	2640.0	83.0
5.4750964E13	2640.0	83.0
5.4750976E13	2640.0	83.0
5.4750985E13	2640.0	83.0
5.4750997E13	2640.0	83.0
5.4751006E13	2640.0	83.0
5.4751014E13	2639.0	83.0
5.4751027E13	2639.0	83.0
5.4751035E13	2639.0	83.0
5.4751048E13	2639.0	83.0
5.4751056E13	2638.0	83.0
5.4751064E13	2638.0	83.0
5.4751077E13	2638.0	83.0
5.4751085E13	2639.0	83.0
5.4751094E13	2639.0	83.0
5.4751106E13	2639.0	83.0
5.4751115E13	2639.0	83.0
5.4751127E13	2640.0	83.0
5.4751136E13	2640.0	83.0
5.4751144E13	2640.0	83.0
5.4751157E13	2640.0	83.0
5.4751165E13	2642.0	83.0
5.4751178E13	2642.0	83.0
5.4751186E13	2642.0	83.0
5.4751195E13	2642.0	83.0
5.4751207E13	2639.0	83.0
5.4751215E13	2639.0	83.0
5.4751224E13	2639.0	83.0
5.4751236E13	2641.0	83.0
5.4751245E13	2641.0	83.0
5.4751257E13	2641.0	83.0
5.4751266E13	2641.0	83.0
5.4751274E13	2639.0	83.0
5.4751287E13	2639.0	83.0
5.4751295E13	2639.0	83.0
5.4751308E13	2639.0	83.0
5.4751316E13	2642.0	83.0
5.4751325E13	2642.0	83.0
5.4751337E13	2642.0	83.0
5.4751346E13	2642.0	83.0
5.4751354E13	2642.0	83.0
5.4751366E13	2642.0	83.0
5.4751375E13	2642.0	83.0
5.4751387E13	2644.0	83.0
5.4751396E13	2644.0	83.0
5.4751404E13	2644.0	83.0
5.4751417E13	2644.0	83.0
5.4751425E13	2644.0	83.0
5.4751438E13	2644.0	83.0
5.4751446E13	2644.0	83.0
5.4751455E13	2644.0	83.0
5.4751467E13	2646.0	83.0
5.4751476E13	2646.0	83.0
5.475149E13	2646.0	83.0
5.4751497E13	2646.0	83.0
5.4751505E13	2646.0	83.0
5.475152E13	2646.0	83.0
5.475153E13	2645.0	83.0
5.4751534E13	2645.0	83.0
5.4751547E13	2645.0	83.0
5.475156E13	2645.0	83.0
5.4751568E13	2645.0	83.0
5.4751576E13	2642.0	83.0
5.4751585E13	2642.0	83.0
5.4751597E13	2642.0	83.0
5.4751606E13	2642.0	83.0
5.475162E13	2642.0	83.0
5.4751627E13	2642.0	83.0
5.4751635E13	2642.0	83.0
5.4751647E13	2642.0	83.0
5.4751656E13	2642.0	83.0
5.4751664E13	2642.0	83.0
5.4751677E13	2642.0	83.0
5.4751685E13	2643.0	83.0
5.4751698E13	2643.0	83.0
5.4751706E13	2643.0	83.0
5.4751715E13	2643.0	83.0
5.4751727E13	2642.0	83.0
5.4751736E13	2642.0	83.0
5.475175E13	2642.0	83.0
5.4751757E13	2642.0	83.0
5.4751765E13	2642.0	83.0
5.4751778E13	2642.0	83.0
5.4751786E13	2642.0	83.0
5.4751794E13	2642.0	83.0
5.4751807E13	2643.0	83.0
5.4751815E13	2643.0	83.0
5.4751828E13	2643.0	83.0
5.4751836E13	2646.0	83.0
5.4751845E13	2646.0	83.0
5.4751857E13	2646.0	83.0
5.4751866E13	2646.0	83.0
5.475188E13	2642.0	83.0
5.4751887E13	2642.0	83.0
5.4751895E13	2642.0	83.0
5.4751908E13	2642.0	83.0
5.4751916E13	2644.0	83.0
5.475193E13	2644.0	83.0
5.4751937E13	2644.0	83.0
5.4751945E13	2643.0	83.0
5.4751958E13	2643.0	83.0
5.4751966E13	2643.0	83.0
5.4751975E13	2643.0	83.0
5.4751987E13	2644.0	83.0
5.4751996E13	2644.0	83.0
5.475201E13	2644.0	83.0
5.4752017E13	2644.0	83.0
5.4752025E13	2644.0	83.0
5.4752038E13	2644.0	83.0
5.4752046E13	2644.0	83.0
5.475206E13	2644.0	83.0
5.4752067E13	2641.0	83.0
5.4752075E13	2641.0	83.0
5.4752088E13	2641.0	83.0
5.4752096E13	2643.0	83.0
5.4752105E13	2643.0	83.0
5.4752117E13	2643.0	83.0
5.4752126E13	2643.0	83.0
5.475214E13	2642.0	83.0
5.4752147E13	2642.0	83.0
5.4752155E13	2642.0	83.0
5.4752168E13	2642.0	83.0
5.4752176E13	2644.0	83.0
5.475219E13	2644.0	83.0
5.4752197E13	2644.0	83.0
5.4752205E13	2644.0	83.0
5.475222E13	2643.0	83.0
5.4752226E13	2643.0	83.0
5.4752235E13	2643.0	83.0
5.4752247E13	2645.0	83.0
5.4752256E13	2645.0	83.0
5.475227E13	2645.0	83.0
5.4752277E13	2645.0	83.0
5.4752285E13	2646.0	83.0
5.4752298E13	2646.0	83.0
5.4752306E13	2646.0	83.0
5.475232E13	2646.0	83.0
5.4752327E13	2646.0	83.0
5.4752335E13	2646.0	83.0
5.475235E13	2646.0	83.0
5.4752356E13	2646.0	83.0
5.4752365E13	2646.0	83.0
5.4752377E13	2646.0	83.0
5.4752386E13	2646.0	83.0
5.47524E13	2646.0	83.0
5.4752407E13	2646.0	83.0
5.4752415E13	2646.0	83.0
5.4752428E13	2646.0	83.0
5.4752436E13	2647.0	84.0
5.475245E13	2647.0	84.0
5.4752457E13	2647.0	84.0
5.4752465E13	2646.0	83.0
5.475248E13	2646.0	83.0
5.4752486E13	2646.0	83.0
5.47525E13	2646.0	83.0
5.4752507E13	2646.0	83.0
5.4752516E13	2648.0	83.0
5.475253E13	2648.0	83.0
5.4752537E13	2648.0	83.0
5.4752545E13	2648.0	83.0
5.4752558E13	2648.0	83.0
5.4752566E13	2648.0	51.0
5.475258E13	2648.0	51.0
5.4752587E13	2647.0	52.0
5.4752595E13	2647.0	52.0
5.475261E13	2647.0	52.0
5.4752616E13	2647.0	83.0
5.475263E13	2647.0	52.0
5.4752637E13	2647.0	83.0
5.4752646E13	2647.0	83.0
5.475266E13	2647.0	52.0
5.4752667E13	2646.0	83.0
5.4752675E13	2646.0	83.0
5.4752688E13	2646.0	52.0
5.4752696E13	2646.0	51.0
5.475271E13	2646.0	51.0
5.4752717E13	2646.0	51.0
5.4752725E13	2646.0	51.0
5.475274E13	2647.0	52.0
5.4752746E13	2647.0	52.0
5.475276E13	2647.0	52.0
5.4752767E13	2647.0	52.0
5.4752776E13	2647.0	52.0
5.475279E13	2647.0	52.0
5.4752797E13	2647.0	52.0
5.475281E13	2647.0	83.0
5.4752818E13	2648.0	83.0
5.4752826E13	2648.0	83.0
5.475284E13	2648.0	83.0
5.4752847E13	2650.0	83.0
5.4752855E13	2650.0	83.0
5.4752876E13	2650.0	83.0
5.4752885E13	2650.0	83.0
5.475289E13	2645.0	83.0
5.4752897E13	2645.0	83.0
5.4752914E13	2645.0	83.0
5.475292E13	2645.0	83.0
5.4752927E13	2647.0	83.0
5.475294E13	2647.0	83.0
5.4752948E13	2647.0	83.0
5.4752956E13	2647.0	83.0
5.475297E13	2646.0	83.0
5.4752977E13	2646.0	83.0
5.4752985E13	2646.0	83.0
5.4753E13	2645.0	83.0
5.4753006E13	2645.0	83.0
5.475302E13	2645.0	83.0
5.4753027E13	2645.0	83.0
5.4753036E13	2646.0	83.0
5.475305E13	2646.0	83.0
5.4753057E13	2646.0	83.0
5.475307E13	2646.0	83.0
5.4753078E13	2645.0	83.0
5.4753086E13	2645.0	83.0
5.47531E13	2645.0	83.0
5.4753107E13	2645.0	83.0
5.475312E13	2645.0	83.0
5.475313E13	2645.0	83.0
5.4753136E13	2645.0	83.0
5.475315E13	2645.0	83.0
5.4753157E13	2645.0	83.0
5.4753166E13	2645.0	83.0
5.475318E13	2645.0	83.0
5.4753187E13	2646.0	83.0
5.47532E13	2646.0	83.0
5.4753208E13	2646.0	83.0
5.4753216E13	2646.0	83.0
5.475323E13	2644.0	83.0
5.4753237E13	2644.0	83.0
5.475325E13	2644.0	83.0
5.475326E13	2644.0	83.0
5.4753266E13	2646.0	83.0
5.475328E13	2646.0	83.0
5.4753287E13	2646.0	83.0
5.4753296E13	2647.0	83.0
5.475331E13	2647.0	83.0
5.4753317E13	2647.0	83.0
5.475333E13	2647.0	83.0
5.4753338E13	2646.0	83.0
5.4753346E13	2646.0	83.0
5.475336E13	2646.0	83.0
5.4753367E13	2646.0	83.0
5.475338E13	2648.0	83.0
5.475339E13	2648.0	83.0
5.4753397E13	2648.0	83.0
5.475341E13	2648.0	83.0
5.4753417E13	2646.0	83.0
5.4753426E13	2646.0	83.0
5.475344E13	2648.0	83.0
5.4753447E13	2648.0	83.0
5.475346E13	2648.0	83.0
5.4753468E13	2648.0	83.0
5.4753476E13	2648.0	82.0
5.475349E13	2648.0	83.0
5.4753497E13	2648.0	83.0
5.475351E13	2648.0	83.0
5.475352E13	2649.0	83.0
5.4753527E13	2649.0	83.0
5.475354E13	2649.0	83.0
5.4753548E13	2649.0	83.0
5.475356E13	2649.0	83.0
5.475357E13	2649.0	83.0
5.4753577E13	2649.0	83.0
5.475359E13	2651.0	83.0
5.4753598E13	2651.0	83.0
5.4753606E13	2651.0	83.0
5.475362E13	2651.0	83.0
5.4753627E13	2649.0	83.0
5.475364E13	2649.0	83.0
5.475365E13	2649.0	83.0
5.4753657E13	2649.0	83.0
5.475367E13	2651.0	83.0
5.4753678E13	2651.0	83.0
5.475369E13	2651.0	83.0
5.47537E13	2651.0	83.0
5.4753707E13	2651.0	83.0
5.475372E13	2651.0	83.0
5.4753728E13	2651.0	83.0
5.4753736E13	2652.0	83.0
5.475375E13	2652.0	83.0
5.4753757E13	2652.0	83.0
5.475377E13	2652.0	83.0
5.475378E13	2652.0	83.0
5.4753787E13	2651.0	83.0
5.47538E13	2651.0	83.0
5.4753808E13	2651.0	83.0
5.475382E13	2651.0	83.0
5.475383E13	2651.0	83.0
5.4753837E13	2651.0	83.0
5.475385E13	2651.0	83.0
5.4753858E13	2650.0	83.0
5.4753875E13	2650.0	83.0
5.475388E13	2650.0	83.0
5.4753887E13	2650.0	83.0
5.47539E13	2650.0	83.0
5.475391E13	2650.0	83.0
5.4753917E13	2650.0	83.0
5.475393E13	2650.0	83.0
5.4753938E13	2652.0	83.0
5.475395E13	2652.0	83.0
5.475396E13	2652.0	83.0
5.4753967E13	2652.0	83.0
5.475398E13	2650.0	83.0
5.475399E13	2650.0	83.0
5.4754E13	2650.0	83.0
5.475401E13	2651.0	83.0
5.4754017E13	2651.0	83.0
5.475403E13	2651.0	83.0
5.475404E13	2651.0	83.0
5.4754047E13	2653.0	83.0
5.475406E13	2653.0	83.0
5.4754068E13	2653.0	83.0
5.475408E13	2653.0	83.0
5.475409E13	2650.0	83.0
5.4754097E13	2650.0	83.0
5.475411E13	2650.0	83.0
5.475412E13	2650.0	83.0
5.475413E13	2650.0	83.0
5.475414E13	2650.0	83.0
5.4754147E13	2650.0	83.0
5.475416E13	2651.0	83.0
5.475417E13	2651.0	83.0
5.4754177E13	2651.0	83.0
5.475419E13	2651.0	83.0
5.4754198E13	2653.0	83.0
5.475421E13	2653.0	84.0
5.475422E13	2653.0	84.0
5.4754227E13	2653.0	83.0
5.475424E13	2653.0	83.0
5.475425E13	2653.0	83.0
5.475426E13	2653.0	83.0
5.475427E13	2653.0	83.0
5.4754277E13	2652.0	83.0
5.475429E13	2652.0	83.0
5.47543E13	2652.0	83.0
5.4754307E13	2654.0	84.0
5.475432E13	2654.0	84.0
5.4754328E13	2654.0	83.0
5.475434E13	2654.0	83.0
5.475435E13	2651.0	83.0
5.4754357E13	2651.0	83.0
5.475437E13	2651.0	83.0
5.475438E13	2651.0	83.0
5.475439E13	2655.0	83.0
5.47544E13	2655.0	83.0
5.4754407E13	2655.0	83.0
5.475442E13	2655.0	83.0
5.475443E13	2652.0	83.0
5.475444E13	2652.0	83.0
5.475445E13	2652.0	84.0
5.4754458E13	2653.0	84.0
5.475447E13	2653.0	83.0
5.475448E13	2653.0	83.0
5.4754487E13	2653.0	83.0
5.47545E13	2653.0	83.0
5.475451E13	2653.0	83.0
5.475452E13	2653.0	83.0
5.475453E13	2653.0	83.0
5.4754537E13	2654.0	83.0
5.475456E13	2654.0	84.0
5.475457E13	2654.0	84.0
5.4754584E13	2653.0	84.0
5.4754588E13	2653.0	84.0
5.475461E13	2654.0	84.0
5.475462E13	2654.0	84.0
5.475463E13	2654.0	83.0
5.475464E13	2656.0	83.0
5.475465E13	2656.0	83.0
5.475466E13	2656.0	83.0
5.4754667E13	2656.0	83.0
5.475468E13	2656.0	83.0
5.475469E13	2655.0	84.0
5.47547E13	2655.0	84.0
5.475471E13	2655.0	84.0
5.4754718E13	2655.0	83.0
5.475473E13	2655.0	84.0
5.475474E13	2655.0	84.0
5.4754747E13	2656.0	83.0
5.475476E13	2656.0	84.0
5.475477E13	2656.0	84.0
5.475478E13	2656.0	84.0
5.475479E13	2656.0	84.0
5.4754797E13	2655.0	84.0
5.475481E13	2655.0	83.0
5.475482E13	2655.0	83.0
5.475483E13	2655.0	83.0
5.475484E13	2657.0	83.0
5.4754848E13	2657.0	83.0
5.475486E13	2657.0	83.0
5.475488E13	2656.0	83.0
5.475489E13	2656.0	83.0
5.47549E13	2656.0	83.0
5.475491E13	2656.0	83.0
5.475492E13	2656.0	84.0
5.4754927E13	2656.0	84.0
5.475494E13	2656.0	84.0
5.475495E13	2658.0	84.0
5.475496E13	2658.0	84.0
5.475497E13	2658.0	84.0
5.4754978E13	2655.0	84.0
5.475499E13	2655.0	84.0
5.475501E13	2655.0	83.0
5.475502E13	2657.0	83.0
5.475503E13	2657.0	83.0
5.475504E13	2657.0	83.0
5.475505E13	2657.0	83.0
5.4755057E13	2657.0	83.0
5.475507E13	2657.0	83.0
5.475508E13	2657.0	83.0
5.475509E13	2655.0	83.0
5.47551E13	2655.0	83.0
5.4755108E13	2655.0	83.0
5.475512E13	2655.0	83.0
5.475513E13	2654.0	83.0
5.475514E13	2654.0	83.0
5.475515E13	2654.0	83.0
5.475516E13	2654.0	83.0
5.475517E13	2654.0	83.0
5.475518E13	2656.0	83.0
5.4755187E13	2656.0	83.0
5.47552E13	2656.0	83.0
5.475521E13	2656.0	51.0
5.475522E13	2656.0	51.0
5.475523E13	2656.0	84.0
5.4755238E13	2656.0	84.0
5.475525E13	2655.0	84.0
5.475526E13	2655.0	84.0
5.475527E13	2655.0	84.0
5.475529E13	2657.0	84.0
5.4755292E13	2657.0	84.0
5.47553E13	2657.0	52.0
5.475531E13	2657.0	52.0
5.4755318E13	2657.0	52.0
5.475533E13	2656.0	83.0
5.475534E13	2656.0	83.0
5.475535E13	2656.0	51.0
5.475536E13	2654.0	52.0
5.4755368E13	2654.0	52.0
5.475538E13	2654.0	83.0
5.475539E13	2654.0	52.0
5.47554E13	2654.0	51.0
5.475541E13	2654.0	51.0
5.475542E13	2654.0	84.0
5.475543E13	2654.0	51.0
5.475544E13	2655.0	52.0
5.4755448E13	2655.0	52.0
5.475546E13	2655.0	52.0
5.475547E13	2655.0	52.0
5.475548E13	2655.0	52.0
5.475549E13	2655.0	52.0
5.4755498E13	2655.0	84.0
5.475551E13	2654.0	84.0
5.475552E13	2654.0	84.0
5.475553E13	2654.0	84.0
5.475554E13	2654.0	84.0
5.475555E13	2653.0	52.0
5.475556E13	2653.0	52.0
5.475557E13	2653.0	52.0
5.4755578E13	2653.0	52.0
5.475559E13	2656.0	51.0
5.47556E13	2656.0	51.0
5.475561E13	2656.0	83.0
5.475562E13	2656.0	51.0
5.4755628E13	2655.0	52.0
5.475564E13	2655.0	52.0
5.475566E13	2654.0	84.0
5.475568E13	2654.0	84.0
5.475569E13	2654.0	52.0
5.47557E13	2654.0	52.0
5.475571E13	2654.0	84.0
5.475572E13	2654.0	84.0
5.475573E13	2654.0	52.0
5.475574E13	2656.0	51.0
5.475575E13	2656.0	83.0
5.475576E13	2656.0	83.0
5.475577E13	2656.0	51.0
5.475578E13	2656.0	51.0
5.475579E13	2656.0	83.0
5.47558E13	2656.0	83.0
5.475581E13	2656.0	84.0
5.475582E13	2656.0	84.0
5.475583E13	2656.0	84.0
5.475584E13	2656.0	52.0
5.475585E13	2654.0	84.0
5.475586E13	2654.0	52.0
5.475587E13	2654.0	52.0
5.475588E13	2654.0	52.0
5.475589E13	2657.0	51.0
5.47559E13	2657.0	84.0
5.4755913E13	2657.0	51.0
5.475592E13	2655.0	51.0
5.475593E13	2655.0	83.0
5.475594E13	2655.0	83.0
5.475595E13	2655.0	83.0
5.475596E13	2653.0	83.0
5.475597E13	2653.0	83.0
5.475598E13	2653.0	83.0
5.475599E13	2653.0	83.0
5.4756E13	2652.0	83.0
5.475601E13	2652.0	52.0
5.475602E13	2652.0	52.0
5.475603E13	2652.0	52.0
5.475604E13	2652.0	52.0
5.475605E13	2652.0	52.0
5.475606E13	2652.0	83.0
5.475607E13	2650.0	83.0
5.47561E13	2650.0	83.0
5.475611E13	2651.0	83.0
5.475612E13	2651.0	83.0
5.475613E13	2651.0	83.0
5.475614E13	2651.0	83.0
5.4756152E13	2651.0	83.0
5.475616E13	2651.0	83.0
5.475617E13	2651.0	83.0
5.475618E13	2651.0	83.0
5.475619E13	2650.0	83.0
5.47562E13	2650.0	83.0
5.475621E13	2650.0	83.0
5.475622E13	2648.0	83.0
5.475623E13	2648.0	83.0
5.475624E13	2648.0	84.0
5.475625E13	2648.0	84.0
5.475626E13	2648.0	83.0
5.475627E13	2648.0	83.0
5.4756282E13	2648.0	83.0
5.475629E13	2648.0	83.0
5.47563E13	2649.0	83.0
5.475631E13	2649.0	83.0
5.475632E13	2649.0	83.0
5.475633E13	2649.0	83.0
5.475634E13	2648.0	83.0
5.475635E13	2648.0	83.0
5.475636E13	2648.0	83.0
5.475637E13	2648.0	83.0
5.475638E13	2648.0	83.0
5.475639E13	2648.0	83.0
5.47564E13	2648.0	83.0
5.4756412E13	2649.0	83.0
5.475642E13	2649.0	83.0
5.475643E13	2649.0	83.0
5.475644E13	2649.0	83.0
5.475645E13	2650.0	83.0
5.4756463E13	2650.0	83.0
5.475647E13	2650.0	83.0
5.475648E13	2650.0	83.0
5.475649E13	2649.0	83.0
5.47565E13	2649.0	83.0
5.475651E13	2649.0	83.0
5.475652E13	2650.0	83.0
5.475653E13	2650.0	83.0
5.4756542E13	2650.0	83.0
5.475655E13	2650.0	83.0
5.475656E13	2650.0	83.0
5.475657E13	2650.0	83.0
5.475658E13	2650.0	83.0
5.4756593E13	2650.0	83.0
5.47566E13	2647.0	83.0
5.475661E13	2647.0	84.0
5.475662E13	2647.0	84.0
5.475663E13	2649.0	83.0
5.4756643E13	2649.0	83.0
5.475665E13	2649.0	83.0
5.475666E13	2650.0	83.0
5.4756672E13	2650.0	83.0
5.475668E13	2650.0	83.0
5.475669E13	2650.0	83.0
5.47567E13	2650.0	83.0
5.475671E13	2651.0	83.0
5.4756723E13	2651.0	83.0
5.475673E13	2651.0	83.0
5.475674E13	2650.0	83.0
5.475675E13	2650.0	83.0
5.475676E13	2650.0	83.0
5.4756773E13	2650.0	83.0
5.475678E13	2650.0	83.0
5.475679E13	2651.0	83.0
5.4756802E13	2651.0	83.0
5.475681E13	2651.0	83.0
5.475682E13	2652.0	83.0
5.475683E13	2652.0	83.0
5.475684E13	2652.0	83.0
5.4756853E13	2653.0	83.0
5.475686E13	2653.0	83.0
5.475687E13	2653.0	83.0
5.475688E13	2653.0	83.0
5.475689E13	2653.0	83.0
5.4756903E13	2652.0	83.0
5.475691E13	2652.0	83.0
5.475692E13	2652.0	83.0
5.4756932E13	2652.0	83.0
5.475694E13	2651.0	83.0
5.475695E13	2651.0	83.0
5.475696E13	2651.0	83.0
5.475697E13	2652.0	83.0
5.4756983E13	2652.0	83.0
5.475699E13	2652.0	83.0
5.4757E13	2652.0	83.0
5.475701E13	2651.0	83.0
5.475702E13	2651.0	83.0
5.4757033E13	2651.0	83.0
5.475704E13	2651.0	83.0
5.475705E13	2652.0	83.0
5.4757062E13	2652.0	83.0
5.475707E13	2652.0	83.0
5.4757083E13	2652.0	83.0
5.475709E13	2651.0	83.0
5.47571E13	2651.0	83.0
5.4757113E13	2651.0	83.0
5.475712E13	2654.0	83.0
5.475713E13	2654.0	83.0
5.475714E13	2654.0	84.0
5.475715E13	2654.0	84.0
5.4757163E13	2652.0	84.0
5.475717E13	2652.0	84.0
5.475718E13	2652.0	84.0
5.4757192E13	2652.0	84.0
5.47572E13	2651.0	83.0
5.4757213E13	2651.0	83.0
5.475722E13	2651.0	83.0
5.475723E13	2651.0	83.0
5.4757243E13	2649.0	83.0
5.475725E13	2649.0	83.0
5.475726E13	2649.0	83.0
5.475727E13	2651.0	83.0
5.475728E13	2651.0	83.0
5.4757293E13	2651.0	83.0
5.47573E13	2651.0	83.0
5.475731E13	2651.0	83.0
5.4757322E13	2651.0	84.0
5.475733E13	2651.0	84.0
5.4757343E13	2651.0	83.0
5.475735E13	2651.0	83.0
5.475736E13	2651.0	83.0
