5.5323696E13	243.0	81.0
5.5323704E13	243.0	81.0
5.5323717E13	243.0	81.0
5.5323725E13	243.0	81.0
5.5323734E13	243.0	81.0
5.5323746E13	243.0	81.0
5.5323755E13	243.0	81.0
5.5323767E13	243.0	81.0
5.5323776E13	243.0	81.0
5.5323784E13	243.0	81.0
5.5323797E13	243.0	81.0
5.5323805E13	243.0	80.0
5.5323813E13	243.0	80.0
5.5323826E13	243.0	80.0
5.5323834E13	243.0	81.0
5.5323847E13	243.0	81.0
5.5323855E13	243.0	81.0
5.532387E13	243.0	81.0
5.5323876E13	243.0	81.0
5.5323885E13	243.0	81.0
5.5323897E13	243.0	81.0
5.5323906E13	243.0	81.0
5.5323914E13	243.0	81.0
5.5323927E13	243.0	81.0
5.5323935E13	243.0	80.0
5.5323944E13	243.0	80.0
5.5323956E13	243.0	81.0
5.5323964E13	243.0	81.0
5.5323977E13	243.0	81.0
5.5323985E13	243.0	81.0
5.5323994E13	243.0	81.0
5.5324006E13	243.0	81.0
5.5324015E13	243.0	81.0
5.5324027E13	243.0	86.0
5.5324044E13	243.0	81.0
5.5324057E13	243.0	80.0
5.5324065E13	243.0	80.0
5.5324074E13	243.0	86.0
5.5324086E13	243.0	86.0
5.5324094E13	243.0	86.0
5.5324107E13	243.0	86.0
5.5324115E13	243.0	86.0
5.5324124E13	243.0	86.0
5.5324136E13	243.0	86.0
5.5324145E13	243.0	86.0
5.5324157E13	243.0	86.0
5.5324166E13	243.0	86.0
5.5324174E13	243.0	86.0
5.5324187E13	243.0	86.0
5.5324195E13	243.0	86.0
5.5324208E13	243.0	86.0
5.5324216E13	243.0	86.0
5.5324225E13	243.0	86.0
5.5324237E13	243.0	86.0
5.5324245E13	243.0	86.0
5.5324254E13	243.0	86.0
5.5324266E13	243.0	86.0
5.5324275E13	243.0	86.0
5.5324287E13	243.0	86.0
5.5324296E13	243.0	86.0
5.5324304E13	243.0	81.0
5.5324317E13	243.0	81.0
5.5324325E13	243.0	81.0
5.5324338E13	243.0	81.0
5.5324346E13	243.0	86.0
5.5324355E13	243.0	81.0
5.5324367E13	243.0	86.0
5.5324376E13	243.0	86.0
5.5324384E13	243.0	86.0
5.5324396E13	243.0	86.0
5.5324405E13	243.0	86.0
5.5324417E13	243.0	86.0
5.5324426E13	243.0	82.0
5.5324434E13	243.0	81.0
5.5324447E13	243.0	81.0
5.5324455E13	243.0	81.0
5.5324468E13	243.0	81.0
5.5324476E13	243.0	81.0
5.5324485E13	243.0	81.0
5.5324497E13	243.0	81.0
5.5324506E13	243.0	81.0
5.5324514E13	242.0	81.0
5.5324527E13	242.0	81.0
5.5324547E13	242.0	81.0
5.5324535E13	242.0	81.0
5.5324564E13	242.0	81.0
5.5324556E13	242.0	81.0
5.5324577E13	242.0	81.0
5.5324585E13	242.0	81.0
5.5324598E13	242.0	81.0
5.5324606E13	242.0	81.0
5.5324615E13	242.0	81.0
5.5324627E13	242.0	81.0
5.5324636E13	242.0	81.0
5.532465E13	242.0	81.0
5.5324657E13	242.0	86.0
5.5324665E13	242.0	86.0
5.5324678E13	242.0	86.0
5.5324686E13	242.0	86.0
5.5324694E13	242.0	86.0
5.5324707E13	242.0	86.0
5.5324715E13	242.0	86.0
5.5324728E13	242.0	81.0
5.5324736E13	242.0	81.0
5.5324745E13	242.0	81.0
5.5324757E13	242.0	81.0
5.5324766E13	242.0	81.0
5.532478E13	242.0	81.0
5.5324787E13	242.0	81.0
5.5324795E13	242.0	86.0
5.5324808E13	242.0	86.0
5.5324816E13	241.0	86.0
5.5324824E13	241.0	86.0
5.5324837E13	241.0	86.0
5.5324845E13	242.0	86.0
5.5324858E13	242.0	86.0
5.5324866E13	242.0	86.0
5.5324875E13	242.0	86.0
5.5324887E13	242.0	86.0
5.5324896E13	242.0	86.0
5.532491E13	242.0	86.0
5.5324917E13	242.0	86.0
5.5324925E13	242.0	86.0
5.5324938E13	242.0	86.0
5.5324946E13	242.0	86.0
5.5324954E13	242.0	86.0
5.5324967E13	241.0	86.0
5.5324975E13	241.0	86.0
5.5324988E13	241.0	86.0
5.5324996E13	242.0	86.0
5.5325005E13	242.0	86.0
5.5325017E13	242.0	81.0
5.5325026E13	242.0	81.0
5.532504E13	242.0	81.0
5.5325047E13	242.0	81.0
5.5325055E13	242.0	81.0
5.5325068E13	242.0	81.0
5.5325076E13	242.0	81.0
5.532509E13	242.0	81.0
5.5325097E13	242.0	81.0
5.5325105E13	242.0	81.0
5.532512E13	242.0	81.0
5.5325126E13	242.0	81.0
5.5325135E13	242.0	81.0
5.5325147E13	242.0	81.0
5.5325156E13	242.0	81.0
5.532517E13	242.0	81.0
5.5325177E13	242.0	81.0
5.5325185E13	242.0	81.0
5.5325198E13	242.0	81.0
5.5325206E13	242.0	81.0
5.532522E13	242.0	81.0
5.5325227E13	242.0	81.0
5.5325235E13	242.0	81.0
5.532525E13	242.0	81.0
5.5325256E13	242.0	81.0
5.5325265E13	243.0	81.0
5.5325277E13	243.0	81.0
5.5325286E13	243.0	81.0
5.53253E13	243.0	81.0
5.5325307E13	243.0	81.0
5.5325315E13	243.0	81.0
5.5325328E13	243.0	81.0
5.5325336E13	243.0	81.0
5.532535E13	243.0	81.0
5.5325357E13	243.0	81.0
5.5325365E13	243.0	81.0
5.532538E13	243.0	81.0
5.5325386E13	243.0	81.0
5.53254E13	243.0	81.0
5.5325407E13	244.0	81.0
5.5325416E13	244.0	81.0
5.532543E13	244.0	81.0
5.5325437E13	244.0	81.0
5.532545E13	244.0	81.0
5.5325458E13	244.0	80.0
5.5325466E13	244.0	80.0
5.532548E13	244.0	80.0
5.5325487E13	244.0	80.0
5.5325495E13	244.0	80.0
5.532551E13	244.0	80.0
5.5325516E13	244.0	80.0
5.532553E13	245.0	80.0
5.5325537E13	245.0	80.0
5.5325546E13	245.0	80.0
5.532556E13	245.0	80.0
5.5325567E13	245.0	80.0
5.5325575E13	245.0	80.0
5.5325588E13	245.0	80.0
5.5325596E13	245.0	80.0
5.532561E13	245.0	80.0
5.5325617E13	245.0	80.0
5.5325625E13	245.0	80.0
5.532564E13	246.0	80.0
5.5325646E13	246.0	80.0
5.532566E13	246.0	80.0
5.5325667E13	246.0	79.0
5.5325676E13	246.0	79.0
5.532569E13	246.0	79.0
5.5325697E13	246.0	79.0
5.532571E13	246.0	79.0
5.5325718E13	246.0	78.0
5.5325726E13	246.0	78.0
5.532574E13	246.0	78.0
5.5325747E13	247.0	78.0
5.5325755E13	247.0	78.0
5.532577E13	247.0	79.0
5.5325776E13	247.0	79.0
5.532579E13	246.0	79.0
5.5325797E13	246.0	80.0
5.5325806E13	246.0	80.0
5.532582E13	246.0	80.0
5.5325827E13	247.0	80.0
5.532584E13	247.0	80.0
5.5325848E13	247.0	80.0
5.5325856E13	247.0	80.0
5.532587E13	247.0	80.0
5.5325877E13	247.0	79.0
5.5325885E13	247.0	79.0
5.53259E13	247.0	79.0
5.5325906E13	247.0	79.0
5.532592E13	247.0	79.0
5.5325927E13	247.0	79.0
5.5325936E13	247.0	79.0
5.532595E13	247.0	79.0
5.5325957E13	247.0	80.0
5.532597E13	247.0	80.0
5.5325978E13	247.0	80.0
5.5325986E13	247.0	80.0
5.5326E13	247.0	80.0
5.5326007E13	247.0	80.0
5.532602E13	247.0	80.0
5.532603E13	247.0	81.0
5.5326036E13	247.0	81.0
5.532605E13	247.0	81.0
5.5326057E13	247.0	81.0
5.5326066E13	247.0	81.0
5.532608E13	247.0	81.0
5.5326087E13	247.0	81.0
5.53261E13	247.0	81.0
5.5326108E13	247.0	81.0
5.5326116E13	247.0	81.0
5.532613E13	247.0	81.0
5.5326137E13	247.0	81.0
5.532615E13	247.0	81.0
5.532616E13	246.0	81.0
5.5326166E13	246.0	80.0
5.532618E13	246.0	80.0
5.5326187E13	246.0	80.0
5.5326196E13	246.0	80.0
5.532621E13	246.0	79.0
5.5326217E13	246.0	79.0
5.532623E13	245.0	79.0
5.5326238E13	245.0	79.0
5.5326246E13	245.0	79.0
5.532626E13	245.0	79.0
5.5326267E13	245.0	79.0
5.532628E13	245.0	80.0
5.532629E13	245.0	80.0
5.5326297E13	245.0	80.0
5.532631E13	244.0	80.0
5.5326317E13	244.0	80.0
5.5326326E13	244.0	81.0
5.532634E13	244.0	81.0
5.5326347E13	244.0	81.0
5.532636E13	244.0	81.0
5.5326368E13	244.0	81.0
5.5326376E13	244.0	81.0
5.532639E13	244.0	81.0
5.5326397E13	244.0	81.0
5.532641E13	244.0	81.0
5.532642E13	244.0	81.0
5.5326427E13	244.0	82.0
5.532644E13	244.0	82.0
5.5326448E13	244.0	82.0
5.532646E13	244.0	82.0
5.532647E13	244.0	81.0
5.5326477E13	244.0	81.0
5.532649E13	244.0	80.0
5.5326498E13	244.0	81.0
5.5326506E13	244.0	81.0
5.532652E13	244.0	81.0
5.5326527E13	244.0	81.0
5.532654E13	244.0	81.0
5.532655E13	244.0	81.0
5.5326557E13	244.0	81.0
5.532657E13	244.0	81.0
5.5326578E13	244.0	81.0
5.532659E13	244.0	82.0
5.53266E13	244.0	82.0
5.5326607E13	244.0	81.0
5.532662E13	244.0	81.0
5.5326628E13	244.0	81.0
5.5326636E13	244.0	82.0
5.5326657E13	244.0	81.0
5.532665E13	244.0	81.0
5.532667E13	244.0	86.0
5.532668E13	244.0	81.0
5.5326687E13	244.0	86.0
5.53267E13	244.0	86.0
5.5326708E13	244.0	86.0
5.532672E13	244.0	86.0
5.532673E13	244.0	86.0
5.5326737E13	244.0	86.0
5.532675E13	244.0	86.0
5.5326758E13	244.0	86.0
5.5326766E13	244.0	86.0
5.532678E13	244.0	81.0
5.5326787E13	244.0	86.0
5.53268E13	243.0	86.0
5.532681E13	243.0	86.0
5.5326817E13	243.0	86.0
5.532683E13	243.0	86.0
5.5326838E13	243.0	86.0
5.532685E13	243.0	86.0
5.532686E13	243.0	86.0
5.5326867E13	243.0	86.0
5.532688E13	243.0	86.0
5.532689E13	243.0	86.0
5.5326896E13	243.0	86.0
5.532691E13	243.0	86.0
5.5326917E13	243.0	86.0
5.532693E13	243.0	86.0
5.532694E13	243.0	86.0
5.5326947E13	243.0	86.0
5.532696E13	243.0	86.0
5.5326968E13	243.0	86.0
5.532698E13	243.0	86.0
5.532699E13	244.0	86.0
5.5326997E13	244.0	86.0
5.532701E13	244.0	81.0
5.532702E13	244.0	81.0
5.532703E13	244.0	81.0
5.532704E13	244.0	81.0
5.5327047E13	244.0	81.0
5.532706E13	244.0	81.0
5.532707E13	244.0	81.0
5.5327077E13	244.0	80.0
5.532709E13	244.0	80.0
5.5327098E13	244.0	80.0
5.532711E13	244.0	81.0
5.532712E13	244.0	81.0
5.5327127E13	244.0	81.0
5.532714E13	244.0	81.0
5.532715E13	244.0	81.0
5.532716E13	244.0	81.0
5.532717E13	245.0	81.0
5.5327177E13	245.0	81.0
5.532719E13	245.0	81.0
5.53272E13	245.0	81.0
5.5327207E13	245.0	81.0
5.532722E13	245.0	81.0
5.5327228E13	245.0	81.0
5.532724E13	245.0	81.0
5.532725E13	245.0	81.0
5.5327257E13	245.0	81.0
5.532727E13	245.0	82.0
5.532728E13	245.0	82.0
5.532729E13	245.0	82.0
5.53273E13	245.0	82.0
5.5327307E13	245.0	81.0
5.532732E13	245.0	81.0
5.532733E13	245.0	81.0
5.5327337E13	245.0	81.0
5.532735E13	245.0	81.0
5.5327358E13	245.0	81.0
5.532737E13	245.0	81.0
5.532738E13	245.0	81.0
5.5327387E13	245.0	81.0
5.53274E13	245.0	81.0
5.532741E13	245.0	81.0
5.532742E13	245.0	81.0
5.532743E13	245.0	81.0
5.5327437E13	245.0	81.0
5.532745E13	245.0	81.0
5.532746E13	245.0	81.0
5.532747E13	245.0	81.0
5.532748E13	245.0	81.0
5.5327488E13	245.0	80.0
5.53275E13	245.0	80.0
5.532751E13	245.0	80.0
5.5327517E13	245.0	81.0
5.532753E13	245.0	81.0
5.532754E13	245.0	81.0
5.532755E13	245.0	81.0
5.532756E13	245.0	81.0
5.5327567E13	245.0	81.0
5.532758E13	245.0	81.0
5.532759E13	245.0	81.0
5.53276E13	245.0	81.0
5.532761E13	245.0	81.0
5.5327618E13	245.0	81.0
5.532763E13	245.0	81.0
5.532764E13	245.0	81.0
5.532765E13	245.0	81.0
5.532766E13	245.0	81.0
5.532767E13	245.0	81.0
5.532768E13	245.0	81.0
5.532769E13	245.0	81.0
5.5327697E13	246.0	81.0
5.532771E13	246.0	81.0
5.532772E13	246.0	81.0
5.532773E13	246.0	81.0
5.532774E13	246.0	82.0
5.5327748E13	246.0	82.0
5.532776E13	246.0	81.0
5.532777E13	247.0	81.0
5.532778E13	247.0	81.0
5.532779E13	247.0	81.0
5.53278E13	247.0	81.0
5.532781E13	248.0	80.0
5.532782E13	248.0	80.0
5.5327827E13	248.0	80.0
5.532784E13	248.0	80.0
5.532785E13	248.0	79.0
5.532786E13	248.0	79.0
5.532787E13	248.0	79.0
5.5327878E13	249.0	79.0
5.532789E13	249.0	79.0
5.53279E13	249.0	80.0
5.532791E13	249.0	80.0
5.532792E13	249.0	80.0
5.532793E13	249.0	80.0
5.532794E13	249.0	80.0
5.532795E13	249.0	80.0
5.5327957E13	250.0	79.0
5.532797E13	250.0	79.0
5.532798E13	250.0	79.0
5.532799E13	250.0	79.0
5.5328E13	250.0	79.0
5.5328008E13	250.0	79.0
5.532802E13	250.0	79.0
5.532803E13	250.0	80.0
5.532804E13	250.0	79.0
5.532805E13	250.0	79.0
5.532806E13	250.0	79.0
5.532807E13	250.0	79.0
5.532808E13	250.0	79.0
5.532809E13	250.0	79.0
5.53281E13	250.0	80.0
5.532812E13	249.0	79.0
5.532813E13	249.0	80.0
5.5328138E13	248.0	80.0
5.532815E13	248.0	80.0
5.532816E13	248.0	80.0
5.532817E13	248.0	80.0
5.532818E13	248.0	80.0
5.532819E13	248.0	80.0
5.53282E13	248.0	80.0
5.532821E13	248.0	80.0
5.532822E13	248.0	80.0
5.532823E13	248.0	80.0
5.532824E13	248.0	80.0
5.532825E13	248.0	80.0
5.532826E13	247.0	80.0
5.5328268E13	247.0	80.0
5.532828E13	247.0	80.0
5.532829E13	247.0	80.0
5.53283E13	247.0	80.0
5.532831E13	247.0	80.0
5.532832E13	247.0	80.0
5.532833E13	247.0	80.0
5.532834E13	247.0	80.0
5.532835E13	247.0	80.0
5.532836E13	247.0	80.0
5.532837E13	247.0	80.0
5.532838E13	247.0	80.0
5.532839E13	247.0	80.0
5.53284E13	247.0	80.0
5.532841E13	247.0	80.0
5.532842E13	247.0	80.0
5.532843E13	247.0	80.0
5.532844E13	247.0	80.0
5.532845E13	247.0	80.0
5.532846E13	247.0	80.0
5.532847E13	247.0	80.0
5.532848E13	247.0	81.0
5.532849E13	247.0	80.0
5.53285E13	247.0	80.0
5.532851E13	247.0	80.0
5.532852E13	247.0	80.0
5.532853E13	247.0	80.0
5.532854E13	247.0	80.0
5.532855E13	247.0	80.0
5.532856E13	247.0	80.0
5.532857E13	247.0	80.0
5.532858E13	247.0	80.0
5.532859E13	247.0	80.0
5.53286E13	247.0	80.0
5.532861E13	247.0	80.0
5.532862E13	247.0	80.0
5.532863E13	247.0	80.0
5.532864E13	247.0	80.0
5.532865E13	247.0	80.0
5.532866E13	247.0	80.0
5.532867E13	247.0	81.0
5.532868E13	247.0	80.0
5.532869E13	247.0	80.0
5.53287E13	247.0	80.0
5.532871E13	247.0	80.0
5.532872E13	247.0	80.0
5.532873E13	247.0	80.0
5.532874E13	247.0	80.0
5.532875E13	247.0	80.0
5.532876E13	247.0	80.0
5.532877E13	247.0	80.0
5.532878E13	246.0	80.0
5.5328792E13	246.0	80.0
5.53288E13	246.0	80.0
5.532881E13	246.0	80.0
5.532882E13	246.0	80.0
5.532883E13	246.0	80.0
5.5328842E13	246.0	80.0
5.532885E13	246.0	81.0
5.532886E13	246.0	81.0
5.532887E13	246.0	81.0
5.532888E13	246.0	81.0
5.532889E13	246.0	80.0
5.53289E13	246.0	80.0
5.532891E13	246.0	80.0
5.5328922E13	246.0	80.0
5.532893E13	245.0	80.0
5.532894E13	245.0	80.0
5.532895E13	245.0	80.0
5.532896E13	245.0	80.0
5.5328972E13	245.0	80.0
5.532898E13	245.0	80.0
5.532899E13	245.0	80.0
5.5329E13	244.0	80.0
5.532901E13	244.0	80.0
5.532902E13	244.0	80.0
5.532903E13	244.0	81.0
5.532904E13	244.0	81.0
5.5329052E13	244.0	81.0
5.532906E13	244.0	81.0
5.532907E13	243.0	81.0
5.532908E13	243.0	80.0
5.532909E13	243.0	81.0
5.5329102E13	243.0	81.0
5.532911E13	243.0	81.0
5.532912E13	243.0	81.0
5.532913E13	243.0	81.0
5.532914E13	242.0	81.0
5.5329153E13	242.0	81.0
5.532916E13	242.0	81.0
5.532917E13	242.0	49.0
5.5329182E13	242.0	82.0
5.532919E13	242.0	82.0
5.53292E13	242.0	82.0
5.532921E13	242.0	81.0
5.532922E13	241.0	81.0
5.5329233E13	241.0	81.0
5.532924E13	241.0	81.0
5.532925E13	241.0	81.0
5.532926E13	241.0	81.0
5.532927E13	241.0	81.0
5.5329283E13	241.0	81.0
5.532929E13	241.0	81.0
5.53293E13	241.0	81.0
5.5329312E13	241.0	81.0
5.532932E13	241.0	81.0
5.532933E13	241.0	82.0
5.532934E13	241.0	82.0
5.532935E13	241.0	82.0
5.5329363E13	241.0	82.0
5.532937E13	241.0	82.0
5.532938E13	241.0	82.0
5.532939E13	241.0	82.0
5.53294E13	241.0	82.0
5.5329413E13	241.0	82.0
5.532942E13	242.0	82.0
5.532943E13	242.0	81.0
5.5329442E13	242.0	81.0
5.532945E13	242.0	81.0
5.532946E13	242.0	81.0
5.532947E13	242.0	81.0
5.532948E13	242.0	81.0
5.5329493E13	242.0	81.0
5.53295E13	242.0	81.0
5.532951E13	242.0	82.0
5.532952E13	242.0	82.0
5.532953E13	242.0	82.0
5.5329543E13	242.0	82.0
5.532955E13	242.0	82.0
5.532956E13	242.0	82.0
5.5329572E13	242.0	81.0
5.532958E13	242.0	81.0
5.532959E13	242.0	81.0
5.53296E13	243.0	81.0
5.532961E13	243.0	81.0
5.5329623E13	243.0	81.0
5.532963E13	243.0	81.0
5.532964E13	243.0	81.0
5.532965E13	243.0	81.0
5.532966E13	243.0	81.0
5.5329673E13	243.0	81.0
5.532968E13	242.0	81.0
5.532969E13	242.0	81.0
5.5329702E13	242.0	81.0
5.532971E13	242.0	81.0
5.532972E13	242.0	81.0
5.532973E13	242.0	81.0
5.532974E13	242.0	81.0
5.5329753E13	242.0	81.0
5.532976E13	242.0	81.0
5.532977E13	242.0	81.0
5.532978E13	242.0	81.0
5.532979E13	242.0	81.0
5.5329803E13	242.0	81.0
5.532981E13	242.0	81.0
5.532982E13	242.0	81.0
5.5329832E13	242.0	81.0
5.532984E13	242.0	81.0
5.532985E13	242.0	81.0
5.532986E13	242.0	81.0
5.532987E13	242.0	81.0
5.5329883E13	242.0	81.0
5.532989E13	242.0	81.0
5.53299E13	242.0	81.0
5.532991E13	242.0	81.0
5.532992E13	242.0	81.0
5.5329933E13	242.0	81.0
5.532994E13	241.0	81.0
5.532995E13	241.0	81.0
5.5329962E13	241.0	81.0
5.532997E13	241.0	81.0
5.5329983E13	242.0	81.0
5.532999E13	242.0	81.0
5.533E13	242.0	81.0
5.5330013E13	241.0	81.0
5.533002E13	241.0	81.0
5.533003E13	241.0	82.0
5.533004E13	241.0	82.0
5.533005E13	242.0	81.0
5.5330063E13	242.0	81.0
5.533007E13	242.0	81.0
5.533008E13	242.0	81.0
5.5330092E13	242.0	81.0
5.53301E13	242.0	81.0
5.5330113E13	242.0	81.0
5.533012E13	242.0	81.0
5.533013E13	242.0	81.0
5.5330143E13	242.0	81.0
5.533015E13	242.0	81.0
5.533016E13	242.0	81.0
5.533017E13	242.0	81.0
5.533018E13	242.0	81.0
5.5330193E13	242.0	81.0
5.53302E13	242.0	81.0
5.533021E13	242.0	81.0
5.5330222E13	242.0	81.0
5.533023E13	242.0	81.0
5.5330243E13	241.0	81.0
5.533025E13	241.0	81.0
5.533026E13	241.0	81.0
5.5330273E13	241.0	81.0
5.533028E13	241.0	81.0
5.5330294E13	241.0	81.0
5.53303E13	241.0	81.0
5.533031E13	241.0	82.0
5.533033E13	241.0	82.0
5.533034E13	241.0	82.0
5.5330352E13	241.0	82.0
5.533036E13	241.0	82.0
5.5330373E13	241.0	82.0
5.533038E13	241.0	81.0
5.533039E13	241.0	81.0
5.5330403E13	241.0	81.0
5.533041E13	241.0	81.0
5.5330424E13	241.0	81.0
5.533043E13	241.0	81.0
5.533044E13	241.0	81.0
5.5330453E13	241.0	81.0
5.533046E13	241.0	81.0
5.533047E13	241.0	81.0
5.5330482E13	241.0	81.0
5.533049E13	241.0	81.0
5.5330503E13	241.0	81.0
5.533051E13	241.0	81.0
5.533052E13	241.0	81.0
5.5330533E13	241.0	81.0
5.533054E13	241.0	81.0
5.5330554E13	241.0	81.0
5.5330562E13	241.0	81.0
5.533057E13	241.0	81.0
5.5330583E13	241.0	81.0
5.533059E13	241.0	81.0
5.5330604E13	241.0	81.0
5.5330612E13	242.0	81.0
5.533062E13	242.0	81.0
5.5330633E13	242.0	81.0
5.533064E13	242.0	81.0
5.533065E13	242.0	81.0
5.5330663E13	242.0	81.0
5.533067E13	242.0	81.0
5.5330684E13	242.0	81.0
5.5330692E13	242.0	81.0
5.53307E13	242.0	81.0
5.5330713E13	242.0	81.0
5.533072E13	242.0	81.0
5.5330734E13	242.0	81.0
5.5330742E13	242.0	81.0
5.533075E13	242.0	81.0
5.5330763E13	242.0	81.0
5.533077E13	242.0	81.0
5.5330784E13	242.0	81.0
5.5330793E13	242.0	81.0
5.53308E13	243.0	81.0
5.5330814E13	243.0	81.0
5.5330822E13	243.0	81.0
5.5330835E13	243.0	81.0
5.5330843E13	242.0	81.0
5.533085E13	242.0	81.0
5.5330864E13	242.0	81.0
5.5330872E13	242.0	81.0
5.533088E13	242.0	81.0
5.5330893E13	242.0	86.0
5.53309E13	242.0	86.0
5.5330914E13	242.0	81.0
5.5330923E13	242.0	82.0
5.533093E13	242.0	81.0
5.5330944E13	242.0	81.0
5.5330952E13	242.0	81.0
5.533096E13	242.0	81.0
5.5330973E13	242.0	82.0
5.533098E13	242.0	82.0
5.5330994E13	242.0	82.0
5.5331003E13	242.0	81.0
5.533101E13	242.0	81.0
5.5331023E13	242.0	81.0
5.533103E13	242.0	81.0
5.5331044E13	242.0	81.0
5.5331053E13	242.0	81.0
5.533106E13	242.0	81.0
5.5331074E13	242.0	81.0
5.5331082E13	242.0	81.0
5.533109E13	242.0	81.0
5.5331103E13	242.0	81.0
5.533111E13	242.0	81.0
5.5331124E13	242.0	81.0
5.5331133E13	242.0	81.0
5.533114E13	242.0	82.0
5.5331154E13	242.0	81.0
5.533116E13	241.0	81.0
5.5331174E13	241.0	82.0
5.5331183E13	241.0	82.0
5.533119E13	241.0	82.0
5.5331212E13	241.0	81.0
5.5331204E13	241.0	81.0
5.533122E13	241.0	81.0
5.5331233E13	241.0	81.0
5.533124E13	241.0	81.0
5.5331254E13	241.0	82.0
5.5331263E13	241.0	81.0
5.533127E13	241.0	81.0
5.533129E13	241.0	81.0
5.5331284E13	241.0	81.0
5.5331305E13	241.0	82.0
5.5331313E13	241.0	82.0
5.533132E13	241.0	82.0
5.5331334E13	241.0	82.0
5.5331342E13	241.0	81.0
5.5331355E13	241.0	82.0
5.5331363E13	241.0	81.0
5.533137E13	241.0	81.0
5.5331384E13	241.0	81.0
5.5331393E13	241.0	81.0
5.53314E13	241.0	81.0
5.5331414E13	241.0	81.0
5.533142E13	241.0	81.0
5.5331435E13	241.0	81.0
5.5331443E13	241.0	81.0
5.5331464E13	241.0	81.0
5.533145E13	241.0	81.0
5.5331472E13	241.0	81.0
5.5331493E13	241.0	81.0
5.53315E13	241.0	81.0
5.5331485E13	241.0	81.0
5.5331514E13	241.0	81.0
5.533153E13	241.0	81.0
5.5331544E13	241.0	81.0
5.5331565E13	241.0	81.0
5.533158E13	241.0	81.0
5.5331523E13	241.0	81.0
5.5331573E13	241.0	81.0
5.533155E13	241.0	81.0
5.5331602E13	241.0	81.0
5.5331594E13	241.0	81.0
5.5331615E13	241.0	81.0
5.533163E13	241.0	81.0
5.5331644E13	241.0	81.0
5.5331653E13	241.0	81.0
5.5331623E13	241.0	81.0
5.533168E13	241.0	81.0
5.5331703E13	241.0	81.0
5.5331674E13	241.0	81.0
5.5331695E13	241.0	81.0
5.5331665E13	241.0	81.0
5.533171E13	241.0	81.0
5.5331724E13	241.0	81.0
5.5331732E13	241.0	81.0
5.5331745E13	241.0	81.0
5.5331753E13	241.0	81.0
5.533176E13	241.0	81.0
5.5331774E13	241.0	81.0
5.5331783E13	241.0	81.0
5.5331795E13	241.0	82.0
5.5331804E13	241.0	82.0
5.533181E13	241.0	81.0
5.5331825E13	241.0	86.0
5.5331833E13	241.0	86.0
5.533184E13	241.0	86.0
5.5331854E13	241.0	86.0
5.5331862E13	241.0	86.0
5.5331875E13	241.0	86.0
5.5331883E13	241.0	86.0
5.533189E13	241.0	86.0
5.5331904E13	241.0	86.0
5.5331913E13	241.0	86.0
5.533192E13	241.0	86.0
5.5331934E13	241.0	86.0
5.533194E13	241.0	86.0
5.5331955E13	241.0	86.0
5.5331963E13	241.0	86.0
5.533197E13	241.0	86.0
5.5331984E13	241.0	86.0
5.5331992E13	241.0	86.0
5.5332005E13	241.0	86.0
5.5332013E13	241.0	81.0
5.533202E13	241.0	81.0
5.5332034E13	241.0	86.0
5.5332043E13	241.0	86.0
5.5332055E13	241.0	86.0
5.5332064E13	241.0	86.0
5.533207E13	241.0	86.0
5.5332085E13	241.0	86.0
5.5332093E13	241.0	86.0
5.53321E13	241.0	86.0
5.5332114E13	241.0	86.0
5.5332122E13	241.0	81.0
5.5332135E13	241.0	82.0
5.5332143E13	241.0	82.0
5.533215E13	241.0	81.0
5.5332164E13	241.0	82.0
5.5332173E13	241.0	82.0
5.5332185E13	241.0	82.0
5.5332194E13	241.0	86.0
5.53322E13	241.0	86.0
5.5332215E13	241.0	86.0
5.5332223E13	241.0	86.0
5.533223E13	241.0	86.0
5.5332244E13	241.0	86.0
5.5332252E13	241.0	86.0
5.5332265E13	241.0	86.0
5.5332273E13	241.0	86.0
5.533228E13	241.0	86.0
5.5332294E13	241.0	86.0
5.5332303E13	241.0	86.0
5.5332315E13	241.0	86.0
5.5332324E13	241.0	86.0
5.5332332E13	241.0	82.0
5.5332345E13	241.0	86.0
5.5332353E13	241.0	86.0
5.5332366E13	241.0	86.0
5.5332374E13	241.0	86.0
5.5332382E13	241.0	86.0
5.5332395E13	241.0	86.0
5.5332403E13	241.0	82.0
5.5332416E13	241.0	82.0
5.5332433E13	241.0	82.0
5.5332424E13	241.0	82.0
5.5332445E13	241.0	86.0
5.5332454E13	241.0	86.0
5.5332462E13	241.0	86.0
5.5332475E13	241.0	86.0
5.5332483E13	241.0	82.0
5.5332496E13	241.0	86.0
5.5332504E13	241.0	82.0
5.5332512E13	241.0	82.0
5.5332525E13	241.0	82.0
5.5332533E13	241.0	82.0
5.533254E13	241.0	82.0
5.5332554E13	241.0	82.0
5.5332563E13	241.0	82.0
5.5332575E13	241.0	82.0
5.5332584E13	241.0	82.0
5.5332592E13	241.0	82.0
5.5332605E13	241.0	81.0
5.5332613E13	241.0	81.0
5.5332626E13	241.0	81.0
5.5332634E13	241.0	81.0
5.5332642E13	241.0	81.0
5.5332655E13	241.0	82.0
5.5332663E13	241.0	82.0
5.533267E13	241.0	82.0
5.5332684E13	241.0	82.0
5.5332693E13	241.0	82.0
5.5332705E13	241.0	82.0
5.5332714E13	240.0	82.0
5.5332722E13	240.0	82.0
5.5332735E13	240.0	82.0
5.5332743E13	241.0	81.0
5.5332756E13	241.0	81.0
5.5332764E13	241.0	81.0
5.5332773E13	241.0	82.0
5.5332785E13	240.0	82.0
5.5332793E13	240.0	82.0
5.5332806E13	240.0	82.0
5.5332814E13	240.0	82.0
5.5332823E13	240.0	82.0
5.5332835E13	240.0	82.0
5.5332844E13	240.0	82.0
5.5332852E13	240.0	82.0
5.5332865E13	241.0	81.0
5.5332873E13	241.0	81.0
5.5332886E13	241.0	81.0
5.5332894E13	241.0	81.0
5.5332903E13	241.0	81.0
5.5332915E13	241.0	81.0
5.5332924E13	241.0	81.0
5.5332936E13	241.0	81.0
5.5332944E13	241.0	81.0
5.5332953E13	241.0	82.0
5.5332965E13	241.0	82.0
5.5332974E13	241.0	82.0
5.5332982E13	241.0	82.0
5.5332995E13	241.0	82.0
5.5333003E13	241.0	82.0
5.5333016E13	240.0	82.0
5.5333024E13	240.0	81.0
5.5333033E13	240.0	81.0
5.5333045E13	240.0	81.0
5.5333054E13	240.0	81.0
5.5333066E13	240.0	81.0
5.5333075E13	240.0	81.0
5.5333083E13	241.0	81.0
5.5333095E13	241.0	82.0
5.5333104E13	241.0	81.0
5.5333116E13	241.0	82.0
5.5333125E13	241.0	82.0
5.5333133E13	241.0	81.0
5.5333146E13	241.0	81.0
5.5333154E13	241.0	81.0
5.5333163E13	241.0	81.0
5.5333175E13	241.0	81.0
5.5333184E13	241.0	81.0
5.5333196E13	241.0	81.0
5.5333205E13	241.0	81.0
5.5333213E13	241.0	82.0
5.5333225E13	241.0	82.0
5.5333234E13	241.0	82.0
5.5333246E13	241.0	82.0
5.5333255E13	241.0	82.0
5.5333263E13	241.0	82.0
5.5333276E13	241.0	82.0
5.5333284E13	241.0	82.0
5.5333293E13	241.0	81.0
5.5333305E13	241.0	81.0
5.5333314E13	241.0	81.0
5.5333326E13	241.0	81.0
5.5333335E13	241.0	81.0
5.5333343E13	241.0	81.0
5.5333356E13	241.0	82.0
5.5333364E13	241.0	82.0
5.5333376E13	241.0	82.0
5.5333385E13	241.0	82.0
5.5333393E13	241.0	82.0
5.5333406E13	241.0	82.0
5.5333414E13	241.0	82.0
5.5333423E13	241.0	86.0
5.5333435E13	241.0	82.0
5.5333444E13	241.0	81.0
5.5333456E13	241.0	82.0
5.5333465E13	241.0	81.0
5.5333473E13	241.0	82.0
5.5333486E13	241.0	82.0
5.5333494E13	241.0	82.0
5.5333507E13	241.0	82.0
5.5333515E13	241.0	82.0
5.5333523E13	241.0	82.0
5.5333536E13	241.0	82.0
5.5333544E13	241.0	81.0
5.5333553E13	241.0	81.0
5.5333565E13	241.0	81.0
5.5333574E13	241.0	81.0
5.5333586E13	241.0	81.0
5.5333595E13	241.0	81.0
5.5333603E13	240.0	81.0
5.5333616E13	240.0	81.0
5.5333624E13	240.0	81.0
5.5333637E13	240.0	81.0
5.5333645E13	240.0	81.0
5.5333653E13	240.0	81.0
5.5333666E13	240.0	82.0
5.5333674E13	240.0	82.0
5.5333687E13	240.0	82.0
5.5333695E13	240.0	82.0
5.5333704E13	240.0	82.0
5.5333716E13	240.0	82.0
5.5333725E13	240.0	82.0
5.5333733E13	240.0	82.0
5.5333746E13	240.0	82.0
5.5333754E13	240.0	82.0
5.5333767E13	240.0	81.0
5.5333775E13	240.0	81.0
5.5333783E13	240.0	86.0
5.5333796E13	240.0	86.0
5.5333804E13	240.0	86.0
5.5333817E13	240.0	86.0
5.5333825E13	240.0	86.0
5.5333834E13	240.0	86.0
5.5333846E13	240.0	86.0
5.5333855E13	240.0	86.0
5.5333863E13	240.0	86.0
5.5333876E13	240.0	86.0
5.5333884E13	240.0	86.0
5.5333897E13	240.0	86.0
5.5333913E13	240.0	82.0
5.5333926E13	240.0	86.0
5.5333947E13	240.0	86.0
5.5333934E13	240.0	86.0
5.5333955E13	240.0	86.0
5.5333964E13	240.0	82.0
5.5333976E13	240.0	82.0
5.5333997E13	241.0	81.0
5.5333985E13	241.0	81.0
5.5334006E13	241.0	81.0
5.5334014E13	241.0	82.0
5.5334027E13	240.0	82.0
5.5334035E13	240.0	82.0
5.5334043E13	241.0	82.0
5.5334056E13	241.0	82.0
5.5334064E13	241.0	82.0
5.5334077E13	241.0	82.0
5.5334085E13	241.0	82.0
5.5334094E13	241.0	86.0
5.5334106E13	241.0	86.0
5.5334115E13	241.0	86.0
5.5334127E13	241.0	86.0
5.5334136E13	241.0	82.0
5.5334144E13	241.0	82.0
5.5334157E13	241.0	81.0
5.5334165E13	240.0	81.0
5.5334173E13	240.0	81.0
5.5334186E13	240.0	81.0
5.5334194E13	240.0	81.0
5.5334207E13	241.0	81.0
5.5334215E13	241.0	81.0
5.5334224E13	241.0	81.0
5.5334236E13	241.0	82.0
5.5334245E13	240.0	82.0
5.5334257E13	240.0	82.0
5.5334266E13	240.0	82.0
5.5334274E13	240.0	81.0
5.5334287E13	240.0	81.0
5.5334295E13	240.0	81.0
5.5334303E13	240.0	81.0
5.5334316E13	240.0	81.0
5.5334324E13	240.0	81.0
5.5334337E13	240.0	81.0
5.5334345E13	240.0	81.0
5.5334354E13	240.0	82.0
5.5334366E13	240.0	81.0
5.5334375E13	240.0	81.0
5.5334387E13	240.0	86.0
5.5334396E13	240.0	86.0
5.5334404E13	240.0	86.0
5.5334417E13	240.0	86.0
5.5334425E13	240.0	86.0
5.5334438E13	240.0	86.0
5.5334446E13	240.0	86.0
5.5334454E13	240.0	86.0
5.5334467E13	240.0	86.0
5.5334475E13	240.0	86.0
5.5334484E13	240.0	86.0
5.5334496E13	240.0	86.0
5.5334505E13	240.0	86.0
5.5334517E13	240.0	86.0
5.5334526E13	240.0	86.0
5.5334534E13	240.0	86.0
5.5334547E13	240.0	86.0
5.5334555E13	240.0	86.0
5.5334568E13	240.0	86.0
5.5334576E13	240.0	86.0
5.5334584E13	240.0	86.0
5.5334597E13	240.0	86.0
5.5334605E13	240.0	82.0
5.5334614E13	240.0	86.0
5.5334626E13	240.0	82.0
5.5334635E13	240.0	86.0
5.5334647E13	240.0	82.0
5.5334656E13	240.0	82.0
5.5334664E13	240.0	82.0
5.5334677E13	240.0	81.0
5.5334685E13	240.0	81.0
5.5334698E13	240.0	81.0
5.5334706E13	240.0	81.0
5.5334714E13	240.0	81.0
5.5334727E13	240.0	81.0
5.5334735E13	240.0	81.0
5.5334744E13	240.0	81.0
5.5334756E13	240.0	81.0
5.5334765E13	240.0	82.0
5.5334777E13	240.0	82.0
5.5334786E13	240.0	82.0
5.5334794E13	240.0	82.0
5.5334807E13	240.0	82.0
5.5334815E13	240.0	82.0
5.5334828E13	240.0	82.0
5.5334836E13	240.0	82.0
5.5334844E13	240.0	82.0
5.5334857E13	240.0	82.0
5.5334865E13	240.0	82.0
5.533488E13	240.0	82.0
5.5334886E13	240.0	82.0
5.5334895E13	240.0	82.0
5.5334907E13	240.0	82.0
5.5334916E13	240.0	82.0
5.5334924E13	240.0	82.0
5.5334937E13	240.0	82.0
5.5334945E13	240.0	82.0
5.5334958E13	240.0	82.0
5.5334966E13	240.0	82.0
5.5334975E13	240.0	82.0
5.5334987E13	240.0	82.0
5.5334995E13	240.0	82.0
5.533501E13	240.0	82.0
5.5335016E13	240.0	82.0
5.5335025E13	240.0	82.0
5.5335037E13	240.0	82.0
5.5335046E13	240.0	82.0
5.5335054E13	240.0	82.0
5.5335067E13	240.0	82.0
5.5335075E13	240.0	82.0
5.5335088E13	240.0	81.0
5.5335096E13	240.0	81.0
5.5335105E13	240.0	81.0
5.5335117E13	240.0	81.0
5.5335126E13	240.0	81.0
5.533514E13	240.0	82.0
5.5335146E13	240.0	82.0
5.5335155E13	240.0	82.0
5.5335167E13	240.0	82.0
5.5335176E13	240.0	82.0
5.5335184E13	240.0	82.0
5.5335197E13	240.0	82.0
5.5335205E13	240.0	82.0
5.5335218E13	239.0	82.0
5.5335226E13	239.0	82.0
5.5335235E13	239.0	82.0
5.5335247E13	239.0	82.0
5.5335256E13	239.0	82.0
5.533527E13	239.0	82.0
5.5335277E13	239.0	82.0
5.5335285E13	239.0	82.0
5.5335297E13	240.0	82.0
5.5335306E13	240.0	86.0
5.533532E13	240.0	82.0
5.5335327E13	240.0	82.0
5.5335335E13	240.0	82.0
5.5335348E13	240.0	82.0
5.5335356E13	240.0	82.0
5.533537E13	239.0	82.0
5.5335377E13	239.0	82.0
5.5335386E13	239.0	82.0
5.53354E13	239.0	82.0
5.5335407E13	239.0	82.0
5.5335415E13	239.0	82.0
5.5335428E13	239.0	82.0
5.5335436E13	239.0	82.0
5.533545E13	240.0	82.0
5.5335457E13	240.0	82.0
5.5335465E13	240.0	82.0
5.5335478E13	240.0	81.0
5.5335486E13	240.0	81.0
5.5335495E13	240.0	82.0
5.5335507E13	240.0	82.0
5.5335516E13	240.0	82.0
5.533553E13	240.0	82.0
5.5335537E13	240.0	82.0
5.5335545E13	240.0	82.0
5.5335558E13	240.0	82.0
5.5335566E13	240.0	82.0
5.533558E13	240.0	82.0
5.5335587E13	240.0	82.0
5.5335595E13	240.0	82.0
5.5335608E13	240.0	82.0
5.5335616E13	240.0	82.0
5.533563E13	241.0	81.0
5.5335637E13	241.0	81.0
5.5335646E13	241.0	81.0
5.533566E13	241.0	81.0
5.5335667E13	241.0	81.0
5.5335675E13	241.0	81.0
5.5335688E13	241.0	81.0
5.5335696E13	241.0	82.0
5.533571E13	241.0	82.0
5.5335717E13	241.0	86.0
5.5335725E13	241.0	82.0
5.5335738E13	241.0	82.0
5.5335746E13	241.0	82.0
5.533576E13	241.0	82.0
5.5335767E13	241.0	82.0
5.5335776E13	241.0	82.0
5.533579E13	241.0	86.0
5.5335797E13	241.0	82.0
5.5335805E13	241.0	81.0
5.5335818E13	241.0	81.0
5.5335826E13	241.0	86.0
5.533584E13	241.0	86.0
5.5335847E13	241.0	86.0
5.5335855E13	241.0	86.0
5.533587E13	241.0	86.0
5.5335876E13	241.0	86.0
5.533589E13	241.0	86.0
5.5335897E13	241.0	86.0
5.5335906E13	241.0	86.0
5.533592E13	241.0	86.0
5.5335927E13	241.0	86.0
5.533594E13	241.0	86.0
5.5335948E13	241.0	86.0
5.5335956E13	241.0	86.0
5.533597E13	241.0	86.0
5.5335977E13	241.0	86.0
5.5335985E13	241.0	86.0
5.5336E13	241.0	86.0
5.5336006E13	241.0	86.0
5.533602E13	241.0	81.0
5.5336027E13	241.0	86.0
5.5336036E13	241.0	86.0
5.533605E13	241.0	86.0
5.5336057E13	241.0	86.0
5.533607E13	241.0	86.0
5.5336078E13	241.0	86.0
5.5336086E13	241.0	86.0
5.53361E13	241.0	82.0
5.5336107E13	241.0	86.0
5.5336115E13	241.0	82.0
5.533613E13	241.0	82.0
5.5336136E13	241.0	82.0
5.533615E13	241.0	82.0
5.5336157E13	241.0	82.0
5.5336166E13	241.0	82.0
5.533618E13	241.0	82.0
5.5336187E13	241.0	81.0
5.53362E13	241.0	82.0
5.5336208E13	241.0	82.0
5.5336216E13	241.0	82.0
5.533623E13	241.0	82.0
5.5336237E13	241.0	82.0
5.5336245E13	241.0	82.0
5.533626E13	241.0	82.0
5.5336266E13	241.0	82.0
5.533628E13	241.0	82.0
5.5336287E13	241.0	82.0
5.5336296E13	241.0	82.0
5.533631E13	241.0	86.0
5.533633E13	241.0	86.0
5.5336338E13	241.0	86.0
5.5336346E13	241.0	86.0
5.533636E13	241.0	86.0
5.5336367E13	241.0	86.0
5.5336375E13	240.0	86.0
5.533639E13	240.0	86.0
5.5336396E13	240.0	86.0
5.533641E13	240.0	86.0
5.5336417E13	240.0	86.0
5.5336426E13	240.0	86.0
5.533644E13	240.0	86.0
5.5336447E13	240.0	86.0
5.533646E13	240.0	86.0
5.5336468E13	240.0	82.0
5.5336476E13	240.0	82.0
5.533649E13	240.0	82.0
5.5336497E13	240.0	82.0
5.533651E13	240.0	82.0
5.533652E13	240.0	82.0
5.5336526E13	240.0	82.0
5.533654E13	240.0	86.0
5.5336547E13	240.0	86.0
5.5336556E13	240.0	86.0
5.533657E13	241.0	86.0
5.5336577E13	241.0	81.0
5.533659E13	241.0	81.0
5.5336598E13	241.0	81.0
5.5336606E13	241.0	81.0
5.533662E13	241.0	81.0
5.5336627E13	241.0	81.0
5.533664E13	241.0	82.0
5.533665E13	241.0	82.0
5.5336656E13	241.0	82.0
5.533667E13	241.0	82.0
5.5336677E13	241.0	86.0
5.5336686E13	241.0	86.0
5.53367E13	241.0	82.0
5.5336707E13	241.0	82.0
5.533672E13	241.0	82.0
5.5336728E13	241.0	82.0
5.5336736E13	241.0	86.0
5.533675E13	242.0	86.0
5.5336757E13	242.0	86.0
5.533677E13	242.0	86.0
5.533678E13	242.0	86.0
5.5336786E13	242.0	86.0
5.5336807E13	242.0	86.0
5.5336816E13	242.0	86.0
5.533683E13	242.0	86.0
5.5336837E13	242.0	86.0
5.533685E13	242.0	86.0
5.5336858E13	242.0	80.0
5.5336866E13	242.0	80.0
5.533688E13	242.0	81.0
5.5336887E13	242.0	81.0
5.53369E13	242.0	81.0
5.533691E13	242.0	81.0
5.5336916E13	242.0	82.0
5.533693E13	242.0	86.0
5.5336937E13	242.0	86.0
5.533695E13	242.0	86.0
5.533696E13	242.0	81.0
5.5336967E13	242.0	86.0
5.533698E13	242.0	81.0
5.5336988E13	242.0	81.0
5.5336996E13	242.0	81.0
5.533701E13	242.0	81.0
5.5337017E13	242.0	81.0
5.533703E13	242.0	81.0
5.533704E13	242.0	81.0
5.5337047E13	242.0	81.0
5.533706E13	242.0	81.0
5.5337067E13	242.0	81.0
5.533708E13	242.0	81.0
5.533709E13	242.0	81.0
5.5337097E13	242.0	81.0
5.533711E13	242.0	86.0
5.5337118E13	242.0	86.0
5.5337126E13	243.0	86.0
5.533714E13	243.0	81.0
5.5337147E13	243.0	81.0
5.533716E13	243.0	81.0
5.533717E13	243.0	81.0
5.5337177E13	243.0	81.0
5.533719E13	243.0	81.0
5.5337198E13	243.0	81.0
5.533721E13	243.0	81.0
5.533722E13	243.0	81.0
5.5337227E13	243.0	81.0
5.533724E13	243.0	81.0
5.5337248E13	243.0	81.0
5.5337256E13	243.0	81.0
5.533727E13	243.0	81.0
5.5337277E13	243.0	81.0
5.533729E13	243.0	81.0
5.53373E13	243.0	81.0
5.5337307E13	243.0	81.0
5.533732E13	243.0	86.0
5.5337328E13	243.0	86.0
5.533734E13	243.0	81.0
5.533735E13	243.0	81.0
5.5337357E13	243.0	81.0
5.533737E13	243.0	81.0
5.5337378E13	243.0	81.0
5.533739E13	242.0	81.0
5.53374E13	242.0	81.0
5.5337407E13	242.0	86.0
5.533742E13	242.0	86.0
5.533743E13	242.0	86.0
5.5337437E13	242.0	86.0
5.533745E13	242.0	86.0
5.5337458E13	242.0	86.0
5.533747E13	242.0	86.0
5.533748E13	242.0	86.0
5.5337487E13	242.0	86.0
5.53375E13	241.0	81.0
5.5337508E13	241.0	80.0
5.533752E13	241.0	80.0
5.533753E13	241.0	80.0
5.5337537E13	241.0	80.0
5.533755E13	241.0	80.0
5.533756E13	241.0	80.0
5.5337567E13	241.0	81.0
5.533758E13	241.0	81.0
5.5337588E13	241.0	81.0
5.53376E13	241.0	81.0
5.533761E13	241.0	81.0
5.5337617E13	241.0	81.0
5.533763E13	241.0	86.0
5.533764E13	241.0	81.0
5.533765E13	241.0	81.0
5.533766E13	241.0	81.0
5.5337667E13	241.0	81.0
5.533768E13	241.0	81.0
5.533769E13	241.0	82.0
5.53377E13	241.0	82.0
5.533771E13	241.0	82.0
5.5337718E13	241.0	86.0
5.533773E13	241.0	86.0
5.533774E13	241.0	86.0
5.5337747E13	241.0	86.0
5.533776E13	241.0	86.0
5.533777E13	241.0	86.0
5.533778E13	241.0	86.0
5.533779E13	241.0	86.0
5.5337797E13	241.0	86.0
5.533781E13	241.0	82.0
5.533782E13	241.0	86.0
5.533783E13	241.0	86.0
5.533784E13	241.0	86.0
5.5337848E13	241.0	86.0
5.533786E13	241.0	86.0
5.533787E13	241.0	86.0
5.5337877E13	241.0	86.0
5.533789E13	241.0	86.0
5.53379E13	241.0	86.0
5.533791E13	241.0	86.0
5.533792E13	241.0	86.0
5.5337927E13	241.0	81.0
5.533794E13	241.0	81.0
5.533795E13	241.0	82.0
5.533796E13	241.0	82.0
5.533797E13	241.0	82.0
5.5337978E13	241.0	82.0
5.533799E13	241.0	86.0
5.5338E13	241.0	82.0
5.5338007E13	241.0	82.0
5.533802E13	241.0	82.0
5.533803E13	241.0	82.0
5.533804E13	241.0	82.0
5.533805E13	241.0	82.0
5.5338057E13	241.0	81.0
5.533807E13	241.0	81.0
5.533808E13	241.0	86.0
5.533809E13	241.0	86.0
5.53381E13	241.0	86.0
5.5338108E13	241.0	86.0
5.533812E13	241.0	86.0
5.533813E13	241.0	86.0
5.5338137E13	241.0	86.0
5.533815E13	241.0	86.0
5.533816E13	241.0	81.0
5.533817E13	241.0	81.0
5.533818E13	241.0	81.0
5.5338187E13	241.0	81.0
5.53382E13	241.0	81.0
5.533821E13	241.0	81.0
5.533822E13	241.0	81.0
5.533823E13	241.0	80.0
5.5338238E13	241.0	81.0
5.533825E13	241.0	81.0
5.533826E13	241.0	81.0
5.533827E13	241.0	81.0
5.533828E13	241.0	81.0
5.533829E13	241.0	81.0
5.53383E13	241.0	81.0
5.533831E13	241.0	81.0
5.5338317E13	241.0	81.0
5.533833E13	241.0	81.0
5.533834E13	241.0	81.0
5.533835E13	241.0	81.0
5.533836E13	241.0	81.0
5.5338368E13	241.0	81.0
5.533838E13	241.0	81.0
5.533839E13	241.0	82.0
5.53384E13	241.0	82.0
5.533841E13	241.0	82.0
5.533842E13	241.0	82.0
5.533843E13	241.0	82.0
5.533844E13	242.0	81.0
5.5338447E13	242.0	81.0
5.533846E13	242.0	81.0
5.533847E13	242.0	86.0
5.533848E13	242.0	86.0
5.533849E13	242.0	86.0
5.5338498E13	242.0	86.0
5.533851E13	242.0	86.0
5.533852E13	242.0	86.0
5.533853E13	242.0	81.0
5.533854E13	242.0	82.0
5.533855E13	242.0	82.0
5.533856E13	242.0	81.0
5.533857E13	242.0	82.0
5.5338577E13	242.0	82.0
5.533859E13	241.0	82.0
5.53386E13	241.0	82.0
5.533861E13	241.0	82.0
5.533862E13	241.0	82.0
5.5338628E13	241.0	82.0
5.533864E13	241.0	82.0
5.533865E13	241.0	82.0
5.533866E13	241.0	82.0
5.533867E13	241.0	82.0
5.533868E13	241.0	82.0
5.533869E13	241.0	82.0
5.53387E13	241.0	82.0
5.533871E13	241.0	82.0
5.533872E13	241.0	82.0
5.533873E13	241.0	82.0
5.533874E13	241.0	82.0
5.533875E13	241.0	82.0
5.5338758E13	241.0	82.0
5.533877E13	241.0	82.0
5.533878E13	241.0	82.0
5.533879E13	241.0	82.0
5.53388E13	241.0	82.0
5.533881E13	241.0	86.0
5.533882E13	241.0	86.0
5.533883E13	241.0	81.0
5.533884E13	241.0	81.0
5.533885E13	241.0	81.0
5.533886E13	241.0	81.0
5.533887E13	241.0	81.0
5.533888E13	241.0	81.0
5.5338888E13	241.0	86.0
5.53389E13	241.0	86.0
5.533891E13	241.0	86.0
5.533892E13	241.0	81.0
5.533893E13	241.0	81.0
5.533894E13	241.0	82.0
5.533895E13	241.0	82.0
5.533896E13	242.0	82.0
5.533897E13	242.0	82.0
5.533898E13	242.0	82.0
5.533899E13	242.0	82.0
5.5339E13	242.0	81.0
5.533901E13	242.0	86.0
5.533902E13	242.0	82.0
5.533903E13	242.0	82.0
5.533904E13	242.0	82.0
5.533905E13	242.0	81.0
5.533906E13	242.0	81.0
5.533907E13	242.0	86.0
5.533908E13	242.0	86.0
5.533909E13	242.0	86.0
5.53391E13	242.0	86.0
5.533913E13	242.0	86.0
5.533914E13	242.0	86.0
5.533915E13	242.0	86.0
5.533923E13	242.0	81.0
5.533924E13	242.0	81.0
5.533925E13	242.0	81.0
5.533926E13	242.0	81.0
5.533928E13	242.0	81.0
5.533929E13	242.0	86.0
5.53393E13	242.0	86.0
5.533932E13	242.0	81.0
5.533933E13	242.0	81.0
5.533934E13	242.0	81.0
5.533935E13	242.0	81.0
5.533936E13	242.0	81.0
5.533937E13	242.0	81.0
5.533938E13	242.0	81.0
5.533939E13	242.0	81.0
5.53394E13	242.0	81.0
5.533941E13	242.0	81.0
5.533942E13	242.0	81.0
5.533943E13	242.0	81.0
5.533944E13	242.0	82.0
5.533945E13	242.0	82.0
5.5339462E13	242.0	82.0
5.533947E13	242.0	82.0
5.533948E13	242.0	81.0
5.533949E13	242.0	81.0
5.53395E13	242.0	81.0
5.533951E13	242.0	81.0
5.533952E13	242.0	81.0
5.533953E13	242.0	81.0
5.5339542E13	242.0	81.0
5.533955E13	242.0	81.0
5.533956E13	242.0	81.0
5.533957E13	242.0	81.0
5.533958E13	242.0	81.0
5.5339592E13	242.0	81.0
5.53396E13	241.0	81.0
5.533961E13	241.0	81.0
5.533962E13	241.0	81.0
5.533963E13	241.0	81.0
5.5339643E13	241.0	82.0
5.533965E13	241.0	82.0
5.533966E13	241.0	82.0
5.5339672E13	241.0	82.0
5.533968E13	241.0	82.0
5.533969E13	241.0	82.0
5.53397E13	241.0	82.0
5.533971E13	241.0	82.0
5.5339722E13	241.0	82.0
5.533973E13	241.0	82.0
5.533974E13	241.0	81.0
5.533975E13	241.0	50.0
5.533976E13	241.0	81.0
5.5339773E13	241.0	81.0
5.533978E13	241.0	81.0
5.533979E13	241.0	81.0
5.5339802E13	241.0	81.0
5.533981E13	241.0	81.0
5.533982E13	241.0	81.0
5.533983E13	241.0	81.0
5.533984E13	241.0	81.0
5.5339852E13	241.0	81.0
5.533986E13	241.0	81.0
5.533987E13	241.0	81.0
5.533988E13	241.0	81.0
5.533989E13	241.0	81.0
5.533991E13	241.0	86.0
5.533992E13	241.0	81.0
5.5339932E13	241.0	81.0
5.533994E13	241.0	81.0
5.5339953E13	241.0	81.0
5.533996E13	241.0	81.0
5.533997E13	241.0	81.0
5.5339983E13	241.0	81.0
5.533999E13	241.0	81.0
5.534E13	241.0	81.0
5.534001E13	241.0	81.0
5.534002E13	241.0	81.0
5.5340033E13	241.0	81.0
5.534004E13	241.0	81.0
5.534005E13	241.0	82.0
5.5340062E13	241.0	81.0
5.534007E13	241.0	81.0
5.5340083E13	241.0	81.0
5.534009E13	241.0	81.0
5.53401E13	241.0	81.0
5.5340113E13	241.0	81.0
5.534012E13	241.0	81.0
5.534013E13	241.0	81.0
5.534014E13	241.0	81.0
5.534015E13	241.0	81.0
5.5340163E13	241.0	81.0
5.534017E13	241.0	81.0
5.534018E13	241.0	81.0
5.5340192E13	241.0	81.0
5.53402E13	241.0	81.0
5.5340213E13	241.0	81.0
5.534022E13	241.0	81.0
5.534023E13	241.0	82.0
5.5340243E13	241.0	82.0
5.534025E13	241.0	82.0
5.5340264E13	241.0	82.0
5.534027E13	241.0	82.0
5.534028E13	241.0	82.0
5.5340293E13	241.0	82.0
5.53403E13	241.0	82.0
5.534031E13	241.0	82.0
5.5340322E13	241.0	82.0
5.534033E13	241.0	82.0
5.5340343E13	241.0	81.0
5.534035E13	241.0	81.0
5.534036E13	241.0	81.0
5.5340373E13	241.0	81.0
5.534038E13	241.0	81.0
5.534039E13	241.0	81.0
5.53404E13	241.0	81.0
5.534041E13	241.0	81.0
5.5340423E13	241.0	81.0
5.534043E13	241.0	81.0
5.534044E13	241.0	81.0
5.5340452E13	241.0	81.0
5.534046E13	241.0	81.0
5.5340473E13	241.0	81.0
5.534048E13	241.0	81.0
5.534049E13	241.0	81.0
5.5340503E13	241.0	81.0
5.534051E13	241.0	81.0
5.5340524E13	241.0	81.0
5.534053E13	240.0	81.0
5.534054E13	240.0	81.0
5.5340553E13	240.0	82.0
5.534056E13	240.0	82.0
5.534057E13	240.0	81.0
5.5340582E13	240.0	81.0
5.534059E13	240.0	81.0
5.5340603E13	240.0	81.0
5.534061E13	240.0	81.0
5.534062E13	240.0	81.0
5.5340633E13	240.0	81.0
5.534064E13	240.0	81.0
5.5340654E13	240.0	82.0
5.534066E13	240.0	82.0
5.534067E13	240.0	82.0
5.5340683E13	240.0	82.0
5.534069E13	240.0	82.0
5.5340704E13	240.0	82.0
5.5340712E13	240.0	82.0
5.534072E13	240.0	82.0
5.5340733E13	240.0	82.0
5.534074E13	240.0	82.0
5.534075E13	240.0	82.0
5.5340763E13	240.0	82.0
5.534077E13	240.0	82.0
5.5340784E13	240.0	82.0
5.534079E13	240.0	49.0
5.53408E13	240.0	82.0
5.5340813E13	240.0	82.0
5.534082E13	240.0	82.0
5.5340834E13	240.0	82.0
5.5340842E13	240.0	82.0
5.534085E13	240.0	81.0
5.5340863E13	241.0	82.0
5.534087E13	241.0	82.0
5.534088E13	241.0	82.0
5.5340893E13	241.0	82.0
5.53409E13	241.0	82.0
5.5340914E13	241.0	82.0
5.534092E13	241.0	82.0
5.534093E13	241.0	82.0
5.5340943E13	240.0	82.0
5.534095E13	240.0	82.0
5.5340964E13	240.0	82.0
5.5340972E13	240.0	82.0
5.534098E13	241.0	81.0
5.5340993E13	241.0	81.0
5.5341E13	241.0	81.0
5.534101E13	241.0	81.0
5.5341023E13	240.0	81.0
5.534103E13	240.0	82.0
5.5341044E13	240.0	82.0
5.534105E13	241.0	82.0
5.534106E13	241.0	82.0
5.5341073E13	241.0	82.0
5.534108E13	241.0	82.0
5.5341094E13	241.0	82.0
5.5341102E13	241.0	82.0
5.534111E13	241.0	81.0
5.5341123E13	241.0	81.0
5.534113E13	240.0	81.0
5.5341144E13	240.0	82.0
5.5341153E13	240.0	82.0
5.534116E13	240.0	82.0
5.5341174E13	240.0	82.0
5.534118E13	240.0	82.0
5.534119E13	240.0	82.0
5.5341203E13	240.0	82.0
5.534121E13	240.0	82.0
5.5341224E13	240.0	82.0
5.5341232E13	240.0	82.0
5.534124E13	240.0	82.0
5.5341253E13	240.0	81.0
5.534126E13	240.0	81.0
5.534127E13	240.0	82.0
5.5341283E13	240.0	82.0
5.534129E13	240.0	82.0
5.5341304E13	240.0	82.0
5.5341312E13	240.0	82.0
5.534132E13	241.0	82.0
5.5341333E13	241.0	82.0
5.534134E13	241.0	82.0
5.5341354E13	240.0	82.0
5.5341362E13	240.0	82.0
5.534137E13	240.0	82.0
5.5341383E13	240.0	82.0
5.534139E13	240.0	82.0
5.5341404E13	240.0	82.0
5.5341413E13	240.0	82.0
5.534142E13	240.0	82.0
5.5341434E13	240.0	82.0
5.5341442E13	240.0	82.0
5.534145E13	240.0	82.0
5.5341463E13	240.0	82.0
5.534147E13	240.0	82.0
5.5341484E13	240.0	82.0
5.5341492E13	240.0	82.0
5.53415E13	240.0	82.0
5.5341513E13	240.0	82.0
5.534152E13	240.0	82.0
5.5341534E13	240.0	82.0
5.5341543E13	240.0	82.0
5.534155E13	240.0	82.0
5.5341564E13	240.0	82.0
5.5341572E13	240.0	82.0
5.5341585E13	240.0	82.0
5.5341593E13	240.0	82.0
5.53416E13	240.0	82.0
5.5341614E13	240.0	82.0
5.5341622E13	240.0	82.0
5.534163E13	240.0	82.0
5.5341643E13	240.0	82.0
5.534165E13	240.0	82.0
5.5341664E13	240.0	82.0
5.5341673E13	240.0	82.0
5.534168E13	240.0	82.0
5.5341694E13	240.0	82.0
5.5341702E13	240.0	82.0
5.5341715E13	240.0	82.0
5.5341723E13	240.0	82.0
5.534173E13	240.0	82.0
5.5341744E13	240.0	82.0
5.5341753E13	240.0	82.0
5.534176E13	240.0	82.0
5.5341773E13	240.0	82.0
5.534178E13	240.0	82.0
5.5341794E13	239.0	82.0
5.5341803E13	239.0	82.0
5.5341824E13	239.0	82.0
5.534181E13	239.0	82.0
5.5341832E13	240.0	82.0
5.5341845E13	240.0	82.0
5.5341853E13	240.0	82.0
5.534186E13	240.0	82.0
5.5341874E13	240.0	82.0
5.5341883E13	240.0	82.0
5.534189E13	240.0	82.0
5.5341904E13	240.0	82.0
5.534191E13	240.0	82.0
5.5341924E13	240.0	82.0
5.5341933E13	240.0	82.0
5.534194E13	240.0	82.0
5.5341954E13	240.0	82.0
5.5341962E13	240.0	82.0
5.5341975E13	240.0	82.0
5.5341983E13	239.0	82.0
5.534199E13	239.0	82.0
5.5342004E13	239.0	82.0
5.5342013E13	239.0	82.0
5.534202E13	239.0	82.0
5.5342034E13	239.0	82.0
5.534204E13	239.0	82.0
5.5342055E13	239.0	82.0
5.5342063E13	239.0	82.0
5.534207E13	239.0	82.0
5.5342084E13	239.0	82.0
5.5342092E13	239.0	82.0
5.5342105E13	239.0	82.0
5.5342113E13	239.0	82.0
5.534212E13	239.0	82.0
5.5342134E13	239.0	82.0
5.5342143E13	239.0	82.0
5.534215E13	239.0	82.0
5.5342164E13	239.0	82.0
5.534217E13	239.0	82.0
5.5342185E13	239.0	82.0
5.5342193E13	239.0	82.0
5.53422E13	239.0	82.0
5.5342214E13	239.0	82.0
5.5342222E13	239.0	81.0
5.5342235E13	239.0	81.0
5.5342243E13	239.0	81.0
5.534225E13	239.0	81.0
5.5342264E13	239.0	82.0
5.5342273E13	239.0	82.0
5.534228E13	239.0	82.0
5.5342294E13	239.0	82.0
5.53423E13	239.0	82.0
5.5342315E13	239.0	82.0
5.5342323E13	239.0	82.0
5.534233E13	239.0	82.0
5.5342344E13	239.0	82.0
5.5342352E13	239.0	82.0
5.5342365E13	239.0	82.0
5.5342373E13	239.0	82.0
5.534238E13	239.0	82.0
5.5342394E13	239.0	82.0
5.5342415E13	239.0	82.0
5.5342424E13	239.0	82.0
5.534243E13	239.0	82.0
5.5342445E13	239.0	82.0
5.5342453E13	239.0	82.0
5.534246E13	239.0	82.0
5.5342474E13	239.0	82.0
5.5342482E13	239.0	82.0
5.5342495E13	239.0	82.0
5.5342503E13	239.0	82.0
5.534251E13	239.0	82.0
5.5342524E13	239.0	82.0
5.5342533E13	239.0	82.0
5.5342545E13	239.0	82.0
5.5342554E13	239.0	82.0
5.534256E13	239.0	82.0
5.5342575E13	239.0	82.0
5.5342583E13	239.0	82.0
5.534259E13	239.0	82.0
5.5342604E13	239.0	82.0
5.5342612E13	239.0	82.0
5.5342625E13	239.0	82.0
5.5342633E13	240.0	81.0
5.534264E13	240.0	81.0
5.5342654E13	240.0	81.0
5.5342663E13	240.0	81.0
5.5342675E13	240.0	81.0
5.5342684E13	240.0	81.0
5.534269E13	240.0	82.0
5.5342705E13	240.0	82.0
5.5342713E13	240.0	82.0
5.5342726E13	240.0	82.0
5.5342734E13	240.0	82.0
5.5342742E13	240.0	82.0
5.5342755E13	240.0	82.0
5.5342763E13	240.0	81.0
5.534277E13	240.0	81.0
5.5342784E13	240.0	81.0
5.5342793E13	240.0	81.0
5.5342805E13	240.0	81.0
5.5342814E13	240.0	81.0
5.534282E13	240.0	81.0
5.5342835E13	240.0	81.0
5.5342843E13	240.0	81.0
5.5342856E13	240.0	81.0
5.5342864E13	240.0	81.0
5.5342872E13	240.0	86.0
5.5342885E13	240.0	86.0
5.5342893E13	240.0	86.0
5.53429E13	240.0	86.0
5.5342914E13	240.0	86.0
5.5342923E13	241.0	86.0
5.5342935E13	241.0	86.0
5.5342944E13	241.0	86.0
5.534295E13	241.0	86.0
5.5342965E13	241.0	86.0
5.5342973E13	241.0	86.0
5.5342986E13	241.0	86.0
5.5342994E13	241.0	86.0
5.5343007E13	241.0	86.0
5.5343015E13	241.0	86.0
5.5343023E13	241.0	86.0
5.534303E13	241.0	86.0
5.5343044E13	241.0	86.0
5.5343053E13	241.0	86.0
5.5343065E13	241.0	86.0
5.5343074E13	241.0	86.0
5.5343082E13	241.0	86.0
5.5343095E13	241.0	86.0
5.5343103E13	241.0	86.0
5.5343116E13	241.0	86.0
5.5343124E13	241.0	86.0
5.5343132E13	241.0	86.0
5.5343145E13	241.0	86.0
5.5343153E13	241.0	86.0
5.5343166E13	241.0	81.0
5.5343174E13	241.0	81.0
5.5343183E13	241.0	81.0
5.5343195E13	241.0	81.0
5.5343204E13	241.0	81.0
5.5343216E13	241.0	81.0
5.5343225E13	241.0	81.0
5.5343233E13	241.0	81.0
5.5343246E13	241.0	81.0
5.5343254E13	241.0	81.0
5.5343262E13	241.0	81.0
5.5343275E13	241.0	81.0
5.5343283E13	241.0	82.0
5.5343296E13	241.0	82.0
5.5343304E13	241.0	82.0
5.5343313E13	241.0	81.0
5.5343325E13	241.0	81.0
5.5343334E13	241.0	82.0
5.5343342E13	241.0	81.0
5.5343355E13	241.0	81.0
5.5343363E13	241.0	81.0
5.5343376E13	241.0	81.0
5.5343384E13	241.0	81.0
5.5343392E13	241.0	81.0
5.5343405E13	241.0	81.0
5.5343413E13	241.0	81.0
5.5343426E13	241.0	81.0
5.5343434E13	241.0	81.0
5.5343443E13	241.0	81.0
5.5343455E13	241.0	81.0
5.5343464E13	241.0	81.0
5.5343476E13	241.0	81.0
5.5343485E13	241.0	81.0
5.5343493E13	241.0	82.0
5.5343506E13	241.0	82.0
5.5343514E13	241.0	82.0
5.5343523E13	240.0	82.0
5.5343535E13	240.0	82.0
5.5343543E13	240.0	82.0
5.5343556E13	240.0	82.0
5.5343564E13	241.0	81.0
5.5343573E13	241.0	81.0
5.5343585E13	241.0	81.0
5.5343594E13	241.0	81.0
5.5343606E13	240.0	81.0
5.5343615E13	240.0	81.0
5.5343623E13	240.0	81.0
5.5343636E13	240.0	81.0
5.5343644E13	240.0	82.0
5.5343657E13	240.0	82.0
5.5343665E13	240.0	82.0
5.5343674E13	240.0	82.0
5.5343686E13	240.0	82.0
5.5343694E13	240.0	82.0
5.5343703E13	241.0	81.0
5.5343715E13	241.0	81.0
5.5343724E13	241.0	49.0
5.5343736E13	241.0	81.0
5.5343745E13	240.0	81.0
5.5343753E13	240.0	81.0
5.5343766E13	240.0	81.0
5.5343774E13	240.0	81.0
5.5343787E13	240.0	81.0
5.5343795E13	240.0	81.0
5.5343804E13	240.0	51.0
5.5343816E13	240.0	81.0
5.5343825E13	240.0	81.0
5.5343833E13	240.0	81.0
5.5343845E13	240.0	81.0
5.5343854E13	240.0	82.0
5.5343866E13	240.0	82.0
5.5343875E13	240.0	81.0
5.5343883E13	240.0	81.0
5.5343896E13	240.0	81.0
5.5343904E13	240.0	81.0
5.5343917E13	240.0	81.0
5.5343925E13	240.0	81.0
5.5343934E13	240.0	81.0
5.5343946E13	240.0	81.0
5.5343955E13	240.0	82.0
5.5343963E13	240.0	82.0
5.5343975E13	240.0	82.0
5.5343984E13	240.0	82.0
5.5343996E13	240.0	82.0
5.5344005E13	240.0	81.0
5.5344013E13	240.0	81.0
5.5344026E13	240.0	81.0
5.5344034E13	240.0	82.0
5.5344047E13	240.0	82.0
5.5344055E13	240.0	82.0
5.5344064E13	240.0	82.0
5.5344076E13	240.0	82.0
5.5344085E13	240.0	82.0
5.5344093E13	240.0	82.0
5.5344106E13	240.0	82.0
5.5344114E13	240.0	82.0
5.5344126E13	240.0	81.0
5.5344135E13	240.0	81.0
5.5344143E13	240.0	81.0
5.5344156E13	240.0	81.0
5.5344164E13	240.0	81.0
5.5344177E13	240.0	81.0
5.5344185E13	240.0	81.0
5.5344194E13	240.0	81.0
5.5344206E13	240.0	81.0
5.5344215E13	240.0	81.0
5.5344227E13	240.0	81.0
5.5344236E13	240.0	82.0
5.5344244E13	240.0	82.0
5.5344257E13	240.0	81.0
5.5344265E13	240.0	81.0
5.5344273E13	240.0	81.0
5.5344286E13	240.0	82.0
5.5344294E13	240.0	81.0
5.5344307E13	240.0	81.0
5.5344315E13	240.0	81.0
5.5344324E13	240.0	82.0
5.5344336E13	240.0	82.0
5.5344345E13	240.0	82.0
5.5344353E13	240.0	82.0
5.5344366E13	240.0	82.0
5.5344374E13	240.0	82.0
5.5344387E13	240.0	82.0
5.5344395E13	240.0	82.0
5.5344403E13	240.0	82.0
5.5344416E13	240.0	82.0
5.5344424E13	240.0	81.0
5.5344437E13	240.0	82.0
5.5344445E13	240.0	82.0
5.5344454E13	240.0	82.0
5.5344466E13	240.0	82.0
5.5344475E13	240.0	82.0
5.5344487E13	240.0	82.0
5.5344496E13	240.0	82.0
5.5344504E13	240.0	82.0
5.5344517E13	240.0	82.0
5.5344525E13	240.0	82.0
5.5344533E13	240.0	81.0
5.5344546E13	240.0	81.0
5.5344554E13	240.0	81.0
5.5344567E13	240.0	81.0
5.5344575E13	240.0	81.0
5.5344584E13	240.0	81.0
5.5344596E13	240.0	81.0
5.5344605E13	240.0	81.0
5.5344617E13	240.0	82.0
5.5344626E13	240.0	82.0
5.5344634E13	240.0	82.0
5.5344647E13	240.0	82.0
5.5344655E13	240.0	82.0
5.5344668E13	240.0	82.0
5.5344676E13	240.0	82.0
5.5344684E13	240.0	82.0
5.5344697E13	240.0	82.0
5.5344705E13	240.0	82.0
5.5344714E13	240.0	82.0
5.5344735E13	240.0	82.0
5.5344747E13	240.0	82.0
5.5344756E13	240.0	82.0
5.5344764E13	240.0	82.0
5.5344777E13	240.0	82.0
5.5344785E13	240.0	82.0
5.5344798E13	240.0	82.0
5.5344806E13	240.0	82.0
5.5344814E13	240.0	82.0
5.5344827E13	240.0	82.0
5.5344835E13	240.0	82.0
5.5344844E13	240.0	82.0
5.5344856E13	240.0	82.0
5.5344865E13	240.0	82.0
5.5344877E13	240.0	82.0
5.5344886E13	240.0	82.0
5.5344894E13	240.0	81.0
5.5344907E13	240.0	81.0
5.5344915E13	241.0	82.0
5.5344928E13	241.0	81.0
5.5344936E13	241.0	82.0
5.5344944E13	240.0	82.0
5.5344957E13	240.0	82.0
5.5344965E13	240.0	82.0
5.5344974E13	240.0	82.0
5.5344986E13	241.0	81.0
5.5344995E13	241.0	82.0
5.5345007E13	241.0	82.0
5.5345016E13	241.0	82.0
5.5345024E13	241.0	82.0
5.5345037E13	241.0	82.0
5.5345045E13	241.0	82.0
5.5345058E13	240.0	82.0
5.5345066E13	240.0	82.0
5.5345074E13	240.0	82.0
5.5345087E13	240.0	82.0
5.5345095E13	240.0	82.0
5.534511E13	240.0	82.0
5.5345116E13	240.0	81.0
5.5345125E13	240.0	81.0
5.5345137E13	240.0	81.0
5.5345146E13	240.0	81.0
5.5345154E13	240.0	81.0
5.5345167E13	240.0	81.0
5.5345175E13	240.0	82.0
5.5345188E13	240.0	82.0
5.5345196E13	240.0	82.0
5.5345204E13	240.0	82.0
5.5345217E13	240.0	82.0
5.5345225E13	240.0	82.0
5.534524E13	240.0	82.0
5.5345246E13	240.0	82.0
5.5345255E13	240.0	82.0
5.5345267E13	240.0	82.0
5.5345276E13	240.0	82.0
5.5345284E13	240.0	82.0
5.5345297E13	240.0	82.0
5.5345305E13	240.0	82.0
5.5345318E13	240.0	82.0
5.5345326E13	240.0	82.0
5.5345334E13	240.0	82.0
5.5345347E13	240.0	82.0
5.5345355E13	239.0	82.0
5.534537E13	239.0	82.0
5.5345376E13	239.0	82.0
5.5345385E13	239.0	82.0
5.5345397E13	239.0	83.0
5.5345406E13	239.0	83.0
5.534542E13	239.0	83.0
5.5345427E13	239.0	83.0
5.5345435E13	240.0	83.0
5.5345448E13	240.0	83.0
5.5345456E13	240.0	83.0
5.5345464E13	240.0	82.0
5.5345477E13	240.0	82.0
5.5345485E13	240.0	82.0
5.53455E13	240.0	82.0
5.5345506E13	240.0	82.0
5.5345515E13	240.0	82.0
5.5345527E13	240.0	82.0
5.5345536E13	241.0	82.0
5.534555E13	241.0	82.0
5.5345557E13	241.0	82.0
5.5345565E13	241.0	81.0
5.5345578E13	241.0	81.0
5.5345586E13	241.0	81.0
5.5345594E13	241.0	81.0
5.5345607E13	241.0	81.0
5.5345615E13	242.0	81.0
5.534563E13	242.0	81.0
5.5345636E13	242.0	81.0
5.5345645E13	242.0	81.0
5.5345657E13	242.0	81.0
5.5345666E13	242.0	81.0
5.534568E13	242.0	81.0
5.5345687E13	243.0	81.0
5.5345695E13	243.0	81.0
5.5345708E13	243.0	81.0
5.5345716E13	243.0	81.0
5.534573E13	243.0	81.0
5.5345737E13	243.0	81.0
5.5345745E13	243.0	80.0
5.534576E13	243.0	81.0
5.5345766E13	243.0	80.0
5.5345775E13	243.0	80.0
5.5345787E13	243.0	80.0
5.5345796E13	243.0	80.0
5.534581E13	243.0	80.0
5.5345838E13	243.0	80.0
5.5345825E13	243.0	80.0
5.5345817E13	243.0	80.0
5.5345846E13	243.0	80.0
5.534586E13	243.0	80.0
5.5345867E13	243.0	80.0
5.5345876E13	243.0	80.0
5.534589E13	243.0	81.0
5.5345896E13	243.0	81.0
5.5345905E13	243.0	82.0
5.5345917E13	242.0	81.0
5.5345926E13	242.0	81.0
5.534594E13	242.0	81.0
5.5345947E13	242.0	81.0
5.5345955E13	242.0	81.0
5.5345968E13	242.0	81.0
5.5345976E13	242.0	81.0
5.534599E13	242.0	81.0
5.5345997E13	242.0	82.0
5.5346006E13	242.0	82.0
5.534602E13	242.0	82.0
5.5346027E13	242.0	82.0
5.5346035E13	242.0	82.0
5.5346047E13	242.0	82.0
5.5346056E13	242.0	81.0
5.534607E13	242.0	81.0
5.5346077E13	242.0	81.0
5.5346085E13	242.0	81.0
5.5346098E13	242.0	81.0
5.5346106E13	242.0	81.0
5.534612E13	242.0	81.0
5.5346127E13	242.0	81.0
5.5346136E13	242.0	81.0
5.534615E13	242.0	81.0
5.5346157E13	242.0	81.0
5.5346165E13	242.0	81.0
5.5346178E13	242.0	81.0
5.5346186E13	242.0	82.0
5.53462E13	242.0	82.0
5.5346207E13	242.0	82.0
5.5346215E13	241.0	82.0
5.5346228E13	241.0	82.0
5.5346236E13	241.0	82.0
5.534625E13	241.0	82.0
5.5346257E13	241.0	82.0
5.5346266E13	241.0	81.0
5.534628E13	241.0	81.0
5.5346287E13	241.0	81.0
5.53463E13	241.0	81.0
5.5346308E13	241.0	81.0
5.5346316E13	241.0	81.0
5.534633E13	241.0	81.0
5.5346337E13	241.0	81.0
5.5346345E13	241.0	81.0
5.5346358E13	241.0	82.0
5.5346366E13	241.0	82.0
5.534638E13	241.0	82.0
5.5346387E13	241.0	82.0
5.5346396E13	241.0	82.0
5.534641E13	241.0	81.0
5.5346417E13	241.0	81.0
5.534643E13	241.0	81.0
5.5346438E13	241.0	81.0
5.5346446E13	241.0	81.0
5.534646E13	241.0	81.0
5.5346467E13	241.0	81.0
5.5346475E13	241.0	81.0
5.5346488E13	241.0	81.0
5.5346496E13	241.0	81.0
5.534651E13	241.0	81.0
5.5346517E13	241.0	81.0
5.5346526E13	241.0	81.0
5.534654E13	241.0	81.0
5.5346547E13	241.0	81.0
5.534656E13	241.0	81.0
5.5346568E13	241.0	81.0
5.5346576E13	241.0	81.0
5.534659E13	241.0	80.0
5.5346597E13	241.0	80.0
5.534661E13	241.0	80.0
5.534662E13	241.0	80.0
5.5346626E13	241.0	80.0
5.534664E13	241.0	81.0
5.5346647E13	241.0	81.0
5.5346656E13	241.0	81.0
5.534667E13	241.0	82.0
5.5346677E13	241.0	82.0
5.534669E13	241.0	82.0
5.5346698E13	241.0	82.0
5.5346706E13	240.0	82.0
5.534672E13	240.0	82.0
5.5346727E13	240.0	82.0
5.534674E13	240.0	81.0
5.534675E13	240.0	81.0
5.5346756E13	240.0	81.0
5.534677E13	240.0	81.0
5.5346777E13	240.0	81.0
5.5346786E13	240.0	82.0
5.53468E13	240.0	82.0
5.5346807E13	239.0	82.0
5.534682E13	239.0	82.0
5.5346828E13	239.0	82.0
5.5346836E13	239.0	82.0
5.534685E13	239.0	82.0
5.5346857E13	239.0	83.0
5.534687E13	239.0	83.0
5.534688E13	239.0	82.0
5.5346886E13	239.0	82.0
5.53469E13	239.0	82.0
5.5346907E13	239.0	82.0
5.534692E13	239.0	82.0
5.534693E13	239.0	82.0
5.5346937E13	239.0	82.0
5.534695E13	239.0	82.0
5.5346958E13	239.0	81.0
5.5346966E13	239.0	81.0
5.534698E13	239.0	81.0
5.5346987E13	239.0	81.0
5.5347E13	239.0	81.0
5.534701E13	239.0	81.0
5.5347016E13	239.0	81.0
5.5347037E13	239.0	82.0
5.534705E13	239.0	82.0
5.534706E13	239.0	82.0
5.5347067E13	239.0	82.0
5.534708E13	239.0	82.0
5.5347088E13	239.0	82.0
5.5347096E13	239.0	82.0
5.534711E13	239.0	82.0
5.5347117E13	239.0	82.0
5.534713E13	239.0	82.0
5.534714E13	239.0	82.0
5.5347146E13	239.0	82.0
5.534716E13	239.0	82.0
5.5347167E13	239.0	82.0
5.534718E13	239.0	82.0
5.534719E13	239.0	82.0
5.5347197E13	239.0	82.0
5.534721E13	239.0	82.0
5.5347218E13	239.0	82.0
5.5347226E13	239.0	82.0
5.534724E13	239.0	81.0
5.5347247E13	239.0	81.0
5.534726E13	239.0	82.0
5.534727E13	239.0	82.0
5.5347276E13	239.0	82.0
5.534729E13	239.0	82.0
5.5347297E13	239.0	82.0
5.534731E13	239.0	82.0
5.534732E13	239.0	82.0
5.5347327E13	239.0	82.0
5.534734E13	239.0	82.0
5.5347348E13	238.0	82.0
5.5347356E13	238.0	82.0
5.534737E13	238.0	82.0
5.5347377E13	238.0	82.0
5.534739E13	238.0	82.0
5.53474E13	238.0	82.0
5.5347406E13	238.0	82.0
5.534742E13	238.0	82.0
5.5347427E13	238.0	82.0
5.534744E13	238.0	82.0
5.534745E13	238.0	81.0
5.5347457E13	238.0	82.0
5.534747E13	238.0	82.0
5.5347478E13	238.0	82.0
5.5347486E13	238.0	82.0
5.53475E13	238.0	82.0
5.5347507E13	238.0	82.0
5.534752E13	238.0	82.0
5.534753E13	238.0	82.0
5.5347536E13	238.0	82.0
5.534755E13	238.0	82.0
5.5347557E13	238.0	82.0
5.534757E13	238.0	82.0
5.534758E13	238.0	81.0
5.5347587E13	238.0	81.0
5.53476E13	238.0	81.0
5.5347608E13	238.0	81.0
5.534762E13	238.0	81.0
5.534763E13	238.0	81.0
5.5347637E13	238.0	81.0
5.534765E13	238.0	81.0
5.534766E13	238.0	82.0
5.5347666E13	238.0	82.0
5.534768E13	237.0	82.0
5.5347687E13	237.0	82.0
5.53477E13	237.0	82.0
5.534771E13	237.0	86.0
5.5347717E13	237.0	82.0
5.534773E13	237.0	82.0
5.5347738E13	237.0	82.0
5.534775E13	237.0	82.0
5.534776E13	237.0	82.0
5.5347767E13	237.0	82.0
5.534778E13	237.0	82.0
5.534779E13	237.0	82.0
5.5347797E13	237.0	82.0
5.534781E13	237.0	82.0
5.5347817E13	237.0	82.0
5.534783E13	237.0	82.0
5.534784E13	237.0	82.0
5.5347847E13	237.0	82.0
5.534786E13	237.0	82.0
5.5347868E13	237.0	82.0
5.534788E13	237.0	82.0
5.534789E13	237.0	82.0
5.5347897E13	237.0	82.0
5.534791E13	237.0	82.0
5.534792E13	237.0	82.0
5.534793E13	237.0	82.0
5.534794E13	237.0	82.0
5.5347948E13	237.0	82.0
5.534796E13	237.0	82.0
5.534797E13	237.0	82.0
5.5347977E13	237.0	82.0
5.534799E13	237.0	82.0
5.5347998E13	237.0	82.0
5.534801E13	237.0	82.0
5.534802E13	237.0	82.0
5.5348027E13	237.0	82.0
5.534804E13	237.0	82.0
5.534805E13	237.0	82.0
5.534806E13	237.0	82.0
5.534807E13	237.0	82.0
5.5348078E13	237.0	82.0
5.534809E13	237.0	82.0
5.53481E13	237.0	82.0
5.5348107E13	237.0	82.0
5.534812E13	237.0	82.0
5.5348128E13	237.0	82.0
5.534814E13	237.0	82.0
5.534815E13	237.0	82.0
5.5348157E13	237.0	82.0
5.534817E13	237.0	82.0
5.534818E13	237.0	82.0
5.534819E13	237.0	82.0
5.53482E13	237.0	82.0
5.5348208E13	237.0	82.0
5.534822E13	237.0	82.0
5.534823E13	237.0	82.0
5.5348237E13	237.0	82.0
5.534825E13	237.0	82.0
5.5348258E13	237.0	82.0
5.534827E13	237.0	82.0
5.534828E13	236.0	82.0
5.5348287E13	236.0	82.0
5.53483E13	236.0	82.0
5.534831E13	236.0	82.0
5.534832E13	236.0	82.0
5.534833E13	236.0	82.0
5.5348338E13	236.0	82.0
5.534835E13	236.0	82.0
5.534836E13	236.0	82.0
5.534837E13	236.0	82.0
5.534838E13	236.0	82.0
5.534839E13	236.0	82.0
5.53484E13	236.0	82.0
5.534841E13	236.0	82.0
5.5348417E13	236.0	82.0
5.534843E13	236.0	82.0
5.534844E13	236.0	82.0
5.534845E13	236.0	82.0
5.534846E13	236.0	82.0
5.5348468E13	237.0	82.0
5.534848E13	237.0	82.0
5.534849E13	237.0	82.0
5.53485E13	237.0	82.0
5.534852E13	236.0	82.0
5.534853E13	236.0	82.0
5.534854E13	236.0	82.0
5.534855E13	236.0	82.0
5.534856E13	236.0	82.0
5.534857E13	236.0	82.0
5.534858E13	236.0	82.0
5.534859E13	236.0	82.0
5.5348598E13	236.0	82.0
5.534862E13	236.0	82.0
5.534863E13	236.0	82.0
5.534864E13	236.0	82.0
5.534865E13	236.0	82.0
5.534866E13	236.0	82.0
5.534867E13	236.0	82.0
5.534868E13	236.0	82.0
5.534869E13	237.0	82.0
5.534871E13	237.0	82.0
5.534872E13	237.0	82.0
5.534874E13	237.0	82.0
5.534875E13	237.0	82.0
5.534876E13	237.0	82.0
5.534877E13	237.0	82.0
5.534878E13	237.0	82.0
5.534879E13	237.0	82.0
5.53488E13	237.0	82.0
5.534881E13	237.0	82.0
5.534882E13	237.0	82.0
5.534883E13	237.0	82.0
5.534884E13	237.0	82.0
5.534885E13	237.0	82.0
5.534887E13	237.0	82.0
5.534888E13	237.0	82.0
5.534889E13	237.0	82.0
5.53489E13	237.0	82.0
5.534891E13	237.0	82.0
5.534892E13	237.0	82.0
5.534893E13	237.0	82.0
5.534894E13	237.0	82.0
5.534895E13	238.0	82.0
5.534896E13	238.0	82.0
5.534897E13	238.0	82.0
5.534898E13	237.0	82.0
5.534899E13	237.0	82.0
5.5349E13	237.0	82.0
5.534901E13	237.0	82.0
5.534902E13	237.0	82.0
5.534903E13	237.0	82.0
5.534904E13	237.0	82.0
5.534905E13	237.0	82.0
5.534906E13	238.0	82.0
5.534907E13	238.0	82.0
5.534908E13	238.0	82.0
5.534909E13	238.0	82.0
5.53491E13	238.0	83.0
5.534911E13	238.0	83.0
5.534912E13	238.0	83.0
5.534913E13	238.0	83.0
5.534914E13	238.0	82.0
5.534915E13	238.0	82.0
5.534916E13	238.0	82.0
5.534917E13	238.0	82.0
5.534918E13	238.0	82.0
5.534919E13	238.0	82.0
5.53492E13	238.0	82.0
5.534921E13	238.0	82.0
5.534922E13	237.0	82.0
5.534923E13	237.0	82.0
5.534924E13	237.0	82.0
5.534925E13	237.0	82.0
5.534926E13	237.0	82.0
5.534927E13	237.0	82.0
5.534928E13	237.0	82.0
5.534929E13	237.0	82.0
5.5349302E13	237.0	82.0
5.534931E13	237.0	82.0
5.534932E13	237.0	82.0
5.534933E13	237.0	82.0
5.534934E13	237.0	82.0
5.534935E13	237.0	83.0
5.534936E13	237.0	83.0
5.534937E13	237.0	83.0
5.534938E13	237.0	83.0
5.534939E13	237.0	83.0
5.53494E13	237.0	83.0
5.534941E13	237.0	83.0
5.534942E13	237.0	83.0
5.5349432E13	237.0	82.0
5.534944E13	236.0	82.0
5.534945E13	236.0	82.0
5.534946E13	236.0	82.0
5.534947E13	236.0	82.0
5.534948E13	236.0	82.0
5.534949E13	236.0	82.0
5.53495E13	236.0	83.0
5.534951E13	236.0	83.0
5.534952E13	236.0	83.0
5.534953E13	236.0	83.0
5.534954E13	236.0	83.0
5.534955E13	236.0	83.0
5.5349562E13	236.0	82.0
5.534957E13	236.0	82.0
5.534958E13	236.0	82.0
5.534959E13	236.0	82.0
5.53496E13	236.0	82.0
5.534961E13	236.0	83.0
5.534962E13	236.0	83.0
5.534963E13	236.0	83.0
5.534964E13	236.0	83.0
5.534965E13	236.0	83.0
5.534966E13	237.0	83.0
5.534967E13	237.0	83.0
5.534968E13	237.0	83.0
5.5349692E13	237.0	83.0
5.53497E13	237.0	83.0
5.534971E13	237.0	82.0
5.534972E13	237.0	82.0
5.534973E13	237.0	82.0
5.534974E13	237.0	82.0
5.534975E13	237.0	82.0
5.534976E13	237.0	82.0
5.534977E13	237.0	82.0
5.534978E13	237.0	83.0
5.534979E13	237.0	83.0
5.53498E13	237.0	83.0
5.534981E13	237.0	83.0
5.5349822E13	237.0	83.0
5.534983E13	237.0	83.0
5.534984E13	237.0	82.0
5.534985E13	237.0	82.0
5.534986E13	237.0	82.0
5.5349873E13	237.0	82.0
5.534988E13	237.0	82.0
5.534989E13	237.0	82.0
5.53499E13	237.0	82.0
5.534991E13	237.0	82.0
5.534992E13	237.0	82.0
5.534993E13	237.0	82.0
5.534994E13	237.0	82.0
5.5349952E13	237.0	82.0
5.534996E13	237.0	82.0
5.534997E13	237.0	82.0
5.534998E13	237.0	82.0
5.534999E13	237.0	82.0
5.5350003E13	237.0	82.0
5.535001E13	237.0	82.0
5.535002E13	237.0	82.0
5.535003E13	237.0	82.0
5.535004E13	237.0	82.0
5.535005E13	237.0	82.0
5.535006E13	237.0	82.0
5.535007E13	237.0	82.0
5.5350082E13	237.0	82.0
5.535009E13	237.0	82.0
5.53501E13	237.0	82.0
5.535011E13	237.0	82.0
5.535012E13	237.0	82.0
5.5350133E13	237.0	82.0
5.535014E13	237.0	82.0
5.535015E13	237.0	82.0
5.535016E13	237.0	82.0
5.535017E13	237.0	82.0
5.535018E13	237.0	82.0
5.535019E13	237.0	82.0
5.53502E13	237.0	82.0
5.5350212E13	237.0	82.0
5.535022E13	237.0	82.0
5.535023E13	237.0	82.0
5.535024E13	237.0	82.0
5.535025E13	237.0	82.0
5.5350263E13	237.0	82.0
5.535027E13	237.0	82.0
5.535028E13	237.0	82.0
5.5350292E13	237.0	82.0
5.53503E13	237.0	82.0
5.535031E13	237.0	82.0
5.535032E13	237.0	82.0
5.535033E13	237.0	82.0
5.5350342E13	237.0	82.0
5.535035E13	237.0	82.0
5.535036E13	237.0	82.0
5.535037E13	237.0	82.0
5.535038E13	237.0	82.0
5.5350393E13	237.0	82.0
5.53504E13	237.0	82.0
5.535041E13	237.0	82.0
5.5350422E13	237.0	82.0
5.535043E13	237.0	82.0
5.5350443E13	237.0	82.0
5.535045E13	237.0	82.0
5.535046E13	237.0	82.0
5.5350472E13	237.0	82.0
5.535048E13	237.0	82.0
5.535049E13	237.0	82.0
5.53505E13	237.0	82.0
5.535051E13	237.0	82.0
5.5350523E13	237.0	82.0
5.535053E13	237.0	82.0
5.535054E13	237.0	82.0
5.5350552E13	237.0	82.0
5.535056E13	237.0	82.0
5.5350573E13	237.0	82.0
5.535058E13	237.0	82.0
5.535059E13	237.0	82.0
5.5350602E13	237.0	83.0
5.535061E13	237.0	83.0
5.5350623E13	237.0	83.0
5.535063E13	237.0	82.0
5.535064E13	237.0	82.0
5.5350653E13	237.0	82.0
5.535066E13	237.0	82.0
5.535067E13	237.0	82.0
5.5350682E13	237.0	82.0
5.535069E13	237.0	82.0
5.5350703E13	237.0	82.0
5.535071E13	237.0	82.0
5.535072E13	237.0	82.0
5.5350733E13	237.0	82.0
5.535074E13	237.0	82.0
5.5350753E13	237.0	82.0
5.535076E13	237.0	82.0
5.535077E13	237.0	82.0
5.5350783E13	237.0	82.0
5.535079E13	237.0	83.0
5.53508E13	237.0	83.0
5.5350812E13	237.0	82.0
5.5350833E13	237.0	82.0
5.535084E13	237.0	82.0
5.535085E13	237.0	82.0
5.5350863E13	237.0	82.0
5.535087E13	237.0	82.0
5.5350884E13	237.0	82.0
5.535089E13	237.0	82.0
5.53509E13	237.0	82.0
5.5350913E13	237.0	82.0
5.535092E13	237.0	82.0
5.535093E13	237.0	82.0
5.5350942E13	237.0	82.0
5.535095E13	237.0	82.0
5.5350963E13	237.0	82.0
5.535097E13	237.0	82.0
5.535098E13	237.0	82.0
5.5350993E13	237.0	82.0
5.5351E13	237.0	82.0
5.5351014E13	237.0	82.0
5.535102E13	237.0	82.0
5.535103E13	237.0	82.0
5.5351043E13	237.0	82.0
5.535105E13	237.0	82.0
5.535106E13	237.0	82.0
5.5351072E13	237.0	82.0
5.535108E13	237.0	82.0
5.5351093E13	237.0	82.0
5.53511E13	237.0	82.0
5.535111E13	237.0	82.0
5.5351123E13	237.0	82.0
5.535113E13	237.0	82.0
5.5351144E13	237.0	82.0
5.535115E13	237.0	82.0
5.535116E13	237.0	82.0
5.5351173E13	237.0	82.0
5.535118E13	237.0	82.0
5.535119E13	237.0	82.0
5.5351202E13	238.0	82.0
5.535121E13	238.0	82.0
5.5351223E13	238.0	82.0
5.535123E13	238.0	82.0
5.535124E13	238.0	82.0
5.5351253E13	238.0	82.0
5.535126E13	238.0	82.0
5.5351274E13	238.0	82.0
5.535128E13	238.0	82.0
5.535129E13	238.0	82.0
5.5351303E13	238.0	82.0
5.535131E13	238.0	82.0
5.5351324E13	238.0	82.0
5.5351332E13	238.0	82.0
5.535134E13	238.0	82.0
5.5351353E13	238.0	82.0
5.535136E13	238.0	82.0
5.535137E13	238.0	82.0
5.5351383E13	238.0	82.0
5.535139E13	238.0	82.0
5.5351404E13	238.0	82.0
5.535141E13	238.0	82.0
5.535142E13	238.0	82.0
5.5351433E13	238.0	82.0
5.535144E13	238.0	82.0
5.5351454E13	238.0	82.0
5.5351462E13	238.0	82.0
5.535147E13	238.0	82.0
5.5351483E13	238.0	82.0
5.535149E13	238.0	82.0
5.53515E13	238.0	82.0
5.5351513E13	238.0	82.0
5.535152E13	238.0	82.0
5.5351534E13	238.0	82.0
5.535154E13	238.0	82.0
5.535155E13	238.0	82.0
5.5351563E13	238.0	82.0
5.535157E13	238.0	82.0
5.5351584E13	238.0	82.0
5.5351592E13	238.0	82.0
5.5351605E13	238.0	82.0
5.5351613E13	238.0	82.0
5.535162E13	238.0	81.0
5.5351634E13	238.0	82.0
5.5351643E13	238.0	82.0
5.5351655E13	238.0	82.0
5.5351664E13	238.0	82.0
5.535167E13	237.0	82.0
5.535168E13	237.0	80.0
5.5351693E13	237.0	80.0
5.53517E13	237.0	80.0
5.5351714E13	237.0	81.0
5.5351722E13	237.0	82.0
5.535173E13	237.0	83.0
5.5351743E13	237.0	83.0
5.535175E13	236.0	82.0
5.5351764E13	236.0	81.0
5.5351773E13	236.0	82.0
5.535178E13	236.0	82.0
5.5351794E13	235.0	82.0
5.53518E13	235.0	82.0
5.535181E13	235.0	82.0
5.5351823E13	234.0	81.0
5.535183E13	234.0	81.0
5.5351844E13	234.0	81.0
5.5351852E13	234.0	81.0
5.535186E13	233.0	82.0
5.5351873E13	233.0	82.0
5.535188E13	233.0	82.0
5.5351894E13	233.0	82.0
5.5351903E13	232.0	82.0
5.535191E13	232.0	83.0
5.5351924E13	232.0	48.0
5.535193E13	232.0	83.0
5.535194E13	232.0	83.0
5.5351953E13	232.0	83.0
5.535196E13	232.0	84.0
5.5351974E13	231.0	84.0
5.5351982E13	231.0	83.0
5.535199E13	231.0	82.0
5.5352003E13	231.0	82.0
5.535201E13	230.0	82.0
5.5352024E13	230.0	82.0
5.5352033E13	230.0	82.0
5.535204E13	230.0	82.0
5.5352054E13	230.0	82.0
5.5352062E13	230.0	82.0
5.5352075E13	230.0	84.0
5.5352083E13	230.0	84.0
5.535209E13	230.0	85.0
5.5352104E13	230.0	85.0
5.5352112E13	230.0	85.0
5.535212E13	230.0	86.0
5.5352133E13	231.0	85.0
5.535214E13	231.0	85.0
5.5352154E13	231.0	84.0
5.5352163E13	231.0	83.0
5.535217E13	231.0	83.0
5.5352184E13	231.0	83.0
5.5352192E13	231.0	84.0
5.5352205E13	231.0	85.0
5.5352213E13	231.0	85.0
5.535222E13	231.0	85.0
5.5352234E13	231.0	85.0
5.5352242E13	232.0	85.0
5.535225E13	232.0	85.0
5.5352263E13	232.0	85.0
5.535227E13	232.0	85.0
5.5352284E13	233.0	85.0
5.5352293E13	233.0	85.0
5.53523E13	233.0	84.0
5.5352314E13	233.0	84.0
5.5352322E13	233.0	84.0
5.5352335E13	233.0	83.0
5.5352343E13	233.0	83.0
5.535235E13	233.0	83.0
5.5352364E13	234.0	84.0
5.5352372E13	234.0	84.0
5.535238E13	234.0	84.0
5.5352393E13	234.0	84.0
5.53524E13	234.0	84.0
5.5352414E13	234.0	84.0
5.5352423E13	234.0	86.0
5.535243E13	235.0	86.0
5.5352444E13	235.0	86.0
5.5352452E13	235.0	86.0
5.5352465E13	235.0	86.0
5.5352473E13	235.0	86.0
5.535248E13	235.0	86.0
5.5352494E13	235.0	86.0
5.5352503E13	235.0	84.0
5.5352515E13	236.0	84.0
5.5352523E13	236.0	83.0
5.535253E13	236.0	83.0
5.5352544E13	236.0	82.0
5.5352553E13	236.0	82.0
5.535256E13	236.0	81.0
5.5352574E13	236.0	81.0
5.5352582E13	236.0	81.0
5.5352595E13	236.0	86.0
5.5352603E13	236.0	82.0
5.5352616E13	236.0	82.0
5.5352624E13	236.0	86.0
5.5352633E13	236.0	86.0
5.5352645E13	236.0	86.0
5.5352654E13	236.0	86.0
5.535266E13	236.0	86.0
5.5352674E13	236.0	86.0
5.5352683E13	236.0	86.0
5.5352695E13	236.0	86.0
5.5352704E13	236.0	86.0
5.535272E13	236.0	86.0
5.5352725E13	236.0	86.0
5.5352733E13	236.0	86.0
5.535274E13	236.0	86.0
5.5352754E13	236.0	86.0
5.5352763E13	236.0	86.0
5.5352775E13	236.0	86.0
5.5352784E13	236.0	86.0
5.535279E13	236.0	86.0
5.5352805E13	236.0	86.0
5.5352813E13	236.0	86.0
5.535282E13	236.0	86.0
5.5352834E13	236.0	86.0
5.5352842E13	236.0	86.0
5.5352855E13	236.0	86.0
5.5352863E13	236.0	86.0
5.535287E13	236.0	86.0
5.5352884E13	236.0	86.0
5.5352893E13	236.0	86.0
5.5352905E13	236.0	86.0
5.5352914E13	236.0	83.0
5.535292E13	237.0	84.0
5.5352935E13	237.0	84.0
5.5352943E13	237.0	85.0
5.535295E13	237.0	85.0
5.5352964E13	237.0	85.0
5.5352972E13	237.0	85.0
5.5352985E13	237.0	85.0
5.5352993E13	238.0	85.0
5.5353E13	238.0	85.0
5.5353014E13	238.0	85.0
5.5353023E13	238.0	84.0
5.5353035E13	239.0	84.0
5.5353044E13	239.0	84.0
5.535305E13	239.0	84.0
5.5353065E13	239.0	84.0
5.5353073E13	239.0	84.0
5.535308E13	239.0	86.0
5.5353094E13	239.0	83.0
5.5353102E13	239.0	86.0
5.5353115E13	239.0	86.0
5.5353123E13	239.0	86.0
5.535313E13	239.0	86.0
5.5353144E13	239.0	86.0
5.5353153E13	239.0	86.0
5.5353165E13	239.0	86.0
5.5353174E13	239.0	86.0
5.535318E13	239.0	86.0
5.5353195E13	239.0	86.0
5.5353203E13	239.0	86.0
5.5353216E13	239.0	86.0
5.5353224E13	239.0	86.0
5.5353232E13	239.0	86.0
5.5353245E13	239.0	86.0
5.5353253E13	240.0	86.0
5.535326E13	240.0	86.0
5.5353274E13	240.0	86.0
5.5353283E13	240.0	86.0
5.5353295E13	239.0	86.0
5.5353304E13	239.0	86.0
5.535331E13	239.0	86.0
5.5353325E13	239.0	86.0
5.5353333E13	239.0	86.0
5.5353346E13	239.0	86.0
5.5353354E13	239.0	86.0
5.5353367E13	239.0	82.0
5.5353375E13	238.0	82.0
5.5353383E13	238.0	83.0
5.535339E13	238.0	83.0
5.5353404E13	238.0	83.0
5.5353413E13	238.0	83.0
5.5353425E13	238.0	83.0
5.5353434E13	238.0	83.0
5.535344E13	237.0	83.0
5.5353455E13	237.0	83.0
5.5353463E13	237.0	83.0
5.5353476E13	237.0	83.0
5.5353484E13	237.0	83.0
5.5353492E13	237.0	83.0
5.5353505E13	237.0	83.0
5.5353513E13	237.0	83.0
5.535352E13	237.0	83.0
5.5353534E13	237.0	83.0
5.5353543E13	237.0	83.0
5.5353555E13	237.0	83.0
5.5353564E13	237.0	83.0
5.535357E13	237.0	83.0
5.5353585E13	237.0	83.0
5.5353593E13	237.0	83.0
5.5353606E13	237.0	83.0
5.5353614E13	237.0	82.0
5.5353622E13	237.0	83.0
5.5353635E13	237.0	83.0
5.5353643E13	237.0	83.0
5.5353656E13	237.0	83.0
5.5353664E13	237.0	83.0
5.5353673E13	237.0	83.0
5.5353685E13	237.0	83.0
