5.5631994E13	2553.0	77.0
5.5632003E13	2553.0	77.0
5.563201E13	2553.0	77.0
5.5632024E13	2553.0	77.0
5.563203E13	2544.0	76.0
5.5632044E13	2544.0	76.0
5.563206E13	2534.0	76.0
5.5632074E13	2534.0	76.0
5.5632082E13	2534.0	76.0
5.5632095E13	2529.0	76.0
5.5632103E13	2529.0	76.0
5.563211E13	2529.0	77.0
5.5632124E13	2529.0	77.0
5.5632133E13	2531.0	77.0
5.5632145E13	2531.0	78.0
5.563216E13	2531.0	78.0
5.5632154E13	2531.0	78.0
5.5632175E13	2535.0	79.0
5.5632183E13	2535.0	79.0
5.563219E13	2535.0	80.0
5.5632204E13	2534.0	80.0
5.5632212E13	2534.0	80.0
5.5632225E13	2534.0	79.0
5.5632233E13	2534.0	79.0
5.563224E13	2529.0	79.0
5.5632254E13	2529.0	79.0
5.5632263E13	2529.0	79.0
5.5632275E13	2529.0	79.0
5.5632284E13	2522.0	79.0
5.563229E13	2522.0	78.0
5.5632305E13	2522.0	78.0
5.5632313E13	2522.0	79.0
5.563232E13	2521.0	79.0
5.5632334E13	2521.0	80.0
5.5632342E13	2521.0	80.0
5.5632355E13	2516.0	80.0
5.5632363E13	2516.0	79.0
5.563237E13	2516.0	80.0
5.5632384E13	2516.0	80.0
5.5632393E13	2517.0	80.0
5.5632405E13	2517.0	80.0
5.5632414E13	2517.0	81.0
5.563242E13	2517.0	81.0
5.5632435E13	2514.0	80.0
5.5632443E13	2514.0	80.0
5.563245E13	2514.0	79.0
5.5632464E13	2514.0	78.0
5.5632472E13	2509.0	77.0
5.5632485E13	2509.0	77.0
5.5632493E13	2509.0	76.0
5.56325E13	2503.0	76.0
5.5632514E13	2503.0	76.0
5.5632523E13	2503.0	77.0
5.5632535E13	2503.0	77.0
5.5632544E13	2502.0	77.0
5.563255E13	2502.0	78.0
5.5632565E13	2502.0	79.0
5.5632573E13	2502.0	79.0
5.563258E13	2504.0	79.0
5.5632594E13	2504.0	79.0
5.5632602E13	2504.0	78.0
5.5632615E13	2504.0	78.0
5.5632623E13	2505.0	78.0
5.563263E13	2505.0	77.0
5.5632644E13	2505.0	77.0
5.5632653E13	2505.0	77.0
5.5632665E13	2500.0	76.0
5.5632674E13	2500.0	76.0
5.563268E13	2500.0	75.0
5.5632695E13	2500.0	75.0
5.5632703E13	2494.0	75.0
5.563271E13	2494.0	76.0
5.5632724E13	2494.0	77.0
5.5632732E13	2494.0	77.0
5.5632745E13	2492.0	77.0
5.5632753E13	2492.0	78.0
5.563276E13	2492.0	78.0
5.5632774E13	2496.0	78.0
5.5632783E13	2496.0	79.0
5.5632795E13	2496.0	79.0
5.5632804E13	2496.0	79.0
5.563281E13	2504.0	79.0
5.5632825E13	2504.0	80.0
5.5632833E13	2504.0	80.0
5.563284E13	2504.0	80.0
5.5632854E13	2507.0	80.0
5.5632862E13	2507.0	80.0
5.5632875E13	2507.0	80.0
5.5632883E13	2507.0	80.0
5.563289E13	2506.0	80.0
5.5632904E13	2506.0	80.0
5.5632913E13	2506.0	80.0
5.5632925E13	2506.0	80.0
5.5632934E13	2506.0	80.0
5.563294E13	2506.0	80.0
5.5632955E13	2506.0	80.0
5.5632963E13	2509.0	80.0
5.5632976E13	2509.0	80.0
5.5632984E13	2509.0	80.0
5.5632992E13	2509.0	80.0
5.5633005E13	2509.0	79.0
5.5633013E13	2509.0	79.0
5.563302E13	2509.0	79.0
5.5633034E13	2509.0	78.0
5.5633043E13	2511.0	59.0
5.5633055E13	2511.0	77.0
5.5633064E13	2511.0	77.0
5.563307E13	2512.0	77.0
5.5633085E13	2512.0	77.0
5.5633093E13	2512.0	78.0
5.5633106E13	2512.0	79.0
5.5633114E13	2521.0	79.0
5.5633122E13	2521.0	80.0
5.5633135E13	2521.0	80.0
5.5633143E13	2521.0	81.0
5.5633156E13	2531.0	82.0
5.5633164E13	2531.0	82.0
5.5633173E13	2531.0	82.0
5.5633185E13	2531.0	82.0
5.5633194E13	2537.0	82.0
5.5633202E13	2537.0	82.0
5.5633215E13	2537.0	82.0
5.5633223E13	2542.0	82.0
5.5633236E13	2542.0	82.0
5.5633244E13	2542.0	82.0
5.5633252E13	2542.0	82.0
5.5633265E13	2545.0	81.0
5.5633273E13	2545.0	81.0
5.5633286E13	2545.0	81.0
5.5633294E13	2545.0	81.0
5.5633303E13	2545.0	80.0
5.5633315E13	2545.0	80.0
5.5633324E13	2545.0	80.0
5.5633336E13	2545.0	80.0
5.5633345E13	2544.0	80.0
5.5633353E13	2544.0	80.0
5.5633366E13	2544.0	80.0
5.5633374E13	2544.0	80.0
5.5633382E13	2544.0	80.0
5.5633395E13	2544.0	80.0
5.5633403E13	2544.0	80.0
5.5633416E13	2545.0	80.0
5.5633424E13	2545.0	80.0
5.5633433E13	2545.0	80.0
5.5633445E13	2545.0	81.0
5.5633454E13	2545.0	81.0
5.5633462E13	2545.0	80.0
5.5633475E13	2545.0	80.0
5.5633483E13	2548.0	80.0
5.5633496E13	2548.0	80.0
5.5633504E13	2548.0	80.0
5.5633512E13	2548.0	80.0
5.5633525E13	2550.0	80.0
5.5633533E13	2550.0	81.0
5.5633546E13	2550.0	81.0
5.5633554E13	2550.0	81.0
5.5633563E13	2549.0	81.0
5.5633575E13	2549.0	81.0
5.5633584E13	2549.0	81.0
5.5633596E13	2549.0	81.0
5.5633605E13	2550.0	81.0
5.5633613E13	2550.0	81.0
5.5633626E13	2550.0	80.0
5.5633634E13	2550.0	80.0
5.5633643E13	2550.0	80.0
5.5633655E13	2550.0	80.0
5.5633663E13	2550.0	80.0
5.5633676E13	2547.0	80.0
5.5633684E13	2547.0	80.0
5.5633693E13	2547.0	80.0
5.5633705E13	2547.0	80.0
5.5633714E13	2549.0	80.0
5.5633726E13	2549.0	80.0
5.5633735E13	2549.0	81.0
5.5633743E13	2549.0	80.0
5.5633756E13	2548.0	80.0
5.5633764E13	2548.0	80.0
5.5633777E13	2548.0	80.0
5.5633785E13	2547.0	80.0
5.5633794E13	2547.0	80.0
5.5633806E13	2547.0	80.0
5.5633814E13	2547.0	80.0
5.5633823E13	2545.0	80.0
5.5633835E13	2545.0	81.0
5.5633844E13	2545.0	81.0
5.5633856E13	2545.0	81.0
5.5633865E13	2549.0	81.0
5.5633873E13	2549.0	81.0
5.5633886E13	2549.0	81.0
5.5633894E13	2549.0	81.0
5.5633907E13	2545.0	81.0
5.5633915E13	2545.0	80.0
5.5633924E13	2545.0	80.0
5.5633936E13	2544.0	80.0
5.5633945E13	2544.0	80.0
5.5633957E13	2544.0	80.0
5.5633965E13	2544.0	80.0
5.5633974E13	2542.0	80.0
5.5633986E13	2542.0	80.0
5.5633995E13	2542.0	80.0
5.5634003E13	2542.0	80.0
5.5634016E13	2542.0	80.0
5.5634024E13	2542.0	81.0
5.5634037E13	2542.0	81.0
5.5634045E13	2542.0	81.0
5.5634054E13	2540.0	81.0
5.5634066E13	2540.0	81.0
5.5634075E13	2540.0	80.0
5.5634083E13	2543.0	80.0
5.5634096E13	2543.0	80.0
5.5634104E13	2543.0	80.0
5.5634116E13	2543.0	80.0
5.5634125E13	2541.0	80.0
5.5634133E13	2541.0	80.0
5.5634146E13	2541.0	80.0
5.5634154E13	2541.0	80.0
5.5634167E13	2540.0	81.0
5.5634175E13	2540.0	81.0
5.5634184E13	2540.0	81.0
5.5634196E13	2540.0	81.0
5.5634205E13	2542.0	81.0
5.5634217E13	2542.0	80.0
5.5634226E13	2542.0	80.0
5.5634234E13	2542.0	80.0
5.5634247E13	2542.0	80.0
5.5634255E13	2542.0	80.0
5.5634263E13	2542.0	81.0
5.5634276E13	2542.0	81.0
5.5634284E13	2542.0	81.0
5.5634297E13	2542.0	81.0
5.5634305E13	2541.0	81.0
5.5634314E13	2541.0	81.0
5.5634326E13	2541.0	81.0
5.5634335E13	2541.0	81.0
5.5634347E13	2541.0	81.0
5.5634356E13	2541.0	81.0
5.5634364E13	2541.0	81.0
5.5634377E13	2541.0	80.0
5.5634385E13	2539.0	80.0
5.5634393E13	2539.0	56.0
5.5634406E13	2539.0	80.0
5.563442E13	2541.0	81.0
5.5634427E13	2541.0	81.0
5.5634435E13	2541.0	80.0
5.5634448E13	2541.0	81.0
5.5634456E13	2541.0	81.0
5.5634465E13	2541.0	81.0
5.5634477E13	2541.0	81.0
5.5634486E13	2541.0	81.0
5.5634494E13	2543.0	81.0
5.5634507E13	2543.0	80.0
5.5634515E13	2543.0	80.0
5.5634523E13	2543.0	80.0
5.5634536E13	2543.0	80.0
5.5634544E13	2543.0	80.0
5.5634557E13	2543.0	80.0
5.5634565E13	2543.0	80.0
5.5634574E13	2542.0	81.0
5.5634586E13	2542.0	80.0
5.5634595E13	2542.0	81.0
5.5634607E13	2545.0	81.0
5.5634616E13	2545.0	80.0
5.5634624E13	2545.0	80.0
5.5634637E13	2545.0	80.0
5.5634645E13	2544.0	80.0
5.5634653E13	2544.0	80.0
5.5634666E13	2544.0	80.0
5.5634674E13	2544.0	80.0
5.5634687E13	2544.0	80.0
5.5634695E13	2544.0	80.0
5.5634704E13	2544.0	80.0
5.5634716E13	2544.0	80.0
5.5634725E13	2542.0	80.0
5.5634737E13	2542.0	80.0
5.5634746E13	2542.0	80.0
5.5634754E13	2542.0	80.0
5.5634767E13	2543.0	81.0
5.5634775E13	2543.0	81.0
5.5634788E13	2543.0	80.0
5.5634796E13	2545.0	80.0
5.563481E13	2545.0	80.0
5.5634817E13	2545.0	80.0
5.5634825E13	2545.0	80.0
5.5634834E13	2544.0	80.0
5.5634846E13	2544.0	80.0
5.5634855E13	2544.0	80.0
5.5634867E13	2544.0	80.0
5.5634876E13	2545.0	80.0
5.5634884E13	2545.0	80.0
5.5634897E13	2545.0	80.0
5.5634905E13	2545.0	80.0
5.5634918E13	2544.0	80.0
5.5634926E13	2544.0	80.0
5.5634934E13	2544.0	80.0
5.5634947E13	2544.0	80.0
5.5634955E13	2544.0	80.0
5.5634964E13	2544.0	80.0
5.5634976E13	2544.0	80.0
5.5634985E13	2541.0	80.0
5.5634997E13	2541.0	80.0
5.5635006E13	2541.0	80.0
5.5635014E13	2541.0	80.0
5.5635027E13	2539.0	80.0
5.5635035E13	2539.0	80.0
5.5635048E13	2539.0	80.0
5.5635056E13	2540.0	80.0
5.5635064E13	2540.0	80.0
5.5635077E13	2540.0	81.0
5.5635085E13	2540.0	81.0
5.5635094E13	2539.0	81.0
5.5635106E13	2539.0	80.0
5.5635115E13	2539.0	80.0
5.5635127E13	2539.0	80.0
5.5635136E13	2538.0	80.0
5.5635144E13	2538.0	80.0
5.5635157E13	2538.0	80.0
5.5635165E13	2538.0	80.0
5.5635178E13	2537.0	79.0
5.5635186E13	2537.0	79.0
5.5635194E13	2537.0	80.0
5.5635207E13	2535.0	80.0
5.5635215E13	2535.0	79.0
5.5635224E13	2535.0	79.0
5.5635236E13	2535.0	79.0
5.5635245E13	2539.0	80.0
5.5635257E13	2539.0	80.0
5.5635266E13	2539.0	80.0
5.5635274E13	2539.0	81.0
5.5635287E13	2539.0	81.0
5.5635295E13	2539.0	81.0
5.5635308E13	2539.0	81.0
5.5635316E13	2539.0	80.0
5.5635324E13	2539.0	80.0
5.5635337E13	2539.0	80.0
5.5635345E13	2539.0	80.0
5.563536E13	2538.0	80.0
5.5635366E13	2538.0	80.0
5.5635375E13	2538.0	80.0
5.5635387E13	2538.0	80.0
5.5635396E13	2538.0	80.0
5.5635404E13	2538.0	80.0
5.5635417E13	2538.0	81.0
5.5635425E13	2538.0	81.0
5.5635438E13	2541.0	81.0
5.5635446E13	2541.0	81.0
5.5635454E13	2541.0	81.0
5.5635467E13	2541.0	81.0
5.5635475E13	2545.0	81.0
5.563549E13	2545.0	81.0
5.5635496E13	2545.0	81.0
5.5635505E13	2545.0	81.0
5.5635517E13	2545.0	80.0
5.5635526E13	2545.0	81.0
5.563554E13	2545.0	81.0
5.5635547E13	2547.0	81.0
5.5635555E13	2547.0	81.0
5.5635568E13	2547.0	81.0
5.5635576E13	2547.0	81.0
5.5635584E13	2548.0	81.0
5.5635597E13	2548.0	81.0
5.5635605E13	2548.0	81.0
5.563562E13	2548.0	81.0
5.5635626E13	2549.0	81.0
5.5635635E13	2549.0	81.0
5.5635647E13	2549.0	80.0
5.5635656E13	2548.0	80.0
5.563567E13	2548.0	80.0
5.5635677E13	2548.0	80.0
5.5635685E13	2546.0	80.0
5.5635698E13	2546.0	80.0
5.5635706E13	2546.0	80.0
5.5635715E13	2546.0	80.0
5.5635727E13	2545.0	81.0
5.5635735E13	2545.0	81.0
5.563575E13	2545.0	81.0
5.5635756E13	2545.0	81.0
5.5635765E13	2546.0	81.0
5.5635777E13	2546.0	81.0
5.5635786E13	2546.0	81.0
5.56358E13	2545.0	81.0
5.5635807E13	2545.0	81.0
5.5635815E13	2545.0	80.0
5.5635828E13	2545.0	80.0
5.5635836E13	2544.0	80.0
5.563585E13	2544.0	80.0
5.5635857E13	2544.0	80.0
5.5635866E13	2544.0	80.0
5.563588E13	2544.0	80.0
5.5635886E13	2544.0	80.0
5.5635895E13	2544.0	80.0
5.5635907E13	2541.0	80.0
5.5635916E13	2541.0	81.0
5.563593E13	2541.0	80.0
5.5635937E13	2541.0	80.0
5.5635945E13	2541.0	80.0
5.5635958E13	2541.0	80.0
5.5635966E13	2541.0	80.0
5.563598E13	2541.0	80.0
5.5635987E13	2541.0	80.0
5.5635996E13	2541.0	81.0
5.563601E13	2541.0	81.0
5.5636016E13	2541.0	81.0
5.5636025E13	2541.0	81.0
5.5636037E13	2541.0	81.0
5.5636046E13	2541.0	81.0
5.563606E13	2544.0	81.0
5.5636067E13	2544.0	81.0
5.5636075E13	2544.0	82.0
5.5636088E13	2544.0	81.0
5.5636096E13	2542.0	81.0
5.563611E13	2542.0	81.0
5.5636117E13	2542.0	81.0
5.5636126E13	2541.0	81.0
5.563614E13	2541.0	81.0
5.5636147E13	2541.0	81.0
5.5636155E13	2541.0	80.0
5.5636167E13	2541.0	80.0
5.5636176E13	2539.0	80.0
5.563619E13	2539.0	80.0
5.5636197E13	2539.0	58.0
5.563621E13	2539.0	58.0
5.5636218E13	2537.0	79.0
5.5636226E13	2537.0	79.0
5.563624E13	2537.0	79.0
5.5636247E13	2537.0	80.0
5.5636256E13	2536.0	80.0
5.563627E13	2536.0	80.0
5.5636277E13	2536.0	80.0
5.5636285E13	2536.0	79.0
5.5636298E13	2535.0	79.0
5.5636306E13	2535.0	79.0
5.563632E13	2535.0	79.0
5.5636327E13	2535.0	80.0
5.5636335E13	2530.0	79.0
5.5636348E13	2530.0	79.0
5.563636E13	2530.0	79.0
5.563637E13	2528.0	79.0
5.5636377E13	2528.0	79.0
5.5636386E13	2528.0	79.0
5.56364E13	2528.0	79.0
5.5636407E13	2525.0	79.0
5.5636415E13	2525.0	79.0
5.5636428E13	2525.0	79.0
5.5636436E13	2525.0	79.0
5.563645E13	2521.0	79.0
5.5636457E13	2521.0	79.0
5.5636465E13	2521.0	79.0
5.5636478E13	2521.0	79.0
5.5636486E13	2521.0	80.0
5.56365E13	2521.0	80.0
5.5636507E13	2521.0	80.0
5.5636516E13	2523.0	80.0
5.563653E13	2523.0	81.0
5.5636537E13	2523.0	81.0
5.563655E13	2523.0	81.0
5.5636558E13	2523.0	80.0
5.5636566E13	2523.0	80.0
5.563658E13	2523.0	80.0
5.5636587E13	2523.0	80.0
5.5636595E13	2519.0	80.0
5.5636608E13	2519.0	79.0
5.5636616E13	2519.0	79.0
5.563663E13	2519.0	79.0
5.5636637E13	2521.0	80.0
5.5636646E13	2521.0	80.0
5.563666E13	2521.0	79.0
5.5636667E13	2522.0	80.0
5.563668E13	2522.0	80.0
5.5636688E13	2522.0	80.0
5.5636696E13	2522.0	80.0
5.563671E13	2522.0	80.0
5.563672E13	2522.0	80.0
5.5636725E13	2522.0	80.0
5.563674E13	2522.0	80.0
5.5636746E13	2524.0	80.0
5.563676E13	2524.0	80.0
5.5636767E13	2524.0	80.0
5.5636776E13	2526.0	80.0
5.563679E13	2526.0	80.0
5.5636797E13	2526.0	80.0
5.563681E13	2526.0	80.0
5.5636818E13	2527.0	80.0
5.5636826E13	2527.0	80.0
5.563684E13	2527.0	80.0
5.5636847E13	2527.0	80.0
5.5636855E13	2532.0	80.0
5.563687E13	2532.0	80.0
5.5636876E13	2532.0	80.0
5.563689E13	2532.0	80.0
5.5636897E13	2531.0	80.0
5.5636906E13	2531.0	80.0
5.563692E13	2531.0	80.0
5.5636927E13	2533.0	80.0
5.563694E13	2533.0	80.0
5.5636948E13	2533.0	80.0
5.5636956E13	2533.0	80.0
5.563697E13	2533.0	80.0
5.5636977E13	2533.0	81.0
5.563699E13	2533.0	81.0
5.5637E13	2533.0	81.0
5.5637006E13	2537.0	80.0
5.563702E13	2537.0	80.0
5.5637027E13	2537.0	80.0
5.563704E13	2533.0	81.0
5.563705E13	2533.0	81.0
5.5637057E13	2533.0	80.0
5.563707E13	2533.0	80.0
5.5637078E13	2531.0	80.0
5.5637086E13	2531.0	80.0
5.56371E13	2531.0	80.0
5.5637107E13	2530.0	80.0
5.563712E13	2530.0	56.0
5.563713E13	2530.0	80.0
5.5637136E13	2530.0	79.0
5.563715E13	2529.0	79.0
5.5637157E13	2529.0	78.0
5.563717E13	2529.0	79.0
5.563718E13	2529.0	79.0
5.5637187E13	2529.0	79.0
5.56372E13	2528.0	79.0
5.5637208E13	2528.0	79.0
5.5637216E13	2528.0	79.0
5.563723E13	2530.0	79.0
5.5637237E13	2530.0	79.0
5.563725E13	2530.0	79.0
5.563726E13	2530.0	80.0
5.5637266E13	2531.0	80.0
5.563728E13	2531.0	80.0
5.5637287E13	2531.0	80.0
5.56373E13	2531.0	80.0
5.563731E13	2534.0	80.0
5.5637317E13	2534.0	80.0
5.563733E13	2534.0	80.0
5.5637338E13	2534.0	80.0
5.5637346E13	2534.0	80.0
5.563736E13	2534.0	80.0
5.5637367E13	2534.0	80.0
5.563738E13	2535.0	80.0
5.563739E13	2535.0	80.0
5.5637396E13	2535.0	80.0
5.563741E13	2535.0	80.0
5.5637417E13	2535.0	80.0
5.563743E13	2535.0	80.0
5.563744E13	2535.0	80.0
5.5637447E13	2535.0	80.0
5.563746E13	2537.0	80.0
5.5637468E13	2537.0	81.0
5.563748E13	2537.0	81.0
5.563749E13	2537.0	81.0
5.5637497E13	2541.0	81.0
5.563751E13	2541.0	81.0
5.563752E13	2541.0	81.0
5.5637526E13	2544.0	81.0
5.563754E13	2544.0	81.0
5.5637547E13	2544.0	81.0
5.5637577E13	2546.0	81.0
5.563759E13	2546.0	81.0
5.5637598E13	2545.0	80.0
5.563761E13	2545.0	80.0
5.563762E13	2545.0	80.0
5.5637627E13	2545.0	80.0
5.563764E13	2544.0	80.0
5.563765E13	2544.0	80.0
5.5637656E13	2544.0	80.0
5.563767E13	2544.0	80.0
5.5637677E13	2543.0	81.0
5.563769E13	2543.0	81.0
5.56377E13	2543.0	81.0
5.5637707E13	2543.0	81.0
5.563772E13	2542.0	81.0
5.5637728E13	2542.0	81.0
5.563774E13	2542.0	81.0
5.563775E13	2542.0	81.0
5.5637757E13	2543.0	81.0
5.563777E13	2543.0	81.0
5.563778E13	2543.0	80.0
5.563779E13	2543.0	80.0
5.56378E13	2543.0	80.0
5.5637807E13	2543.0	80.0
5.563782E13	2543.0	80.0
5.563783E13	2541.0	80.0
5.5637837E13	2541.0	80.0
5.563785E13	2541.0	80.0
5.5637858E13	2541.0	80.0
5.563787E13	2540.0	80.0
5.563788E13	2540.0	80.0
5.5637887E13	2540.0	80.0
5.56379E13	2540.0	80.0
5.563791E13	2542.0	80.0
5.563792E13	2542.0	80.0
5.563793E13	2542.0	81.0
5.5637937E13	2540.0	80.0
5.563795E13	2540.0	80.0
5.563796E13	2540.0	80.0
5.5637967E13	2540.0	80.0
5.563798E13	2539.0	80.0
5.5637988E13	2539.0	81.0
5.5638E13	2539.0	81.0
5.563801E13	2539.0	81.0
5.5638017E13	2537.0	81.0
5.563803E13	2537.0	81.0
5.563804E13	2537.0	81.0
5.563805E13	2538.0	81.0
5.563806E13	2538.0	80.0
5.5638068E13	2538.0	80.0
5.563808E13	2538.0	80.0
5.563809E13	2538.0	81.0
5.56381E13	2538.0	81.0
5.563811E13	2538.0	80.0
5.5638118E13	2538.0	80.0
5.563813E13	2536.0	79.0
5.563814E13	2536.0	79.0
5.5638147E13	2536.0	79.0
5.563816E13	2535.0	80.0
5.563817E13	2535.0	80.0
5.563818E13	2535.0	80.0
5.563819E13	2535.0	80.0
5.5638198E13	2535.0	80.0
5.563821E13	2538.0	81.0
5.563822E13	2538.0	81.0
5.5638227E13	2538.0	81.0
5.563824E13	2541.0	81.0
5.5638248E13	2541.0	81.0
5.563826E13	2541.0	81.0
5.563827E13	2541.0	81.0
5.5638277E13	2542.0	81.0
5.563829E13	2542.0	81.0
5.56383E13	2542.0	80.0
5.563831E13	2542.0	80.0
5.563832E13	2542.0	80.0
5.5638328E13	2542.0	81.0
5.563834E13	2542.0	81.0
5.563835E13	2542.0	81.0
5.563836E13	2542.0	81.0
5.563837E13	2542.0	81.0
5.5638378E13	2542.0	81.0
5.563839E13	2543.0	81.0
5.56384E13	2543.0	80.0
5.5638407E13	2543.0	80.0
5.563842E13	2543.0	80.0
5.563843E13	2541.0	81.0
5.563844E13	2541.0	81.0
5.563845E13	2541.0	81.0
5.5638458E13	2541.0	81.0
5.563847E13	2541.0	81.0
5.563848E13	2541.0	81.0
5.563849E13	2541.0	80.0
5.56385E13	2539.0	80.0
5.563851E13	2539.0	81.0
5.563852E13	2539.0	81.0
5.563853E13	2539.0	81.0
5.5638537E13	2539.0	81.0
5.563855E13	2539.0	58.0
5.563856E13	2539.0	80.0
5.563857E13	2539.0	80.0
5.563858E13	2536.0	80.0
5.5638588E13	2536.0	81.0
5.56386E13	2536.0	58.0
5.563861E13	2536.0	81.0
5.563862E13	2537.0	81.0
5.563863E13	2537.0	81.0
5.563864E13	2537.0	81.0
5.563865E13	2536.0	81.0
5.563866E13	2536.0	81.0
5.5638667E13	2536.0	81.0
5.563868E13	2536.0	81.0
5.563869E13	2537.0	81.0
5.563871E13	2537.0	81.0
5.5638718E13	2537.0	81.0
5.563873E13	2538.0	81.0
5.563874E13	2538.0	81.0
5.563875E13	2538.0	80.0
5.563876E13	2538.0	80.0
5.563877E13	2537.0	80.0
5.563878E13	2537.0	80.0
5.563879E13	2537.0	80.0
5.56388E13	2540.0	80.0
5.563881E13	2540.0	80.0
5.563882E13	2540.0	80.0
5.563883E13	2540.0	80.0
5.563884E13	2539.0	80.0
5.5638848E13	2539.0	80.0
5.563886E13	2539.0	81.0
5.563887E13	2539.0	81.0
5.563888E13	2538.0	81.0
5.563889E13	2538.0	81.0
5.56389E13	2538.0	81.0
5.563891E13	2538.0	81.0
5.563892E13	2540.0	81.0
5.563893E13	2540.0	81.0
5.563894E13	2540.0	81.0
5.563895E13	2538.0	81.0
5.563896E13	2538.0	80.0
5.563897E13	2538.0	80.0
5.5638978E13	2538.0	80.0
5.563899E13	2540.0	80.0
5.5639E13	2540.0	80.0
5.563901E13	2540.0	80.0
5.563902E13	2540.0	80.0
5.563903E13	2539.0	80.0
5.563904E13	2539.0	80.0
5.563906E13	2539.0	81.0
5.563907E13	2540.0	81.0
5.563908E13	2540.0	81.0
5.563909E13	2540.0	81.0
5.5639108E13	2541.0	81.0
5.563912E13	2541.0	80.0
5.563913E13	2541.0	80.0
5.563914E13	2540.0	80.0
5.563915E13	2540.0	80.0
5.563916E13	2540.0	80.0
5.563917E13	2540.0	80.0
5.563918E13	2539.0	80.0
5.563919E13	2539.0	80.0
5.56392E13	2539.0	81.0
5.563921E13	2542.0	81.0
5.563922E13	2542.0	81.0
5.563923E13	2542.0	81.0
5.563924E13	2540.0	81.0
5.563925E13	2540.0	81.0
5.563926E13	2540.0	80.0
5.563927E13	2540.0	80.0
5.563928E13	2540.0	80.0
5.563929E13	2537.0	80.0
5.56393E13	2537.0	80.0
5.563931E13	2537.0	80.0
5.563932E13	2537.0	80.0
5.563933E13	2535.0	80.0
5.563934E13	2535.0	80.0
5.563935E13	2535.0	80.0
5.563936E13	2535.0	80.0
5.563937E13	2535.0	80.0
5.5639393E13	2535.0	80.0
5.56394E13	2533.0	80.0
5.563941E13	2533.0	80.0
5.563942E13	2533.0	80.0
5.563943E13	2533.0	80.0
5.563944E13	2533.0	80.0
5.563945E13	2533.0	80.0
5.563946E13	2533.0	80.0
5.563947E13	2533.0	80.0
5.563948E13	2533.0	80.0
5.563949E13	2533.0	80.0
5.56395E13	2533.0	80.0
5.563951E13	2532.0	80.0
5.563952E13	2532.0	81.0
5.563953E13	2532.0	81.0
5.563954E13	2532.0	81.0
5.5639552E13	2535.0	81.0
5.563956E13	2535.0	81.0
5.563957E13	2535.0	81.0
5.563958E13	2535.0	81.0
5.563959E13	2533.0	80.0
5.56396E13	2533.0	80.0
5.563961E13	2533.0	80.0
5.563962E13	2533.0	81.0
5.563963E13	2533.0	81.0
5.563964E13	2533.0	80.0
5.563965E13	2533.0	80.0
5.563966E13	2535.0	80.0
5.563967E13	2535.0	81.0
5.5639682E13	2535.0	81.0
5.563969E13	2535.0	81.0
5.56397E13	2538.0	81.0
5.563971E13	2538.0	81.0
5.563972E13	2538.0	81.0
5.563973E13	2538.0	81.0
5.563974E13	2539.0	81.0
5.563975E13	2539.0	81.0
5.563976E13	2539.0	81.0
5.563977E13	2539.0	81.0
5.563978E13	2538.0	81.0
5.563979E13	2538.0	81.0
5.56398E13	2538.0	81.0
5.5639812E13	2539.0	81.0
5.563982E13	2539.0	81.0
5.563983E13	2539.0	81.0
5.563984E13	2539.0	80.0
5.563985E13	2539.0	80.0
5.563986E13	2539.0	80.0
5.563987E13	2539.0	80.0
5.563988E13	2539.0	80.0
5.563989E13	2539.0	80.0
5.56399E13	2539.0	80.0
5.563991E13	2539.0	80.0
5.563992E13	2539.0	80.0
5.563993E13	2538.0	81.0
5.5639942E13	2538.0	81.0
5.563995E13	2538.0	81.0
5.563996E13	2539.0	81.0
5.563997E13	2539.0	81.0
5.563998E13	2539.0	81.0
5.5639993E13	2539.0	81.0
5.564E13	2539.0	81.0
5.564001E13	2539.0	80.0
5.564002E13	2539.0	80.0
5.564003E13	2539.0	81.0
5.564004E13	2537.0	80.0
5.564005E13	2537.0	81.0
5.564006E13	2537.0	81.0
5.5640072E13	2540.0	81.0
5.564008E13	2540.0	81.0
5.564009E13	2540.0	81.0
5.5640106E13	2537.0	81.0
5.564011E13	2537.0	81.0
5.5640123E13	2537.0	80.0
5.564013E13	2537.0	80.0
5.564014E13	2537.0	80.0
5.564015E13	2537.0	80.0
5.564016E13	2537.0	80.0
5.564017E13	2537.0	80.0
5.564018E13	2537.0	80.0
5.564019E13	2537.0	80.0
5.5640202E13	2537.0	80.0
5.564021E13	2537.0	81.0
5.564022E13	2536.0	81.0
5.564023E13	2536.0	81.0
5.564024E13	2536.0	81.0
5.5640253E13	2538.0	81.0
5.564026E13	2538.0	81.0
5.564027E13	2538.0	81.0
5.5640282E13	2538.0	81.0
5.564029E13	2538.0	81.0
5.5640307E13	2538.0	81.0
5.564031E13	2538.0	81.0
5.564032E13	2538.0	80.0
5.5640332E13	2538.0	80.0
5.564034E13	2536.0	80.0
5.564035E13	2536.0	80.0
5.564036E13	2536.0	80.0
5.564037E13	2538.0	80.0
5.5640383E13	2538.0	80.0
5.564039E13	2538.0	80.0
5.56404E13	2538.0	81.0
5.5640412E13	2538.0	81.0
5.564042E13	2538.0	81.0
5.5640433E13	2538.0	81.0
5.564044E13	2538.0	81.0
5.564045E13	2537.0	81.0
5.5640462E13	2537.0	80.0
5.564047E13	2537.0	81.0
5.564048E13	2537.0	81.0
5.564049E13	2536.0	80.0
5.56405E13	2536.0	80.0
5.5640513E13	2536.0	80.0
5.564052E13	2537.0	81.0
5.564053E13	2537.0	81.0
5.5640542E13	2537.0	81.0
5.564055E13	2537.0	81.0
5.5640563E13	2538.0	81.0
5.564057E13	2538.0	81.0
5.564058E13	2538.0	81.0
5.5640592E13	2538.0	81.0
5.56406E13	2539.0	81.0
5.564061E13	2539.0	81.0
5.564062E13	2539.0	81.0
5.564063E13	2539.0	81.0
5.5640643E13	2537.0	81.0
5.564065E13	2537.0	81.0
5.564066E13	2537.0	81.0
5.5640672E13	2537.0	81.0
5.564068E13	2537.0	81.0
5.5640693E13	2537.0	81.0
5.56407E13	2535.0	81.0
5.564071E13	2535.0	81.0
5.5640723E13	2535.0	82.0
5.564073E13	2535.0	57.0
5.564074E13	2533.0	82.0
5.564075E13	2533.0	82.0
5.564076E13	2533.0	83.0
5.5640773E13	2533.0	83.0
5.564078E13	2531.0	83.0
5.564079E13	2531.0	82.0
5.5640802E13	2531.0	82.0
5.564081E13	2522.0	81.0
5.5640823E13	2522.0	81.0
5.564083E13	2522.0	81.0
5.564084E13	2522.0	80.0
5.5640853E13	2511.0	79.0
5.564086E13	2511.0	78.0
5.5640874E13	2511.0	78.0
5.564088E13	2511.0	78.0
5.564089E13	2511.0	78.0
5.5640903E13	2501.0	78.0
5.564091E13	2501.0	77.0
5.564092E13	2501.0	76.0
5.5640932E13	2490.0	76.0
5.564094E13	2490.0	77.0
5.5640953E13	2490.0	78.0
5.564096E13	2490.0	78.0
5.564097E13	2480.0	77.0
5.5640983E13	2480.0	76.0
5.564099E13	2480.0	76.0
5.5641004E13	2480.0	78.0
5.564101E13	2483.0	79.0
5.564102E13	2483.0	80.0
5.5641033E13	2483.0	79.0
5.564104E13	2483.0	78.0
5.564105E13	2482.0	76.0
5.5641062E13	2482.0	77.0
5.564107E13	2482.0	77.0
5.5641083E13	2477.0	77.0
5.564109E13	2477.0	75.0
5.56411E13	2477.0	73.0
5.5641113E13	2477.0	72.0
5.564112E13	2477.0	72.0
5.5641134E13	2477.0	72.0
5.564114E13	2477.0	71.0
5.564115E13	2489.0	71.0
5.5641163E13	2489.0	69.0
5.564117E13	2489.0	69.0
5.5641184E13	2489.0	69.0
5.5641192E13	2517.0	72.0
5.56412E13	2517.0	72.0
5.5641213E13	2517.0	74.0
5.564122E13	2517.0	74.0
5.564123E13	2543.0	74.0
5.5641243E13	2543.0	73.0
5.564125E13	2543.0	48.0
5.5641264E13	2557.0	68.0
5.564127E13	2557.0	66.0
5.564128E13	2557.0	66.0
5.5641293E13	2557.0	66.0
5.56413E13	2557.0	66.0
5.5641314E13	2572.0	67.0
5.5641322E13	2572.0	69.0
5.564133E13	2572.0	70.0
5.5641343E13	2572.0	71.0
5.564135E13	2613.0	72.0
5.564136E13	2613.0	72.0
5.5641373E13	2613.0	70.0
5.564138E13	2677.0	69.0
5.5641394E13	2677.0	68.0
5.56414E13	2677.0	68.0
5.564141E13	2677.0	67.0
5.5641423E13	2726.0	68.0
5.564143E13	2726.0	68.0
5.5641444E13	2726.0	69.0
5.5641452E13	2726.0	70.0
5.564146E13	2737.0	70.0
5.5641473E13	2737.0	71.0
5.564148E13	2737.0	71.0
5.5641494E13	2737.0	72.0
5.5641503E13	2732.0	72.0
5.564151E13	2732.0	72.0
5.5641524E13	2732.0	70.0
5.564153E13	2662.0	70.0
5.564154E13	2662.0	70.0
5.5641553E13	2662.0	70.0
5.5641566E13	2576.0	70.0
5.5641574E13	2576.0	70.0
5.5641582E13	2576.0	70.0
5.564159E13	2576.0	70.0
5.5641603E13	2576.0	71.0
5.564161E13	2565.0	71.0
5.5641624E13	2565.0	70.0
5.5641633E13	2565.0	70.0
5.564164E13	2565.0	71.0
5.5641654E13	2566.0	73.0
5.564166E13	2566.0	74.0
5.564167E13	2566.0	74.0
5.5641687E13	2564.0	73.0
5.564169E13	2564.0	72.0
5.564171E13	2564.0	71.0
5.5641712E13	2564.0	71.0
5.564172E13	2552.0	70.0
5.5641733E13	2552.0	69.0
5.564174E13	2552.0	69.0
5.5641754E13	2552.0	69.0
5.5641763E13	2545.0	70.0
5.564177E13	2545.0	71.0
5.5641784E13	2545.0	71.0
5.564179E13	2543.0	72.0
5.56418E13	2543.0	73.0
5.5641813E13	2543.0	73.0
5.564182E13	2543.0	73.0
5.5641834E13	2541.0	72.0
5.5641842E13	2541.0	72.0
5.564185E13	2541.0	71.0
5.5641863E13	2541.0	71.0
5.564187E13	2537.0	71.0
5.5641884E13	2537.0	71.0
5.5641893E13	2537.0	71.0
5.56419E13	2537.0	71.0
5.5641914E13	2532.0	71.0
5.564192E13	2532.0	71.0
5.564193E13	2532.0	71.0
5.5641943E13	2529.0	71.0
5.564195E13	2529.0	71.0
5.5641964E13	2529.0	71.0
5.5641972E13	2529.0	72.0
5.564198E13	2534.0	72.0
5.5641993E13	2534.0	74.0
5.5642E13	2534.0	74.0
5.5642014E13	2534.0	74.0
5.5642023E13	2541.0	74.0
5.564203E13	2541.0	75.0
5.5642044E13	2541.0	75.0
5.5642052E13	2541.0	75.0
5.5642065E13	2532.0	74.0
5.5642073E13	2532.0	72.0
5.564208E13	2532.0	70.0
5.5642094E13	2517.0	69.0
5.5642102E13	2517.0	69.0
5.564211E13	2517.0	68.0
5.5642123E13	2517.0	68.0
5.564213E13	2510.0	69.0
5.5642144E13	2510.0	70.0
5.5642153E13	2510.0	70.0
5.564216E13	2515.0	73.0
5.5642174E13	2515.0	74.0
5.5642182E13	2515.0	74.0
5.5642195E13	2515.0	76.0
5.5642203E13	2515.0	76.0
5.564221E13	2525.0	76.0
5.5642224E13	2525.0	76.0
5.5642232E13	2525.0	76.0
5.5642245E13	2522.0	75.0
5.5642253E13	2522.0	74.0
5.5642274E13	2522.0	73.0
5.5642283E13	2515.0	45.0
5.564229E13	2515.0	71.0
5.5642304E13	2515.0	70.0
5.5642312E13	2509.0	69.0
5.5642325E13	2509.0	69.0
5.5642333E13	2509.0	69.0
5.564234E13	2509.0	69.0
5.5642354E13	2509.0	70.0
5.5642362E13	2505.0	70.0
5.564237E13	2505.0	70.0
5.5642383E13	2505.0	69.0
5.564239E13	2504.0	69.0
5.5642404E13	2504.0	68.0
5.5642413E13	2504.0	68.0
5.564242E13	2504.0	68.0
5.564244E13	2503.0	69.0
5.5642442E13	2503.0	69.0
5.564246E13	2503.0	70.0
5.5642463E13	2503.0	70.0
5.564247E13	2502.0	70.0
5.5642484E13	2502.0	70.0
5.5642493E13	2502.0	69.0
5.5642505E13	2502.0	69.0
5.5642513E13	2501.0	69.0
5.564252E13	2501.0	69.0
5.5642534E13	2501.0	69.0
5.5642543E13	2498.0	69.0
5.564255E13	2498.0	68.0
5.5642564E13	2498.0	67.0
5.5642572E13	2498.0	66.0
5.5642585E13	2490.0	66.0
5.5642593E13	2490.0	67.0
5.56426E13	2490.0	68.0
5.5642614E13	2490.0	69.0
5.5642623E13	2488.0	69.0
5.5642635E13	2488.0	69.0
5.5642643E13	2488.0	69.0
5.564265E13	2496.0	70.0
5.5642664E13	2496.0	71.0
5.5642673E13	2496.0	72.0
5.564268E13	2496.0	73.0
5.5642694E13	2503.0	73.0
5.5642702E13	2503.0	72.0
5.5642715E13	2503.0	71.0
5.5642723E13	2503.0	70.0
5.564273E13	2502.0	69.0
5.5642744E13	2502.0	68.0
5.5642753E13	2502.0	68.0
5.5642765E13	2502.0	68.0
5.5642774E13	2497.0	68.0
5.564278E13	2497.0	68.0
5.5642794E13	2497.0	68.0
5.5642803E13	2496.0	67.0
5.564281E13	2496.0	67.0
5.5642824E13	2496.0	68.0
5.5642832E13	2496.0	70.0
5.5642845E13	2508.0	71.0
5.5642853E13	2508.0	71.0
5.564286E13	2508.0	71.0
5.5642874E13	2508.0	72.0
5.5642883E13	2522.0	72.0
5.5642895E13	2522.0	72.0
5.5642904E13	2522.0	72.0
5.564291E13	2522.0	72.0
5.5642925E13	2529.0	72.0
5.5642933E13	2529.0	72.0
5.5642945E13	2529.0	71.0
5.5642954E13	2526.0	71.0
5.5642962E13	2526.0	71.0
5.5642975E13	2526.0	71.0
5.5642983E13	2526.0	71.0
5.564299E13	2527.0	72.0
5.5643004E13	2527.0	72.0
5.5643013E13	2527.0	72.0
5.5643025E13	2527.0	74.0
5.5643034E13	2535.0	76.0
5.564304E13	2535.0	77.0
5.5643055E13	2535.0	76.0
5.5643063E13	2535.0	75.0
5.5643076E13	2542.0	76.0
5.5643084E13	2542.0	75.0
5.5643092E13	2542.0	74.0
5.5643105E13	2534.0	73.0
5.5643113E13	2534.0	73.0
5.5643126E13	2534.0	72.0
5.5643134E13	2534.0	72.0
5.5643143E13	2520.0	72.0
5.5643155E13	2520.0	72.0
5.5643164E13	2520.0	73.0
5.564317E13	2520.0	74.0
5.5643185E13	2511.0	75.0
5.5643193E13	2511.0	75.0
5.5643206E13	2511.0	75.0
5.5643214E13	2511.0	75.0
5.5643222E13	2514.0	75.0
5.5643235E13	2514.0	75.0
5.5643243E13	2514.0	76.0
5.5643256E13	2516.0	77.0
5.5643264E13	2516.0	78.0
5.5643273E13	2516.0	78.0
5.5643285E13	2516.0	79.0
5.5643294E13	2518.0	80.0
5.56433E13	2518.0	79.0
5.5643315E13	2518.0	79.0
5.5643323E13	2521.0	78.0
5.5643336E13	2521.0	77.0
5.5643344E13	2521.0	77.0
5.5643352E13	2521.0	77.0
5.5643365E13	2521.0	77.0
5.5643373E13	2527.0	77.0
5.5643386E13	2527.0	77.0
5.5643394E13	2527.0	77.0
5.5643403E13	2533.0	77.0
5.5643415E13	2533.0	78.0
5.5643424E13	2533.0	79.0
5.564343E13	2533.0	79.0
5.5643445E13	2540.0	80.0
5.5643453E13	2540.0	80.0
5.5643466E13	2540.0	81.0
5.5643474E13	2540.0	81.0
5.5643482E13	2546.0	81.0
5.5643495E13	2546.0	82.0
5.5643503E13	2546.0	82.0
5.5643516E13	2550.0	82.0
5.5643524E13	2550.0	81.0
5.5643533E13	2550.0	80.0
5.5643545E13	2550.0	80.0
5.5643554E13	2553.0	79.0
5.564356E13	2553.0	79.0
5.5643575E13	2553.0	79.0
5.5643583E13	2553.0	79.0
5.5643596E13	2554.0	79.0
5.5643604E13	2554.0	79.0
5.5643617E13	2554.0	79.0
5.5643625E13	2554.0	79.0
5.5643633E13	2558.0	80.0
5.5643646E13	2558.0	80.0
5.5643654E13	2558.0	81.0
5.5643663E13	2566.0	81.0
5.5643675E13	2566.0	81.0
5.5643684E13	2566.0	81.0
5.564369E13	2566.0	81.0
5.5643705E13	2574.0	81.0
5.5643713E13	2574.0	82.0
5.5643726E13	2574.0	82.0
5.5643734E13	2574.0	82.0
5.5643742E13	2577.0	82.0
5.5643755E13	2577.0	82.0
5.5643763E13	2577.0	81.0
5.5643776E13	2577.0	81.0
5.5643784E13	2578.0	81.0
5.5643793E13	2578.0	80.0
5.5643805E13	2578.0	80.0
5.5643814E13	2577.0	80.0
5.5643826E13	2577.0	80.0
5.5643835E13	2577.0	80.0
5.5643843E13	2577.0	80.0
5.5643856E13	2578.0	80.0
5.5643864E13	2578.0	80.0
5.5643872E13	2578.0	80.0
5.5643885E13	2578.0	80.0
5.5643893E13	2579.0	81.0
5.5643906E13	2579.0	81.0
5.5643914E13	2579.0	82.0
5.5643923E13	2579.0	82.0
5.5643935E13	2583.0	82.0
5.5643944E13	2583.0	82.0
5.5643956E13	2583.0	82.0
5.5643965E13	2585.0	82.0
5.5643973E13	2585.0	82.0
5.5643986E13	2585.0	82.0
5.5643994E13	2585.0	81.0
5.5644007E13	2584.0	80.0
5.5644015E13	2584.0	80.0
5.5644023E13	2584.0	80.0
5.5644036E13	2584.0	79.0
5.5644044E13	2578.0	79.0
5.5644053E13	2578.0	80.0
5.5644065E13	2578.0	80.0
5.5644074E13	2578.0	80.0
5.5644086E13	2573.0	80.0
5.5644095E13	2573.0	80.0
5.5644107E13	2573.0	80.0
5.5644116E13	2571.0	79.0
5.5644124E13	2571.0	80.0
5.5644137E13	2571.0	80.0
5.5644145E13	2571.0	79.0
5.5644153E13	2569.0	79.0
5.5644166E13	2569.0	79.0
5.5644174E13	2569.0	80.0
5.5644183E13	2569.0	80.0
5.5644195E13	2566.0	79.0
5.5644204E13	2566.0	79.0
5.5644216E13	2566.0	79.0
5.5644225E13	2564.0	55.0
5.5644233E13	2564.0	79.0
5.5644246E13	2564.0	79.0
5.5644254E13	2561.0	79.0
5.5644267E13	2561.0	78.0
5.5644275E13	2561.0	78.0
5.5644283E13	2561.0	79.0
5.5644296E13	2561.0	79.0
5.5644304E13	2559.0	79.0
5.5644313E13	2559.0	55.0
5.5644325E13	2559.0	55.0
5.5644334E13	2558.0	80.0
5.5644346E13	2558.0	80.0
5.5644355E13	2558.0	80.0
5.5644363E13	2559.0	80.0
5.5644376E13	2559.0	80.0
5.5644384E13	2559.0	80.0
5.5644397E13	2559.0	80.0
5.5644405E13	2559.0	80.0
5.5644413E13	2559.0	80.0
5.5644426E13	2559.0	80.0
5.5644434E13	2559.0	80.0
5.5644447E13	2559.0	80.0
5.5644455E13	2558.0	80.0
5.5644464E13	2558.0	80.0
5.5644476E13	2558.0	80.0
5.5644485E13	2558.0	80.0
5.5644497E13	2556.0	80.0
5.5644506E13	2556.0	80.0
5.5644514E13	2556.0	81.0
5.5644527E13	2557.0	80.0
5.5644535E13	2557.0	80.0
5.5644544E13	2557.0	80.0
5.5644556E13	2557.0	80.0
5.5644564E13	2556.0	80.0
5.5644573E13	2556.0	80.0
5.5644585E13	2556.0	80.0
5.5644594E13	2556.0	80.0
5.5644606E13	2556.0	80.0
5.5644615E13	2556.0	80.0
5.5644623E13	2556.0	80.0
5.5644636E13	2556.0	80.0
5.5644644E13	2556.0	80.0
5.5644657E13	2556.0	80.0
5.5644665E13	2556.0	80.0
5.5644674E13	2553.0	80.0
5.5644686E13	2553.0	80.0
5.5644695E13	2553.0	80.0
5.5644703E13	2553.0	81.0
5.5644715E13	2557.0	81.0
5.5644724E13	2557.0	81.0
5.5644736E13	2557.0	81.0
5.5644745E13	2557.0	81.0
5.5644753E13	2558.0	81.0
5.5644766E13	2558.0	81.0
5.5644774E13	2558.0	81.0
5.5644787E13	2558.0	80.0
5.5644795E13	2561.0	80.0
5.5644804E13	2561.0	80.0
5.5644816E13	2561.0	80.0
5.5644825E13	2556.0	79.0
5.5644837E13	2556.0	79.0
5.5644846E13	2556.0	79.0
5.5644854E13	2556.0	79.0
5.5644866E13	2556.0	79.0
5.5644875E13	2556.0	79.0
5.5644883E13	2556.0	79.0
5.5644896E13	2556.0	80.0
5.5644904E13	2555.0	80.0
5.5644917E13	2555.0	79.0
5.5644925E13	2555.0	78.0
5.5644934E13	2555.0	78.0
5.5644946E13	2555.0	78.0
5.5644955E13	2555.0	78.0
5.5644967E13	2555.0	78.0
5.5644976E13	2553.0	78.0
5.5644984E13	2553.0	78.0
5.5644997E13	2553.0	78.0
5.5645005E13	2553.0	78.0
5.5645013E13	2554.0	78.0
5.5645026E13	2554.0	79.0
5.5645034E13	2554.0	79.0
5.5645047E13	2554.0	79.0
5.5645055E13	2552.0	79.0
5.5645064E13	2552.0	79.0
5.5645076E13	2552.0	79.0
5.5645085E13	2552.0	78.0
5.5645097E13	2550.0	78.0
5.5645106E13	2550.0	78.0
5.564512E13	2550.0	78.0
5.5645127E13	2547.0	77.0
5.5645135E13	2547.0	77.0
5.5645147E13	2547.0	77.0
5.5645156E13	2547.0	78.0
5.5645164E13	2545.0	78.0
5.5645177E13	2545.0	78.0
5.5645185E13	2545.0	78.0
5.5645194E13	2545.0	79.0
5.5645206E13	2543.0	79.0
5.5645215E13	2543.0	79.0
5.5645227E13	2543.0	79.0
5.5645236E13	2544.0	79.0
5.5645244E13	2544.0	79.0
5.5645257E13	2544.0	79.0
5.5645265E13	2544.0	79.0
5.5645278E13	2543.0	79.0
5.5645286E13	2543.0	79.0
5.5645294E13	2543.0	79.0
5.5645307E13	2543.0	79.0
5.5645315E13	2540.0	79.0
5.5645324E13	2540.0	79.0
5.5645336E13	2540.0	78.0
5.5645345E13	2540.0	78.0
5.5645357E13	2537.0	78.0
5.5645366E13	2537.0	78.0
5.5645374E13	2537.0	78.0
5.5645387E13	2535.0	79.0
5.5645395E13	2535.0	79.0
5.5645408E13	2535.0	79.0
5.5645416E13	2535.0	79.0
5.5645424E13	2539.0	79.0
5.5645437E13	2539.0	80.0
5.5645445E13	2539.0	80.0
5.5645454E13	2539.0	79.0
5.5645466E13	2537.0	79.0
5.564548E13	2537.0	79.0
5.5645487E13	2537.0	79.0
5.5645496E13	2537.0	79.0
5.564551E13	2533.0	79.0
5.5645517E13	2533.0	79.0
5.5645525E13	2533.0	78.0
5.5645538E13	2528.0	78.0
5.5645546E13	2528.0	78.0
5.5645554E13	2528.0	78.0
5.5645567E13	2528.0	78.0
5.5645575E13	2526.0	78.0
5.5645588E13	2526.0	78.0
5.5645596E13	2526.0	78.0
5.5645605E13	2526.0	78.0
5.5645617E13	2526.0	79.0
5.5645626E13	2526.0	79.0
5.5645634E13	2526.0	79.0
5.5645647E13	2526.0	79.0
5.5645655E13	2526.0	80.0
5.5645668E13	2526.0	54.0
5.5645676E13	2527.0	79.0
5.5645684E13	2527.0	79.0
5.5645697E13	2527.0	79.0
5.5645705E13	2527.0	79.0
5.564572E13	2526.0	79.0
5.5645726E13	2526.0	79.0
5.5645735E13	2526.0	79.0
5.5645747E13	2526.0	78.0
5.5645756E13	2524.0	78.0
5.564577E13	2524.0	78.0
5.5645777E13	2524.0	78.0
5.5645785E13	2524.0	78.0
5.5645798E13	2526.0	78.0
5.5645806E13	2526.0	79.0
5.5645814E13	2526.0	79.0
5.5645827E13	2526.0	79.0
5.5645835E13	2529.0	79.0
5.564585E13	2529.0	79.0
5.5645856E13	2529.0	80.0
5.5645865E13	2529.0	80.0
5.5645877E13	2533.0	80.0
5.5645886E13	2533.0	80.0
5.56459E13	2533.0	80.0
5.5645907E13	2533.0	79.0
5.5645915E13	2535.0	79.0
5.5645928E13	2535.0	78.0
5.5645936E13	2535.0	78.0
5.5645944E13	2539.0	78.0
5.5645957E13	2539.0	78.0
5.5645965E13	2539.0	79.0
5.564598E13	2540.0	79.0
5.5645986E13	2540.0	79.0
5.5645995E13	2540.0	80.0
5.5646007E13	2540.0	80.0
5.5646016E13	2540.0	80.0
5.564603E13	2547.0	80.0
5.5646037E13	2547.0	80.0
5.5646045E13	2547.0	79.0
5.5646058E13	2547.0	79.0
5.5646066E13	2549.0	79.0
5.5646074E13	2549.0	79.0
5.5646087E13	2549.0	79.0
5.5646095E13	2550.0	79.0
5.564611E13	2550.0	79.0
5.5646116E13	2550.0	79.0
5.5646125E13	2550.0	79.0
5.5646137E13	2554.0	79.0
5.5646146E13	2554.0	79.0
5.564616E13	2554.0	79.0
5.5646167E13	2554.0	79.0
5.5646175E13	2556.0	79.0
5.5646196E13	2556.0	79.0
5.564621E13	2560.0	79.0
5.5646217E13	2560.0	79.0
5.5646225E13	2560.0	79.0
5.564624E13	2560.0	79.0
5.5646246E13	2563.0	79.0
5.5646255E13	2563.0	79.0
5.5646267E13	2563.0	58.0
5.5646276E13	2563.0	58.0
5.564629E13	2566.0	58.0
5.5646297E13	2566.0	58.0
5.5646305E13	2566.0	58.0
5.5646318E13	2566.0	58.0
5.5646326E13	2572.0	58.0
5.5646334E13	2572.0	58.0
5.5646347E13	2572.0	58.0
5.5646355E13	2572.0	58.0
5.564637E13	2574.0	58.0
5.5646376E13	2574.0	58.0
5.5646385E13	2574.0	58.0
5.5646397E13	2577.0	58.0
5.5646406E13	2577.0	58.0
5.564642E13	2577.0	58.0
5.5646427E13	2577.0	58.0
5.5646435E13	2581.0	58.0
5.5646448E13	2581.0	58.0
5.5646456E13	2581.0	79.0
5.564647E13	2581.0	79.0
5.5646477E13	2586.0	79.0
5.5646485E13	2586.0	79.0
5.56465E13	2586.0	79.0
5.5646506E13	2586.0	79.0
5.5646515E13	2591.0	79.0
5.5646527E13	2591.0	79.0
5.5646536E13	2591.0	79.0
5.564655E13	2590.0	79.0
5.5646557E13	2590.0	79.0
5.5646565E13	2590.0	79.0
5.5646578E13	2590.0	79.0
5.5646586E13	2596.0	79.0
5.56466E13	2596.0	79.0
5.5646607E13	2596.0	79.0
5.5646616E13	2596.0	79.0
5.564663E13	2596.0	79.0
5.5646636E13	2596.0	79.0
5.5646645E13	2596.0	79.0
5.5646657E13	2596.0	79.0
5.5646666E13	2600.0	79.0
5.564668E13	2600.0	79.0
5.5646687E13	2600.0	79.0
5.5646695E13	2597.0	79.0
5.5646708E13	2597.0	79.0
5.5646716E13	2597.0	79.0
5.564673E13	2597.0	79.0
5.5646737E13	2599.0	79.0
5.5646746E13	2599.0	79.0
5.564676E13	2599.0	79.0
5.5646766E13	2599.0	79.0
5.564678E13	2597.0	79.0
5.5646787E13	2597.0	79.0
5.5646796E13	2597.0	79.0
5.564681E13	2599.0	79.0
5.5646817E13	2599.0	79.0
5.5646825E13	2599.0	79.0
5.5646838E13	2599.0	79.0
5.5646846E13	2598.0	79.0
5.564686E13	2598.0	79.0
5.5646867E13	2598.0	79.0
5.5646876E13	2598.0	79.0
5.564689E13	2595.0	79.0
5.5646897E13	2595.0	79.0
5.564691E13	2595.0	79.0
5.5646917E13	2595.0	78.0
5.5646926E13	2595.0	78.0
5.564694E13	2595.0	78.0
5.5646947E13	2595.0	79.0
5.5646955E13	2590.0	78.0
5.5646968E13	2590.0	79.0
5.5646976E13	2590.0	79.0
5.564699E13	2590.0	78.0
5.5646997E13	2590.0	78.0
5.5647006E13	2590.0	78.0
5.564702E13	2590.0	79.0
5.5647027E13	2590.0	79.0
5.564704E13	2588.0	79.0
5.5647048E13	2588.0	79.0
5.5647056E13	2588.0	79.0
5.564707E13	2588.0	79.0
5.5647077E13	2588.0	79.0
5.564709E13	2588.0	79.0
5.5647098E13	2588.0	79.0
5.5647106E13	2586.0	79.0
5.564712E13	2586.0	79.0
5.5647127E13	2586.0	79.0
5.5647136E13	2585.0	79.0
5.564715E13	2585.0	79.0
5.5647157E13	2585.0	79.0
5.564717E13	2585.0	79.0
5.5647178E13	2582.0	79.0
5.5647186E13	2582.0	79.0
5.56472E13	2582.0	79.0
5.5647207E13	2582.0	78.0
5.564722E13	2582.0	78.0
5.5647228E13	2582.0	79.0
5.5647236E13	2582.0	54.0
5.564725E13	2581.0	79.0
5.5647257E13	2581.0	79.0
5.5647266E13	2581.0	79.0
5.564728E13	2581.0	79.0
5.5647287E13	2581.0	79.0
5.56473E13	2578.0	79.0
5.5647308E13	2578.0	79.0
5.5647316E13	2578.0	79.0
5.564733E13	2578.0	79.0
5.5647337E13	2580.0	79.0
5.564735E13	2580.0	79.0
5.5647358E13	2580.0	79.0
5.5647366E13	2580.0	79.0
5.564738E13	2583.0	79.0
5.5647387E13	2583.0	79.0
5.56474E13	2583.0	79.0
5.564741E13	2585.0	79.0
5.564743E13	2585.0	79.0
5.5647438E13	2585.0	79.0
5.5647446E13	2581.0	79.0
5.564746E13	2581.0	79.0
5.5647467E13	2581.0	79.0
5.564748E13	2581.0	79.0
5.564749E13	2582.0	79.0
5.5647496E13	2582.0	79.0
5.564751E13	2582.0	79.0
5.5647517E13	2582.0	79.0
5.564753E13	2583.0	79.0
5.564754E13	2583.0	79.0
5.5647547E13	2582.0	79.0
5.564756E13	2582.0	79.0
5.564759E13	2582.0	79.0
5.5647597E13	2582.0	79.0
5.564761E13	2582.0	79.0
5.564762E13	2582.0	79.0
5.5647626E13	2582.0	79.0
5.564764E13	2581.0	79.0
5.5647647E13	2581.0	79.0
5.564766E13	2581.0	79.0
5.564767E13	2582.0	79.0
5.5647677E13	2582.0	79.0
5.564769E13	2582.0	79.0
5.5647698E13	2582.0	79.0
5.5647706E13	2581.0	79.0
5.564772E13	2581.0	79.0
5.5647727E13	2581.0	79.0
5.564774E13	2581.0	79.0
5.564775E13	2582.0	79.0
5.5647756E13	2582.0	79.0
5.564777E13	2582.0	79.0
5.5647777E13	2582.0	79.0
5.564779E13	2581.0	79.0
5.56478E13	2581.0	79.0
5.5647807E13	2581.0	79.0
5.564782E13	2581.0	79.0
5.5647828E13	2581.0	79.0
5.5647836E13	2581.0	79.0
5.564785E13	2581.0	79.0
5.5647857E13	2584.0	79.0
5.564787E13	2584.0	79.0
5.564788E13	2584.0	79.0
5.5647886E13	2584.0	79.0
5.56479E13	2584.0	79.0
5.5647907E13	2584.0	79.0
5.564792E13	2584.0	79.0
5.564793E13	2584.0	79.0
5.5647937E13	2581.0	79.0
5.564795E13	2581.0	79.0
5.5647958E13	2581.0	79.0
5.564797E13	2580.0	78.0
5.564798E13	2580.0	78.0
5.5647987E13	2580.0	78.0
5.5648E13	2580.0	78.0
5.564801E13	2578.0	78.0
5.5648016E13	2578.0	78.0
5.564803E13	2578.0	78.0
5.5648037E13	2578.0	78.0
5.564805E13	2577.0	79.0
5.564806E13	2577.0	79.0
5.5648067E13	2577.0	79.0
5.564808E13	2577.0	79.0
5.5648088E13	2576.0	79.0
5.56481E13	2576.0	79.0
5.564811E13	2576.0	79.0
5.5648117E13	2577.0	79.0
5.564813E13	2577.0	79.0
5.564814E13	2577.0	79.0
5.5648146E13	2577.0	79.0
5.564816E13	2577.0	79.0
5.5648167E13	2577.0	79.0
5.564818E13	2577.0	79.0
5.564819E13	2577.0	79.0
5.5648197E13	2581.0	79.0
5.564821E13	2581.0	79.0
5.5648218E13	2581.0	79.0
5.564823E13	2582.0	79.0
5.564824E13	2582.0	79.0
5.5648247E13	2582.0	79.0
5.564826E13	2582.0	79.0
5.564827E13	2580.0	79.0
5.5648276E13	2580.0	79.0
5.564829E13	2580.0	79.0
5.5648297E13	2580.0	79.0
5.564831E13	2582.0	79.0
5.564832E13	2582.0	80.0
5.5648327E13	2582.0	80.0
5.564834E13	2582.0	80.0
5.5648348E13	2582.0	80.0
5.564836E13	2582.0	80.0
5.564837E13	2582.0	80.0
5.5648377E13	2582.0	80.0
5.564839E13	2581.0	79.0
5.56484E13	2581.0	79.0
5.564841E13	2581.0	79.0
5.564842E13	2581.0	79.0
5.5648427E13	2581.0	79.0
5.564844E13	2581.0	79.0
5.564845E13	2581.0	79.0
5.5648457E13	2579.0	79.0
5.564847E13	2579.0	79.0
5.5648478E13	2579.0	80.0
5.564849E13	2579.0	80.0
5.56485E13	2580.0	80.0
5.5648507E13	2580.0	80.0
5.564852E13	2579.0	80.0
5.564853E13	2579.0	80.0
5.564854E13	2579.0	79.0
5.564855E13	2579.0	79.0
5.5648557E13	2579.0	79.0
5.564857E13	2578.0	79.0
5.564858E13	2578.0	79.0
5.5648587E13	2578.0	79.0
5.56486E13	2578.0	79.0
5.5648608E13	2577.0	79.0
5.564862E13	2577.0	79.0
5.564863E13	2577.0	79.0
5.5648637E13	2577.0	79.0
5.564865E13	2577.0	79.0
5.564866E13	2577.0	79.0
5.564867E13	2577.0	79.0
5.564868E13	2574.0	79.0
5.5648687E13	2574.0	79.0
5.56487E13	2574.0	79.0
5.564871E13	2574.0	78.0
5.564872E13	2572.0	79.0
5.564873E13	2572.0	79.0
5.5648738E13	2572.0	79.0
5.564875E13	2572.0	79.0
5.564876E13	2571.0	79.0
5.5648767E13	2571.0	79.0
5.564878E13	2571.0	79.0
5.564879E13	2571.0	79.0
5.56488E13	2572.0	79.0
5.564881E13	2572.0	79.0
5.5648818E13	2572.0	79.0
5.564883E13	2572.0	79.0
5.564884E13	2572.0	79.0
5.564885E13	2572.0	79.0
5.564886E13	2572.0	79.0
5.5648868E13	2573.0	79.0
5.564888E13	2573.0	79.0
5.564889E13	2573.0	79.0
5.5648897E13	2573.0	79.0
5.564891E13	2573.0	80.0
5.564892E13	2573.0	79.0
5.564893E13	2573.0	79.0
5.564894E13	2573.0	79.0
5.5648948E13	2571.0	79.0
5.564896E13	2571.0	79.0
5.564897E13	2571.0	79.0
5.564898E13	2571.0	78.0
5.564899E13	2571.0	78.0
5.5648998E13	2571.0	58.0
5.564901E13	2571.0	78.0
5.564903E13	2569.0	78.0
5.564904E13	2569.0	79.0
5.564906E13	2570.0	79.0
5.564907E13	2570.0	79.0
5.5649078E13	2570.0	79.0
5.564909E13	2570.0	78.0
5.564911E13	2571.0	79.0
5.564912E13	2571.0	79.0
5.5649128E13	2572.0	79.0
5.564914E13	2572.0	80.0
5.564915E13	2572.0	80.0
5.564916E13	2572.0	79.0
5.564917E13	2572.0	79.0
5.564918E13	2572.0	79.0
5.564919E13	2572.0	79.0
5.56492E13	2572.0	79.0
5.5649208E13	2571.0	79.0
5.564922E13	2571.0	79.0
5.564923E13	2571.0	78.0
5.564924E13	2571.0	78.0
5.564925E13	2570.0	78.0
5.564926E13	2570.0	79.0
5.564927E13	2569.0	79.0
5.564928E13	2569.0	79.0
5.564929E13	2569.0	79.0
5.56493E13	2569.0	79.0
5.564931E13	2569.0	79.0
5.564932E13	2569.0	79.0
5.564933E13	2569.0	79.0
5.5649338E13	2569.0	79.0
5.564935E13	2569.0	79.0
5.564936E13	2567.0	79.0
5.564937E13	2567.0	79.0
5.564938E13	2567.0	79.0
5.564939E13	2568.0	79.0
5.56494E13	2568.0	79.0
5.564941E13	2568.0	79.0
5.564942E13	2568.0	79.0
5.564943E13	2568.0	79.0
5.564944E13	2568.0	79.0
5.564945E13	2568.0	79.0
5.564946E13	2568.0	79.0
5.564947E13	2566.0	79.0
5.564948E13	2566.0	79.0
5.564949E13	2566.0	79.0
5.56495E13	2566.0	79.0
5.564951E13	2565.0	79.0
5.564952E13	2565.0	79.0
5.564953E13	2565.0	79.0
5.564954E13	2566.0	79.0
5.564955E13	2566.0	79.0
5.564956E13	2566.0	79.0
5.564957E13	2566.0	79.0
5.564958E13	2566.0	79.0
5.564959E13	2566.0	79.0
5.56496E13	2566.0	79.0
5.564961E13	2566.0	79.0
5.564962E13	2566.0	79.0
5.564963E13	2566.0	79.0
5.564964E13	2566.0	79.0
5.564965E13	2566.0	79.0
5.564966E13	2564.0	79.0
5.564967E13	2564.0	79.0
5.564968E13	2564.0	79.0
5.564969E13	2565.0	79.0
5.56497E13	2565.0	79.0
5.564971E13	2565.0	79.0
5.564972E13	2565.0	79.0
5.564973E13	2562.0	79.0
5.564974E13	2562.0	79.0
5.564975E13	2562.0	79.0
5.564976E13	2562.0	79.0
5.564977E13	2563.0	79.0
5.5649782E13	2563.0	79.0
5.564979E13	2563.0	79.0
5.56498E13	2563.0	79.0
5.564981E13	2563.0	79.0
5.564982E13	2563.0	79.0
5.564983E13	2563.0	79.0
5.564984E13	2564.0	79.0
5.564985E13	2564.0	79.0
5.564986E13	2564.0	79.0
5.564987E13	2564.0	79.0
5.564988E13	2561.0	79.0
5.564989E13	2561.0	79.0
5.56499E13	2561.0	79.0
5.5649912E13	2561.0	79.0
5.564992E13	2560.0	79.0
5.564993E13	2560.0	79.0
5.564994E13	2560.0	79.0
5.564995E13	2560.0	79.0
5.564996E13	2560.0	79.0
5.564997E13	2560.0	79.0
5.564998E13	2560.0	79.0
5.564999E13	2560.0	79.0
5.565E13	2560.0	80.0
5.565001E13	2560.0	80.0
5.565002E13	2560.0	80.0
5.565003E13	2561.0	79.0
5.5650042E13	2561.0	79.0
5.565005E13	2561.0	79.0
5.565006E13	2561.0	79.0
5.565007E13	2560.0	79.0
5.565008E13	2560.0	79.0
5.565009E13	2560.0	79.0
5.56501E13	2560.0	78.0
5.565011E13	2558.0	78.0
5.565012E13	2558.0	79.0
5.565013E13	2558.0	79.0
5.565014E13	2560.0	79.0
5.565015E13	2560.0	79.0
5.565016E13	2560.0	79.0
5.5650172E13	2560.0	79.0
5.565018E13	2559.0	79.0
5.565019E13	2559.0	79.0
5.56502E13	2559.0	79.0
5.565021E13	2560.0	79.0
5.5650223E13	2560.0	79.0
5.565023E13	2560.0	79.0
5.565024E13	2560.0	79.0
5.565025E13	2559.0	79.0
5.565026E13	2559.0	79.0
5.565027E13	2559.0	79.0
5.565028E13	2558.0	79.0
5.565029E13	2558.0	79.0
5.5650302E13	2558.0	79.0
5.565031E13	2558.0	79.0
5.565032E13	2558.0	79.0
5.565033E13	2561.0	79.0
5.565034E13	2561.0	79.0
5.5650353E13	2561.0	79.0
5.565036E13	2561.0	79.0
5.565037E13	2561.0	79.0
5.565038E13	2561.0	79.0
5.565039E13	2561.0	79.0
5.56504E13	2560.0	79.0
5.565041E13	2560.0	79.0
5.565042E13	2560.0	79.0
5.5650432E13	2560.0	79.0
5.565044E13	2563.0	80.0
5.565045E13	2563.0	80.0
5.565046E13	2563.0	80.0
5.565047E13	2563.0	80.0
5.5650483E13	2564.0	80.0
5.565049E13	2564.0	79.0
5.56505E13	2564.0	79.0
5.565051E13	2564.0	79.0
5.565052E13	2562.0	79.0
5.5650533E13	2562.0	79.0
5.565054E13	2562.0	79.0
5.565055E13	2561.0	79.0
5.5650562E13	2561.0	79.0
5.565057E13	2561.0	79.0
5.565058E13	2561.0	79.0
5.565059E13	2559.0	79.0
5.56506E13	2559.0	79.0
5.5650613E13	2559.0	79.0
5.565062E13	2559.0	79.0
5.565063E13	2560.0	79.0
5.565064E13	2560.0	79.0
5.565065E13	2560.0	79.0
5.5650663E13	2560.0	79.0
5.565067E13	2562.0	79.0
5.565068E13	2562.0	80.0
5.5650692E13	2564.0	80.0
5.56507E13	2564.0	80.0
5.565071E13	2564.0	80.0
5.565072E13	2564.0	80.0
5.565073E13	2564.0	79.0
5.5650743E13	2564.0	79.0
5.565075E13	2564.0	78.0
5.565076E13	2564.0	78.0
5.565077E13	2564.0	77.0
5.565078E13	2564.0	77.0
5.5650793E13	2564.0	77.0
5.56508E13	2564.0	77.0
5.565081E13	2562.0	78.0
5.5650822E13	2562.0	78.0
5.565083E13	2562.0	77.0
5.565084E13	2561.0	77.0
5.565085E13	2561.0	77.0
5.565086E13	2561.0	77.0
5.5650873E13	2561.0	77.0
5.565088E13	2561.0	78.0
5.565089E13	2564.0	78.0
5.56509E13	2564.0	78.0
5.565091E13	2564.0	78.0
5.5650923E13	2564.0	78.0
5.565093E13	2563.0	78.0
5.565094E13	2563.0	78.0
5.5650952E13	2563.0	78.0
5.565096E13	2563.0	78.0
5.565097E13	2565.0	78.0
5.565098E13	2565.0	78.0
5.565099E13	2565.0	78.0
5.5651003E13	2562.0	79.0
5.565101E13	2562.0	78.0
5.565102E13	2562.0	78.0
5.5651032E13	2562.0	78.0
5.565104E13	2562.0	77.0
5.5651053E13	2562.0	77.0
5.565106E13	2562.0	78.0
5.565107E13	2562.0	78.0
5.5651082E13	2562.0	78.0
5.565109E13	2562.0	78.0
5.5651103E13	2562.0	78.0
5.565111E13	2562.0	78.0
5.565112E13	2562.0	78.0
5.5651133E13	2562.0	78.0
5.565114E13	2562.0	78.0
5.565115E13	2562.0	78.0
5.5651162E13	2562.0	78.0
5.565117E13	2562.0	78.0
5.5651183E13	2559.0	78.0
5.565119E13	2559.0	78.0
5.56512E13	2559.0	78.0
5.5651212E13	2559.0	79.0
5.565122E13	2559.0	79.0
5.5651233E13	2561.0	79.0
5.565124E13	2561.0	79.0
5.565125E13	2561.0	79.0
5.5651263E13	2564.0	79.0
5.565127E13	2564.0	79.0
5.565128E13	2564.0	80.0
5.5651292E13	2565.0	80.0
5.56513E13	2565.0	80.0
5.5651313E13	2565.0	80.0
5.565132E13	2565.0	80.0
5.565133E13	2565.0	80.0
5.5651342E13	2565.0	80.0
5.565135E13	2565.0	80.0
5.5651363E13	2565.0	80.0
5.565137E13	2565.0	80.0
5.565138E13	2564.0	80.0
5.5651393E13	2564.0	79.0
5.56514E13	2564.0	79.0
5.565141E13	2560.0	79.0
5.5651422E13	2560.0	78.0
5.565143E13	2560.0	79.0
5.5651443E13	2560.0	79.0
5.565145E13	2557.0	79.0
5.565146E13	2557.0	79.0
5.5651473E13	2557.0	78.0
5.565148E13	2557.0	78.0
5.5651493E13	2558.0	78.0
5.56515E13	2558.0	78.0
5.565151E13	2558.0	78.0
5.5651523E13	2558.0	79.0
5.565153E13	2559.0	79.0
5.5651544E13	2559.0	80.0
5.5651552E13	2559.0	80.0
5.565156E13	2560.0	80.0
5.5651573E13	2560.0	80.0
5.565158E13	2560.0	80.0
5.5651594E13	2558.0	80.0
5.5651603E13	2558.0	80.0
5.565161E13	2558.0	80.0
5.5651624E13	2558.0	79.0
5.565163E13	2558.0	78.0
5.565164E13	2557.0	76.0
5.5651653E13	2557.0	76.0
5.565166E13	2557.0	76.0
5.5651674E13	2557.0	77.0
5.5651682E13	2557.0	78.0
5.565169E13	2557.0	79.0
5.5651703E13	2557.0	80.0
5.565171E13	2560.0	81.0
5.565172E13	2560.0	82.0
5.5651733E13	2560.0	82.0
5.565174E13	2560.0	81.0
5.5651754E13	2561.0	80.0
5.565176E13	2561.0	80.0
5.565177E13	2561.0	79.0
5.5651783E13	2561.0	79.0
5.565179E13	2555.0	80.0
5.5651804E13	2555.0	81.0
5.5651812E13	2555.0	79.0
5.565182E13	2555.0	77.0
5.5651833E13	2541.0	76.0
5.565184E13	2541.0	76.0
5.565185E13	2541.0	76.0
5.5651863E13	2529.0	77.0
5.565187E13	2529.0	77.0
5.5651884E13	2529.0	75.0
5.565189E13	2529.0	74.0
5.56519E13	2528.0	74.0
5.5651913E13	2528.0	77.0
5.565192E13	2528.0	78.0
5.5651934E13	2528.0	79.0
5.5651942E13	2525.0	79.0
5.565195E13	2525.0	77.0
5.5651963E13	2525.0	75.0
5.565197E13	2518.0	72.0
5.5651984E13	2518.0	71.0
5.5651993E13	2518.0	71.0
5.5652E13	2518.0	73.0
5.5652014E13	2514.0	74.0
5.565202E13	2514.0	74.0
5.565203E13	2514.0	73.0
5.5652043E13	2514.0	72.0
5.565205E13	2518.0	71.0
5.5652064E13	2518.0	71.0
5.5652072E13	2518.0	70.0
5.565208E13	2518.0	71.0
5.5652093E13	2531.0	72.0
5.56521E13	2531.0	73.0
5.5652114E13	2531.0	74.0
5.5652123E13	2552.0	75.0
5.565213E13	2552.0	76.0
5.5652144E13	2552.0	76.0
5.565215E13	2552.0	76.0
5.565216E13	2563.0	76.0
5.5652173E13	2563.0	74.0
5.565218E13	2563.0	72.0
5.5652194E13	2564.0	71.0
5.5652202E13	2564.0	71.0
5.565221E13	2564.0	71.0
5.5652223E13	2564.0	71.0
5.565223E13	2564.0	71.0
5.5652244E13	2559.0	71.0
5.5652253E13	2559.0	71.0
5.565226E13	2556.0	72.0
5.5652274E13	2556.0	72.0
5.565228E13	2556.0	72.0
5.5652295E13	2556.0	73.0
5.5652303E13	2561.0	46.0
5.565231E13	2561.0	75.0
5.5652324E13	2561.0	73.0
5.5652332E13	2561.0	71.0
5.565234E13	2561.0	71.0
5.5652353E13	2563.0	70.0
5.565236E13	2563.0	70.0
5.5652374E13	2563.0	70.0
5.5652383E13	2563.0	71.0
5.565239E13	2566.0	72.0
5.5652404E13	2566.0	72.0
5.565241E13	2566.0	72.0
5.5652425E13	2572.0	71.0
5.5652433E13	2572.0	70.0
5.565244E13	2572.0	70.0
5.5652454E13	2572.0	72.0
5.5652462E13	2591.0	73.0
5.565247E13	2591.0	74.0
5.5652483E13	2591.0	75.0
5.565249E13	2591.0	75.0
5.5652504E13	2605.0	74.0
5.5652513E13	2605.0	72.0
5.565252E13	2605.0	72.0
5.5652534E13	2605.0	72.0
5.565254E13	2605.0	73.0
5.5652555E13	2605.0	73.0
5.5652563E13	2605.0	73.0
5.565257E13	2595.0	72.0
5.5652584E13	2595.0	71.0
5.5652592E13	2595.0	70.0
5.56526E13	2595.0	70.0
5.5652613E13	2589.0	69.0
5.565262E13	2589.0	69.0
5.5652634E13	2589.0	70.0
5.5652643E13	2589.0	71.0
5.565265E13	2591.0	71.0
5.5652664E13	2591.0	71.0
5.565267E13	2591.0	71.0
5.5652685E13	2591.0	71.0
5.5652693E13	2597.0	71.0
5.56527E13	2597.0	71.0
5.5652714E13	2597.0	71.0
5.5652722E13	2638.0	70.0
5.5652735E13	2638.0	70.0
5.5652743E13	2638.0	69.0
5.565275E13	2638.0	68.0
5.5652764E13	2722.0	68.0
5.5652773E13	2722.0	69.0
5.565278E13	2722.0	71.0
5.5652794E13	2722.0	72.0
5.5652802E13	2804.0	73.0
5.5652815E13	2804.0	57.0
5.5652823E13	2804.0	72.0
5.565283E13	2675.0	72.0
5.5652844E13	2914.0	72.0
5.5652852E13	2914.0	72.0
5.5652865E13	2914.0	72.0
5.5652873E13	2966.0	71.0
5.565288E13	2966.0	70.0
5.5652894E13	2966.0	69.0
5.5652903E13	2978.0	69.0
5.565291E13	2978.0	69.0
5.5652924E13	2978.0	70.0
5.5652932E13	2978.0	70.0
5.5652945E13	2978.0	69.0
5.5652953E13	2927.0	69.0
5.565296E13	2927.0	68.0
5.5652974E13	2927.0	68.0
5.5652982E13	2902.0	69.0
5.5652995E13	2902.0	69.0
5.5653003E13	2902.0	69.0
5.565301E13	2902.0	69.0
5.5653024E13	2876.0	69.0
5.5653033E13	2876.0	69.0
5.565304E13	2876.0	69.0
5.5653054E13	2876.0	69.0
5.5653062E13	2893.0	69.0
5.5653075E13	2893.0	70.0
5.5653083E13	2893.0	71.0
5.565309E13	2893.0	71.0
5.5653104E13	2879.0	71.0
5.5653112E13	2879.0	71.0
5.5653125E13	2879.0	71.0
5.5653133E13	2860.0	71.0
5.565314E13	2860.0	70.0
5.565316E13	2860.0	69.0
5.5653163E13	2860.0	69.0
5.5653175E13	2837.0	69.0
5.5653184E13	2837.0	69.0
5.5653192E13	2837.0	69.0
5.5653205E13	2843.0	68.0
5.5653213E13	2843.0	68.0
5.565322E13	2843.0	68.0
5.5653234E13	2843.0	69.0
5.5653243E13	2843.0	69.0
5.5653255E13	2839.0	70.0
5.5653263E13	2839.0	71.0
5.565327E13	2839.0	72.0
5.5653284E13	2864.0	72.0
5.5653293E13	2864.0	72.0
5.5653305E13	2864.0	72.0
5.5653314E13	2902.0	72.0
5.5653322E13	2902.0	72.0
5.5653335E13	2902.0	72.0
5.5653343E13	2902.0	72.0
5.565335E13	2902.0	71.0
5.5653364E13	2915.0	71.0
5.5653373E13	2915.0	71.0
5.5653385E13	2915.0	70.0
5.5653393E13	2915.0	69.0
5.56534E13	2884.0	69.0
5.5653414E13	2884.0	69.0
5.5653423E13	2884.0	69.0
5.5653435E13	2918.0	69.0
5.5653444E13	2918.0	69.0
5.5653452E13	2918.0	69.0
5.5653465E13	2918.0	69.0
5.5653473E13	2936.0	69.0
5.565348E13	2936.0	69.0
5.5653494E13	2936.0	70.0
5.5653503E13	2936.0	70.0
5.5653515E13	3008.0	70.0
5.5653524E13	3008.0	71.0
5.565353E13	3008.0	71.0
5.5653544E13	3008.0	71.0
5.5653553E13	3065.0	70.0
5.5653565E13	3065.0	70.0
5.5653574E13	3065.0	70.0
5.5653582E13	3103.0	69.0
5.5653595E13	3103.0	68.0
5.5653603E13	3103.0	68.0
5.5653616E13	3103.0	68.0
5.5653624E13	3043.0	69.0
5.5653633E13	3043.0	69.0
5.5653645E13	3043.0	69.0
5.5653654E13	3043.0	69.0
5.565366E13	3076.0	70.0
5.5653675E13	3076.0	71.0
5.5653683E13	3076.0	72.0
5.5653695E13	2920.0	72.0
5.5653704E13	3097.0	73.0
5.5653712E13	3097.0	73.0
5.5653725E13	3097.0	72.0
5.5653733E13	3160.0	71.0
5.5653746E13	3160.0	71.0
5.5653754E13	3160.0	71.0
5.5653763E13	3160.0	71.0
5.5653775E13	3109.0	70.0
5.5653784E13	3109.0	69.0
5.565379E13	3109.0	68.0
5.5653805E13	3109.0	67.0
5.5653813E13	2478.0	67.0
5.5653826E13	2478.0	67.0
5.5653834E13	2478.0	67.0
5.5653842E13	2718.0	69.0
5.5653855E13	2718.0	70.0
5.5653863E13	2718.0	71.0
5.5653876E13	2718.0	70.0
5.5653884E13	3179.0	70.0
5.5653893E13	3179.0	70.0
5.5653905E13	3179.0	70.0
5.5653914E13	3179.0	70.0
5.565392E13	3224.0	69.0
5.5653935E13	3224.0	68.0
5.5653943E13	3224.0	68.0
5.5653956E13	3224.0	66.0
5.5653964E13	3200.0	66.0
5.5653972E13	3200.0	66.0
5.5653985E13	3200.0	67.0
5.5653993E13	3199.0	67.0
5.5654006E13	3199.0	68.0
5.5654014E13	3199.0	68.0
5.5654023E13	3199.0	69.0
5.5654035E13	3419.0	70.0
5.5654044E13	3419.0	71.0
5.5654056E13	3419.0	72.0
5.5654065E13	3419.0	73.0
5.5654073E13	3542.0	73.0
5.5654086E13	3542.0	73.0
5.5654094E13	3542.0	72.0
5.5654102E13	3542.0	71.0
5.5654115E13	3588.0	70.0
5.5654123E13	3588.0	68.0
5.5654136E13	3588.0	67.0
5.5654144E13	3583.0	66.0
5.5654153E13	3583.0	65.0
5.5654165E13	3583.0	65.0
5.5654174E13	3583.0	65.0
5.5654186E13	3519.0	66.0
5.5654195E13	3519.0	67.0
5.5654203E13	3519.0	68.0
5.5654216E13	3764.0	69.0
5.5654224E13	3764.0	70.0
5.5654232E13	3764.0	70.0
5.5654245E13	3764.0	72.0
5.5654253E13	3764.0	72.0
5.5654266E13	3896.0	72.0
5.5654274E13	3896.0	72.0
5.5654283E13	3896.0	71.0
5.5654295E13	2531.0	69.0
5.5654304E13	2531.0	68.0
5.5654316E13	2531.0	66.0
5.5654325E13	3795.0	66.0
5.5654333E13	3795.0	67.0
5.5654346E13	3795.0	66.0
5.5654354E13	3795.0	66.0
5.5654367E13	3795.0	65.0
5.5654375E13	3685.0	65.0
5.5654383E13	3685.0	66.0
5.5654396E13	3685.0	67.0
5.5654404E13	3685.0	67.0
5.5654413E13	3634.0	67.0
5.5654425E13	3634.0	67.0
5.5654434E13	3634.0	67.0
5.5654446E13	3644.0	67.0
5.5654455E13	3644.0	67.0
5.5654463E13	3644.0	66.0
5.5654476E13	3644.0	66.0
5.5654484E13	3711.0	66.0
5.5654497E13	3711.0	66.0
5.5654505E13	3711.0	66.0
5.5654513E13	3711.0	66.0
5.5654526E13	3605.0	67.0
5.5654534E13	3605.0	67.0
5.5654543E13	3605.0	67.0
5.5654555E13	3587.0	67.0
5.5654564E13	3503.0	68.0
5.5654576E13	3503.0	67.0
5.5654585E13	3503.0	66.0
5.5654593E13	3443.0	65.0
5.5654606E13	3443.0	64.0
5.565462E13	3443.0	64.0
5.5654627E13	3443.0	64.0
5.5654635E13	3430.0	65.0
5.5654648E13	3430.0	66.0
5.5654656E13	3430.0	66.0
5.5654664E13	3430.0	66.0
5.5654677E13	3562.0	68.0
5.5654685E13	3562.0	69.0
5.5654694E13	3562.0	70.0
5.5654706E13	3714.0	71.0
5.5654715E13	3714.0	71.0
5.5654723E13	3714.0	70.0
5.5654736E13	3714.0	70.0
5.5654744E13	3670.0	69.0
5.5654757E13	3670.0	69.0
5.5654765E13	3670.0	68.0
5.5654773E13	3670.0	67.0
5.5654786E13	3583.0	66.0
5.5654794E13	3583.0	66.0
5.5654807E13	3583.0	66.0
5.5654815E13	3583.0	67.0
5.5654824E13	3547.0	67.0
5.5654836E13	3547.0	68.0
5.5654845E13	3547.0	69.0
5.5654853E13	3632.0	70.0
5.5654866E13	3632.0	70.0
5.5654874E13	3632.0	71.0
5.5654887E13	3632.0	71.0
5.5654895E13	3658.0	70.0
5.5654903E13	3658.0	69.0
5.5654916E13	3658.0	68.0
5.5654924E13	3658.0	67.0
5.5654937E13	3584.0	66.0
5.5654945E13	3584.0	65.0
5.5654954E13	3584.0	65.0
5.5654966E13	3584.0	65.0
5.5654975E13	3492.0	66.0
5.5654983E13	3492.0	67.0
5.5654996E13	3492.0	68.0
5.5655004E13	3534.0	69.0
5.5655017E13	3534.0	70.0
5.5655025E13	3534.0	71.0
5.5655033E13	3534.0	71.0
5.5655046E13	3625.0	71.0
5.5655054E13	3625.0	71.0
5.5655067E13	3625.0	71.0
5.5655075E13	3625.0	70.0
5.5655084E13	3636.0	69.0
5.5655096E13	3636.0	68.0
5.5655105E13	3636.0	67.0
5.5655113E13	3636.0	67.0
5.5655126E13	3637.0	67.0
5.5655134E13	3637.0	66.0
5.5655147E13	3637.0	66.0
5.5655155E13	3652.0	65.0
5.5655163E13	3652.0	66.0
5.5655176E13	3652.0	67.0
5.5655184E13	3652.0	68.0
5.5655197E13	3785.0	69.0
5.5655205E13	3785.0	70.0
5.5655214E13	3785.0	71.0
5.5655226E13	3785.0	71.0
5.5655235E13	3866.0	70.0
5.5655247E13	3866.0	67.0
5.5655256E13	3866.0	66.0
5.5655264E13	4041.0	64.0
5.5655277E13	4041.0	64.0
5.5655285E13	4041.0	63.0
5.5655294E13	4041.0	63.0
5.5655306E13	4161.0	62.0
5.5655314E13	4161.0	62.0
5.5655327E13	4161.0	62.0
5.5655335E13	4161.0	64.0
5.5655344E13	4354.0	69.0
5.5655356E13	4354.0	70.0
5.5655365E13	4354.0	70.0
5.5655377E13	2723.0	71.0
5.5655386E13	2723.0	71.0
5.5655394E13	2723.0	71.0
5.5655407E13	2723.0	73.0
5.5655415E13	4011.0	73.0
5.5655424E13	2057.0	73.0
5.5655436E13	2057.0	73.0
5.5655445E13	2057.0	72.0
5.5655457E13	2029.0	72.0
5.5655465E13	2029.0	71.0
5.5655474E13	2029.0	71.0
5.5655486E13	2029.0	72.0
5.5655495E13	2012.0	73.0
5.5655507E13	2012.0	73.0
5.5655516E13	2012.0	73.0
5.5655524E13	2012.0	72.0
5.5655537E13	2003.0	72.0
5.5655545E13	2003.0	71.0
5.5655554E13	2003.0	69.0
5.5655566E13	3476.0	67.0
5.5655575E13	3476.0	65.0
5.5655587E13	3476.0	64.0
5.5655596E13	3476.0	62.0
5.5655604E13	4319.0	61.0
5.5655616E13	4319.0	59.0
5.5655625E13	4319.0	58.0
5.5655637E13	4319.0	58.0
5.5655646E13	2313.0	59.0
5.5655654E13	2313.0	60.0
5.5655667E13	2313.0	61.0
5.5655675E13	2313.0	63.0
5.5655688E13	2124.0	66.0
5.5655696E13	2124.0	69.0
5.5655705E13	2124.0	71.0
5.5655717E13	2000.0	73.0
5.5655726E13	2000.0	73.0
5.5655734E13	2000.0	74.0
5.5655747E13	2000.0	74.0
5.5655755E13	1992.0	73.0
5.5655767E13	1992.0	72.0
5.5655776E13	1992.0	72.0
5.5655784E13	1992.0	71.0
5.5655797E13	1981.0	70.0
5.5655805E13	1981.0	68.0
5.5655818E13	1981.0	66.0
5.5655826E13	1981.0	64.0
5.5655835E13	2078.0	62.0
5.5655847E13	2078.0	61.0
5.5655856E13	2078.0	61.0
5.5655864E13	3987.0	61.0
5.5655877E13	3987.0	62.0
5.5655885E13	3987.0	62.0
5.5655897E13	3987.0	61.0
5.5655906E13	2372.0	60.0
5.5655914E13	2372.0	60.0
5.5655927E13	2372.0	60.0
5.5655935E13	2372.0	61.0
5.5655948E13	2212.0	63.0
5.5655956E13	2212.0	65.0
5.5655965E13	2212.0	67.0
5.5655977E13	2212.0	69.0
5.5655986E13	2023.0	70.0
5.5655994E13	2023.0	71.0
5.5656007E13	2023.0	72.0
5.5656015E13	2027.0	74.0
5.5656028E13	2027.0	76.0
5.5656036E13	2027.0	76.0
5.5656044E13	2027.0	75.0
5.5656057E13	2027.0	74.0
5.5656065E13	2027.0	73.0
5.5656078E13	2027.0	71.0
5.5656086E13	2027.0	69.0
5.5656095E13	2043.0	66.0
5.5656107E13	2043.0	64.0
5.5656116E13	2043.0	62.0
5.565613E13	2043.0	61.0
5.5656137E13	3536.0	62.0
5.5656145E13	3536.0	62.0
5.5656158E13	3536.0	62.0
5.5656166E13	2261.0	64.0
5.5656174E13	2261.0	66.0
5.5656187E13	2261.0	68.0
5.5656195E13	2261.0	69.0
5.5656208E13	3174.0	69.0
5.5656216E13	3174.0	69.0
5.5656225E13	3174.0	69.0
5.5656237E13	3174.0	70.0
5.5656246E13	3746.0	70.0
5.565626E13	3746.0	71.0
5.5656267E13	3354.0	72.0
5.5656275E13	4222.0	73.0
5.5656288E13	4222.0	73.0
5.5656296E13	4222.0	73.0
5.5656304E13	4459.0	72.0
5.5656317E13	4459.0	72.0
5.5656325E13	4459.0	71.0
5.5656338E13	4459.0	71.0
5.5656346E13	4459.0	70.0
5.5656355E13	4333.0	67.0
5.5656367E13	4333.0	67.0
5.5656376E13	4333.0	67.0
5.565639E13	3585.0	67.0
5.5656397E13	3585.0	67.0
5.5656405E13	3585.0	67.0
5.5656418E13	3585.0	67.0
5.5656426E13	3017.0	68.0
5.565644E13	3017.0	68.0
5.5656447E13	3017.0	68.0
5.5656455E13	3017.0	68.0
5.565647E13	2848.0	68.0
5.5656476E13	2848.0	69.0
5.5656485E13	2848.0	69.0
5.5656497E13	2848.0	68.0
5.5656506E13	2840.0	68.0
5.565652E13	2840.0	68.0
5.5656527E13	2840.0	68.0
5.5656535E13	2840.0	68.0
5.5656548E13	2827.0	67.0
5.5656556E13	2827.0	67.0
5.565657E13	2827.0	67.0
5.5656577E13	2751.0	68.0
5.5656585E13	2751.0	68.0
5.56566E13	2751.0	67.0
5.5656606E13	2751.0	67.0
5.5656615E13	2645.0	66.0
5.5656627E13	2645.0	65.0
5.5656636E13	2645.0	64.0
5.565665E13	2645.0	65.0
5.5656657E13	2651.0	66.0
5.5656665E13	2651.0	67.0
5.5656678E13	2651.0	68.0
5.5656686E13	2651.0	69.0
5.56567E13	2811.0	70.0
5.5656707E13	2811.0	72.0
5.5656715E13	2811.0	73.0
5.565673E13	2870.0	75.0
5.5656736E13	2870.0	75.0
5.5656745E13	2870.0	74.0
5.5656757E13	2870.0	73.0
5.5656766E13	2853.0	74.0
5.565678E13	2853.0	75.0
5.5656787E13	2853.0	76.0
5.5656795E13	2853.0	76.0
5.5656808E13	2746.0	75.0
5.5656816E13	2746.0	73.0
5.565683E13	2746.0	72.0
5.5656837E13	2746.0	72.0
5.5656845E13	2681.0	72.0
5.565686E13	2681.0	73.0
5.5656866E13	2681.0	74.0
5.565688E13	2711.0	74.0
5.5656887E13	2711.0	74.0
5.5656896E13	2711.0	73.0
5.565691E13	2711.0	74.0
5.5656917E13	2700.0	74.0
5.5656925E13	2700.0	74.0
5.5656938E13	2700.0	74.0
5.5656946E13	2700.0	74.0
5.565696E13	2611.0	74.0
5.5656967E13	2611.0	75.0
5.5656975E13	2611.0	75.0
5.565699E13	2611.0	75.0
5.5656996E13	2591.0	75.0
5.565701E13	2591.0	74.0
5.5657017E13	2591.0	74.0
5.5657026E13	2578.0	75.0
5.565704E13	2578.0	75.0
5.5657047E13	2578.0	74.0
5.5657055E13	2578.0	74.0
5.5657068E13	2567.0	74.0
5.5657076E13	2567.0	74.0
5.565709E13	2567.0	75.0
5.5657097E13	2567.0	75.0
5.5657105E13	2562.0	76.0
5.565713E13	2562.0	75.0
5.565714E13	2578.0	76.0
5.5657147E13	2578.0	76.0
5.5657156E13	2578.0	76.0
5.565717E13	2578.0	77.0
5.5657177E13	2599.0	78.0
5.5657185E13	2599.0	79.0
5.5657198E13	2599.0	80.0
5.5657206E13	2599.0	80.0
5.565722E13	2626.0	80.0
5.5657227E13	2626.0	81.0
5.5657235E13	2626.0	82.0
5.565725E13	2626.0	82.0
5.5657256E13	2643.0	82.0
5.565727E13	2643.0	81.0
5.5657277E13	2643.0	81.0
5.5657286E13	2632.0	79.0
5.56573E13	2632.0	78.0
5.5657307E13	2632.0	78.0
5.565732E13	2610.0	75.0
5.5657328E13	2610.0	75.0
5.5657336E13	2610.0	75.0
5.565735E13	2610.0	75.0
5.5657357E13	2610.0	75.0
5.5657366E13	2603.0	76.0
5.565738E13	2603.0	77.0
5.5657386E13	2603.0	77.0
5.56574E13	2610.0	79.0
5.5657407E13	2610.0	80.0
5.5657416E13	2610.0	80.0
5.565743E13	2610.0	80.0
5.5657437E13	2618.0	79.0
5.565745E13	2618.0	79.0
5.5657458E13	2618.0	79.0
5.5657466E13	2618.0	79.0
5.565748E13	2616.0	78.0
5.5657487E13	2616.0	78.0
5.5657496E13	2616.0	78.0
5.565751E13	2616.0	78.0
5.5657516E13	2614.0	78.0
5.565753E13	2614.0	79.0
5.5657537E13	2614.0	79.0
5.5657546E13	2609.0	79.0
5.565756E13	2609.0	79.0
5.5657567E13	2609.0	79.0
5.5657596E13	2606.0	77.0
5.565761E13	2606.0	77.0
5.5657617E13	2603.0	77.0
5.5657626E13	2603.0	77.0
5.565764E13	2603.0	78.0
5.5657647E13	2603.0	79.0
5.565766E13	2599.0	79.0
5.565767E13	2599.0	79.0
5.5657676E13	2599.0	79.0
5.565769E13	2599.0	78.0
5.5657697E13	2593.0	78.0
5.565771E13	2593.0	78.0
5.5657718E13	2593.0	77.0
5.5657726E13	2593.0	77.0
5.565774E13	2587.0	77.0
5.5657747E13	2587.0	77.0
5.565776E13	2587.0	77.0
5.565777E13	2587.0	77.0
5.5657777E13	2582.0	77.0
5.565779E13	2582.0	77.0
5.5657798E13	2582.0	77.0
5.5657806E13	2582.0	77.0
5.565782E13	2582.0	77.0
5.5657827E13	2582.0	77.0
5.565784E13	2582.0	77.0
5.5657848E13	2584.0	78.0
5.5657856E13	2584.0	78.0
5.565787E13	2584.0	79.0
5.5657877E13	2591.0	80.0
5.565789E13	2591.0	80.0
5.56579E13	2591.0	81.0
5.5657907E13	2591.0	81.0
5.565792E13	2591.0	81.0
5.5657928E13	2597.0	81.0
5.5657936E13	2597.0	80.0
5.565795E13	2597.0	80.0
5.5657957E13	2595.0	80.0
5.565797E13	2595.0	79.0
5.5657978E13	2595.0	79.0
5.5657986E13	2591.0	79.0
5.5658E13	2591.0	79.0
5.5658007E13	2591.0	79.0
5.565802E13	2591.0	79.0
5.565803E13	2591.0	78.0
5.5658037E13	2585.0	78.0
5.565805E13	2585.0	78.0
5.5658058E13	2585.0	78.0
5.5658066E13	2585.0	78.0
5.565808E13	2576.0	78.0
5.5658087E13	2576.0	78.0
5.56581E13	2576.0	78.0
5.5658108E13	2576.0	78.0
5.5658116E13	2572.0	58.0
5.565813E13	2572.0	58.0
5.5658137E13	2572.0	77.0
5.565815E13	2570.0	58.0
5.565816E13	2570.0	76.0
5.5658167E13	2570.0	58.0
5.565818E13	2570.0	77.0
5.5658188E13	2570.0	77.0
5.5658196E13	2570.0	58.0
5.565821E13	2570.0	58.0
5.5658217E13	2570.0	58.0
5.565823E13	2574.0	58.0
5.565824E13	2574.0	58.0
5.5658246E13	2574.0	58.0
5.565826E13	2574.0	58.0
5.5658267E13	2581.0	58.0
5.565828E13	2581.0	58.0
5.565829E13	2581.0	58.0
5.5658297E13	2583.0	58.0
5.565831E13	2583.0	58.0
5.5658318E13	2583.0	58.0
5.5658326E13	2581.0	78.0
5.565834E13	2581.0	78.0
5.5658347E13	2581.0	78.0
5.565836E13	2581.0	77.0
5.565837E13	2581.0	58.0
5.5658376E13	2577.0	58.0
5.565839E13	2577.0	58.0
5.5658397E13	2577.0	58.0
5.565841E13	2577.0	58.0
5.565842E13	2579.0	58.0
5.5658427E13	2579.0	58.0
5.565844E13	2579.0	58.0
5.5658448E13	2583.0	58.0
5.565846E13	2583.0	78.0
5.565847E13	2583.0	78.0
5.5658477E13	2583.0	78.0
5.565849E13	2583.0	78.0
5.56585E13	2583.0	78.0
5.5658506E13	2583.0	78.0
5.565852E13	2583.0	78.0
5.5658527E13	2586.0	78.0
5.565854E13	2586.0	78.0
5.565855E13	2586.0	79.0
5.5658557E13	2586.0	79.0
5.565857E13	2590.0	79.0
5.5658578E13	2590.0	78.0
5.565859E13	2590.0	78.0
5.56586E13	2589.0	78.0
5.5658607E13	2589.0	78.0
5.565862E13	2589.0	78.0
5.565863E13	2589.0	77.0
5.565864E13	2588.0	77.0
5.565865E13	2588.0	77.0
5.5658657E13	2588.0	77.0
5.565867E13	2588.0	77.0
5.565868E13	2589.0	78.0
5.5658687E13	2589.0	77.0
5.56587E13	2589.0	77.0
5.5658708E13	2589.0	77.0
5.565872E13	2594.0	77.0
5.565873E13	2594.0	77.0
5.5658737E13	2594.0	78.0
5.565875E13	2594.0	78.0
5.565876E13	2594.0	78.0
5.565877E13	2594.0	78.0
5.565878E13	2594.0	78.0
5.5658787E13	2597.0	78.0
5.56588E13	2597.0	78.0
5.565881E13	2597.0	78.0
5.565882E13	2597.0	77.0
5.565883E13	2596.0	78.0
5.5658838E13	2596.0	78.0
5.565885E13	2596.0	78.0
5.565886E13	2597.0	78.0
5.5658867E13	2597.0	78.0
5.565888E13	2597.0	78.0
5.565889E13	2597.0	78.0
5.56589E13	2597.0	78.0
5.565891E13	2597.0	78.0
5.5658917E13	2597.0	79.0
5.565893E13	2597.0	79.0
5.565894E13	2595.0	79.0
5.5658947E13	2595.0	78.0
5.565896E13	2595.0	78.0
5.5658968E13	2595.0	78.0
5.565898E13	2593.0	78.0
5.565899E13	2593.0	78.0
5.5658997E13	2593.0	78.0
5.565901E13	2591.0	78.0
5.565902E13	2591.0	78.0
5.565903E13	2591.0	78.0
5.565904E13	2591.0	78.0
5.5659047E13	2588.0	78.0
5.565906E13	2588.0	78.0
5.565907E13	2588.0	78.0
5.565908E13	2588.0	78.0
5.565909E13	2592.0	78.0
5.5659098E13	2592.0	79.0
5.565911E13	2592.0	79.0
5.565912E13	2592.0	79.0
5.5659127E13	2591.0	79.0
5.565914E13	2591.0	79.0
5.565915E13	2591.0	79.0
5.565916E13	2592.0	79.0
5.565917E13	2592.0	79.0
5.5659177E13	2592.0	78.0
5.565919E13	2592.0	79.0
5.56592E13	2591.0	79.0
5.565921E13	2591.0	79.0
5.565922E13	2591.0	79.0
5.5659228E13	2591.0	79.0
5.565924E13	2585.0	79.0
5.565925E13	2585.0	78.0
5.5659257E13	2585.0	78.0
5.565927E13	2580.0	78.0
5.565928E13	2580.0	78.0
5.565929E13	2580.0	77.0
5.5659307E13	2578.0	77.0
5.565932E13	2578.0	77.0
5.565933E13	2578.0	77.0
5.565934E13	2578.0	78.0
5.5659358E13	2577.0	79.0
5.565937E13	2577.0	79.0
5.565938E13	2578.0	79.0
5.565939E13	2578.0	79.0
5.565941E13	2578.0	79.0
5.565942E13	2578.0	79.0
5.565943E13	2579.0	78.0
5.5659437E13	2579.0	78.0
5.565946E13	2576.0	78.0
5.565947E13	2576.0	78.0
5.5659488E13	2576.0	79.0
5.56595E13	2579.0	79.0
5.565951E13	2579.0	79.0
5.565952E13	2579.0	79.0
5.565953E13	2579.0	79.0
5.565954E13	2579.0	79.0
5.565955E13	2579.0	79.0
5.565956E13	2579.0	78.0
5.5659568E13	2579.0	78.0
5.565958E13	2576.0	78.0
5.565959E13	2576.0	78.0
5.56596E13	2576.0	78.0
5.565961E13	2574.0	77.0
5.5659618E13	2574.0	77.0
5.565963E13	2574.0	77.0
5.565964E13	2572.0	78.0
5.565965E13	2572.0	78.0
5.565966E13	2572.0	78.0
5.565967E13	2572.0	78.0
5.565968E13	2577.0	79.0
5.565969E13	2577.0	79.0
5.56597E13	2577.0	79.0
5.565971E13	2576.0	79.0
5.565972E13	2576.0	79.0
5.565973E13	2576.0	78.0
5.565974E13	2576.0	78.0
5.5659748E13	2579.0	78.0
5.565976E13	2579.0	78.0
5.565977E13	2579.0	78.0
5.565978E13	2579.0	78.0
5.565979E13	2579.0	78.0
5.56598E13	2578.0	78.0
5.565981E13	2578.0	78.0
5.565982E13	2578.0	78.0
5.565983E13	2578.0	78.0
5.565984E13	2578.0	78.0
5.565985E13	2578.0	78.0
5.565986E13	2578.0	78.0
5.565987E13	2580.0	79.0
5.5659878E13	2580.0	79.0
5.565989E13	2580.0	78.0
5.565991E13	2580.0	78.0
5.565992E13	2580.0	79.0
5.565993E13	2580.0	79.0
5.565994E13	2583.0	78.0
5.565995E13	2583.0	78.0
5.565996E13	2583.0	78.0
5.565997E13	2583.0	78.0
5.565998E13	2583.0	78.0
5.565999E13	2583.0	78.0
5.566E13	2583.0	78.0
5.5660012E13	2581.0	79.0
5.566002E13	2581.0	79.0
5.566003E13	2581.0	79.0
5.566004E13	2581.0	79.0
5.566005E13	2581.0	79.0
5.566006E13	2580.0	78.0
5.566007E13	2580.0	78.0
5.566008E13	2580.0	53.0
5.566009E13	2579.0	77.0
5.56601E13	2579.0	77.0
5.566011E13	2579.0	78.0
5.566012E13	2579.0	78.0
5.566013E13	2579.0	79.0
5.566014E13	2579.0	79.0
5.566015E13	2579.0	79.0
5.566016E13	2581.0	79.0
5.566017E13	2581.0	79.0
5.566018E13	2581.0	79.0
5.566019E13	2581.0	79.0
5.56602E13	2581.0	79.0
5.566021E13	2582.0	79.0
5.566022E13	2582.0	58.0
5.566023E13	2582.0	58.0
5.566024E13	2582.0	58.0
5.566025E13	2582.0	79.0
5.566026E13	2582.0	79.0
5.566027E13	2582.0	79.0
5.566028E13	2582.0	78.0
5.566029E13	2581.0	78.0
5.566031E13	2581.0	78.0
5.566031E13	2581.0	78.0
5.566032E13	2580.0	78.0
5.566033E13	2580.0	78.0
5.566034E13	2580.0	78.0
5.566035E13	2580.0	78.0
5.566036E13	2581.0	78.0
5.566037E13	2581.0	78.0
5.566038E13	2581.0	79.0
5.566039E13	2581.0	79.0
5.56604E13	2582.0	79.0
5.566041E13	2582.0	79.0
5.566042E13	2582.0	79.0
5.566043E13	2582.0	79.0
5.566044E13	2581.0	79.0
5.566045E13	2581.0	79.0
5.566046E13	2581.0	79.0
5.566047E13	2579.0	79.0
5.566048E13	2579.0	79.0
5.566049E13	2579.0	79.0
5.56605E13	2579.0	79.0
5.566051E13	2580.0	78.0
5.566052E13	2580.0	79.0
5.566053E13	2580.0	58.0
5.566054E13	2580.0	58.0
5.566055E13	2577.0	58.0
5.566056E13	2577.0	58.0
5.566057E13	2577.0	58.0
5.566058E13	2578.0	58.0
5.566059E13	2578.0	58.0
5.56606E13	2578.0	58.0
5.566061E13	2578.0	58.0
5.566062E13	2576.0	78.0
5.566063E13	2576.0	77.0
5.566064E13	2576.0	77.0
5.566065E13	2576.0	78.0
5.5660662E13	2575.0	78.0
5.566067E13	2575.0	78.0
5.566068E13	2575.0	78.0
5.566069E13	2575.0	78.0
5.56607E13	2579.0	79.0
5.566071E13	2579.0	79.0
5.566072E13	2579.0	79.0
5.566073E13	2582.0	79.0
5.566074E13	2582.0	79.0
5.566075E13	2582.0	80.0
5.566076E13	2582.0	80.0
5.566077E13	2583.0	80.0
5.5660784E13	2583.0	80.0
5.5660792E13	2583.0	80.0
5.56608E13	2583.0	80.0
5.566081E13	2585.0	79.0
5.566082E13	2585.0	58.0
5.566083E13	2585.0	58.0
5.566084E13	2585.0	79.0
5.566085E13	2579.0	78.0
5.566086E13	2579.0	78.0
5.566087E13	2579.0	78.0
5.566088E13	2576.0	78.0
5.566089E13	2576.0	78.0
5.56609E13	2576.0	78.0
5.566091E13	2576.0	58.0
5.5660922E13	2574.0	58.0
5.566093E13	2574.0	58.0
5.566094E13	2574.0	58.0
5.566095E13	2574.0	79.0
5.566096E13	2577.0	58.0
5.566097E13	2577.0	58.0
5.566098E13	2577.0	79.0
5.566099E13	2577.0	79.0
5.5661E13	2579.0	79.0
5.566101E13	2579.0	79.0
5.566102E13	2579.0	79.0
5.566103E13	2578.0	79.0
5.566104E13	2578.0	79.0
5.5661052E13	2578.0	79.0
5.566106E13	2578.0	79.0
5.566107E13	2578.0	79.0
5.566108E13	2578.0	79.0
5.566109E13	2578.0	79.0
5.5661103E13	2578.0	79.0
5.566111E13	2577.0	79.0
5.566112E13	2577.0	79.0
5.566113E13	2577.0	79.0
5.566114E13	2577.0	79.0
5.566115E13	2578.0	79.0
5.566116E13	2578.0	79.0
5.566117E13	2578.0	79.0
5.5661182E13	2578.0	79.0
5.566119E13	2578.0	79.0
5.56612E13	2578.0	79.0
5.566121E13	2578.0	79.0
5.566122E13	2580.0	79.0
5.5661233E13	2580.0	79.0
5.566124E13	2580.0	79.0
5.566125E13	2578.0	79.0
5.566126E13	2578.0	79.0
5.566127E13	2578.0	79.0
5.566128E13	2578.0	79.0
5.566129E13	2578.0	79.0
5.56613E13	2578.0	79.0
5.5661312E13	2578.0	79.0
5.566132E13	2578.0	79.0
5.566133E13	2579.0	79.0
5.566134E13	2579.0	79.0
5.566135E13	2579.0	79.0
5.5661363E13	2579.0	79.0
5.566137E13	2578.0	79.0
5.566138E13	2578.0	79.0
5.566139E13	2578.0	79.0
5.56614E13	2578.0	79.0
5.566141E13	2578.0	79.0
5.566142E13	2578.0	79.0
5.566143E13	2578.0	79.0
5.5661442E13	2577.0	79.0
5.566145E13	2577.0	79.0
5.566146E13	2577.0	79.0
5.566147E13	2577.0	79.0
5.566148E13	2577.0	79.0
5.5661493E13	2577.0	79.0
5.56615E13	2577.0	79.0
5.566151E13	2577.0	79.0
5.566152E13	2578.0	79.0
5.566153E13	2578.0	79.0
5.5661543E13	2578.0	79.0
5.566155E13	2578.0	79.0
5.566156E13	2576.0	79.0
5.5661572E13	2576.0	79.0
5.566158E13	2576.0	79.0
5.566159E13	2578.0	79.0
5.56616E13	2578.0	79.0
5.566161E13	2578.0	79.0
5.5661623E13	2578.0	79.0
5.566163E13	2577.0	79.0
5.566164E13	2577.0	79.0
5.566165E13	2577.0	79.0
5.566166E13	2577.0	79.0
5.5661673E13	2577.0	79.0
5.566168E13	2577.0	79.0
5.566169E13	2577.0	79.0
5.5661702E13	2577.0	79.0
5.566171E13	2577.0	79.0
5.5661723E13	2577.0	79.0
5.566173E13	2577.0	79.0
5.566174E13	2577.0	79.0
5.5661753E13	2577.0	79.0
5.566176E13	2577.0	79.0
5.566177E13	2577.0	79.0
5.5661782E13	2576.0	79.0
5.566179E13	2576.0	79.0
5.5661803E13	2576.0	79.0
5.566181E13	2576.0	79.0
5.566182E13	2575.0	79.0
5.5661832E13	2575.0	79.0
5.566184E13	2575.0	79.0
5.5661853E13	2575.0	79.0
5.566186E13	2578.0	79.0
5.566187E13	2578.0	79.0
5.5661883E13	2578.0	79.0
5.566189E13	2576.0	79.0
5.56619E13	2576.0	79.0
5.5661912E13	2576.0	79.0
5.566192E13	2576.0	79.0
5.5661933E13	2576.0	79.0
5.566194E13	2576.0	79.0
5.566195E13	2576.0	79.0
5.5661962E13	2576.0	79.0
5.566197E13	2576.0	79.0
5.5661983E13	2576.0	79.0
