5.5714563E13	2688.0	80.0
5.571457E13	2688.0	80.0
5.5714584E13	2688.0	80.0
5.5714593E13	2688.0	80.0
5.5714605E13	2687.0	80.0
5.5714614E13	2687.0	80.0
5.571462E13	2687.0	80.0
5.5714635E13	2687.0	80.0
5.5714643E13	2686.0	80.0
5.571465E13	2686.0	80.0
5.5714664E13	2686.0	80.0
5.5714672E13	2686.0	80.0
5.5714685E13	2686.0	80.0
5.5714693E13	2686.0	80.0
5.57147E13	2686.0	80.0
5.5714714E13	2684.0	80.0
5.5714723E13	2684.0	79.0
5.5714735E13	2684.0	80.0
5.5714744E13	2684.0	80.0
5.571475E13	2684.0	80.0
5.5714765E13	2684.0	80.0
5.5714773E13	2684.0	81.0
5.5714794E13	2685.0	81.0
5.5714802E13	2685.0	80.0
5.571482E13	2685.0	81.0
5.5714823E13	2685.0	81.0
5.571483E13	2690.0	81.0
5.5714844E13	2690.0	81.0
5.5714853E13	2690.0	81.0
5.5714865E13	2684.0	80.0
5.5714874E13	2684.0	80.0
5.571488E13	2684.0	80.0
5.5714895E13	2684.0	80.0
5.5714903E13	2682.0	80.0
5.5714916E13	2682.0	80.0
5.5714924E13	2682.0	80.0
5.5714932E13	2682.0	80.0
5.5714945E13	2684.0	80.0
5.5714953E13	2684.0	80.0
5.571496E13	2684.0	81.0
5.5714974E13	2684.0	81.0
5.5714983E13	2682.0	81.0
5.5714995E13	2682.0	81.0
5.5715004E13	2682.0	81.0
5.571501E13	2680.0	81.0
5.5715025E13	2680.0	81.0
5.5715033E13	2680.0	80.0
5.5715046E13	2680.0	80.0
5.5715054E13	2672.0	80.0
5.5715062E13	2672.0	80.0
5.5715075E13	2672.0	80.0
5.5715083E13	2672.0	80.0
5.571509E13	2672.0	80.0
5.5715104E13	2672.0	80.0
5.5715113E13	2672.0	80.0
5.5715125E13	2672.0	80.0
5.5715134E13	2668.0	80.0
5.571514E13	2668.0	80.0
5.5715155E13	2668.0	80.0
5.5715163E13	2665.0	80.0
5.5715176E13	2665.0	80.0
5.5715184E13	2665.0	80.0
5.5715192E13	2663.0	80.0
5.5715205E13	2663.0	80.0
5.5715213E13	2663.0	80.0
5.5715226E13	2663.0	80.0
5.5715234E13	2663.0	80.0
5.5715243E13	2662.0	80.0
5.5715255E13	2662.0	80.0
5.5715264E13	2662.0	80.0
5.571527E13	2662.0	80.0
5.5715285E13	2662.0	80.0
5.5715293E13	2662.0	80.0
5.5715306E13	2662.0	80.0
5.5715314E13	2662.0	80.0
5.5715322E13	2662.0	80.0
5.5715335E13	2662.0	80.0
5.5715343E13	2662.0	80.0
5.5715356E13	2663.0	80.0
5.5715364E13	2663.0	80.0
5.5715373E13	2663.0	80.0
5.5715385E13	2663.0	80.0
5.5715394E13	2667.0	80.0
5.5715406E13	2667.0	80.0
5.5715415E13	2667.0	80.0
5.5715423E13	2665.0	80.0
5.5715436E13	2665.0	80.0
5.5715444E13	2665.0	80.0
5.5715452E13	2665.0	79.0
5.5715465E13	2663.0	80.0
5.5715473E13	2663.0	79.0
5.5715486E13	2663.0	79.0
5.5715494E13	2663.0	80.0
5.5715503E13	2666.0	80.0
5.5715515E13	2666.0	80.0
5.5715524E13	2666.0	80.0
5.5715536E13	2666.0	80.0
5.5715545E13	2669.0	80.0
5.5715553E13	2669.0	81.0
5.5715566E13	2669.0	81.0
5.5715574E13	2669.0	81.0
5.5715582E13	2669.0	81.0
5.5715595E13	2669.0	81.0
5.5715603E13	2669.0	81.0
5.5715616E13	2673.0	81.0
5.5715624E13	2673.0	81.0
5.5715633E13	2673.0	80.0
5.5715645E13	2673.0	80.0
5.5715654E13	2671.0	80.0
5.5715666E13	2671.0	80.0
5.5715675E13	2671.0	80.0
5.5715683E13	2671.0	80.0
5.5715696E13	2670.0	80.0
5.5715704E13	2670.0	80.0
5.5715712E13	2670.0	80.0
5.5715725E13	2672.0	80.0
5.5715733E13	2672.0	80.0
5.5715746E13	2672.0	80.0
5.5715754E13	2672.0	81.0
5.5715763E13	2676.0	80.0
5.5715775E13	2676.0	80.0
5.5715784E13	2676.0	80.0
5.5715796E13	2676.0	80.0
5.5715805E13	2675.0	80.0
5.5715813E13	2675.0	80.0
5.5715826E13	2675.0	80.0
5.5715834E13	2675.0	80.0
5.5715847E13	2673.0	80.0
5.5715855E13	2673.0	80.0
5.5715863E13	2673.0	80.0
5.5715876E13	2675.0	81.0
5.5715884E13	2675.0	81.0
5.5715893E13	2675.0	81.0
5.5715905E13	2675.0	81.0
5.5715914E13	2677.0	81.0
5.5715926E13	2677.0	81.0
5.5715935E13	2677.0	81.0
5.5715943E13	2677.0	81.0
5.5715956E13	2678.0	81.0
5.5715964E13	2678.0	81.0
5.5715977E13	2678.0	81.0
5.5715985E13	2675.0	81.0
5.5715993E13	2675.0	80.0
5.5716006E13	2675.0	80.0
5.5716014E13	2672.0	79.0
5.5716023E13	2672.0	79.0
5.5716035E13	2672.0	79.0
5.5716044E13	2672.0	79.0
5.5716056E13	2672.0	80.0
5.5716065E13	2672.0	80.0
5.5716073E13	2672.0	80.0
5.5716086E13	2672.0	81.0
5.5716094E13	2677.0	82.0
5.5716107E13	2677.0	58.0
5.5716115E13	2677.0	82.0
5.5716124E13	2680.0	82.0
5.5716136E13	2680.0	81.0
5.5716144E13	2680.0	81.0
5.5716157E13	2680.0	81.0
5.5716165E13	2677.0	80.0
5.5716174E13	2677.0	80.0
5.5716186E13	2677.0	80.0
5.5716195E13	2677.0	80.0
5.5716203E13	2677.0	80.0
5.5716216E13	2680.0	80.0
5.5716224E13	2680.0	81.0
5.5716237E13	2680.0	82.0
5.5716245E13	2680.0	82.0
5.5716254E13	2684.0	82.0
5.5716266E13	2684.0	82.0
5.5716275E13	2684.0	82.0
5.5716283E13	2685.0	82.0
5.5716295E13	2685.0	81.0
5.5716304E13	2685.0	81.0
5.5716316E13	2685.0	80.0
5.5716325E13	2682.0	80.0
5.5716333E13	2682.0	80.0
5.5716346E13	2682.0	80.0
5.5716354E13	2682.0	80.0
5.5716367E13	2681.0	79.0
5.5716375E13	2681.0	80.0
5.5716384E13	2681.0	80.0
5.5716396E13	2681.0	80.0
5.5716405E13	2684.0	81.0
5.5716417E13	2684.0	81.0
5.5716425E13	2684.0	81.0
5.5716434E13	2690.0	81.0
5.5716446E13	2690.0	81.0
5.5716455E13	2690.0	81.0
5.5716463E13	2690.0	81.0
5.5716476E13	2692.0	81.0
5.5716484E13	2692.0	81.0
5.5716497E13	2692.0	81.0
5.5716505E13	2692.0	81.0
5.5716514E13	2696.0	81.0
5.5716526E13	2696.0	81.0
5.5716535E13	2696.0	81.0
5.5716547E13	2696.0	81.0
5.5716556E13	2694.0	80.0
5.5716564E13	2694.0	81.0
5.5716576E13	2694.0	80.0
5.5716585E13	2695.0	80.0
5.5716593E13	2695.0	80.0
5.5716606E13	2695.0	80.0
5.5716614E13	2695.0	80.0
5.5716627E13	2695.0	80.0
5.5716635E13	2695.0	80.0
5.5716644E13	2695.0	80.0
5.5716656E13	2695.0	81.0
5.5716665E13	2698.0	81.0
5.5716677E13	2698.0	81.0
5.5716686E13	2698.0	81.0
5.5716694E13	2698.0	81.0
5.5716707E13	2698.0	81.0
5.5716715E13	2698.0	81.0
5.5716723E13	2698.0	81.0
5.5716736E13	2699.0	81.0
5.5716744E13	2699.0	81.0
5.5716757E13	2699.0	81.0
5.5716765E13	2699.0	81.0
5.5716774E13	2700.0	81.0
5.5716786E13	2700.0	81.0
5.5716795E13	2700.0	81.0
5.5716807E13	2700.0	81.0
5.5716816E13	2702.0	81.0
5.5716824E13	2702.0	81.0
5.5716837E13	2702.0	81.0
5.5716845E13	2702.0	81.0
5.5716858E13	2701.0	81.0
5.5716866E13	2701.0	81.0
5.5716874E13	2701.0	81.0
5.5716887E13	2700.0	81.0
5.5716895E13	2700.0	81.0
5.5716904E13	2700.0	81.0
5.5716916E13	2700.0	81.0
5.5716925E13	2697.0	81.0
5.5716937E13	2697.0	81.0
5.5716946E13	2697.0	81.0
5.5716954E13	2697.0	81.0
5.5716967E13	2700.0	81.0
5.5716975E13	2700.0	81.0
5.5716988E13	2700.0	81.0
5.5716996E13	2700.0	81.0
5.5717004E13	2699.0	81.0
5.5717017E13	2699.0	81.0
5.5717025E13	2699.0	81.0
5.5717038E13	2698.0	81.0
5.5717046E13	2698.0	81.0
5.5717055E13	2698.0	81.0
5.5717067E13	2700.0	81.0
5.5717076E13	2700.0	81.0
5.5717084E13	2700.0	81.0
5.5717097E13	2700.0	81.0
5.5717105E13	2700.0	81.0
5.5717118E13	2700.0	81.0
5.5717126E13	2700.0	81.0
5.5717134E13	2701.0	81.0
5.5717147E13	2701.0	81.0
5.5717155E13	2701.0	81.0
5.5717168E13	2701.0	81.0
5.5717176E13	2701.0	81.0
5.5717185E13	2701.0	81.0
5.5717197E13	2701.0	81.0
5.5717206E13	2701.0	81.0
5.571722E13	2700.0	81.0
5.5717227E13	2700.0	81.0
5.5717235E13	2700.0	80.0
5.5717248E13	2700.0	81.0
5.5717256E13	2703.0	81.0
5.5717264E13	2703.0	81.0
5.5717277E13	2703.0	81.0
5.5717285E13	2705.0	81.0
5.57173E13	2705.0	81.0
5.5717306E13	2705.0	81.0
5.5717315E13	2705.0	81.0
5.5717327E13	2704.0	81.0
5.5717336E13	2704.0	81.0
5.5717344E13	2704.0	81.0
5.5717357E13	2704.0	81.0
5.5717365E13	2703.0	80.0
5.5717378E13	2703.0	80.0
5.5717386E13	2703.0	80.0
5.5717394E13	2703.0	80.0
5.5717407E13	2705.0	81.0
5.5717415E13	2705.0	81.0
5.571743E13	2705.0	81.0
5.5717436E13	2705.0	81.0
5.5717445E13	2705.0	81.0
5.5717457E13	2705.0	81.0
5.5717466E13	2705.0	81.0
5.571748E13	2705.0	81.0
5.5717487E13	2707.0	81.0
5.5717495E13	2707.0	81.0
5.5717508E13	2707.0	81.0
5.5717516E13	2707.0	81.0
5.5717524E13	2705.0	81.0
5.5717537E13	2705.0	81.0
5.5717545E13	2705.0	81.0
5.571756E13	2705.0	81.0
5.5717566E13	2708.0	81.0
5.5717575E13	2708.0	81.0
5.5717587E13	2708.0	81.0
5.5717596E13	2709.0	81.0
5.571761E13	2709.0	81.0
5.5717617E13	2709.0	81.0
5.5717625E13	2709.0	81.0
5.5717638E13	2709.0	81.0
5.5717646E13	2709.0	81.0
5.5717654E13	2709.0	81.0
5.5717667E13	2709.0	81.0
5.5717675E13	2707.0	80.0
5.571769E13	2707.0	80.0
5.5717696E13	2707.0	80.0
5.5717705E13	2707.0	80.0
5.571774E13	2710.0	80.0
5.5717747E13	2709.0	80.0
5.5717755E13	2709.0	80.0
5.5717768E13	2709.0	80.0
5.5717776E13	2709.0	81.0
5.5717784E13	2710.0	81.0
5.5717797E13	2710.0	81.0
5.5717805E13	2710.0	81.0
5.571782E13	2710.0	81.0
5.5717826E13	2710.0	81.0
5.5717835E13	2710.0	81.0
5.5717847E13	2710.0	81.0
5.5717856E13	2710.0	81.0
5.571787E13	2709.0	81.0
5.5717877E13	2709.0	81.0
5.5717885E13	2709.0	81.0
5.5717898E13	2708.0	81.0
5.5717906E13	2708.0	80.0
5.5717914E13	2708.0	80.0
5.5717927E13	2708.0	80.0
5.5717935E13	2708.0	80.0
5.571795E13	2708.0	80.0
5.5717956E13	2708.0	80.0
5.5717965E13	2708.0	81.0
5.5717977E13	2704.0	80.0
5.5717986E13	2704.0	80.0
5.5718E13	2704.0	81.0
5.5718007E13	2704.0	81.0
5.5718015E13	2704.0	81.0
5.5718028E13	2704.0	81.0
5.5718036E13	2704.0	81.0
5.571805E13	2705.0	81.0
5.5718057E13	2705.0	81.0
5.5718065E13	2705.0	81.0
5.571808E13	2704.0	80.0
5.5718086E13	2704.0	80.0
5.5718095E13	2704.0	80.0
5.5718107E13	2704.0	80.0
5.5718116E13	2704.0	81.0
5.571813E13	2703.0	80.0
5.5718137E13	2703.0	80.0
5.5718145E13	2703.0	80.0
5.5718158E13	2702.0	80.0
5.5718166E13	2702.0	80.0
5.571818E13	2702.0	80.0
5.5718187E13	2702.0	81.0
5.5718195E13	2701.0	81.0
5.571821E13	2701.0	81.0
5.5718216E13	2701.0	81.0
5.5718225E13	2701.0	81.0
5.5718237E13	2701.0	81.0
5.5718246E13	2701.0	81.0
5.571826E13	2701.0	81.0
5.5718267E13	2701.0	81.0
5.5718275E13	2704.0	81.0
5.5718288E13	2704.0	81.0
5.5718296E13	2704.0	81.0
5.571831E13	2705.0	81.0
5.5718317E13	2705.0	81.0
5.5718326E13	2705.0	81.0
5.571834E13	2705.0	81.0
5.5718346E13	2705.0	81.0
5.571836E13	2705.0	81.0
5.5718367E13	2705.0	81.0
5.5718376E13	2705.0	81.0
5.571839E13	2709.0	81.0
5.5718397E13	2709.0	81.0
5.5718405E13	2709.0	80.0
5.5718418E13	2709.0	80.0
5.5718426E13	2706.0	80.0
5.571844E13	2706.0	80.0
5.5718447E13	2706.0	80.0
5.5718456E13	2705.0	81.0
5.571847E13	2705.0	81.0
5.5718477E13	2705.0	81.0
5.571849E13	2708.0	81.0
5.5718497E13	2708.0	81.0
5.5718506E13	2708.0	81.0
5.571852E13	2708.0	81.0
5.5718527E13	2710.0	81.0
5.5718535E13	2710.0	81.0
5.5718548E13	2710.0	81.0
5.5718556E13	2710.0	81.0
5.571857E13	2712.0	80.0
5.5718577E13	2712.0	80.0
5.5718586E13	2712.0	80.0
5.57186E13	2715.0	81.0
5.5718607E13	2715.0	81.0
5.571862E13	2715.0	81.0
5.5718628E13	2715.0	82.0
5.5718636E13	2720.0	81.0
5.571865E13	2720.0	81.0
5.5718657E13	2720.0	81.0
5.5718665E13	2720.0	80.0
5.5718678E13	2720.0	80.0
5.5718686E13	2721.0	80.0
5.57187E13	2721.0	81.0
5.5718707E13	2721.0	81.0
5.5718716E13	2721.0	82.0
5.571873E13	2727.0	82.0
5.5718737E13	2727.0	82.0
5.571875E13	2727.0	81.0
5.5718758E13	2729.0	81.0
5.5718766E13	2729.0	80.0
5.571878E13	2729.0	80.0
5.5718787E13	2729.0	79.0
5.5718795E13	2723.0	80.0
5.5718808E13	2723.0	80.0
5.5718816E13	2723.0	80.0
5.571883E13	2723.0	80.0
5.5718837E13	2722.0	79.0
5.5718846E13	2722.0	79.0
5.571886E13	2722.0	79.0
5.5718867E13	2722.0	79.0
5.571888E13	2724.0	80.0
5.5718888E13	2724.0	80.0
5.5718896E13	2724.0	81.0
5.571891E13	2728.0	81.0
5.5718917E13	2728.0	81.0
5.5718934E13	2728.0	80.0
5.5718938E13	2728.0	80.0
5.5718946E13	2726.0	80.0
5.571896E13	2726.0	80.0
5.5718967E13	2726.0	80.0
5.5718976E13	2726.0	80.0
5.571899E13	2723.0	80.0
5.5718997E13	2723.0	80.0
5.571901E13	2723.0	80.0
5.5719018E13	2719.0	80.0
5.5719026E13	2719.0	80.0
5.571904E13	2719.0	80.0
5.5719047E13	2719.0	80.0
5.571906E13	2716.0	80.0
5.571907E13	2716.0	81.0
5.5719076E13	2716.0	81.0
5.571909E13	2716.0	81.0
5.5719097E13	2716.0	81.0
5.5719106E13	2716.0	80.0
5.571912E13	2716.0	80.0
5.5719127E13	2716.0	80.0
5.571914E13	2715.0	80.0
5.5719148E13	2715.0	80.0
5.5719156E13	2715.0	80.0
5.571917E13	2714.0	80.0
5.5719177E13	2714.0	80.0
5.571919E13	2714.0	80.0
5.57192E13	2714.0	80.0
5.5719206E13	2712.0	80.0
5.571922E13	2712.0	80.0
5.5719227E13	2712.0	80.0
5.5719236E13	2712.0	80.0
5.571925E13	2711.0	80.0
5.5719257E13	2711.0	80.0
5.571927E13	2711.0	80.0
5.5719278E13	2711.0	81.0
5.5719286E13	2716.0	81.0
5.57193E13	2716.0	81.0
5.5719307E13	2716.0	81.0
5.571932E13	2717.0	81.0
5.571933E13	2717.0	81.0
5.5719336E13	2717.0	81.0
5.571935E13	2717.0	81.0
5.5719357E13	2717.0	81.0
5.571937E13	2717.0	80.0
5.571938E13	2717.0	80.0
5.5719387E13	2717.0	80.0
5.57194E13	2718.0	80.0
5.5719408E13	2718.0	80.0
5.5719416E13	2718.0	80.0
5.571943E13	2718.0	81.0
5.5719437E13	2720.0	80.0
5.571945E13	2720.0	80.0
5.571946E13	2720.0	81.0
5.5719466E13	2722.0	81.0
5.571948E13	2722.0	80.0
5.5719487E13	2722.0	80.0
5.57195E13	2722.0	80.0
5.571951E13	2724.0	80.0
5.5719517E13	2724.0	81.0
5.571953E13	2724.0	81.0
5.5719538E13	2724.0	81.0
5.5719546E13	2726.0	80.0
5.571956E13	2726.0	80.0
5.5719567E13	2726.0	81.0
5.571958E13	2726.0	81.0
5.571959E13	2726.0	81.0
5.5719596E13	2726.0	81.0
5.571961E13	2726.0	81.0
5.5719617E13	2728.0	81.0
5.571963E13	2728.0	81.0
5.571964E13	2728.0	81.0
5.5719647E13	2728.0	81.0
5.571966E13	2726.0	81.0
5.5719668E13	2726.0	81.0
5.571968E13	2726.0	80.0
5.5719693E13	2726.0	80.0
5.5719697E13	2723.0	81.0
5.571971E13	2723.0	81.0
5.571972E13	2723.0	81.0
5.5719726E13	2723.0	81.0
5.571974E13	2722.0	81.0
5.5719747E13	2722.0	80.0
5.571976E13	2722.0	81.0
5.571977E13	2719.0	81.0
5.5719777E13	2719.0	81.0
5.571979E13	2719.0	81.0
5.5719798E13	2719.0	80.0
5.571981E13	2718.0	81.0
5.571982E13	2718.0	81.0
5.5719827E13	2718.0	81.0
5.571984E13	2718.0	81.0
5.571985E13	2717.0	81.0
5.5719856E13	2717.0	82.0
5.571987E13	2717.0	82.0
5.5719877E13	2717.0	82.0
5.571989E13	2717.0	82.0
5.57199E13	2717.0	81.0
5.5719907E13	2717.0	81.0
5.571992E13	2715.0	81.0
5.5719928E13	2715.0	81.0
5.571994E13	2715.0	81.0
5.571995E13	2715.0	81.0
5.5719957E13	2712.0	81.0
5.571997E13	2712.0	81.0
5.571998E13	2712.0	81.0
5.571999E13	2712.0	81.0
5.572E13	2711.0	81.0
5.5720007E13	2711.0	81.0
5.572002E13	2708.0	57.0
5.572003E13	2708.0	82.0
5.5720037E13	2708.0	81.0
5.572005E13	2708.0	81.0
5.5720058E13	2708.0	81.0
5.572007E13	2711.0	81.0
5.572008E13	2711.0	81.0
5.5720087E13	2711.0	81.0
5.572011E13	2708.0	81.0
5.572012E13	2708.0	81.0
5.572013E13	2708.0	81.0
5.5720137E13	2708.0	81.0
5.572015E13	2708.0	81.0
5.572016E13	2708.0	81.0
5.5720167E13	2708.0	81.0
5.572018E13	2711.0	81.0
5.5720188E13	2711.0	81.0
5.57202E13	2711.0	81.0
5.572021E13	2711.0	81.0
5.5720217E13	2710.0	81.0
5.572023E13	2710.0	81.0
5.572024E13	2710.0	81.0
5.572025E13	2710.0	81.0
5.572026E13	2709.0	81.0
5.5720267E13	2709.0	81.0
5.572028E13	2709.0	81.0
5.572029E13	2709.0	81.0
5.572031E13	2710.0	81.0
5.5720318E13	2710.0	81.0
5.572033E13	2710.0	81.0
5.572034E13	2710.0	81.0
5.572036E13	2710.0	81.0
5.572037E13	2710.0	81.0
5.572038E13	2710.0	81.0
5.572039E13	2710.0	82.0
5.572041E13	2710.0	81.0
5.572042E13	2710.0	81.0
5.572043E13	2710.0	81.0
5.572044E13	2710.0	81.0
5.5720448E13	2710.0	81.0
5.572046E13	2710.0	81.0
5.572047E13	2710.0	81.0
5.5720477E13	2708.0	81.0
5.572049E13	2708.0	81.0
5.57205E13	2708.0	81.0
5.572051E13	2708.0	82.0
5.572052E13	2710.0	82.0
5.5720528E13	2710.0	82.0
5.572054E13	2710.0	81.0
5.572055E13	2710.0	81.0
5.572056E13	2709.0	81.0
5.572057E13	2709.0	81.0
5.5720578E13	2709.0	81.0
5.572059E13	2709.0	81.0
5.57206E13	2708.0	81.0
5.5720607E13	2708.0	81.0
5.572062E13	2708.0	81.0
5.572063E13	2707.0	81.0
5.572064E13	2707.0	81.0
5.572065E13	2707.0	81.0
5.5720658E13	2707.0	81.0
5.572067E13	2707.0	81.0
5.572068E13	2707.0	81.0
5.572069E13	2707.0	81.0
5.57207E13	2707.0	81.0
5.5720708E13	2707.0	81.0
5.572072E13	2707.0	81.0
5.572073E13	2707.0	81.0
5.572074E13	2707.0	81.0
5.572075E13	2708.0	81.0
5.572076E13	2708.0	81.0
5.572077E13	2708.0	81.0
5.572078E13	2708.0	81.0
5.5720788E13	2708.0	81.0
5.57208E13	2708.0	81.0
5.572081E13	2708.0	81.0
5.572082E13	2705.0	81.0
5.572083E13	2705.0	81.0
5.572084E13	2705.0	81.0
5.572085E13	2705.0	81.0
5.572086E13	2701.0	81.0
5.572088E13	2701.0	81.0
5.572089E13	2703.0	81.0
5.57209E13	2703.0	81.0
5.572091E13	2703.0	81.0
5.5720918E13	2701.0	81.0
5.572093E13	2701.0	81.0
5.572094E13	2701.0	81.0
5.572095E13	2701.0	81.0
5.572096E13	2701.0	81.0
5.572097E13	2703.0	81.0
5.572099E13	2703.0	81.0
5.5721E13	2702.0	81.0
5.572101E13	2702.0	81.0
5.572102E13	2702.0	81.0
5.572103E13	2704.0	81.0
5.572104E13	2704.0	81.0
5.572105E13	2704.0	81.0
5.572106E13	2704.0	81.0
5.572107E13	2705.0	81.0
5.572108E13	2705.0	81.0
5.572109E13	2705.0	81.0
5.57211E13	2705.0	81.0
5.572111E13	2707.0	81.0
5.572112E13	2707.0	81.0
5.572113E13	2707.0	81.0
5.572114E13	2707.0	81.0
5.572115E13	2707.0	81.0
5.572116E13	2707.0	81.0
5.572117E13	2707.0	82.0
5.572118E13	2703.0	80.0
5.572119E13	2703.0	80.0
5.57212E13	2703.0	80.0
5.572121E13	2703.0	80.0
5.572122E13	2704.0	80.0
5.572123E13	2704.0	80.0
5.572124E13	2704.0	80.0
5.572125E13	2704.0	81.0
5.572126E13	2704.0	81.0
5.572127E13	2708.0	81.0
5.572128E13	2708.0	82.0
5.572129E13	2708.0	82.0
5.57213E13	2708.0	82.0
5.572131E13	2713.0	82.0
5.572132E13	2713.0	82.0
5.572133E13	2713.0	82.0
5.572134E13	2713.0	81.0
5.572135E13	2713.0	81.0
5.5721362E13	2713.0	81.0
5.572137E13	2713.0	81.0
5.572138E13	2713.0	80.0
5.572139E13	2713.0	80.0
5.57214E13	2713.0	80.0
5.572141E13	2713.0	81.0
5.572142E13	2714.0	81.0
5.572143E13	2714.0	81.0
5.572144E13	2714.0	81.0
5.572145E13	2714.0	81.0
5.572146E13	2718.0	81.0
5.572147E13	2718.0	82.0
5.572148E13	2718.0	82.0
5.572149E13	2723.0	82.0
5.57215E13	2723.0	82.0
5.572151E13	2723.0	82.0
5.572152E13	2723.0	81.0
5.572153E13	2726.0	81.0
5.572154E13	2726.0	81.0
5.572155E13	2726.0	81.0
5.572156E13	2726.0	81.0
5.572157E13	2729.0	81.0
5.572158E13	2729.0	81.0
5.572159E13	2729.0	81.0
5.57216E13	2729.0	81.0
5.572161E13	2737.0	82.0
5.572162E13	2737.0	82.0
5.572163E13	2737.0	82.0
5.572164E13	2739.0	81.0
5.572165E13	2739.0	82.0
5.572166E13	2739.0	81.0
5.572167E13	2739.0	82.0
5.572168E13	2744.0	81.0
5.572169E13	2744.0	81.0
5.57217E13	2744.0	81.0
5.572171E13	2744.0	56.0
5.572172E13	2748.0	56.0
5.572173E13	2748.0	56.0
5.572174E13	2748.0	56.0
5.572175E13	2754.0	56.0
5.572176E13	2754.0	56.0
5.572177E13	2754.0	56.0
5.572178E13	2754.0	82.0
5.572179E13	2758.0	82.0
5.57218E13	2758.0	81.0
5.572181E13	2758.0	81.0
5.572182E13	2758.0	81.0
5.572183E13	2764.0	81.0
5.572184E13	2764.0	82.0
5.572185E13	2764.0	82.0
5.572186E13	2764.0	82.0
5.572187E13	2768.0	82.0
5.5721882E13	2768.0	82.0
5.572189E13	2768.0	82.0
5.57219E13	2773.0	82.0
5.572191E13	2773.0	81.0
5.572192E13	2773.0	81.0
5.572193E13	2773.0	81.0
5.572194E13	2771.0	81.0
5.572195E13	2771.0	81.0
5.572196E13	2771.0	81.0
5.572197E13	2771.0	81.0
5.572198E13	2772.0	82.0
5.572199E13	2772.0	82.0
5.5722E13	2772.0	82.0
5.5722012E13	2772.0	82.0
5.572202E13	2778.0	82.0
5.572203E13	2778.0	82.0
5.572204E13	2777.0	82.0
5.572205E13	2777.0	82.0
5.5722063E13	2777.0	82.0
5.572207E13	2777.0	82.0
5.572208E13	2778.0	82.0
5.572209E13	2778.0	82.0
5.57221E13	2778.0	82.0
5.572211E13	2778.0	82.0
5.572212E13	2776.0	82.0
5.572213E13	2776.0	82.0
5.5722142E13	2776.0	82.0
5.572215E13	2776.0	82.0
5.572216E13	2777.0	82.0
5.572217E13	2777.0	82.0
5.572218E13	2777.0	82.0
5.5722193E13	2777.0	82.0
5.57222E13	2776.0	82.0
5.572221E13	2776.0	82.0
5.572222E13	2776.0	82.0
5.572223E13	2776.0	82.0
5.572224E13	2775.0	82.0
5.572225E13	2775.0	82.0
5.572226E13	2775.0	82.0
5.5722272E13	2775.0	82.0
5.572228E13	2776.0	82.0
5.572229E13	2776.0	82.0
5.57223E13	2776.0	82.0
5.572231E13	2776.0	82.0
5.5722323E13	2773.0	82.0
5.572233E13	2773.0	82.0
5.572234E13	2773.0	81.0
5.572235E13	2771.0	81.0
5.572236E13	2771.0	81.0
5.5722373E13	2771.0	81.0
5.572238E13	2771.0	81.0
5.572239E13	2769.0	81.0
5.5722402E13	2769.0	81.0
5.572241E13	2769.0	82.0
5.572242E13	2769.0	82.0
5.572243E13	2768.0	82.0
5.572244E13	2768.0	82.0
5.5722453E13	2768.0	82.0
5.572246E13	2768.0	82.0
5.572247E13	2770.0	82.0
5.572248E13	2770.0	82.0
5.572249E13	2770.0	82.0
5.5722503E13	2770.0	82.0
5.572251E13	2770.0	82.0
5.572252E13	2770.0	82.0
5.5722532E13	2770.0	82.0
5.572254E13	2776.0	82.0
5.572255E13	2776.0	83.0
5.572256E13	2776.0	83.0
5.572257E13	2776.0	82.0
5.5722583E13	2779.0	82.0
5.572259E13	2779.0	82.0
5.57226E13	2779.0	82.0
5.572261E13	2779.0	81.0
5.572262E13	2776.0	80.0
5.5722633E13	2776.0	80.0
5.572264E13	2776.0	80.0
5.572265E13	2776.0	80.0
5.5722662E13	2776.0	81.0
5.572267E13	2776.0	81.0
5.572268E13	2776.0	81.0
5.572269E13	2775.0	81.0
5.57227E13	2775.0	81.0
5.5722713E13	2775.0	80.0
5.572272E13	2775.0	80.0
5.572273E13	2774.0	81.0
5.5722742E13	2774.0	81.0
5.572275E13	2774.0	81.0
5.5722763E13	2770.0	80.0
5.572277E13	2770.0	80.0
5.572278E13	2770.0	80.0
5.5722792E13	2770.0	80.0
5.57228E13	2767.0	80.0
5.5722813E13	2767.0	80.0
5.572282E13	2767.0	81.0
5.572283E13	2767.0	81.0
5.5722843E13	2765.0	81.0
5.572285E13	2765.0	81.0
5.572286E13	2765.0	81.0
5.5722872E13	2765.0	81.0
5.572288E13	2758.0	81.0
5.5722893E13	2758.0	81.0
5.57229E13	2758.0	81.0
5.572291E13	2752.0	81.0
5.5722922E13	2752.0	81.0
5.572293E13	2752.0	81.0
5.5722943E13	2752.0	81.0
5.572295E13	2749.0	81.0
5.572296E13	2749.0	81.0
5.5722973E13	2749.0	81.0
5.572298E13	2749.0	81.0
5.572299E13	2743.0	81.0
5.5723002E13	2743.0	81.0
5.572301E13	2743.0	81.0
5.5723023E13	2743.0	81.0
5.572303E13	2737.0	81.0
5.572304E13	2737.0	82.0
5.5723052E13	2733.0	81.0
5.572306E13	2733.0	81.0
5.5723073E13	2733.0	81.0
5.572308E13	2733.0	81.0
5.572309E13	2726.0	81.0
5.5723103E13	2726.0	81.0
5.572311E13	2726.0	80.0
5.5723124E13	2726.0	80.0
5.5723132E13	2718.0	80.0
5.572314E13	2718.0	81.0
5.5723153E13	2718.0	81.0
5.572316E13	2718.0	81.0
5.572317E13	2716.0	81.0
5.5723183E13	2716.0	81.0
5.572319E13	2716.0	81.0
5.5723203E13	2716.0	81.0
5.572321E13	2714.0	81.0
5.572322E13	2714.0	81.0
5.5723233E13	2714.0	81.0
5.572324E13	2714.0	81.0
5.5723254E13	2712.0	81.0
5.5723262E13	2712.0	81.0
5.572327E13	2712.0	81.0
5.5723283E13	2712.0	81.0
5.572329E13	2709.0	81.0
5.57233E13	2709.0	81.0
5.5723313E13	2709.0	81.0
5.572332E13	2707.0	81.0
5.5723334E13	2707.0	57.0
5.572334E13	2707.0	81.0
5.572335E13	2704.0	81.0
5.5723363E13	2704.0	81.0
5.572337E13	2704.0	81.0
5.5723384E13	2704.0	57.0
5.5723392E13	2702.0	81.0
5.57234E13	2702.0	81.0
5.5723413E13	2702.0	81.0
5.572342E13	2702.0	81.0
5.572343E13	2703.0	57.0
5.5723443E13	2703.0	81.0
5.572345E13	2703.0	81.0
5.5723464E13	2703.0	81.0
5.572347E13	2707.0	81.0
5.572348E13	2707.0	81.0
5.5723493E13	2707.0	80.0
5.57235E13	2707.0	80.0
5.5723514E13	2705.0	80.0
5.5723522E13	2705.0	81.0
5.572353E13	2705.0	81.0
5.5723543E13	2705.0	81.0
5.572355E13	2710.0	81.0
5.572356E13	2710.0	82.0
5.5723573E13	2710.0	82.0
5.572358E13	2710.0	82.0
5.5723594E13	2710.0	82.0
5.57236E13	2710.0	82.0
5.572361E13	2710.0	82.0
5.5723623E13	2711.0	81.0
5.572363E13	2711.0	81.0
5.5723644E13	2711.0	81.0
5.5723652E13	2711.0	80.0
5.572366E13	2710.0	80.0
5.5723673E13	2710.0	80.0
5.572368E13	2710.0	80.0
5.572369E13	2710.0	81.0
5.5723703E13	2713.0	81.0
5.572371E13	2713.0	81.0
5.5723724E13	2713.0	82.0
5.572373E13	2713.0	82.0
5.572374E13	2718.0	82.0
5.5723753E13	2718.0	81.0
5.572376E13	2718.0	81.0
5.5723774E13	2718.0	81.0
5.5723782E13	2718.0	81.0
5.572379E13	2718.0	81.0
5.5723803E13	2718.0	81.0
5.572381E13	2720.0	81.0
5.5723824E13	2720.0	82.0
5.5723833E13	2720.0	82.0
5.572384E13	2720.0	82.0
5.5723854E13	2720.0	82.0
5.572386E13	2720.0	82.0
5.572387E13	2720.0	82.0
5.5723883E13	2720.0	82.0
5.572389E13	2719.0	81.0
5.5723904E13	2719.0	81.0
5.5723912E13	2719.0	81.0
5.572392E13	2720.0	81.0
5.5723933E13	2720.0	81.0
5.572394E13	2720.0	81.0
5.5723954E13	2720.0	81.0
5.5723963E13	2720.0	82.0
5.572397E13	2720.0	82.0
5.5723984E13	2720.0	82.0
5.572399E13	2720.0	81.0
5.5724E13	2720.0	81.0
5.5724013E13	2720.0	81.0
5.572402E13	2720.0	81.0
5.5724034E13	2720.0	81.0
5.5724042E13	2720.0	81.0
5.572405E13	2720.0	81.0
5.5724063E13	2720.0	81.0
5.572407E13	2719.0	81.0
5.5724084E13	2719.0	81.0
5.5724093E13	2719.0	81.0
5.57241E13	2719.0	81.0
5.5724114E13	2719.0	81.0
5.572412E13	2719.0	81.0
5.572413E13	2719.0	81.0
5.5724143E13	2719.0	81.0
5.572415E13	2719.0	81.0
5.5724164E13	2719.0	82.0
5.5724172E13	2719.0	81.0
5.572418E13	2719.0	81.0
5.5724193E13	2721.0	81.0
5.57242E13	2721.0	81.0
5.5724214E13	2721.0	81.0
5.5724223E13	2718.0	81.0
5.572423E13	2718.0	81.0
5.5724244E13	2718.0	81.0
5.572425E13	2718.0	81.0
5.5724265E13	2718.0	81.0
5.5724273E13	2718.0	81.0
5.572428E13	2718.0	81.0
5.5724294E13	2718.0	81.0
5.5724302E13	2717.0	81.0
5.572431E13	2717.0	81.0
5.5724323E13	2717.0	81.0
5.572433E13	2720.0	81.0
5.5724344E13	2720.0	81.0
5.5724353E13	2720.0	82.0
5.572436E13	2720.0	81.0
5.5724374E13	2720.0	81.0
5.572438E13	2720.0	81.0
5.5724395E13	2720.0	81.0
5.5724403E13	2720.0	81.0
5.572441E13	2720.0	81.0
5.5724424E13	2720.0	81.0
5.5724432E13	2720.0	81.0
5.572444E13	2717.0	81.0
5.5724453E13	2717.0	80.0
5.572446E13	2717.0	80.0
5.5724474E13	2717.0	80.0
5.5724483E13	2717.0	81.0
5.572449E13	2717.0	81.0
5.5724504E13	2717.0	81.0
5.5724512E13	2717.0	81.0
5.5724525E13	2720.0	82.0
5.5724533E13	2720.0	82.0
5.572454E13	2720.0	82.0
5.5724554E13	2720.0	82.0
5.5724562E13	2721.0	82.0
5.572457E13	2721.0	82.0
5.5724583E13	2721.0	81.0
5.572459E13	2721.0	81.0
5.5724604E13	2721.0	81.0
5.5724613E13	2721.0	81.0
5.572462E13	2721.0	81.0
5.5724634E13	2723.0	82.0
5.5724642E13	2723.0	82.0
5.5724655E13	2723.0	82.0
5.5724663E13	2723.0	82.0
5.572467E13	2727.0	83.0
5.5724684E13	2727.0	82.0
5.5724692E13	2727.0	82.0
5.5724705E13	2727.0	82.0
5.5724713E13	2720.0	82.0
5.572472E13	2720.0	81.0
5.5724734E13	2720.0	81.0
5.5724743E13	2720.0	81.0
5.572475E13	2721.0	81.0
5.5724764E13	2721.0	81.0
5.5724772E13	2721.0	81.0
5.5724785E13	2723.0	81.0
5.5724793E13	2723.0	82.0
5.57248E13	2723.0	82.0
5.5724814E13	2723.0	82.0
5.5724822E13	2727.0	82.0
5.5724835E13	2727.0	83.0
5.5724843E13	2727.0	83.0
5.572485E13	2727.0	82.0
5.5724864E13	2728.0	82.0
5.5724873E13	2728.0	82.0
5.572488E13	2728.0	82.0
5.5724894E13	2728.0	82.0
5.5724902E13	2729.0	82.0
5.5724915E13	2729.0	82.0
5.5724923E13	2729.0	82.0
5.572493E13	2731.0	82.0
5.5724944E13	2731.0	82.0
5.5724953E13	2731.0	82.0
5.5724965E13	2731.0	82.0
5.5724973E13	2734.0	82.0
5.572498E13	2734.0	82.0
5.5724994E13	2734.0	82.0
5.5725003E13	2733.0	82.0
5.5725015E13	2733.0	82.0
5.5725024E13	2733.0	82.0
5.5725032E13	2733.0	82.0
5.5725045E13	2733.0	82.0
5.5725053E13	2736.0	82.0
5.572506E13	2736.0	82.0
5.5725074E13	2736.0	82.0
5.5725083E13	2736.0	82.0
5.5725095E13	2736.0	82.0
5.5725104E13	2736.0	82.0
5.572511E13	2736.0	82.0
5.5725124E13	2738.0	82.0
5.5725133E13	2738.0	82.0
5.5725145E13	2738.0	82.0
5.5725154E13	2738.0	82.0
5.5725162E13	2740.0	82.0
5.5725175E13	2740.0	82.0
5.5725183E13	2740.0	82.0
5.572519E13	2740.0	82.0
5.5725204E13	2737.0	82.0
5.5725213E13	2737.0	82.0
5.5725225E13	2737.0	82.0
5.5725234E13	2737.0	82.0
5.572524E13	2737.0	82.0
5.5725255E13	2737.0	82.0
5.5725263E13	2737.0	82.0
5.5725275E13	2738.0	82.0
5.5725284E13	2738.0	82.0
5.5725292E13	2738.0	82.0
5.5725305E13	2738.0	82.0
5.5725313E13	2738.0	81.0
5.5725326E13	2738.0	81.0
5.5725334E13	2738.0	81.0
5.5725343E13	2738.0	81.0
5.5725355E13	2738.0	81.0
5.5725364E13	2738.0	81.0
5.572537E13	2737.0	81.0
5.5725385E13	2737.0	81.0
5.5725393E13	2737.0	81.0
5.5725406E13	2737.0	81.0
5.5725414E13	2737.0	81.0
5.5725422E13	2737.0	81.0
5.5725435E13	2737.0	81.0
5.5725443E13	2737.0	81.0
5.5725456E13	2735.0	81.0
5.5725464E13	2735.0	81.0
5.5725473E13	2735.0	81.0
5.5725485E13	2735.0	82.0
5.5725494E13	2736.0	82.0
5.5725506E13	2736.0	82.0
5.5725515E13	2736.0	82.0
5.5725523E13	2736.0	82.0
5.5725536E13	2735.0	82.0
5.5725544E13	2735.0	81.0
5.5725552E13	2735.0	81.0
5.5725565E13	2735.0	81.0
5.5725573E13	2735.0	81.0
5.5725586E13	2735.0	81.0
5.5725594E13	2735.0	81.0
5.5725603E13	2735.0	81.0
5.5725615E13	2731.0	81.0
5.5725624E13	2731.0	81.0
5.572563E13	2731.0	81.0
5.5725645E13	2735.0	81.0
5.5725653E13	2735.0	82.0
5.5725666E13	2735.0	81.0
5.5725674E13	2734.0	82.0
5.5725682E13	2734.0	82.0
5.5725695E13	2734.0	82.0
5.5725703E13	2734.0	82.0
5.5725716E13	2734.0	81.0
5.5725724E13	2734.0	82.0
5.5725733E13	2734.0	82.0
5.5725745E13	2734.0	82.0
5.5725754E13	2734.0	82.0
5.572576E13	2734.0	82.0
5.5725775E13	2734.0	82.0
5.5725783E13	2734.0	82.0
5.5725796E13	2733.0	82.0
5.5725804E13	2733.0	82.0
5.5725812E13	2733.0	82.0
5.5725825E13	2733.0	82.0
5.5725833E13	2732.0	82.0
5.5725846E13	2732.0	82.0
5.5725854E13	2732.0	82.0
5.5725863E13	2732.0	82.0
5.5725875E13	2732.0	82.0
5.5725884E13	2732.0	82.0
5.5725896E13	2732.0	82.0
5.5725905E13	2732.0	82.0
5.5725913E13	2733.0	82.0
5.5725926E13	2733.0	82.0
5.5725934E13	2733.0	82.0
5.5725942E13	2732.0	82.0
5.5725955E13	2732.0	82.0
5.5725963E13	2732.0	82.0
5.5725976E13	2730.0	82.0
5.5725984E13	2730.0	82.0
5.5725993E13	2730.0	82.0
5.5726005E13	2730.0	82.0
5.5726014E13	2730.0	81.0
5.5726026E13	2731.0	82.0
5.5726035E13	2731.0	81.0
5.5726043E13	2731.0	81.0
5.5726056E13	2731.0	81.0
5.5726064E13	2730.0	81.0
5.5726072E13	2730.0	82.0
5.5726085E13	2730.0	82.0
5.5726093E13	2735.0	82.0
5.5726106E13	2735.0	82.0
5.5726114E13	2735.0	82.0
5.5726123E13	2735.0	82.0
5.5726135E13	2733.0	82.0
5.5726144E13	2733.0	82.0
5.5726156E13	2733.0	82.0
5.5726165E13	2733.0	82.0
5.5726173E13	2732.0	82.0
5.5726186E13	2732.0	82.0
5.5726194E13	2732.0	82.0
5.5726202E13	2732.0	82.0
5.5726215E13	2733.0	82.0
5.5726223E13	2733.0	82.0
5.5726236E13	2733.0	82.0
5.5726244E13	2733.0	82.0
5.5726253E13	2733.0	82.0
5.5726265E13	2733.0	82.0
5.5726274E13	2733.0	82.0
5.5726286E13	2736.0	82.0
5.5726295E13	2736.0	82.0
5.5726303E13	2736.0	82.0
5.5726316E13	2736.0	82.0
5.5726324E13	2734.0	82.0
5.5726337E13	2734.0	82.0
5.5726345E13	2734.0	82.0
5.5726353E13	2734.0	81.0
5.5726366E13	2735.0	82.0
5.5726374E13	2735.0	82.0
5.5726383E13	2735.0	82.0
5.5726395E13	2737.0	82.0
5.5726404E13	2737.0	82.0
5.5726416E13	2737.0	82.0
5.5726425E13	2737.0	82.0
5.5726433E13	2733.0	82.0
5.5726446E13	2733.0	82.0
5.5726454E13	2733.0	82.0
5.5726467E13	2733.0	82.0
5.5726475E13	2737.0	82.0
5.5726483E13	2737.0	82.0
5.5726496E13	2737.0	81.0
5.5726504E13	2736.0	82.0
5.5726517E13	2736.0	81.0
5.5726525E13	2736.0	81.0
5.5726534E13	2736.0	81.0
5.5726546E13	2733.0	81.0
5.5726555E13	2733.0	82.0
5.5726563E13	2733.0	81.0
5.5726576E13	2733.0	81.0
5.5726584E13	2737.0	81.0
5.5726597E13	2737.0	81.0
5.5726605E13	2737.0	81.0
5.5726613E13	2737.0	82.0
5.5726626E13	2736.0	82.0
5.5726634E13	2736.0	82.0
5.5726647E13	2736.0	82.0
5.5726655E13	2736.0	82.0
5.5726664E13	2736.0	82.0
5.5726676E13	2736.0	82.0
5.5726685E13	2736.0	82.0
5.5726693E13	2735.0	82.0
5.5726706E13	2735.0	82.0
5.5726714E13	2735.0	82.0
5.5726727E13	2735.0	82.0
5.5726735E13	2733.0	82.0
5.5726743E13	2733.0	82.0
5.5726756E13	2733.0	82.0
5.5726764E13	2733.0	82.0
5.5726777E13	2735.0	82.0
5.5726785E13	2735.0	82.0
5.5726794E13	2735.0	82.0
5.5726806E13	2734.0	82.0
5.5726815E13	2734.0	82.0
5.5726823E13	2734.0	82.0
5.5726836E13	2734.0	82.0
5.5726844E13	2734.0	82.0
5.5726857E13	2734.0	82.0
5.5726865E13	2734.0	82.0
5.5726874E13	2734.0	82.0
5.5726886E13	2735.0	82.0
5.5726894E13	2735.0	82.0
5.5726907E13	2735.0	81.0
5.5726915E13	2735.0	82.0
5.5726924E13	2733.0	56.0
5.5726936E13	2733.0	82.0
5.5726945E13	2735.0	82.0
5.5726957E13	2735.0	82.0
5.5726966E13	2735.0	82.0
5.5726974E13	2735.0	82.0
5.5726987E13	2734.0	82.0
5.5726995E13	2734.0	82.0
5.5727004E13	2734.0	82.0
5.5727016E13	2734.0	82.0
5.5727025E13	2734.0	82.0
5.5727037E13	2734.0	82.0
5.5727045E13	2734.0	82.0
5.5727054E13	2737.0	82.0
5.5727066E13	2737.0	82.0
5.5727075E13	2737.0	82.0
5.5727087E13	2737.0	82.0
5.5727096E13	2733.0	82.0
5.5727104E13	2733.0	82.0
5.5727117E13	2733.0	82.0
5.5727125E13	2733.0	82.0
5.5727134E13	2735.0	82.0
5.5727146E13	2735.0	82.0
5.5727155E13	2735.0	82.0
5.5727167E13	2735.0	82.0
5.5727175E13	2735.0	82.0
5.5727184E13	2740.0	82.0
5.5727196E13	2740.0	83.0
5.5727205E13	2740.0	83.0
5.5727217E13	2740.0	83.0
5.5727226E13	2743.0	83.0
5.5727234E13	2743.0	82.0
5.5727247E13	2743.0	82.0
5.5727255E13	2745.0	81.0
5.5727264E13	2745.0	82.0
5.5727276E13	2745.0	82.0
5.5727285E13	2745.0	82.0
5.5727297E13	2742.0	82.0
5.5727306E13	2742.0	82.0
5.5727314E13	2742.0	82.0
5.5727326E13	2742.0	81.0
5.5727335E13	2746.0	81.0
5.5727347E13	2746.0	81.0
5.5727356E13	2746.0	81.0
5.5727364E13	2746.0	81.0
5.5727377E13	2742.0	81.0
5.5727385E13	2742.0	80.0
5.5727398E13	2742.0	80.0
5.5727406E13	2742.0	80.0
5.5727415E13	2742.0	80.0
5.5727427E13	2742.0	80.0
5.5727436E13	2742.0	80.0
5.5727444E13	2739.0	80.0
5.5727457E13	2739.0	80.0
5.5727465E13	2739.0	81.0
5.5727477E13	2739.0	81.0
5.5727486E13	2741.0	81.0
5.5727494E13	2741.0	81.0
5.5727507E13	2741.0	81.0
5.5727515E13	2742.0	81.0
5.5727528E13	2742.0	81.0
5.5727536E13	2742.0	80.0
5.5727545E13	2742.0	80.0
5.5727557E13	2741.0	81.0
5.5727566E13	2741.0	81.0
5.5727574E13	2741.0	81.0
5.5727587E13	2741.0	81.0
5.5727595E13	2741.0	81.0
5.5727608E13	2741.0	80.0
5.5727616E13	2741.0	80.0
5.5727624E13	2741.0	80.0
5.5727637E13	2739.0	80.0
5.5727645E13	2739.0	80.0
5.5727658E13	2739.0	81.0
5.5727666E13	2740.0	81.0
5.5727675E13	2740.0	81.0
5.5727687E13	2740.0	82.0
5.5727696E13	2740.0	82.0
5.572771E13	2742.0	81.0
5.5727717E13	2742.0	81.0
5.5727754E13	2734.0	80.0
5.5727767E13	2734.0	80.0
5.5727775E13	2734.0	81.0
5.5727788E13	2734.0	81.0
5.5727796E13	2734.0	81.0
5.5727805E13	2734.0	81.0
5.5727817E13	2732.0	81.0
5.5727826E13	2732.0	81.0
5.572784E13	2732.0	81.0
5.5727847E13	2732.0	81.0
5.5727855E13	2734.0	82.0
5.5727868E13	2734.0	82.0
5.5727876E13	2734.0	82.0
5.5727884E13	2734.0	82.0
5.5727897E13	2733.0	81.0
5.5727905E13	2733.0	81.0
5.5727918E13	2733.0	81.0
5.5727926E13	2733.0	81.0
5.5727935E13	2728.0	81.0
5.5727947E13	2728.0	81.0
5.5727956E13	2728.0	81.0
5.572797E13	2729.0	81.0
5.5727977E13	2729.0	81.0
5.5727985E13	2729.0	82.0
5.5727998E13	2731.0	82.0
5.5728006E13	2731.0	82.0
5.572802E13	2731.0	82.0
5.5728027E13	2731.0	82.0
5.5728035E13	2731.0	82.0
5.572805E13	2731.0	82.0
5.5728056E13	2731.0	82.0
5.5728065E13	2731.0	82.0
5.5728077E13	2731.0	82.0
5.5728086E13	2730.0	82.0
5.57281E13	2730.0	81.0
5.5728107E13	2728.0	81.0
5.5728115E13	2728.0	81.0
5.5728128E13	2728.0	81.0
5.5728136E13	2728.0	81.0
5.572815E13	2728.0	82.0
5.5728157E13	2727.0	82.0
5.5728165E13	2727.0	81.0
5.572818E13	2727.0	81.0
5.5728186E13	2727.0	81.0
5.5728195E13	2726.0	81.0
5.5728207E13	2726.0	81.0
5.5728216E13	2726.0	81.0
5.572823E13	2726.0	81.0
5.5728237E13	2725.0	81.0
5.5728245E13	2725.0	81.0
5.5728258E13	2725.0	81.0
5.5728266E13	2729.0	81.0
5.572828E13	2729.0	82.0
5.5728287E13	2729.0	82.0
5.5728295E13	2729.0	82.0
5.572831E13	2732.0	82.0
5.5728316E13	2732.0	82.0
5.5728325E13	2732.0	82.0
5.5728337E13	2732.0	82.0
5.5728346E13	2733.0	81.0
5.572836E13	2733.0	81.0
5.5728367E13	2733.0	81.0
5.5728375E13	2732.0	81.0
5.5728388E13	2732.0	81.0
5.5728396E13	2732.0	81.0
5.572841E13	2732.0	81.0
5.5728417E13	2735.0	81.0
5.5728425E13	2735.0	81.0
5.572844E13	2735.0	82.0
5.5728446E13	2735.0	82.0
5.5728455E13	2736.0	82.0
5.5728467E13	2736.0	82.0
5.5728476E13	2736.0	82.0
5.572849E13	2736.0	82.0
5.5728497E13	2739.0	81.0
5.5728505E13	2739.0	81.0
5.5728518E13	2739.0	81.0
5.5728526E13	2734.0	81.0
5.572854E13	2734.0	81.0
5.5728547E13	2734.0	81.0
5.5728555E13	2734.0	81.0
5.5728576E13	2734.0	81.0
5.572859E13	2734.0	81.0
5.5728597E13	2734.0	81.0
5.5728606E13	2735.0	81.0
5.572862E13	2735.0	81.0
5.5728627E13	2735.0	81.0
5.5728635E13	2735.0	81.0
5.5728648E13	2738.0	81.0
5.5728656E13	2738.0	81.0
5.572867E13	2738.0	81.0
5.5728677E13	2738.0	81.0
5.5728685E13	2738.0	81.0
5.57287E13	2738.0	81.0
5.5728706E13	2738.0	82.0
5.572872E13	2741.0	82.0
5.5728727E13	2741.0	82.0
5.5728736E13	2741.0	82.0
5.572875E13	2741.0	82.0
5.5728757E13	2743.0	82.0
5.5728765E13	2743.0	82.0
5.5728778E13	2743.0	82.0
5.5728786E13	2743.0	82.0
5.57288E13	2744.0	82.0
5.5728807E13	2744.0	82.0
5.5728815E13	2744.0	82.0
5.572883E13	2743.0	82.0
5.5728836E13	2743.0	82.0
5.572885E13	2743.0	81.0
5.5728857E13	2743.0	81.0
5.5728866E13	2748.0	81.0
5.572888E13	2748.0	81.0
5.5728887E13	2748.0	81.0
5.5728895E13	2748.0	81.0
5.5728908E13	2749.0	82.0
5.5728916E13	2749.0	82.0
5.572893E13	2749.0	82.0
5.5728937E13	2749.0	82.0
5.5728945E13	2752.0	82.0
5.572896E13	2752.0	82.0
5.5728966E13	2752.0	82.0
5.572898E13	2755.0	82.0
5.5728987E13	2755.0	82.0
5.5728996E13	2755.0	82.0
5.572901E13	2755.0	82.0
5.5729017E13	2761.0	82.0
5.572903E13	2761.0	82.0
5.5729038E13	2761.0	82.0
5.5729046E13	2768.0	82.0
5.572906E13	2768.0	82.0
5.5729067E13	2768.0	82.0
5.5729076E13	2768.0	83.0
5.572909E13	2770.0	82.0
5.5729096E13	2770.0	82.0
5.572911E13	2770.0	82.0
5.5729117E13	2770.0	82.0
5.572914E13	2778.0	82.0
5.5729147E13	2778.0	82.0
5.572916E13	2778.0	82.0
5.5729168E13	2778.0	82.0
5.5729176E13	2778.0	82.0
5.572919E13	2778.0	82.0
5.5729197E13	2778.0	81.0
5.5729206E13	2775.0	81.0
5.572922E13	2775.0	81.0
5.5729227E13	2775.0	81.0
5.572924E13	2775.0	82.0
5.5729247E13	2775.0	81.0
5.5729256E13	2775.0	81.0
5.572927E13	2778.0	81.0
5.5729277E13	2778.0	81.0
5.572929E13	2778.0	81.0
5.5729298E13	2778.0	81.0
5.5729306E13	2779.0	81.0
5.572932E13	2779.0	81.0
5.5729327E13	2779.0	81.0
5.5729336E13	2779.0	81.0
5.572935E13	2781.0	81.0
5.5729357E13	2781.0	81.0
5.572937E13	2781.0	82.0
5.5729378E13	2787.0	82.0
5.5729386E13	2787.0	82.0
5.57294E13	2787.0	82.0
5.5729407E13	2787.0	82.0
5.572942E13	2793.0	82.0
5.5729428E13	2793.0	82.0
5.5729436E13	2793.0	82.0
5.572945E13	2793.0	82.0
5.5729457E13	2789.0	82.0
5.572947E13	2789.0	82.0
5.572948E13	2789.0	82.0
5.5729487E13	2789.0	82.0
5.57295E13	2790.0	82.0
5.5729508E13	2790.0	82.0
5.5729516E13	2790.0	82.0
5.572953E13	2790.0	81.0
5.5729537E13	2790.0	81.0
5.572955E13	2790.0	81.0
5.5729558E13	2790.0	81.0
5.5729566E13	2790.0	81.0
5.572958E13	2787.0	81.0
5.5729587E13	2787.0	81.0
5.57296E13	2787.0	81.0
5.5729612E13	2787.0	81.0
5.5729617E13	2788.0	81.0
5.572963E13	2788.0	81.0
5.5729638E13	2788.0	81.0
5.5729646E13	2788.0	81.0
5.572966E13	2787.0	81.0
5.5729667E13	2787.0	81.0
5.572968E13	2787.0	82.0
5.5729688E13	2787.0	82.0
5.5729696E13	2787.0	82.0
5.572971E13	2787.0	82.0
5.5729717E13	2787.0	82.0
5.572973E13	2791.0	82.0
5.572974E13	2791.0	82.0
5.5729747E13	2791.0	82.0
5.572976E13	2791.0	82.0
5.5729768E13	2795.0	82.0
5.5729776E13	2795.0	82.0
5.572979E13	2795.0	82.0
5.5729797E13	2795.0	82.0
5.572981E13	2792.0	82.0
5.572982E13	2792.0	82.0
5.5729826E13	2792.0	82.0
5.572984E13	2789.0	82.0
5.5729847E13	2789.0	81.0
5.572986E13	2789.0	81.0
5.572987E13	2789.0	81.0
5.5729877E13	2783.0	81.0
5.572989E13	2783.0	81.0
5.5729898E13	2783.0	81.0
5.5729906E13	2783.0	81.0
5.572992E13	2783.0	81.0
5.5729927E13	2783.0	81.0
5.572994E13	2783.0	81.0
5.572995E13	2783.0	81.0
5.5729956E13	2785.0	81.0
5.572997E13	2785.0	81.0
5.572998E13	2785.0	82.0
5.572999E13	2787.0	82.0
5.573E13	2787.0	82.0
5.5730007E13	2787.0	82.0
5.573002E13	2790.0	82.0
5.5730028E13	2790.0	82.0
5.573004E13	2790.0	82.0
5.573005E13	2790.0	82.0
5.5730057E13	2790.0	82.0
5.573007E13	2789.0	82.0
5.573008E13	2789.0	82.0
5.5730086E13	2789.0	82.0
5.57301E13	2789.0	81.0
5.5730107E13	2786.0	81.0
5.573012E13	2786.0	81.0
5.5730132E13	2786.0	81.0
5.5730137E13	2784.0	81.0
5.573015E13	2784.0	81.0
5.5730158E13	2784.0	81.0
5.573017E13	2784.0	81.0
5.573018E13	2785.0	81.0
5.5730187E13	2785.0	81.0
5.57302E13	2785.0	81.0
5.573021E13	2785.0	81.0
5.5730216E13	2783.0	81.0
5.573023E13	2783.0	81.0
5.5730237E13	2783.0	81.0
5.573025E13	2784.0	81.0
5.573026E13	2784.0	81.0
5.5730267E13	2784.0	81.0
5.573028E13	2784.0	81.0
5.5730288E13	2786.0	82.0
5.57303E13	2786.0	82.0
5.573031E13	2786.0	82.0
5.5730317E13	2786.0	82.0
5.573033E13	2790.0	82.0
5.573034E13	2790.0	82.0
5.573035E13	2790.0	82.0
5.573036E13	2790.0	82.0
5.5730367E13	2793.0	82.0
5.573038E13	2793.0	82.0
5.573039E13	2793.0	82.0
5.5730397E13	2788.0	82.0
5.573041E13	2788.0	82.0
5.5730418E13	2788.0	82.0
5.573043E13	2788.0	81.0
5.573044E13	2787.0	81.0
5.5730447E13	2787.0	81.0
5.573046E13	2787.0	81.0
5.573047E13	2787.0	81.0
5.573048E13	2785.0	81.0
5.573049E13	2785.0	81.0
5.5730497E13	2785.0	81.0
5.573051E13	2785.0	81.0
5.573052E13	2787.0	81.0
5.5730527E13	2787.0	81.0
5.573054E13	2787.0	56.0
5.5730548E13	2788.0	82.0
5.573056E13	2788.0	82.0
5.573057E13	2788.0	82.0
5.5730577E13	2788.0	82.0
5.573059E13	2791.0	82.0
5.57306E13	2791.0	82.0
5.573061E13	2791.0	82.0
5.573062E13	2791.0	82.0
5.5730627E13	2789.0	82.0
5.573064E13	2789.0	82.0
5.573065E13	2789.0	82.0
5.573066E13	2790.0	82.0
5.573067E13	2790.0	82.0
5.5730707E13	2785.0	81.0
5.573072E13	2785.0	81.0
5.573073E13	2785.0	81.0
5.573074E13	2786.0	81.0
5.573075E13	2786.0	81.0
5.5730757E13	2786.0	81.0
5.573077E13	2786.0	81.0
5.573078E13	2783.0	81.0
5.573079E13	2783.0	81.0
5.57308E13	2783.0	81.0
5.5730808E13	2783.0	81.0
5.573082E13	2784.0	81.0
5.573083E13	2784.0	81.0
5.5730837E13	2784.0	82.0
5.573085E13	2788.0	82.0
5.573086E13	2788.0	82.0
5.573087E13	2788.0	82.0
5.573088E13	2788.0	82.0
5.5730887E13	2790.0	82.0
5.57309E13	2790.0	82.0
5.573091E13	2790.0	82.0
5.573092E13	2790.0	82.0
5.573093E13	2790.0	82.0
5.5730938E13	2790.0	82.0
5.573095E13	2790.0	82.0
5.573096E13	2790.0	82.0
5.573097E13	2787.0	82.0
5.573098E13	2787.0	82.0
5.573099E13	2787.0	82.0
5.5731E13	2786.0	82.0
5.573101E13	2786.0	81.0
5.5731017E13	2786.0	81.0
5.573103E13	2786.0	81.0
5.573104E13	2784.0	81.0
5.573105E13	2784.0	81.0
5.573106E13	2784.0	80.0
5.5731068E13	2780.0	80.0
5.573108E13	2780.0	80.0
5.57311E13	2780.0	81.0
5.573111E13	2783.0	82.0
5.573112E13	2783.0	82.0
5.573113E13	2783.0	82.0
5.573114E13	2783.0	82.0
5.5731148E13	2784.0	82.0
5.573116E13	2784.0	82.0
5.573117E13	2784.0	56.0
5.573118E13	2783.0	82.0
5.573119E13	2783.0	82.0
5.5731198E13	2783.0	82.0
5.573121E13	2783.0	82.0
5.573122E13	2783.0	81.0
5.573123E13	2784.0	82.0
5.573124E13	2784.0	81.0
5.573125E13	2784.0	81.0
5.573126E13	2783.0	81.0
5.573127E13	2783.0	81.0
5.5731278E13	2783.0	81.0
5.573129E13	2783.0	82.0
5.57313E13	2783.0	81.0
5.573131E13	2783.0	81.0
5.573132E13	2783.0	81.0
5.5731328E13	2783.0	81.0
5.573134E13	2782.0	81.0
5.573136E13	2782.0	82.0
5.573137E13	2782.0	82.0
5.573138E13	2782.0	82.0
5.573139E13	2782.0	82.0
5.57314E13	2782.0	82.0
5.573141E13	2783.0	82.0
5.573142E13	2783.0	82.0
5.573143E13	2783.0	82.0
5.573144E13	2783.0	82.0
5.573145E13	2781.0	81.0
5.5731458E13	2781.0	82.0
5.573147E13	2781.0	82.0
5.573148E13	2781.0	82.0
5.573149E13	2781.0	82.0
5.57315E13	2781.0	82.0
5.573151E13	2781.0	82.0
5.573152E13	2781.0	81.0
5.573153E13	2778.0	81.0
5.573154E13	2778.0	82.0
5.573155E13	2778.0	82.0
5.573156E13	2777.0	82.0
5.573157E13	2777.0	82.0
5.573158E13	2777.0	82.0
5.573159E13	2777.0	82.0
5.57316E13	2779.0	82.0
5.573161E13	2779.0	82.0
5.573162E13	2779.0	82.0
5.573163E13	2779.0	82.0
5.573164E13	2780.0	82.0
5.573165E13	2780.0	82.0
5.573166E13	2780.0	82.0
5.573167E13	2780.0	82.0
5.573168E13	2778.0	82.0
5.573169E13	2778.0	82.0
5.57317E13	2778.0	82.0
5.573171E13	2781.0	81.0
5.573172E13	2781.0	81.0
5.573173E13	2781.0	81.0
5.573174E13	2781.0	81.0
5.573175E13	2778.0	82.0
5.573176E13	2778.0	81.0
5.573177E13	2778.0	81.0
5.573178E13	2778.0	82.0
5.573179E13	2778.0	82.0
5.57318E13	2778.0	81.0
5.573181E13	2778.0	81.0
5.573182E13	2778.0	82.0
5.573183E13	2780.0	82.0
5.573184E13	2780.0	82.0
5.5731852E13	2780.0	82.0
5.573186E13	2782.0	82.0
5.573187E13	2782.0	82.0
5.573188E13	2782.0	82.0
5.573189E13	2782.0	81.0
5.57319E13	2780.0	81.0
5.573191E13	2780.0	81.0
5.573192E13	2780.0	81.0
5.573193E13	2780.0	81.0
5.573194E13	2782.0	82.0
5.573195E13	2782.0	56.0
5.573196E13	2782.0	82.0
5.573197E13	2782.0	82.0
5.5731982E13	2782.0	82.0
5.573199E13	2782.0	82.0
5.5732E13	2782.0	82.0
5.573201E13	2783.0	82.0
5.573202E13	2783.0	81.0
5.573203E13	2783.0	81.0
5.573204E13	2783.0	82.0
5.573205E13	2784.0	82.0
5.573206E13	2784.0	82.0
5.573207E13	2784.0	82.0
5.573208E13	2784.0	82.0
5.573209E13	2786.0	82.0
5.57321E13	2786.0	82.0
5.5732112E13	2783.0	82.0
5.573212E13	2783.0	81.0
5.573213E13	2783.0	81.0
5.573214E13	2783.0	81.0
5.573215E13	2782.0	81.0
5.573216E13	2782.0	81.0
5.573217E13	2782.0	81.0
5.573218E13	2782.0	81.0
5.573219E13	2783.0	81.0
5.57322E13	2783.0	81.0
5.573221E13	2783.0	82.0
5.573222E13	2783.0	82.0
5.573223E13	2787.0	82.0
5.5732242E13	2787.0	82.0
5.573225E13	2787.0	82.0
5.573226E13	2787.0	82.0
5.573227E13	2787.0	82.0
5.573228E13	2787.0	82.0
5.5732293E13	2787.0	81.0
5.57323E13	2787.0	81.0
5.573231E13	2787.0	81.0
5.573232E13	2787.0	81.0
5.573233E13	2787.0	81.0
5.573234E13	2787.0	82.0
5.573235E13	2789.0	82.0
5.573236E13	2789.0	82.0
5.5732372E13	2789.0	82.0
5.573238E13	2789.0	82.0
5.573239E13	2791.0	82.0
5.57324E13	2791.0	82.0
5.573241E13	2791.0	81.0
5.5732423E13	2793.0	81.0
5.573243E13	2793.0	81.0
5.573244E13	2793.0	81.0
5.573245E13	2793.0	81.0
5.573246E13	2792.0	81.0
5.573247E13	2792.0	81.0
5.573248E13	2792.0	81.0
5.573249E13	2792.0	81.0
5.5732502E13	2793.0	81.0
5.573251E13	2793.0	81.0
5.573252E13	2793.0	81.0
5.573253E13	2795.0	82.0
5.573254E13	2795.0	82.0
5.5732553E13	2795.0	81.0
5.573256E13	2795.0	81.0
5.573257E13	2793.0	81.0
5.573258E13	2793.0	81.0
5.573259E13	2793.0	81.0
5.57326E13	2793.0	81.0
5.573261E13	2790.0	81.0
5.573262E13	2790.0	81.0
5.5732632E13	2790.0	81.0
5.573264E13	2790.0	81.0
5.573265E13	2788.0	81.0
5.573266E13	2788.0	80.0
5.573267E13	2788.0	80.0
5.5732683E13	2788.0	80.0
5.573269E13	2790.0	80.0
5.57327E13	2790.0	81.0
5.573271E13	2790.0	81.0
5.573272E13	2787.0	81.0
5.573273E13	2787.0	81.0
5.573274E13	2787.0	81.0
5.573275E13	2787.0	81.0
5.5732762E13	2784.0	81.0
5.573277E13	2784.0	81.0
5.573278E13	2784.0	81.0
5.573279E13	2782.0	81.0
5.57328E13	2781.0	81.0
5.5732813E13	2781.0	81.0
5.573282E13	2781.0	81.0
5.573283E13	2781.0	81.0
5.573284E13	2781.0	81.0
5.573285E13	2781.0	81.0
5.5732863E13	2781.0	81.0
5.573287E13	2778.0	81.0
5.573288E13	2778.0	81.0
5.5732892E13	2778.0	81.0
5.57329E13	2778.0	81.0
5.573291E13	2778.0	81.0
5.573292E13	2778.0	81.0
5.573293E13	2778.0	82.0
5.5732943E13	2778.0	82.0
5.573295E13	2781.0	82.0
5.573296E13	2781.0	82.0
5.573297E13	2781.0	56.0
5.573298E13	2781.0	81.0
5.5732993E13	2776.0	81.0
5.5733E13	2776.0	81.0
5.5733014E13	2776.0	81.0
5.5733022E13	2776.0	81.0
5.5733035E13	2776.0	56.0
5.573304E13	2776.0	81.0
5.573305E13	2776.0	81.0
5.573306E13	2773.0	81.0
5.5733073E13	2773.0	82.0
5.573308E13	2773.0	82.0
5.573309E13	2773.0	82.0
5.57331E13	2773.0	82.0
5.573311E13	2773.0	82.0
5.5733123E13	2773.0	82.0
5.573313E13	2774.0	82.0
5.573314E13	2774.0	82.0
5.5733152E13	2774.0	81.0
5.573316E13	2774.0	81.0
5.573317E13	2775.0	81.0
5.573318E13	2775.0	81.0
5.573319E13	2775.0	81.0
5.5733203E13	2775.0	82.0
5.573321E13	2775.0	82.0
5.573322E13	2775.0	82.0
5.573323E13	2775.0	82.0
5.573324E13	2775.0	82.0
5.5733253E13	2778.0	81.0
5.573326E13	2778.0	81.0
5.573327E13	2778.0	81.0
5.5733282E13	2775.0	81.0
5.573329E13	2775.0	81.0
5.57333E13	2775.0	82.0
5.573331E13	2775.0	82.0
5.573332E13	2775.0	82.0
5.5733333E13	2775.0	82.0
5.573334E13	2775.0	82.0
5.573335E13	2775.0	82.0
5.5733362E13	2777.0	82.0
5.573337E13	2777.0	81.0
5.5733383E13	2777.0	81.0
5.573339E13	2777.0	82.0
5.57334E13	2778.0	82.0
5.5733412E13	2778.0	82.0
5.573342E13	2778.0	82.0
5.5733433E13	2779.0	82.0
5.573344E13	2779.0	82.0
5.573345E13	2779.0	82.0
5.5733463E13	2779.0	82.0
5.573347E13	2783.0	82.0
5.573348E13	2783.0	81.0
5.5733492E13	2783.0	56.0
5.57335E13	2783.0	82.0
5.5733513E13	2784.0	56.0
5.573352E13	2784.0	82.0
5.573353E13	2784.0	56.0
5.5733542E13	2784.0	56.0
5.573355E13	2788.0	56.0
5.5733563E13	2788.0	82.0
5.573357E13	2788.0	82.0
5.573358E13	2791.0	56.0
5.5733593E13	2791.0	82.0
5.57336E13	2791.0	82.0
5.5733614E13	2791.0	56.0
5.5733622E13	2792.0	56.0
5.573363E13	2792.0	82.0
5.5733643E13	2792.0	82.0
5.573365E13	2792.0	56.0
5.573366E13	2795.0	81.0
5.5733672E13	2795.0	81.0
5.573368E13	2795.0	81.0
5.5733693E13	2795.0	81.0
5.57337E13	2794.0	81.0
5.573371E13	2794.0	56.0
5.5733723E13	2794.0	56.0
5.573373E13	2799.0	56.0
5.573374E13	2799.0	56.0
5.5733752E13	2799.0	56.0
5.573376E13	2799.0	56.0
5.5733773E13	2801.0	56.0
5.573378E13	2801.0	56.0
5.573379E13	2801.0	56.0
5.5733803E13	2801.0	56.0
5.573381E13	2801.0	56.0
5.5733823E13	2801.0	56.0
5.573383E13	2801.0	56.0
5.573384E13	2801.0	56.0
5.5733853E13	2808.0	56.0
5.573386E13	2808.0	81.0
5.5733874E13	2808.0	81.0
5.5733882E13	2809.0	82.0
5.573389E13	2809.0	82.0
5.5733903E13	2809.0	82.0
5.573391E13	2809.0	82.0
5.573392E13	2812.0	82.0
5.5733933E13	2812.0	82.0
5.573394E13	2812.0	81.0
5.5733953E13	2812.0	81.0
5.573396E13	2812.0	81.0
5.573397E13	2812.0	81.0
5.5733983E13	2812.0	81.0
5.573399E13	2811.0	81.0
5.5734004E13	2811.0	81.0
5.5734012E13	2811.0	81.0
5.573402E13	2811.0	81.0
5.5734033E13	2810.0	81.0
5.573404E13	2810.0	81.0
5.5734054E13	2810.0	81.0
5.5734063E13	2810.0	81.0
5.573407E13	2808.0	81.0
5.5734084E13	2808.0	81.0
5.573409E13	2808.0	81.0
5.5734104E13	2807.0	81.0
5.5734113E13	2807.0	81.0
5.573412E13	2807.0	81.0
5.5734134E13	2811.0	81.0
5.5734142E13	2811.0	56.0
5.573415E13	2811.0	82.0
5.5734163E13	2811.0	82.0
5.573417E13	2812.0	82.0
5.5734184E13	2812.0	82.0
5.5734193E13	2812.0	82.0
5.57342E13	2812.0	82.0
5.5734214E13	2812.0	82.0
5.573422E13	2811.0	82.0
5.573423E13	2811.0	81.0
5.5734243E13	2811.0	82.0
5.573425E13	2811.0	82.0
5.5734264E13	2809.0	82.0
5.5734272E13	2809.0	82.0
5.573428E13	2809.0	82.0
5.5734293E13	2807.0	82.0
5.57343E13	2807.0	82.0
5.5734314E13	2807.0	82.0
5.5734323E13	2807.0	81.0
5.573433E13	2799.0	81.0
5.5734344E13	2799.0	81.0
5.573435E13	2799.0	81.0
5.5734365E13	2799.0	81.0
5.5734373E13	2791.0	81.0
5.573438E13	2791.0	81.0
5.5734394E13	2791.0	81.0
5.5734402E13	2791.0	81.0
5.573441E13	2788.0	81.0
5.5734423E13	2788.0	81.0
5.573443E13	2788.0	81.0
5.5734444E13	2782.0	81.0
5.5734453E13	2782.0	81.0
5.573446E13	2782.0	81.0
5.5734474E13	2782.0	81.0
5.573448E13	2782.0	81.0
5.5734495E13	2782.0	81.0
5.5734503E13	2782.0	81.0
5.573451E13	2782.0	81.0
5.5734524E13	2778.0	81.0
5.5734532E13	2778.0	81.0
5.573454E13	2778.0	81.0
5.5734553E13	2778.0	81.0
5.573456E13	2778.0	82.0
5.5734574E13	2778.0	82.0
5.5734583E13	2778.0	82.0
5.573459E13	2780.0	82.0
5.5734604E13	2780.0	82.0
5.5734625E13	2780.0	81.0
5.5734633E13	2782.0	81.0
5.573464E13	2782.0	81.0
5.5734654E13	2782.0	81.0
5.573467E13	2785.0	81.0
5.5734683E13	2785.0	56.0
5.573469E13	2785.0	80.0
5.5734704E13	2785.0	80.0
5.5734713E13	2775.0	80.0
5.573472E13	2775.0	56.0
5.5734734E13	2775.0	81.0
5.573474E13	2763.0	81.0
5.5734755E13	2763.0	81.0
5.5734763E13	2763.0	81.0
5.573477E13	2763.0	82.0
5.5734784E13	2756.0	82.0
5.5734792E13	2756.0	82.0
5.57348E13	2756.0	82.0
5.5734813E13	2756.0	81.0
5.573482E13	2752.0	81.0
5.5734834E13	2752.0	81.0
5.5734843E13	2752.0	81.0
5.573485E13	2752.0	81.0
5.5734864E13	2747.0	81.0
5.573487E13	2747.0	81.0
5.5734885E13	2747.0	81.0
5.5734893E13	2746.0	81.0
5.57349E13	2746.0	81.0
5.5734914E13	2746.0	81.0
5.5734922E13	2746.0	81.0
5.5734935E13	2746.0	81.0
5.5734943E13	2746.0	82.0
5.573495E13	2746.0	82.0
5.5734964E13	2746.0	82.0
5.5734973E13	2746.0	82.0
5.573498E13	2746.0	82.0
5.5734994E13	2746.0	82.0
5.5735E13	2745.0	81.0
5.5735015E13	2745.0	81.0
5.5735023E13	2745.0	81.0
5.573503E13	2745.0	81.0
5.5735044E13	2747.0	81.0
5.5735052E13	2747.0	81.0
5.5735065E13	2747.0	81.0
5.5735073E13	2741.0	81.0
5.573508E13	2741.0	81.0
5.5735094E13	2741.0	81.0
5.5735103E13	2741.0	81.0
5.573511E13	2741.0	81.0
5.5735124E13	2737.0	81.0
5.573513E13	2737.0	81.0
5.5735145E13	2737.0	81.0
5.5735153E13	2733.0	81.0
5.573516E13	2733.0	81.0
5.5735174E13	2733.0	81.0
5.5735182E13	2733.0	81.0
5.5735195E13	2733.0	81.0
5.5735203E13	2733.0	81.0
5.573521E13	2733.0	81.0
5.5735224E13	2733.0	81.0
5.5735233E13	2741.0	81.0
5.573524E13	2741.0	81.0
5.5735254E13	2741.0	82.0
5.5735262E13	2741.0	82.0
5.5735275E13	2743.0	82.0
5.5735283E13	2743.0	82.0
5.573529E13	2743.0	82.0
5.5735304E13	2745.0	82.0
5.5735312E13	2745.0	82.0
5.5735325E13	2745.0	82.0
5.5735333E13	2745.0	82.0
5.573534E13	2742.0	82.0
5.5735354E13	2742.0	81.0
5.5735363E13	2742.0	81.0
5.5735375E13	2742.0	81.0
5.5735384E13	2741.0	81.0
5.5735392E13	2741.0	81.0
5.5735405E13	2741.0	81.0
5.5735413E13	2741.0	81.0
5.573542E13	2743.0	81.0
5.5735434E13	2743.0	81.0
5.5735442E13	2743.0	81.0
5.5735455E13	2741.0	81.0
5.5735463E13	2741.0	81.0
5.573547E13	2741.0	81.0
5.5735484E13	2741.0	81.0
5.5735493E13	2744.0	81.0
5.5735505E13	2744.0	81.0
5.5735514E13	2744.0	82.0
5.5735522E13	2748.0	82.0
5.5735535E13	2748.0	82.0
5.5735543E13	2748.0	82.0
5.5735556E13	2748.0	82.0
5.5735564E13	2748.0	82.0
5.5735572E13	2753.0	82.0
5.5735585E13	2753.0	82.0
5.5735593E13	2753.0	82.0
5.57356E13	2753.0	82.0
5.5735614E13	2753.0	82.0
5.5735623E13	2753.0	82.0
5.5735635E13	2758.0	82.0
5.5735644E13	2758.0	81.0
5.5735652E13	2758.0	81.0
5.5735665E13	2758.0	80.0
5.5735673E13	2755.0	80.0
5.5735686E13	2755.0	80.0
5.5735694E13	2755.0	80.0
5.5735703E13	2755.0	81.0
5.5735715E13	2751.0	81.0
5.5735723E13	2751.0	81.0
5.573573E13	2751.0	81.0
5.5735744E13	2760.0	80.0
5.5735753E13	2760.0	80.0
5.5735765E13	2760.0	80.0
5.5735774E13	2760.0	80.0
5.5735782E13	2760.0	80.0
5.5735795E13	2762.0	81.0
5.5735803E13	2762.0	81.0
5.5735816E13	2762.0	81.0
5.5735824E13	2762.0	81.0
5.5735833E13	2765.0	81.0
5.5735845E13	2765.0	81.0
5.5735854E13	2775.0	81.0
5.573586E13	2775.0	81.0
5.5735874E13	2775.0	81.0
5.5735883E13	2775.0	81.0
5.5735895E13	2776.0	81.0
5.5735904E13	2776.0	81.0
5.5735912E13	2776.0	81.0
5.5735925E13	2776.0	81.0
5.5735933E13	2776.0	81.0
5.5735946E13	2779.0	81.0
5.5735954E13	2779.0	81.0
5.5735963E13	2779.0	82.0
5.5735975E13	2779.0	82.0
5.5735984E13	2782.0	82.0
5.5735996E13	2782.0	82.0
5.5736005E13	2783.0	81.0
5.5736013E13	2783.0	81.0
5.5736025E13	2783.0	81.0
5.5736034E13	2783.0	81.0
5.5736042E13	2778.0	80.0
5.5736055E13	2778.0	80.0
5.5736063E13	2778.0	80.0
5.5736076E13	2778.0	80.0
5.5736084E13	2779.0	80.0
5.5736093E13	2779.0	80.0
5.5736105E13	2779.0	80.0
5.5736114E13	2779.0	56.0
5.573612E13	2779.0	56.0
5.5736135E13	2782.0	80.0
5.5736143E13	2782.0	81.0
5.5736164E13	2788.0	81.0
5.5736172E13	2788.0	81.0
5.5736185E13	2788.0	81.0
5.5736193E13	2788.0	56.0
5.5736206E13	2795.0	56.0
5.5736214E13	2795.0	56.0
5.5736223E13	2795.0	56.0
5.5736235E13	2795.0	56.0
5.5736244E13	2794.0	56.0
5.5736256E13	2794.0	56.0
5.5736265E13	2794.0	56.0
5.5736273E13	2794.0	56.0
5.5736286E13	2793.0	56.0
5.5736294E13	2793.0	56.0
5.5736302E13	2793.0	56.0
5.5736315E13	2788.0	56.0
5.5736323E13	2788.0	56.0
5.5736336E13	2788.0	56.0
5.5736344E13	2788.0	56.0
5.5736353E13	2788.0	56.0
5.5736365E13	2788.0	56.0
5.5736374E13	2788.0	56.0
5.5736386E13	2788.0	56.0
5.5736395E13	2786.0	56.0
5.5736403E13	2786.0	56.0
5.5736416E13	2786.0	56.0
5.5736424E13	2786.0	56.0
5.5736432E13	2787.0	56.0
5.5736445E13	2787.0	56.0
5.5736453E13	2787.0	81.0
5.5736466E13	2791.0	81.0
5.5736474E13	2791.0	81.0
5.5736483E13	2791.0	81.0
5.5736495E13	2791.0	82.0
5.5736504E13	2792.0	82.0
5.5736516E13	2792.0	82.0
5.5736525E13	2792.0	82.0
5.5736533E13	2792.0	82.0
5.5736546E13	2795.0	82.0
5.5736554E13	2795.0	82.0
5.5736567E13	2795.0	82.0
5.5736575E13	2795.0	82.0
5.5736583E13	2793.0	81.0
5.5736596E13	2793.0	81.0
5.5736604E13	2793.0	81.0
5.5736613E13	2790.0	80.0
5.5736625E13	2790.0	80.0
5.5736634E13	2790.0	80.0
5.5736646E13	2790.0	80.0
5.5736655E13	2787.0	80.0
5.5736663E13	2787.0	80.0
5.5736676E13	2787.0	80.0
5.5736684E13	2787.0	80.0
5.5736697E13	2787.0	80.0
5.5736705E13	2787.0	81.0
5.5736713E13	2787.0	81.0
5.5736726E13	2787.0	81.0
5.5736734E13	2791.0	81.0
5.5736743E13	2791.0	82.0
5.5736755E13	2791.0	82.0
5.5736764E13	2796.0	82.0
5.5736776E13	2796.0	82.0
5.5736785E13	2796.0	82.0
5.5736793E13	2796.0	82.0
5.5736806E13	2793.0	82.0
5.5736814E13	2793.0	82.0
5.5736827E13	2793.0	82.0
5.5736835E13	2793.0	82.0
5.5736843E13	2793.0	81.0
5.5736856E13	2793.0	81.0
5.5736864E13	2793.0	81.0
5.5736873E13	2787.0	81.0
5.5736885E13	2787.0	81.0
5.5736894E13	2787.0	80.0
5.5736906E13	2787.0	80.0
5.5736915E13	2782.0	80.0
5.5736923E13	2782.0	80.0
5.5736936E13	2782.0	80.0
5.5736944E13	2782.0	80.0
5.5736957E13	2783.0	80.0
5.5736965E13	2783.0	80.0
5.5736973E13	2783.0	81.0
5.5736986E13	2783.0	81.0
5.5736994E13	2784.0	81.0
5.5737007E13	2784.0	81.0
5.5737015E13	2784.0	81.0
5.5737024E13	2788.0	82.0
5.5737036E13	2788.0	82.0
5.5737045E13	2788.0	82.0
5.5737053E13	2788.0	82.0
5.5737066E13	2792.0	82.0
5.5737074E13	2792.0	82.0
5.5737087E13	2792.0	82.0
5.5737095E13	2791.0	81.0
5.5737103E13	2791.0	81.0
5.5737116E13	2791.0	81.0
5.5737124E13	2791.0	81.0
5.5737137E13	2787.0	81.0
5.5737145E13	2787.0	57.0
5.5737154E13	2787.0	81.0
5.5737166E13	2787.0	81.0
5.5737175E13	2787.0	81.0
5.5737187E13	2787.0	81.0
5.5737196E13	2787.0	81.0
5.5737204E13	2787.0	81.0
5.5737217E13	2787.0	81.0
5.5737225E13	2787.0	81.0
5.5737233E13	2787.0	81.0
5.5737246E13	2787.0	81.0
5.5737254E13	2786.0	81.0
5.5737267E13	2786.0	81.0
5.5737275E13	2786.0	81.0
5.5737284E13	2786.0	81.0
5.5737296E13	2789.0	81.0
5.5737305E13	2789.0	82.0
5.5737317E13	2789.0	82.0
5.5737326E13	2788.0	82.0
5.5737334E13	2788.0	82.0
5.5737347E13	2788.0	82.0
5.5737355E13	2788.0	82.0
5.5737363E13	2790.0	82.0
5.5737376E13	2790.0	82.0
5.5737384E13	2790.0	82.0
5.5737397E13	2790.0	82.0
5.5737405E13	2785.0	81.0
5.5737414E13	2785.0	81.0
5.5737426E13	2785.0	81.0
5.5737435E13	2785.0	81.0
5.5737447E13	2786.0	81.0
5.5737456E13	2786.0	81.0
5.5737464E13	2786.0	81.0
5.5737477E13	2786.0	82.0
5.5737485E13	2786.0	82.0
5.5737493E13	2786.0	82.0
5.5737506E13	2786.0	82.0
5.5737514E13	2790.0	82.0
5.5737527E13	2790.0	82.0
5.5737535E13	2790.0	82.0
5.5737544E13	2790.0	82.0
5.5737556E13	2788.0	81.0
5.5737565E13	2788.0	81.0
5.5737577E13	2788.0	81.0
5.5737586E13	2788.0	81.0
5.5737594E13	2790.0	81.0
5.5737607E13	2790.0	81.0
5.5737615E13	2790.0	81.0
5.5737624E13	2789.0	81.0
5.5737636E13	2789.0	81.0
5.5737644E13	2789.0	82.0
5.5737657E13	2791.0	82.0
5.5737665E13	2791.0	82.0
5.5737674E13	2791.0	82.0
5.5737686E13	2791.0	82.0
5.5737695E13	2791.0	82.0
5.5737707E13	2791.0	82.0
5.5737716E13	2791.0	81.0
5.5737724E13	2791.0	81.0
5.5737737E13	2788.0	81.0
5.5737758E13	2788.0	56.0
5.5737766E13	2788.0	56.0
5.5737775E13	2787.0	56.0
5.5737787E13	2787.0	56.0
5.5737795E13	2787.0	56.0
5.5737804E13	2787.0	56.0
5.5737816E13	2788.0	56.0
5.5737825E13	2788.0	56.0
5.5737837E13	2788.0	56.0
5.5737846E13	2788.0	56.0
5.5737854E13	2786.0	56.0
5.5737867E13	2786.0	56.0
5.5737875E13	2786.0	81.0
5.5737888E13	2782.0	81.0
5.5737896E13	2782.0	81.0
5.5737905E13	2782.0	81.0
5.5737917E13	2782.0	81.0
5.5737926E13	2781.0	81.0
5.5737934E13	2781.0	82.0
5.5737946E13	2781.0	81.0
5.5737955E13	2781.0	81.0
5.5737967E13	2780.0	81.0
5.5737976E13	2780.0	82.0
5.5737984E13	2780.0	82.0
5.5737997E13	2780.0	82.0
5.5738005E13	2779.0	82.0
5.5738018E13	2779.0	82.0
5.5738026E13	2779.0	81.0
5.5738035E13	2774.0	81.0
5.5738047E13	2774.0	81.0
5.5738056E13	2774.0	81.0
5.5738064E13	2774.0	81.0
5.5738076E13	2770.0	81.0
5.5738085E13	2770.0	81.0
5.5738097E13	2770.0	81.0
5.5738106E13	2770.0	82.0
5.5738114E13	2764.0	82.0
5.5738127E13	2764.0	82.0
5.5738135E13	2764.0	82.0
5.5738148E13	2764.0	81.0
5.5738156E13	2761.0	81.0
5.5738165E13	2761.0	81.0
5.5738177E13	2761.0	81.0
5.5738186E13	2756.0	81.0
5.5738194E13	2756.0	81.0
5.5738207E13	2756.0	81.0
5.5738215E13	2756.0	81.0
5.5738227E13	2752.0	81.0
5.5738236E13	2752.0	81.0
5.5738244E13	2752.0	81.0
5.5738257E13	2752.0	81.0
5.5738265E13	2748.0	81.0
5.5738278E13	2748.0	81.0
5.5738286E13	2748.0	81.0
5.5738295E13	2748.0	81.0
5.5738307E13	2745.0	81.0
5.5738316E13	2745.0	81.0
5.573833E13	2745.0	81.0
5.5738337E13	2743.0	81.0
5.5738345E13	2743.0	81.0
5.5738358E13	2743.0	81.0
5.5738366E13	2743.0	81.0
5.573838E13	2741.0	81.0
5.5738387E13	2741.0	81.0
5.5738395E13	2741.0	81.0
5.5738416E13	2737.0	81.0
5.5738425E13	2737.0	81.0
5.5738437E13	2737.0	82.0
5.5738446E13	2737.0	82.0
5.573846E13	2738.0	82.0
5.5738467E13	2738.0	82.0
5.5738475E13	2738.0	82.0
5.5738488E13	2739.0	81.0
5.5738496E13	2739.0	81.0
5.5738504E13	2739.0	81.0
5.5738517E13	2739.0	81.0
5.5738525E13	2736.0	81.0
5.5738538E13	2736.0	81.0
5.5738546E13	2736.0	81.0
5.5738555E13	2736.0	81.0
5.5738567E13	2737.0	81.0
5.5738576E13	2737.0	81.0
5.573859E13	2737.0	81.0
5.5738597E13	2737.0	82.0
5.5738605E13	2743.0	82.0
5.5738618E13	2743.0	82.0
5.5738626E13	2743.0	82.0
5.5738634E13	2747.0	81.0
5.5738647E13	2747.0	81.0
5.5738655E13	2747.0	81.0
5.5738668E13	2747.0	81.0
5.5738676E13	2748.0	81.0
5.5738685E13	2748.0	81.0
5.5738697E13	2748.0	81.0
5.5738706E13	2748.0	81.0
5.573872E13	2750.0	81.0
5.5738727E13	2750.0	81.0
5.5738735E13	2750.0	81.0
5.5738748E13	2756.0	81.0
5.5738756E13	2756.0	81.0
5.573877E13	2756.0	81.0
5.5738777E13	2756.0	81.0
5.57388E13	2760.0	80.0
5.5738806E13	2760.0	80.0
5.5738815E13	2760.0	81.0
5.5738827E13	2760.0	82.0
5.5738836E13	2760.0	82.0
5.573885E13	2760.0	82.0
5.5738857E13	2760.0	82.0
5.5738865E13	2764.0	81.0
5.5738878E13	2764.0	80.0
5.5738886E13	2764.0	80.0
5.57389E13	2761.0	79.0
5.5738907E13	2761.0	79.0
5.5738915E13	2761.0	79.0
5.573893E13	2761.0	79.0
5.5738936E13	2764.0	80.0
5.5738945E13	2764.0	81.0
5.5738957E13	2764.0	82.0
5.5738966E13	2764.0	82.0
5.573898E13	2772.0	83.0
5.5738987E13	2772.0	83.0
5.5738995E13	2772.0	83.0
5.5739008E13	2772.0	83.0
5.5739016E13	2777.0	83.0
5.573903E13	2777.0	82.0
5.5739037E13	2777.0	82.0
5.5739045E13	2775.0	81.0
5.573906E13	2775.0	81.0
5.5739066E13	2775.0	80.0
5.573908E13	2775.0	80.0
5.5739087E13	2776.0	81.0
5.5739096E13	2776.0	81.0
5.573911E13	2776.0	81.0
5.5739117E13	2776.0	82.0
5.5739125E13	2777.0	82.0
5.5739138E13	2777.0	82.0
5.5739146E13	2777.0	82.0
5.573916E13	2777.0	82.0
5.5739167E13	2782.0	82.0
5.5739175E13	2782.0	82.0
5.573919E13	2782.0	82.0
5.5739196E13	2787.0	82.0
5.573921E13	2787.0	82.0
5.5739217E13	2787.0	82.0
5.5739226E13	2787.0	82.0
5.573924E13	2790.0	82.0
5.5739247E13	2790.0	82.0
5.5739255E13	2790.0	81.0
5.5739268E13	2790.0	81.0
5.5739276E13	2790.0	81.0
5.573929E13	2790.0	81.0
5.5739297E13	2790.0	81.0
5.5739305E13	2790.0	82.0
5.573932E13	2793.0	82.0
5.5739326E13	2793.0	82.0
5.573934E13	2793.0	82.0
5.5739347E13	2792.0	82.0
5.5739356E13	2792.0	82.0
5.573937E13	2792.0	82.0
5.5739377E13	2792.0	82.0
5.5739385E13	2795.0	82.0
5.5739398E13	2795.0	82.0
5.5739406E13	2795.0	82.0
5.573942E13	2795.0	82.0
5.573943E13	2796.0	82.0
5.5739435E13	2796.0	82.0
5.573945E13	2796.0	82.0
5.5739456E13	2796.0	82.0
5.573947E13	2795.0	82.0
5.5739477E13	2795.0	81.0
5.5739486E13	2795.0	81.0
5.57395E13	2795.0	81.0
5.5739507E13	2795.0	81.0
5.573952E13	2795.0	81.0
5.5739528E13	2795.0	81.0
5.5739536E13	2793.0	81.0
5.573955E13	2793.0	81.0
5.5739557E13	2793.0	82.0
5.5739565E13	2793.0	82.0
5.573958E13	2792.0	81.0
5.5739586E13	2792.0	81.0
5.57396E13	2792.0	81.0
5.5739607E13	2789.0	81.0
5.5739616E13	2789.0	81.0
5.573963E13	2789.0	58.0
5.5739637E13	2787.0	81.0
5.573965E13	2787.0	81.0
5.5739658E13	2787.0	82.0
5.5739666E13	2787.0	82.0
5.573968E13	2787.0	82.0
5.5739687E13	2786.0	81.0
5.5739695E13	2786.0	81.0
5.573971E13	2786.0	81.0
5.5739716E13	2787.0	81.0
5.573973E13	2787.0	81.0
5.5739737E13	2787.0	81.0
5.5739746E13	2787.0	81.0
5.573976E13	2787.0	81.0
5.5739767E13	2787.0	82.0
5.573978E13	2787.0	82.0
5.5739788E13	2786.0	82.0
5.5739796E13	2786.0	81.0
5.573981E13	2786.0	81.0
5.5739817E13	2786.0	81.0
5.573983E13	2786.0	81.0
5.573984E13	2786.0	81.0
5.5739846E13	2786.0	81.0
5.573986E13	2786.0	81.0
5.5739867E13	2786.0	81.0
5.5739876E13	2784.0	81.0
5.573989E13	2784.0	81.0
5.5739897E13	2786.0	81.0
5.573991E13	2786.0	81.0
5.5739918E13	2786.0	81.0
5.5739926E13	2786.0	81.0
5.573994E13	2786.0	81.0
5.5739947E13	2787.0	81.0
5.573996E13	2787.0	81.0
5.573997E13	2787.0	81.0
5.5739977E13	2786.0	81.0
5.573999E13	2786.0	81.0
5.5739997E13	2786.0	81.0
5.5740006E13	2786.0	81.0
5.574002E13	2786.0	81.0
5.5740027E13	2787.0	81.0
5.574004E13	2787.0	81.0
5.5740048E13	2787.0	81.0
5.5740056E13	2787.0	82.0
5.574007E13	2787.0	82.0
5.5740077E13	2787.0	82.0
5.574009E13	2787.0	82.0
5.57401E13	2788.0	82.0
5.5740107E13	2788.0	82.0
5.574012E13	2788.0	81.0
5.5740128E13	2788.0	82.0
5.5740136E13	2788.0	82.0
5.574015E13	2788.0	81.0
5.5740157E13	2788.0	81.0
5.574017E13	2788.0	81.0
5.5740178E13	2789.0	81.0
5.5740186E13	2789.0	81.0
5.57402E13	2789.0	81.0
5.5740207E13	2790.0	81.0
5.574022E13	2790.0	82.0
5.574023E13	2790.0	82.0
5.5740237E13	2790.0	82.0
5.574025E13	2789.0	82.0
5.5740258E13	2789.0	82.0
5.5740266E13	2789.0	82.0
5.574028E13	2789.0	82.0
5.5740287E13	2789.0	82.0
5.57403E13	2789.0	82.0
5.5740308E13	2789.0	82.0
5.5740316E13	2789.0	82.0
5.574033E13	2789.0	82.0
5.5740337E13	2789.0	82.0
5.574035E13	2789.0	82.0
5.574036E13	2788.0	82.0
5.5740367E13	2788.0	82.0
5.574038E13	2788.0	81.0
5.5740388E13	2788.0	81.0
5.57404E13	2787.0	81.0
5.574041E13	2787.0	81.0
5.5740417E13	2787.0	81.0
5.574043E13	2787.0	82.0
5.5740438E13	2787.0	82.0
5.5740446E13	2787.0	82.0
5.574046E13	2787.0	82.0
5.5740467E13	2787.0	82.0
5.574048E13	2788.0	82.0
5.574049E13	2788.0	82.0
5.5740497E13	2788.0	82.0
5.574051E13	2784.0	81.0
5.5740518E13	2784.0	81.0
5.574053E13	2784.0	81.0
5.574054E13	2784.0	81.0
5.5740547E13	2784.0	81.0
5.574056E13	2784.0	82.0
5.574057E13	2784.0	82.0
5.5740576E13	2784.0	82.0
5.574059E13	2787.0	82.0
5.5740597E13	2787.0	82.0
5.574061E13	2787.0	81.0
5.574062E13	2787.0	81.0
5.5740627E13	2787.0	81.0
5.574064E13	2787.0	81.0
5.5740648E13	2787.0	81.0
5.574066E13	2784.0	82.0
5.574067E13	2784.0	81.0
5.5740677E13	2784.0	81.0
5.574069E13	2784.0	81.0
5.57407E13	2784.0	81.0
5.574071E13	2784.0	81.0
5.574072E13	2784.0	81.0
5.5740727E13	2784.0	82.0
5.574074E13	2786.0	82.0
5.574075E13	2786.0	82.0
5.5740757E13	2786.0	82.0
5.574077E13	2789.0	82.0
5.5740778E13	2789.0	82.0
5.574079E13	2789.0	82.0
5.57408E13	2789.0	82.0
5.5740807E13	2786.0	82.0
5.574082E13	2786.0	82.0
5.574083E13	2786.0	82.0
5.574084E13	2786.0	82.0
5.574085E13	2791.0	82.0
5.5740857E13	2791.0	81.0
5.574087E13	2791.0	81.0
5.574088E13	2793.0	82.0
5.5740887E13	2793.0	82.0
5.57409E13	2793.0	82.0
5.5740908E13	2793.0	82.0
5.574092E13	2796.0	82.0
5.574093E13	2796.0	82.0
5.5740937E13	2796.0	82.0
5.574095E13	2794.0	82.0
5.574096E13	2794.0	82.0
5.574097E13	2794.0	81.0
5.574098E13	2794.0	81.0
5.5740987E13	2796.0	81.0
5.5741E13	2796.0	81.0
5.574101E13	2796.0	81.0
5.574102E13	2796.0	81.0
5.574103E13	2796.0	81.0
5.5741038E13	2798.0	82.0
5.574105E13	2798.0	82.0
5.574106E13	2798.0	82.0
5.5741067E13	2798.0	82.0
5.574108E13	2798.0	81.0
5.574109E13	2798.0	81.0
5.57411E13	2798.0	81.0
5.574111E13	2800.0	81.0
5.5741117E13	2800.0	81.0
5.574113E13	2800.0	81.0
5.574114E13	2800.0	81.0
5.574115E13	2799.0	81.0
5.574116E13	2799.0	81.0
5.5741168E13	2799.0	81.0
5.574118E13	2799.0	81.0
5.574119E13	2796.0	81.0
5.5741197E13	2796.0	81.0
5.574121E13	2796.0	81.0
5.574122E13	2793.0	81.0
5.574123E13	2793.0	81.0
5.574124E13	2793.0	81.0
5.5741247E13	2793.0	81.0
5.574126E13	2792.0	81.0
5.574127E13	2792.0	81.0
5.574128E13	2792.0	81.0
5.574129E13	2792.0	81.0
5.5741298E13	2790.0	81.0
5.574131E13	2790.0	81.0
5.574132E13	2790.0	81.0
5.5741327E13	2790.0	81.0
5.5741352E13	2790.0	81.0
5.574137E13	2787.0	82.0
5.5741377E13	2787.0	82.0
5.574139E13	2787.0	82.0
5.57414E13	2787.0	82.0
5.574141E13	2790.0	82.0
5.574142E13	2790.0	82.0
5.5741428E13	2790.0	81.0
5.574144E13	2790.0	81.0
5.574145E13	2785.0	81.0
5.574146E13	2785.0	81.0
5.574147E13	2785.0	81.0
5.574148E13	2785.0	81.0
5.574149E13	2786.0	81.0
5.57415E13	2786.0	81.0
5.5741507E13	2786.0	82.0
5.574152E13	2786.0	82.0
5.574153E13	2786.0	82.0
5.574154E13	2786.0	81.0
5.574155E13	2786.0	81.0
5.5741558E13	2784.0	81.0
5.574157E13	2784.0	81.0
5.574158E13	2784.0	81.0
5.574159E13	2784.0	81.0
5.57416E13	2788.0	81.0
5.574161E13	2788.0	81.0
5.574162E13	2788.0	81.0
5.574163E13	2789.0	81.0
5.5741637E13	2789.0	81.0
5.574165E13	2789.0	81.0
5.574166E13	2789.0	81.0
5.574167E13	2789.0	81.0
5.574168E13	2789.0	81.0
5.5741688E13	2789.0	81.0
5.57417E13	2789.0	81.0
5.574171E13	2787.0	81.0
5.574172E13	2787.0	81.0
5.574173E13	2787.0	81.0
5.574174E13	2787.0	81.0
5.574175E13	2789.0	81.0
5.574176E13	2789.0	81.0
5.574177E13	2789.0	81.0
5.574178E13	2791.0	81.0
5.574179E13	2791.0	81.0
5.574181E13	2791.0	81.0
5.5741818E13	2787.0	81.0
5.574183E13	2787.0	81.0
5.574184E13	2787.0	81.0
5.574185E13	2787.0	81.0
5.574186E13	2788.0	81.0
5.574187E13	2788.0	81.0
5.574188E13	2788.0	81.0
5.574189E13	2788.0	81.0
5.57419E13	2784.0	81.0
5.574191E13	2784.0	81.0
5.574192E13	2784.0	81.0
5.574193E13	2784.0	81.0
5.574194E13	2784.0	81.0
5.5741948E13	2784.0	81.0
5.574196E13	2781.0	81.0
5.574197E13	2781.0	81.0
5.574198E13	2781.0	81.0
5.574199E13	2781.0	81.0
5.5742E13	2781.0	81.0
5.574201E13	2778.0	81.0
5.574202E13	2778.0	81.0
5.574203E13	2778.0	81.0
5.574204E13	2775.0	81.0
5.574205E13	2775.0	81.0
5.574206E13	2775.0	81.0
5.574207E13	2775.0	81.0
5.574208E13	2774.0	81.0
5.574209E13	2774.0	81.0
5.5742103E13	2774.0	81.0
5.574211E13	2774.0	81.0
5.574212E13	2771.0	81.0
5.574213E13	2771.0	81.0
5.574214E13	2771.0	81.0
5.574215E13	2766.0	81.0
5.574216E13	2766.0	81.0
5.574217E13	2766.0	81.0
5.574218E13	2766.0	81.0
5.574219E13	2768.0	81.0
5.57422E13	2768.0	81.0
5.574221E13	2768.0	81.0
5.574222E13	2766.0	81.0
5.574223E13	2766.0	81.0
5.574224E13	2766.0	81.0
5.574225E13	2766.0	81.0
5.5742262E13	2761.0	81.0
5.574227E13	2761.0	81.0
5.574228E13	2761.0	81.0
5.574229E13	2761.0	81.0
5.57423E13	2759.0	81.0
5.574231E13	2759.0	81.0
5.574232E13	2759.0	81.0
5.574233E13	2759.0	81.0
5.5742342E13	2760.0	81.0
5.574235E13	2760.0	81.0
5.574236E13	2760.0	81.0
5.574237E13	2760.0	81.0
5.574238E13	2756.0	81.0
5.57424E13	2756.0	81.0
5.574241E13	2756.0	82.0
5.574242E13	2756.0	81.0
5.574243E13	2756.0	81.0
5.574244E13	2756.0	81.0
5.574245E13	2756.0	82.0
5.574246E13	2754.0	82.0
5.5742472E13	2754.0	81.0
5.574248E13	2752.0	81.0
5.574249E13	2752.0	82.0
5.57425E13	2752.0	81.0
5.574251E13	2752.0	81.0
5.574252E13	2754.0	81.0
5.574253E13	2754.0	81.0
5.574254E13	2754.0	81.0
5.574255E13	2754.0	81.0
5.574256E13	2750.0	81.0
5.574257E13	2750.0	81.0
5.574258E13	2750.0	81.0
5.574259E13	2750.0	81.0
5.5742602E13	2748.0	81.0
5.574261E13	2748.0	81.0
5.574262E13	2748.0	81.0
5.574263E13	2748.0	81.0
5.574264E13	2753.0	82.0
5.574265E13	2753.0	82.0
5.5742665E13	2753.0	82.0
5.574267E13	2753.0	56.0
5.574268E13	2753.0	56.0
5.574269E13	2753.0	56.0
5.57427E13	2753.0	81.0
5.574271E13	2753.0	81.0
5.574273E13	2752.0	81.0
5.5742732E13	2752.0	81.0
5.574274E13	2752.0	82.0
5.574275E13	2752.0	82.0
5.574276E13	2753.0	82.0
5.574277E13	2753.0	82.0
5.574278E13	2753.0	82.0
5.574279E13	2756.0	82.0
5.57428E13	2756.0	82.0
5.574281E13	2756.0	56.0
5.574282E13	2756.0	56.0
5.574283E13	2757.0	56.0
5.574284E13	2757.0	56.0
5.574285E13	2757.0	82.0
5.5742862E13	2757.0	82.0
5.574287E13	2758.0	82.0
5.574288E13	2758.0	82.0
5.574289E13	2758.0	81.0
5.57429E13	2758.0	82.0
5.574291E13	2757.0	81.0
5.574292E13	2757.0	81.0
5.574293E13	2757.0	81.0
5.574294E13	2759.0	82.0
5.574295E13	2759.0	82.0
5.574296E13	2759.0	82.0
5.5742975E13	2758.0	81.0
5.574298E13	2758.0	82.0
5.5742992E13	2758.0	82.0
5.5743E13	2758.0	82.0
5.574301E13	2758.0	82.0
5.574302E13	2758.0	82.0
5.574303E13	2758.0	82.0
5.5743043E13	2758.0	82.0
5.574305E13	2758.0	82.0
5.574306E13	2758.0	82.0
5.574307E13	2758.0	82.0
5.574308E13	2758.0	56.0
5.574309E13	2756.0	56.0
5.57431E13	2756.0	81.0
5.574311E13	2756.0	81.0
5.5743122E13	2756.0	81.0
5.574313E13	2758.0	81.0
5.574314E13	2758.0	81.0
5.574315E13	2758.0	56.0
5.574316E13	2758.0	56.0
5.5743173E13	2756.0	56.0
5.574318E13	2756.0	56.0
5.574319E13	2756.0	56.0
5.57432E13	2756.0	56.0
5.574321E13	2759.0	56.0
5.574322E13	2759.0	56.0
5.574323E13	2759.0	56.0
5.574324E13	2754.0	56.0
5.5743252E13	2754.0	81.0
5.574326E13	2754.0	81.0
5.574327E13	2754.0	81.0
5.574328E13	2753.0	81.0
5.574329E13	2753.0	81.0
5.5743303E13	2753.0	81.0
5.574331E13	2753.0	81.0
5.574332E13	2756.0	82.0
5.574333E13	2756.0	82.0
5.574334E13	2756.0	82.0
5.574335E13	2758.0	82.0
5.574336E13	2758.0	82.0
5.574337E13	2758.0	82.0
5.5743382E13	2758.0	81.0
5.574339E13	2756.0	81.0
5.57434E13	2756.0	81.0
5.574341E13	2756.0	81.0
5.574342E13	2756.0	81.0
5.5743433E13	2757.0	81.0
5.574344E13	2757.0	81.0
5.574345E13	2757.0	81.0
5.574346E13	2757.0	81.0
5.574347E13	2758.0	81.0
5.5743483E13	2758.0	81.0
5.574349E13	2758.0	81.0
5.57435E13	2758.0	81.0
5.5743512E13	2758.0	81.0
5.574352E13	2758.0	81.0
5.574353E13	2758.0	81.0
5.574354E13	2760.0	81.0
5.574355E13	2760.0	81.0
5.5743563E13	2760.0	81.0
5.574357E13	2760.0	81.0
5.574358E13	2759.0	81.0
5.574359E13	2759.0	82.0
5.57436E13	2759.0	82.0
5.5743613E13	2759.0	82.0
5.574362E13	2763.0	82.0
5.574363E13	2763.0	81.0
5.5743642E13	2763.0	81.0
5.574365E13	2764.0	81.0
5.574366E13	2764.0	81.0
5.574367E13	2764.0	81.0
5.574368E13	2764.0	81.0
5.5743693E13	2761.0	81.0
5.57437E13	2761.0	81.0
5.574371E13	2761.0	81.0
5.574372E13	2761.0	81.0
5.574373E13	2765.0	81.0
5.5743743E13	2765.0	82.0
5.574375E13	2765.0	82.0
5.574376E13	2765.0	82.0
5.5743772E13	2766.0	81.0
5.574378E13	2766.0	81.0
5.5743793E13	2766.0	81.0
5.57438E13	2765.0	81.0
5.574381E13	2765.0	81.0
5.5743823E13	2765.0	81.0
5.574383E13	2765.0	82.0
5.574384E13	2765.0	82.0
5.574385E13	2765.0	82.0
5.574386E13	2765.0	82.0
5.5743873E13	2765.0	81.0
5.574388E13	2769.0	81.0
5.574389E13	2769.0	81.0
5.5743902E13	2769.0	81.0
5.574391E13	2766.0	81.0
5.5743923E13	2766.0	81.0
5.574393E13	2766.0	81.0
5.5743944E13	2767.0	81.0
5.5743953E13	2767.0	81.0
5.574396E13	2767.0	81.0
5.574397E13	2767.0	82.0
5.574398E13	2770.0	82.0
5.574399E13	2770.0	82.0
5.5744003E13	2770.0	82.0
5.574401E13	2770.0	82.0
5.5744032E13	2767.0	82.0
5.574404E13	2767.0	81.0
5.5744053E13	2767.0	81.0
5.574406E13	2767.0	81.0
5.574407E13	2766.0	81.0
5.5744083E13	2766.0	81.0
5.574409E13	2766.0	81.0
5.57441E13	2766.0	82.0
5.5744112E13	2766.0	82.0
5.574412E13	2766.0	82.0
5.5744133E13	2766.0	82.0
5.574414E13	2769.0	82.0
5.574415E13	2769.0	82.0
5.5744162E13	2769.0	82.0
5.574417E13	2769.0	82.0
5.5744183E13	2769.0	82.0
5.574419E13	2769.0	82.0
5.57442E13	2769.0	82.0
5.5744213E13	2769.0	82.0
5.574422E13	2767.0	82.0
5.5744234E13	2767.0	82.0
5.5744242E13	2767.0	82.0
5.574425E13	2768.0	82.0
5.5744263E13	2768.0	82.0
5.574427E13	2768.0	82.0
5.574428E13	2768.0	82.0
5.5744292E13	2770.0	82.0
5.57443E13	2770.0	82.0
5.5744313E13	2770.0	82.0
5.574432E13	2770.0	82.0
5.574433E13	2773.0	82.0
5.5744343E13	2773.0	82.0
5.574435E13	2773.0	82.0
5.5744364E13	2773.0	82.0
5.5744372E13	2773.0	82.0
5.574438E13	2773.0	82.0
5.5744393E13	2773.0	81.0
5.57444E13	2772.0	81.0
5.574441E13	2772.0	81.0
5.5744422E13	2772.0	82.0
5.574443E13	2772.0	82.0
5.5744443E13	2775.0	82.0
5.574445E13	2775.0	82.0
5.574446E13	2775.0	82.0
5.5744473E13	2775.0	82.0
5.574448E13	2773.0	82.0
5.5744494E13	2773.0	82.0
5.5744502E13	2773.0	82.0
5.574451E13	2773.0	82.0
5.5744523E13	2773.0	82.0
5.574453E13	2773.0	82.0
