5.5892414E13	3046.0	82.0
5.5892427E13	3046.0	82.0
5.5892435E13	3046.0	82.0
5.5892448E13	3066.0	81.0
5.5892456E13	2955.0	81.0
5.5892465E13	2955.0	81.0
5.5892477E13	2955.0	81.0
5.5892486E13	2955.0	81.0
5.58925E13	2966.0	81.0
5.5892507E13	2966.0	81.0
5.5892515E13	2966.0	81.0
5.5892528E13	2966.0	80.0
5.5892536E13	2941.0	81.0
5.5892544E13	2941.0	81.0
5.5892557E13	2941.0	81.0
5.5892565E13	2941.0	81.0
5.5892578E13	2987.0	81.0
5.5892586E13	2987.0	81.0
5.5892595E13	2987.0	81.0
5.5892607E13	2974.0	82.0
5.5892616E13	2974.0	82.0
5.589263E13	2974.0	82.0
5.5892637E13	3059.0	82.0
5.5892645E13	3059.0	82.0
5.5892658E13	3059.0	83.0
5.5892666E13	3059.0	83.0
5.5892674E13	3059.0	82.0
5.5892687E13	3059.0	82.0
5.5892695E13	3059.0	82.0
5.5892708E13	3059.0	82.0
5.5892716E13	2990.0	82.0
5.5892725E13	2990.0	82.0
5.5892737E13	2990.0	82.0
5.5892746E13	2990.0	82.0
5.589276E13	3032.0	54.0
5.5892767E13	3032.0	82.0
5.5892775E13	3032.0	82.0
5.5892788E13	3032.0	82.0
5.5892796E13	3025.0	82.0
5.5892804E13	3025.0	82.0
5.5892817E13	3025.0	82.0
5.5892825E13	3025.0	82.0
5.589284E13	3029.0	81.0
5.5892846E13	3029.0	81.0
5.5892855E13	3029.0	82.0
5.5892867E13	3029.0	81.0
5.5892876E13	2954.0	81.0
5.589289E13	2954.0	81.0
5.5892897E13	2954.0	81.0
5.5892905E13	3070.0	81.0
5.5892918E13	3070.0	81.0
5.5892926E13	3070.0	82.0
5.589294E13	3070.0	82.0
5.5892947E13	3031.0	82.0
5.5892955E13	3031.0	54.0
5.589297E13	3031.0	54.0
5.5892976E13	3031.0	54.0
5.5892985E13	3083.0	82.0
5.5892997E13	3083.0	82.0
5.5893006E13	3083.0	83.0
5.589302E13	3083.0	83.0
5.5893027E13	3100.0	83.0
5.5893035E13	3100.0	83.0
5.5893048E13	3100.0	83.0
5.5893056E13	3168.0	83.0
5.589307E13	3168.0	83.0
5.5893077E13	3168.0	83.0
5.5893085E13	3168.0	83.0
5.58931E13	3195.0	83.0
5.5893106E13	3195.0	83.0
5.5893115E13	3195.0	83.0
5.5893127E13	3195.0	82.0
5.5893136E13	3185.0	82.0
5.589315E13	3185.0	82.0
5.5893157E13	3185.0	82.0
5.5893165E13	3185.0	82.0
5.5893178E13	3117.0	82.0
5.5893186E13	3117.0	81.0
5.58932E13	3117.0	81.0
5.5893207E13	3086.0	81.0
5.5893215E13	3086.0	81.0
5.589323E13	3086.0	81.0
5.5893236E13	3086.0	82.0
5.5893245E13	3118.0	82.0
5.5893257E13	3118.0	82.0
5.5893266E13	3118.0	82.0
5.589328E13	3118.0	82.0
5.5893287E13	3158.0	82.0
5.5893295E13	3158.0	82.0
5.5893308E13	3158.0	82.0
5.5893316E13	3158.0	83.0
5.589333E13	3198.0	83.0
5.5893337E13	3198.0	83.0
5.5893345E13	3198.0	83.0
5.589336E13	3259.0	83.0
5.5893366E13	3259.0	83.0
5.589338E13	3259.0	82.0
5.5893387E13	3259.0	82.0
5.5893396E13	3222.0	82.0
5.589341E13	3222.0	82.0
5.5893417E13	3222.0	82.0
5.5893425E13	3222.0	82.0
5.5893438E13	3218.0	82.0
5.5893446E13	3218.0	82.0
5.589346E13	3218.0	82.0
5.5893467E13	3218.0	82.0
5.5893475E13	3163.0	82.0
5.589349E13	3163.0	82.0
5.5893496E13	3163.0	82.0
5.589351E13	3156.0	82.0
5.5893517E13	3156.0	82.0
5.5893526E13	3156.0	81.0
5.589354E13	3156.0	81.0
5.5893547E13	3164.0	81.0
5.5893555E13	3164.0	81.0
5.5893568E13	3164.0	81.0
5.5893576E13	3164.0	81.0
5.589359E13	3111.0	81.0
5.5893597E13	3111.0	81.0
5.5893605E13	3111.0	82.0
5.589362E13	3111.0	82.0
5.5893626E13	3139.0	82.0
5.589364E13	3139.0	82.0
5.5893647E13	3139.0	82.0
5.5893656E13	3185.0	82.0
5.589367E13	3185.0	82.0
5.5893677E13	3185.0	82.0
5.589369E13	3185.0	82.0
5.5893698E13	3226.0	82.0
5.5893706E13	3226.0	82.0
5.589372E13	3226.0	82.0
5.5893727E13	3226.0	82.0
5.5893736E13	3177.0	82.0
5.589375E13	3177.0	82.0
5.5893756E13	3177.0	83.0
5.589377E13	3160.0	83.0
5.5893777E13	3126.0	83.0
5.5893786E13	3126.0	82.0
5.58938E13	3126.0	82.0
5.5893807E13	3153.0	82.0
5.589382E13	3153.0	82.0
5.5893828E13	3153.0	82.0
5.5893836E13	3153.0	82.0
5.589385E13	3098.0	82.0
5.5893857E13	3098.0	82.0
5.589387E13	3098.0	81.0
5.589388E13	3098.0	81.0
5.5893887E13	3110.0	81.0
5.58939E13	3110.0	82.0
5.5893907E13	3110.0	82.0
5.5893916E13	3107.0	82.0
5.589393E13	3066.0	82.0
5.5893937E13	3066.0	82.0
5.589395E13	3066.0	82.0
5.5893958E13	3045.0	82.0
5.5893966E13	3045.0	82.0
5.589398E13	3045.0	82.0
5.5893987E13	3045.0	82.0
5.5893996E13	3102.0	82.0
5.589401E13	3102.0	82.0
5.5894017E13	3102.0	83.0
5.589403E13	3102.0	83.0
5.5894037E13	3109.0	82.0
5.589405E13	3109.0	82.0
5.589406E13	3109.0	82.0
5.5894067E13	3148.0	82.0
5.589408E13	3148.0	82.0
5.5894088E13	3148.0	82.0
5.5894096E13	3148.0	82.0
5.589411E13	3106.0	82.0
5.5894117E13	3106.0	82.0
5.589413E13	3106.0	82.0
5.589414E13	3106.0	82.0
5.5894147E13	3111.0	82.0
5.589416E13	3111.0	82.0
5.5894168E13	3111.0	82.0
5.5894176E13	3111.0	82.0
5.589419E13	3051.0	82.0
5.5894197E13	3051.0	82.0
5.589421E13	3051.0	82.0
5.5894218E13	2983.0	82.0
5.5894226E13	2983.0	81.0
5.589424E13	2983.0	81.0
5.5894247E13	2983.0	81.0
5.589426E13	2953.0	81.0
5.589427E13	2953.0	81.0
5.5894277E13	2953.0	81.0
5.589429E13	2953.0	81.0
5.5894298E13	2967.0	81.0
5.5894306E13	2967.0	82.0
5.589432E13	2967.0	82.0
5.5894327E13	2967.0	82.0
5.589434E13	2944.0	82.0
5.5894348E13	2944.0	82.0
5.5894356E13	2944.0	82.0
5.589437E13	2927.0	82.0
5.5894377E13	2927.0	82.0
5.589439E13	2927.0	82.0
5.58944E13	2927.0	82.0
5.5894407E13	3003.0	82.0
5.589442E13	3003.0	82.0
5.5894428E13	3003.0	83.0
5.589444E13	2972.0	83.0
5.589445E13	2972.0	83.0
5.5894457E13	2972.0	83.0
5.589447E13	2972.0	83.0
5.5894478E13	2998.0	82.0
5.5894486E13	2998.0	82.0
5.58945E13	2998.0	83.0
5.5894507E13	2998.0	82.0
5.589452E13	2960.0	82.0
5.589453E13	2960.0	82.0
5.5894537E13	2960.0	82.0
5.589455E13	2960.0	82.0
5.5894558E13	2963.0	82.0
5.589457E13	2963.0	82.0
5.589458E13	2963.0	82.0
5.5894587E13	2963.0	81.0
5.58946E13	2942.0	81.0
5.589461E13	2942.0	81.0
5.5894616E13	2942.0	81.0
5.589463E13	2942.0	81.0
5.5894637E13	2887.0	81.0
5.589465E13	2887.0	81.0
5.589466E13	2887.0	82.0
5.5894667E13	2931.0	82.0
5.589468E13	2931.0	82.0
5.5894688E13	2931.0	82.0
5.58947E13	2931.0	82.0
5.589471E13	2963.0	82.0
5.5894717E13	2963.0	83.0
5.589473E13	2963.0	83.0
5.589474E13	2963.0	83.0
5.589475E13	3017.0	83.0
5.589476E13	3017.0	83.0
5.5894767E13	3017.0	83.0
5.589478E13	3003.0	83.0
5.589479E13	3003.0	83.0
5.5894797E13	3003.0	83.0
5.589481E13	3011.0	83.0
5.5894818E13	3011.0	83.0
5.589483E13	3011.0	82.0
5.589484E13	3011.0	83.0
5.5894847E13	3020.0	83.0
5.589486E13	3020.0	83.0
5.589487E13	3020.0	84.0
5.589488E13	3020.0	84.0
5.589489E13	2997.0	84.0
5.5894897E13	2997.0	84.0
5.589491E13	2997.0	83.0
5.589492E13	2997.0	82.0
5.5894927E13	3063.0	81.0
5.589494E13	3063.0	81.0
5.5894948E13	3063.0	81.0
5.589496E13	3007.0	80.0
5.589497E13	3007.0	80.0
5.5894977E13	3007.0	79.0
5.589499E13	3007.0	79.0
5.5895E13	3088.0	79.0
5.589501E13	3088.0	79.0
5.589502E13	3088.0	79.0
5.5895027E13	3088.0	80.0
5.589504E13	3097.0	80.0
5.589505E13	3097.0	81.0
5.5895057E13	3097.0	81.0
5.589507E13	3097.0	81.0
5.5895078E13	3178.0	81.0
5.589509E13	3178.0	81.0
5.58951E13	3178.0	82.0
5.5895107E13	3269.0	82.0
5.589512E13	3269.0	82.0
5.589513E13	3269.0	82.0
5.589514E13	3269.0	82.0
5.589515E13	3269.0	82.0
5.5895157E13	3307.0	81.0
5.589517E13	3307.0	81.0
5.589518E13	3307.0	81.0
5.5895187E13	3307.0	81.0
5.58952E13	3352.0	81.0
5.5895208E13	3352.0	81.0
5.589522E13	3352.0	81.0
5.589523E13	3380.0	81.0
5.5895237E13	3409.0	80.0
5.589525E13	3409.0	80.0
5.589526E13	3409.0	80.0
5.589527E13	3445.0	80.0
5.589528E13	3445.0	80.0
5.5895287E13	3445.0	80.0
5.58953E13	3445.0	80.0
5.589531E13	3412.0	80.0
5.5895317E13	3412.0	80.0
5.589533E13	3412.0	80.0
5.5895338E13	3412.0	81.0
5.589535E13	3399.0	81.0
5.589536E13	3399.0	81.0
5.5895367E13	3399.0	82.0
5.589538E13	3334.0	82.0
5.589539E13	3393.0	82.0
5.58954E13	3393.0	82.0
5.589541E13	3393.0	83.0
5.589542E13	3361.0	82.0
5.589543E13	3361.0	82.0
5.589544E13	3361.0	82.0
5.589545E13	3361.0	82.0
5.589546E13	3364.0	81.0
5.5895468E13	3364.0	81.0
5.589548E13	3364.0	81.0
5.589549E13	3364.0	81.0
5.5895497E13	3400.0	81.0
5.589551E13	3400.0	81.0
5.589552E13	3400.0	82.0
5.589553E13	3397.0	82.0
5.589554E13	3341.0	82.0
5.5895547E13	3341.0	82.0
5.589556E13	3341.0	82.0
5.589557E13	3345.0	82.0
5.589558E13	3345.0	82.0
5.589559E13	3345.0	82.0
5.5895598E13	3345.0	81.0
5.589561E13	3228.0	81.0
5.589562E13	3228.0	81.0
5.5895627E13	3228.0	81.0
5.589564E13	3228.0	81.0
5.589565E13	3210.0	81.0
5.589566E13	3210.0	81.0
5.589567E13	3210.0	81.0
5.5895677E13	3218.0	80.0
5.589569E13	3218.0	81.0
5.58957E13	3218.0	81.0
5.589571E13	3218.0	81.0
5.589572E13	3223.0	81.0
5.5895728E13	3223.0	81.0
5.589574E13	3223.0	81.0
5.589575E13	3223.0	81.0
5.589576E13	3196.0	81.0
5.589577E13	3196.0	81.0
5.589578E13	3196.0	81.0
5.589579E13	3196.0	82.0
5.58958E13	3307.0	82.0
5.5895807E13	3307.0	82.0
5.589582E13	3307.0	81.0
5.589583E13	3314.0	81.0
5.589584E13	3314.0	81.0
5.589585E13	3314.0	82.0
5.5895858E13	3314.0	82.0
5.589588E13	3335.0	82.0
5.58959E13	3335.0	81.0
5.589591E13	3383.0	51.0
5.589592E13	3383.0	81.0
5.589593E13	3383.0	81.0
5.5895938E13	3383.0	81.0
5.589595E13	3404.0	81.0
5.589596E13	3404.0	81.0
5.589597E13	3404.0	81.0
5.589598E13	3429.0	81.0
5.5895988E13	3429.0	81.0
5.5896E13	3429.0	81.0
5.589601E13	3429.0	81.0
5.589602E13	3534.0	81.0
5.589603E13	3534.0	81.0
5.589604E13	3534.0	81.0
5.589605E13	3534.0	81.0
5.589606E13	3518.0	81.0
5.5896068E13	3518.0	81.0
5.589608E13	3518.0	81.0
5.589609E13	3518.0	81.0
5.58961E13	3550.0	81.0
5.589611E13	3550.0	81.0
5.5896118E13	3550.0	81.0
5.589613E13	3641.0	81.0
5.589614E13	3641.0	81.0
5.589615E13	3641.0	81.0
5.589616E13	3641.0	81.0
5.589617E13	3618.0	81.0
5.589618E13	3618.0	81.0
5.589619E13	3618.0	81.0
5.58962E13	3618.0	82.0
5.589621E13	3656.0	82.0
5.589622E13	3656.0	82.0
5.589623E13	3656.0	82.0
5.589624E13	3656.0	82.0
5.5896248E13	3706.0	81.0
5.589626E13	3706.0	81.0
5.589627E13	3706.0	81.0
5.589628E13	3748.0	81.0
5.58963E13	3748.0	81.0
5.589632E13	3718.0	81.0
5.589633E13	3718.0	81.0
5.589635E13	3718.0	81.0
5.589636E13	3777.0	81.0
5.589637E13	3777.0	81.0
5.589638E13	3777.0	81.0
5.589639E13	3777.0	81.0
5.58964E13	3893.0	81.0
5.589641E13	3893.0	81.0
5.589642E13	3893.0	81.0
5.589643E13	3915.0	81.0
5.589644E13	3915.0	81.0
5.589645E13	3915.0	80.0
5.589646E13	3915.0	80.0
5.589647E13	3913.0	81.0
5.589648E13	3913.0	81.0
5.589649E13	3913.0	81.0
5.58965E13	3913.0	81.0
5.5896512E13	3915.0	81.0
5.589652E13	3915.0	81.0
5.589653E13	3915.0	81.0
5.589654E13	3915.0	81.0
5.589655E13	3875.0	81.0
5.5896562E13	3875.0	81.0
5.589657E13	3875.0	80.0
5.589658E13	3885.0	80.0
5.589659E13	3885.0	81.0
5.58966E13	3885.0	80.0
5.589661E13	3885.0	80.0
5.589662E13	3856.0	81.0
5.589663E13	3856.0	81.0
5.5896642E13	3856.0	81.0
5.589665E13	3938.0	81.0
5.589666E13	3938.0	81.0
5.589667E13	3938.0	81.0
5.589668E13	3938.0	81.0
5.589669E13	3938.0	81.0
5.58967E13	3926.0	81.0
5.589671E13	3926.0	80.0
5.589672E13	3835.0	80.0
5.589673E13	3835.0	80.0
5.589674E13	3835.0	80.0
5.589676E13	3819.0	80.0
5.5896772E13	3819.0	80.0
5.589675E13	3819.0	80.0
5.589678E13	3819.0	80.0
5.589679E13	3819.0	80.0
5.58968E13	3842.0	80.0
5.589681E13	3842.0	81.0
5.5896823E13	3842.0	81.0
5.589683E13	3845.0	81.0
5.589684E13	3790.0	53.0
5.589685E13	3790.0	81.0
5.589686E13	3790.0	81.0
5.589687E13	3860.0	81.0
5.589688E13	3860.0	81.0
5.589689E13	3860.0	81.0
5.5896902E13	3860.0	81.0
5.589691E13	3872.0	81.0
5.589692E13	3872.0	81.0
5.589693E13	3872.0	81.0
5.589694E13	3872.0	81.0
5.5896953E13	3862.0	81.0
5.589696E13	3862.0	81.0
5.589697E13	3862.0	81.0
5.589698E13	3862.0	81.0
5.589699E13	3862.0	81.0
5.5897E13	3895.0	81.0
5.589701E13	3895.0	81.0
5.589702E13	3895.0	81.0
5.5897032E13	3825.0	81.0
5.589704E13	3825.0	81.0
5.589705E13	3825.0	81.0
5.589706E13	3825.0	81.0
5.589707E13	3811.0	81.0
5.589708E13	3811.0	81.0
5.589709E13	3811.0	81.0
5.58971E13	3811.0	81.0
5.589711E13	3806.0	81.0
5.589712E13	3806.0	81.0
5.589713E13	3806.0	81.0
5.589714E13	3778.0	81.0
5.589715E13	3778.0	81.0
5.5897162E13	3778.0	81.0
5.589717E13	3778.0	81.0
5.589718E13	3742.0	81.0
5.589719E13	3742.0	81.0
5.58972E13	3742.0	81.0
5.5897213E13	3742.0	81.0
5.589722E13	3798.0	81.0
5.589723E13	3798.0	82.0
5.589724E13	3798.0	82.0
5.589725E13	3798.0	82.0
5.589726E13	3778.0	82.0
5.589727E13	3778.0	82.0
5.589728E13	3778.0	82.0
5.5897292E13	3729.0	81.0
5.58973E13	3729.0	82.0
5.589731E13	3729.0	82.0
5.589732E13	3729.0	82.0
5.589733E13	3706.0	82.0
5.5897343E13	3706.0	81.0
5.589735E13	3706.0	81.0
5.589736E13	3706.0	81.0
5.589737E13	3597.0	81.0
5.589738E13	3597.0	81.0
5.589739E13	3597.0	81.0
5.58974E13	3597.0	81.0
5.589741E13	3638.0	81.0
5.5897422E13	3638.0	81.0
5.589743E13	3638.0	81.0
5.589744E13	3582.0	81.0
5.589745E13	3582.0	81.0
5.589746E13	3582.0	81.0
5.5897473E13	3582.0	81.0
5.589748E13	3592.0	81.0
5.589749E13	3592.0	82.0
5.58975E13	3592.0	82.0
5.589751E13	3592.0	82.0
5.5897523E13	3591.0	82.0
5.589753E13	3591.0	82.0
5.589754E13	3591.0	82.0
5.5897552E13	3591.0	81.0
5.589756E13	3661.0	82.0
5.589757E13	3661.0	81.0
5.589758E13	3661.0	82.0
5.589759E13	3562.0	82.0
5.5897603E13	3562.0	82.0
5.589761E13	3562.0	82.0
5.589762E13	3562.0	82.0
5.589763E13	3531.0	82.0
5.589764E13	3531.0	81.0
5.5897653E13	3531.0	81.0
5.589766E13	3446.0	81.0
5.589767E13	3446.0	82.0
5.5897682E13	3446.0	82.0
5.589769E13	3446.0	82.0
5.5897703E13	3446.0	82.0
5.589771E13	3491.0	81.0
5.589772E13	3491.0	81.0
5.5897733E13	3386.0	80.0
5.589774E13	3386.0	81.0
5.589775E13	3386.0	81.0
5.589776E13	3386.0	81.0
5.589777E13	3395.0	81.0
5.5897783E13	3395.0	81.0
5.589779E13	3395.0	81.0
5.58978E13	3395.0	81.0
5.5897812E13	3408.0	81.0
5.589782E13	3408.0	81.0
5.5897833E13	3408.0	82.0
5.589784E13	3408.0	82.0
5.5897863E13	3352.0	81.0
5.589787E13	3352.0	81.0
5.589788E13	3430.0	81.0
5.589789E13	3430.0	81.0
5.58979E13	3430.0	81.0
5.5897913E13	3430.0	81.0
5.589792E13	3430.0	81.0
5.589793E13	3462.0	82.0
5.5897942E13	3462.0	82.0
5.589795E13	3462.0	81.0
5.5897963E13	3508.0	80.0
5.589797E13	3508.0	80.0
5.589798E13	3508.0	54.0
5.5897993E13	3508.0	81.0
5.5898E13	3441.0	81.0
5.5898014E13	3441.0	81.0
5.589802E13	3441.0	81.0
5.589803E13	3441.0	81.0
5.5898043E13	3448.0	80.0
5.5898072E13	3448.0	81.0
5.589808E13	3449.0	81.0
5.5898093E13	3449.0	81.0
5.58981E13	3449.0	80.0
5.589811E13	3449.0	80.0
5.5898123E13	3479.0	80.0
5.589813E13	3479.0	80.0
5.589814E13	3479.0	80.0
5.5898152E13	3479.0	80.0
5.589816E13	3486.0	81.0
5.5898173E13	3486.0	81.0
5.589818E13	3486.0	81.0
5.589819E13	3511.0	81.0
5.5898202E13	3511.0	81.0
5.589821E13	3511.0	81.0
5.5898223E13	3511.0	81.0
5.589823E13	3541.0	81.0
5.589824E13	3541.0	81.0
5.5898253E13	3541.0	81.0
5.589826E13	3541.0	81.0
5.5898274E13	3548.0	81.0
5.5898282E13	3548.0	81.0
5.589829E13	3548.0	81.0
5.5898303E13	3555.0	81.0
5.589831E13	3565.0	80.0
5.589832E13	3565.0	80.0
5.5898332E13	3565.0	80.0
5.589834E13	3633.0	81.0
5.5898353E13	3633.0	81.0
5.589836E13	3633.0	81.0
5.589837E13	3633.0	81.0
5.5898383E13	3577.0	81.0
5.589839E13	3577.0	81.0
5.5898404E13	3577.0	81.0
5.5898412E13	3577.0	81.0
5.589842E13	3548.0	81.0
5.5898433E13	3548.0	81.0
5.589844E13	3548.0	80.0
5.589845E13	3589.0	80.0
5.5898462E13	3558.0	80.0
5.589847E13	3558.0	80.0
5.5898483E13	3558.0	80.0
5.589849E13	3540.0	80.0
5.58985E13	3540.0	80.0
5.5898513E13	3540.0	80.0
5.589852E13	3540.0	80.0
5.5898534E13	3531.0	80.0
5.5898542E13	3531.0	81.0
5.589855E13	3531.0	81.0
5.5898563E13	3531.0	81.0
5.589857E13	3558.0	81.0
5.5898584E13	3558.0	81.0
5.5898593E13	3558.0	81.0
5.58986E13	3579.0	81.0
5.5898613E13	3569.0	81.0
5.589862E13	3569.0	81.0
5.589863E13	3569.0	81.0
5.5898643E13	3538.0	81.0
5.589865E13	3538.0	81.0
5.5898664E13	3538.0	81.0
5.5898672E13	3538.0	81.0
5.589868E13	3478.0	80.0
5.5898693E13	3478.0	80.0
5.58987E13	3478.0	81.0
5.5898714E13	3478.0	81.0
5.5898723E13	3498.0	81.0
5.589873E13	3498.0	81.0
5.5898744E13	3498.0	81.0
5.589875E13	3516.0	81.0
5.5898764E13	3516.0	81.0
5.5898773E13	3516.0	81.0
5.589878E13	3516.0	81.0
5.5898794E13	3537.0	81.0
5.5898802E13	3537.0	81.0
5.589881E13	3537.0	80.0
5.5898823E13	3496.0	80.0
5.589883E13	3496.0	81.0
5.5898844E13	3496.0	53.0
5.5898853E13	3496.0	80.0
5.589886E13	3462.0	80.0
5.5898874E13	3462.0	80.0
5.589888E13	3462.0	80.0
5.5898894E13	3526.0	81.0
5.5898903E13	3526.0	81.0
5.589891E13	3526.0	81.0
5.5898924E13	3526.0	53.0
5.5898932E13	3526.0	80.0
5.589894E13	3526.0	80.0
5.5898953E13	3526.0	81.0
5.589896E13	3526.0	81.0
5.5898974E13	3526.0	81.0
5.5898983E13	3496.0	81.0
5.589899E13	3496.0	81.0
5.5899004E13	3496.0	81.0
5.589901E13	3496.0	81.0
5.5899025E13	3524.0	81.0
5.5899033E13	3524.0	81.0
5.589904E13	3524.0	81.0
5.5899054E13	3578.0	81.0
5.5899062E13	3578.0	81.0
5.589907E13	3578.0	81.0
5.5899083E13	3578.0	81.0
5.589909E13	3479.0	81.0
5.5899104E13	3479.0	81.0
5.5899113E13	3479.0	81.0
5.589912E13	3479.0	80.0
5.5899134E13	3543.0	80.0
5.5899155E13	3543.0	80.0
5.5899163E13	3543.0	80.0
5.589917E13	3481.0	80.0
5.5899184E13	3481.0	80.0
5.5899192E13	3481.0	80.0
5.5899205E13	3443.0	81.0
5.5899213E13	3443.0	81.0
5.589922E13	3443.0	81.0
5.5899234E13	3443.0	81.0
5.5899243E13	3456.0	81.0
5.589925E13	3456.0	81.0
5.5899264E13	3456.0	82.0
5.589927E13	3456.0	81.0
5.5899285E13	3450.0	81.0
5.5899293E13	3450.0	81.0
5.58993E13	3450.0	81.0
5.5899314E13	3450.0	81.0
5.5899322E13	3422.0	81.0
5.5899335E13	3422.0	81.0
5.5899343E13	3424.0	50.0
5.589935E13	3424.0	50.0
5.5899364E13	3424.0	81.0
5.5899373E13	3424.0	81.0
5.589938E13	3424.0	81.0
5.5899394E13	3458.0	81.0
5.58994E13	3458.0	81.0
5.5899415E13	3458.0	81.0
5.5899423E13	3458.0	81.0
5.589943E13	3368.0	81.0
5.5899444E13	3368.0	81.0
5.5899452E13	3368.0	81.0
5.5899465E13	3368.0	81.0
5.5899473E13	3385.0	81.0
5.589948E13	3385.0	81.0
5.5899494E13	3385.0	81.0
5.5899503E13	3446.0	81.0
5.589951E13	3446.0	81.0
5.5899524E13	3446.0	81.0
5.589953E13	3446.0	81.0
5.5899545E13	3450.0	81.0
5.5899553E13	3450.0	81.0
5.589956E13	3450.0	81.0
5.5899574E13	3450.0	81.0
5.5899582E13	3493.0	82.0
5.5899595E13	3493.0	82.0
5.589961E13	3493.0	82.0
5.5899624E13	3434.0	82.0
5.5899633E13	3434.0	82.0
5.589964E13	3434.0	82.0
5.5899654E13	3432.0	82.0
5.589966E13	3432.0	82.0
5.5899675E13	3432.0	82.0
5.5899683E13	3432.0	81.0
5.589969E13	3442.0	81.0
5.5899704E13	3442.0	81.0
5.5899712E13	3442.0	81.0
5.5899725E13	3442.0	81.0
5.5899733E13	3429.0	81.0
5.589974E13	3429.0	81.0
5.5899754E13	3429.0	81.0
5.5899763E13	3429.0	81.0
5.5899775E13	3542.0	81.0
5.5899784E13	3542.0	80.0
5.589979E13	3607.0	80.0
5.5899805E13	3607.0	80.0
5.5899813E13	3607.0	80.0
5.589982E13	3607.0	81.0
5.5899834E13	3752.0	81.0
5.5899842E13	3752.0	81.0
5.5899855E13	3752.0	82.0
5.5899863E13	3752.0	82.0
5.589987E13	3918.0	82.0
5.5899884E13	3918.0	82.0
5.5899893E13	3918.0	81.0
5.5899905E13	3794.0	81.0
5.5899914E13	3889.0	81.0
5.5899922E13	3889.0	81.0
5.5899935E13	3889.0	81.0
5.5899943E13	4018.0	81.0
5.589995E13	4018.0	80.0
5.5899964E13	4018.0	81.0
5.5899972E13	4004.0	80.0
5.5899985E13	4004.0	51.0
5.5899993E13	4004.0	81.0
5.59E13	4004.0	81.0
5.5900014E13	4004.0	81.0
5.5900023E13	4026.0	80.0
5.5900035E13	4026.0	80.0
5.5900044E13	4026.0	80.0
5.5900052E13	4012.0	79.0
5.5900065E13	4072.0	79.0
5.5900073E13	4072.0	79.0
5.590008E13	4072.0	78.0
5.5900094E13	4072.0	78.0
5.5900102E13	4188.0	78.0
5.5900115E13	4188.0	78.0
5.5900123E13	4188.0	80.0
5.590013E13	4188.0	80.0
5.5900144E13	4314.0	81.0
5.5900153E13	4314.0	82.0
5.5900165E13	4314.0	81.0
5.5900174E13	4314.0	80.0
5.5900182E13	4512.0	80.0
5.5900195E13	4512.0	81.0
5.5900203E13	4512.0	80.0
5.590021E13	4649.0	79.0
5.5900224E13	4649.0	79.0
5.5900232E13	4649.0	79.0
5.5900245E13	4649.0	79.0
5.5900253E13	4819.0	79.0
5.590026E13	4819.0	78.0
5.5900274E13	4819.0	77.0
5.5900283E13	4819.0	77.0
5.5900295E13	4885.0	77.0
5.5900304E13	4885.0	77.0
5.5900312E13	4885.0	78.0
5.5900325E13	4885.0	79.0
5.5900333E13	5112.0	79.0
5.5900346E13	5112.0	79.0
5.5900354E13	5112.0	79.0
5.5900363E13	5486.0	80.0
5.5900375E13	5486.0	80.0
5.5900383E13	5486.0	79.0
5.590039E13	5486.0	78.0
5.5900404E13	5806.0	77.0
5.5900413E13	5806.0	77.0
5.5900425E13	5806.0	76.0
5.5900434E13	5806.0	76.0
5.5900442E13	5970.0	77.0
5.5900455E13	5970.0	77.0
5.5900463E13	5970.0	77.0
5.5900476E13	5970.0	76.0
5.5900484E13	6211.0	75.0
5.5900493E13	6211.0	75.0
5.5900505E13	6211.0	75.0
5.5900514E13	6396.0	76.0
5.590052E13	6396.0	76.0
5.5900534E13	6396.0	77.0
5.5900543E13	6396.0	77.0
5.5900555E13	6482.0	76.0
5.5900564E13	6482.0	75.0
5.5900572E13	6482.0	75.0
5.5900585E13	6482.0	76.0
5.5900593E13	6663.0	76.0
5.5900606E13	6663.0	77.0
5.5900614E13	6663.0	77.0
5.5900623E13	6663.0	77.0
5.5900635E13	6647.0	77.0
5.5900644E13	6647.0	75.0
5.590065E13	6647.0	76.0
5.5900664E13	6746.0	77.0
5.5900673E13	6746.0	77.0
5.5900685E13	6746.0	76.0
5.5900694E13	6746.0	76.0
5.5900702E13	7028.0	77.0
5.5900715E13	7028.0	78.0
5.5900723E13	7028.0	79.0
5.5900736E13	7028.0	78.0
5.5900744E13	7094.0	78.0
5.5900753E13	7094.0	78.0
5.5900765E13	7094.0	78.0
5.5900774E13	7094.0	77.0
5.5900786E13	7165.0	77.0
5.5900795E13	7165.0	77.0
5.5900803E13	7165.0	77.0
5.5900815E13	7093.0	77.0
5.5900824E13	7093.0	76.0
5.5900832E13	7093.0	76.0
5.5900845E13	7093.0	76.0
5.5900853E13	7095.0	76.0
5.5900866E13	7095.0	76.0
5.5900874E13	7095.0	76.0
5.5900883E13	7018.0	76.0
5.5900895E13	7018.0	76.0
5.5900904E13	7018.0	75.0
5.5900916E13	7018.0	76.0
5.5900925E13	7018.0	77.0
5.5900933E13	6988.0	77.0
5.5900946E13	6988.0	76.0
5.5900954E13	6988.0	76.0
5.5900962E13	6912.0	76.0
5.5900975E13	6912.0	76.0
5.5900983E13	6912.0	76.0
5.5900996E13	6912.0	76.0
5.5901004E13	6910.0	77.0
5.5901013E13	6910.0	76.0
5.5901025E13	6910.0	75.0
5.5901034E13	6910.0	75.0
5.5901046E13	6759.0	77.0
5.5901055E13	6759.0	76.0
5.5901063E13	6759.0	76.0
5.5901076E13	6909.0	75.0
5.5901084E13	6909.0	75.0
5.5901097E13	6909.0	75.0
5.5901105E13	6843.0	75.0
5.5901113E13	6843.0	75.0
5.5901126E13	6843.0	75.0
5.5901134E13	6843.0	75.0
5.5901143E13	6843.0	75.0
5.5901155E13	6806.0	76.0
5.5901164E13	6806.0	76.0
5.5901176E13	6806.0	76.0
5.5901185E13	6806.0	76.0
5.5901193E13	6845.0	76.0
5.5901206E13	6845.0	76.0
5.5901214E13	6845.0	77.0
5.5901227E13	6845.0	77.0
5.5901235E13	6864.0	77.0
5.5901243E13	6864.0	77.0
5.5901256E13	6864.0	77.0
5.5901264E13	6620.0	77.0
5.5901277E13	6620.0	77.0
5.5901285E13	6620.0	76.0
5.5901294E13	6620.0	77.0
5.5901306E13	6453.0	77.0
5.5901315E13	6453.0	78.0
5.5901323E13	6453.0	78.0
5.5901336E13	6453.0	77.0
5.5901344E13	6503.0	77.0
5.5901357E13	6503.0	77.0
5.5901365E13	6503.0	78.0
5.5901373E13	6320.0	78.0
5.5901386E13	6879.0	78.0
5.5901394E13	6879.0	78.0
5.5901407E13	6879.0	77.0
5.5901415E13	6845.0	77.0
5.5901424E13	6845.0	77.0
5.5901436E13	6845.0	77.0
5.5901445E13	6845.0	77.0
5.5901453E13	6255.0	76.0
5.5901466E13	6255.0	76.0
5.5901474E13	6255.0	77.0
5.5901487E13	6255.0	77.0
5.5901495E13	5627.0	77.0
5.5901503E13	5627.0	77.0
5.5901516E13	5627.0	78.0
5.5901524E13	6210.0	78.0
5.5901533E13	5127.0	77.0
5.5901545E13	5127.0	77.0
5.5901554E13	5127.0	76.0
5.5901566E13	4922.0	77.0
5.5901575E13	4922.0	77.0
5.5901583E13	4922.0	78.0
5.5901596E13	4922.0	79.0
5.5901604E13	4757.0	79.0
5.5901617E13	4757.0	80.0
5.5901625E13	4757.0	80.0
5.5901633E13	4757.0	80.0
5.5901646E13	4675.0	79.0
5.5901654E13	4675.0	78.0
5.5901667E13	4675.0	78.0
5.5901675E13	4879.0	79.0
5.5901684E13	4473.0	78.0
5.5901696E13	4473.0	78.0
5.5901705E13	4473.0	77.0
5.5901713E13	4373.0	78.0
5.5901726E13	4373.0	77.0
5.5901734E13	4373.0	77.0
5.5901747E13	4373.0	77.0
5.5901755E13	4338.0	77.0
5.5901763E13	4338.0	78.0
5.5901776E13	4338.0	79.0
5.5901784E13	4338.0	79.0
5.5901797E13	4357.0	82.0
5.5901805E13	4357.0	82.0
5.5901814E13	4333.0	81.0
5.5901826E13	4333.0	81.0
5.5901835E13	4333.0	80.0
5.5901843E13	4333.0	81.0
5.5901856E13	4340.0	80.0
5.5901864E13	4340.0	79.0
5.5901877E13	4340.0	79.0
5.5901885E13	4340.0	79.0
5.5901906E13	4407.0	79.0
5.5901893E13	4407.0	79.0
5.5901914E13	4407.0	79.0
5.5901927E13	4407.0	79.0
5.5901935E13	4407.0	78.0
5.5901944E13	4257.0	78.0
5.5901956E13	4257.0	77.0
5.5901965E13	4257.0	77.0
5.5901977E13	4196.0	77.0
5.5901986E13	4196.0	78.0
5.5901994E13	4196.0	78.0
5.5902007E13	4196.0	79.0
5.5902015E13	4164.0	79.0
5.5902023E13	4164.0	80.0
5.5902036E13	4164.0	80.0
5.5902044E13	4164.0	80.0
5.5902057E13	4188.0	79.0
5.5902065E13	4188.0	79.0
5.5902074E13	4188.0	80.0
5.5902086E13	4188.0	81.0
5.5902095E13	4165.0	80.0
5.5902107E13	4165.0	79.0
5.5902116E13	4165.0	78.0
5.5902124E13	4080.0	77.0
5.5902137E13	4080.0	77.0
5.5902145E13	4080.0	78.0
5.5902158E13	4080.0	78.0
5.5902166E13	4061.0	78.0
5.5902174E13	4061.0	78.0
5.5902187E13	4061.0	79.0
5.5902195E13	4061.0	79.0
5.5902204E13	4045.0	79.0
5.5902216E13	4045.0	80.0
5.5902225E13	4045.0	81.0
5.5902237E13	4045.0	81.0
5.5902246E13	4044.0	81.0
5.5902254E13	4044.0	80.0
5.5902267E13	4044.0	79.0
5.5902275E13	4001.0	79.0
5.5902283E13	4001.0	79.0
5.5902296E13	4001.0	80.0
5.5902304E13	4001.0	80.0
5.5902317E13	3942.0	79.0
5.5902325E13	3942.0	79.0
5.5902334E13	3942.0	79.0
5.5902346E13	3942.0	78.0
5.5902355E13	3863.0	78.0
5.5902367E13	3863.0	78.0
5.5902376E13	3863.0	78.0
5.5902384E13	3863.0	77.0
5.5902397E13	3789.0	77.0
5.5902405E13	3789.0	78.0
5.5902418E13	3789.0	79.0
5.5902426E13	3665.0	80.0
5.5902434E13	3665.0	81.0
5.5902447E13	3665.0	80.0
5.5902455E13	3665.0	80.0
5.5902464E13	3763.0	80.0
5.5902476E13	3763.0	81.0
5.5902485E13	3763.0	81.0
5.5902497E13	3763.0	81.0
5.5902506E13	3701.0	83.0
5.5902514E13	3701.0	83.0
5.5902527E13	3701.0	82.0
5.5902535E13	3672.0	81.0
5.5902548E13	3672.0	79.0
5.5902556E13	3672.0	78.0
5.5902577E13	3664.0	80.0
5.5902565E13	3664.0	80.0
5.5902585E13	3664.0	80.0
5.5902594E13	3664.0	80.0
5.5902606E13	3664.0	80.0
5.5902615E13	3603.0	78.0
5.5902627E13	3603.0	77.0
5.5902636E13	3603.0	77.0
5.5902644E13	3603.0	77.0
5.5902657E13	3567.0	78.0
5.5902665E13	3567.0	78.0
5.5902678E13	3567.0	79.0
5.5902686E13	3575.0	81.0
5.5902707E13	3575.0	81.0
5.5902695E13	3575.0	81.0
5.5902716E13	3575.0	81.0
5.5902724E13	3691.0	81.0
5.5902736E13	3691.0	81.0
5.5902745E13	3691.0	81.0
5.5902757E13	3691.0	81.0
5.5902766E13	3718.0	82.0
5.5902774E13	3718.0	81.0
5.5902787E13	3718.0	81.0
5.5902795E13	3718.0	79.0
5.5902808E13	3676.0	79.0
5.5902816E13	3676.0	79.0
5.5902825E13	3676.0	79.0
5.5902837E13	3640.0	49.0
5.5902846E13	3640.0	79.0
5.590286E13	3640.0	79.0
5.5902867E13	3594.0	79.0
5.5902887E13	3594.0	51.0
5.5902875E13	3594.0	51.0
5.5902896E13	3594.0	80.0
5.5902904E13	3659.0	80.0
5.5902917E13	3659.0	80.0
5.5902925E13	3659.0	81.0
5.5902938E13	3718.0	81.0
5.5902946E13	3718.0	81.0
5.5902955E13	3718.0	81.0
5.5902967E13	3718.0	81.0
5.5902976E13	3718.0	81.0
5.590299E13	3713.0	80.0
5.5902997E13	3713.0	80.0
5.5903005E13	3713.0	80.0
5.5903018E13	3654.0	80.0
5.5903026E13	3654.0	80.0
5.5903034E13	3654.0	80.0
5.5903047E13	3654.0	79.0
5.5903055E13	3591.0	79.0
5.5903068E13	3591.0	80.0
5.5903076E13	3591.0	80.0
5.5903085E13	3591.0	80.0
5.5903097E13	3591.0	81.0
5.5903106E13	3615.0	81.0
5.590312E13	3615.0	80.0
5.5903127E13	3615.0	80.0
5.5903135E13	3614.0	79.0
5.5903148E13	3576.0	79.0
5.5903156E13	3576.0	50.0
5.5903164E13	3576.0	50.0
5.5903177E13	3599.0	49.0
5.5903185E13	3599.0	49.0
5.5903198E13	3599.0	49.0
5.5903206E13	3599.0	80.0
5.5903215E13	3598.0	80.0
5.5903227E13	3598.0	80.0
5.5903236E13	3598.0	49.0
5.590325E13	3598.0	81.0
5.5903257E13	3511.0	50.0
5.5903265E13	3511.0	50.0
5.5903278E13	3511.0	50.0
5.5903286E13	3539.0	50.0
5.5903294E13	3568.0	50.0
5.5903307E13	3568.0	50.0
5.5903315E13	3568.0	50.0
5.5903328E13	3607.0	49.0
5.5903336E13	3607.0	49.0
5.5903345E13	3607.0	49.0
5.5903357E13	3607.0	49.0
5.5903366E13	3554.0	80.0
5.590338E13	3554.0	80.0
5.5903387E13	3554.0	80.0
5.5903395E13	3554.0	50.0
5.5903408E13	3583.0	81.0
5.5903416E13	3583.0	81.0
5.590343E13	3583.0	49.0
5.5903437E13	3571.0	80.0
5.5903445E13	3571.0	80.0
5.5903458E13	3571.0	50.0
5.5903466E13	3571.0	50.0
5.5903475E13	3566.0	50.0
5.5903487E13	3566.0	50.0
5.5903496E13	3566.0	80.0
5.590351E13	3566.0	80.0
5.5903517E13	3598.0	80.0
5.5903525E13	3598.0	80.0
5.5903538E13	3598.0	80.0
5.5903546E13	3598.0	80.0
5.590356E13	3549.0	79.0
5.5903567E13	3549.0	79.0
5.5903575E13	3549.0	80.0
5.590359E13	3564.0	81.0
5.5903596E13	3564.0	81.0
5.5903605E13	3564.0	50.0
5.5903617E13	3564.0	50.0
5.5903626E13	3605.0	49.0
5.590364E13	3605.0	82.0
5.5903647E13	3605.0	49.0
5.5903655E13	3605.0	49.0
5.5903668E13	3536.0	50.0
5.5903676E13	3536.0	50.0
5.590369E13	3536.0	50.0
5.5903697E13	3536.0	80.0
5.5903705E13	3554.0	80.0
5.590372E13	3554.0	80.0
5.5903726E13	3554.0	79.0
5.5903735E13	3580.0	78.0
5.5903747E13	3580.0	78.0
5.5903756E13	3580.0	79.0
5.590377E13	3580.0	79.0
5.5903777E13	3592.0	78.0
5.5903785E13	3592.0	79.0
5.5903798E13	3592.0	79.0
5.5903806E13	3592.0	79.0
5.590382E13	3562.0	80.0
5.5903827E13	3562.0	81.0
5.5903835E13	3562.0	81.0
5.590385E13	3562.0	81.0
5.5903856E13	3559.0	82.0
5.590387E13	3559.0	84.0
5.5903877E13	3559.0	85.0
5.5903886E13	2418.0	82.0
5.59039E13	2418.0	79.0
5.5903907E13	2418.0	78.0
5.5903915E13	2418.0	60.0
5.5903928E13	2552.0	59.0
5.5903936E13	2552.0	59.0
5.590395E13	2552.0	78.0
5.5903957E13	2552.0	79.0
5.5903965E13	2937.0	79.0
5.590398E13	2937.0	79.0
5.5903986E13	2937.0	80.0
5.5904E13	2937.0	79.0
5.5904007E13	2751.0	79.0
5.5904016E13	2751.0	79.0
5.590403E13	2751.0	79.0
5.5904037E13	4168.0	79.0
5.5904045E13	4168.0	79.0
5.5904058E13	4168.0	78.0
5.5904066E13	4168.0	78.0
5.590408E13	3122.0	79.0
5.5904087E13	3122.0	80.0
5.5904095E13	3122.0	53.0
5.590411E13	3122.0	53.0
5.5904116E13	2381.0	77.0
5.590413E13	2381.0	76.0
5.5904137E13	2381.0	60.0
5.5904146E13	2381.0	60.0
5.590416E13	4235.0	45.0
5.5904167E13	4235.0	45.0
5.590418E13	4235.0	45.0
5.5904188E13	2643.0	58.0
5.5904196E13	2643.0	58.0
5.590421E13	2643.0	58.0
5.5904217E13	2643.0	58.0
5.5904225E13	4098.0	45.0
5.590424E13	4098.0	45.0
5.5904246E13	4098.0	45.0
5.590426E13	4098.0	45.0
5.5904267E13	3070.0	76.0
5.5904276E13	3070.0	76.0
5.590429E13	3070.0	77.0
5.5904297E13	3070.0	77.0
5.590431E13	3433.0	77.0
5.5904318E13	3433.0	78.0
5.5904326E13	3433.0	78.0
5.590434E13	2985.0	77.0
5.5904347E13	2985.0	77.0
5.5904355E13	2985.0	77.0
5.590437E13	2985.0	77.0
5.5904376E13	3374.0	77.0
5.590439E13	3374.0	78.0
5.5904397E13	3374.0	77.0
5.5904406E13	3374.0	77.0
5.590442E13	4240.0	78.0
5.5904427E13	4240.0	77.0
5.590444E13	4240.0	77.0
5.5904448E13	4240.0	77.0
5.5904456E13	2371.0	77.0
5.590447E13	2371.0	78.0
5.5904477E13	2371.0	79.0
5.590449E13	2772.0	80.0
5.59045E13	2772.0	80.0
5.5904506E13	2772.0	80.0
5.590452E13	2772.0	80.0
5.5904527E13	4476.0	80.0
5.5904536E13	4476.0	79.0
5.590455E13	4476.0	79.0
5.5904557E13	4476.0	79.0
5.590457E13	4538.0	77.0
5.5904578E13	4538.0	75.0
5.5904586E13	4538.0	73.0
5.59046E13	9328.0	72.0
5.5904607E13	2753.0	72.0
5.590462E13	2753.0	73.0
5.590463E13	2753.0	74.0
5.5904637E13	3239.0	76.0
5.590465E13	3239.0	77.0
5.5904657E13	3239.0	79.0
5.5904666E13	3239.0	80.0
5.590468E13	2814.0	81.0
5.5904687E13	2814.0	81.0
5.59047E13	2814.0	81.0
5.5904708E13	2814.0	81.0
5.5904716E13	2366.0	81.0
5.590473E13	2366.0	80.0
5.5904737E13	2366.0	78.0
5.590475E13	3100.0	77.0
5.590476E13	4159.0	75.0
5.5904767E13	4159.0	73.0
5.590478E13	4350.0	74.0
5.5904787E13	4350.0	75.0
5.5904796E13	4350.0	76.0
5.590481E13	4350.0	77.0
5.5904817E13	2364.0	78.0
5.590483E13	2364.0	78.0
5.5904838E13	2364.0	79.0
5.5904846E13	2364.0	79.0
5.590486E13	2364.0	79.0
5.5904867E13	2366.0	79.0
5.590488E13	2366.0	78.0
5.590489E13	2366.0	77.0
5.5904897E13	2365.0	75.0
5.590491E13	2365.0	75.0
5.5904918E13	2365.0	74.0
5.590493E13	2365.0	75.0
5.590494E13	3049.0	76.0
5.5904947E13	3049.0	77.0
5.590496E13	3049.0	78.0
5.5904968E13	3049.0	79.0
5.5904976E13	4558.0	79.0
5.590499E13	4558.0	78.0
5.5904997E13	4558.0	78.0
5.590501E13	4558.0	77.0
5.590502E13	3085.0	77.0
5.5905027E13	3085.0	77.0
5.590504E13	3085.0	76.0
5.5905048E13	2369.0	76.0
5.590506E13	2369.0	76.0
5.590507E13	2369.0	76.0
5.5905077E13	2369.0	77.0
5.590509E13	3308.0	78.0
5.5905098E13	3308.0	80.0
5.5905106E13	3308.0	80.0
5.590512E13	3308.0	81.0
5.5905127E13	4410.0	80.0
5.590514E13	4410.0	87.0
5.590515E13	4410.0	84.0
5.5905157E13	4410.0	79.0
5.590517E13	4450.0	78.0
5.5905178E13	4450.0	80.0
5.590519E13	4450.0	78.0
5.59052E13	4302.0	73.0
5.5905207E13	4302.0	72.0
5.590522E13	4302.0	73.0
5.5905228E13	4302.0	73.0
5.5905236E13	4223.0	73.0
5.590525E13	4223.0	74.0
5.5905257E13	4223.0	74.0
5.590527E13	4223.0	75.0
5.590528E13	4172.0	76.0
5.5905287E13	4172.0	78.0
5.59053E13	4172.0	79.0
5.5905308E13	4172.0	80.0
5.590532E13	4195.0	80.0
5.590533E13	4195.0	80.0
5.5905337E13	4195.0	79.0
5.590535E13	4274.0	78.0
5.590536E13	4274.0	76.0
5.590537E13	4274.0	76.0
5.590538E13	4274.0	75.0
5.5905387E13	4202.0	75.0
5.59054E13	4202.0	74.0
5.590541E13	4202.0	74.0
5.5905417E13	4202.0	75.0
5.590543E13	4159.0	75.0
5.5905438E13	4159.0	75.0
5.590545E13	4159.0	76.0
5.590546E13	4159.0	77.0
5.5905467E13	4151.0	78.0
5.590548E13	4151.0	78.0
5.590549E13	4151.0	79.0
5.59055E13	4172.0	79.0
5.590551E13	4172.0	79.0
5.5905517E13	4172.0	79.0
5.590553E13	4172.0	79.0
5.590554E13	4102.0	79.0
5.5905547E13	4102.0	79.0
5.590556E13	4102.0	79.0
5.5905568E13	4102.0	79.0
5.590558E13	4008.0	79.0
5.590559E13	4008.0	79.0
5.5905597E13	4008.0	79.0
5.590561E13	4008.0	79.0
5.590562E13	3867.0	79.0
5.590563E13	3867.0	79.0
5.590564E13	3867.0	79.0
5.5905647E13	3853.0	79.0
5.590566E13	3853.0	79.0
5.590567E13	3853.0	79.0
5.590568E13	3853.0	80.0
5.590569E13	3754.0	80.0
5.5905698E13	3754.0	80.0
5.590571E13	3754.0	79.0
5.590572E13	3754.0	79.0
5.5905727E13	3727.0	79.0
5.590574E13	3727.0	79.0
5.590575E13	3727.0	79.0
5.590576E13	3727.0	80.0
5.590577E13	3755.0	81.0
5.5905777E13	3755.0	82.0
5.590579E13	3773.0	81.0
5.59058E13	3773.0	80.0
5.590581E13	3773.0	80.0
5.590582E13	3773.0	79.0
5.5905828E13	3773.0	80.0
5.590584E13	3871.0	79.0
5.590585E13	3871.0	78.0
5.5905857E13	3871.0	78.0
5.590587E13	3871.0	78.0
5.590588E13	3995.0	80.0
5.590589E13	3995.0	80.0
5.59059E13	3995.0	80.0
5.5905907E13	3995.0	81.0
5.590592E13	4048.0	82.0
5.590593E13	4048.0	81.0
5.590595E13	4206.0	79.0
5.5905958E13	4206.0	79.0
5.590597E13	4206.0	80.0
5.590598E13	4206.0	79.0
5.5905987E13	4207.0	78.0
5.5906E13	4207.0	78.0
5.590601E13	4207.0	78.0
5.590602E13	4207.0	78.0
5.590603E13	4205.0	78.0
5.5906037E13	4205.0	78.0
5.590605E13	4205.0	79.0
5.590606E13	4221.0	79.0
5.590607E13	4221.0	79.0
5.590608E13	4221.0	80.0
5.5906088E13	4229.0	80.0
5.59061E13	4229.0	82.0
5.590611E13	4229.0	83.0
5.590612E13	4229.0	81.0
5.590613E13	4316.0	80.0
5.590614E13	4316.0	79.0
5.590615E13	4316.0	78.0
5.590616E13	4316.0	78.0
5.5906167E13	4277.0	78.0
5.590618E13	4277.0	77.0
5.590619E13	4277.0	77.0
5.59062E13	4856.0	76.0
5.590621E13	4378.0	76.0
5.5906218E13	4378.0	76.0
5.590623E13	4378.0	76.0
5.590624E13	4363.0	77.0
5.590625E13	4363.0	78.0
5.590626E13	4363.0	79.0
5.590627E13	4363.0	80.0
5.590628E13	4363.0	80.0
5.590629E13	4396.0	80.0
5.59063E13	4396.0	80.0
5.590631E13	4396.0	79.0
5.590633E13	4300.0	77.0
5.590634E13	4300.0	77.0
5.5906348E13	4300.0	77.0
5.590637E13	4157.0	76.0
5.590638E13	4157.0	76.0
5.590639E13	3961.0	76.0
5.59064E13	3961.0	77.0
5.590641E13	3961.0	77.0
5.590642E13	3961.0	77.0
5.590643E13	3950.0	78.0
5.590644E13	3950.0	78.0
5.590645E13	3950.0	79.0
5.590646E13	3950.0	79.0
5.590647E13	3842.0	80.0
5.590648E13	3842.0	80.0
5.590649E13	3842.0	80.0
5.59065E13	3857.0	81.0
5.590651E13	3900.0	81.0
5.590652E13	3900.0	81.0
5.590653E13	3900.0	81.0
5.590654E13	3900.0	81.0
5.590655E13	3996.0	80.0
5.590657E13	3996.0	80.0
5.590658E13	3996.0	80.0
5.590659E13	3936.0	80.0
5.59066E13	3936.0	80.0
5.5906608E13	3936.0	80.0
5.590662E13	3936.0	80.0
5.590663E13	3846.0	81.0
5.590664E13	3846.0	81.0
5.590665E13	3846.0	81.0
5.590666E13	3792.0	81.0
5.590667E13	3792.0	81.0
5.590668E13	3792.0	82.0
5.590669E13	3792.0	48.0
5.59067E13	3752.0	82.0
5.590671E13	3752.0	48.0
5.590672E13	3752.0	81.0
5.590673E13	3752.0	48.0
5.5906738E13	3695.0	80.0
5.590675E13	3695.0	80.0
5.590676E13	3695.0	79.0
5.590677E13	3695.0	78.0
5.590678E13	3483.0	78.0
5.590679E13	3483.0	50.0
5.59068E13	3483.0	50.0
5.590681E13	3349.0	51.0
5.590682E13	3349.0	51.0
5.590683E13	3349.0	78.0
5.590684E13	3349.0	51.0
5.590685E13	3268.0	52.0
5.590686E13	3268.0	80.0
5.5906868E13	3268.0	52.0
5.590688E13	3268.0	52.0
5.590689E13	3344.0	51.0
5.590691E13	3344.0	83.0
5.590692E13	3344.0	51.0
5.590693E13	3400.0	51.0
5.590694E13	3400.0	51.0
5.590695E13	3400.0	51.0
5.590696E13	3481.0	50.0
5.590697E13	3481.0	50.0
5.590698E13	3481.0	83.0
5.590699E13	3481.0	83.0
5.5907E13	3532.0	82.0
5.590701E13	3532.0	82.0
5.590702E13	3532.0	82.0
5.590703E13	3532.0	82.0
5.590704E13	3468.0	82.0
5.590705E13	3468.0	82.0
5.590706E13	3468.0	81.0
5.590707E13	3468.0	81.0
5.590708E13	3480.0	81.0
5.590709E13	3480.0	81.0
5.59071E13	3480.0	80.0
5.590711E13	3452.0	80.0
5.590712E13	3452.0	80.0
5.5907132E13	3452.0	81.0
5.590714E13	3452.0	81.0
5.590715E13	3443.0	81.0
5.590716E13	3443.0	81.0
5.590717E13	3443.0	51.0
5.590718E13	3443.0	51.0
5.590719E13	3453.0	50.0
5.59072E13	3453.0	50.0
5.590721E13	3453.0	83.0
5.590722E13	3453.0	83.0
5.590723E13	3457.0	82.0
5.590724E13	3457.0	82.0
5.590725E13	3457.0	81.0
5.5907262E13	3398.0	81.0
5.590727E13	3398.0	81.0
5.590728E13	3398.0	81.0
5.590729E13	3398.0	81.0
5.59073E13	3318.0	81.0
5.5907312E13	3318.0	51.0
5.590732E13	3318.0	51.0
5.590733E13	3318.0	51.0
5.590734E13	3242.0	52.0
5.590735E13	3242.0	81.0
5.590736E13	3242.0	80.0
5.590737E13	3242.0	81.0
5.590738E13	3145.0	80.0
5.5907392E13	3145.0	80.0
5.59074E13	3145.0	80.0
5.590741E13	3179.0	80.0
5.590742E13	3179.0	80.0
5.590743E13	3179.0	80.0
5.5907442E13	3179.0	80.0
5.590745E13	3155.0	81.0
5.590747E13	3155.0	82.0
5.590748E13	3155.0	82.0
5.590749E13	3100.0	82.0
5.59075E13	3100.0	83.0
5.590751E13	3100.0	83.0
5.5907522E13	3100.0	83.0
5.590753E13	3237.0	52.0
5.590754E13	3237.0	52.0
5.590755E13	3237.0	52.0
5.590756E13	3210.0	52.0
5.5907573E13	3210.0	52.0
5.590758E13	3210.0	52.0
5.590759E13	3210.0	82.0
5.59076E13	3236.0	82.0
5.590761E13	3236.0	82.0
5.590762E13	3236.0	82.0
5.590763E13	3236.0	82.0
5.590764E13	3183.0	82.0
5.5907652E13	3183.0	82.0
5.590766E13	3183.0	82.0
5.590767E13	3183.0	82.0
5.590768E13	3199.0	81.0
5.590769E13	3199.0	81.0
5.5907703E13	3199.0	81.0
5.590771E13	3156.0	81.0
5.590772E13	3156.0	81.0
5.590773E13	3156.0	81.0
5.590774E13	3156.0	80.0
5.590775E13	3138.0	80.0
5.590776E13	3138.0	81.0
5.590777E13	3138.0	80.0
5.5907782E13	3138.0	81.0
5.590779E13	3126.0	81.0
5.59078E13	3126.0	53.0
5.590781E13	3126.0	81.0
5.590782E13	3100.0	81.0
5.5907833E13	3154.0	81.0
5.590784E13	3154.0	81.0
5.590785E13	3154.0	81.0
5.590786E13	3239.0	81.0
5.590787E13	3239.0	81.0
5.5907883E13	3239.0	81.0
5.590789E13	3239.0	82.0
5.59079E13	3266.0	81.0
5.5907912E13	3266.0	81.0
5.590792E13	3266.0	81.0
5.590793E13	3266.0	81.0
5.590794E13	3247.0	81.0
5.590795E13	3247.0	81.0
5.5907963E13	3247.0	81.0
5.590797E13	3246.0	81.0
5.590798E13	3199.0	81.0
5.590799E13	3199.0	80.0
5.5908E13	3199.0	81.0
5.5908013E13	3199.0	81.0
5.590802E13	3199.0	81.0
5.590803E13	3199.0	81.0
5.5908042E13	3199.0	81.0
5.590805E13	3215.0	81.0
5.5908063E13	3215.0	81.0
5.590807E13	3215.0	81.0
5.590808E13	3215.0	81.0
5.5908093E13	3176.0	82.0
5.59081E13	3176.0	82.0
5.590811E13	3176.0	82.0
5.590812E13	3136.0	82.0
5.590813E13	3177.0	82.0
5.5908143E13	3177.0	82.0
5.590815E13	3177.0	82.0
5.590816E13	3230.0	82.0
5.5908172E13	3230.0	82.0
5.590818E13	3230.0	81.0
5.5908193E13	3230.0	81.0
5.59082E13	3243.0	81.0
5.590821E13	3243.0	81.0
5.5908223E13	3243.0	81.0
5.590823E13	3243.0	81.0
5.590824E13	3182.0	81.0
5.590825E13	3182.0	81.0
5.590826E13	3182.0	81.0
5.5908273E13	3156.0	82.0
5.590828E13	3156.0	82.0
5.590829E13	3156.0	82.0
5.5908302E13	3156.0	82.0
5.590831E13	3170.0	82.0
5.5908323E13	3170.0	82.0
5.590833E13	3170.0	82.0
5.590834E13	3170.0	82.0
5.5908353E13	3199.0	82.0
5.590836E13	3199.0	82.0
5.590837E13	3199.0	82.0
5.590838E13	3199.0	82.0
5.590839E13	3204.0	82.0
5.5908403E13	3204.0	82.0
5.590841E13	3204.0	82.0
5.590842E13	3172.0	82.0
5.5908432E13	3172.0	82.0
5.590844E13	3172.0	82.0
5.5908453E13	3172.0	82.0
5.590846E13	3246.0	82.0
5.590847E13	3246.0	82.0
5.5908483E13	3246.0	82.0
5.590849E13	3246.0	81.0
5.5908504E13	3207.0	81.0
5.590851E13	3207.0	81.0
5.590852E13	3207.0	81.0
5.5908533E13	3207.0	81.0
5.590854E13	3271.0	82.0
5.590855E13	3271.0	82.0
5.5908562E13	3271.0	52.0
5.590857E13	3282.0	81.0
5.5908583E13	3282.0	52.0
5.590859E13	3282.0	52.0
5.59086E13	3282.0	52.0
5.5908613E13	3267.0	52.0
5.590862E13	3267.0	52.0
5.5908634E13	3267.0	52.0
5.590864E13	3267.0	52.0
5.590865E13	3260.0	52.0
5.5908663E13	3260.0	52.0
5.590867E13	3260.0	52.0
5.5908684E13	3260.0	52.0
5.5908692E13	3312.0	82.0
5.59087E13	3312.0	51.0
5.5908713E13	3312.0	82.0
5.590872E13	3315.0	51.0
5.590873E13	3315.0	82.0
5.5908743E13	3315.0	51.0
5.590875E13	3315.0	51.0
5.5908764E13	3266.0	52.0
5.590877E13	3266.0	82.0
5.590878E13	3266.0	81.0
5.5908793E13	3266.0	52.0
5.59088E13	3282.0	81.0
5.5908814E13	3282.0	81.0
5.5908822E13	3282.0	81.0
5.590883E13	3282.0	81.0
5.5908843E13	3249.0	81.0
5.590885E13	3249.0	81.0
5.5908864E13	3249.0	82.0
5.5908873E13	3234.0	82.0
5.590888E13	3234.0	82.0
5.5908894E13	3234.0	82.0
5.5908902E13	3234.0	82.0
5.590891E13	3222.0	82.0
5.5908923E13	3222.0	81.0
5.590893E13	3222.0	81.0
5.5908944E13	3222.0	82.0
5.5908952E13	3240.0	82.0
5.590896E13	3240.0	81.0
5.5908973E13	3240.0	82.0
5.590898E13	3240.0	81.0
5.590899E13	3254.0	82.0
5.5909003E13	3254.0	82.0
5.590901E13	3254.0	82.0
5.5909024E13	3287.0	82.0
5.5909032E13	3287.0	82.0
5.590904E13	3287.0	82.0
5.5909053E13	3287.0	82.0
5.590906E13	3300.0	82.0
5.5909074E13	3300.0	82.0
5.5909082E13	3300.0	82.0
5.590909E13	3300.0	82.0
5.5909103E13	3217.0	82.0
5.590911E13	3217.0	82.0
5.5909124E13	3217.0	82.0
5.5909133E13	3217.0	82.0
5.590914E13	3270.0	82.0
5.5909154E13	3270.0	82.0
5.5909162E13	3270.0	82.0
5.590917E13	3302.0	81.0
5.5909183E13	3302.0	81.0
5.590919E13	3302.0	81.0
5.5909204E13	3302.0	81.0
5.5909212E13	3216.0	81.0
5.590922E13	3216.0	81.0
5.5909233E13	3216.0	81.0
5.590924E13	3216.0	81.0
5.5909254E13	3202.0	81.0
5.5909263E13	3202.0	81.0
5.590927E13	3202.0	81.0
5.5909284E13	3202.0	81.0
5.5909292E13	3208.0	82.0
5.59093E13	3208.0	82.0
5.5909313E13	3208.0	82.0
5.590932E13	3200.0	82.0
5.5909334E13	3200.0	82.0
5.5909343E13	3200.0	82.0
5.590935E13	3200.0	82.0
5.5909363E13	3196.0	82.0
5.590937E13	3196.0	81.0
5.5909384E13	3196.0	81.0
5.5909393E13	3196.0	81.0
5.59094E13	3132.0	82.0
5.5909414E13	3132.0	82.0
5.5909422E13	3132.0	82.0
5.590943E13	3123.0	82.0
5.5909443E13	3108.0	82.0
5.590945E13	3108.0	82.0
5.5909464E13	3108.0	82.0
5.5909473E13	3108.0	82.0
5.590948E13	3108.0	82.0
5.5909494E13	3108.0	82.0
5.59095E13	3108.0	82.0
5.5909514E13	3101.0	82.0
5.5909523E13	3101.0	82.0
5.590953E13	3101.0	82.0
5.5909544E13	3101.0	82.0
5.5909552E13	3122.0	83.0
5.590956E13	3122.0	83.0
5.5909573E13	3122.0	82.0
5.590958E13	3145.0	82.0
5.5909594E13	3141.0	82.0
5.5909603E13	3141.0	82.0
5.590961E13	3086.0	82.0
5.5909624E13	3086.0	82.0
5.590963E13	3086.0	82.0
5.5909645E13	3086.0	83.0
5.5909653E13	3095.0	83.0
5.590966E13	3095.0	83.0
5.5909674E13	3095.0	83.0
5.5909682E13	3095.0	83.0
5.5909695E13	3160.0	83.0
5.5909703E13	3160.0	83.0
5.590971E13	3160.0	83.0
5.5909724E13	3164.0	83.0
5.5909733E13	3169.0	83.0
5.590974E13	3169.0	83.0
5.5909754E13	3169.0	83.0
5.590976E13	3169.0	83.0
5.5909775E13	3251.0	83.0
5.5909783E13	3251.0	82.0
5.590979E13	3251.0	81.0
5.5909804E13	3251.0	81.0
5.5909812E13	3223.0	81.0
5.5909825E13	3223.0	81.0
5.5909833E13	3223.0	81.0
5.590984E13	3223.0	81.0
5.5909854E13	3256.0	81.0
5.5909863E13	3256.0	82.0
5.590987E13	3256.0	81.0
5.5909884E13	3267.0	82.0
5.590989E13	3267.0	82.0
5.5909905E13	3267.0	82.0
5.5909913E13	3267.0	82.0
5.590992E13	3293.0	82.0
5.5909934E13	3293.0	82.0
5.5909942E13	3293.0	81.0
5.5909955E13	3293.0	81.0
5.5909963E13	3305.0	81.0
5.590997E13	3305.0	81.0
5.5909984E13	3305.0	81.0
5.5909993E13	3330.0	81.0
5.5910005E13	3330.0	81.0
5.5910014E13	3330.0	81.0
5.591002E13	3361.0	82.0
5.5910035E13	3361.0	82.0
5.5910043E13	3361.0	82.0
5.591005E13	3361.0	82.0
5.5910064E13	3307.0	81.0
5.5910072E13	3307.0	81.0
5.5910085E13	3307.0	81.0
5.5910093E13	3307.0	81.0
5.59101E13	3292.0	81.0
5.5910114E13	3292.0	81.0
5.5910123E13	3292.0	82.0
5.5910135E13	3292.0	82.0
5.5910144E13	3268.0	81.0
5.591015E13	3268.0	81.0
5.5910165E13	3268.0	81.0
5.5910173E13	3281.0	81.0
5.591018E13	3281.0	81.0
5.5910194E13	3281.0	81.0
5.5910202E13	3281.0	81.0
5.5910215E13	3239.0	81.0
5.5910223E13	3239.0	81.0
5.591023E13	3239.0	81.0
5.5910244E13	3239.0	81.0
5.5910253E13	3240.0	81.0
5.5910265E13	3240.0	82.0
5.5910274E13	3240.0	82.0
5.591028E13	3240.0	82.0
5.5910295E13	3261.0	82.0
5.5910303E13	3261.0	82.0
5.591031E13	3261.0	82.0
5.5910324E13	3290.0	82.0
5.5910332E13	3290.0	82.0
5.5910345E13	3290.0	81.0
5.5910353E13	3290.0	81.0
5.591036E13	3306.0	81.0
5.5910374E13	3306.0	81.0
5.5910383E13	3306.0	81.0
5.5910395E13	3306.0	81.0
5.5910404E13	3285.0	81.0
5.591041E13	3285.0	81.0
5.5910425E13	3285.0	82.0
5.5910433E13	3285.0	81.0
5.5910446E13	3281.0	81.0
5.5910454E13	3281.0	81.0
5.5910462E13	3281.0	81.0
5.5910475E13	3407.0	81.0
5.5910483E13	3407.0	81.0
5.591049E13	3407.0	81.0
5.5910504E13	3407.0	81.0
5.5910513E13	3325.0	81.0
5.5910525E13	3325.0	81.0
5.5910534E13	3325.0	82.0
5.591054E13	3325.0	82.0
5.5910555E13	3385.0	83.0
5.5910563E13	3385.0	83.0
5.591057E13	3385.0	83.0
5.5910584E13	3385.0	82.0
5.5910592E13	3385.0	82.0
5.5910605E13	3400.0	82.0
5.5910613E13	3400.0	82.0
5.591062E13	3400.0	81.0
5.5910634E13	3433.0	81.0
5.5910643E13	3433.0	81.0
5.5910655E13	3433.0	80.0
5.5910664E13	3433.0	81.0
5.5910672E13	3417.0	81.0
5.5910685E13	3417.0	81.0
5.5910693E13	3417.0	81.0
5.5910706E13	3417.0	81.0
5.5910714E13	3448.0	81.0
5.5910722E13	3448.0	82.0
5.5910735E13	3448.0	82.0
5.5910743E13	3448.0	82.0
5.591075E13	3473.0	82.0
5.5910764E13	3473.0	81.0
5.5910773E13	3473.0	81.0
5.5910785E13	3411.0	81.0
5.5910794E13	3411.0	81.0
5.5910802E13	3411.0	81.0
5.5910815E13	3411.0	81.0
5.5910823E13	3431.0	82.0
5.5910836E13	3431.0	82.0
5.5910844E13	3431.0	82.0
5.5910852E13	3431.0	82.0
5.5910865E13	3417.0	82.0
5.5910873E13	3417.0	82.0
5.591088E13	3417.0	82.0
5.5910894E13	3417.0	51.0
5.5910903E13	3452.0	81.0
5.5910915E13	3452.0	81.0
5.5910924E13	3452.0	81.0
5.5910932E13	3395.0	82.0
5.5910945E13	3395.0	82.0
5.5910953E13	3395.0	82.0
5.5910966E13	3395.0	82.0
5.5910974E13	3401.0	82.0
5.5910995E13	3401.0	82.0
5.5911003E13	3401.0	51.0
5.5911016E13	3475.0	81.0
5.5911024E13	3475.0	50.0
5.5911033E13	3475.0	81.0
5.5911045E13	3475.0	81.0
5.5911054E13	3413.0	81.0
5.5911062E13	3413.0	81.0
5.5911075E13	3413.0	81.0
5.5911083E13	3397.0	81.0
5.5911096E13	3397.0	81.0
5.5911104E13	3397.0	82.0
5.5911117E13	3397.0	82.0
5.5911125E13	3428.0	82.0
5.5911133E13	3428.0	82.0
5.5911146E13	3428.0	82.0
5.5911154E13	3428.0	82.0
5.5911163E13	3456.0	82.0
5.5911175E13	3456.0	82.0
5.5911184E13	3456.0	82.0
5.5911192E13	3479.0	82.0
5.5911205E13	3393.0	82.0
5.5911213E13	3393.0	81.0
5.5911226E13	3446.0	81.0
5.5911234E13	3446.0	81.0
5.5911243E13	3446.0	81.0
5.5911255E13	3446.0	81.0
5.5911264E13	3408.0	81.0
5.5911276E13	3408.0	81.0
5.5911284E13	3408.0	81.0
5.5911293E13	3408.0	81.0
5.5911305E13	3408.0	81.0
5.5911314E13	3389.0	81.0
5.5911322E13	3389.0	81.0
5.5911335E13	3389.0	81.0
5.5911343E13	3397.0	81.0
5.5911356E13	3404.0	81.0
5.5911364E13	3404.0	81.0
5.5911373E13	3404.0	81.0
5.5911385E13	3420.0	81.0
5.5911394E13	3420.0	82.0
5.5911406E13	3420.0	82.0
5.5911414E13	3358.0	82.0
5.5911423E13	3358.0	82.0
5.5911435E13	3358.0	82.0
5.5911444E13	3358.0	82.0
5.5911456E13	3358.0	82.0
5.5911465E13	3410.0	82.0
5.5911473E13	3410.0	82.0
5.5911486E13	3410.0	82.0
5.5911494E13	3383.0	82.0
5.5911503E13	3416.0	82.0
5.5911515E13	3416.0	81.0
5.5911524E13	3416.0	81.0
5.5911536E13	3327.0	81.0
5.5911545E13	3327.0	81.0
5.5911553E13	3327.0	81.0
5.5911565E13	3280.0	81.0
5.5911574E13	3280.0	81.0
5.5911586E13	3280.0	81.0
5.5911595E13	3280.0	81.0
5.5911603E13	3280.0	81.0
5.5911616E13	3332.0	82.0
5.5911624E13	3332.0	82.0
5.5911633E13	3332.0	82.0
5.5911645E13	3335.0	82.0
5.5911654E13	3335.0	82.0
5.5911666E13	3335.0	82.0
5.5911675E13	3335.0	82.0
5.5911683E13	3346.0	82.0
5.5911696E13	3346.0	82.0
5.5911704E13	3346.0	82.0
5.5911716E13	3346.0	82.0
5.5911725E13	3373.0	82.0
5.5911733E13	3373.0	82.0
5.5911746E13	3373.0	82.0
5.5911754E13	3373.0	82.0
5.5911763E13	3369.0	82.0
5.5911775E13	3369.0	82.0
5.5911784E13	3369.0	82.0
5.5911796E13	3372.0	82.0
5.5911805E13	3372.0	82.0
5.5911813E13	3372.0	82.0
5.5911826E13	3315.0	82.0
5.5911834E13	3315.0	82.0
5.5911847E13	3315.0	82.0
5.5911855E13	3315.0	82.0
5.5911863E13	3315.0	82.0
5.5911876E13	3392.0	82.0
5.5911884E13	3392.0	82.0
5.5911897E13	3392.0	82.0
5.5911905E13	3392.0	82.0
5.5911914E13	3331.0	82.0
5.5911926E13	3331.0	82.0
5.5911935E13	3331.0	82.0
5.5911943E13	3315.0	82.0
5.5911956E13	3315.0	82.0
5.5911964E13	3315.0	82.0
5.5911977E13	3315.0	82.0
5.5911985E13	3275.0	82.0
5.5911993E13	3275.0	82.0
5.5912006E13	3275.0	82.0
5.5912014E13	3275.0	82.0
5.5912027E13	3335.0	82.0
5.5912035E13	3335.0	82.0
5.5912044E13	3335.0	82.0
5.5912056E13	3335.0	82.0
5.5912065E13	3359.0	82.0
5.5912073E13	3359.0	82.0
5.5912086E13	3359.0	82.0
5.5912094E13	3276.0	82.0
5.5912107E13	3276.0	82.0
5.5912115E13	3276.0	82.0
5.5912123E13	3276.0	82.0
5.5912136E13	3297.0	82.0
5.5912144E13	3297.0	82.0
5.5912157E13	3297.0	82.0
5.5912165E13	3297.0	82.0
5.5912174E13	3388.0	82.0
5.5912186E13	3388.0	82.0
5.5912195E13	3388.0	82.0
5.5912207E13	3388.0	82.0
5.5912216E13	3374.0	82.0
5.5912224E13	3374.0	82.0
5.5912237E13	3374.0	82.0
5.5912245E13	3375.0	82.0
5.5912253E13	3375.0	82.0
5.5912266E13	3375.0	82.0
5.5912274E13	3375.0	82.0
5.5912287E13	3433.0	82.0
5.5912295E13	3433.0	82.0
5.5912304E13	3433.0	82.0
5.5912316E13	3433.0	82.0
5.5912325E13	3422.0	82.0
5.5912337E13	3422.0	82.0
5.5912346E13	3422.0	82.0
5.5912354E13	3422.0	82.0
5.5912367E13	3426.0	81.0
5.5912375E13	3426.0	81.0
5.5912383E13	3426.0	81.0
5.5912396E13	3370.0	81.0
5.5912404E13	3370.0	81.0
5.5912417E13	3370.0	81.0
5.5912425E13	3422.0	81.0
5.5912434E13	3422.0	81.0
5.5912446E13	3422.0	81.0
5.5912455E13	3422.0	81.0
5.5912467E13	3422.0	81.0
5.5912476E13	3408.0	81.0
5.5912484E13	3408.0	82.0
5.5912497E13	3408.0	82.0
5.5912505E13	3408.0	81.0
5.5912518E13	3469.0	81.0
5.5912526E13	3469.0	82.0
5.5912534E13	3469.0	82.0
5.5912547E13	3346.0	81.0
5.5912555E13	3346.0	81.0
5.5912564E13	3346.0	81.0
5.5912576E13	3338.0	82.0
5.5912585E13	3338.0	82.0
5.5912597E13	3338.0	82.0
5.5912606E13	3338.0	82.0
5.5912614E13	3385.0	81.0
5.5912627E13	3385.0	82.0
5.5912635E13	3385.0	82.0
5.5912648E13	3385.0	82.0
5.5912656E13	3360.0	82.0
5.5912664E13	3360.0	81.0
5.5912677E13	3360.0	81.0
5.5912685E13	3360.0	81.0
5.5912694E13	3344.0	82.0
5.5912706E13	3344.0	81.0
5.5912715E13	3344.0	81.0
5.5912727E13	3344.0	81.0
5.5912736E13	3338.0	81.0
5.5912744E13	3338.0	81.0
5.5912757E13	3338.0	81.0
5.5912765E13	3338.0	81.0
5.5912778E13	3379.0	81.0
5.5912786E13	3379.0	81.0
5.5912794E13	3379.0	82.0
5.5912807E13	3355.0	82.0
5.5912815E13	3383.0	82.0
5.591283E13	3383.0	82.0
5.5912836E13	3383.0	82.0
5.5912845E13	3416.0	82.0
5.5912857E13	3416.0	82.0
5.5912866E13	3416.0	82.0
5.5912874E13	3416.0	82.0
5.5912887E13	3384.0	82.0
5.5912895E13	3384.0	82.0
5.5912908E13	3384.0	82.0
5.5912916E13	3384.0	82.0
5.5912924E13	3380.0	82.0
5.5912937E13	3380.0	82.0
5.5912945E13	3380.0	82.0
5.591296E13	3377.0	82.0
5.5912966E13	3358.0	82.0
5.5912975E13	3358.0	82.0
5.5912987E13	3358.0	82.0
5.5912996E13	3388.0	82.0
5.5913004E13	3388.0	82.0
5.5913017E13	3388.0	82.0
5.5913025E13	3388.0	81.0
5.5913038E13	3363.0	81.0
5.5913046E13	3363.0	81.0
5.5913054E13	3363.0	82.0
5.5913067E13	3363.0	82.0
5.5913075E13	3318.0	82.0
5.591309E13	3318.0	82.0
5.5913096E13	3318.0	82.0
5.5913105E13	3357.0	82.0
5.5913117E13	3386.0	82.0
5.5913126E13	3386.0	82.0
5.5913134E13	3386.0	82.0
5.5913147E13	3360.0	82.0
5.5913155E13	3360.0	82.0
5.5913168E13	3360.0	82.0
5.5913176E13	3360.0	82.0
5.5913184E13	3315.0	82.0
5.5913197E13	3315.0	82.0
5.5913205E13	3315.0	82.0
5.591322E13	3315.0	82.0
5.5913226E13	3341.0	82.0
5.5913235E13	3341.0	82.0
5.5913247E13	3341.0	82.0
5.5913256E13	3372.0	82.0
5.5913264E13	3372.0	82.0
5.5913277E13	3372.0	82.0
5.5913285E13	3372.0	82.0
5.5913298E13	3364.0	82.0
5.5913306E13	3364.0	82.0
5.5913315E13	3364.0	82.0
5.5913327E13	3364.0	82.0
5.5913335E13	3379.0	82.0
5.591335E13	3379.0	82.0
5.5913356E13	3379.0	82.0
5.5913365E13	3379.0	82.0
5.5913377E13	3404.0	82.0
5.5913386E13	3404.0	82.0
5.5913394E13	3404.0	82.0
5.5913407E13	3384.0	82.0
5.5913415E13	3384.0	82.0
5.5913428E13	3384.0	82.0
5.5913436E13	3384.0	82.0
5.5913445E13	3403.0	82.0
5.5913457E13	3403.0	82.0
5.5913466E13	3403.0	82.0
5.591348E13	3338.0	82.0
5.5913486E13	3338.0	82.0
5.5913495E13	3338.0	82.0
5.5913507E13	3338.0	82.0
5.5913516E13	3407.0	82.0
5.591353E13	3407.0	82.0
5.5913537E13	3407.0	82.0
5.5913545E13	3334.0	82.0
5.5913558E13	3334.0	82.0
5.5913566E13	3334.0	82.0
5.5913575E13	3334.0	82.0
5.5913587E13	3370.0	82.0
5.5913596E13	3370.0	82.0
5.591361E13	3370.0	82.0
5.5913617E13	3370.0	82.0
5.5913625E13	3430.0	82.0
5.5913637E13	3430.0	82.0
5.5913646E13	3430.0	51.0
5.591366E13	3430.0	81.0
5.5913667E13	3421.0	81.0
5.5913675E13	3421.0	81.0
5.5913688E13	3421.0	81.0
5.5913696E13	3479.0	81.0
5.5913705E13	3479.0	82.0
5.5913717E13	3479.0	51.0
5.5913726E13	3479.0	82.0
5.591374E13	3377.0	82.0
5.5913747E13	3377.0	82.0
5.5913755E13	3377.0	82.0
5.5913768E13	3377.0	82.0
5.5913776E13	3466.0	82.0
5.591379E13	3466.0	81.0
5.5913797E13	3466.0	81.0
5.5913805E13	3466.0	81.0
5.5913818E13	3423.0	81.0
5.5913826E13	3423.0	81.0
5.591384E13	3423.0	81.0
5.5913847E13	3459.0	81.0
5.5913856E13	3459.0	82.0
5.591387E13	3459.0	82.0
5.5913877E13	3459.0	82.0
5.5913885E13	3395.0	82.0
5.5913898E13	3395.0	82.0
5.5913906E13	3395.0	82.0
5.591392E13	3395.0	82.0
5.5913927E13	3348.0	82.0
5.5913935E13	3348.0	82.0
5.5913948E13	3348.0	82.0
5.5913956E13	3348.0	82.0
5.591397E13	3348.0	81.0
5.5913977E13	3379.0	81.0
5.5913986E13	3379.0	81.0
5.5914E13	3307.0	82.0
5.5914007E13	3307.0	82.0
5.5914015E13	3307.0	82.0
5.5914028E13	3307.0	82.0
5.5914036E13	3307.0	82.0
5.591405E13	3346.0	82.0
5.5914057E13	3346.0	82.0
5.5914065E13	3346.0	82.0
5.5914078E13	3346.0	82.0
5.5914086E13	3320.0	81.0
5.59141E13	3320.0	81.0
5.5914107E13	3320.0	81.0
5.5914116E13	3320.0	81.0
5.591413E13	3312.0	81.0
5.5914137E13	3312.0	81.0
5.5914145E13	3312.0	81.0
5.5914158E13	3289.0	81.0
5.5914166E13	3289.0	81.0
5.591418E13	3289.0	81.0
5.5914187E13	3289.0	81.0
5.5914195E13	3333.0	82.0
5.591421E13	3333.0	82.0
5.5914216E13	3333.0	82.0
5.591423E13	3333.0	82.0
5.5914237E13	3291.0	82.0
5.5914246E13	3291.0	82.0
5.591426E13	3291.0	82.0
5.5914267E13	3291.0	82.0
5.5914275E13	3326.0	82.0
5.5914288E13	3326.0	82.0
5.5914296E13	3326.0	82.0
5.591431E13	3304.0	82.0
5.5914317E13	3304.0	82.0
5.5914325E13	3304.0	82.0
5.591434E13	3304.0	82.0
5.5914346E13	3290.0	82.0
5.591436E13	3290.0	82.0
5.5914367E13	3290.0	82.0
5.5914376E13	3290.0	82.0
5.591439E13	3299.0	82.0
5.5914397E13	3299.0	82.0
5.591441E13	3299.0	82.0
5.5914418E13	3277.0	82.0
5.5914426E13	3276.0	82.0
5.591444E13	3276.0	82.0
5.5914447E13	3276.0	82.0
5.5914455E13	3306.0	82.0
5.591447E13	3306.0	82.0
5.5914476E13	3306.0	82.0
5.591449E13	3306.0	82.0
5.5914497E13	3265.0	82.0
5.5914506E13	3265.0	82.0
5.591452E13	3265.0	82.0
5.5914527E13	3265.0	82.0
5.591454E13	3316.0	82.0
5.5914548E13	3316.0	82.0
5.5914556E13	3316.0	82.0
5.591457E13	3325.0	82.0
5.5914577E13	3326.0	82.0
5.591459E13	3326.0	82.0
5.59146E13	3250.0	82.0
5.5914606E13	3250.0	82.0
5.591462E13	3250.0	82.0
5.5914627E13	3250.0	82.0
5.5914636E13	3250.0	82.0
5.591465E13	3253.0	82.0
5.5914657E13	3253.0	82.0
5.591467E13	3253.0	82.0
5.5914678E13	3253.0	82.0
5.5914686E13	3275.0	82.0
5.59147E13	3275.0	82.0
5.5914707E13	3275.0	82.0
5.591472E13	3322.0	82.0
5.591473E13	3318.0	82.0
5.5914736E13	3318.0	82.0
5.591475E13	3318.0	82.0
5.5914757E13	3261.0	82.0
5.591477E13	3261.0	82.0
5.591478E13	3261.0	82.0
5.5914787E13	3261.0	82.0
5.59148E13	3341.0	82.0
5.5914808E13	3341.0	82.0
5.5914816E13	3341.0	82.0
5.591483E13	3341.0	82.0
5.5914837E13	3298.0	82.0
5.591485E13	3298.0	82.0
5.591486E13	3298.0	82.0
5.5914866E13	3337.0	82.0
5.591488E13	3337.0	82.0
5.5914887E13	3337.0	82.0
5.5914896E13	3337.0	83.0
5.591491E13	3335.0	83.0
5.5914917E13	3335.0	83.0
5.591493E13	3335.0	83.0
5.5914938E13	3335.0	82.0
5.5914946E13	3358.0	82.0
5.591496E13	3358.0	82.0
5.5914967E13	3358.0	82.0
5.591498E13	3358.0	82.0
5.591499E13	3339.0	82.0
5.5914996E13	3339.0	82.0
5.591501E13	3339.0	81.0
5.5915017E13	3409.0	81.0
5.591503E13	3409.0	81.0
5.591504E13	3409.0	81.0
5.5915047E13	3409.0	81.0
5.591506E13	3406.0	81.0
5.5915068E13	3406.0	81.0
5.5915076E13	3406.0	81.0
5.591509E13	3406.0	80.0
5.5915097E13	3444.0	81.0
5.591511E13	3444.0	80.0
5.591512E13	3444.0	80.0
5.5915126E13	3444.0	81.0
5.591514E13	3484.0	81.0
5.5915147E13	3484.0	81.0
5.591516E13	3484.0	81.0
5.591517E13	3472.0	81.0
5.5915177E13	3472.0	81.0
5.591519E13	3472.0	82.0
5.5915198E13	3472.0	82.0
5.591521E13	3485.0	82.0
5.591522E13	3485.0	82.0
5.5915227E13	3485.0	82.0
5.591524E13	3485.0	82.0
5.591525E13	3459.0	82.0
5.5915256E13	3459.0	82.0
5.591527E13	3459.0	82.0
5.5915277E13	3459.0	81.0
5.591529E13	3467.0	81.0
5.59153E13	3467.0	81.0
5.5915307E13	3467.0	81.0
5.591532E13	3498.0	81.0
5.5915328E13	3498.0	82.0
5.591534E13	3498.0	81.0
5.591535E13	3498.0	81.0
5.5915357E13	3460.0	81.0
5.591537E13	3460.0	82.0
5.591538E13	3460.0	82.0
5.5915387E13	3460.0	82.0
5.59154E13	3516.0	82.0
5.5915407E13	3516.0	81.0
5.591542E13	3516.0	81.0
5.591543E13	3516.0	81.0
5.5915437E13	3530.0	81.0
5.591545E13	3530.0	82.0
5.5915458E13	3530.0	82.0
5.591547E13	3480.0	82.0
5.591548E13	3480.0	82.0
5.5915487E13	3480.0	82.0
5.59155E13	3480.0	81.0
5.591551E13	3541.0	81.0
5.5915517E13	3541.0	81.0
5.591553E13	3541.0	81.0
5.5915537E13	3486.0	81.0
5.591555E13	3486.0	81.0
5.591556E13	3486.0	81.0
5.5915567E13	3486.0	81.0
5.591558E13	3486.0	81.0
5.5915588E13	3413.0	82.0
5.59156E13	3413.0	82.0
5.591561E13	3413.0	82.0
5.5915617E13	3469.0	82.0
5.591563E13	3469.0	82.0
5.591564E13	3469.0	82.0
5.5915647E13	3512.0	81.0
5.591566E13	3512.0	81.0
5.5915668E13	3512.0	81.0
5.591568E13	3512.0	81.0
5.591569E13	3512.0	81.0
5.5915697E13	3419.0	81.0
5.591571E13	3419.0	81.0
5.5915718E13	3419.0	81.0
5.591573E13	3419.0	81.0
5.591574E13	3400.0	82.0
5.5915747E13	3400.0	82.0
5.591576E13	3400.0	83.0
5.591577E13	3422.0	83.0
5.591578E13	3422.0	83.0
5.591579E13	3422.0	83.0
5.5915798E13	3422.0	83.0
5.591581E13	3365.0	82.0
5.591582E13	3365.0	82.0
5.5915827E13	3365.0	82.0
5.591584E13	3365.0	81.0
5.5915848E13	3355.0	81.0
5.591587E13	3355.0	81.0
5.5915877E13	3355.0	81.0
5.59159E13	3370.0	81.0
5.591591E13	3370.0	81.0
5.591592E13	3400.0	82.0
5.5915928E13	3400.0	82.0
5.591594E13	3400.0	82.0
5.591595E13	3400.0	82.0
5.5915957E13	3435.0	82.0
5.591597E13	3435.0	82.0
5.5915978E13	3435.0	82.0
5.591599E13	3435.0	82.0
5.5916E13	3397.0	82.0
5.5916007E13	3397.0	51.0
5.591602E13	3397.0	82.0
5.591603E13	3397.0	81.0
5.591604E13	3417.0	51.0
5.591605E13	3417.0	81.0
5.5916058E13	3417.0	51.0
5.591607E13	3377.0	82.0
5.591608E13	3377.0	82.0
5.5916087E13	3377.0	82.0
5.59161E13	3377.0	82.0
5.591612E13	3418.0	82.0
5.591613E13	3418.0	82.0
5.5916137E13	3418.0	82.0
5.591615E13	3386.0	82.0
5.591617E13	3386.0	81.0
5.591618E13	3450.0	81.0
5.5916188E13	3432.0	81.0
5.59162E13	3432.0	81.0
5.591621E13	3432.0	81.0
5.591622E13	3396.0	81.0
5.591623E13	3396.0	82.0
5.591624E13	3396.0	82.0
5.591625E13	3396.0	82.0
5.591626E13	3359.0	82.0
5.5916267E13	3359.0	82.0
5.591628E13	3359.0	82.0
5.591629E13	3359.0	82.0
5.59163E13	3380.0	82.0
5.591631E13	3380.0	82.0
5.5916318E13	3380.0	82.0
5.591633E13	3392.0	82.0
5.591634E13	3348.0	82.0
5.591635E13	3348.0	81.0
5.591636E13	3348.0	81.0
5.591637E13	3373.0	82.0
5.591638E13	3373.0	82.0
5.591639E13	3373.0	82.0
5.5916397E13	3338.0	82.0
5.591641E13	3338.0	82.0
5.591642E13	3338.0	82.0
5.591643E13	3338.0	82.0
5.591644E13	3329.0	82.0
5.5916448E13	3329.0	82.0
5.591646E13	3329.0	82.0
5.591647E13	3329.0	82.0
5.591648E13	3348.0	82.0
5.591649E13	3348.0	82.0
5.59165E13	3348.0	82.0
5.591651E13	3348.0	82.0
5.591652E13	3340.0	82.0
5.5916527E13	3340.0	82.0
5.591654E13	3340.0	82.0
5.591655E13	3340.0	81.0
5.591656E13	3358.0	82.0
5.591657E13	3358.0	81.0
5.5916578E13	3358.0	81.0
5.591659E13	3344.0	81.0
5.59166E13	3344.0	81.0
5.591661E13	3344.0	82.0
5.591662E13	3310.0	82.0
5.591663E13	3310.0	82.0
5.591664E13	3310.0	81.0
5.591665E13	3310.0	81.0
5.591666E13	3310.0	81.0
5.591667E13	3304.0	81.0
5.591668E13	3304.0	82.0
5.591669E13	3304.0	82.0
5.59167E13	3325.0	82.0
5.5916708E13	3325.0	82.0
5.591672E13	3325.0	82.0
5.591673E13	3325.0	82.0
5.591674E13	3325.0	82.0
5.591675E13	3312.0	82.0
5.591677E13	3312.0	82.0
5.591678E13	3388.0	82.0
5.591679E13	3388.0	82.0
5.59168E13	3388.0	81.0
5.591682E13	3371.0	81.0
5.5916838E13	3371.0	81.0
5.591685E13	3340.0	82.0
5.591686E13	3340.0	82.0
5.591687E13	3340.0	82.0
5.591688E13	3340.0	82.0
5.591689E13	3398.0	82.0
5.59169E13	3398.0	82.0
5.591691E13	3398.0	82.0
5.591692E13	3362.0	82.0
5.591693E13	3362.0	82.0
5.591694E13	3362.0	82.0
5.591695E13	3362.0	82.0
5.591696E13	3376.0	82.0
5.591697E13	3376.0	82.0
5.591698E13	3376.0	82.0
5.591699E13	3376.0	82.0
5.5917E13	3388.0	82.0
5.591701E13	3388.0	82.0
5.591702E13	3388.0	82.0
5.591703E13	3388.0	82.0
5.591704E13	3388.0	82.0
5.591705E13	3395.0	82.0
5.591706E13	3395.0	82.0
5.591707E13	3395.0	82.0
5.591708E13	3414.0	82.0
5.591709E13	3414.0	81.0
5.5917098E13	3414.0	81.0
5.591711E13	3414.0	81.0
5.591712E13	3377.0	81.0
5.591713E13	3377.0	82.0
5.591714E13	3377.0	82.0
5.591715E13	3377.0	82.0
5.591716E13	3376.0	82.0
5.591717E13	3376.0	82.0
5.591718E13	3376.0	82.0
5.591719E13	3376.0	82.0
5.59172E13	3407.0	82.0
5.591721E13	3407.0	82.0
5.591722E13	3407.0	82.0
5.591723E13	3416.0	82.0
5.591724E13	3416.0	82.0
5.591725E13	3416.0	82.0
5.591726E13	3416.0	82.0
5.591727E13	3365.0	82.0
5.591728E13	3365.0	82.0
5.591729E13	3365.0	82.0
5.59173E13	3365.0	82.0
5.591731E13	3372.0	82.0
5.591732E13	3372.0	82.0
5.591733E13	3372.0	82.0
5.591734E13	3372.0	82.0
5.591735E13	3348.0	82.0
5.591736E13	3348.0	82.0
5.591737E13	3348.0	81.0
5.591738E13	3331.0	81.0
5.591739E13	3331.0	81.0
5.59174E13	3331.0	82.0
5.5917412E13	3331.0	82.0
5.591742E13	3462.0	82.0
5.591743E13	3462.0	82.0
5.591744E13	3462.0	82.0
5.591745E13	3462.0	82.0
5.591746E13	3431.0	82.0
5.591747E13	3431.0	82.0
5.591748E13	3431.0	82.0
5.591749E13	3431.0	82.0
5.59175E13	3393.0	82.0
5.591751E13	3393.0	81.0
5.591752E13	3393.0	81.0
5.591753E13	3346.0	81.0
5.591754E13	3346.0	81.0
5.591755E13	3346.0	81.0
5.591756E13	3346.0	81.0
5.591757E13	3351.0	81.0
5.591758E13	3351.0	81.0
5.591759E13	3332.0	82.0
5.59176E13	3332.0	82.0
5.591761E13	3332.0	82.0
5.591762E13	3332.0	82.0
5.591763E13	3304.0	82.0
5.591764E13	3334.0	82.0
5.591765E13	3334.0	82.0
5.591766E13	3334.0	82.0
5.5917672E13	3334.0	82.0
5.591768E13	3361.0	82.0
5.591769E13	3361.0	82.0
5.59177E13	3361.0	82.0
5.591771E13	3361.0	82.0
5.591772E13	3373.0	82.0
5.591773E13	3373.0	81.0
5.591774E13	3373.0	81.0
5.591775E13	3373.0	81.0
5.591776E13	3304.0	81.0
5.591777E13	3304.0	81.0
5.591778E13	3304.0	81.0
5.591779E13	3314.0	82.0
5.5917802E13	3343.0	82.0
5.591781E13	3343.0	82.0
5.591782E13	3343.0	82.0
5.591783E13	3342.0	82.0
5.591784E13	3342.0	82.0
5.591785E13	3342.0	82.0
5.591786E13	3342.0	82.0
5.591787E13	3346.0	82.0
5.5917882E13	3346.0	82.0
5.591789E13	3346.0	82.0
5.59179E13	3346.0	82.0
5.591791E13	3355.0	82.0
5.591792E13	3355.0	82.0
5.5917932E13	3355.0	82.0
5.591794E13	3366.0	82.0
5.591795E13	3366.0	82.0
5.591796E13	3366.0	82.0
5.591797E13	3366.0	82.0
5.591798E13	3335.0	82.0
5.591799E13	3335.0	82.0
5.5918E13	3335.0	82.0
5.5918012E13	3335.0	82.0
5.591802E13	3328.0	82.0
5.5918033E13	3328.0	82.0
5.591804E13	3328.0	82.0
5.591805E13	3328.0	82.0
5.5918062E13	3308.0	82.0
5.591809E13	3340.0	82.0
5.59181E13	3340.0	82.0
5.5918113E13	3340.0	82.0
5.591812E13	3340.0	82.0
5.591813E13	3334.0	82.0
5.5918142E13	3334.0	82.0
5.591815E13	3334.0	82.0
5.591816E13	3316.0	82.0
5.591817E13	3316.0	82.0
5.591818E13	3316.0	82.0
5.5918192E13	3316.0	82.0
5.59182E13	3302.0	82.0
5.591821E13	3302.0	82.0
5.591822E13	3302.0	82.0
5.591823E13	3291.0	82.0
5.5918243E13	3291.0	82.0
5.591825E13	3291.0	82.0
5.591826E13	3291.0	82.0
5.5918272E13	3336.0	82.0
5.591828E13	3336.0	82.0
5.5918293E13	3336.0	82.0
5.59183E13	3336.0	82.0
5.591831E13	3349.0	82.0
5.5918323E13	3349.0	82.0
5.591833E13	3349.0	82.0
5.591834E13	3349.0	82.0
5.591835E13	3311.0	82.0
5.591836E13	3311.0	82.0
5.5918373E13	3311.0	82.0
5.591838E13	3329.0	82.0
5.591839E13	3329.0	82.0
5.5918402E13	3329.0	82.0
5.591841E13	3329.0	52.0
5.5918423E13	3323.0	82.0
5.591843E13	3323.0	82.0
5.591844E13	3323.0	82.0
5.5918453E13	3323.0	82.0
5.591846E13	3356.0	82.0
5.591847E13	3356.0	82.0
5.591848E13	3356.0	82.0
5.591849E13	3356.0	82.0
5.5918503E13	3288.0	82.0
5.591851E13	3288.0	82.0
5.591852E13	3288.0	82.0
5.5918532E13	3288.0	82.0
5.591854E13	3248.0	81.0
5.5918553E13	3248.0	81.0
5.591856E13	3248.0	81.0
5.591857E13	3248.0	82.0
5.5918583E13	3326.0	82.0
5.591859E13	3326.0	82.0
5.59186E13	3326.0	82.0
5.591861E13	3326.0	82.0
5.591862E13	3339.0	82.0
5.5918633E13	3339.0	82.0
5.591864E13	3339.0	82.0
5.591865E13	3339.0	82.0
5.5918662E13	3297.0	82.0
5.591867E13	3297.0	82.0
5.5918683E13	3297.0	81.0
5.591869E13	3338.0	81.0
5.59187E13	3338.0	81.0
5.5918713E13	3338.0	81.0
5.591872E13	3338.0	81.0
5.5918734E13	3323.0	82.0
5.591874E13	3323.0	82.0
5.591875E13	3323.0	82.0
5.5918763E13	3323.0	82.0
5.591877E13	3331.0	82.0
5.591878E13	3331.0	82.0
5.5918792E13	3331.0	82.0
5.59188E13	3331.0	82.0
5.5918813E13	3348.0	82.0
5.591882E13	3348.0	82.0
5.591883E13	3348.0	82.0
5.5918843E13	3351.0	82.0
5.591885E13	3351.0	82.0
5.591886E13	3351.0	82.0
5.591887E13	3351.0	82.0
5.591888E13	3268.0	82.0
5.5918893E13	3268.0	82.0
5.59189E13	3268.0	82.0
5.5918914E13	3268.0	82.0
5.5918922E13	3308.0	82.0
5.591893E13	3308.0	82.0
5.5918943E13	3308.0	82.0
5.591895E13	3308.0	82.0
5.591896E13	3331.0	82.0
5.5918973E13	3331.0	82.0
5.591898E13	3331.0	82.0
5.5918994E13	3357.0	82.0
5.5919E13	3357.0	51.0
5.591901E13	3357.0	82.0
5.5919023E13	3357.0	82.0
5.591903E13	3269.0	82.0
5.591904E13	3269.0	82.0
5.5919052E13	3269.0	82.0
5.591906E13	3269.0	82.0
5.5919073E13	3292.0	82.0
5.591908E13	3292.0	82.0
5.591909E13	3292.0	82.0
5.5919103E13	3292.0	82.0
5.591911E13	3313.0	82.0
5.5919124E13	3313.0	82.0
5.591913E13	3313.0	82.0
5.591914E13	3281.0	82.0
5.5919153E13	3281.0	82.0
5.591916E13	3281.0	52.0
5.591917E13	3281.0	82.0
5.5919182E13	3292.0	82.0
5.591919E13	3292.0	82.0
5.5919203E13	3292.0	82.0
5.591921E13	3292.0	82.0
5.591922E13	3308.0	82.0
5.5919233E13	3308.0	81.0
5.591924E13	3308.0	82.0
5.5919254E13	3302.0	82.0
5.591926E13	3326.0	82.0
5.591927E13	3326.0	82.0
5.5919283E13	3326.0	82.0
5.591929E13	3318.0	82.0
5.5919304E13	3318.0	82.0
5.5919312E13	3318.0	82.0
5.591932E13	3318.0	82.0
5.5919333E13	3346.0	82.0
5.591934E13	3346.0	82.0
5.591935E13	3346.0	82.0
5.5919363E13	3346.0	82.0
5.591937E13	3295.0	82.0
5.5919384E13	3295.0	82.0
5.591939E13	3295.0	82.0
5.59194E13	3295.0	82.0
5.5919413E13	3289.0	82.0
5.591942E13	3289.0	82.0
5.5919434E13	3289.0	82.0
5.5919442E13	3333.0	82.0
5.591945E13	3333.0	82.0
5.5919463E13	3333.0	82.0
5.591947E13	3333.0	82.0
5.591948E13	3376.0	82.0
5.5919493E13	3376.0	82.0
5.59195E13	3376.0	82.0
5.5919514E13	3376.0	81.0
5.591952E13	3391.0	81.0
5.591953E13	3391.0	81.0
5.5919543E13	3392.0	81.0
5.591955E13	3389.0	81.0
5.5919564E13	3389.0	82.0
5.5919572E13	3389.0	82.0
5.591958E13	3381.0	82.0
5.5919593E13	3381.0	51.0
5.59196E13	3381.0	82.0
5.5919614E13	3381.0	82.0
5.5919623E13	3387.0	82.0
5.591963E13	3387.0	82.0
5.5919644E13	3387.0	82.0
5.5919652E13	3387.0	81.0
5.591966E13	3455.0	81.0
5.5919673E13	3455.0	81.0
5.591968E13	3455.0	81.0
5.5919694E13	3455.0	81.0
5.5919702E13	3389.0	81.0
5.591971E13	3389.0	81.0
5.5919723E13	3389.0	81.0
5.591973E13	3389.0	81.0
5.5919744E13	3439.0	82.0
5.5919753E13	3439.0	82.0
5.591976E13	3439.0	82.0
5.5919774E13	3439.0	82.0
5.5919782E13	3418.0	82.0
5.5919795E13	3418.0	82.0
5.5919803E13	3418.0	81.0
5.591981E13	3418.0	81.0
5.5919824E13	3399.0	81.0
5.5919832E13	3399.0	81.0
5.591984E13	3399.0	81.0
5.5919853E13	3425.0	81.0
5.591986E13	3425.0	82.0
5.5919874E13	3425.0	82.0
5.5919883E13	3425.0	82.0
5.591989E13	3378.0	82.0
5.5919904E13	3378.0	82.0
5.5919912E13	3378.0	82.0
5.5919925E13	3378.0	82.0
5.5919933E13	3404.0	82.0
5.591994E13	3404.0	82.0
5.5919954E13	3404.0	81.0
5.5919962E13	3404.0	81.0
5.5919975E13	3410.0	81.0
5.5919983E13	3410.0	81.0
5.591999E13	3410.0	81.0
5.5920004E13	3383.0	81.0
5.5920013E13	3383.0	81.0
5.592002E13	3383.0	81.0
5.5920034E13	3383.0	81.0
5.5920042E13	3420.0	81.0
5.592005E13	3420.0	82.0
5.5920063E13	3420.0	82.0
5.592007E13	3440.0	82.0
5.5920084E13	3440.0	82.0
5.5920093E13	3440.0	81.0
5.59201E13	3440.0	81.0
5.5920113E13	3428.0	81.0
5.592012E13	3428.0	81.0
5.5920134E13	3428.0	81.0
5.5920143E13	3413.0	81.0
5.592015E13	3413.0	81.0
5.5920164E13	3413.0	81.0
5.5920172E13	3413.0	81.0
5.5920185E13	3413.0	81.0
5.5920193E13	3368.0	82.0
5.59202E13	3368.0	82.0
5.5920214E13	3368.0	82.0
5.5920223E13	3368.0	82.0
5.592023E13	3426.0	82.0
5.5920244E13	3426.0	81.0
5.592025E13	3426.0	82.0
5.5920264E13	3426.0	81.0
5.5920273E13	3415.0	81.0
5.592028E13	3415.0	81.0
5.5920294E13	3415.0	81.0
5.5920302E13	3359.0	81.0
5.5920315E13	3359.0	81.0
5.5920323E13	3359.0	81.0
5.592033E13	3359.0	82.0
5.5920344E13	3470.0	82.0
5.5920353E13	3470.0	82.0
5.592036E13	3470.0	82.0
5.5920374E13	3470.0	82.0
5.592038E13	3446.0	82.0
5.5920395E13	3446.0	82.0
5.5920403E13	3446.0	82.0
5.592041E13	3446.0	82.0
5.5920424E13	3410.0	82.0
5.5920432E13	3410.0	82.0
5.5920445E13	3410.0	82.0
5.5920453E13	3407.0	82.0
5.592046E13	3407.0	82.0
5.5920474E13	3407.0	82.0
5.5920483E13	3407.0	81.0
5.592049E13	3432.0	81.0
5.5920504E13	3432.0	81.0
5.592051E13	3432.0	81.0
5.5920525E13	3389.0	81.0
5.5920533E13	3389.0	82.0
5.592054E13	3389.0	82.0
5.5920554E13	3389.0	82.0
5.5920562E13	3419.0	82.0
5.5920575E13	3419.0	82.0
5.5920583E13	3419.0	82.0
5.592059E13	3419.0	82.0
5.5920604E13	3413.0	51.0
5.5920613E13	3413.0	51.0
5.5920625E13	3413.0	51.0
5.5920634E13	3413.0	51.0
5.592064E13	3400.0	51.0
5.5920655E13	3400.0	51.0
5.5920663E13	3400.0	51.0
5.592067E13	3400.0	51.0
5.5920684E13	3323.0	51.0
5.5920696E13	3323.0	51.0
5.5920705E13	3323.0	51.0
5.5920713E13	3330.0	51.0
5.5920726E13	3371.0	82.0
5.5920734E13	3371.0	82.0
5.5920747E13	3371.0	82.0
5.5920755E13	3413.0	82.0
5.5920764E13	3413.0	81.0
5.592077E13	3413.0	51.0
5.5920785E13	3413.0	51.0
5.5920793E13	3409.0	51.0
5.592081E13	3409.0	51.0
5.5920814E13	3409.0	51.0
5.5920827E13	3409.0	51.0
5.5920835E13	3362.0	51.0
5.5920843E13	3362.0	51.0
5.592085E13	3362.0	51.0
5.5920864E13	3345.0	51.0
5.5920873E13	3376.0	51.0
5.5920885E13	3376.0	51.0
5.5920894E13	3376.0	51.0
5.5920906E13	3342.0	51.0
5.5920915E13	3342.0	51.0
5.5920927E13	3342.0	51.0
5.592093E13	3342.0	82.0
5.5920944E13	3394.0	51.0
5.5920952E13	3394.0	82.0
5.5920965E13	3394.0	81.0
5.5920973E13	3394.0	82.0
5.5920986E13	3350.0	81.0
5.5920994E13	3350.0	51.0
5.5921007E13	3350.0	82.0
5.5921024E13	3344.0	82.0
5.592103E13	3344.0	82.0
5.5921053E13	3373.0	82.0
5.5921045E13	3373.0	82.0
5.5921066E13	3373.0	51.0
5.5921074E13	3373.0	82.0
5.5921087E13	3294.0	82.0
5.5921095E13	3294.0	82.0
5.5921108E13	3294.0	52.0
5.592111E13	3294.0	52.0
5.5921124E13	3294.0	82.0
5.5921133E13	3326.0	82.0
5.5921154E13	3326.0	82.0
5.5921145E13	3326.0	82.0
5.5921166E13	3285.0	51.0
5.5921175E13	3285.0	51.0
5.5921187E13	3285.0	51.0
5.5921196E13	3285.0	51.0
5.5921204E13	3321.0	51.0
5.5921212E13	3321.0	51.0
5.5921225E13	3321.0	51.0
5.5921233E13	3321.0	51.0
5.5921246E13	3326.0	51.0
5.5921254E13	3326.0	51.0
5.5921267E13	3326.0	51.0
5.5921275E13	3326.0	51.0
5.5921288E13	3290.0	52.0
5.592129E13	3290.0	52.0
5.5921305E13	3290.0	52.0
5.5921313E13	3282.0	82.0
5.5921326E13	3282.0	52.0
5.5921334E13	3282.0	52.0
5.5921347E13	3282.0	52.0
5.5921355E13	3319.0	51.0
5.5921368E13	3319.0	51.0
5.5921376E13	3319.0	82.0
5.5921384E13	3319.0	51.0
5.5921393E13	3304.0	51.0
5.5921405E13	3304.0	51.0
5.5921414E13	3304.0	51.0
5.5921426E13	3304.0	51.0
5.5921435E13	3303.0	51.0
5.5921447E13	3303.0	51.0
5.5921456E13	3303.0	51.0
5.5921464E13	3319.0	51.0
5.5921472E13	3319.0	51.0
5.5921485E13	3319.0	51.0
5.5921493E13	3319.0	51.0
5.5921506E13	3316.0	51.0
5.5921514E13	3316.0	51.0
5.5921527E13	3316.0	51.0
5.5921535E13	3316.0	51.0
5.592155E13	3314.0	51.0
5.5921552E13	3314.0	51.0
5.5921565E13	3314.0	51.0
5.5921573E13	3314.0	51.0
5.5921586E13	3349.0	51.0
5.5921594E13	3349.0	51.0
5.5921607E13	3349.0	51.0
5.5921615E13	3316.0	82.0
5.5921628E13	3316.0	81.0
5.5921636E13	3316.0	81.0
5.5921644E13	3316.0	82.0
5.5921653E13	3307.0	82.0
5.5921665E13	3307.0	82.0
5.5921674E13	3307.0	82.0
5.5921686E13	3307.0	82.0
5.5921695E13	3319.0	82.0
5.5921707E13	3319.0	82.0
5.5921716E13	3319.0	82.0
5.5921724E13	3319.0	82.0
5.5921732E13	3336.0	82.0
5.5921745E13	3336.0	81.0
5.5921753E13	3336.0	81.0
5.5921766E13	3288.0	81.0
5.5921774E13	3288.0	81.0
5.5921787E13	3288.0	81.0
5.5921795E13	3288.0	81.0
5.592181E13	3278.0	81.0
5.5921816E13	3278.0	82.0
5.5921825E13	3278.0	82.0
5.5921833E13	3278.0	82.0
5.5921846E13	3276.0	82.0
5.5921854E13	3276.0	82.0
5.5921867E13	3276.0	81.0
5.5921875E13	3276.0	81.0
5.5921888E13	3258.0	80.0
5.5921896E13	3258.0	80.0
5.5921904E13	3258.0	81.0
5.5921913E13	3258.0	81.0
5.5921925E13	3258.0	81.0
5.5921934E13	3258.0	82.0
5.5921946E13	3258.0	82.0
5.5921955E13	3299.0	82.0
5.5921967E13	3299.0	82.0
5.5921976E13	3299.0	82.0
5.592199E13	3299.0	82.0
5.5921993E13	3358.0	82.0
5.5922005E13	3358.0	82.0
5.5922014E13	3358.0	82.0
5.5922026E13	3358.0	82.0
5.5922034E13	3313.0	81.0
5.5922047E13	3313.0	81.0
5.5922055E13	3313.0	81.0
5.592207E13	3361.0	81.0
5.5922076E13	3361.0	81.0
5.5922085E13	3361.0	81.0
5.5922093E13	3361.0	80.0
5.5922106E13	3307.0	80.0
5.5922114E13	3307.0	80.0
5.5922127E13	3307.0	80.0
5.5922135E13	3307.0	80.0
5.5922148E13	3379.0	80.0
5.5922156E13	3379.0	80.0
5.592217E13	3379.0	80.0
5.5922173E13	3379.0	81.0
5.5922185E13	3372.0	81.0
5.5922194E13	3372.0	81.0
5.5922206E13	3372.0	81.0
5.5922215E13	3397.0	81.0
5.5922227E13	3397.0	82.0
5.5922236E13	3397.0	82.0
5.592225E13	3397.0	81.0
5.5922257E13	3395.0	81.0
5.5922265E13	3395.0	81.0
5.5922274E13	3395.0	81.0
5.5922286E13	3395.0	81.0
5.5922295E13	3365.0	81.0
5.5922307E13	3365.0	81.0
5.5922315E13	3365.0	81.0
5.592233E13	3365.0	81.0
5.5922336E13	3427.0	81.0
5.592235E13	3427.0	81.0
5.5922353E13	3427.0	81.0
5.5922366E13	3429.0	81.0
5.5922374E13	3429.0	81.0
5.5922387E13	3429.0	81.0
5.5922395E13	3429.0	81.0
5.5922408E13	3428.0	81.0
