5.5010612E13	198.0	77.0
5.5010625E13	198.0	77.0
5.5010633E13	198.0	77.0
5.501064E13	198.0	77.0
5.5010654E13	198.0	77.0
5.5010663E13	198.0	77.0
5.5010675E13	198.0	77.0
5.5010684E13	198.0	77.0
5.501069E13	198.0	78.0
5.5010704E13	198.0	78.0
5.5010713E13	198.0	78.0
5.501072E13	198.0	78.0
5.5010734E13	198.0	77.0
5.5010742E13	198.0	77.0
5.5010755E13	198.0	77.0
5.5010763E13	198.0	77.0
5.501077E13	198.0	77.0
5.5010784E13	198.0	77.0
5.5010793E13	198.0	77.0
5.50108E13	198.0	77.0
5.5010814E13	198.0	77.0
5.501082E13	198.0	77.0
5.5010835E13	198.0	77.0
5.5010843E13	198.0	77.0
5.501085E13	198.0	77.0
5.5010864E13	197.0	77.0
5.5010872E13	197.0	77.0
5.5010885E13	197.0	77.0
5.5010893E13	197.0	77.0
5.50109E13	197.0	77.0
5.5010914E13	197.0	77.0
5.5010923E13	197.0	77.0
5.5010935E13	197.0	77.0
5.5010944E13	196.0	77.0
5.501095E13	196.0	77.0
5.5010965E13	196.0	77.0
5.5010973E13	196.0	77.0
5.501098E13	196.0	77.0
5.5010994E13	196.0	77.0
5.5011002E13	196.0	77.0
5.5011015E13	195.0	78.0
5.5011023E13	195.0	78.0
5.501103E13	195.0	79.0
5.5011044E13	195.0	79.0
5.5011053E13	195.0	79.0
5.5011065E13	195.0	79.0
5.5011074E13	195.0	79.0
5.501108E13	195.0	79.0
5.5011095E13	194.0	79.0
5.5011103E13	194.0	78.0
5.501111E13	194.0	78.0
5.5011124E13	194.0	78.0
5.5011132E13	194.0	78.0
5.5011145E13	194.0	78.0
5.5011153E13	194.0	79.0
5.501116E13	193.0	79.0
5.5011174E13	193.0	79.0
5.5011183E13	193.0	79.0
5.5011195E13	193.0	79.0
5.5011204E13	193.0	79.0
5.501121E13	193.0	79.0
5.5011225E13	193.0	79.0
5.5011233E13	193.0	78.0
5.501124E13	193.0	78.0
5.5011254E13	193.0	78.0
5.5011262E13	193.0	77.0
5.5011275E13	192.0	77.0
5.5011283E13	192.0	77.0
5.501129E13	192.0	78.0
5.5011304E13	192.0	78.0
5.5011313E13	192.0	78.0
5.5011325E13	192.0	78.0
5.5011334E13	192.0	78.0
5.501134E13	192.0	78.0
5.5011355E13	193.0	78.0
5.5011363E13	193.0	78.0
5.5011376E13	193.0	78.0
5.5011384E13	193.0	78.0
5.5011392E13	193.0	78.0
5.5011405E13	193.0	78.0
5.5011413E13	193.0	78.0
5.501142E13	193.0	78.0
5.5011434E13	193.0	78.0
5.5011443E13	193.0	78.0
5.5011455E13	193.0	78.0
5.5011464E13	194.0	78.0
5.501147E13	194.0	78.0
5.5011485E13	194.0	78.0
5.5011493E13	194.0	78.0
5.5011506E13	194.0	77.0
5.5011514E13	194.0	77.0
5.5011522E13	194.0	77.0
5.5011535E13	194.0	77.0
5.5011543E13	194.0	77.0
5.501155E13	194.0	77.0
5.5011564E13	194.0	77.0
5.5011573E13	194.0	77.0
5.5011585E13	194.0	77.0
5.5011594E13	194.0	77.0
5.50116E13	194.0	77.0
5.5011615E13	194.0	78.0
5.5011623E13	194.0	78.0
5.5011636E13	194.0	78.0
5.5011644E13	194.0	78.0
5.5011652E13	195.0	78.0
5.5011665E13	195.0	77.0
5.5011673E13	195.0	77.0
5.5011686E13	194.0	77.0
5.5011694E13	194.0	78.0
5.5011703E13	194.0	78.0
5.5011715E13	194.0	78.0
5.5011724E13	195.0	78.0
5.501173E13	195.0	77.0
5.5011745E13	195.0	77.0
5.5011753E13	195.0	77.0
5.5011766E13	194.0	77.0
5.5011774E13	194.0	77.0
5.5011782E13	194.0	77.0
5.5011795E13	194.0	77.0
5.5011808E13	194.0	77.0
5.501181E13	194.0	77.0
5.5011824E13	194.0	77.0
5.5011833E13	194.0	77.0
5.5011845E13	194.0	77.0
5.5011854E13	194.0	77.0
5.5011862E13	194.0	77.0
5.5011875E13	194.0	77.0
5.5011883E13	194.0	77.0
5.5011896E13	194.0	77.0
5.5011904E13	194.0	78.0
5.5011912E13	193.0	78.0
5.5011925E13	193.0	77.0
5.5011933E13	193.0	77.0
5.5011946E13	193.0	77.0
5.5011954E13	193.0	77.0
5.5011963E13	193.0	77.0
5.5011975E13	193.0	77.0
5.501199E13	193.0	77.0
5.5011992E13	193.0	77.0
5.501201E13	193.0	77.0
5.5012013E13	193.0	77.0
5.5012026E13	193.0	77.0
5.5012034E13	193.0	77.0
5.5012042E13	193.0	77.0
5.5012055E13	193.0	77.0
5.5012063E13	193.0	77.0
5.5012076E13	193.0	77.0
5.5012084E13	193.0	77.0
5.5012093E13	193.0	77.0
5.5012105E13	193.0	78.0
5.5012114E13	193.0	77.0
5.5012122E13	193.0	77.0
5.5012135E13	192.0	77.0
5.5012143E13	192.0	77.0
5.5012156E13	192.0	77.0
5.5012164E13	192.0	78.0
5.5012172E13	192.0	78.0
5.5012185E13	192.0	78.0
5.5012193E13	192.0	78.0
5.5012206E13	192.0	78.0
5.5012214E13	192.0	77.0
5.5012223E13	192.0	78.0
5.5012235E13	192.0	78.0
5.5012244E13	192.0	78.0
5.5012256E13	192.0	78.0
5.5012265E13	192.0	78.0
5.5012277E13	192.0	78.0
5.5012286E13	192.0	78.0
5.50123E13	192.0	78.0
5.5012303E13	192.0	78.0
5.5012315E13	192.0	78.0
5.5012323E13	192.0	78.0
5.5012336E13	192.0	78.0
5.5012344E13	192.0	78.0
5.5012353E13	192.0	77.0
5.5012365E13	192.0	77.0
5.5012374E13	192.0	77.0
5.5012386E13	192.0	77.0
5.5012395E13	192.0	77.0
5.5012403E13	192.0	77.0
5.5012416E13	192.0	77.0
5.5012424E13	192.0	77.0
5.5012433E13	192.0	77.0
5.5012445E13	192.0	78.0
5.5012454E13	192.0	78.0
5.5012466E13	192.0	78.0
5.5012474E13	192.0	78.0
5.5012483E13	192.0	78.0
5.5012495E13	192.0	78.0
5.5012504E13	192.0	78.0
5.5012516E13	192.0	78.0
5.5012525E13	192.0	78.0
5.5012533E13	192.0	78.0
5.5012546E13	192.0	78.0
5.5012554E13	192.0	78.0
5.5012567E13	192.0	78.0
5.5012575E13	192.0	78.0
5.5012584E13	192.0	78.0
5.5012596E13	192.0	78.0
5.5012605E13	192.0	78.0
5.5012613E13	192.0	78.0
5.5012625E13	192.0	78.0
5.5012634E13	192.0	78.0
5.5012646E13	192.0	78.0
5.5012655E13	192.0	78.0
5.5012663E13	192.0	78.0
5.5012676E13	192.0	78.0
5.5012684E13	192.0	78.0
5.5012697E13	191.0	78.0
5.5012705E13	191.0	78.0
5.5012714E13	191.0	78.0
5.5012726E13	191.0	77.0
5.5012735E13	191.0	77.0
5.5012743E13	191.0	77.0
5.5012756E13	191.0	77.0
5.5012764E13	191.0	77.0
5.5012776E13	191.0	77.0
5.5012785E13	191.0	77.0
5.5012793E13	191.0	77.0
5.5012806E13	191.0	77.0
5.5012814E13	191.0	78.0
5.5012827E13	191.0	78.0
5.5012835E13	191.0	78.0
5.5012844E13	192.0	78.0
5.5012856E13	192.0	78.0
5.5012865E13	192.0	78.0
5.5012873E13	192.0	78.0
5.5012886E13	191.0	77.0
5.5012894E13	191.0	77.0
5.5012907E13	191.0	77.0
5.5012915E13	191.0	77.0
5.5012923E13	191.0	77.0
5.5012936E13	191.0	77.0
5.5012944E13	191.0	77.0
5.5012957E13	191.0	77.0
5.5012965E13	191.0	77.0
5.5012974E13	191.0	77.0
5.5012986E13	191.0	77.0
5.5012995E13	191.0	77.0
5.5013007E13	191.0	78.0
5.5013016E13	191.0	78.0
5.5013024E13	191.0	78.0
5.5013037E13	192.0	78.0
5.5013045E13	192.0	78.0
5.5013053E13	192.0	78.0
5.5013066E13	192.0	78.0
5.5013074E13	191.0	78.0
5.5013087E13	191.0	78.0
5.5013095E13	191.0	78.0
5.5013104E13	191.0	78.0
5.5013116E13	191.0	78.0
5.5013125E13	191.0	78.0
5.5013137E13	191.0	78.0
5.5013146E13	191.0	78.0
5.5013154E13	191.0	78.0
5.5013167E13	191.0	78.0
5.5013175E13	191.0	78.0
5.5013183E13	191.0	78.0
5.5013196E13	191.0	78.0
5.5013204E13	191.0	78.0
5.5013217E13	191.0	78.0
5.5013225E13	191.0	78.0
5.5013234E13	191.0	78.0
5.5013246E13	191.0	78.0
5.5013255E13	191.0	78.0
5.5013267E13	191.0	78.0
5.5013276E13	191.0	78.0
5.5013284E13	191.0	78.0
5.5013297E13	191.0	78.0
5.5013305E13	191.0	78.0
5.5013313E13	191.0	78.0
5.5013326E13	191.0	78.0
5.5013334E13	191.0	77.0
5.5013347E13	191.0	77.0
5.5013355E13	191.0	77.0
5.5013364E13	191.0	77.0
5.5013376E13	191.0	77.0
5.5013385E13	191.0	77.0
5.5013397E13	191.0	77.0
5.5013414E13	191.0	77.0
5.5013427E13	191.0	77.0
5.501344E13	191.0	78.0
5.5013448E13	191.0	78.0
5.5013456E13	191.0	78.0
5.5013464E13	191.0	78.0
5.5013477E13	191.0	79.0
5.5013485E13	191.0	79.0
5.5013494E13	191.0	79.0
5.5013506E13	191.0	79.0
5.5013515E13	191.0	79.0
5.5013527E13	191.0	79.0
5.5013536E13	191.0	79.0
5.5013544E13	191.0	79.0
5.5013557E13	190.0	78.0
5.5013565E13	190.0	78.0
5.5013578E13	190.0	78.0
5.5013586E13	190.0	78.0
5.5013594E13	191.0	78.0
5.5013607E13	191.0	78.0
5.5013615E13	191.0	78.0
5.5013624E13	191.0	78.0
5.5013636E13	190.0	78.0
5.5013645E13	190.0	78.0
5.5013657E13	190.0	78.0
5.5013666E13	190.0	78.0
5.5013674E13	190.0	78.0
5.5013687E13	190.0	78.0
5.5013695E13	190.0	78.0
5.5013708E13	190.0	78.0
5.5013716E13	190.0	78.0
5.5013724E13	190.0	78.0
5.5013737E13	190.0	77.0
5.5013745E13	190.0	78.0
5.5013754E13	190.0	78.0
5.5013766E13	190.0	77.0
5.5013775E13	190.0	77.0
5.5013787E13	190.0	77.0
5.5013796E13	190.0	77.0
5.5013804E13	190.0	77.0
5.5013817E13	190.0	77.0
5.5013825E13	190.0	77.0
5.5013838E13	190.0	78.0
5.5013846E13	190.0	78.0
5.5013854E13	191.0	78.0
5.5013867E13	191.0	79.0
5.5013875E13	191.0	79.0
5.501389E13	191.0	79.0
5.5013896E13	190.0	79.0
5.5013905E13	190.0	79.0
5.5013917E13	190.0	79.0
5.5013926E13	190.0	79.0
5.5013934E13	191.0	79.0
5.5013947E13	191.0	79.0
5.5013955E13	191.0	78.0
5.5013968E13	191.0	78.0
5.5013976E13	191.0	78.0
5.5013984E13	191.0	78.0
5.5013997E13	191.0	78.0
5.5014005E13	191.0	78.0
5.501402E13	191.0	78.0
5.5014026E13	191.0	78.0
5.5014035E13	191.0	78.0
5.5014047E13	190.0	77.0
5.5014056E13	190.0	77.0
5.5014064E13	190.0	77.0
5.5014077E13	190.0	77.0
5.5014085E13	190.0	78.0
5.5014098E13	190.0	78.0
5.5014106E13	190.0	78.0
5.5014114E13	190.0	78.0
5.5014127E13	191.0	78.0
5.5014135E13	191.0	78.0
5.501415E13	191.0	78.0
5.5014156E13	190.0	78.0
5.5014165E13	190.0	78.0
5.5014177E13	190.0	79.0
5.5014186E13	190.0	78.0
5.50142E13	191.0	78.0
5.5014207E13	191.0	78.0
5.5014215E13	191.0	79.0
5.5014228E13	191.0	78.0
5.5014236E13	190.0	78.0
5.5014244E13	190.0	78.0
5.5014257E13	190.0	78.0
5.5014265E13	190.0	78.0
5.501428E13	191.0	78.0
5.5014286E13	191.0	78.0
5.5014295E13	191.0	78.0
5.5014307E13	190.0	78.0
5.5014316E13	190.0	78.0
5.501433E13	190.0	78.0
5.5014337E13	190.0	78.0
5.5014345E13	190.0	78.0
5.5014358E13	190.0	78.0
5.5014366E13	190.0	78.0
5.5014375E13	190.0	78.0
5.5014387E13	190.0	78.0
5.5014395E13	190.0	78.0
5.501441E13	190.0	78.0
5.5014416E13	190.0	78.0
5.5014425E13	190.0	78.0
5.5014437E13	190.0	78.0
5.5014446E13	190.0	79.0
5.501446E13	190.0	79.0
5.5014467E13	190.0	79.0
5.5014475E13	190.0	79.0
5.5014488E13	190.0	79.0
5.5014496E13	190.0	79.0
5.5014505E13	190.0	79.0
5.5014517E13	190.0	78.0
5.5014526E13	190.0	78.0
5.501454E13	190.0	78.0
5.5014546E13	190.0	79.0
5.5014555E13	190.0	79.0
5.5014567E13	190.0	79.0
5.5014576E13	190.0	79.0
5.501459E13	190.0	79.0
5.5014597E13	190.0	78.0
5.5014605E13	190.0	78.0
5.5014618E13	190.0	78.0
5.5014626E13	190.0	78.0
5.501464E13	190.0	78.0
5.5014647E13	190.0	78.0
5.5014656E13	190.0	78.0
5.501467E13	190.0	78.0
5.5014676E13	190.0	78.0
5.5014685E13	190.0	78.0
5.5014697E13	190.0	78.0
5.5014706E13	190.0	78.0
5.501472E13	190.0	78.0
5.5014727E13	190.0	77.0
5.5014735E13	190.0	78.0
5.5014748E13	190.0	78.0
5.5014756E13	190.0	78.0
5.501477E13	190.0	78.0
5.5014777E13	190.0	78.0
5.5014786E13	190.0	78.0
5.50148E13	190.0	78.0
5.5014807E13	190.0	78.0
5.501482E13	190.0	78.0
5.5014827E13	190.0	78.0
5.5014836E13	190.0	78.0
5.501485E13	190.0	78.0
5.5014857E13	190.0	78.0
5.5014865E13	190.0	79.0
5.5014878E13	190.0	78.0
5.5014886E13	190.0	78.0
5.50149E13	190.0	78.0
5.5014907E13	190.0	78.0
5.5014916E13	190.0	78.0
5.501493E13	190.0	78.0
5.5014937E13	190.0	78.0
5.5014945E13	190.0	78.0
5.5014958E13	190.0	78.0
5.5014966E13	190.0	78.0
5.501498E13	190.0	78.0
5.5014987E13	190.0	78.0
5.5014995E13	190.0	78.0
5.5015008E13	190.0	78.0
5.5015016E13	190.0	78.0
5.501503E13	190.0	78.0
5.5015037E13	190.0	78.0
5.501505E13	191.0	78.0
5.501506E13	191.0	78.0
5.5015067E13	191.0	78.0
5.5015083E13	191.0	78.0
5.5015088E13	191.0	78.0
5.5015096E13	191.0	78.0
5.501511E13	191.0	78.0
5.5015117E13	191.0	78.0
5.5015125E13	191.0	78.0
5.5015138E13	191.0	78.0
5.5015146E13	191.0	78.0
5.501516E13	191.0	78.0
5.5015167E13	191.0	78.0
5.5015176E13	191.0	78.0
5.501519E13	191.0	78.0
5.5015197E13	191.0	78.0
5.501521E13	191.0	78.0
5.5015218E13	191.0	78.0
5.5015226E13	191.0	78.0
5.501524E13	191.0	78.0
5.501525E13	191.0	78.0
5.5015255E13	191.0	78.0
5.5015268E13	191.0	78.0
5.5015276E13	191.0	78.0
5.501529E13	191.0	78.0
5.5015297E13	191.0	78.0
5.5015306E13	191.0	78.0
5.501532E13	191.0	78.0
5.5015327E13	191.0	78.0
5.501534E13	191.0	78.0
5.5015348E13	191.0	78.0
5.5015356E13	191.0	78.0
5.501537E13	191.0	78.0
5.5015377E13	191.0	78.0
5.5015385E13	191.0	78.0
5.50154E13	191.0	78.0
5.5015406E13	191.0	78.0
5.501542E13	191.0	78.0
5.5015427E13	191.0	78.0
5.5015436E13	191.0	78.0
5.501545E13	191.0	78.0
5.5015457E13	191.0	78.0
5.501547E13	191.0	78.0
5.5015478E13	191.0	78.0
5.5015486E13	191.0	78.0
5.50155E13	191.0	78.0
5.5015507E13	191.0	78.0
5.501552E13	191.0	78.0
5.501553E13	191.0	78.0
5.5015536E13	191.0	78.0
5.501555E13	191.0	78.0
5.5015557E13	191.0	78.0
5.5015566E13	190.0	78.0
5.501558E13	190.0	78.0
5.5015587E13	190.0	78.0
5.50156E13	190.0	78.0
5.5015608E13	190.0	78.0
5.5015616E13	190.0	78.0
5.501563E13	190.0	79.0
5.5015637E13	190.0	79.0
5.501565E13	190.0	78.0
5.501566E13	190.0	78.0
5.5015666E13	190.0	78.0
5.501568E13	190.0	78.0
5.5015687E13	190.0	78.0
5.5015696E13	190.0	78.0
5.501571E13	190.0	78.0
5.5015717E13	190.0	78.0
5.501573E13	190.0	78.0
5.5015738E13	190.0	78.0
5.5015746E13	190.0	78.0
5.501576E13	190.0	79.0
5.5015767E13	190.0	78.0
5.501578E13	190.0	78.0
5.501579E13	190.0	49.0
5.5015796E13	190.0	78.0
5.501581E13	190.0	78.0
5.5015817E13	190.0	78.0
5.5015826E13	190.0	78.0
5.501584E13	190.0	78.0
5.5015847E13	190.0	78.0
5.501586E13	190.0	78.0
5.5015868E13	190.0	78.0
5.5015876E13	189.0	78.0
5.501589E13	189.0	78.0
5.5015897E13	189.0	78.0
5.501591E13	189.0	78.0
5.501592E13	189.0	79.0
5.5015926E13	189.0	79.0
5.501594E13	189.0	79.0
5.5015947E13	189.0	79.0
5.5015956E13	189.0	79.0
5.501597E13	189.0	79.0
5.5015977E13	189.0	79.0
5.501599E13	189.0	79.0
5.5015998E13	188.0	78.0
5.5016006E13	188.0	78.0
5.501602E13	188.0	78.0
5.5016027E13	188.0	78.0
5.501604E13	188.0	78.0
5.501605E13	188.0	78.0
5.5016056E13	188.0	78.0
5.501607E13	188.0	78.0
5.5016077E13	188.0	78.0
5.501609E13	188.0	79.0
5.50161E13	188.0	79.0
5.5016107E13	188.0	79.0
5.501612E13	188.0	79.0
5.5016128E13	188.0	79.0
5.5016136E13	188.0	79.0
5.501615E13	188.0	78.0
5.5016157E13	188.0	78.0
5.501617E13	188.0	78.0
5.501618E13	188.0	78.0
5.5016186E13	188.0	78.0
5.50162E13	188.0	78.0
5.5016207E13	188.0	78.0
5.501622E13	187.0	78.0
5.501623E13	187.0	78.0
5.5016237E13	187.0	78.0
5.501625E13	187.0	79.0
5.5016258E13	188.0	78.0
5.5016266E13	188.0	79.0
5.501628E13	188.0	78.0
5.5016287E13	188.0	78.0
5.50163E13	188.0	78.0
5.501631E13	188.0	78.0
5.5016316E13	188.0	78.0
5.501633E13	188.0	78.0
5.5016337E13	188.0	78.0
5.501635E13	188.0	78.0
5.501636E13	188.0	78.0
5.5016367E13	188.0	78.0
5.501638E13	188.0	78.0
5.5016388E13	188.0	78.0
5.50164E13	188.0	78.0
5.501641E13	188.0	78.0
5.5016417E13	188.0	78.0
5.501643E13	188.0	78.0
5.501644E13	188.0	78.0
5.5016446E13	188.0	78.0
5.501646E13	188.0	78.0
5.5016467E13	188.0	78.0
5.501648E13	188.0	78.0
5.501649E13	188.0	78.0
5.5016497E13	188.0	78.0
5.501651E13	188.0	78.0
5.5016518E13	188.0	78.0
5.501653E13	188.0	78.0
5.501654E13	188.0	78.0
5.5016547E13	188.0	78.0
5.5016577E13	188.0	78.0
5.501659E13	188.0	78.0
5.5016597E13	188.0	78.0
5.5016614E13	188.0	78.0
5.501662E13	188.0	78.0
5.5016627E13	188.0	78.0
5.501664E13	188.0	78.0
5.5016648E13	188.0	78.0
5.501666E13	188.0	78.0
5.501667E13	187.0	78.0
5.5016677E13	187.0	78.0
5.501669E13	187.0	78.0
5.50167E13	187.0	78.0
5.501671E13	187.0	78.0
5.501672E13	187.0	78.0
5.5016728E13	187.0	78.0
5.501674E13	187.0	78.0
5.501675E13	187.0	78.0
5.5016757E13	187.0	78.0
5.501677E13	187.0	78.0
5.5016778E13	187.0	78.0
5.501679E13	187.0	78.0
5.50168E13	187.0	78.0
5.5016807E13	187.0	78.0
5.501682E13	187.0	78.0
5.501683E13	187.0	78.0
5.501684E13	187.0	78.0
5.501685E13	186.0	78.0
5.5016858E13	186.0	78.0
5.501687E13	186.0	78.0
5.501688E13	186.0	78.0
5.5016887E13	186.0	78.0
5.50169E13	186.0	78.0
5.5016908E13	186.0	78.0
5.501692E13	186.0	78.0
5.501693E13	186.0	78.0
5.5016937E13	186.0	78.0
5.501695E13	186.0	78.0
5.501696E13	186.0	78.0
5.501697E13	186.0	78.0
5.501698E13	186.0	78.0
5.5016988E13	186.0	78.0
5.5017E13	186.0	78.0
5.501701E13	186.0	79.0
5.5017034E13	186.0	78.0
5.5017038E13	186.0	78.0
5.501706E13	186.0	79.0
5.501708E13	186.0	79.0
5.501711E13	186.0	79.0
5.501713E13	186.0	78.0
5.501714E13	186.0	78.0
5.501715E13	186.0	78.0
5.501716E13	186.0	78.0
5.501718E13	186.0	78.0
5.501719E13	186.0	78.0
5.5017197E13	186.0	78.0
5.501721E13	186.0	79.0
5.501722E13	186.0	79.0
5.501723E13	186.0	79.0
5.501724E13	186.0	79.0
5.5017248E13	186.0	79.0
5.501726E13	186.0	78.0
5.501727E13	186.0	78.0
5.501728E13	186.0	78.0
5.501729E13	186.0	78.0
5.50173E13	186.0	78.0
5.501731E13	186.0	78.0
5.501732E13	186.0	78.0
5.5017327E13	186.0	78.0
5.501734E13	186.0	78.0
5.501735E13	186.0	78.0
5.501736E13	186.0	78.0
5.501737E13	186.0	79.0
5.5017378E13	186.0	79.0
5.501739E13	186.0	79.0
5.50174E13	186.0	79.0
5.501741E13	186.0	79.0
5.501742E13	187.0	79.0
5.501743E13	187.0	79.0
5.501744E13	187.0	79.0
5.501745E13	187.0	79.0
5.5017457E13	187.0	79.0
5.501747E13	187.0	78.0
5.501748E13	187.0	78.0
5.501749E13	187.0	78.0
5.50175E13	187.0	78.0
5.5017508E13	187.0	78.0
5.501753E13	187.0	78.0
5.501754E13	187.0	78.0
5.501755E13	187.0	78.0
5.501756E13	187.0	78.0
5.501757E13	187.0	78.0
5.501758E13	187.0	78.0
5.501759E13	187.0	78.0
5.50176E13	187.0	78.0
5.501761E13	187.0	79.0
5.501762E13	187.0	79.0
5.501763E13	187.0	79.0
5.5017638E13	187.0	79.0
5.501765E13	187.0	79.0
5.501766E13	187.0	79.0
5.501767E13	187.0	79.0
5.501768E13	187.0	79.0
5.501769E13	187.0	78.0
5.50177E13	187.0	78.0
5.501771E13	187.0	78.0
5.501772E13	187.0	78.0
5.501773E13	187.0	78.0
5.501774E13	188.0	78.0
5.501775E13	188.0	78.0
5.501776E13	188.0	78.0
5.5017768E13	188.0	78.0
5.501778E13	188.0	78.0
5.501779E13	188.0	78.0
5.50178E13	188.0	78.0
5.501781E13	188.0	79.0
5.501782E13	188.0	78.0
5.501783E13	188.0	78.0
5.501784E13	188.0	78.0
5.501785E13	188.0	78.0
5.501786E13	188.0	78.0
5.501787E13	188.0	78.0
5.501788E13	188.0	78.0
5.501789E13	188.0	78.0
5.50179E13	188.0	78.0
5.501791E13	188.0	78.0
5.501792E13	188.0	78.0
5.501793E13	188.0	78.0
5.501794E13	188.0	78.0
5.501795E13	188.0	78.0
5.501796E13	188.0	78.0
5.501797E13	188.0	48.0
5.501798E13	188.0	48.0
5.501799E13	188.0	78.0
5.5018E13	188.0	78.0
5.501801E13	188.0	78.0
5.501802E13	188.0	78.0
5.501803E13	188.0	78.0
5.501804E13	188.0	78.0
5.501805E13	188.0	78.0
5.501806E13	188.0	78.0
5.501807E13	188.0	79.0
5.501808E13	188.0	78.0
5.501809E13	188.0	78.0
5.5018103E13	188.0	78.0
5.501811E13	188.0	78.0
5.501812E13	188.0	78.0
5.501813E13	188.0	78.0
5.501814E13	188.0	78.0
5.501815E13	188.0	78.0
5.501816E13	188.0	78.0
5.501817E13	188.0	78.0
5.501818E13	188.0	78.0
5.501819E13	188.0	78.0
5.50182E13	188.0	78.0
5.5018212E13	188.0	78.0
5.501822E13	188.0	78.0
5.501823E13	188.0	78.0
5.501824E13	188.0	78.0
5.501825E13	188.0	78.0
5.501826E13	188.0	78.0
5.501827E13	188.0	78.0
5.501828E13	188.0	78.0
5.501829E13	188.0	78.0
5.50183E13	188.0	79.0
5.501831E13	188.0	79.0
5.501832E13	188.0	79.0
5.501833E13	188.0	78.0
5.501834E13	188.0	78.0
5.501835E13	188.0	78.0
5.501836E13	188.0	78.0
5.501837E13	188.0	79.0
5.501838E13	188.0	78.0
5.501839E13	188.0	78.0
5.50184E13	188.0	78.0
5.501841E13	188.0	78.0
5.501842E13	188.0	79.0
5.501843E13	188.0	78.0
5.501844E13	188.0	78.0
5.501845E13	188.0	78.0
5.501846E13	188.0	79.0
5.501847E13	188.0	78.0
5.501848E13	188.0	78.0
5.501849E13	188.0	79.0
5.50185E13	188.0	79.0
5.501851E13	188.0	79.0
5.501852E13	188.0	78.0
5.501853E13	188.0	78.0
5.501854E13	188.0	78.0
5.501855E13	188.0	78.0
5.501856E13	188.0	79.0
5.501857E13	188.0	79.0
5.501858E13	188.0	79.0
5.501859E13	188.0	79.0
5.5018602E13	188.0	79.0
5.501861E13	188.0	79.0
5.501862E13	188.0	79.0
5.501863E13	188.0	79.0
5.501864E13	188.0	78.0
5.501865E13	188.0	78.0
5.501866E13	188.0	78.0
5.501867E13	188.0	78.0
5.501868E13	188.0	78.0
5.501869E13	188.0	78.0
5.50187E13	188.0	78.0
5.501871E13	188.0	78.0
5.501872E13	188.0	78.0
5.5018732E13	188.0	79.0
5.501874E13	188.0	79.0
5.501875E13	188.0	79.0
5.501876E13	188.0	79.0
5.501877E13	188.0	79.0
5.5018783E13	188.0	79.0
5.501879E13	188.0	79.0
5.501881E13	188.0	79.0
5.501882E13	188.0	79.0
5.501883E13	188.0	79.0
5.501884E13	188.0	79.0
5.501885E13	188.0	79.0
5.5018862E13	188.0	79.0
5.501887E13	188.0	79.0
5.501888E13	188.0	79.0
5.501889E13	188.0	79.0
5.50189E13	188.0	79.0
5.5018913E13	188.0	78.0
5.501892E13	188.0	78.0
5.501893E13	188.0	78.0
5.5018942E13	188.0	78.0
5.501895E13	188.0	79.0
5.5018963E13	188.0	79.0
5.501897E13	188.0	79.0
5.501898E13	188.0	79.0
5.5018992E13	188.0	79.0
5.5019E13	188.0	79.0
5.501901E13	188.0	79.0
5.501902E13	188.0	79.0
5.501903E13	188.0	79.0
5.5019043E13	188.0	79.0
5.501905E13	188.0	79.0
5.501906E13	188.0	79.0
5.5019072E13	188.0	79.0
5.501908E13	188.0	78.0
5.501909E13	188.0	78.0
5.50191E13	188.0	78.0
5.501911E13	188.0	78.0
5.5019122E13	188.0	78.0
5.501913E13	188.0	78.0
5.5019143E13	188.0	79.0
5.501915E13	188.0	79.0
5.501916E13	188.0	79.0
5.5019173E13	188.0	79.0
5.501918E13	188.0	78.0
5.501919E13	188.0	78.0
5.5019202E13	188.0	78.0
5.501921E13	188.0	78.0
5.5019223E13	188.0	78.0
5.501923E13	188.0	78.0
5.501924E13	188.0	78.0
5.5019252E13	188.0	78.0
5.501926E13	188.0	79.0
5.501927E13	188.0	79.0
5.501928E13	188.0	79.0
5.501929E13	188.0	79.0
5.5019303E13	188.0	78.0
5.501931E13	188.0	79.0
5.501932E13	188.0	79.0
5.5019332E13	188.0	79.0
5.501934E13	188.0	79.0
5.5019353E13	188.0	79.0
5.501936E13	188.0	79.0
5.501937E13	188.0	79.0
5.5019383E13	188.0	79.0
5.501939E13	188.0	79.0
5.50194E13	188.0	79.0
5.501941E13	188.0	79.0
5.501942E13	188.0	79.0
5.5019433E13	188.0	79.0
5.501944E13	189.0	79.0
5.501945E13	189.0	79.0
5.5019462E13	189.0	79.0
5.501947E13	189.0	79.0
5.5019483E13	189.0	78.0
5.501949E13	189.0	78.0
5.50195E13	189.0	78.0
5.5019513E13	189.0	78.0
5.501952E13	189.0	78.0
5.5019534E13	189.0	78.0
5.501954E13	189.0	78.0
5.501955E13	189.0	78.0
5.5019563E13	189.0	79.0
5.5019575E13	189.0	78.0
5.501958E13	189.0	78.0
5.5019596E13	189.0	78.0
5.50196E13	189.0	78.0
5.5019613E13	189.0	78.0
5.501962E13	189.0	79.0
5.501963E13	189.0	79.0
5.5019643E13	189.0	79.0
5.501965E13	189.0	79.0
5.5019664E13	189.0	79.0
5.501967E13	189.0	79.0
5.501968E13	189.0	79.0
5.5019693E13	189.0	79.0
5.50197E13	189.0	79.0
5.501971E13	189.0	79.0
5.5019722E13	189.0	78.0
5.501973E13	189.0	78.0
5.5019743E13	189.0	78.0
5.501975E13	189.0	78.0
5.501976E13	189.0	78.0
5.5019773E13	188.0	78.0
5.501978E13	188.0	78.0
5.5019794E13	188.0	79.0
5.50198E13	188.0	79.0
5.501981E13	189.0	79.0
5.5019823E13	189.0	79.0
5.501983E13	189.0	79.0
5.501984E13	189.0	79.0
5.5019852E13	188.0	79.0
5.501986E13	188.0	79.0
5.5019873E13	188.0	79.0
5.501988E13	188.0	79.0
5.501989E13	188.0	79.0
5.5019903E13	188.0	79.0
5.501991E13	188.0	79.0
5.5019924E13	188.0	79.0
5.501993E13	188.0	79.0
5.501994E13	188.0	79.0
5.5019953E13	188.0	79.0
5.501996E13	188.0	79.0
5.5019974E13	188.0	48.0
5.5019982E13	188.0	79.0
5.501999E13	188.0	78.0
5.5020003E13	188.0	78.0
5.502001E13	188.0	78.0
5.502002E13	188.0	78.0
5.5020033E13	188.0	78.0
5.502004E13	188.0	78.0
5.5020054E13	188.0	79.0
5.502006E13	188.0	79.0
5.502007E13	188.0	79.0
5.5020083E13	188.0	79.0
5.502009E13	188.0	79.0
5.5020104E13	188.0	79.0
5.5020112E13	188.0	79.0
5.502012E13	188.0	79.0
5.5020133E13	188.0	79.0
5.502014E13	188.0	79.0
5.502015E13	188.0	79.0
5.5020163E13	188.0	78.0
5.502017E13	188.0	79.0
5.5020184E13	188.0	79.0
5.502019E13	188.0	79.0
5.50202E13	188.0	79.0
5.5020213E13	188.0	79.0
5.502022E13	188.0	79.0
5.5020234E13	188.0	79.0
5.5020242E13	188.0	79.0
5.502025E13	188.0	79.0
5.5020263E13	188.0	79.0
5.502027E13	188.0	79.0
5.502028E13	188.0	79.0
5.5020293E13	188.0	79.0
5.50203E13	188.0	79.0
5.5020314E13	188.0	79.0
5.502032E13	188.0	79.0
5.5020343E13	188.0	79.0
5.502035E13	188.0	79.0
5.5020364E13	188.0	79.0
5.5020372E13	188.0	79.0
5.502038E13	188.0	79.0
5.5020393E13	188.0	79.0
5.50204E13	188.0	79.0
5.5020414E13	188.0	79.0
5.5020423E13	188.0	79.0
5.502043E13	188.0	79.0
5.5020444E13	188.0	79.0
5.502045E13	188.0	79.0
5.502046E13	188.0	79.0
5.5020473E13	188.0	79.0
5.502048E13	188.0	79.0
5.5020494E13	188.0	79.0
5.5020502E13	188.0	79.0
5.502051E13	188.0	79.0
5.5020523E13	188.0	79.0
5.502053E13	188.0	79.0
5.5020544E13	188.0	79.0
5.5020553E13	188.0	79.0
5.502056E13	187.0	79.0
5.5020574E13	187.0	79.0
5.502058E13	187.0	79.0
5.502059E13	187.0	79.0
5.5020603E13	187.0	79.0
5.502061E13	187.0	79.0
5.5020624E13	187.0	79.0
5.5020632E13	187.0	79.0
5.502064E13	187.0	79.0
5.5020653E13	187.0	79.0
5.502066E13	187.0	79.0
5.5020674E13	187.0	79.0
5.5020683E13	187.0	79.0
5.502069E13	187.0	79.0
5.5020704E13	187.0	79.0
5.5020712E13	187.0	79.0
5.502072E13	187.0	79.0
5.5020733E13	187.0	79.0
5.502074E13	187.0	79.0
5.5020754E13	187.0	79.0
5.5020762E13	187.0	79.0
5.502077E13	187.0	79.0
5.5020783E13	187.0	79.0
5.502079E13	187.0	79.0
5.5020804E13	187.0	79.0
5.5020813E13	187.0	79.0
5.502082E13	187.0	79.0
5.5020834E13	187.0	79.0
5.5020842E13	187.0	79.0
5.5020855E13	187.0	79.0
5.5020863E13	187.0	79.0
5.502087E13	187.0	79.0
5.5020884E13	187.0	79.0
5.5020892E13	187.0	79.0
5.50209E13	187.0	79.0
5.5020913E13	187.0	79.0
5.502092E13	187.0	79.0
5.5020934E13	188.0	79.0
5.5020943E13	188.0	79.0
5.502095E13	188.0	79.0
5.5020964E13	187.0	79.0
5.5020972E13	187.0	79.0
5.5020985E13	187.0	79.0
5.5020993E13	187.0	47.0
5.5021E13	187.0	78.0
5.5021014E13	187.0	79.0
5.5021022E13	187.0	79.0
5.502103E13	187.0	79.0
5.5021043E13	187.0	79.0
5.502105E13	187.0	79.0
5.5021064E13	187.0	79.0
5.5021073E13	187.0	79.0
5.502108E13	187.0	79.0
5.5021094E13	187.0	79.0
5.5021102E13	187.0	79.0
5.5021115E13	187.0	79.0
5.5021123E13	187.0	79.0
5.502113E13	187.0	79.0
5.5021153E13	187.0	79.0
5.502116E13	187.0	79.0
5.5021178E13	187.0	79.0
5.502118E13	188.0	79.0
5.5021194E13	188.0	79.0
5.5021203E13	188.0	79.0
5.502121E13	188.0	79.0
5.5021224E13	188.0	79.0
5.5021232E13	188.0	79.0
5.5021245E13	188.0	79.0
5.5021253E13	188.0	79.0
5.502126E13	188.0	79.0
5.5021274E13	188.0	79.0
5.5021283E13	188.0	79.0
5.5021295E13	188.0	79.0
5.5021303E13	188.0	79.0
5.502131E13	188.0	79.0
5.5021324E13	188.0	79.0
5.5021333E13	188.0	79.0
5.502134E13	188.0	79.0
5.5021354E13	188.0	79.0
5.5021362E13	188.0	79.0
5.5021375E13	188.0	79.0
5.5021383E13	189.0	79.0
5.502139E13	189.0	79.0
5.5021404E13	189.0	79.0
5.5021413E13	189.0	79.0
5.5021425E13	189.0	79.0
5.5021434E13	189.0	79.0
5.502144E13	189.0	79.0
5.5021454E13	189.0	79.0
5.5021463E13	189.0	79.0
5.502147E13	189.0	79.0
5.5021484E13	189.0	79.0
5.5021492E13	189.0	79.0
5.5021505E13	189.0	78.0
5.5021513E13	189.0	78.0
5.5021526E13	189.0	78.0
5.5021534E13	189.0	78.0
5.5021543E13	189.0	78.0
5.502156E13	189.0	79.0
5.5021564E13	189.0	79.0
5.502157E13	189.0	79.0
5.5021585E13	189.0	79.0
5.5021593E13	189.0	79.0
5.50216E13	189.0	79.0
5.5021614E13	189.0	79.0
5.5021622E13	189.0	79.0
5.5021635E13	189.0	79.0
5.5021643E13	189.0	79.0
5.502165E13	189.0	79.0
5.5021664E13	189.0	79.0
5.5021673E13	189.0	79.0
5.5021685E13	189.0	79.0
5.5021694E13	189.0	79.0
5.50217E13	189.0	79.0
5.5021715E13	189.0	79.0
5.5021723E13	188.0	79.0
5.5021736E13	188.0	79.0
5.5021744E13	188.0	79.0
5.5021752E13	188.0	79.0
5.5021765E13	188.0	79.0
5.5021773E13	188.0	79.0
5.502178E13	188.0	79.0
5.5021794E13	188.0	79.0
5.5021803E13	188.0	79.0
5.5021815E13	188.0	79.0
5.5021824E13	188.0	79.0
5.502183E13	188.0	79.0
5.5021845E13	188.0	79.0
5.5021853E13	188.0	79.0
5.5021866E13	188.0	79.0
5.5021874E13	188.0	79.0
5.5021882E13	188.0	79.0
5.5021895E13	188.0	79.0
5.5021903E13	188.0	79.0
5.502191E13	188.0	79.0
5.5021924E13	188.0	79.0
5.5021933E13	188.0	79.0
5.5021945E13	188.0	79.0
5.5021954E13	188.0	79.0
5.502196E13	188.0	79.0
5.5021975E13	188.0	79.0
5.5021983E13	188.0	79.0
5.5021996E13	188.0	79.0
5.5022004E13	188.0	79.0
5.5022012E13	188.0	79.0
5.5022025E13	188.0	48.0
5.5022033E13	188.0	78.0
5.5022046E13	189.0	78.0
5.5022054E13	189.0	78.0
5.5022063E13	189.0	78.0
5.5022075E13	189.0	78.0
5.5022084E13	189.0	78.0
5.502209E13	189.0	78.0
5.5022105E13	189.0	78.0
5.5022113E13	189.0	78.0
5.5022126E13	189.0	78.0
5.5022134E13	189.0	79.0
5.5022142E13	189.0	79.0
5.5022155E13	189.0	78.0
5.5022163E13	189.0	78.0
5.5022176E13	189.0	78.0
5.5022184E13	189.0	78.0
5.5022193E13	190.0	78.0
5.5022205E13	190.0	78.0
5.5022214E13	190.0	78.0
5.502222E13	190.0	78.0
5.502224E13	190.0	78.0
5.5022243E13	190.0	78.0
5.5022256E13	190.0	78.0
5.5022264E13	190.0	78.0
5.5022272E13	190.0	78.0
5.5022285E13	190.0	78.0
5.5022293E13	190.0	78.0
5.5022306E13	190.0	78.0
5.5022314E13	190.0	79.0
5.5022323E13	190.0	79.0
5.5022335E13	190.0	78.0
5.5022344E13	190.0	78.0
5.502235E13	189.0	78.0
5.5022365E13	189.0	78.0
5.5022373E13	189.0	78.0
5.5022386E13	189.0	79.0
5.5022394E13	189.0	79.0
5.5022402E13	189.0	79.0
5.5022415E13	189.0	79.0
5.5022423E13	189.0	79.0
5.5022436E13	189.0	79.0
5.5022444E13	189.0	79.0
5.5022453E13	189.0	79.0
5.5022465E13	189.0	79.0
5.5022474E13	189.0	79.0
5.502248E13	189.0	87.0
5.5022495E13	189.0	87.0
5.5022516E13	189.0	87.0
5.5022524E13	189.0	87.0
5.5022532E13	189.0	87.0
5.5022545E13	189.0	87.0
5.5022553E13	189.0	87.0
5.5022566E13	189.0	87.0
5.5022583E13	189.0	79.0
5.5022595E13	189.0	79.0
5.5022604E13	189.0	79.0
5.5022612E13	189.0	87.0
5.5022625E13	189.0	79.0
5.5022633E13	189.0	79.0
5.5022646E13	189.0	87.0
5.5022654E13	189.0	87.0
5.5022662E13	189.0	87.0
5.5022675E13	189.0	87.0
5.5022683E13	189.0	87.0
5.5022696E13	189.0	87.0
5.5022704E13	189.0	87.0
5.5022713E13	189.0	87.0
5.5022725E13	189.0	87.0
5.5022734E13	189.0	87.0
5.5022746E13	189.0	87.0
5.5022755E13	189.0	87.0
5.5022763E13	189.0	87.0
5.5022776E13	189.0	87.0
5.5022784E13	189.0	87.0
5.5022792E13	189.0	87.0
5.5022805E13	189.0	87.0
5.5022813E13	189.0	87.0
5.5022826E13	189.0	87.0
5.5022834E13	189.0	87.0
5.5022843E13	189.0	87.0
5.5022855E13	189.0	87.0
5.5022864E13	189.0	87.0
5.5022876E13	189.0	79.0
5.5022885E13	189.0	87.0
5.5022893E13	189.0	87.0
5.5022906E13	189.0	87.0
5.5022914E13	189.0	87.0
5.5022927E13	189.0	79.0
5.5022935E13	189.0	79.0
5.5022943E13	189.0	79.0
5.5022956E13	189.0	79.0
5.5022964E13	189.0	79.0
5.5022973E13	189.0	79.0
5.5022985E13	189.0	79.0
5.5022994E13	189.0	79.0
5.5023006E13	189.0	79.0
5.5023015E13	189.0	79.0
5.5023023E13	189.0	79.0
5.5023036E13	189.0	79.0
5.5023044E13	189.0	79.0
5.5023057E13	189.0	79.0
5.5023065E13	189.0	79.0
5.5023073E13	189.0	79.0
5.5023086E13	189.0	79.0
5.5023094E13	189.0	79.0
5.5023103E13	189.0	79.0
5.5023115E13	189.0	79.0
5.5023124E13	189.0	79.0
5.5023136E13	189.0	79.0
5.5023145E13	189.0	79.0
5.5023153E13	189.0	79.0
5.5023166E13	189.0	79.0
5.5023174E13	189.0	79.0
5.5023187E13	189.0	79.0
5.5023195E13	189.0	79.0
5.5023204E13	189.0	79.0
5.5023216E13	189.0	79.0
5.5023224E13	189.0	79.0
5.5023233E13	189.0	79.0
5.5023245E13	189.0	79.0
5.5023254E13	189.0	79.0
5.5023266E13	189.0	79.0
5.5023275E13	189.0	79.0
5.5023283E13	189.0	79.0
5.5023296E13	189.0	79.0
5.5023304E13	189.0	79.0
5.5023317E13	189.0	78.0
5.5023325E13	189.0	79.0
5.5023334E13	189.0	79.0
5.5023346E13	189.0	79.0
5.5023355E13	189.0	79.0
5.5023363E13	189.0	79.0
5.5023375E13	189.0	79.0
5.5023384E13	189.0	79.0
5.5023396E13	189.0	79.0
5.5023405E13	189.0	79.0
5.5023413E13	189.0	79.0
5.5023426E13	189.0	79.0
5.5023434E13	189.0	79.0
5.5023447E13	188.0	79.0
5.5023455E13	188.0	79.0
5.5023464E13	188.0	79.0
5.5023476E13	188.0	78.0
5.5023485E13	188.0	78.0
5.5023493E13	188.0	79.0
5.5023506E13	188.0	79.0
5.5023514E13	188.0	79.0
5.5023526E13	188.0	79.0
5.5023535E13	188.0	79.0
5.5023543E13	188.0	79.0
5.5023556E13	188.0	79.0
5.5023564E13	188.0	79.0
5.5023577E13	188.0	79.0
5.5023585E13	188.0	79.0
5.5023594E13	188.0	79.0
5.5023606E13	188.0	79.0
5.5023615E13	188.0	79.0
5.5023627E13	188.0	79.0
5.5023636E13	189.0	79.0
5.5023644E13	189.0	79.0
5.5023657E13	189.0	79.0
5.5023665E13	189.0	79.0
5.5023673E13	189.0	79.0
5.5023686E13	189.0	79.0
5.5023694E13	189.0	79.0
5.5023707E13	188.0	79.0
5.5023715E13	188.0	79.0
5.5023724E13	188.0	79.0
5.5023736E13	188.0	79.0
5.5023745E13	188.0	79.0
5.5023757E13	188.0	79.0
5.5023766E13	188.0	79.0
5.5023774E13	188.0	79.0
5.5023787E13	188.0	79.0
5.5023795E13	188.0	79.0
5.5023803E13	188.0	79.0
5.5023816E13	188.0	79.0
5.5023824E13	188.0	79.0
5.5023837E13	188.0	79.0
5.5023845E13	188.0	79.0
5.5023854E13	188.0	79.0
5.5023866E13	188.0	79.0
5.5023875E13	188.0	79.0
5.5023887E13	188.0	79.0
5.5023896E13	188.0	79.0
5.5023904E13	188.0	79.0
5.5023917E13	188.0	79.0
5.5023925E13	188.0	79.0
5.5023938E13	188.0	79.0
5.5023946E13	188.0	79.0
5.5023954E13	188.0	79.0
5.5023967E13	188.0	79.0
5.5023975E13	188.0	79.0
5.5023984E13	188.0	79.0
5.5023996E13	188.0	79.0
5.5024005E13	187.0	79.0
5.5024017E13	187.0	79.0
5.5024026E13	187.0	79.0
5.5024034E13	187.0	79.0
5.5024047E13	187.0	79.0
5.5024055E13	187.0	79.0
5.5024068E13	187.0	79.0
5.5024076E13	188.0	79.0
5.5024084E13	188.0	79.0
5.5024097E13	188.0	79.0
5.5024105E13	188.0	79.0
5.5024114E13	188.0	79.0
5.5024126E13	188.0	79.0
5.5024135E13	188.0	79.0
5.5024147E13	188.0	79.0
5.5024156E13	187.0	79.0
5.5024164E13	187.0	79.0
5.5024177E13	187.0	79.0
5.5024185E13	187.0	79.0
5.5024198E13	187.0	79.0
5.5024206E13	187.0	79.0
5.5024214E13	187.0	79.0
5.5024227E13	187.0	88.0
5.5024235E13	187.0	88.0
5.5024244E13	187.0	88.0
5.5024256E13	187.0	88.0
5.5024265E13	187.0	87.0
5.5024277E13	187.0	87.0
5.5024286E13	187.0	87.0
5.5024294E13	187.0	87.0
5.5024307E13	187.0	87.0
5.5024315E13	187.0	87.0
5.5024328E13	187.0	87.0
5.5024336E13	187.0	87.0
5.5024344E13	187.0	87.0
5.5024357E13	187.0	87.0
5.5024365E13	187.0	87.0
5.5024374E13	187.0	87.0
5.5024386E13	187.0	87.0
5.5024395E13	187.0	87.0
5.5024407E13	187.0	87.0
5.5024416E13	187.0	87.0
5.5024424E13	187.0	79.0
5.5024437E13	187.0	79.0
5.5024445E13	187.0	78.0
5.5024458E13	188.0	78.0
5.5024466E13	188.0	79.0
5.5024474E13	188.0	79.0
5.5024487E13	188.0	79.0
5.5024495E13	188.0	79.0
5.502451E13	188.0	79.0
5.5024516E13	188.0	79.0
5.5024525E13	188.0	79.0
5.5024537E13	188.0	79.0
5.5024546E13	188.0	79.0
5.5024554E13	188.0	79.0
5.5024567E13	188.0	79.0
5.5024575E13	188.0	79.0
5.5024588E13	188.0	79.0
5.5024596E13	188.0	79.0
5.5024604E13	188.0	79.0
5.5024617E13	188.0	79.0
5.5024625E13	188.0	79.0
5.502464E13	188.0	79.0
5.5024646E13	188.0	79.0
5.5024655E13	188.0	79.0
5.5024667E13	188.0	79.0
5.5024676E13	188.0	79.0
5.5024684E13	188.0	79.0
5.5024697E13	188.0	79.0
5.5024705E13	188.0	79.0
5.5024718E13	188.0	79.0
5.5024726E13	188.0	79.0
5.5024734E13	188.0	79.0
5.5024747E13	188.0	79.0
5.5024755E13	188.0	79.0
5.502477E13	188.0	79.0
5.5024776E13	188.0	79.0
5.5024785E13	187.0	79.0
5.5024797E13	187.0	79.0
5.5024806E13	187.0	79.0
5.502482E13	187.0	79.0
5.5024827E13	188.0	79.0
5.5024835E13	188.0	79.0
5.5024848E13	188.0	79.0
5.5024856E13	188.0	79.0
5.5024864E13	187.0	79.0
5.5024877E13	187.0	78.0
5.5024885E13	187.0	79.0
5.50249E13	187.0	78.0
5.5024906E13	187.0	78.0
5.5024915E13	187.0	78.0
5.5024927E13	187.0	78.0
5.5024936E13	188.0	78.0
5.502495E13	188.0	79.0
5.5024957E13	188.0	79.0
5.5024965E13	188.0	79.0
5.5024978E13	188.0	78.0
5.5024986E13	188.0	79.0
5.5024994E13	188.0	79.0
5.5025007E13	188.0	79.0
5.5025015E13	188.0	79.0
5.502503E13	188.0	79.0
5.5025036E13	188.0	79.0
5.5025045E13	188.0	79.0
5.5025057E13	188.0	79.0
5.5025066E13	188.0	79.0
5.502508E13	188.0	79.0
5.5025087E13	188.0	79.0
5.5025095E13	188.0	79.0
5.5025108E13	188.0	79.0
5.5025116E13	188.0	79.0
5.502513E13	188.0	79.0
5.5025137E13	188.0	78.0
5.5025145E13	188.0	78.0
5.502516E13	188.0	78.0
5.5025166E13	188.0	78.0
5.5025175E13	188.0	78.0
5.5025187E13	188.0	78.0
5.5025196E13	188.0	78.0
5.502521E13	188.0	78.0
5.5025217E13	188.0	79.0
5.5025225E13	188.0	79.0
5.5025238E13	188.0	79.0
5.5025246E13	188.0	79.0
5.502526E13	188.0	79.0
5.5025267E13	188.0	79.0
5.5025276E13	188.0	78.0
5.502529E13	188.0	78.0
5.5025296E13	188.0	79.0
5.5025305E13	188.0	79.0
5.5025317E13	188.0	79.0
5.5025326E13	188.0	79.0
5.502534E13	188.0	79.0
5.5025347E13	188.0	79.0
5.5025355E13	188.0	79.0
5.5025368E13	188.0	79.0
5.5025376E13	188.0	79.0
5.502539E13	188.0	79.0
5.5025397E13	188.0	79.0
5.5025406E13	188.0	79.0
5.502542E13	188.0	79.0
5.5025426E13	188.0	79.0
5.502544E13	188.0	79.0
5.5025447E13	188.0	78.0
5.5025456E13	188.0	79.0
5.502547E13	188.0	79.0
5.5025477E13	188.0	79.0
5.5025485E13	188.0	79.0
5.5025498E13	188.0	79.0
5.5025506E13	188.0	79.0
5.502552E13	188.0	79.0
5.5025527E13	188.0	79.0
5.5025536E13	188.0	79.0
5.502555E13	188.0	79.0
5.5025557E13	188.0	78.0
5.502557E13	188.0	78.0
5.5025577E13	188.0	78.0
5.5025586E13	188.0	78.0
5.50256E13	188.0	79.0
5.5025607E13	188.0	79.0
5.5025615E13	188.0	79.0
5.5025628E13	188.0	79.0
5.5025636E13	188.0	79.0
5.502565E13	188.0	79.0
5.5025657E13	188.0	79.0
5.5025666E13	188.0	79.0
5.502568E13	188.0	79.0
5.5025687E13	188.0	79.0
5.50257E13	188.0	79.0
5.5025708E13	188.0	79.0
5.5025716E13	188.0	79.0
5.502573E13	188.0	79.0
5.5025737E13	188.0	79.0
5.502575E13	188.0	79.0
5.5025758E13	188.0	79.0
5.5025766E13	188.0	79.0
5.502578E13	188.0	79.0
5.5025787E13	188.0	79.0
5.5025796E13	188.0	79.0
5.502581E13	188.0	79.0
5.5025817E13	188.0	79.0
5.502583E13	188.0	79.0
5.5025838E13	188.0	79.0
5.5025846E13	188.0	79.0
5.502586E13	188.0	79.0
5.5025867E13	188.0	47.0
5.502588E13	188.0	79.0
5.5025888E13	188.0	79.0
5.5025896E13	188.0	79.0
5.502591E13	188.0	79.0
5.5025917E13	188.0	79.0
5.5025926E13	188.0	79.0
5.502594E13	188.0	79.0
5.5025947E13	188.0	79.0
5.502596E13	188.0	79.0
5.5025968E13	188.0	79.0
5.5025976E13	188.0	79.0
5.502599E13	188.0	79.0
5.5025997E13	188.0	79.0
5.502601E13	188.0	79.0
5.5026018E13	188.0	79.0
5.5026026E13	188.0	79.0
5.502604E13	188.0	79.0
5.5026047E13	188.0	79.0
5.502606E13	188.0	79.0
5.502607E13	188.0	79.0
5.5026077E13	188.0	79.0
5.502609E13	188.0	79.0
5.5026098E13	188.0	79.0
5.5026106E13	188.0	79.0
5.502612E13	188.0	79.0
5.5026127E13	188.0	78.0
5.502614E13	187.0	78.0
5.502615E13	187.0	79.0
5.5026156E13	187.0	79.0
5.502617E13	187.0	79.0
5.5026177E13	187.0	79.0
5.502619E13	187.0	79.0
5.50262E13	187.0	79.0
5.5026207E13	187.0	79.0
5.502622E13	187.0	79.0
5.5026228E13	187.0	79.0
5.5026236E13	187.0	79.0
5.502625E13	187.0	79.0
5.5026257E13	187.0	79.0
5.502627E13	187.0	79.0
5.502628E13	187.0	79.0
5.5026286E13	187.0	79.0
5.50263E13	187.0	79.0
5.5026307E13	187.0	79.0
5.502632E13	187.0	79.0
5.502633E13	187.0	79.0
5.5026337E13	187.0	79.0
5.502635E13	187.0	79.0
5.5026358E13	187.0	78.0
5.5026366E13	187.0	78.0
5.502638E13	187.0	78.0
5.5026387E13	187.0	78.0
5.50264E13	187.0	78.0
5.502641E13	187.0	78.0
5.5026416E13	187.0	79.0
5.502643E13	187.0	79.0
5.5026437E13	187.0	79.0
5.502645E13	187.0	79.0
5.502646E13	187.0	79.0
5.5026467E13	187.0	79.0
5.502648E13	187.0	79.0
5.5026488E13	187.0	79.0
5.5026496E13	187.0	79.0
5.502651E13	186.0	79.0
5.5026517E13	186.0	79.0
5.502653E13	186.0	79.0
5.502654E13	186.0	79.0
5.5026546E13	186.0	79.0
5.502656E13	186.0	79.0
5.5026567E13	186.0	79.0
5.502658E13	186.0	79.0
5.502659E13	186.0	79.0
5.5026597E13	186.0	79.0
5.502661E13	186.0	79.0
5.5026618E13	186.0	79.0
5.5026626E13	186.0	79.0
5.502664E13	186.0	80.0
5.5026647E13	186.0	80.0
5.502666E13	186.0	80.0
5.502667E13	186.0	80.0
5.5026676E13	186.0	80.0
5.502669E13	186.0	79.0
5.5026697E13	186.0	79.0
5.502671E13	186.0	79.0
5.502672E13	186.0	79.0
5.5026727E13	186.0	78.0
5.502674E13	186.0	78.0
5.5026748E13	186.0	78.0
5.5026756E13	186.0	78.0
5.502677E13	186.0	79.0
5.5026777E13	186.0	79.0
5.502679E13	186.0	79.0
5.50268E13	186.0	79.0
5.5026806E13	187.0	79.0
5.502682E13	187.0	88.0
5.5026827E13	187.0	79.0
5.502684E13	187.0	79.0
5.502685E13	187.0	79.0
5.5026857E13	187.0	79.0
5.502687E13	187.0	79.0
5.5026878E13	187.0	79.0
5.502689E13	187.0	79.0
5.50269E13	187.0	79.0
5.5026907E13	187.0	79.0
5.502692E13	187.0	79.0
5.502693E13	187.0	78.0
5.5026936E13	187.0	78.0
5.502695E13	187.0	78.0
5.5026957E13	187.0	78.0
5.502697E13	187.0	78.0
5.502698E13	187.0	78.0
5.5026987E13	187.0	78.0
5.5027E13	187.0	78.0
5.5027008E13	187.0	78.0
5.502702E13	187.0	78.0
5.502703E13	187.0	78.0
5.5027037E13	187.0	78.0
5.502705E13	187.0	78.0
5.502706E13	187.0	78.0
5.502707E13	187.0	79.0
5.5027083E13	187.0	79.0
5.5027087E13	187.0	79.0
5.50271E13	187.0	79.0
5.502711E13	187.0	79.0
5.5027117E13	187.0	79.0
5.502713E13	187.0	79.0
5.5027138E13	187.0	79.0
5.502715E13	186.0	79.0
5.502716E13	186.0	79.0
5.5027167E13	186.0	79.0
5.502718E13	186.0	79.0
5.502719E13	186.0	78.0
5.5027196E13	186.0	78.0
5.502721E13	186.0	78.0
5.5027217E13	186.0	79.0
5.502723E13	186.0	79.0
5.502724E13	186.0	79.0
5.5027247E13	186.0	79.0
5.502726E13	186.0	80.0
5.5027268E13	186.0	80.0
5.502728E13	186.0	80.0
5.502729E13	186.0	79.0
5.5027297E13	187.0	79.0
5.502731E13	187.0	79.0
5.502732E13	187.0	79.0
5.5027327E13	187.0	78.0
5.502734E13	187.0	78.0
5.5027347E13	187.0	79.0
5.502736E13	187.0	78.0
5.502737E13	187.0	78.0
5.5027377E13	187.0	78.0
5.502739E13	187.0	78.0
5.5027398E13	187.0	78.0
5.502741E13	187.0	78.0
5.502742E13	187.0	78.0
5.5027427E13	187.0	78.0
5.502744E13	187.0	78.0
5.502745E13	188.0	78.0
5.502746E13	188.0	77.0
5.502747E13	188.0	78.0
5.5027478E13	188.0	78.0
5.502749E13	188.0	78.0
5.50275E13	188.0	78.0
5.5027507E13	188.0	78.0
5.5027528E13	188.0	78.0
5.502754E13	188.0	78.0
5.502755E13	188.0	78.0
5.5027557E13	188.0	78.0
5.502757E13	188.0	78.0
5.502758E13	188.0	79.0
5.502759E13	188.0	78.0
5.50276E13	188.0	78.0
5.502761E13	188.0	78.0
5.502762E13	188.0	78.0
5.502763E13	188.0	78.0
5.502764E13	188.0	78.0
5.502765E13	188.0	78.0
5.5027658E13	188.0	87.0
5.502767E13	188.0	78.0
5.5027687E13	188.0	78.0
5.50277E13	188.0	78.0
5.502771E13	188.0	78.0
5.502772E13	188.0	78.0
5.502773E13	188.0	78.0
5.5027738E13	188.0	78.0
5.502775E13	188.0	78.0
5.502776E13	188.0	78.0
5.502777E13	188.0	78.0
5.502778E13	188.0	78.0
5.5027788E13	188.0	78.0
5.50278E13	188.0	78.0
5.502781E13	188.0	78.0
5.5027817E13	188.0	87.0
5.502783E13	188.0	78.0
5.502784E13	188.0	78.0
5.502785E13	188.0	87.0
5.502786E13	187.0	78.0
5.502788E13	187.0	78.0
5.50279E13	188.0	78.0
5.502791E13	188.0	78.0
5.502792E13	188.0	78.0
5.502793E13	188.0	78.0
5.502794E13	187.0	78.0
5.5027947E13	187.0	79.0
5.502796E13	187.0	78.0
5.502797E13	187.0	78.0
5.502798E13	187.0	78.0
5.502799E13	187.0	78.0
5.5027998E13	187.0	78.0
5.502801E13	187.0	78.0
5.502802E13	187.0	78.0
5.502803E13	187.0	78.0
5.502804E13	187.0	77.0
5.502805E13	187.0	78.0
5.502806E13	187.0	78.0
5.502807E13	187.0	78.0
5.502808E13	187.0	78.0
5.502809E13	187.0	79.0
5.50281E13	187.0	79.0
5.502811E13	187.0	78.0
5.502812E13	187.0	78.0
5.5028128E13	187.0	78.0
5.502814E13	187.0	78.0
5.502815E13	187.0	78.0
5.502816E13	187.0	78.0
5.502817E13	187.0	78.0
5.502818E13	187.0	78.0
5.502819E13	187.0	78.0
5.50282E13	187.0	78.0
5.502821E13	187.0	78.0
5.502822E13	187.0	78.0
5.502823E13	187.0	78.0
5.502824E13	187.0	78.0
5.502825E13	187.0	78.0
5.5028258E13	187.0	78.0
5.502827E13	187.0	78.0
5.502828E13	187.0	78.0
5.502829E13	187.0	78.0
5.50283E13	187.0	78.0
5.502831E13	187.0	78.0
5.502832E13	187.0	78.0
5.502833E13	187.0	78.0
5.502834E13	187.0	78.0
5.502835E13	187.0	78.0
5.502836E13	187.0	78.0
5.502837E13	187.0	78.0
5.502838E13	187.0	78.0
5.502839E13	187.0	78.0
5.50284E13	187.0	78.0
5.502842E13	187.0	78.0
5.502843E13	187.0	78.0
5.502844E13	187.0	78.0
5.502845E13	187.0	78.0
5.502846E13	187.0	78.0
5.502847E13	187.0	78.0
5.502848E13	187.0	78.0
5.502849E13	187.0	78.0
5.50285E13	187.0	78.0
5.502851E13	187.0	78.0
5.502852E13	187.0	78.0
5.502853E13	187.0	78.0
5.502854E13	187.0	78.0
5.502855E13	187.0	78.0
5.502856E13	187.0	78.0
5.5028572E13	187.0	78.0
5.502858E13	187.0	78.0
5.502859E13	187.0	78.0
5.50286E13	187.0	78.0
5.502861E13	187.0	79.0
5.502862E13	187.0	79.0
5.502863E13	187.0	78.0
5.502864E13	187.0	78.0
5.502865E13	186.0	78.0
5.502866E13	186.0	78.0
5.502867E13	186.0	78.0
5.502868E13	186.0	78.0
5.502869E13	186.0	78.0
5.5028702E13	186.0	78.0
5.502871E13	186.0	78.0
5.502872E13	186.0	78.0
5.502873E13	186.0	78.0
5.502874E13	186.0	78.0
5.502875E13	186.0	78.0
5.502876E13	186.0	78.0
5.502877E13	186.0	78.0
5.502878E13	186.0	78.0
5.502879E13	186.0	78.0
5.50288E13	186.0	78.0
5.502881E13	186.0	78.0
5.502882E13	185.0	78.0
5.5028832E13	185.0	78.0
5.502884E13	185.0	78.0
5.502885E13	185.0	78.0
5.502886E13	185.0	78.0
5.502887E13	185.0	78.0
5.502888E13	185.0	78.0
5.502889E13	185.0	78.0
5.50289E13	185.0	78.0
5.502891E13	185.0	78.0
5.502892E13	185.0	78.0
5.502893E13	185.0	78.0
5.502894E13	185.0	78.0
5.502895E13	185.0	78.0
5.5028962E13	185.0	78.0
5.502897E13	185.0	78.0
5.502898E13	185.0	78.0
5.502899E13	185.0	78.0
5.5029E13	185.0	78.0
5.502901E13	185.0	78.0
5.502902E13	185.0	78.0
5.502903E13	185.0	78.0
5.502904E13	185.0	78.0
5.502905E13	185.0	78.0
5.502906E13	185.0	78.0
5.502907E13	185.0	78.0
5.502908E13	185.0	79.0
5.5029092E13	185.0	79.0
5.50291E13	185.0	79.0
5.502911E13	185.0	79.0
5.502912E13	185.0	78.0
5.502913E13	186.0	78.0
5.5029143E13	186.0	78.0
5.502915E13	186.0	78.0
5.502916E13	186.0	78.0
5.502917E13	186.0	78.0
5.502918E13	186.0	78.0
5.502919E13	186.0	78.0
5.50292E13	186.0	79.0
5.502921E13	186.0	79.0
5.5029222E13	186.0	79.0
5.502923E13	186.0	79.0
5.502924E13	186.0	79.0
5.502925E13	186.0	79.0
5.502926E13	186.0	79.0
5.5029273E13	186.0	79.0
5.502928E13	186.0	79.0
5.502929E13	186.0	88.0
5.50293E13	186.0	79.0
5.502931E13	186.0	79.0
5.502932E13	186.0	79.0
5.502933E13	186.0	79.0
5.502934E13	186.0	79.0
5.5029352E13	186.0	79.0
5.502936E13	186.0	79.0
5.502937E13	186.0	79.0
5.502938E13	186.0	79.0
5.502939E13	186.0	78.0
5.5029403E13	186.0	78.0
5.502941E13	186.0	78.0
5.502942E13	186.0	78.0
5.502943E13	186.0	78.0
5.502944E13	186.0	79.0
5.5029453E13	186.0	78.0
5.502946E13	186.0	79.0
5.502947E13	185.0	79.0
5.5029482E13	185.0	79.0
5.502949E13	185.0	79.0
5.50295E13	185.0	79.0
5.502951E13	185.0	79.0
5.502952E13	185.0	79.0
5.5029533E13	185.0	79.0
5.502954E13	185.0	78.0
5.502955E13	185.0	78.0
5.5029566E13	185.0	78.0
5.502957E13	185.0	78.0
5.5029583E13	185.0	78.0
5.502959E13	185.0	78.0
5.50296E13	185.0	78.0
5.5029612E13	185.0	78.0
5.502962E13	185.0	79.0
5.502963E13	185.0	79.0
5.502964E13	185.0	79.0
5.502965E13	185.0	78.0
5.5029663E13	185.0	79.0
5.502967E13	185.0	79.0
5.502968E13	185.0	78.0
5.5029692E13	185.0	78.0
5.50297E13	185.0	79.0
5.5029713E13	185.0	79.0
5.502972E13	185.0	79.0
5.502973E13	185.0	79.0
5.5029742E13	185.0	79.0
5.502975E13	185.0	79.0
5.502976E13	185.0	79.0
5.502977E13	185.0	79.0
5.502978E13	185.0	79.0
5.5029793E13	185.0	79.0
5.50298E13	185.0	79.0
5.502981E13	185.0	79.0
5.5029822E13	185.0	79.0
5.502983E13	185.0	79.0
5.5029843E13	185.0	79.0
5.502985E13	185.0	79.0
5.502986E13	185.0	79.0
5.5029872E13	185.0	79.0
5.502988E13	185.0	79.0
5.5029893E13	185.0	79.0
5.50299E13	185.0	79.0
5.502991E13	185.0	79.0
5.5029923E13	185.0	79.0
5.502993E13	185.0	79.0
5.502994E13	185.0	79.0
5.5029952E13	185.0	79.0
5.502996E13	185.0	79.0
5.5029973E13	185.0	79.0
5.502998E13	185.0	79.0
5.502999E13	184.0	79.0
5.5030002E13	184.0	79.0
5.503001E13	184.0	79.0
5.503002E13	184.0	79.0
5.503003E13	184.0	79.0
5.503004E13	184.0	79.0
5.5030053E13	184.0	79.0
5.503006E13	184.0	79.0
5.503007E13	184.0	79.0
5.5030082E13	184.0	79.0
5.503009E13	184.0	79.0
5.5030103E13	184.0	79.0
5.503011E13	184.0	79.0
5.503012E13	184.0	79.0
5.5030133E13	184.0	79.0
5.503014E13	184.0	79.0
5.503015E13	184.0	79.0
5.503016E13	184.0	79.0
5.503017E13	184.0	78.0
5.5030183E13	184.0	79.0
5.503019E13	184.0	79.0
5.50302E13	184.0	79.0
5.5030212E13	184.0	79.0
5.503022E13	184.0	79.0
5.5030233E13	184.0	79.0
5.503024E13	184.0	79.0
5.503025E13	184.0	79.0
5.5030263E13	184.0	79.0
5.503027E13	184.0	79.0
5.5030284E13	184.0	79.0
5.503029E13	184.0	79.0
5.50303E13	184.0	79.0
5.5030313E13	184.0	79.0
5.503032E13	184.0	79.0
5.503033E13	183.0	79.0
5.5030342E13	183.0	79.0
5.503035E13	183.0	79.0
5.5030363E13	183.0	79.0
5.503037E13	183.0	79.0
5.503038E13	183.0	79.0
5.5030393E13	183.0	79.0
5.50304E13	183.0	79.0
5.5030414E13	183.0	79.0
5.503042E13	183.0	79.0
5.503043E13	183.0	79.0
5.5030443E13	183.0	79.0
5.503045E13	183.0	79.0
5.503046E13	183.0	79.0
5.5030472E13	183.0	79.0
5.503048E13	183.0	79.0
5.5030493E13	183.0	79.0
5.50305E13	183.0	79.0
5.5030523E13	183.0	79.0
5.503053E13	183.0	79.0
5.5030544E13	183.0	79.0
5.503055E13	183.0	79.0
5.503056E13	183.0	79.0
5.5030573E13	183.0	79.0
5.503058E13	183.0	79.0
5.5030594E13	183.0	79.0
5.5030602E13	183.0	79.0
5.503061E13	183.0	79.0
5.5030623E13	183.0	79.0
5.503063E13	183.0	79.0
5.5030644E13	183.0	79.0
5.5030653E13	183.0	79.0
5.503066E13	183.0	79.0
5.5030674E13	183.0	79.0
5.503068E13	183.0	79.0
5.5030695E13	183.0	79.0
5.5030703E13	183.0	79.0
5.5030716E13	183.0	79.0
5.5030724E13	183.0	79.0
5.5030732E13	183.0	79.0
5.503074E13	183.0	79.0
5.5030753E13	183.0	79.0
5.503076E13	183.0	79.0
5.5030774E13	183.0	79.0
5.5030783E13	183.0	79.0
5.503079E13	183.0	79.0
5.5030804E13	183.0	46.0
5.503081E13	183.0	46.0
5.503082E13	183.0	79.0
5.5030833E13	183.0	79.0
5.503084E13	183.0	79.0
5.5030854E13	183.0	79.0
5.5030862E13	183.0	79.0
5.503087E13	183.0	79.0
5.5030883E13	183.0	79.0
5.503089E13	183.0	79.0
5.5030904E13	183.0	79.0
5.5030913E13	183.0	79.0
5.503092E13	183.0	79.0
5.5030934E13	183.0	79.0
5.503094E13	183.0	79.0
5.503095E13	183.0	79.0
5.5030963E13	183.0	79.0
5.503097E13	183.0	79.0
5.5030984E13	183.0	79.0
5.5030992E13	183.0	78.0
5.5031E13	183.0	78.0
5.5031013E13	183.0	78.0
5.503102E13	183.0	79.0
5.5031034E13	183.0	79.0
5.5031043E13	184.0	79.0
5.503105E13	184.0	79.0
5.5031064E13	184.0	79.0
5.503107E13	184.0	79.0
5.503108E13	184.0	79.0
5.5031093E13	184.0	79.0
5.50311E13	184.0	79.0
5.5031114E13	185.0	79.0
5.5031122E13	185.0	79.0
5.503113E13	185.0	79.0
5.5031143E13	185.0	79.0
5.503115E13	185.0	78.0
5.5031164E13	185.0	78.0
5.5031173E13	185.0	79.0
5.503118E13	185.0	79.0
5.5031194E13	185.0	79.0
5.50312E13	185.0	79.0
5.5031215E13	185.0	79.0
5.5031223E13	185.0	79.0
5.503123E13	186.0	79.0
5.5031244E13	186.0	78.0
5.5031252E13	186.0	78.0
5.503126E13	186.0	78.0
5.5031273E13	186.0	78.0
5.503128E13	186.0	78.0
5.5031294E13	186.0	78.0
5.5031303E13	186.0	78.0
5.503131E13	186.0	78.0
5.5031324E13	186.0	78.0
5.503133E13	187.0	79.0
5.503134E13	187.0	79.0
5.5031353E13	187.0	78.0
5.503136E13	187.0	78.0
5.5031374E13	187.0	78.0
5.5031382E13	187.0	78.0
5.503139E13	187.0	78.0
5.5031403E13	187.0	78.0
5.503141E13	187.0	78.0
5.5031424E13	187.0	79.0
5.5031433E13	187.0	79.0
5.503144E13	187.0	78.0
5.5031454E13	187.0	78.0
5.5031462E13	187.0	78.0
5.5031475E13	187.0	78.0
5.5031483E13	187.0	78.0
5.503149E13	187.0	78.0
5.5031504E13	187.0	78.0
5.5031512E13	187.0	78.0
5.503152E13	187.0	78.0
5.5031533E13	187.0	78.0
5.503154E13	187.0	78.0
5.5031554E13	187.0	78.0
5.5031563E13	186.0	78.0
5.503157E13	186.0	78.0
5.5031584E13	186.0	78.0
5.5031592E13	186.0	78.0
5.5031605E13	186.0	78.0
5.5031613E13	186.0	78.0
5.503162E13	186.0	78.0
5.5031634E13	186.0	78.0
5.5031642E13	186.0	78.0
5.503165E13	186.0	79.0
5.5031663E13	186.0	79.0
5.503167E13	186.0	79.0
5.5031684E13	186.0	79.0
5.5031693E13	186.0	79.0
5.50317E13	186.0	79.0
5.5031714E13	186.0	79.0
5.5031722E13	186.0	79.0
5.5031735E13	186.0	79.0
5.5031743E13	186.0	79.0
5.503175E13	186.0	79.0
5.5031764E13	186.0	79.0
5.5031772E13	186.0	79.0
5.5031785E13	186.0	79.0
5.5031793E13	186.0	79.0
5.50318E13	186.0	79.0
5.5031814E13	186.0	79.0
5.5031823E13	186.0	79.0
5.503183E13	186.0	79.0
5.5031844E13	186.0	78.0
5.5031852E13	186.0	78.0
5.5031865E13	186.0	79.0
5.5031873E13	186.0	79.0
5.503188E13	186.0	79.0
5.5031894E13	186.0	79.0
5.5031903E13	186.0	79.0
5.5031915E13	186.0	79.0
5.5031923E13	186.0	79.0
5.503193E13	186.0	79.0
5.5031944E13	186.0	78.0
5.5031953E13	186.0	78.0
5.503196E13	186.0	78.0
5.5031974E13	185.0	78.0
5.5031982E13	185.0	79.0
5.5031995E13	185.0	79.0
5.5032003E13	185.0	79.0
5.503201E13	186.0	79.0
5.5032024E13	186.0	80.0
5.5032033E13	186.0	80.0
5.5032045E13	186.0	80.0
5.5032053E13	186.0	80.0
5.503206E13	186.0	80.0
5.5032074E13	186.0	79.0
5.5032083E13	186.0	78.0
5.5032095E13	186.0	78.0
5.5032104E13	186.0	78.0
5.5032112E13	186.0	78.0
5.5032125E13	186.0	78.0
5.5032133E13	186.0	78.0
5.503214E13	186.0	78.0
5.5032154E13	186.0	78.0
5.5032163E13	186.0	78.0
5.5032175E13	186.0	79.0
5.5032184E13	186.0	79.0
5.503219E13	186.0	79.0
5.5032204E13	187.0	79.0
5.5032213E13	187.0	79.0
5.5032225E13	187.0	79.0
5.5032234E13	187.0	79.0
5.5032242E13	187.0	79.0
5.5032255E13	187.0	79.0
5.5032263E13	187.0	79.0
5.503227E13	187.0	79.0
5.5032284E13	187.0	79.0
5.5032293E13	187.0	79.0
5.5032305E13	187.0	79.0
5.5032314E13	187.0	79.0
5.503232E13	187.0	79.0
5.5032335E13	187.0	79.0
5.5032343E13	187.0	79.0
5.5032355E13	187.0	79.0
5.5032364E13	187.0	79.0
5.5032372E13	187.0	79.0
5.5032385E13	187.0	79.0
5.5032393E13	187.0	79.0
5.5032406E13	187.0	79.0
5.5032414E13	187.0	79.0
5.5032423E13	187.0	79.0
5.5032435E13	187.0	79.0
5.5032444E13	187.0	79.0
5.503245E13	187.0	79.0
5.5032465E13	187.0	79.0
5.5032473E13	187.0	79.0
5.5032486E13	187.0	79.0
5.5032494E13	187.0	79.0
5.5032502E13	187.0	79.0
5.5032515E13	187.0	79.0
5.5032523E13	187.0	78.0
5.5032536E13	187.0	79.0
5.5032544E13	187.0	79.0
5.5032553E13	187.0	79.0
5.5032565E13	187.0	79.0
5.5032574E13	187.0	79.0
5.503258E13	187.0	79.0
5.5032595E13	187.0	79.0
5.5032603E13	187.0	79.0
5.5032616E13	187.0	79.0
5.5032624E13	187.0	79.0
5.5032632E13	187.0	79.0
5.5032645E13	187.0	79.0
5.5032653E13	187.0	79.0
5.5032666E13	187.0	79.0
5.5032674E13	187.0	79.0
5.5032683E13	187.0	79.0
5.5032695E13	187.0	79.0
5.5032704E13	187.0	79.0
5.503271E13	187.0	79.0
5.5032725E13	187.0	79.0
5.5032733E13	187.0	79.0
5.5032746E13	187.0	79.0
5.5032754E13	187.0	79.0
5.5032762E13	187.0	78.0
5.5032775E13	187.0	78.0
5.5032783E13	187.0	78.0
5.5032796E13	187.0	79.0
5.5032804E13	187.0	79.0
5.5032813E13	187.0	79.0
5.5032825E13	187.0	79.0
5.5032834E13	187.0	79.0
5.5032846E13	187.0	79.0
5.5032855E13	187.0	79.0
5.5032863E13	187.0	79.0
5.5032876E13	187.0	46.0
5.5032884E13	187.0	80.0
5.5032892E13	187.0	80.0
5.5032905E13	187.0	80.0
5.5032913E13	187.0	80.0
5.5032926E13	187.0	80.0
5.5032934E13	187.0	79.0
5.5032943E13	187.0	79.0
5.5032955E13	187.0	79.0
5.5032964E13	187.0	79.0
5.5032985E13	187.0	78.0
5.5032993E13	187.0	78.0
5.5033006E13	187.0	78.0
5.5033014E13	187.0	78.0
5.5033022E13	187.0	78.0
5.5033035E13	187.0	79.0
5.5033043E13	187.0	79.0
5.5033056E13	187.0	79.0
5.5033064E13	187.0	79.0
5.5033073E13	187.0	79.0
5.5033085E13	187.0	79.0
5.5033094E13	187.0	79.0
5.5033106E13	187.0	79.0
5.5033115E13	187.0	79.0
5.5033123E13	187.0	79.0
5.5033136E13	187.0	79.0
5.5033144E13	187.0	79.0
5.5033152E13	187.0	79.0
5.5033165E13	187.0	79.0
5.5033173E13	187.0	79.0
5.5033186E13	187.0	79.0
5.5033194E13	187.0	79.0
5.5033203E13	187.0	79.0
5.5033215E13	186.0	79.0
5.5033224E13	186.0	79.0
5.5033236E13	186.0	79.0
5.5033245E13	186.0	79.0
5.5033253E13	186.0	79.0
5.5033266E13	186.0	79.0
5.5033274E13	186.0	79.0
5.5033282E13	186.0	79.0
5.5033295E13	186.0	79.0
5.5033303E13	186.0	79.0
5.5033316E13	186.0	79.0
5.5033324E13	186.0	79.0
5.5033333E13	186.0	79.0
5.5033345E13	186.0	79.0
5.5033354E13	186.0	79.0
5.5033366E13	186.0	79.0
5.5033375E13	186.0	79.0
5.5033383E13	186.0	79.0
5.5033396E13	186.0	79.0
5.5033404E13	185.0	79.0
5.5033417E13	185.0	79.0
5.5033425E13	185.0	79.0
5.5033433E13	185.0	79.0
5.5033446E13	185.0	79.0
5.5033454E13	185.0	79.0
5.5033463E13	185.0	79.0
5.5033475E13	185.0	79.0
5.5033484E13	185.0	79.0
5.5033496E13	185.0	79.0
5.5033505E13	185.0	79.0
5.5033513E13	185.0	79.0
5.5033526E13	185.0	79.0
5.5033534E13	185.0	79.0
5.5033547E13	185.0	79.0
5.5033555E13	185.0	79.0
5.5033563E13	185.0	79.0
5.5033576E13	185.0	79.0
5.5033584E13	185.0	79.0
5.5033593E13	185.0	79.0
5.5033605E13	185.0	79.0
5.5033614E13	185.0	79.0
5.5033626E13	185.0	79.0
5.5033635E13	185.0	79.0
5.5033643E13	185.0	79.0
5.5033656E13	185.0	79.0
5.5033664E13	185.0	79.0
5.5033677E13	185.0	79.0
5.5033685E13	185.0	79.0
5.5033693E13	185.0	79.0
5.5033706E13	185.0	79.0
5.5033714E13	185.0	79.0
5.5033727E13	185.0	79.0
5.5033735E13	185.0	79.0
5.5033744E13	185.0	79.0
5.5033756E13	185.0	79.0
5.5033765E13	185.0	79.0
5.5033773E13	185.0	79.0
5.5033786E13	185.0	79.0
5.5033794E13	185.0	79.0
5.5033807E13	185.0	79.0
5.5033815E13	185.0	79.0
5.5033823E13	185.0	79.0
5.5033836E13	185.0	79.0
5.5033844E13	185.0	79.0
5.5033857E13	185.0	79.0
5.5033865E13	185.0	79.0
5.5033874E13	185.0	79.0
5.5033886E13	185.0	79.0
5.5033895E13	185.0	79.0
5.5033903E13	185.0	79.0
5.5033916E13	185.0	78.0
5.5033924E13	185.0	78.0
5.5033937E13	185.0	78.0
5.5033945E13	185.0	79.0
5.5033954E13	185.0	79.0
5.5033966E13	185.0	79.0
5.5033974E13	185.0	79.0
5.5033987E13	185.0	79.0
5.5033995E13	185.0	79.0
5.5034004E13	185.0	79.0
5.5034016E13	185.0	79.0
5.5034025E13	185.0	79.0
5.5034037E13	185.0	79.0
5.5034046E13	185.0	79.0
5.5034054E13	185.0	79.0
5.5034067E13	185.0	79.0
5.5034075E13	185.0	79.0
5.5034084E13	185.0	79.0
5.5034096E13	185.0	79.0
5.5034105E13	185.0	79.0
5.5034117E13	185.0	79.0
5.5034125E13	185.0	79.0
5.5034134E13	185.0	79.0
5.5034146E13	184.0	79.0
5.5034155E13	184.0	79.0
5.5034167E13	184.0	79.0
5.5034176E13	184.0	79.0
5.5034184E13	185.0	79.0
5.5034197E13	185.0	79.0
5.5034205E13	185.0	79.0
5.5034214E13	185.0	79.0
5.5034226E13	185.0	79.0
5.5034235E13	185.0	79.0
5.5034247E13	185.0	79.0
5.5034256E13	185.0	79.0
5.5034264E13	185.0	79.0
5.5034276E13	185.0	79.0
5.5034285E13	185.0	79.0
5.5034297E13	185.0	79.0
5.5034306E13	185.0	79.0
5.5034314E13	185.0	79.0
5.5034327E13	185.0	79.0
5.5034335E13	184.0	79.0
5.5034344E13	184.0	79.0
5.5034356E13	184.0	79.0
5.5034365E13	184.0	79.0
5.5034377E13	184.0	79.0
5.5034386E13	184.0	79.0
5.5034394E13	184.0	79.0
5.5034407E13	184.0	79.0
5.5034415E13	184.0	79.0
5.5034427E13	184.0	79.0
5.5034436E13	184.0	79.0
5.5034444E13	184.0	79.0
5.5034457E13	184.0	79.0
5.5034465E13	184.0	79.0
5.5034478E13	184.0	79.0
5.5034486E13	184.0	79.0
5.5034495E13	184.0	79.0
5.5034507E13	184.0	79.0
5.5034516E13	184.0	79.0
5.5034524E13	184.0	79.0
5.5034537E13	184.0	79.0
5.5034545E13	184.0	79.0
5.5034557E13	184.0	79.0
5.5034566E13	184.0	79.0
5.5034574E13	184.0	79.0
5.5034587E13	184.0	79.0
5.5034595E13	184.0	79.0
5.5034608E13	184.0	79.0
5.5034616E13	184.0	79.0
5.5034625E13	184.0	79.0
5.5034637E13	184.0	79.0
5.5034646E13	184.0	79.0
5.5034654E13	184.0	79.0
5.5034667E13	184.0	79.0
5.5034675E13	184.0	79.0
5.5034688E13	184.0	79.0
5.5034696E13	184.0	80.0
5.5034704E13	184.0	80.0
5.5034717E13	184.0	80.0
5.5034725E13	184.0	80.0
5.5034738E13	184.0	80.0
5.5034746E13	184.0	80.0
5.5034755E13	184.0	80.0
5.5034767E13	184.0	79.0
5.5034776E13	184.0	79.0
5.503479E13	184.0	79.0
5.5034797E13	184.0	79.0
5.5034805E13	184.0	79.0
5.5034818E13	184.0	79.0
5.5034826E13	184.0	79.0
5.5034834E13	184.0	79.0
5.5034847E13	184.0	79.0
5.5034855E13	184.0	79.0
5.5034868E13	184.0	79.0
5.5034876E13	184.0	79.0
5.5034885E13	184.0	79.0
5.5034897E13	184.0	79.0
5.5034906E13	184.0	79.0
5.503492E13	184.0	79.0
5.5034927E13	184.0	79.0
5.5034935E13	184.0	79.0
5.5034948E13	184.0	79.0
5.5034956E13	184.0	79.0
5.5034964E13	184.0	79.0
5.5034977E13	184.0	79.0
5.5034985E13	184.0	79.0
5.5034998E13	184.0	79.0
5.5035006E13	184.0	79.0
5.5035015E13	184.0	79.0
5.5035027E13	184.0	79.0
5.5035036E13	184.0	80.0
5.503505E13	184.0	80.0
5.5035057E13	184.0	79.0
5.5035065E13	184.0	79.0
5.5035078E13	184.0	79.0
5.5035086E13	184.0	79.0
5.5035094E13	184.0	79.0
5.5035107E13	184.0	80.0
5.5035115E13	184.0	80.0
5.503513E13	184.0	80.0
5.5035136E13	184.0	80.0
5.5035145E13	184.0	80.0
5.5035157E13	184.0	79.0
5.5035166E13	184.0	79.0
5.503518E13	184.0	79.0
5.5035187E13	184.0	79.0
5.5035195E13	184.0	79.0
5.5035208E13	184.0	79.0
5.5035216E13	184.0	79.0
5.503523E13	184.0	79.0
5.5035237E13	184.0	79.0
5.5035245E13	184.0	79.0
5.503526E13	184.0	79.0
5.5035266E13	184.0	79.0
5.5035275E13	184.0	79.0
5.5035287E13	184.0	80.0
5.5035296E13	184.0	80.0
5.503531E13	184.0	80.0
5.5035317E13	184.0	79.0
5.5035325E13	184.0	79.0
5.5035338E13	184.0	79.0
5.5035346E13	184.0	79.0
5.503536E13	184.0	79.0
5.5035367E13	184.0	79.0
5.5035375E13	184.0	79.0
5.503539E13	184.0	79.0
5.5035396E13	184.0	79.0
5.5035405E13	184.0	79.0
5.5035417E13	184.0	79.0
5.5035426E13	184.0	79.0
5.503544E13	184.0	79.0
5.5035447E13	184.0	79.0
5.5035455E13	184.0	79.0
5.5035468E13	184.0	79.0
5.5035476E13	184.0	79.0
5.503549E13	184.0	79.0
5.5035497E13	184.0	79.0
5.5035505E13	184.0	79.0
5.503552E13	184.0	79.0
5.5035526E13	184.0	79.0
5.503554E13	184.0	80.0
5.5035547E13	184.0	80.0
5.5035556E13	184.0	80.0
5.503557E13	184.0	80.0
5.5035577E13	184.0	80.0
5.5035585E13	184.0	79.0
5.5035598E13	184.0	79.0
5.5035606E13	184.0	79.0
5.503562E13	184.0	79.0
5.5035627E13	184.0	79.0
5.5035635E13	184.0	79.0
5.503565E13	184.0	79.0
5.5035656E13	184.0	79.0
5.503567E13	184.0	79.0
5.5035677E13	184.0	79.0
5.5035686E13	184.0	79.0
5.50357E13	184.0	79.0
5.5035707E13	184.0	79.0
5.5035715E13	184.0	80.0
5.5035728E13	184.0	80.0
5.5035736E13	184.0	80.0
5.503575E13	184.0	80.0
5.5035757E13	184.0	80.0
5.5035765E13	184.0	80.0
5.503578E13	184.0	79.0
5.5035786E13	184.0	79.0
5.50358E13	184.0	79.0
5.5035807E13	184.0	79.0
5.5035816E13	184.0	79.0
5.503583E13	184.0	79.0
5.5035837E13	184.0	79.0
5.5035845E13	184.0	79.0
5.5035858E13	184.0	79.0
5.5035866E13	184.0	79.0
5.503588E13	184.0	79.0
5.5035887E13	184.0	79.0
5.5035895E13	184.0	79.0
5.503591E13	184.0	79.0
5.5035916E13	184.0	79.0
5.503593E13	184.0	79.0
5.5035937E13	184.0	79.0
5.5035946E13	184.0	79.0
5.503596E13	184.0	80.0
5.5035967E13	184.0	79.0
5.5035975E13	184.0	79.0
5.5035988E13	184.0	79.0
5.5035996E13	184.0	79.0
5.503601E13	183.0	79.0
5.5036017E13	183.0	79.0
5.5036026E13	183.0	79.0
5.503604E13	183.0	79.0
5.5036046E13	183.0	79.0
5.503606E13	183.0	79.0
5.5036067E13	183.0	79.0
5.5036076E13	183.0	79.0
5.503609E13	183.0	79.0
5.5036097E13	183.0	79.0
5.5036105E13	183.0	79.0
5.5036118E13	183.0	79.0
5.5036126E13	183.0	79.0
5.503614E13	183.0	79.0
5.5036147E13	183.0	79.0
5.5036156E13	183.0	79.0
5.503617E13	183.0	79.0
5.5036176E13	183.0	80.0
5.503619E13	183.0	80.0
5.5036197E13	183.0	80.0
5.5036206E13	183.0	79.0
5.503622E13	183.0	79.0
5.5036227E13	183.0	79.0
5.503624E13	183.0	79.0
5.5036248E13	183.0	79.0
5.5036256E13	183.0	79.0
5.503627E13	183.0	79.0
5.5036277E13	183.0	79.0
5.5036286E13	183.0	79.0
5.50363E13	183.0	79.0
5.5036307E13	183.0	79.0
5.503632E13	183.0	79.0
5.5036327E13	183.0	79.0
5.5036336E13	183.0	79.0
5.503635E13	183.0	79.0
5.5036357E13	184.0	79.0
5.503637E13	184.0	79.0
5.5036378E13	184.0	80.0
5.5036386E13	184.0	80.0
5.50364E13	184.0	79.0
5.5036407E13	184.0	79.0
5.5036416E13	184.0	79.0
5.503643E13	184.0	79.0
5.5036437E13	184.0	79.0
5.503645E13	184.0	79.0
5.5036458E13	184.0	79.0
5.5036466E13	184.0	79.0
5.503648E13	184.0	79.0
5.5036487E13	184.0	79.0
5.50365E13	184.0	79.0
5.5036508E13	184.0	79.0
5.5036516E13	184.0	79.0
5.503653E13	184.0	79.0
5.5036537E13	184.0	79.0
5.5036546E13	184.0	79.0
5.503656E13	184.0	79.0
5.5036567E13	184.0	79.0
5.5036596E13	184.0	79.0
5.503661E13	184.0	79.0
5.5036617E13	184.0	79.0
5.503663E13	184.0	79.0
5.5036638E13	184.0	79.0
5.5036646E13	184.0	79.0
5.503666E13	185.0	79.0
5.5036667E13	185.0	79.0
5.503668E13	185.0	79.0
5.503669E13	185.0	79.0
5.5036697E13	185.0	79.0
5.503671E13	185.0	79.0
5.5036718E13	185.0	79.0
5.5036726E13	185.0	79.0
5.503674E13	185.0	79.0
5.5036747E13	185.0	79.0
5.503676E13	185.0	79.0
5.5036768E13	185.0	79.0
5.5036776E13	185.0	79.0
5.503679E13	185.0	79.0
5.5036797E13	185.0	79.0
5.503681E13	185.0	79.0
5.503682E13	185.0	79.0
5.5036827E13	185.0	79.0
5.503684E13	185.0	79.0
5.5036848E13	185.0	79.0
5.5036856E13	185.0	79.0
5.503687E13	185.0	79.0
5.5036877E13	185.0	79.0
5.503689E13	185.0	79.0
5.50369E13	185.0	79.0
5.5036906E13	185.0	79.0
5.503692E13	185.0	79.0
5.5036927E13	185.0	79.0
5.503694E13	185.0	79.0
5.503695E13	185.0	79.0
5.5036957E13	185.0	79.0
5.503697E13	185.0	79.0
5.5036978E13	185.0	79.0
5.5036986E13	185.0	79.0
5.5037E13	185.0	79.0
5.5037007E13	185.0	79.0
5.503702E13	185.0	79.0
5.503703E13	185.0	79.0
5.5037036E13	185.0	79.0
5.503705E13	185.0	79.0
5.5037057E13	185.0	79.0
5.503707E13	185.0	79.0
5.503708E13	185.0	79.0
5.5037087E13	185.0	79.0
5.50371E13	185.0	79.0
5.5037108E13	185.0	79.0
5.503712E13	185.0	79.0
5.503713E13	185.0	79.0
5.5037137E13	185.0	79.0
5.503715E13	185.0	79.0
5.503716E13	185.0	79.0
5.5037166E13	185.0	79.0
5.503718E13	185.0	79.0
5.5037187E13	185.0	79.0
5.50372E13	185.0	79.0
5.503721E13	185.0	79.0
5.5037217E13	185.0	79.0
5.503723E13	185.0	78.0
5.5037238E13	185.0	78.0
5.503725E13	185.0	78.0
5.503726E13	185.0	78.0
5.5037267E13	185.0	78.0
5.503728E13	185.0	79.0
5.503729E13	186.0	79.0
5.50373E13	186.0	79.0
5.503731E13	186.0	79.0
5.5037317E13	186.0	79.0
5.503733E13	186.0	79.0
5.503734E13	186.0	78.0
5.5037347E13	186.0	78.0
5.503736E13	186.0	79.0
5.5037368E13	185.0	79.0
5.503738E13	185.0	79.0
5.503739E13	185.0	79.0
5.5037397E13	185.0	79.0
5.503741E13	186.0	79.0
5.503742E13	186.0	79.0
5.503743E13	186.0	79.0
5.503744E13	185.0	79.0
5.5037447E13	185.0	79.0
5.503746E13	185.0	78.0
5.503747E13	185.0	78.0
5.5037477E13	185.0	78.0
5.503749E13	185.0	78.0
5.5037498E13	185.0	79.0
5.503751E13	185.0	79.0
5.503752E13	185.0	79.0
5.5037527E13	185.0	79.0
5.503754E13	185.0	79.0
5.503755E13	185.0	79.0
5.503756E13	185.0	79.0
5.503757E13	185.0	79.0
5.5037577E13	185.0	79.0
5.503759E13	185.0	78.0
5.50376E13	185.0	78.0
5.5037607E13	185.0	79.0
5.503762E13	185.0	79.0
5.5037628E13	185.0	79.0
5.503764E13	185.0	79.0
5.503765E13	185.0	79.0
5.5037657E13	185.0	79.0
5.503767E13	185.0	79.0
5.503768E13	185.0	79.0
5.503769E13	185.0	79.0
5.5037707E13	185.0	79.0
5.503772E13	185.0	79.0
5.503773E13	185.0	79.0
5.503774E13	185.0	79.0
5.503775E13	185.0	79.0
5.5037758E13	185.0	79.0
5.503777E13	185.0	79.0
5.503778E13	184.0	79.0
5.5037787E13	184.0	79.0
5.50378E13	184.0	79.0
5.503781E13	184.0	79.0
5.503782E13	184.0	79.0
5.503783E13	184.0	79.0
5.5037837E13	184.0	79.0
5.503785E13	184.0	79.0
5.503786E13	184.0	79.0
5.503787E13	184.0	79.0
5.503788E13	184.0	79.0
5.5037888E13	184.0	79.0
5.50379E13	184.0	79.0
5.503791E13	184.0	79.0
5.5037917E13	184.0	79.0
5.503793E13	184.0	79.0
5.503794E13	184.0	79.0
5.503795E13	184.0	79.0
5.503796E13	184.0	79.0
5.5037967E13	184.0	79.0
5.503798E13	184.0	79.0
5.503799E13	184.0	79.0
5.5038E13	184.0	79.0
5.503801E13	184.0	79.0
5.5038018E13	184.0	79.0
5.503803E13	184.0	79.0
5.503804E13	184.0	79.0
5.5038047E13	184.0	79.0
5.503806E13	184.0	79.0
5.503807E13	184.0	79.0
5.503808E13	184.0	79.0
5.503809E13	184.0	79.0
5.5038097E13	184.0	79.0
5.503811E13	184.0	79.0
5.503812E13	184.0	79.0
5.503813E13	184.0	79.0
5.503814E13	184.0	79.0
5.5038148E13	183.0	79.0
5.503816E13	183.0	79.0
5.503817E13	183.0	79.0
5.503818E13	183.0	79.0
5.503819E13	183.0	79.0
5.50382E13	183.0	79.0
5.503821E13	183.0	79.0
5.503822E13	183.0	79.0
5.5038228E13	183.0	80.0
5.503824E13	183.0	80.0
5.503826E13	183.0	79.0
5.5038278E13	183.0	79.0
5.503829E13	183.0	79.0
5.50383E13	183.0	79.0
5.503831E13	183.0	80.0
5.503832E13	183.0	80.0
5.503833E13	183.0	80.0
5.503834E13	183.0	80.0
5.503835E13	183.0	80.0
5.5038358E13	183.0	80.0
5.503837E13	183.0	80.0
5.503838E13	183.0	79.0
5.503839E13	183.0	79.0
5.50384E13	183.0	79.0
5.5038408E13	183.0	79.0
5.503842E13	183.0	79.0
5.503843E13	183.0	79.0
5.503844E13	183.0	79.0
5.503845E13	183.0	79.0
5.503846E13	183.0	79.0
5.503847E13	183.0	79.0
5.503848E13	183.0	79.0
5.503849E13	183.0	79.0
5.50385E13	183.0	79.0
5.503851E13	183.0	79.0
5.503852E13	183.0	79.0
5.503853E13	183.0	79.0
5.5038538E13	183.0	79.0
5.503855E13	183.0	79.0
5.503856E13	183.0	79.0
5.503857E13	183.0	79.0
5.503858E13	183.0	79.0
5.503859E13	183.0	79.0
5.50386E13	183.0	79.0
5.503861E13	183.0	80.0
5.5038618E13	183.0	80.0
5.503864E13	183.0	80.0
5.503863E13	183.0	80.0
5.503865E13	183.0	88.0
5.503866E13	183.0	79.0
5.503867E13	183.0	79.0
5.503869E13	183.0	79.0
5.503868E13	183.0	79.0
5.503871E13	183.0	79.0
5.503872E13	183.0	79.0
5.50387E13	183.0	79.0
5.503873E13	183.0	79.0
5.503874E13	183.0	80.0
5.503875E13	183.0	80.0
5.503876E13	183.0	80.0
5.503877E13	183.0	80.0
5.503878E13	183.0	88.0
5.503879E13	183.0	88.0
5.50388E13	183.0	88.0
5.503881E13	183.0	88.0
5.5038827E13	183.0	88.0
5.503885E13	183.0	88.0
5.503887E13	183.0	88.0
5.5038878E13	183.0	88.0
5.50389E13	183.0	88.0
5.503891E13	183.0	88.0
5.503892E13	183.0	79.0
5.503893E13	183.0	88.0
5.503894E13	183.0	88.0
5.503895E13	183.0	88.0
5.503896E13	183.0	88.0
5.503897E13	183.0	79.0
5.503898E13	183.0	88.0
5.503899E13	183.0	79.0
5.5039E13	183.0	88.0
5.503901E13	183.0	80.0
5.503902E13	183.0	88.0
5.503903E13	183.0	88.0
5.503904E13	183.0	88.0
5.503905E13	184.0	79.0
5.503906E13	184.0	88.0
5.503907E13	184.0	79.0
5.503908E13	184.0	79.0
5.503909E13	184.0	79.0
5.50391E13	184.0	88.0
5.503911E13	184.0	88.0
5.503912E13	184.0	88.0
5.503913E13	184.0	80.0
5.503914E13	184.0	80.0
5.503915E13	184.0	79.0
5.503916E13	183.0	79.0
5.503917E13	183.0	79.0
5.503918E13	183.0	88.0
5.503919E13	183.0	88.0
5.50392E13	183.0	88.0
5.503921E13	183.0	88.0
5.503922E13	183.0	79.0
5.503923E13	183.0	88.0
5.503924E13	184.0	88.0
5.503925E13	184.0	88.0
5.503926E13	184.0	88.0
5.503927E13	184.0	80.0
5.503928E13	183.0	88.0
5.503929E13	183.0	88.0
5.50393E13	183.0	88.0
5.503931E13	183.0	88.0
5.5039322E13	183.0	88.0
5.503933E13	183.0	88.0
5.503934E13	183.0	80.0
5.503935E13	183.0	80.0
5.503936E13	183.0	80.0
5.503937E13	183.0	80.0
5.503938E13	183.0	80.0
5.503939E13	183.0	79.0
5.50394E13	183.0	79.0
5.503941E13	183.0	79.0
5.503942E13	183.0	79.0
5.503943E13	183.0	79.0
5.503944E13	183.0	79.0
5.5039452E13	183.0	79.0
5.503946E13	183.0	79.0
5.503947E13	183.0	79.0
5.503948E13	183.0	79.0
5.503949E13	183.0	80.0
5.50395E13	184.0	80.0
5.503951E13	184.0	80.0
5.503952E13	184.0	80.0
5.503953E13	184.0	88.0
5.503954E13	184.0	88.0
5.503955E13	184.0	88.0
5.503956E13	184.0	88.0
5.503957E13	184.0	79.0
5.5039582E13	184.0	79.0
5.503959E13	184.0	79.0
5.50396E13	184.0	79.0
5.503961E13	184.0	79.0
5.503962E13	184.0	79.0
5.503963E13	184.0	80.0
5.503964E13	184.0	80.0
5.503965E13	184.0	80.0
5.503966E13	184.0	80.0
5.503967E13	184.0	80.0
5.503968E13	184.0	80.0
5.503969E13	184.0	79.0
5.50397E13	184.0	79.0
5.5039712E13	184.0	79.0
5.503972E13	184.0	79.0
5.503973E13	184.0	79.0
5.503974E13	184.0	79.0
5.503975E13	184.0	79.0
5.503976E13	184.0	79.0
5.503977E13	184.0	79.0
5.503978E13	184.0	79.0
5.503979E13	184.0	79.0
5.50398E13	184.0	79.0
5.503981E13	184.0	79.0
5.503982E13	184.0	79.0
5.503983E13	184.0	79.0
5.5039842E13	184.0	79.0
5.503985E13	184.0	79.0
5.503986E13	184.0	79.0
5.503987E13	184.0	79.0
5.503988E13	184.0	79.0
5.5039893E13	184.0	79.0
5.50399E13	184.0	79.0
5.503991E13	184.0	79.0
5.503992E13	184.0	79.0
5.503993E13	184.0	79.0
5.503994E13	184.0	79.0
5.503995E13	184.0	79.0
5.503996E13	184.0	79.0
5.5039972E13	184.0	79.0
5.503998E13	184.0	79.0
5.503999E13	184.0	79.0
5.504E13	184.0	79.0
5.504001E13	184.0	79.0
5.5040023E13	184.0	79.0
5.504003E13	184.0	79.0
5.504004E13	184.0	79.0
5.504005E13	184.0	79.0
5.504006E13	185.0	79.0
5.5040073E13	185.0	79.0
5.504008E13	185.0	79.0
5.504009E13	185.0	79.0
5.5040102E13	184.0	79.0
5.504011E13	184.0	79.0
5.504012E13	184.0	79.0
5.504013E13	184.0	79.0
5.504014E13	184.0	79.0
5.5040153E13	184.0	79.0
5.504016E13	184.0	79.0
5.504017E13	184.0	79.0
5.504018E13	184.0	79.0
5.504019E13	184.0	79.0
5.5040203E13	184.0	79.0
5.504021E13	184.0	79.0
5.504022E13	184.0	79.0
5.5040232E13	184.0	79.0
5.504024E13	184.0	79.0
5.504025E13	184.0	79.0
5.504026E13	184.0	79.0
5.504027E13	184.0	79.0
5.5040283E13	184.0	79.0
5.504029E13	184.0	79.0
5.50403E13	184.0	79.0
5.504031E13	184.0	79.0
5.504032E13	184.0	79.0
5.5040333E13	184.0	79.0
5.504034E13	184.0	80.0
5.504035E13	184.0	80.0
5.5040362E13	184.0	80.0
5.504037E13	184.0	80.0
5.504038E13	184.0	80.0
5.504039E13	184.0	80.0
5.50404E13	184.0	79.0
5.5040413E13	184.0	79.0
5.504042E13	184.0	79.0
5.5040434E13	184.0	79.0
5.5040442E13	184.0	79.0
5.504045E13	184.0	79.0
5.5040463E13	184.0	79.0
5.504047E13	184.0	79.0
5.504048E13	184.0	79.0
5.5040492E13	184.0	79.0
5.50405E13	184.0	79.0
5.5040513E13	185.0	79.0
5.504052E13	185.0	79.0
5.504053E13	185.0	79.0
5.5040543E13	185.0	79.0
5.504055E13	184.0	79.0
5.504056E13	184.0	79.0
5.5040572E13	184.0	79.0
5.504058E13	184.0	79.0
5.5040593E13	184.0	79.0
5.50406E13	184.0	79.0
